.PEN_DOWN
1 1 1
1 2 1
1 3 1
2 4 1
3 5 1
3 6 1
4 7 1
4 8 1
5 9 1
6 10 1
6 11 1
7 12 1
7 13 1
8 14 1
8 15 1
9 16 1
10 17 1
11 18 1
11 19 1
12 20 1
13 21 1
14 22 1
15 23 1
16 24 1
17 25 1
18 25 1
19 26 1
20 27 1
21 27 1
22 27 1
23 27 1
24 27 1
25 27 1
26 27 1
27 27 1
28 26 1
29 25 1
30 24 1
31 23 1
32 22 1
33 21 1
34 20 1
35 20 1
37 21 1
38 22 1
38 23 1
39 24 1
40 25 1
41 26 1
42 26 1
43 27 1
44 27 1
45 27 1
46 28 1
47 28 1
48 28 1
49 28 1
50 28 1
51 28 1
52 28 1
53 28 1
54 28 1
55 28 1
56 28 1
57 29 1
58 30 1
59 31 1
60 32 1
62 32 1
63 33 1
64 34 1
65 34 1
66 34 1
67 34 1
68 34 1
69 34 1
70 34 1
71 34 1
72 34 1
73 34 1
74 33 1
75 33 1
76 34 1
77 34 1
78 34 1
79 34 1
80 34 1
81 34 1
82 35 1
83 35 1
84 35 1
85 35 1
86 36 1
87 37 1
88 38 1
89 39 1
89 40 1
90 41 1
90 42 1
90 43 1
89 44 1
89 45 1
89 46 1
89 47 1
88 48 1
88 49 1
88 50 1
87 51 1
87 52 1
86 53 1
86 54 1
85 55 1
85 56 1
84 57 1
83 58 1
82 59 1
.PEN_UP
.PEN_DOWN
59 33 1
58 34 1
57 35 1
56 36 1
55 36 1
54 37 1
53 37 1
52 37 1
51 38 1
50 39 1
49 40 1
48 40 1
47 41 1
46 42 1
45 43 1
.PEN_UP
.PEN_DOWN
61 31 1
61 30 1
62 29 1
63 28 1
63 27 1
64 26 1
65 25 1
66 25 1
67 25 1
68 24 1
69 24 1
70 24 1
71 24 1
72 23 1
73 23 1
74 23 1
75 22 1
76 23 1
77 22 1
78 22 1
79 21 1
80 21 1
81 20 1
82 20 1
83 20 1
84 19 1
85 19 1
86 18 1
87 18 1
88 17 1
89 17 1
90 16 1
91 16 1
92 16 1
93 15 1
94 15 1
95 14 1
96 13 1
.PEN_UP
.PEN_DOWN
36 19 1
36 18 1
36 17 1
37 16 1
37 15 1
38 14 1
38 13 1
38 12 1
39 11 1
39 10 1
40 9 1
41 8 1
42 7 1
43 7 1
44 6 1
45 6 1
46 5 1
47 5 1
48 4 1
49 4 1
50 4 1
51 4 1
52 4 1
53 4 1
54 4 1
55 4 1
56 4 1
57 4 1
58 5 1
58 6 1
.PEN_UP
