.PEN_DOWN
12 1 1
12 2 1
12 3 1
13 4 1
13 5 1
13 6 1
13 7 1
14 8 1
15 9 1
15 10 1
16 11 1
17 12 1
18 13 1
19 14 1
20 15 1
21 16 1
22 17 1
23 18 1
24 19 1
25 20 1
26 21 1
27 22 1
28 23 1
28 24 1
29 25 1
30 25 1
31 24 1
32 24 1
33 24 1
34 23 1
35 23 1
36 22 1
37 21 1
38 20 1
39 20 1
40 19 1
41 18 1
42 18 1
43 18 1
44 18 1
46 16 1
47 15 1
47 14 1
48 13 1
48 12 1
49 11 1
50 10 1
.PEN_UP
.PEN_DOWN
45 17 1
46 19 1
46 20 1
46 21 1
46 22 1
46 23 1
46 24 1
46 25 1
46 26 1
46 27 1
47 28 1
47 29 1
47 30 1
47 31 1
48 32 1
48 33 1
49 34 1
50 35 1
51 36 1
51 37 1
52 38 1
53 38 1
54 39 1
55 40 1
55 41 1
56 42 1
57 43 1
58 44 1
59 45 1
60 46 1
61 47 1
61 48 1
61 49 1
62 50 1
62 51 1
63 52 1
64 52 1
65 53 1
66 54 1
67 54 1
68 54 1
69 55 1
.PEN_UP
.PEN_DOWN
61 52 1
60 52 1
59 52 1
58 51 1
57 51 1
56 51 1
55 51 1
54 51 1
53 50 1
52 50 1
51 50 1
50 49 1
49 49 1
48 49 1
47 49 1
46 49 1
45 48 1
44 48 1
43 47 1
42 47 1
41 47 1
40 46 1
39 46 1
38 46 1
37 45 1
36 45 1
35 45 1
34 44 1
33 44 1
32 44 1
31 44 1
30 44 1
29 44 1
28 43 1
27 43 1
26 43 1
25 43 1
24 43 1
23 43 1
22 43 1
21 42 1
20 42 1
19 42 1
18 42 1
17 42 1
16 42 1
15 42 1
14 42 1
13 42 1
12 42 1
11 42 1
10 42 1
9 42 1
8 43 1
7 44 1
6 45 1
5 46 1
5 47 1
4 48 1
3 49 1
3 50 1
2 51 1
2 52 1
2 53 1
2 54 1
2 55 1
1 56 1
1 57 1
1 58 1
1 59 1
1 60 1
1 61 1
2 62 1
2 63 1
2 64 1
2 65 1
2 66 1
3 67 1
4 68 1
4 69 1
5 70 1
5 71 1
6 72 1
7 73 1
8 74 1
9 75 1
10 75 1
11 76 1
12 77 1
13 77 1
14 78 1
15 78 1
16 78 1
17 79 1
18 80 1
19 80 1
20 81 1
21 81 1
22 81 1
23 82 1
24 82 1
25 82 1
26 82 1
27 82 1
28 82 1
29 82 1
30 82 1
31 82 1
32 82 1
33 82 1
34 82 1
35 81 1
36 81 1
37 80 1
38 79 1
39 78 1
39 77 1
40 76 1
41 75 1
42 74 1
43 73 1
43 72 1
43 71 1
44 70 1
44 69 1
44 68 1
45 67 1
45 66 1
45 65 1
45 64 1
44 63 1
44 62 1
43 61 1
42 60 1
41 59 1
40 59 1
39 58 1
38 58 1
37 58 1
36 58 1
35 58 1
34 58 1
33 59 1
32 60 1
32 61 1
32 62 1
32 63 1
31 64 1
31 65 1
31 66 1
31 67 1
31 68 1
31 69 1
31 70 1
32 71 1
33 72 1
33 73 1
34 74 1
35 75 1
36 75 1
37 76 1
38 76 1
.PEN_UP
