.PEN_DOWN
10 1 1
11 2 1
12 1 1
13 1 1
14 1 1
15 1 1
16 2 1
17 2 1
18 2 1
19 2 1
20 2 1
21 2 1
22 3 1
23 3 1
24 3 1
25 4 1
26 4 1
27 4 1
28 4 1
29 4 1
30 5 1
31 5 1
32 5 1
33 6 1
34 6 1
35 7 1
36 7 1
37 8 1
38 8 1
39 9 1
40 9 1
41 9 1
42 10 1
43 11 1
44 12 1
45 13 1
46 14 1
46 15 1
47 16 1
48 17 1
48 18 1
48 19 1
48 20 1
48 21 1
49 22 1
49 23 1
49 24 1
49 25 1
49 26 1
49 27 1
48 28 1
48 29 1
47 30 1
47 31 1
46 32 1
46 33 1
46 34 1
45 35 1
44 36 1
43 37 1
43 38 1
42 39 1
41 40 1
40 41 1
40 42 1
39 43 1
38 44 1
37 45 1
37 46 1
36 47 1
35 48 1
34 48 1
33 49 1
33 50 1
33 51 1
32 52 1
32 53 1
31 54 1
31 55 1
30 56 1
30 57 1
29 58 1
28 59 1
28 60 1
27 61 1
27 62 1
26 63 1
25 64 1
.PEN_UP
.PEN_DOWN
32 48 1
31 47 1
31 46 1
30 45 1
29 44 1
28 44 1
27 43 1
26 42 1
25 42 1
24 41 1
23 41 1
22 41 1
21 41 1
20 40 1
19 40 1
18 40 1
17 40 1
16 39 1
15 39 1
14 39 1
13 39 1
12 39 1
11 39 1
10 39 1
9 39 1
8 39 1
7 39 1
6 39 1
5 39 1
4 39 1
3 40 1
2 41 1
1 42 1
1 43 1
1 44 1
1 45 1
1 46 1
1 47 1
1 48 1
1 49 1
1 50 1
1 51 1
1 52 1
1 53 1
1 54 1
1 55 1
1 56 1
1 57 1
1 58 1
1 59 1
1 60 1
1 61 1
1 62 1
1 63 1
1 64 1
1 65 1
1 66 1
.PEN_UP
.PEN_DOWN
3 38 1
2 37 1
2 36 1
2 35 1
2 34 1
2 33 1
2 32 1
2 31 1
2 30 1
2 29 1
2 28 1
2 27 1
3 26 1
3 25 1
3 24 1
3 23 1
4 22 1
4 21 1
4 20 1
4 19 1
.PEN_UP
.PEN_DOWN
11 3 1
11 4 1
11 5 1
11 6 1
12 7 1
.PEN_UP
