.PEN_DOWN
8 1 1
8 2 1
9 3 1
10 3 1
11 3 1
12 3 1
13 3 1
14 4 1
.PEN_UP
.PEN_DOWN
8 4 1
8 5 1
8 6 1
8 7 1
8 8 1
8 9 1
8 10 1
8 11 1
8 12 1
8 13 1
8 14 1
8 15 1
8 16 1
8 17 1
8 18 1
8 19 1
8 20 1
8 21 1
9 22 1
10 22 1
11 22 1
12 22 1
13 22 1
14 22 1
15 22 1
16 23 1
17 23 1
18 23 1
19 23 1
20 23 1
21 23 1
22 23 1
23 23 1
24 23 1
25 24 1
26 24 1
27 24 1
28 25 1
29 25 1
30 26 1
31 27 1
31 28 1
32 29 1
31 30 1
31 31 1
31 32 1
30 33 1
30 34 1
29 35 1
28 36 1
27 37 1
26 38 1
25 39 1
24 39 1
23 39 1
22 39 1
21 39 1
20 40 1
20 41 1
20 42 1
20 43 1
20 44 1
20 45 1
21 46 1
22 47 1
23 47 1
24 48 1
25 49 1
26 49 1
27 49 1
28 49 1
29 49 1
30 50 1
31 50 1
32 50 1
33 50 1
34 50 1
35 50 1
36 50 1
37 50 1
38 50 1
39 50 1
40 49 1
41 49 1
42 48 1
43 48 1
44 48 1
45 47 1
46 46 1
47 45 1
48 44 1
49 43 1
50 42 1
51 41 1
53 41 1
54 41 1
55 42 1
56 43 1
57 43 1
58 43 1
59 44 1
60 44 1
61 45 1
62 45 1
63 46 1
64 47 1
65 48 1
66 49 1
66 50 1
65 51 1
65 52 1
65 53 1
.PEN_UP
.PEN_DOWN
51 40 1
52 37 1
53 36 1
53 35 1
54 34 1
55 33 1
55 32 1
55 31 1
55 30 1
55 29 1
54 28 1
53 29 1
52 29 1
51 29 1
50 29 1
49 30 1
48 31 1
47 32 1
47 33 1
47 34 1
47 35 1
48 36 1
49 37 1
50 38 1
.PEN_UP
.PEN_DOWN
8 23 1
8 24 1
8 25 1
8 26 1
8 27 1
8 28 1
7 29 1
7 30 1
7 31 1
7 32 1
7 33 1
7 34 1
7 35 1
7 36 1
6 37 1
6 38 1
6 39 1
6 40 1
5 41 1
5 42 1
5 43 1
5 44 1
5 45 1
4 46 1
4 47 1
4 48 1
4 49 1
3 50 1
3 51 1
3 52 1
3 53 1
2 54 1
2 55 1
2 56 1
2 57 1
2 58 1
1 59 1
1 60 1
.PEN_UP
