.PEN_DOWN
13 1 1
12 2 1
12 3 1
12 4 1
12 5 1
12 6 1
11 7 1
11 8 1
11 9 1
11 10 1
11 11 1
11 12 1
11 13 1
11 14 1
11 15 1
11 16 1
10 17 1
10 18 1
10 19 1
10 20 1
10 21 1
10 22 1
10 23 1
10 24 1
9 25 1
9 26 1
9 27 1
9 28 1
9 29 1
8 30 1
8 31 1
8 32 1
8 33 1
8 34 1
8 35 1
9 36 1
9 38 1
8 39 1
7 40 1
6 41 1
.PEN_UP
.PEN_DOWN
10 36 1
11 36 1
12 35 1
13 35 1
14 34 1
15 33 1
16 32 1
17 31 1
18 31 1
19 30 1
20 29 1
21 29 1
22 29 1
24 27 1
25 26 1
25 25 1
25 24 1
26 23 1
26 22 1
27 21 1
.PEN_UP
.PEN_DOWN
23 28 1
24 30 1
24 31 1
24 32 1
24 33 1
24 34 1
24 35 1
24 36 1
24 37 1
24 38 1
24 39 1
25 40 1
25 41 1
25 42 1
26 43 1
26 44 1
27 45 1
27 46 1
27 47 1
27 48 1
28 49 1
29 50 1
29 51 1
29 52 1
30 53 1
30 54 1
31 55 1
32 55 1
33 55 1
34 55 1
35 55 1
36 56 1
37 56 1
38 56 1
39 56 1
40 56 1
41 56 1
42 55 1
43 55 1
44 55 1
45 54 1
46 54 1
47 53 1
48 52 1
49 51 1
50 50 1
51 49 1
52 48 1
52 47 1
53 46 1
54 45 1
54 44 1
54 43 1
54 42 1
54 41 1
54 40 1
54 39 1
54 38 1
54 37 1
54 36 1
54 35 1
54 34 1
54 33 1
.PEN_UP
.PEN_DOWN
29 55 1
28 56 1
28 57 1
28 58 1
28 59 1
28 60 1
28 61 1
29 62 1
30 63 1
31 64 1
32 65 1
33 66 1
34 67 1
35 68 1
36 69 1
37 70 1
38 71 1
39 72 1
40 73 1
41 74 1
42 75 1
43 76 1
44 77 1
45 78 1
45 79 1
45 80 1
45 81 1
45 82 1
46 83 1
47 83 1
48 83 1
49 83 1
50 83 1
51 83 1
52 84 1
53 84 1
54 84 1
55 84 1
56 85 1
57 85 1
58 85 1
59 86 1
60 87 1
61 88 1
62 89 1
62 90 1
62 91 1
.PEN_UP
.PEN_DOWN
44 83 1
43 83 1
42 82 1
41 82 1
40 82 1
39 82 1
38 82 1
37 82 1
36 82 1
35 82 1
34 81 1
33 81 1
32 81 1
31 81 1
30 81 1
29 81 1
28 81 1
27 81 1
26 81 1
25 81 1
24 81 1
23 81 1
22 80 1
21 80 1
20 80 1
19 80 1
18 80 1
17 79 1
16 79 1
15 79 1
14 79 1
13 79 1
12 79 1
11 79 1
10 79 1
9 79 1
8 78 1
7 78 1
5 77 1
4 77 1
3 77 1
2 77 1
1 77 1
.PEN_UP
.PEN_DOWN
6 78 1
6 80 1
6 81 1
6 82 1
6 83 1
6 84 1
6 85 1
6 86 1
6 87 1
6 88 1
6 89 1
6 90 1
6 91 1
5 92 1
5 93 1
5 94 1
5 95 1
5 96 1
5 97 1
5 98 1
5 99 1
5 100 1
5 101 1
5 102 1
5 103 1
6 104 1
5 105 1
5 106 1
5 107 1
5 108 1
5 109 1
6 110 1
6 111 1
6 112 1
6 113 1
6 114 1
5 115 1
5 116 1
5 117 1
5 118 1
5 119 1
5 120 1
5 121 1
5 122 1
4 123 1
4 124 1
4 125 1
4 126 1
4 127 1
.PEN_UP
