.PEN_DOWN
29 4 1
28 4 1
27 4 1
26 3 1
25 3 1
24 2 1
23 1 1
22 1 1
21 1 1
20 1 1
19 2 1
18 3 1
17 4 1
16 5 1
16 6 1
15 7 1
14 8 1
14 9 1
14 10 1
14 11 1
14 12 1
14 13 1
14 14 1
14 15 1
14 16 1
14 17 1
14 18 1
15 19 1
15 20 1
15 21 1
16 22 1
16 23 1
17 24 1
18 25 1
19 26 1
20 27 1
21 28 1
21 29 1
22 30 1
23 31 1
24 32 1
25 33 1
26 33 1
27 34 1
28 35 1
29 36 1
30 37 1
30 39 1
29 40 1
28 40 1
27 41 1
26 42 1
25 42 1
24 43 1
23 44 1
23 45 1
22 46 1
21 47 1
21 48 1
20 49 1
20 50 1
19 51 1
19 52 1
18 53 1
18 54 1
17 55 1
17 56 1
17 57 1
16 58 1
16 59 1
16 60 1
15 61 1
15 62 1
15 63 1
14 64 1
14 65 1
13 66 1
12 67 1
11 67 1
10 67 1
9 67 1
8 67 1
7 66 1
6 65 1
5 65 1
4 65 1
3 65 1
2 66 1
1 67 1
1 68 1
1 69 1
1 70 1
1 71 1
1 72 1
1 73 1
1 74 1
.PEN_UP
.PEN_DOWN
13 68 1
14 69 1
15 70 1
16 70 1
17 70 1
18 71 1
19 71 1
20 71 1
21 72 1
22 72 1
23 72 1
24 73 1
25 73 1
26 73 1
27 73 1
28 74 1
29 74 1
30 74 1
31 74 1
32 74 1
33 74 1
34 75 1
35 75 1
36 75 1
37 75 1
38 75 1
39 75 1
40 75 1
41 75 1
42 75 1
43 76 1
44 76 1
45 76 1
46 76 1
47 76 1
48 76 1
49 75 1
50 75 1
51 75 1
.PEN_UP
.PEN_DOWN
31 37 1
32 36 1
33 35 1
33 34 1
34 33 1
34 32 1
34 31 1
34 30 1
34 29 1
34 28 1
35 27 1
35 26 1
35 25 1
35 24 1
36 23 1
36 22 1
37 21 1
38 20 1
40 20 1
41 21 1
42 22 1
42 23 1
43 24 1
43 25 1
43 26 1
43 27 1
43 28 1
43 29 1
43 30 1
43 31 1
43 32 1
43 33 1
43 34 1
42 35 1
41 36 1
41 37 1
40 38 1
39 38 1
38 38 1
37 39 1
36 39 1
35 39 1
34 39 1
33 40 1
33 41 1
33 42 1
33 43 1
34 44 1
34 45 1
34 46 1
34 47 1
34 48 1
35 49 1
35 50 1
35 51 1
36 52 1
37 52 1
38 53 1
39 53 1
40 54 1
41 54 1
42 55 1
42 56 1
43 57 1
43 58 1
44 59 1
44 60 1
44 61 1
44 62 1
45 63 1
45 64 1
44 65 1
44 66 1
44 67 1
43 68 1
42 69 1
41 69 1
40 69 1
39 68 1
38 67 1
37 66 1
36 65 1
36 64 1
35 63 1
35 62 1
35 61 1
35 60 1
35 59 1
35 58 1
35 57 1
35 56 1
35 55 1
35 54 1
35 53 1
.PEN_UP
