.PEN_DOWN
1 21 1
1 22 1
1 23 1
2 24 1
2 25 1
2 26 1
2 27 1
2 28 1
3 29 1
3 30 1
3 31 1
3 32 1
4 33 1
4 34 1
5 35 1
5 36 1
6 37 1
6 38 1
7 39 1
8 40 1
8 41 1
8 42 1
9 43 1
10 44 1
11 45 1
12 46 1
13 46 1
14 46 1
15 47 1
16 47 1
17 47 1
18 48 1
19 48 1
21 47 1
22 46 1
23 45 1
23 44 1
23 43 1
24 42 1
25 41 1
26 40 1
27 41 1
28 42 1
29 43 1
30 44 1
31 44 1
32 45 1
33 45 1
34 46 1
35 46 1
36 46 1
37 46 1
38 46 1
39 46 1
40 46 1
41 46 1
42 46 1
43 46 1
44 45 1
45 45 1
46 44 1
47 44 1
48 43 1
49 43 1
50 42 1
51 41 1
52 40 1
53 40 1
54 39 1
55 38 1
56 37 1
57 37 1
58 36 1
60 37 1
60 38 1
61 39 1
62 40 1
63 41 1
64 42 1
65 43 1
66 44 1
67 45 1
68 45 1
69 46 1
70 47 1
71 48 1
72 48 1
.PEN_UP
.PEN_DOWN
59 34 1
59 33 1
58 32 1
57 31 1
56 30 1
56 29 1
56 28 1
56 27 1
55 26 1
55 25 1
55 24 1
55 23 1
55 22 1
55 21 1
56 20 1
56 19 1
56 18 1
56 17 1
57 16 1
58 15 1
58 14 1
59 13 1
60 12 1
61 11 1
62 10 1
63 10 1
64 10 1
65 10 1
66 10 1
67 10 1
68 11 1
69 12 1
69 13 1
69 14 1
69 15 1
69 16 1
69 17 1
69 18 1
69 19 1
68 20 1
68 21 1
68 22 1
67 23 1
66 24 1
65 25 1
65 26 1
65 27 1
64 28 1
63 29 1
62 30 1
62 31 1
61 32 1
60 32 1
.PEN_UP
.PEN_DOWN
26 39 1
26 38 1
26 37 1
26 36 1
25 34 1
24 33 1
23 32 1
22 31 1
22 30 1
22 29 1
22 28 1
22 27 1
22 26 1
22 25 1
22 24 1
22 23 1
23 22 1
23 21 1
23 20 1
23 19 1
23 18 1
23 17 1
23 16 1
23 15 1
23 14 1
23 13 1
23 12 1
23 11 1
23 10 1
24 9 1
25 8 1
25 7 1
25 6 1
25 5 1
26 4 1
26 3 1
26 2 1
26 1 1
.PEN_UP
.PEN_DOWN
26 35 1
28 35 1
29 34 1
30 33 1
31 33 1
32 33 1
33 32 1
34 32 1
35 32 1
36 31 1
37 31 1
38 31 1
39 31 1
.PEN_UP
.PEN_DOWN
20 48 1
21 50 1
21 51 1
21 52 1
21 53 1
21 54 1
21 55 1
21 56 1
21 57 1
21 58 1
21 59 1
21 60 1
22 61 1
22 62 1
22 63 1
22 64 1
22 65 1
22 66 1
.PEN_UP
