.PEN_DOWN
4 1 1
3 2 1
3 3 1
3 4 1
3 5 1
3 6 1
3 7 1
2 8 1
2 9 1
2 10 1
2 11 1
2 12 1
2 13 1
1 14 1
2 15 1
2 16 1
2 17 1
2 18 1
2 19 1
2 20 1
2 21 1
3 22 1
4 22 1
5 22 1
6 22 1
7 22 1
8 22 1
9 22 1
10 22 1
11 22 1
12 22 1
13 22 1
14 22 1
15 23 1
16 23 1
17 23 1
18 23 1
19 23 1
20 23 1
21 23 1
22 24 1
23 24 1
24 24 1
25 24 1
26 25 1
26 26 1
26 27 1
25 28 1
25 29 1
24 30 1
23 30 1
22 31 1
21 32 1
20 33 1
19 34 1
18 35 1
17 36 1
16 37 1
16 38 1
17 39 1
18 40 1
19 41 1
19 42 1
20 43 1
20 44 1
21 45 1
22 46 1
23 47 1
24 48 1
25 48 1
26 47 1
27 47 1
28 46 1
29 45 1
30 44 1
31 44 1
32 43 1
33 43 1
34 43 1
35 43 1
36 43 1
37 42 1
38 42 1
39 42 1
40 42 1
41 41 1
42 41 1
43 41 1
44 41 1
45 41 1
46 41 1
47 41 1
48 41 1
49 41 1
50 41 1
51 41 1
52 41 1
53 42 1
54 43 1
55 44 1
56 45 1
56 46 1
56 47 1
56 48 1
57 49 1
.PEN_UP
