.PEN_DOWN
1 1 1
2 1 1
3 1 1
4 1 1
5 1 1
6 1 1
7 2 1
8 2 1
9 2 1
10 2 1
11 2 1
12 2 1
13 3 1
14 3 1
15 3 1
16 4 1
17 4 1
18 5 1
19 5 1
20 6 1
21 7 1
22 7 1
23 8 1
24 9 1
25 10 1
26 11 1
27 11 1
28 12 1
29 13 1
29 14 1
30 15 1
31 16 1
31 17 1
32 18 1
33 19 1
33 20 1
33 21 1
34 22 1
34 23 1
34 24 1
34 25 1
35 26 1
35 27 1
35 28 1
35 29 1
36 30 1
36 31 1
36 32 1
36 33 1
36 34 1
36 35 1
36 36 1
37 37 1
37 38 1
37 39 1
38 40 1
38 41 1
38 42 1
39 43 1
39 44 1
40 45 1
40 46 1
41 47 1
42 48 1
42 49 1
43 50 1
44 50 1
45 51 1
46 52 1
47 52 1
48 53 1
49 53 1
50 54 1
51 54 1
52 54 1
53 55 1
54 55 1
55 56 1
56 56 1
57 56 1
58 56 1
59 56 1
60 56 1
61 56 1
62 56 1
63 55 1
64 55 1
65 55 1
66 55 1
67 54 1
68 53 1
68 52 1
69 51 1
69 50 1
69 49 1
70 48 1
70 47 1
70 46 1
70 45 1
70 44 1
70 43 1
70 42 1
70 41 1
70 40 1
70 39 1
69 38 1
69 37 1
69 36 1
69 35 1
68 34 1
68 33 1
67 32 1
66 31 1
65 30 1
63 30 1
62 31 1
61 32 1
60 32 1
59 32 1
58 33 1
57 34 1
56 34 1
55 35 1
54 35 1
53 35 1
52 35 1
51 35 1
50 35 1
49 35 1
48 35 1
47 35 1
46 35 1
45 35 1
44 34 1
43 33 1
42 32 1
41 31 1
41 30 1
40 29 1
40 28 1
40 27 1
40 26 1
39 25 1
39 24 1
39 23 1
39 22 1
39 21 1
39 20 1
39 19 1
39 18 1
39 17 1
40 16 1
40 15 1
40 14 1
41 13 1
41 12 1
42 11 1
43 11 1
44 11 1
.PEN_UP
.PEN_DOWN
64 29 1
63 28 1
63 27 1
62 26 1
62 25 1
62 24 1
62 23 1
62 22 1
62 21 1
63 20 1
63 19 1
64 18 1
65 17 1
66 16 1
67 15 1
68 14 1
69 14 1
70 14 1
71 14 1
72 14 1
73 14 1
74 15 1
74 16 1
74 17 1
74 18 1
73 19 1
72 20 1
72 21 1
71 22 1
70 23 1
70 24 1
69 25 1
68 26 1
67 27 1
66 28 1
65 29 1
.PEN_UP
