.PEN_DOWN
1 7 1
1 8 1
1 9 1
1 10 1
1 11 1
1 12 1
1 13 1
2 14 1
4 14 1
5 14 1
6 14 1
7 13 1
8 12 1
8 11 1
9 10 1
9 9 1
10 8 1
11 7 1
12 6 1
13 5 1
14 4 1
15 4 1
16 4 1
17 4 1
18 3 1
19 3 1
20 2 1
21 2 1
22 2 1
23 2 1
24 2 1
25 2 1
26 1 1
27 1 1
28 1 1
29 1 1
30 1 1
31 2 1
32 2 1
33 3 1
34 3 1
35 3 1
36 4 1
37 4 1
38 5 1
39 6 1
40 7 1
41 8 1
42 9 1
42 10 1
43 11 1
44 12 1
44 13 1
44 14 1
45 15 1
46 16 1
48 15 1
49 14 1
49 13 1
50 12 1
50 11 1
51 10 1
51 9 1
52 8 1
53 7 1
53 6 1
54 5 1
54 4 1
55 3 1
56 3 1
57 2 1
58 3 1
59 4 1
60 5 1
60 6 1
60 7 1
60 8 1
60 9 1
60 10 1
60 11 1
60 12 1
60 13 1
60 14 1
60 15 1
60 16 1
60 17 1
60 18 1
60 19 1
61 20 1
60 21 1
60 22 1
60 23 1
60 24 1
60 25 1
61 26 1
61 27 1
61 28 1
61 29 1
61 30 1
61 31 1
61 32 1
61 33 1
61 34 1
61 35 1
62 36 1
62 37 1
62 38 1
62 39 1
63 40 1
63 41 1
64 42 1
64 43 1
65 44 1
65 45 1
65 46 1
66 47 1
66 48 1
66 49 1
66 50 1
67 51 1
66 52 1
65 53 1
64 53 1
63 53 1
62 53 1
61 53 1
60 54 1
59 54 1
58 54 1
57 54 1
56 55 1
55 55 1
54 55 1
53 55 1
52 55 1
51 55 1
50 56 1
49 56 1
48 56 1
47 56 1
46 56 1
45 57 1
44 57 1
43 57 1
42 57 1
41 57 1
40 57 1
39 58 1
38 58 1
37 58 1
36 59 1
35 59 1
34 59 1
33 59 1
32 60 1
31 60 1
30 60 1
29 60 1
28 61 1
27 61 1
26 61 1
25 61 1
24 61 1
23 62 1
22 62 1
21 62 1
20 63 1
19 63 1
18 63 1
17 63 1
16 63 1
15 63 1
14 63 1
13 63 1
12 63 1
11 63 1
10 63 1
9 63 1
8 63 1
7 63 1
6 63 1
5 63 1
4 62 1
4 61 1
3 60 1
3 59 1
3 58 1
2 57 1
2 56 1
2 55 1
2 54 1
2 53 1
2 52 1
2 51 1
2 50 1
2 49 1
2 48 1
2 47 1
2 46 1
2 45 1
2 44 1
2 43 1
2 42 1
2 41 1
2 40 1
2 39 1
2 38 1
2 37 1
2 36 1
2 35 1
2 34 1
2 33 1
2 32 1
2 31 1
2 30 1
2 29 1
2 28 1
2 27 1
2 26 1
2 25 1
2 24 1
2 23 1
2 22 1
2 21 1
2 20 1
2 19 1
2 18 1
2 17 1
2 16 1
2 15 1
.PEN_UP
.PEN_DOWN
46 17 1
46 18 1
46 19 1
46 20 1
46 21 1
45 22 1
45 23 1
45 24 1
45 25 1
45 26 1
44 27 1
.PEN_UP
