.PEN_DOWN
9 1 1
8 1 1
7 1 1
6 1 1
5 1 1
4 2 1
4 3 1
4 4 1
4 5 1
4 6 1
4 7 1
4 8 1
4 9 1
4 10 1
4 11 1
4 12 1
4 13 1
4 14 1
4 15 1
4 16 1
4 17 1
4 18 1
3 20 1
2 20 1
1 20 1
.PEN_UP
.PEN_DOWN
4 19 1
6 19 1
7 19 1
8 19 1
9 19 1
10 19 1
11 19 1
12 19 1
13 19 1
14 19 1
15 18 1
16 18 1
17 18 1
18 18 1
19 18 1
20 19 1
21 20 1
22 19 1
23 18 1
24 18 1
25 18 1
26 18 1
27 18 1
28 18 1
29 19 1
30 20 1
31 20 1
32 21 1
33 21 1
34 22 1
35 23 1
35 24 1
35 25 1
35 26 1
35 27 1
35 28 1
34 29 1
34 30 1
33 31 1
33 32 1
32 33 1
31 34 1
30 35 1
29 36 1
28 36 1
27 36 1
26 37 1
25 37 1
24 37 1
23 37 1
22 37 1
21 36 1
20 36 1
19 36 1
18 36 1
17 35 1
17 34 1
16 33 1
16 32 1
16 31 1
16 30 1
17 29 1
17 28 1
18 27 1
19 26 1
19 25 1
20 24 1
21 23 1
21 22 1
21 21 1
.PEN_UP
