.PEN_DOWN
7 4 1
6 4 1
5 4 1
4 4 1
3 5 1
2 6 1
1 7 1
1 8 1
1 9 1
2 10 1
2 11 1
2 12 1
2 13 1
3 14 1
3 15 1
4 16 1
4 17 1
4 18 1
5 19 1
5 20 1
6 21 1
6 22 1
6 23 1
7 24 1
7 25 1
7 26 1
8 27 1
8 28 1
9 29 1
9 30 1
10 31 1
10 32 1
11 33 1
11 34 1
12 35 1
12 36 1
13 37 1
13 38 1
14 39 1
14 40 1
14 41 1
15 42 1
16 43 1
16 44 1
17 45 1
18 46 1
19 47 1
20 48 1
21 49 1
22 50 1
23 50 1
24 51 1
25 51 1
26 52 1
27 52 1
28 52 1
29 52 1
30 52 1
31 52 1
32 51 1
33 51 1
34 51 1
35 50 1
36 50 1
37 49 1
38 49 1
39 49 1
41 48 1
42 47 1
43 47 1
44 46 1
45 47 1
46 47 1
47 47 1
48 47 1
49 46 1
50 46 1
51 46 1
52 46 1
53 46 1
54 46 1
55 46 1
56 45 1
57 45 1
58 45 1
59 44 1
59 43 1
60 42 1
61 41 1
62 41 1
63 41 1
64 41 1
65 41 1
66 41 1
.PEN_UP
.PEN_DOWN
59 46 1
60 47 1
61 47 1
62 47 1
63 47 1
64 47 1
65 48 1
66 48 1
67 48 1
68 48 1
69 48 1
70 48 1
71 49 1
72 49 1
73 50 1
74 50 1
75 51 1
76 52 1
77 53 1
77 54 1
77 55 1
77 56 1
77 57 1
77 58 1
77 59 1
76 60 1
76 61 1
76 62 1
76 63 1
75 64 1
75 65 1
74 66 1
74 67 1
73 68 1
73 69 1
72 70 1
71 71 1
71 72 1
70 73 1
70 74 1
69 75 1
69 76 1
68 77 1
68 78 1
68 79 1
67 80 1
66 81 1
65 81 1
64 81 1
63 82 1
62 82 1
61 83 1
60 83 1
59 84 1
.PEN_UP
.PEN_DOWN
69 80 1
70 80 1
71 79 1
72 79 1
73 79 1
74 79 1
75 79 1
76 78 1
77 77 1
78 77 1
79 77 1
80 76 1
81 76 1
82 75 1
83 75 1
84 75 1
85 74 1
86 73 1
87 72 1
88 71 1
89 70 1
90 69 1
91 68 1
92 67 1
93 66 1
93 65 1
93 64 1
94 63 1
94 62 1
95 61 1
95 60 1
95 59 1
95 58 1
96 57 1
96 56 1
96 55 1
96 54 1
96 53 1
96 52 1
96 51 1
96 50 1
96 49 1
96 48 1
97 47 1
97 46 1
97 45 1
97 44 1
97 43 1
97 42 1
97 41 1
97 40 1
96 39 1
96 38 1
96 37 1
96 36 1
96 35 1
96 34 1
96 33 1
96 32 1
96 31 1
95 30 1
95 29 1
94 28 1
94 27 1
94 26 1
93 25 1
93 24 1
92 23 1
92 22 1
92 21 1
91 20 1
91 19 1
90 18 1
89 17 1
89 16 1
88 15 1
88 14 1
87 13 1
86 12 1
85 12 1
84 11 1
83 10 1
82 10 1
81 9 1
80 8 1
79 8 1
78 7 1
77 7 1
76 6 1
75 6 1
74 6 1
73 5 1
72 5 1
71 4 1
70 4 1
69 4 1
68 3 1
67 3 1
66 3 1
65 3 1
64 2 1
63 2 1
62 2 1
61 2 1
60 2 1
59 2 1
58 2 1
57 2 1
56 2 1
55 2 1
54 2 1
53 2 1
52 2 1
51 2 1
50 1 1
49 2 1
48 2 1
47 2 1
46 2 1
45 2 1
44 3 1
43 4 1
43 5 1
43 6 1
43 7 1
42 8 1
42 9 1
41 10 1
41 11 1
41 12 1
41 13 1
41 14 1
41 15 1
41 16 1
41 17 1
41 18 1
41 19 1
41 20 1
41 21 1
41 22 1
41 23 1
41 24 1
41 25 1
41 26 1
41 27 1
41 28 1
41 29 1
41 30 1
41 31 1
41 32 1
41 33 1
41 34 1
41 35 1
41 36 1
41 37 1
41 38 1
41 39 1
41 40 1
41 41 1
41 42 1
42 43 1
42 44 1
43 45 1
.PEN_UP
.PEN_DOWN
40 49 1
41 51 1
41 52 1
41 53 1
41 54 1
41 55 1
41 56 1
41 57 1
41 58 1
42 59 1
42 60 1
42 61 1
42 62 1
42 63 1
42 64 1
42 65 1
42 66 1
43 67 1
43 68 1
43 69 1
43 70 1
43 71 1
43 72 1
43 73 1
43 74 1
43 75 1
43 76 1
43 77 1
43 78 1
43 79 1
43 80 1
43 81 1
43 82 1
43 83 1
43 84 1
43 85 1
43 86 1
43 87 1
43 88 1
43 89 1
43 90 1
43 91 1
43 92 1
43 93 1
43 94 1
43 95 1
43 96 1
43 97 1
43 98 1
43 99 1
43 100 1
43 101 1
43 102 1
43 103 1
43 104 1
43 105 1
43 106 1
43 107 1
43 108 1
43 109 1
43 110 1
43 111 1
42 112 1
42 113 1
42 114 1
.PEN_UP
