.PEN_DOWN
6 1 1
6 2 1
5 3 1
5 4 1
5 5 1
5 6 1
5 7 1
5 8 1
5 9 1
5 10 1
5 11 1
5 12 1
5 13 1
4 14 1
4 15 1
4 16 1
4 17 1
4 18 1
4 19 1
4 20 1
4 21 1
4 22 1
5 23 1
6 23 1
7 23 1
8 23 1
9 23 1
10 23 1
11 23 1
12 23 1
13 23 1
14 23 1
15 23 1
16 23 1
17 23 1
18 22 1
19 22 1
20 22 1
21 22 1
22 22 1
23 22 1
24 22 1
25 22 1
26 22 1
27 22 1
28 22 1
29 22 1
30 22 1
31 22 1
32 23 1
32 24 1
33 25 1
33 26 1
33 27 1
33 28 1
32 29 1
32 30 1
31 31 1
31 32 1
30 33 1
29 34 1
29 35 1
29 36 1
28 37 1
28 38 1
27 39 1
27 40 1
26 41 1
26 42 1
25 43 1
25 44 1
26 45 1
27 46 1
28 46 1
29 46 1
30 46 1
31 46 1
32 46 1
33 46 1
34 46 1
35 46 1
36 46 1
37 46 1
38 45 1
39 45 1
40 45 1
41 45 1
42 45 1
43 45 1
44 45 1
45 45 1
46 44 1
.PEN_UP
.PEN_DOWN
4 24 1
3 25 1
3 26 1
3 27 1
3 28 1
3 29 1
3 30 1
3 31 1
3 32 1
3 33 1
3 34 1
3 35 1
3 36 1
2 37 1
2 38 1
2 39 1
2 40 1
2 41 1
1 42 1
1 43 1
1 44 1
1 45 1
1 46 1
1 47 1
1 48 1
2 49 1
2 50 1
.PEN_UP
