.PEN_DOWN
4 1 1
4 2 1
4 3 1
4 4 1
5 5 1
5 6 1
5 7 1
5 8 1
5 9 1
4 10 1
4 11 1
4 12 1
3 13 1
3 14 1
3 15 1
3 16 1
3 17 1
3 18 1
3 19 1
3 20 1
2 21 1
2 22 1
2 23 1
2 24 1
2 25 1
2 26 1
2 27 1
2 28 1
2 29 1
2 30 1
2 31 1
1 32 1
1 33 1
1 34 1
1 35 1
1 36 1
1 37 1
1 38 1
1 39 1
1 40 1
2 41 1
1 42 1
1 43 1
1 44 1
1 45 1
1 46 1
1 47 1
1 48 1
1 49 1
1 50 1
1 51 1
1 52 1
1 53 1
1 54 1
1 55 1
1 56 1
1 57 1
2 58 1
2 59 1
2 60 1
2 61 1
2 62 1
2 63 1
2 64 1
2 65 1
2 66 1
2 67 1
2 68 1
2 69 1
2 70 1
2 71 1
2 72 1
2 73 1
2 74 1
2 75 1
2 76 1
2 77 1
2 78 1
2 79 1
2 80 1
2 81 1
2 82 1
2 83 1
2 84 1
2 85 1
2 86 1
2 87 1
2 88 1
2 89 1
2 90 1
2 91 1
2 92 1
3 93 1
3 94 1
3 95 1
3 96 1
3 97 1
3 98 1
2 99 1
2 100 1
2 101 1
.PEN_UP
.PEN_DOWN
24 30 1
23 31 1
23 32 1
21 33 1
20 33 1
19 34 1
18 35 1
17 36 1
16 37 1
16 38 1
16 39 1
15 40 1
15 41 1
15 42 1
14 43 1
14 44 1
14 45 1
14 46 1
15 47 1
16 47 1
17 47 1
18 47 1
19 48 1
20 49 1
21 50 1
22 50 1
23 50 1
24 51 1
25 51 1
26 51 1
27 51 1
28 50 1
29 50 1
30 50 1
31 50 1
32 49 1
33 49 1
34 49 1
35 48 1
36 47 1
37 46 1
38 45 1
38 44 1
39 43 1
40 42 1
41 41 1
42 40 1
42 39 1
43 38 1
44 37 1
44 36 1
45 35 1
46 34 1
47 30 1
48 29 1
49 28 1
49 27 1
50 26 1
50 25 1
51 24 1
51 23 1
51 22 1
52 21 1
52 20 1
52 19 1
52 18 1
52 17 1
53 16 1
53 15 1
54 14 1
54 13 1
54 12 1
54 11 1
54 10 1
54 9 1
54 8 1
54 7 1
53 6 1
52 5 1
51 4 1
50 4 1
49 5 1
48 5 1
47 5 1
46 6 1
45 6 1
44 7 1
43 7 1
42 8 1
41 9 1
40 10 1
39 11 1
38 12 1
37 13 1
37 14 1
36 15 1
36 16 1
36 17 1
36 18 1
36 19 1
36 20 1
37 21 1
37 22 1
37 23 1
38 24 1
39 25 1
39 26 1
40 27 1
41 28 1
42 29 1
43 30 1
44 30 1
45 31 1
48 34 1
49 35 1
50 35 1
51 36 1
52 37 1
53 38 1
54 38 1
55 39 1
56 40 1
57 41 1
58 42 1
59 43 1
59 44 1
60 45 1
61 46 1
61 47 1
62 48 1
62 49 1
63 50 1
63 51 1
63 52 1
63 53 1
63 54 1
63 55 1
64 56 1
63 57 1
63 58 1
63 59 1
64 60 1
64 61 1
63 62 1
63 63 1
63 64 1
.PEN_UP
.PEN_DOWN
19 46 1
20 45 1
21 44 1
22 43 1
22 42 1
23 41 1
23 40 1
24 39 1
24 38 1
24 37 1
24 36 1
24 35 1
24 34 1
23 33 1
.PEN_UP
