.PEN_DOWN
3 1 1
3 2 1
3 3 1
3 4 1
3 5 1
3 6 1
3 7 1
3 8 1
3 9 1
3 10 1
3 11 1
3 12 1
3 13 1
3 14 1
3 15 1
2 16 1
2 17 1
2 18 1
2 19 1
2 20 1
3 21 1
3 22 1
3 23 1
3 24 1
3 25 1
3 26 1
3 27 1
3 28 1
3 29 1
3 30 1
4 31 1
6 32 1
7 32 1
8 32 1
9 32 1
10 32 1
11 31 1
12 31 1
13 31 1
14 31 1
15 31 1
16 30 1
17 30 1
18 30 1
19 30 1
20 30 1
21 30 1
22 30 1
23 30 1
24 30 1
25 30 1
26 30 1
27 30 1
28 30 1
29 30 1
30 30 1
31 30 1
32 30 1
33 30 1
34 31 1
35 31 1
36 31 1
37 32 1
38 32 1
39 33 1
40 33 1
41 34 1
42 35 1
43 36 1
44 37 1
45 38 1
46 39 1
47 40 1
48 41 1
49 42 1
50 43 1
50 44 1
50 45 1
50 46 1
50 47 1
50 48 1
51 49 1
51 50 1
51 51 1
51 52 1
51 53 1
51 54 1
51 55 1
51 56 1
50 57 1
50 58 1
50 59 1
49 60 1
48 61 1
48 62 1
47 63 1
46 64 1
45 65 1
44 66 1
43 66 1
42 67 1
41 67 1
40 68 1
39 68 1
38 68 1
37 68 1
36 69 1
35 68 1
34 69 1
33 69 1
32 69 1
31 69 1
30 69 1
29 69 1
28 69 1
27 69 1
26 69 1
25 69 1
24 68 1
23 67 1
22 66 1
22 65 1
22 64 1
22 63 1
22 62 1
22 61 1
22 60 1
22 59 1
22 58 1
23 57 1
23 56 1
24 55 1
25 55 1
26 55 1
27 55 1
28 55 1
29 56 1
30 57 1
31 58 1
32 59 1
33 60 1
33 61 1
33 62 1
34 63 1
34 64 1
35 65 1
35 66 1
35 67 1
.PEN_UP
.PEN_DOWN
5 31 1
3 33 1
3 34 1
3 35 1
3 36 1
3 37 1
3 38 1
3 39 1
3 40 1
3 41 1
3 42 1
3 43 1
3 44 1
3 45 1
3 46 1
4 47 1
4 48 1
3 49 1
3 50 1
3 51 1
3 52 1
3 53 1
3 54 1
3 55 1
3 56 1
3 57 1
3 58 1
3 59 1
3 60 1
3 61 1
4 62 1
4 63 1
4 64 1
3 65 1
3 66 1
3 67 1
3 68 1
4 69 1
4 70 1
4 71 1
4 72 1
4 73 1
4 74 1
4 75 1
3 76 1
3 77 1
3 78 1
3 79 1
3 80 1
3 81 1
3 82 1
3 83 1
4 84 1
3 85 1
3 86 1
3 87 1
3 88 1
3 89 1
3 90 1
3 91 1
2 92 1
2 93 1
1 94 1
.PEN_UP
