.PEN_DOWN
1 1 1
1 2 1
2 3 1
2 4 1
2 5 1
2 6 1
3 7 1
3 8 1
3 9 1
3 10 1
3 11 1
4 12 1
4 13 1
4 14 1
5 15 1
5 16 1
5 17 1
5 18 1
5 19 1
6 20 1
6 21 1
7 22 1
8 21 1
9 21 1
10 21 1
11 21 1
12 21 1
13 20 1
14 20 1
15 20 1
16 19 1
17 19 1
18 18 1
19 18 1
20 18 1
21 18 1
22 17 1
23 17 1
24 17 1
25 17 1
26 17 1
27 16 1
28 16 1
29 16 1
30 16 1
31 16 1
32 16 1
33 16 1
34 16 1
35 16 1
36 17 1
37 17 1
38 17 1
39 18 1
40 18 1
41 19 1
42 19 1
43 20 1
44 21 1
45 22 1
46 23 1
47 24 1
47 25 1
47 26 1
48 27 1
48 28 1
48 29 1
48 30 1
48 31 1
48 32 1
48 33 1
48 34 1
48 35 1
48 36 1
47 37 1
47 38 1
46 39 1
46 40 1
45 41 1
44 42 1
44 43 1
43 44 1
42 45 1
41 46 1
40 46 1
39 47 1
38 48 1
37 48 1
36 49 1
35 49 1
34 49 1
33 49 1
32 49 1
31 49 1
30 49 1
29 49 1
28 49 1
27 49 1
26 49 1
25 48 1
24 49 1
23 48 1
23 47 1
22 46 1
21 45 1
21 44 1
20 43 1
20 42 1
19 41 1
19 40 1
.PEN_UP
.PEN_DOWN
24 50 1
25 51 1
25 52 1
25 53 1
25 54 1
25 55 1
26 56 1
27 57 1
28 58 1
29 59 1
30 60 1
31 61 1
32 62 1
33 63 1
34 63 1
35 64 1
36 65 1
37 65 1
38 65 1
39 65 1
40 65 1
41 65 1
42 65 1
43 65 1
44 65 1
45 65 1
46 65 1
47 65 1
48 65 1
49 65 1
50 65 1
51 64 1
52 64 1
53 63 1
54 63 1
55 62 1
56 61 1
57 61 1
58 60 1
59 59 1
59 58 1
60 57 1
61 56 1
62 55 1
63 54 1
64 54 1
65 54 1
67 55 1
67 56 1
67 57 1
68 58 1
68 59 1
68 60 1
68 61 1
68 62 1
68 63 1
67 64 1
67 65 1
67 66 1
67 67 1
67 68 1
68 69 1
68 70 1
68 71 1
.PEN_UP
.PEN_DOWN
6 23 1
5 24 1
5 25 1
4 26 1
5 27 1
6 28 1
7 29 1
7 30 1
7 31 1
7 32 1
7 33 1
7 34 1
7 35 1
7 36 1
8 37 1
8 38 1
8 39 1
8 40 1
8 41 1
8 42 1
8 43 1
8 44 1
8 45 1
8 46 1
8 47 1
8 48 1
.PEN_UP
