.PEN_DOWN
7 3 1
8 4 1
9 4 1
10 5 1
11 5 1
12 6 1
13 7 1
14 7 1
15 8 1
16 9 1
17 10 1
18 10 1
19 11 1
20 12 1
21 13 1
22 14 1
23 15 1
24 16 1
25 17 1
26 18 1
26 19 1
27 20 1
28 20 1
29 21 1
30 21 1
31 20 1
32 20 1
33 19 1
34 18 1
34 17 1
35 16 1
36 15 1
37 14 1
37 13 1
38 12 1
39 11 1
39 10 1
40 9 1
41 8 1
42 7 1
43 6 1
43 5 1
44 4 1
45 3 1
46 2 1
47 1 1
48 1 1
49 1 1
50 2 1
50 3 1
51 4 1
51 5 1
51 6 1
51 7 1
51 8 1
51 9 1
51 10 1
51 11 1
51 12 1
51 13 1
51 14 1
51 15 1
51 16 1
51 17 1
51 18 1
51 19 1
51 20 1
51 21 1
51 22 1
51 23 1
51 24 1
51 25 1
51 26 1
51 27 1
51 28 1
51 29 1
51 30 1
50 31 1
50 32 1
50 33 1
50 34 1
50 35 1
49 36 1
48 37 1
47 38 1
46 38 1
45 38 1
44 39 1
43 39 1
42 39 1
41 40 1
40 39 1
39 39 1
38 39 1
37 39 1
36 39 1
35 39 1
34 39 1
33 39 1
32 38 1
31 39 1
30 38 1
29 38 1
28 38 1
27 38 1
26 38 1
25 39 1
24 39 1
23 39 1
22 39 1
21 38 1
20 38 1
19 38 1
18 38 1
17 38 1
16 38 1
15 38 1
14 38 1
13 38 1
12 38 1
11 38 1
10 38 1
9 38 1
8 38 1
7 38 1
6 37 1
5 37 1
3 39 1
3 40 1
3 41 1
3 42 1
3 43 1
3 44 1
3 45 1
3 46 1
3 47 1
2 48 1
2 49 1
2 50 1
2 51 1
3 52 1
3 53 1
3 54 1
3 55 1
3 56 1
3 57 1
3 58 1
3 59 1
3 60 1
3 61 1
3 62 1
3 63 1
3 64 1
3 65 1
3 66 1
3 67 1
3 68 1
3 69 1
3 70 1
2 71 1
2 72 1
2 73 1
2 74 1
3 75 1
3 76 1
3 77 1
2 78 1
2 79 1
2 80 1
2 81 1
2 82 1
3 83 1
3 84 1
2 85 1
2 86 1
1 87 1
.PEN_UP
.PEN_DOWN
32 37 1
32 36 1
32 35 1
32 34 1
31 33 1
31 32 1
32 31 1
32 30 1
.PEN_UP
.PEN_DOWN
93 24 1
93 23 1
93 22 1
92 21 1
91 20 1
90 20 1
89 20 1
88 19 1
87 19 1
86 19 1
85 19 1
84 19 1
83 19 1
82 19 1
81 20 1
81 21 1
81 22 1
81 23 1
81 24 1
82 25 1
83 26 1
83 27 1
84 28 1
85 29 1
85 30 1
86 31 1
86 32 1
87 33 1
88 33 1
89 33 1
90 32 1
91 32 1
92 32 1
93 31 1
93 30 1
.PEN_UP
