.PEN_DOWN
34 1 1
34 2 1
34 3 1
34 4 1
34 5 1
34 6 1
34 7 1
34 8 1
35 9 1
35 10 1
35 11 1
35 12 1
35 13 1
35 14 1
35 15 1
35 16 1
35 17 1
34 18 1
33 19 1
32 18 1
31 18 1
30 17 1
29 16 1
28 15 1
27 14 1
26 13 1
25 12 1
24 11 1
23 11 1
22 10 1
21 9 1
20 8 1
19 8 1
18 8 1
17 7 1
16 7 1
15 7 1
14 7 1
13 7 1
12 7 1
11 8 1
10 7 1
9 7 1
8 7 1
7 7 1
6 7 1
5 8 1
4 8 1
3 8 1
2 9 1
1 10 1
1 11 1
1 12 1
1 13 1
1 14 1
1 15 1
1 16 1
1 17 1
1 18 1
1 19 1
1 20 1
1 21 1
1 22 1
1 23 1
1 24 1
1 25 1
1 26 1
1 27 1
2 28 1
2 29 1
2 30 1
2 31 1
3 32 1
4 33 1
5 33 1
6 33 1
7 33 1
8 33 1
9 33 1
10 33 1
11 33 1
12 32 1
13 32 1
14 32 1
15 31 1
16 30 1
17 29 1
17 28 1
17 27 1
17 26 1
17 25 1
17 24 1
16 23 1
16 22 1
15 21 1
15 20 1
14 19 1
14 18 1
13 17 1
13 16 1
12 15 1
11 14 1
11 13 1
11 12 1
11 11 1
11 10 1
11 9 1
.PEN_UP
.PEN_DOWN
34 20 1
34 21 1
35 22 1
35 23 1
35 24 1
36 25 1
37 26 1
38 25 1
39 25 1
40 24 1
41 23 1
41 22 1
42 21 1
42 20 1
43 19 1
44 18 1
45 17 1
46 16 1
47 16 1
48 15 1
49 15 1
50 14 1
51 14 1
52 13 1
53 13 1
54 12 1
55 12 1
56 11 1
57 11 1
58 11 1
59 11 1
60 11 1
61 12 1
61 13 1
61 14 1
61 15 1
61 16 1
61 17 1
61 18 1
61 19 1
61 20 1
61 21 1
61 22 1
61 23 1
61 24 1
61 25 1
61 26 1
61 27 1
61 28 1
61 29 1
61 30 1
61 31 1
62 32 1
62 33 1
62 34 1
62 35 1
63 36 1
63 37 1
63 38 1
63 39 1
64 40 1
64 41 1
64 42 1
65 43 1
65 44 1
66 45 1
66 46 1
67 47 1
68 48 1
68 49 1
68 50 1
69 51 1
69 52 1
69 53 1
69 54 1
70 56 1
70 57 1
71 58 1
72 59 1
73 60 1
74 61 1
.PEN_UP
.PEN_DOWN
68 55 1
67 54 1
66 54 1
65 54 1
64 54 1
63 53 1
62 52 1
61 51 1
60 50 1
59 49 1
58 49 1
57 48 1
56 47 1
55 47 1
54 46 1
53 46 1
52 45 1
51 45 1
50 45 1
49 44 1
48 44 1
47 43 1
46 43 1
45 42 1
44 42 1
43 42 1
42 41 1
41 40 1
40 40 1
39 40 1
38 40 1
37 40 1
36 39 1
36 38 1
36 37 1
36 36 1
36 35 1
36 34 1
36 33 1
36 32 1
36 31 1
36 30 1
36 29 1
36 28 1
36 27 1
.PEN_UP
.PEN_DOWN
36 41 1
36 42 1
36 43 1
36 44 1
36 45 1
36 46 1
36 47 1
36 48 1
36 49 1
36 50 1
36 51 1
36 52 1
36 53 1
36 54 1
36 55 1
36 56 1
36 57 1
36 58 1
36 59 1
36 60 1
36 61 1
36 62 1
36 63 1
36 64 1
36 65 1
36 66 1
36 67 1
36 68 1
36 69 1
36 70 1
36 71 1
36 72 1
36 73 1
36 74 1
36 75 1
36 76 1
36 77 1
36 78 1
36 79 1
36 80 1
36 81 1
36 82 1
36 83 1
36 84 1
36 85 1
37 86 1
36 87 1
36 88 1
36 89 1
36 90 1
36 91 1
36 92 1
36 93 1
36 94 1
36 95 1
36 96 1
36 97 1
36 98 1
36 99 1
36 100 1
36 101 1
36 102 1
36 103 1
36 104 1
36 105 1
36 106 1
36 107 1
.PEN_UP
