.PEN_DOWN
1 17 1
2 17 1
3 18 1
4 19 1
5 19 1
6 19 1
7 20 1
8 21 1
9 22 1
10 23 1
11 24 1
11 25 1
12 26 1
13 27 1
14 28 1
15 29 1
16 30 1
17 31 1
18 32 1
18 33 1
19 34 1
19 35 1
20 36 1
20 37 1
21 38 1
21 39 1
22 40 1
22 41 1
23 42 1
23 43 1
24 44 1
24 45 1
24 46 1
25 47 1
25 48 1
26 49 1
26 50 1
26 51 1
26 52 1
26 53 1
27 54 1
27 55 1
27 56 1
27 57 1
27 58 1
28 59 1
28 60 1
28 61 1
28 62 1
28 63 1
29 64 1
29 65 1
29 66 1
29 67 1
29 68 1
29 69 1
29 70 1
30 71 1
30 72 1
30 73 1
31 74 1
31 75 1
31 76 1
32 77 1
33 78 1
34 79 1
35 80 1
36 81 1
37 81 1
38 81 1
39 81 1
40 81 1
41 81 1
42 81 1
43 81 1
44 81 1
45 81 1
46 80 1
47 79 1
48 78 1
48 77 1
48 76 1
49 75 1
49 74 1
50 73 1
50 72 1
51 71 1
51 70 1
51 69 1
52 68 1
52 67 1
52 66 1
52 65 1
53 64 1
52 63 1
51 62 1
50 62 1
49 61 1
47 60 1
46 60 1
45 59 1
44 59 1
43 58 1
42 57 1
41 56 1
41 55 1
40 54 1
40 53 1
40 52 1
39 51 1
40 50 1
40 49 1
40 48 1
40 47 1
41 46 1
42 45 1
43 44 1
44 44 1
45 43 1
46 42 1
47 43 1
48 43 1
49 44 1
50 44 1
51 45 1
52 46 1
52 47 1
52 48 1
52 49 1
52 50 1
52 51 1
52 52 1
52 53 1
52 54 1
51 55 1
51 56 1
51 57 1
50 58 1
50 59 1
49 60 1
.PEN_UP
.PEN_DOWN
46 41 1
46 40 1
45 39 1
45 38 1
44 37 1
.PEN_UP
.PEN_DOWN
54 63 1
55 62 1
56 61 1
56 60 1
57 59 1
.PEN_UP
.PEN_DOWN
56 63 1
57 64 1
58 64 1
59 64 1
60 64 1
61 64 1
62 64 1
63 64 1
64 64 1
65 64 1
67 65 1
68 65 1
69 65 1
70 65 1
71 65 1
72 65 1
73 65 1
74 66 1
75 66 1
76 66 1
77 66 1
78 67 1
.PEN_UP
.PEN_DOWN
66 63 1
65 62 1
65 61 1
65 60 1
65 59 1
65 58 1
65 57 1
64 56 1
64 55 1
64 54 1
64 53 1
64 52 1
64 51 1
65 50 1
65 49 1
65 48 1
65 47 1
66 46 1
66 45 1
66 44 1
67 43 1
67 42 1
67 41 1
68 40 1
68 39 1
68 38 1
69 37 1
69 36 1
70 35 1
70 34 1
71 33 1
71 32 1
72 31 1
72 30 1
72 29 1
73 28 1
74 27 1
75 26 1
75 25 1
76 24 1
76 23 1
76 22 1
77 21 1
77 20 1
77 19 1
77 18 1
78 17 1
78 16 1
78 15 1
79 14 1
79 13 1
79 12 1
79 11 1
79 10 1
79 9 1
78 8 1
78 7 1
77 6 1
76 5 1
75 4 1
74 4 1
73 3 1
72 3 1
71 2 1
70 2 1
69 2 1
68 2 1
67 1 1
66 1 1
65 1 1
64 1 1
63 1 1
62 1 1
61 1 1
60 1 1
59 1 1
58 1 1
57 2 1
57 3 1
58 4 1
58 5 1
58 6 1
59 7 1
60 8 1
.PEN_UP
