.PEN_DOWN
22 17 1
23 17 1
24 17 1
25 18 1
26 19 1
26 20 1
26 21 1
26 22 1
25 23 1
25 24 1
24 25 1
23 26 1
22 27 1
21 27 1
20 28 1
19 29 1
18 29 1
17 30 1
16 30 1
15 31 1
14 31 1
13 31 1
12 31 1
11 31 1
10 31 1
9 31 1
8 31 1
7 30 1
6 29 1
5 29 1
4 28 1
3 27 1
2 26 1
1 25 1
1 24 1
1 23 1
1 22 1
1 21 1
2 20 1
2 19 1
2 18 1
3 17 1
4 16 1
4 15 1
5 14 1
6 13 1
6 12 1
7 11 1
8 10 1
9 9 1
10 8 1
11 7 1
12 6 1
13 5 1
14 4 1
15 4 1
16 3 1
17 3 1
18 3 1
19 2 1
20 1 1
21 1 1
22 1 1
23 1 1
24 1 1
25 1 1
26 2 1
27 2 1
28 2 1
29 3 1
30 4 1
31 5 1
32 6 1
32 7 1
33 8 1
34 9 1
34 10 1
35 11 1
35 12 1
36 13 1
36 14 1
36 15 1
37 16 1
37 17 1
37 18 1
38 19 1
38 20 1
39 21 1
39 22 1
40 23 1
40 24 1
40 25 1
41 26 1
41 27 1
41 28 1
42 29 1
43 30 1
43 31 1
43 32 1
44 33 1
44 34 1
45 35 1
45 36 1
46 37 1
46 38 1
47 39 1
47 40 1
48 41 1
49 42 1
50 43 1
51 44 1
52 45 1
53 46 1
54 47 1
55 47 1
56 48 1
57 48 1
58 49 1
59 50 1
60 50 1
61 50 1
62 50 1
63 50 1
64 50 1
65 50 1
66 50 1
67 50 1
68 49 1
69 48 1
70 48 1
71 48 1
72 47 1
73 46 1
74 45 1
75 44 1
76 43 1
77 42 1
78 41 1
.PEN_UP
