.PEN_DOWN
2 1 1
1 2 1
1 3 1
1 4 1
1 5 1
1 6 1
1 7 1
1 8 1
1 9 1
1 10 1
1 11 1
1 12 1
1 13 1
1 14 1
1 15 1
1 16 1
1 17 1
1 18 1
1 19 1
1 20 1
1 21 1
1 22 1
1 23 1
1 24 1
1 25 1
1 26 1
1 27 1
1 28 1
1 29 1
1 30 1
1 31 1
1 32 1
1 33 1
1 34 1
1 35 1
1 36 1
1 37 1
1 38 1
1 39 1
1 40 1
1 41 1
1 42 1
1 43 1
1 44 1
1 45 1
2 46 1
2 47 1
2 48 1
2 49 1
2 50 1
2 51 1
2 52 1
2 53 1
2 54 1
2 55 1
3 56 1
3 57 1
3 58 1
.PEN_UP
.PEN_DOWN
11 37 1
12 37 1
13 38 1
14 39 1
15 40 1
16 41 1
16 42 1
16 43 1
17 44 1
17 45 1
18 46 1
19 47 1
20 47 1
21 48 1
22 49 1
23 49 1
24 49 1
25 50 1
26 50 1
27 50 1
28 50 1
29 50 1
30 50 1
31 49 1
32 49 1
33 49 1
34 48 1
35 47 1
36 46 1
37 46 1
38 45 1
39 45 1
40 44 1
41 45 1
42 45 1
43 46 1
44 47 1
44 48 1
45 49 1
46 50 1
47 51 1
48 52 1
49 53 1
50 54 1
51 55 1
52 56 1
53 56 1
54 57 1
55 58 1
56 59 1
57 60 1
57 61 1
58 62 1
58 63 1
58 64 1
59 65 1
59 66 1
59 67 1
59 68 1
59 69 1
58 70 1
58 71 1
58 72 1
58 73 1
58 74 1
57 75 1
57 76 1
57 77 1
57 78 1
57 79 1
57 80 1
57 81 1
57 82 1
57 83 1
57 84 1
57 85 1
57 86 1
.PEN_UP
.PEN_DOWN
40 43 1
40 42 1
40 41 1
39 39 1
38 38 1
38 37 1
37 36 1
37 35 1
37 34 1
37 33 1
37 32 1
37 31 1
36 30 1
36 29 1
36 28 1
36 27 1
36 26 1
37 25 1
37 24 1
38 23 1
38 22 1
38 21 1
38 20 1
39 19 1
40 18 1
40 17 1
41 16 1
42 16 1
43 15 1
44 14 1
45 14 1
46 14 1
47 14 1
48 14 1
49 14 1
50 15 1
50 16 1
51 17 1
51 18 1
51 19 1
51 20 1
51 21 1
51 22 1
51 23 1
51 24 1
51 25 1
50 26 1
50 27 1
50 28 1
50 29 1
49 30 1
49 31 1
48 32 1
47 33 1
47 34 1
46 35 1
45 36 1
44 37 1
44 38 1
43 39 1
42 39 1
41 40 1
.PEN_UP
.PEN_DOWN
16 39 1
17 38 1
18 38 1
19 38 1
20 38 1
21 37 1
22 37 1
23 36 1
24 35 1
25 35 1
26 34 1
27 33 1
28 32 1
29 31 1
29 30 1
29 29 1
29 28 1
29 27 1
28 26 1
27 25 1
26 24 1
25 24 1
24 24 1
23 24 1
22 24 1
21 24 1
20 25 1
19 26 1
19 27 1
18 28 1
17 29 1
16 30 1
16 31 1
15 32 1
14 33 1
14 34 1
14 35 1
13 36 1
.PEN_UP
