.PEN_DOWN
1 1 1
1 2 1
1 3 1
1 4 1
1 5 1
1 6 1
1 7 1
1 8 1
1 9 1
2 10 1
4 10 1
5 10 1
6 10 1
7 10 1
8 11 1
9 11 1
10 12 1
11 12 1
12 12 1
13 12 1
14 13 1
15 13 1
16 14 1
17 14 1
18 14 1
19 14 1
20 15 1
21 15 1
22 15 1
23 15 1
24 15 1
25 15 1
26 15 1
27 15 1
28 15 1
29 16 1
30 16 1
31 16 1
32 16 1
33 16 1
34 16 1
35 16 1
36 16 1
37 16 1
38 16 1
39 16 1
40 16 1
41 16 1
42 17 1
43 17 1
44 17 1
45 17 1
46 17 1
47 17 1
48 17 1
49 17 1
50 17 1
51 18 1
52 19 1
53 20 1
53 21 1
53 22 1
53 23 1
53 24 1
53 25 1
52 26 1
52 27 1
52 28 1
52 29 1
51 30 1
51 31 1
51 32 1
51 33 1
50 34 1
50 35 1
50 36 1
49 37 1
49 38 1
48 39 1
48 40 1
48 41 1
47 42 1
46 43 1
45 44 1
44 45 1
43 46 1
42 46 1
41 46 1
40 46 1
39 46 1
38 46 1
37 46 1
36 46 1
35 45 1
34 45 1
33 44 1
32 43 1
32 42 1
32 41 1
32 40 1
32 39 1
32 38 1
32 37 1
33 36 1
33 35 1
33 34 1
34 33 1
35 32 1
36 31 1
.PEN_UP
.PEN_DOWN
3 10 1
1 12 1
1 13 1
1 14 1
1 15 1
1 16 1
1 17 1
1 18 1
1 19 1
1 20 1
1 21 1
1 22 1
1 23 1
1 24 1
1 25 1
1 26 1
1 27 1
1 28 1
1 29 1
1 30 1
1 31 1
1 32 1
1 33 1
1 34 1
1 35 1
1 36 1
2 37 1
2 38 1
2 39 1
2 40 1
2 41 1
2 42 1
.PEN_UP
