.PEN_DOWN
22 9 1
21 10 1
20 11 1
19 12 1
18 12 1
17 12 1
16 13 1
15 13 1
14 14 1
13 15 1
13 16 1
12 17 1
12 18 1
12 19 1
12 20 1
12 21 1
12 22 1
12 23 1
13 24 1
13 25 1
14 26 1
15 27 1
16 28 1
17 29 1
18 29 1
19 30 1
20 30 1
21 31 1
22 31 1
23 32 1
24 32 1
25 32 1
26 32 1
27 32 1
28 32 1
29 32 1
30 32 1
31 32 1
32 32 1
33 32 1
34 32 1
35 31 1
36 31 1
37 30 1
38 30 1
39 30 1
40 30 1
42 31 1
43 32 1
44 33 1
45 34 1
46 35 1
47 36 1
47 37 1
48 38 1
49 39 1
50 40 1
51 41 1
52 42 1
52 43 1
53 44 1
53 45 1
54 46 1
54 47 1
55 48 1
55 49 1
56 50 1
56 51 1
56 52 1
56 53 1
55 54 1
55 55 1
54 56 1
53 56 1
52 56 1
51 57 1
50 57 1
49 57 1
48 57 1
47 57 1
46 57 1
45 57 1
44 57 1
43 57 1
42 57 1
41 57 1
40 57 1
39 57 1
38 57 1
37 57 1
36 56 1
35 56 1
34 56 1
33 56 1
32 56 1
31 56 1
30 56 1
29 56 1
28 56 1
27 56 1
26 56 1
25 56 1
24 56 1
23 56 1
22 56 1
21 56 1
20 56 1
19 56 1
18 55 1
17 55 1
16 55 1
15 55 1
14 55 1
13 55 1
12 54 1
11 54 1
10 54 1
9 54 1
8 54 1
7 54 1
6 54 1
5 54 1
4 55 1
3 56 1
3 57 1
3 58 1
3 59 1
3 60 1
3 61 1
3 62 1
3 63 1
3 64 1
3 65 1
3 66 1
3 67 1
3 68 1
3 69 1
2 70 1
2 71 1
2 72 1
2 73 1
2 74 1
2 75 1
2 76 1
2 77 1
2 78 1
2 79 1
2 80 1
2 81 1
2 82 1
2 83 1
2 84 1
2 85 1
1 86 1
2 87 1
2 88 1
2 89 1
1 90 1
1 91 1
1 92 1
1 93 1
.PEN_UP
.PEN_DOWN
41 29 1
41 28 1
41 27 1
41 26 1
43 24 1
44 24 1
45 24 1
46 23 1
47 22 1
47 21 1
48 20 1
49 19 1
50 18 1
50 17 1
51 16 1
52 15 1
52 14 1
53 13 1
54 12 1
54 11 1
55 10 1
56 9 1
56 8 1
57 7 1
58 6 1
58 5 1
59 4 1
59 3 1
59 2 1
58 1 1
57 1 1
56 1 1
55 2 1
54 2 1
53 3 1
52 4 1
51 5 1
50 6 1
49 7 1
48 8 1
47 9 1
46 10 1
45 11 1
44 12 1
44 13 1
43 14 1
43 15 1
42 16 1
41 17 1
41 18 1
41 19 1
40 20 1
40 21 1
40 22 1
40 23 1
40 24 1
41 25 1
.PEN_UP
