.PEN_DOWN
25 2 1
26 1 1
27 1 1
28 1 1
29 1 1
30 1 1
31 1 1
32 1 1
33 1 1
34 1 1
35 1 1
36 2 1
37 2 1
38 2 1
39 3 1
40 3 1
41 3 1
42 3 1
43 4 1
44 5 1
45 5 1
46 6 1
47 7 1
48 8 1
49 9 1
49 10 1
50 11 1
51 12 1
52 13 1
53 14 1
53 15 1
54 16 1
54 17 1
54 18 1
55 19 1
55 20 1
55 21 1
55 22 1
55 23 1
55 24 1
55 25 1
55 26 1
55 27 1
55 28 1
55 29 1
55 30 1
55 31 1
55 32 1
55 33 1
55 34 1
55 35 1
55 36 1
55 37 1
55 38 1
54 39 1
54 40 1
54 41 1
54 42 1
54 43 1
53 44 1
53 45 1
53 46 1
53 47 1
52 48 1
52 49 1
52 50 1
51 51 1
51 52 1
51 53 1
50 54 1
49 55 1
48 56 1
47 57 1
46 57 1
45 57 1
44 58 1
43 58 1
42 58 1
41 57 1
40 57 1
39 57 1
38 56 1
37 56 1
36 56 1
35 55 1
34 54 1
33 53 1
32 52 1
31 51 1
30 50 1
29 49 1
28 49 1
27 49 1
26 49 1
25 49 1
24 49 1
23 49 1
22 48 1
21 47 1
21 46 1
21 45 1
21 44 1
21 43 1
20 42 1
19 41 1
18 41 1
17 40 1
16 40 1
15 40 1
14 40 1
13 39 1
12 39 1
11 39 1
10 39 1
9 39 1
8 39 1
7 39 1
6 39 1
5 39 1
4 40 1
3 41 1
2 41 1
1 42 1
.PEN_UP
.PEN_DOWN
21 49 1
20 50 1
18 50 1
17 50 1
16 50 1
15 51 1
14 51 1
13 51 1
12 52 1
11 53 1
10 53 1
9 53 1
8 54 1
7 54 1
6 55 1
5 55 1
4 56 1
3 57 1
2 58 1
2 59 1
2 60 1
2 61 1
2 62 1
2 63 1
3 64 1
4 65 1
5 65 1
6 65 1
7 66 1
8 66 1
9 66 1
10 65 1
11 65 1
12 65 1
13 65 1
14 65 1
15 64 1
16 63 1
17 62 1
18 61 1
19 60 1
20 59 1
20 58 1
21 57 1
21 56 1
21 55 1
21 54 1
21 53 1
20 52 1
20 51 1
.PEN_UP
