.PEN_DOWN
47 18 1
47 19 1
46 20 1
46 21 1
45 22 1
45 23 1
45 24 1
44 25 1
44 26 1
44 27 1
44 28 1
43 29 1
43 30 1
43 31 1
43 32 1
42 33 1
41 33 1
40 34 1
39 35 1
38 36 1
37 37 1
36 38 1
35 39 1
34 40 1
33 40 1
32 40 1
31 40 1
30 41 1
29 41 1
28 41 1
27 41 1
26 41 1
25 40 1
24 40 1
23 40 1
22 39 1
22 38 1
22 37 1
22 36 1
23 35 1
23 34 1
24 33 1
24 32 1
25 31 1
25 30 1
26 29 1
26 28 1
26 27 1
26 26 1
27 25 1
27 24 1
28 23 1
28 22 1
29 21 1
29 20 1
29 19 1
30 18 1
30 17 1
31 16 1
31 15 1
31 14 1
31 13 1
31 12 1
31 11 1
31 10 1
31 9 1
31 8 1
31 7 1
31 6 1
30 5 1
29 5 1
27 3 1
26 3 1
25 2 1
24 2 1
23 2 1
22 2 1
21 2 1
20 1 1
19 2 1
18 2 1
17 3 1
16 3 1
15 4 1
14 5 1
13 6 1
12 7 1
11 8 1
10 9 1
9 10 1
9 11 1
9 12 1
8 13 1
8 14 1
8 15 1
8 16 1
8 17 1
8 18 1
8 19 1
8 20 1
8 21 1
8 22 1
8 23 1
9 24 1
10 25 1
11 24 1
12 24 1
13 24 1
14 24 1
15 23 1
16 22 1
17 21 1
18 20 1
18 19 1
19 17 1
20 16 1
20 15 1
20 14 1
21 12 1
22 11 1
22 10 1
22 9 1
23 8 1
24 8 1
25 7 1
26 6 1
.PEN_UP
.PEN_DOWN
19 13 1
18 13 1
17 14 1
16 15 1
15 16 1
16 17 1
17 18 1
.PEN_UP
.PEN_DOWN
43 34 1
44 35 1
44 36 1
45 37 1
45 38 1
45 39 1
45 40 1
46 41 1
47 42 1
47 43 1
48 44 1
49 45 1
49 46 1
50 47 1
51 48 1
52 49 1
53 50 1
53 51 1
54 52 1
53 53 1
52 54 1
51 54 1
50 54 1
49 54 1
48 54 1
47 54 1
46 54 1
45 53 1
44 53 1
43 53 1
42 53 1
41 53 1
40 53 1
39 53 1
38 53 1
37 53 1
36 53 1
35 53 1
34 53 1
33 53 1
32 53 1
31 53 1
30 53 1
29 53 1
28 53 1
27 53 1
26 52 1
25 52 1
24 52 1
23 52 1
22 52 1
21 52 1
20 52 1
19 52 1
18 52 1
17 52 1
16 52 1
15 52 1
14 52 1
13 52 1
12 51 1
11 51 1
10 51 1
9 50 1
8 50 1
7 50 1
6 50 1
5 49 1
4 50 1
3 50 1
2 50 1
1 49 1
2 48 1
3 47 1
4 48 1
.PEN_UP
