.PEN_DOWN
33 2 1
33 3 1
32 4 1
31 5 1
31 6 1
31 7 1
31 8 1
30 9 1
30 10 1
30 11 1
30 12 1
30 13 1
30 14 1
29 15 1
28 16 1
27 17 1
26 17 1
25 17 1
24 17 1
23 16 1
22 15 1
21 14 1
21 13 1
20 12 1
19 11 1
19 10 1
18 9 1
17 8 1
16 7 1
15 6 1
15 5 1
14 4 1
13 4 1
12 3 1
11 2 1
10 2 1
9 1 1
8 1 1
7 1 1
6 1 1
5 1 1
4 2 1
3 3 1
3 4 1
2 5 1
2 6 1
2 7 1
1 8 1
1 9 1
1 10 1
1 11 1
1 12 1
2 13 1
2 14 1
2 15 1
3 16 1
3 17 1
3 18 1
4 19 1
4 20 1
5 21 1
5 22 1
6 23 1
7 24 1
7 25 1
8 26 1
9 27 1
9 28 1
10 29 1
11 30 1
11 31 1
11 32 1
11 33 1
11 34 1
12 36 1
13 37 1
14 38 1
15 39 1
16 40 1
17 41 1
18 42 1
19 43 1
20 43 1
21 43 1
22 43 1
23 43 1
24 44 1
25 44 1
26 45 1
27 46 1
28 47 1
29 48 1
30 49 1
31 49 1
32 50 1
.PEN_UP
.PEN_DOWN
10 35 1
9 35 1
8 34 1
7 34 1
6 34 1
5 34 1
4 34 1
.PEN_UP
