.PEN_DOWN
6 12 1
6 11 1
6 10 1
6 9 1
6 8 1
6 7 1
6 6 1
7 5 1
8 4 1
9 3 1
10 3 1
11 3 1
12 2 1
13 1 1
14 1 1
15 1 1
16 1 1
17 1 1
18 1 1
19 1 1
20 1 1
21 2 1
22 2 1
23 2 1
24 3 1
25 3 1
26 3 1
27 3 1
28 3 1
29 4 1
30 5 1
31 5 1
32 6 1
33 6 1
34 7 1
35 8 1
35 9 1
35 10 1
36 11 1
36 12 1
36 13 1
36 14 1
35 15 1
35 16 1
34 17 1
34 18 1
34 19 1
33 20 1
32 21 1
31 22 1
31 23 1
30 24 1
29 25 1
28 26 1
28 27 1
28 28 1
28 29 1
29 30 1
29 31 1
30 32 1
30 33 1
31 34 1
31 35 1
32 36 1
33 37 1
34 38 1
35 37 1
36 37 1
37 37 1
.PEN_UP
.PEN_DOWN
53 18 1
52 19 1
51 20 1
51 21 1
50 22 1
50 23 1
49 24 1
48 25 1
48 26 1
47 27 1
47 28 1
46 29 1
46 30 1
46 31 1
45 32 1
44 33 1
44 34 1
44 35 1
45 36 1
45 37 1
45 38 1
45 39 1
45 40 1
45 41 1
45 42 1
45 43 1
45 44 1
45 45 1
45 46 1
45 47 1
46 48 1
46 49 1
46 50 1
47 51 1
48 52 1
49 54 1
50 54 1
51 54 1
52 54 1
53 54 1
54 54 1
55 54 1
.PEN_UP
.PEN_DOWN
47 53 1
46 54 1
45 54 1
44 54 1
43 54 1
42 54 1
41 54 1
40 54 1
39 54 1
38 54 1
37 54 1
36 54 1
35 54 1
34 53 1
33 53 1
32 54 1
31 54 1
30 54 1
29 54 1
28 54 1
27 54 1
26 53 1
25 53 1
24 53 1
23 53 1
22 53 1
21 53 1
20 53 1
19 53 1
18 53 1
17 53 1
16 52 1
15 52 1
14 52 1
13 52 1
12 52 1
11 52 1
10 52 1
9 51 1
8 51 1
7 51 1
6 51 1
5 52 1
5 53 1
4 54 1
4 55 1
4 56 1
4 57 1
4 58 1
4 59 1
4 60 1
4 61 1
3 62 1
3 63 1
3 64 1
3 65 1
3 66 1
3 67 1
3 68 1
3 69 1
2 70 1
2 71 1
2 72 1
2 73 1
2 74 1
2 75 1
2 76 1
2 77 1
2 78 1
2 79 1
1 80 1
1 81 1
1 82 1
1 83 1
1 84 1
1 85 1
1 86 1
1 87 1
1 88 1
2 89 1
2 90 1
2 91 1
2 92 1
2 93 1
.PEN_UP
