.PEN_DOWN
8 1 1
7 2 1
6 3 1
5 4 1
5 5 1
4 6 1
3 7 1
3 8 1
3 9 1
3 10 1
2 11 1
2 12 1
2 13 1
2 14 1
2 15 1
2 16 1
2 17 1
2 18 1
2 19 1
2 20 1
2 21 1
2 22 1
2 23 1
1 24 1
1 25 1
1 26 1
1 27 1
1 28 1
1 29 1
1 30 1
1 31 1
2 32 1
2 33 1
2 34 1
3 35 1
4 36 1
6 36 1
7 36 1
8 36 1
9 36 1
10 36 1
11 37 1
12 37 1
13 37 1
14 37 1
15 37 1
16 37 1
17 37 1
18 37 1
19 37 1
20 37 1
21 37 1
22 37 1
23 37 1
24 37 1
26 38 1
27 38 1
28 38 1
29 38 1
30 39 1
31 39 1
32 39 1
33 39 1
34 39 1
35 39 1
36 39 1
37 40 1
38 40 1
39 40 1
40 41 1
41 41 1
42 42 1
43 43 1
44 44 1
45 45 1
45 46 1
46 47 1
46 48 1
45 49 1
45 50 1
44 51 1
44 52 1
43 53 1
43 54 1
42 55 1
41 55 1
40 56 1
39 57 1
40 58 1
40 59 1
39 60 1
38 60 1
37 59 1
35 59 1
34 59 1
33 58 1
32 58 1
31 58 1
30 58 1
29 58 1
28 58 1
27 58 1
26 57 1
25 56 1
24 55 1
24 54 1
24 53 1
23 52 1
23 51 1
23 50 1
23 49 1
23 48 1
23 47 1
23 46 1
24 45 1
24 44 1
24 43 1
24 42 1
24 41 1
24 40 1
24 39 1
25 38 1
25 36 1
25 35 1
25 34 1
26 33 1
26 32 1
27 31 1
27 30 1
27 29 1
.PEN_UP
.PEN_DOWN
5 36 1
4 38 1
3 39 1
3 40 1
3 41 1
3 42 1
3 43 1
3 44 1
3 45 1
3 46 1
3 47 1
3 48 1
3 49 1
3 50 1
3 51 1
2 52 1
1 53 1
2 54 1
3 55 1
4 54 1
4 53 1
4 52 1
.PEN_UP
.PEN_DOWN
4 56 1
5 57 1
6 58 1
6 59 1
6 60 1
6 61 1
.PEN_UP
