.PEN_DOWN
2 1 1
2 2 1
2 3 1
2 4 1
2 5 1
2 6 1
1 7 1
2 8 1
2 9 1
3 10 1
3 11 1
3 12 1
4 13 1
4 14 1
4 15 1
4 16 1
5 17 1
5 18 1
5 19 1
5 20 1
5 21 1
5 22 1
5 23 1
5 24 1
5 25 1
5 26 1
4 27 1
4 28 1
4 29 1
4 30 1
4 31 1
4 32 1
3 33 1
3 34 1
3 35 1
2 36 1
2 37 1
2 38 1
1 39 1
1 40 1
1 41 1
1 42 1
1 43 1
1 44 1
1 45 1
1 46 1
1 47 1
1 48 1
1 49 1
2 50 1
3 50 1
4 51 1
5 51 1
6 51 1
7 52 1
8 52 1
9 52 1
10 52 1
11 53 1
12 53 1
13 53 1
14 54 1
15 54 1
16 54 1
18 56 1
18 57 1
18 58 1
19 59 1
19 60 1
19 61 1
19 62 1
19 63 1
19 64 1
19 65 1
19 66 1
19 67 1
19 68 1
18 69 1
19 70 1
19 71 1
19 72 1
19 73 1
19 74 1
19 75 1
19 76 1
19 77 1
19 78 1
19 79 1
19 80 1
19 81 1
20 82 1
20 83 1
20 84 1
20 85 1
21 86 1
21 87 1
22 88 1
22 89 1
23 90 1
23 91 1
23 92 1
24 93 1
25 94 1
.PEN_UP
.PEN_DOWN
18 53 1
19 53 1
21 54 1
22 54 1
23 55 1
24 55 1
25 55 1
26 55 1
27 55 1
28 56 1
29 56 1
30 56 1
31 56 1
32 56 1
33 57 1
34 57 1
35 57 1
36 58 1
37 58 1
38 58 1
39 58 1
40 59 1
41 59 1
42 59 1
43 59 1
44 59 1
45 59 1
46 59 1
47 60 1
48 60 1
49 60 1
50 60 1
51 60 1
52 60 1
53 60 1
54 61 1
55 61 1
56 61 1
57 61 1
58 61 1
59 61 1
60 62 1
61 62 1
62 62 1
63 62 1
64 62 1
65 62 1
66 62 1
67 62 1
68 63 1
69 63 1
70 63 1
71 63 1
72 63 1
73 64 1
74 64 1
75 64 1
76 64 1
77 64 1
78 64 1
79 64 1
80 64 1
81 65 1
82 65 1
83 65 1
84 66 1
85 66 1
86 67 1
86 68 1
87 69 1
87 70 1
88 71 1
88 72 1
88 73 1
88 74 1
88 75 1
88 76 1
88 77 1
88 78 1
88 79 1
88 80 1
87 81 1
87 82 1
87 83 1
86 84 1
85 85 1
85 86 1
84 87 1
83 88 1
82 88 1
81 89 1
80 89 1
79 90 1
78 90 1
77 90 1
76 90 1
75 90 1
74 89 1
73 88 1
73 87 1
.PEN_UP
.PEN_DOWN
20 52 1
20 50 1
20 49 1
19 48 1
19 47 1
20 46 1
20 45 1
20 44 1
20 43 1
20 42 1
20 41 1
21 40 1
21 39 1
21 38 1
21 37 1
22 36 1
22 35 1
22 34 1
22 33 1
22 32 1
23 31 1
23 30 1
23 29 1
23 28 1
23 27 1
23 26 1
23 25 1
23 24 1
23 23 1
23 22 1
23 21 1
23 20 1
23 19 1
23 18 1
23 17 1
23 16 1
23 15 1
23 14 1
.PEN_UP
.PEN_DOWN
21 51 1
22 50 1
23 49 1
24 49 1
25 48 1
26 47 1
26 46 1
27 45 1
.PEN_UP
