.PEN_DOWN
1 30 1
1 29 1
1 28 1
2 27 1
3 26 1
3 25 1
4 24 1
5 23 1
6 22 1
7 21 1
8 21 1
9 20 1
10 20 1
11 20 1
12 20 1
13 19 1
14 19 1
15 19 1
16 20 1
16 21 1
17 22 1
17 23 1
17 24 1
17 25 1
17 26 1
17 27 1
17 28 1
16 29 1
16 30 1
16 31 1
16 32 1
16 33 1
16 34 1
16 35 1
16 36 1
16 37 1
16 38 1
16 39 1
16 40 1
16 41 1
16 42 1
17 43 1
17 44 1
17 45 1
18 46 1
18 47 1
19 48 1
19 49 1
20 50 1
21 51 1
22 51 1
23 51 1
24 52 1
25 52 1
26 52 1
27 52 1
28 52 1
29 52 1
30 52 1
31 51 1
32 50 1
33 50 1
34 50 1
35 49 1
36 49 1
37 48 1
38 47 1
39 46 1
40 46 1
41 45 1
42 45 1
43 44 1
44 43 1
45 44 1
46 44 1
47 44 1
48 43 1
49 43 1
50 43 1
51 43 1
52 42 1
53 42 1
54 42 1
55 42 1
56 42 1
57 42 1
58 42 1
59 42 1
60 42 1
61 42 1
62 43 1
63 43 1
64 44 1
65 44 1
66 44 1
67 45 1
68 46 1
69 47 1
70 47 1
71 48 1
71 49 1
72 50 1
73 51 1
74 52 1
75 53 1
75 54 1
76 55 1
.PEN_UP
.PEN_DOWN
45 42 1
45 41 1
45 40 1
46 39 1
47 38 1
48 37 1
49 36 1
50 35 1
51 34 1
52 33 1
53 32 1
54 31 1
54 30 1
54 29 1
54 28 1
55 27 1
56 25 1
57 24 1
58 24 1
59 23 1
60 23 1
61 22 1
62 21 1
63 21 1
64 20 1
65 19 1
66 18 1
67 18 1
68 17 1
69 16 1
70 15 1
71 14 1
72 13 1
73 12 1
74 11 1
75 11 1
76 10 1
77 9 1
77 8 1
78 7 1
79 6 1
80 5 1
80 4 1
81 3 1
82 2 1
83 1 1
.PEN_UP
.PEN_DOWN
54 26 1
53 26 1
52 26 1
51 27 1
50 27 1
49 27 1
48 27 1
47 27 1
46 28 1
45 28 1
44 28 1
43 28 1
42 28 1
41 28 1
40 27 1
39 27 1
38 27 1
37 27 1
36 26 1
35 25 1
34 24 1
33 23 1
32 22 1
32 21 1
32 20 1
32 19 1
32 18 1
32 17 1
32 16 1
32 15 1
32 14 1
33 13 1
34 12 1
35 11 1
36 11 1
37 11 1
38 11 1
39 10 1
40 9 1
41 9 1
42 8 1
42 7 1
43 6 1
44 5 1
45 4 1
.PEN_UP
