.PEN_DOWN
2 1 1
2 2 1
2 3 1
1 4 1
1 5 1
2 6 1
2 7 1
3 8 1
3 9 1
3 10 1
4 11 1
4 12 1
4 13 1
4 14 1
5 15 1
5 16 1
5 17 1
6 18 1
6 19 1
6 20 1
7 21 1
7 22 1
7 23 1
7 24 1
8 25 1
8 26 1
8 27 1
9 28 1
9 29 1
9 30 1
10 31 1
10 32 1
11 33 1
11 34 1
12 35 1
12 36 1
13 37 1
14 38 1
15 39 1
16 39 1
17 39 1
18 40 1
19 40 1
20 40 1
21 40 1
22 40 1
23 39 1
24 39 1
25 38 1
26 37 1
27 37 1
28 36 1
29 36 1
30 35 1
31 34 1
32 34 1
33 33 1
34 33 1
36 30 1
37 30 1
38 29 1
39 29 1
40 29 1
.PEN_UP
.PEN_DOWN
35 32 1
36 34 1
37 35 1
38 35 1
39 35 1
40 35 1
41 35 1
42 35 1
43 35 1
44 35 1
45 34 1
46 34 1
47 34 1
48 33 1
49 32 1
50 32 1
51 31 1
52 30 1
53 30 1
54 29 1
55 28 1
56 27 1
57 26 1
58 25 1
59 24 1
59 23 1
60 22 1
61 22 1
62 21 1
63 21 1
64 20 1
65 19 1
65 18 1
65 17 1
66 16 1
66 15 1
67 14 1
68 13 1
69 12 1
69 11 1
70 10 1
70 9 1
71 8 1
72 7 1
73 6 1
74 5 1
75 4 1
76 3 1
77 2 1
78 1 1
.PEN_UP
.PEN_DOWN
64 22 1
65 23 1
65 24 1
65 25 1
65 26 1
66 27 1
66 28 1
67 29 1
67 30 1
68 31 1
69 32 1
70 33 1
71 34 1
72 35 1
72 36 1
72 37 1
72 38 1
72 39 1
71 40 1
71 41 1
70 42 1
69 43 1
69 44 1
68 45 1
67 46 1
66 47 1
65 48 1
64 49 1
63 50 1
62 51 1
61 52 1
.PEN_UP
.PEN_DOWN
35 31 1
34 30 1
34 29 1
34 28 1
34 27 1
34 26 1
35 25 1
35 24 1
35 23 1
36 22 1
37 21 1
37 20 1
38 19 1
39 19 1
40 19 1
41 18 1
42 18 1
43 18 1
44 18 1
45 17 1
.PEN_UP
