.PEN_DOWN
26 3 1
25 2 1
24 1 1
23 1 1
22 1 1
21 1 1
20 2 1
19 2 1
18 2 1
17 3 1
17 4 1
17 5 1
16 6 1
16 7 1
16 8 1
16 9 1
15 10 1
15 11 1
15 12 1
15 13 1
15 14 1
15 15 1
15 16 1
15 17 1
16 18 1
17 19 1
18 19 1
19 20 1
20 20 1
21 20 1
22 20 1
23 20 1
24 20 1
25 20 1
26 20 1
27 20 1
28 20 1
29 19 1
30 19 1
31 19 1
32 18 1
33 17 1
34 16 1
35 16 1
36 15 1
37 14 1
38 13 1
39 13 1
40 13 1
41 12 1
42 11 1
43 10 1
44 9 1
44 8 1
45 7 1
45 6 1
46 5 1
47 4 1
.PEN_UP
.PEN_DOWN
42 13 1
42 14 1
42 15 1
42 16 1
42 17 1
42 18 1
42 19 1
42 20 1
42 21 1
42 22 1
42 23 1
42 24 1
43 25 1
43 26 1
43 27 1
44 28 1
44 29 1
45 30 1
46 31 1
46 32 1
46 33 1
47 34 1
48 35 1
49 36 1
50 36 1
51 36 1
52 37 1
.PEN_UP
.PEN_DOWN
46 35 1
45 35 1
44 35 1
43 35 1
42 35 1
41 35 1
40 35 1
39 35 1
38 35 1
37 34 1
36 34 1
35 34 1
34 34 1
33 34 1
32 33 1
31 33 1
30 33 1
29 33 1
28 33 1
27 33 1
26 33 1
25 33 1
24 32 1
23 32 1
22 32 1
21 32 1
20 31 1
19 31 1
18 31 1
17 31 1
16 31 1
15 31 1
13 30 1
12 30 1
11 30 1
10 30 1
9 30 1
8 30 1
7 29 1
6 29 1
5 29 1
4 29 1
3 29 1
2 28 1
1 28 1
.PEN_UP
.PEN_DOWN
14 31 1
15 33 1
15 34 1
15 35 1
16 36 1
16 37 1
17 38 1
18 39 1
18 40 1
18 41 1
18 42 1
19 43 1
19 44 1
19 45 1
19 46 1
19 47 1
19 48 1
19 49 1
19 50 1
18 51 1
18 52 1
18 53 1
18 54 1
17 55 1
17 56 1
17 57 1
17 58 1
.PEN_UP
