.PEN_DOWN
20 1 1
19 2 1
19 3 1
18 4 1
18 5 1
18 6 1
17 7 1
17 8 1
17 9 1
17 10 1
17 11 1
17 12 1
17 13 1
17 14 1
17 15 1
16 16 1
16 17 1
16 18 1
16 19 1
17 20 1
17 21 1
17 22 1
17 23 1
18 24 1
18 25 1
18 26 1
18 27 1
19 28 1
21 27 1
22 27 1
23 26 1
23 25 1
24 24 1
25 23 1
26 22 1
27 21 1
28 21 1
29 20 1
30 20 1
31 19 1
32 19 1
33 19 1
34 19 1
35 20 1
36 20 1
37 21 1
37 22 1
38 23 1
38 24 1
38 25 1
38 26 1
38 27 1
38 28 1
38 29 1
37 30 1
37 31 1
37 32 1
37 33 1
37 34 1
37 35 1
36 36 1
36 37 1
36 38 1
35 39 1
34 40 1
34 41 1
33 42 1
31 43 1
30 43 1
29 44 1
28 44 1
27 44 1
26 44 1
25 44 1
24 44 1
23 44 1
22 44 1
20 45 1
19 46 1
19 47 1
19 48 1
19 49 1
19 50 1
19 51 1
19 52 1
19 53 1
19 54 1
19 55 1
19 56 1
19 57 1
18 59 1
17 60 1
17 61 1
17 62 1
17 63 1
17 64 1
17 65 1
17 66 1
18 67 1
18 68 1
19 69 1
.PEN_UP
.PEN_DOWN
19 58 1
21 59 1
22 59 1
23 60 1
24 61 1
24 62 1
25 63 1
26 63 1
28 65 1
29 65 1
30 64 1
31 64 1
32 64 1
33 64 1
34 63 1
34 62 1
33 61 1
32 60 1
31 59 1
32 58 1
32 57 1
32 56 1
32 55 1
.PEN_UP
.PEN_DOWN
30 60 1
29 61 1
28 62 1
27 63 1
.PEN_UP
.PEN_DOWN
35 61 1
35 60 1
36 59 1
36 58 1
36 57 1
36 56 1
36 55 1
36 54 1
36 53 1
37 52 1
37 51 1
37 50 1
37 49 1
37 48 1
36 47 1
36 46 1
35 45 1
34 44 1
33 43 1
.PEN_UP
.PEN_DOWN
21 43 1
21 42 1
21 41 1
21 40 1
20 39 1
20 38 1
20 37 1
20 36 1
20 35 1
20 34 1
20 33 1
19 32 1
19 31 1
19 30 1
20 29 1
.PEN_UP
.PEN_DOWN
4 66 1
4 67 1
4 68 1
4 69 1
5 70 1
4 71 1
3 72 1
2 73 1
2 74 1
2 75 1
2 76 1
2 77 1
2 78 1
2 79 1
2 80 1
2 81 1
2 82 1
2 83 1
2 84 1
2 85 1
2 86 1
2 87 1
2 88 1
2 89 1
2 90 1
2 91 1
2 92 1
2 93 1
2 94 1
2 95 1
2 96 1
2 97 1
2 98 1
2 99 1
2 100 1
2 101 1
1 102 1
1 103 1
1 104 1
2 105 1
2 106 1
2 107 1
2 108 1
2 109 1
2 110 1
2 111 1
2 112 1
2 113 1
2 114 1
2 115 1
2 116 1
2 117 1
2 118 1
2 119 1
2 120 1
2 121 1
2 122 1
2 123 1
2 124 1
2 125 1
2 126 1
2 127 1
2 128 1
2 129 1
2 130 1
2 131 1
2 132 1
2 133 1
2 134 1
2 135 1
2 136 1
2 137 1
2 138 1
2 139 1
2 140 1
2 141 1
1 142 1
1 143 1
.PEN_UP
.PEN_DOWN
5 72 1
6 72 1
7 73 1
8 73 1
9 74 1
10 74 1
11 75 1
12 75 1
13 75 1
14 75 1
15 76 1
16 76 1
17 76 1
18 76 1
19 76 1
20 76 1
21 77 1
22 77 1
23 77 1
24 77 1
25 77 1
26 77 1
27 77 1
28 77 1
29 77 1
30 77 1
31 77 1
32 77 1
33 77 1
34 77 1
35 77 1
36 77 1
37 77 1
38 77 1
39 77 1
40 77 1
41 77 1
42 76 1
43 76 1
44 76 1
45 76 1
46 76 1
47 76 1
48 75 1
49 75 1
50 75 1
.PEN_UP
