.PEN_DOWN
1 17 1
1 18 1
1 19 1
1 20 1
2 21 1
2 22 1
3 23 1
3 24 1
3 25 1
4 26 1
4 27 1
5 28 1
5 29 1
5 30 1
6 31 1
6 32 1
6 33 1
6 34 1
7 35 1
7 36 1
7 37 1
7 38 1
7 39 1
8 40 1
8 41 1
8 42 1
8 43 1
8 44 1
9 45 1
9 46 1
9 47 1
9 48 1
9 49 1
9 50 1
10 51 1
10 52 1
10 53 1
10 54 1
10 55 1
11 56 1
11 57 1
11 58 1
12 59 1
12 60 1
12 61 1
12 62 1
12 63 1
12 64 1
13 65 1
13 66 1
13 67 1
13 68 1
14 69 1
14 70 1
14 71 1
14 72 1
15 73 1
15 74 1
16 75 1
17 76 1
17 77 1
18 78 1
19 79 1
20 80 1
21 80 1
22 81 1
23 81 1
24 81 1
25 81 1
26 81 1
27 80 1
28 80 1
29 80 1
30 79 1
31 79 1
32 78 1
33 78 1
34 77 1
35 76 1
36 75 1
36 74 1
37 73 1
38 72 1
38 71 1
39 70 1
40 69 1
40 68 1
41 67 1
41 66 1
42 65 1
42 64 1
43 63 1
43 62 1
44 61 1
44 60 1
45 59 1
45 58 1
46 57 1
46 56 1
46 55 1
47 54 1
47 53 1
46 52 1
47 50 1
47 49 1
48 48 1
49 47 1
50 48 1
51 49 1
52 50 1
53 50 1
54 51 1
55 52 1
56 52 1
57 52 1
58 52 1
59 53 1
60 53 1
61 53 1
62 53 1
63 53 1
64 53 1
65 53 1
66 53 1
67 52 1
68 52 1
69 51 1
70 50 1
71 49 1
71 48 1
72 47 1
72 46 1
72 45 1
72 44 1
73 43 1
73 42 1
73 41 1
73 40 1
73 39 1
73 38 1
73 37 1
74 36 1
74 35 1
74 34 1
74 33 1
74 32 1
74 31 1
74 30 1
74 29 1
74 28 1
74 27 1
74 26 1
74 25 1
73 24 1
73 23 1
73 22 1
73 21 1
72 20 1
72 19 1
72 18 1
72 17 1
72 16 1
72 15 1
71 14 1
71 13 1
71 12 1
70 11 1
70 10 1
69 9 1
69 8 1
68 7 1
68 6 1
67 5 1
66 4 1
65 3 1
64 2 1
63 1 1
62 1 1
61 1 1
60 1 1
59 1 1
58 2 1
.PEN_UP
.PEN_DOWN
49 46 1
49 45 1
49 44 1
49 43 1
49 42 1
49 41 1
49 40 1
49 39 1
49 38 1
50 37 1
50 36 1
50 35 1
50 34 1
51 33 1
51 32 1
51 31 1
.PEN_UP
.PEN_DOWN
46 51 1
44 52 1
43 52 1
42 53 1
41 54 1
40 55 1
39 56 1
38 56 1
37 56 1
36 56 1
35 56 1
34 56 1
33 56 1
32 56 1
31 56 1
30 55 1
29 54 1
28 53 1
27 52 1
27 51 1
27 50 1
26 49 1
26 48 1
26 47 1
26 46 1
26 45 1
26 44 1
26 43 1
26 42 1
26 41 1
26 40 1
26 39 1
26 38 1
26 37 1
26 36 1
26 35 1
26 34 1
27 33 1
28 32 1
28 31 1
29 30 1
30 29 1
31 29 1
32 30 1
33 30 1
34 30 1
.PEN_UP
