.PEN_DOWN
40 5 1
40 6 1
40 7 1
40 8 1
39 9 1
39 10 1
39 11 1
38 12 1
38 13 1
38 14 1
38 15 1
38 16 1
38 17 1
37 18 1
35 18 1
34 18 1
33 17 1
32 17 1
31 16 1
30 16 1
29 15 1
28 15 1
27 14 1
26 14 1
25 14 1
24 14 1
23 14 1
22 14 1
21 14 1
20 14 1
19 14 1
18 14 1
17 14 1
16 14 1
15 14 1
14 15 1
13 16 1
12 17 1
11 18 1
10 18 1
9 18 1
8 19 1
7 20 1
6 21 1
6 22 1
5 23 1
4 24 1
4 25 1
4 26 1
4 27 1
3 28 1
2 29 1
2 30 1
2 31 1
2 32 1
1 33 1
1 34 1
1 35 1
1 36 1
1 37 1
1 38 1
1 39 1
1 40 1
1 41 1
1 42 1
1 43 1
2 44 1
2 45 1
3 46 1
3 47 1
4 48 1
4 49 1
5 50 1
6 51 1
7 52 1
8 53 1
9 54 1
10 55 1
11 55 1
12 55 1
13 56 1
14 56 1
15 56 1
16 55 1
17 55 1
18 54 1
19 53 1
20 52 1
20 51 1
20 50 1
20 49 1
21 48 1
21 47 1
22 46 1
22 45 1
22 44 1
22 43 1
22 42 1
22 41 1
22 40 1
21 39 1
21 38 1
21 37 1
21 36 1
21 35 1
20 34 1
20 33 1
20 32 1
20 31 1
19 30 1
19 29 1
19 28 1
18 27 1
17 26 1
17 25 1
16 24 1
16 23 1
15 22 1
14 21 1
14 20 1
14 19 1
13 18 1
.PEN_UP
.PEN_DOWN
36 18 1
37 20 1
38 21 1
38 22 1
38 23 1
39 24 1
39 25 1
40 26 1
40 27 1
40 28 1
40 29 1
40 30 1
40 31 1
40 32 1
40 33 1
40 34 1
41 35 1
41 36 1
42 37 1
43 38 1
44 38 1
45 38 1
46 38 1
47 38 1
48 38 1
49 38 1
50 39 1
51 40 1
52 41 1
53 41 1
54 41 1
55 42 1
56 42 1
57 42 1
58 42 1
59 43 1
60 43 1
61 43 1
62 44 1
63 44 1
64 44 1
65 44 1
66 44 1
67 45 1
68 45 1
69 45 1
70 45 1
71 45 1
72 45 1
73 45 1
74 46 1
75 46 1
76 46 1
77 46 1
78 46 1
79 46 1
80 46 1
81 46 1
82 46 1
83 46 1
84 46 1
85 47 1
86 47 1
87 47 1
88 48 1
89 48 1
90 48 1
.PEN_UP
.PEN_DOWN
85 45 1
85 44 1
85 43 1
84 42 1
84 41 1
83 40 1
82 39 1
81 38 1
80 37 1
80 36 1
79 35 1
78 34 1
77 33 1
76 32 1
76 31 1
75 30 1
75 29 1
74 28 1
74 27 1
73 26 1
73 25 1
72 24 1
72 23 1
71 22 1
71 21 1
70 20 1
70 19 1
70 18 1
70 17 1
69 16 1
68 15 1
67 14 1
65 15 1
64 16 1
63 17 1
62 18 1
62 19 1
61 20 1
61 21 1
60 22 1
59 23 1
59 24 1
58 25 1
58 26 1
57 27 1
56 28 1
56 29 1
55 30 1
54 31 1
54 32 1
53 33 1
52 34 1
51 35 1
50 36 1
50 37 1
.PEN_UP
.PEN_DOWN
66 14 1
68 12 1
68 11 1
68 10 1
68 9 1
68 8 1
68 7 1
68 6 1
68 5 1
68 4 1
69 3 1
69 2 1
69 1 1
.PEN_UP
