.PEN_DOWN
1 1 1
2 1 1
3 2 1
4 2 1
5 3 1
5 4 1
6 5 1
7 6 1
8 7 1
8 8 1
9 9 1
9 10 1
10 11 1
10 12 1
11 13 1
12 14 1
12 15 1
13 16 1
14 17 1
15 17 1
16 17 1
17 17 1
18 17 1
19 17 1
20 18 1
21 19 1
21 20 1
22 21 1
22 22 1
23 23 1
24 24 1
24 25 1
24 26 1
25 27 1
24 28 1
23 28 1
22 29 1
21 29 1
20 29 1
19 28 1
18 28 1
17 28 1
16 28 1
15 28 1
14 29 1
13 29 1
12 28 1
11 28 1
10 28 1
9 28 1
8 28 1
7 28 1
6 28 1
5 28 1
4 28 1
3 28 1
2 29 1
1 30 1
1 31 1
1 32 1
1 33 1
1 34 1
1 35 1
1 36 1
1 37 1
2 38 1
2 39 1
2 40 1
2 41 1
2 42 1
3 43 1
3 44 1
3 45 1
4 46 1
.PEN_UP
.PEN_DOWN
20 16 1
20 15 1
20 14 1
20 13 1
21 12 1
21 11 1
21 10 1
22 9 1
22 8 1
.PEN_UP
