.PEN_DOWN
18 15 1
18 16 1
18 17 1
19 18 1
18 19 1
18 20 1
18 21 1
18 22 1
18 23 1
18 24 1
17 25 1
17 26 1
16 27 1
16 28 1
15 29 1
15 30 1
14 31 1
13 31 1
12 32 1
11 33 1
10 33 1
9 33 1
8 33 1
7 33 1
6 33 1
5 33 1
4 32 1
3 31 1
2 30 1
2 29 1
1 28 1
1 27 1
1 26 1
1 25 1
1 24 1
1 23 1
1 22 1
1 21 1
1 20 1
1 19 1
1 18 1
1 17 1
1 16 1
1 15 1
1 14 1
2 13 1
2 12 1
2 11 1
2 10 1
3 9 1
4 8 1
4 7 1
5 6 1
6 5 1
7 5 1
8 4 1
9 4 1
10 3 1
11 3 1
12 3 1
13 3 1
14 2 1
15 2 1
16 2 1
17 2 1
18 1 1
19 1 1
20 1 1
21 1 1
22 1 1
23 1 1
24 1 1
25 1 1
26 2 1
27 2 1
28 2 1
29 2 1
30 3 1
31 3 1
32 4 1
33 5 1
34 6 1
35 7 1
36 8 1
37 9 1
38 10 1
38 11 1
38 12 1
39 13 1
40 14 1
40 15 1
40 16 1
40 17 1
41 18 1
41 19 1
41 20 1
41 21 1
41 22 1
42 23 1
42 24 1
42 25 1
42 26 1
43 27 1
43 28 1
43 29 1
43 30 1
44 31 1
45 32 1
45 33 1
45 34 1
45 35 1
45 36 1
46 37 1
46 38 1
46 39 1
47 40 1
47 41 1
47 42 1
47 43 1
47 44 1
47 45 1
48 46 1
47 48 1
47 49 1
48 50 1
49 50 1
50 50 1
52 51 1
53 52 1
54 52 1
55 52 1
56 52 1
57 52 1
58 52 1
59 52 1
60 52 1
61 52 1
62 52 1
63 52 1
64 51 1
65 51 1
66 50 1
66 49 1
67 48 1
68 47 1
68 46 1
69 45 1
.PEN_UP
