.PEN_DOWN
17 4 1
16 3 1
15 2 1
14 2 1
13 2 1
12 2 1
11 2 1
10 1 1
9 1 1
8 2 1
8 3 1
7 4 1
7 5 1
7 6 1
7 7 1
7 8 1
6 9 1
6 10 1
6 11 1
6 12 1
6 13 1
5 14 1
5 15 1
5 16 1
5 17 1
5 18 1
5 19 1
4 20 1
5 21 1
5 22 1
5 23 1
5 24 1
5 25 1
4 26 1
4 27 1
4 28 1
4 29 1
4 30 1
4 31 1
4 32 1
4 33 1
4 34 1
4 35 1
3 36 1
3 37 1
3 38 1
3 39 1
3 40 1
3 41 1
3 42 1
3 43 1
3 44 1
3 45 1
3 46 1
3 47 1
3 48 1
3 49 1
3 50 1
3 51 1
2 52 1
2 53 1
2 54 1
2 55 1
2 56 1
2 57 1
2 58 1
2 59 1
2 60 1
2 61 1
2 62 1
2 63 1
2 64 1
2 65 1
2 66 1
1 67 1
1 68 1
1 69 1
1 70 1
1 71 1
1 72 1
1 73 1
1 74 1
1 75 1
1 76 1
1 77 1
1 78 1
1 79 1
1 80 1
1 81 1
2 82 1
3 83 1
4 84 1
6 86 1
7 87 1
8 88 1
8 89 1
8 90 1
8 91 1
8 92 1
8 93 1
8 94 1
8 95 1
8 96 1
8 97 1
8 98 1
8 99 1
8 100 1
8 101 1
8 102 1
8 103 1
8 104 1
8 105 1
8 106 1
7 107 1
7 108 1
7 109 1
7 110 1
7 111 1
7 112 1
7 113 1
7 114 1
7 115 1
7 116 1
7 117 1
7 118 1
7 119 1
6 120 1
6 121 1
6 122 1
6 123 1
6 124 1
6 125 1
6 126 1
.PEN_UP
.PEN_DOWN
5 84 1
6 83 1
7 82 1
8 81 1
8 80 1
8 79 1
9 78 1
10 78 1
11 78 1
12 78 1
13 79 1
14 79 1
15 79 1
16 80 1
17 80 1
18 81 1
19 81 1
20 81 1
21 81 1
22 81 1
23 81 1
24 81 1
25 81 1
26 81 1
27 81 1
28 81 1
29 81 1
30 81 1
31 81 1
32 81 1
33 81 1
34 81 1
35 81 1
36 81 1
37 81 1
38 81 1
39 81 1
40 81 1
41 81 1
42 81 1
43 81 1
44 81 1
45 81 1
46 81 1
47 81 1
48 81 1
49 80 1
49 79 1
49 78 1
48 77 1
48 76 1
48 75 1
47 74 1
46 74 1
45 73 1
44 72 1
43 72 1
42 71 1
41 71 1
40 71 1
39 70 1
38 70 1
37 70 1
36 69 1
35 69 1
34 69 1
33 69 1
32 68 1
31 68 1
30 68 1
29 68 1
28 67 1
27 67 1
26 66 1
26 65 1
26 64 1
26 63 1
26 62 1
26 61 1
26 60 1
27 59 1
27 58 1
27 57 1
28 56 1
29 55 1
29 54 1
30 53 1
31 52 1
32 51 1
33 50 1
34 49 1
35 48 1
36 48 1
37 47 1
38 46 1
39 45 1
40 44 1
40 43 1
40 42 1
40 41 1
39 40 1
38 40 1
37 39 1
36 39 1
35 39 1
34 38 1
33 37 1
32 37 1
31 36 1
30 35 1
29 34 1
28 33 1
28 32 1
29 31 1
29 30 1
30 29 1
31 28 1
32 27 1
33 27 1
34 26 1
35 26 1
36 24 1
37 23 1
37 22 1
38 21 1
39 21 1
40 20 1
41 20 1
42 19 1
43 19 1
44 18 1
45 18 1
46 18 1
47 18 1
48 18 1
49 19 1
49 20 1
49 21 1
49 22 1
49 23 1
49 24 1
48 25 1
47 25 1
46 26 1
45 27 1
44 27 1
43 27 1
42 27 1
41 27 1
40 27 1
39 27 1
38 27 1
37 27 1
36 26 1
.PEN_UP
.PEN_DOWN
4 85 1
3 86 1
2 87 1
1 88 1
.PEN_UP
