.PEN_DOWN
5 1 1
5 2 1
4 3 1
4 4 1
3 5 1
3 6 1
3 7 1
3 8 1
2 9 1
2 10 1
2 11 1
2 12 1
2 13 1
2 14 1
2 15 1
2 16 1
2 17 1
1 18 1
1 19 1
1 20 1
1 21 1
2 22 1
3 23 1
4 24 1
5 23 1
6 22 1
7 21 1
8 20 1
8 19 1
9 18 1
10 18 1
11 17 1
12 17 1
13 16 1
14 16 1
15 16 1
16 16 1
17 16 1
18 16 1
19 16 1
20 16 1
21 16 1
22 17 1
22 18 1
22 19 1
22 20 1
22 21 1
22 22 1
22 23 1
21 24 1
21 25 1
20 26 1
19 27 1
18 27 1
17 28 1
16 29 1
15 29 1
14 30 1
13 30 1
12 30 1
11 30 1
10 30 1
9 31 1
8 31 1
7 30 1
6 30 1
5 31 1
4 31 1
3 32 1
3 33 1
3 34 1
3 35 1
5 37 1
6 38 1
7 39 1
7 40 1
7 41 1
8 42 1
8 43 1
8 44 1
9 45 1
9 46 1
9 47 1
10 48 1
11 49 1
11 50 1
12 51 1
13 52 1
14 53 1
15 54 1
16 55 1
17 55 1
18 56 1
19 56 1
20 56 1
21 56 1
22 56 1
23 56 1
24 56 1
25 56 1
26 56 1
27 56 1
28 56 1
29 56 1
30 56 1
31 55 1
32 54 1
33 54 1
34 53 1
35 53 1
36 52 1
37 51 1
38 50 1
39 49 1
40 48 1
41 47 1
42 46 1
43 45 1
43 44 1
44 43 1
45 42 1
46 41 1
46 40 1
46 39 1
47 38 1
48 37 1
49 36 1
49 35 1
49 34 1
50 33 1
50 32 1
51 31 1
52 30 1
54 31 1
55 32 1
56 33 1
56 34 1
57 35 1
57 36 1
57 37 1
58 38 1
58 39 1
59 40 1
59 41 1
59 42 1
60 43 1
60 44 1
61 45 1
61 46 1
61 47 1
61 48 1
62 49 1
62 50 1
62 51 1
63 52 1
63 53 1
63 54 1
64 55 1
64 56 1
65 57 1
65 58 1
66 59 1
66 60 1
67 61 1
67 62 1
68 63 1
69 64 1
69 65 1
69 66 1
70 67 1
71 68 1
72 69 1
73 70 1
.PEN_UP
.PEN_DOWN
53 29 1
53 28 1
54 27 1
54 26 1
54 25 1
54 24 1
54 23 1
54 22 1
54 21 1
54 20 1
54 19 1
54 18 1
53 17 1
53 16 1
53 15 1
54 14 1
54 13 1
54 12 1
53 11 1
53 10 1
53 9 1
54 8 1
54 7 1
54 6 1
55 5 1
55 4 1
.PEN_UP
.PEN_DOWN
3 36 1
2 37 1
1 38 1
1 39 1
1 40 1
1 41 1
1 42 1
1 43 1
1 44 1
1 45 1
1 46 1
1 47 1
1 48 1
1 49 1
1 50 1
1 51 1
1 52 1
1 53 1
1 54 1
1 55 1
1 56 1
1 57 1
1 58 1
1 59 1
1 60 1
1 61 1
1 62 1
1 63 1
1 64 1
1 65 1
1 66 1
1 67 1
1 68 1
1 69 1
1 70 1
1 71 1
1 72 1
1 73 1
1 74 1
1 75 1
1 76 1
1 77 1
1 78 1
1 79 1
1 80 1
2 81 1
2 82 1
2 83 1
2 84 1
2 85 1
2 86 1
2 87 1
2 88 1
2 89 1
2 90 1
2 91 1
3 92 1
3 93 1
3 94 1
3 95 1
3 96 1
4 97 1
4 98 1
4 99 1
.PEN_UP
.PEN_DOWN
3 30 1
3 29 1
4 28 1
4 27 1
4 26 1
4 25 1
.PEN_UP
