.PEN_DOWN
4 1 1
4 2 1
4 3 1
4 4 1
4 5 1
3 6 1
3 7 1
3 8 1
2 9 1
2 10 1
2 11 1
2 12 1
2 13 1
2 14 1
2 15 1
1 16 1
1 17 1
1 18 1
1 19 1
1 20 1
2 21 1
3 21 1
4 21 1
5 21 1
6 21 1
7 21 1
8 20 1
9 20 1
10 20 1
11 20 1
12 19 1
13 19 1
14 19 1
15 19 1
16 18 1
17 18 1
18 18 1
19 18 1
20 18 1
21 18 1
22 19 1
23 18 1
24 18 1
25 17 1
26 17 1
27 17 1
28 16 1
.PEN_UP
.PEN_DOWN
22 20 1
21 21 1
21 22 1
21 23 1
20 24 1
19 25 1
19 26 1
18 27 1
18 28 1
18 29 1
17 30 1
17 31 1
18 32 1
19 33 1
20 34 1
21 35 1
22 35 1
23 35 1
24 35 1
25 35 1
26 35 1
27 34 1
28 34 1
29 34 1
30 33 1
31 33 1
32 32 1
33 32 1
34 32 1
35 31 1
36 30 1
37 29 1
38 28 1
39 28 1
40 27 1
41 27 1
42 27 1
43 28 1
44 29 1
45 30 1
45 31 1
45 32 1
45 33 1
44 34 1
44 35 1
44 36 1
44 37 1
44 38 1
44 39 1
43 40 1
43 41 1
42 42 1
42 43 1
42 44 1
.PEN_UP
.PEN_DOWN
6 31 1
5 32 1
5 33 1
5 34 1
4 35 1
4 36 1
4 37 1
4 38 1
4 39 1
4 40 1
4 41 1
3 42 1
3 43 1
3 44 1
3 45 1
3 46 1
3 47 1
3 48 1
3 49 1
3 50 1
4 51 1
.PEN_UP
