.PEN_DOWN
8 1 1
8 2 1
9 3 1
9 4 1
9 5 1
9 6 1
9 7 1
9 8 1
9 9 1
9 10 1
9 11 1
9 12 1
9 13 1
9 14 1
9 15 1
9 16 1
9 17 1
8 18 1
8 19 1
8 20 1
8 21 1
8 22 1
8 23 1
8 24 1
8 25 1
7 26 1
7 27 1
7 28 1
7 29 1
7 30 1
6 31 1
6 32 1
6 33 1
5 34 1
5 35 1
5 36 1
5 37 1
5 38 1
4 39 1
4 40 1
4 41 1
3 42 1
3 43 1
3 44 1
4 45 1
3 47 1
3 48 1
3 49 1
3 50 1
3 51 1
2 52 1
2 53 1
2 54 1
2 55 1
2 56 1
2 57 1
2 58 1
1 59 1
1 60 1
1 61 1
1 62 1
1 63 1
1 64 1
1 65 1
1 66 1
1 67 1
1 68 1
.PEN_UP
.PEN_DOWN
4 46 1
6 46 1
7 46 1
8 47 1
9 47 1
10 47 1
11 48 1
12 48 1
13 48 1
14 48 1
15 48 1
16 48 1
17 49 1
18 49 1
19 49 1
20 49 1
21 49 1
22 49 1
23 49 1
24 49 1
25 49 1
26 49 1
27 49 1
28 49 1
29 49 1
30 49 1
31 48 1
32 49 1
33 50 1
34 50 1
35 50 1
36 51 1
37 51 1
38 51 1
39 51 1
40 51 1
41 51 1
42 51 1
43 51 1
44 51 1
.PEN_UP
.PEN_DOWN
30 47 1
30 46 1
30 45 1
29 44 1
28 43 1
28 42 1
28 41 1
28 40 1
28 39 1
29 38 1
30 37 1
30 36 1
30 35 1
30 34 1
29 33 1
28 33 1
27 33 1
26 32 1
25 31 1
24 30 1
23 29 1
23 28 1
22 27 1
22 26 1
22 25 1
23 24 1
23 23 1
24 22 1
25 22 1
26 21 1
27 21 1
28 20 1
29 19 1
30 19 1
31 19 1
32 19 1
33 19 1
34 19 1
35 19 1
36 19 1
37 19 1
38 19 1
39 19 1
40 19 1
41 19 1
42 20 1
43 21 1
43 22 1
43 23 1
43 24 1
43 25 1
42 26 1
41 27 1
.PEN_UP
