.PEN_DOWN
3 1 1
3 2 1
3 3 1
3 4 1
3 5 1
3 6 1
2 7 1
2 8 1
2 9 1
2 10 1
2 11 1
2 12 1
2 13 1
2 14 1
2 15 1
2 16 1
1 17 1
1 18 1
1 19 1
1 20 1
1 21 1
1 22 1
1 23 1
1 24 1
1 25 1
1 26 1
1 27 1
1 28 1
2 29 1
3 30 1
4 31 1
5 30 1
6 30 1
7 30 1
8 30 1
9 31 1
10 31 1
11 31 1
12 31 1
13 31 1
14 31 1
15 31 1
16 31 1
17 31 1
18 31 1
19 32 1
20 32 1
21 32 1
22 32 1
23 31 1
24 32 1
25 33 1
26 33 1
27 33 1
28 34 1
29 34 1
30 35 1
31 35 1
32 35 1
.PEN_UP
.PEN_DOWN
23 30 1
23 29 1
23 28 1
23 27 1
22 26 1
22 25 1
21 24 1
21 23 1
21 22 1
20 21 1
19 20 1
17 20 1
16 21 1
15 21 1
14 22 1
13 23 1
12 24 1
11 25 1
10 26 1
9 27 1
9 28 1
9 29 1
.PEN_UP
.PEN_DOWN
4 32 1
4 33 1
4 34 1
4 35 1
4 36 1
3 37 1
3 38 1
2 39 1
2 40 1
2 41 1
2 42 1
2 43 1
1 44 1
1 45 1
1 46 1
2 47 1
2 48 1
2 49 1
3 50 1
4 51 1
5 52 1
6 53 1
7 54 1
8 54 1
9 55 1
10 55 1
11 55 1
12 55 1
13 55 1
14 55 1
15 55 1
16 54 1
17 54 1
18 53 1
19 52 1
20 51 1
20 50 1
20 49 1
20 48 1
20 47 1
19 46 1
18 46 1
17 46 1
.PEN_UP
