.PEN_DOWN
16 1 1
17 1 1
18 1 1
19 1 1
20 2 1
21 2 1
22 2 1
23 2 1
24 3 1
25 3 1
26 3 1
27 3 1
28 3 1
29 3 1
30 4 1
31 4 1
32 4 1
33 4 1
34 4 1
35 4 1
36 4 1
37 4 1
38 5 1
39 5 1
40 5 1
41 5 1
42 5 1
43 5 1
44 5 1
45 5 1
46 6 1
47 6 1
48 6 1
49 6 1
50 6 1
51 7 1
52 7 1
53 7 1
54 8 1
55 8 1
56 8 1
57 9 1
58 9 1
59 10 1
60 10 1
61 11 1
62 12 1
63 12 1
64 13 1
65 14 1
66 15 1
67 15 1
68 16 1
68 17 1
69 18 1
70 19 1
70 20 1
70 21 1
71 22 1
71 23 1
72 24 1
72 25 1
72 26 1
73 27 1
73 28 1
73 29 1
73 30 1
73 31 1
73 32 1
73 33 1
73 34 1
73 35 1
73 36 1
73 37 1
73 38 1
73 39 1
72 40 1
72 41 1
72 42 1
72 43 1
71 44 1
71 45 1
71 46 1
70 47 1
70 48 1
70 49 1
70 50 1
69 51 1
68 52 1
67 53 1
67 54 1
67 55 1
66 56 1
66 57 1
65 58 1
65 59 1
64 60 1
64 61 1
63 62 1
62 63 1
62 64 1
61 65 1
61 66 1
60 67 1
59 68 1
59 69 1
58 70 1
57 71 1
56 71 1
55 72 1
54 72 1
53 74 1
52 75 1
52 76 1
51 77 1
50 78 1
49 79 1
48 80 1
48 81 1
47 82 1
46 82 1
45 83 1
44 84 1
43 85 1
42 85 1
41 86 1
.PEN_UP
.PEN_DOWN
53 72 1
52 71 1
52 70 1
52 69 1
52 68 1
52 67 1
52 66 1
53 65 1
53 64 1
53 63 1
53 62 1
53 61 1
53 60 1
53 59 1
53 58 1
53 57 1
53 56 1
53 55 1
53 54 1
53 53 1
53 52 1
52 51 1
52 50 1
52 49 1
51 48 1
51 47 1
50 46 1
49 45 1
48 44 1
48 43 1
47 42 1
46 41 1
45 40 1
44 40 1
43 39 1
42 39 1
41 38 1
40 38 1
39 37 1
38 37 1
37 37 1
36 36 1
35 36 1
34 36 1
33 36 1
32 36 1
31 36 1
30 36 1
29 36 1
28 36 1
27 36 1
26 37 1
25 37 1
24 37 1
23 37 1
22 38 1
21 39 1
20 39 1
19 40 1
18 40 1
17 41 1
16 42 1
15 43 1
14 44 1
13 45 1
12 46 1
11 47 1
11 48 1
10 49 1
10 50 1
9 51 1
9 52 1
9 53 1
8 54 1
8 55 1
8 56 1
9 57 1
9 58 1
10 59 1
11 60 1
12 60 1
13 60 1
14 60 1
15 60 1
16 60 1
17 60 1
18 60 1
19 60 1
20 60 1
21 59 1
22 59 1
23 58 1
24 58 1
25 57 1
.PEN_UP
.PEN_DOWN
1 26 1
1 27 1
1 28 1
1 29 1
1 30 1
1 31 1
1 32 1
1 33 1
1 34 1
1 35 1
1 36 1
1 37 1
1 38 1
1 39 1
1 40 1
1 41 1
1 42 1
1 43 1
1 44 1
1 45 1
1 46 1
1 47 1
2 48 1
2 49 1
2 50 1
2 51 1
2 52 1
2 53 1
2 54 1
2 55 1
2 56 1
2 57 1
2 58 1
2 59 1
3 60 1
3 61 1
3 62 1
3 63 1
3 64 1
3 65 1
3 66 1
3 67 1
3 68 1
3 69 1
3 70 1
3 71 1
3 72 1
3 73 1
3 74 1
3 75 1
3 76 1
3 77 1
3 78 1
3 79 1
3 80 1
4 81 1
4 82 1
4 83 1
4 84 1
.PEN_UP
