.PEN_DOWN
6 1 1
6 2 1
6 3 1
6 4 1
6 5 1
7 6 1
7 7 1
9 7 1
10 7 1
11 7 1
12 8 1
13 8 1
14 8 1
15 8 1
16 8 1
17 8 1
18 8 1
19 9 1
20 9 1
21 10 1
22 10 1
23 10 1
24 11 1
25 11 1
26 12 1
27 12 1
28 12 1
29 13 1
30 13 1
31 14 1
32 14 1
33 14 1
34 15 1
35 15 1
36 16 1
37 16 1
38 17 1
39 17 1
40 18 1
41 19 1
42 19 1
43 20 1
44 21 1
45 22 1
46 22 1
47 23 1
48 24 1
49 25 1
50 26 1
50 27 1
51 28 1
51 29 1
52 30 1
52 31 1
52 32 1
52 33 1
52 34 1
52 35 1
52 36 1
52 37 1
51 38 1
51 39 1
50 40 1
49 41 1
48 42 1
47 43 1
46 43 1
45 44 1
44 45 1
43 45 1
42 45 1
41 45 1
40 46 1
39 47 1
38 47 1
37 46 1
36 46 1
35 46 1
34 46 1
33 46 1
32 46 1
31 46 1
30 45 1
29 45 1
28 44 1
27 43 1
26 43 1
25 43 1
24 42 1
23 41 1
22 40 1
21 39 1
20 38 1
20 37 1
20 36 1
20 35 1
21 34 1
21 33 1
21 32 1
22 31 1
22 30 1
23 29 1
23 28 1
23 27 1
23 26 1
.PEN_UP
.PEN_DOWN
40 48 1
40 49 1
40 50 1
41 51 1
41 52 1
41 53 1
42 54 1
43 56 1
44 56 1
45 56 1
46 57 1
47 57 1
48 58 1
.PEN_UP
.PEN_DOWN
41 55 1
40 55 1
39 55 1
38 55 1
37 55 1
36 55 1
35 55 1
34 55 1
33 55 1
32 55 1
31 54 1
30 54 1
29 54 1
28 54 1
27 54 1
26 54 1
25 54 1
24 54 1
23 54 1
22 53 1
21 53 1
20 53 1
19 53 1
18 53 1
17 53 1
16 52 1
15 52 1
14 52 1
13 52 1
12 52 1
11 52 1
10 53 1
10 54 1
10 55 1
11 56 1
11 57 1
11 58 1
11 59 1
12 60 1
11 61 1
11 62 1
11 63 1
12 65 1
13 66 1
14 66 1
15 67 1
16 67 1
17 67 1
18 67 1
19 67 1
20 68 1
21 68 1
22 68 1
23 68 1
24 69 1
25 69 1
26 69 1
27 69 1
28 69 1
29 69 1
30 69 1
31 69 1
32 69 1
33 69 1
34 69 1
35 69 1
36 69 1
37 69 1
38 68 1
39 68 1
40 68 1
41 68 1
42 68 1
43 68 1
44 69 1
45 69 1
46 69 1
47 69 1
48 69 1
49 69 1
50 69 1
51 69 1
52 69 1
53 69 1
54 69 1
55 69 1
56 70 1
57 70 1
58 70 1
59 70 1
.PEN_UP
.PEN_DOWN
10 64 1
9 64 1
8 64 1
7 64 1
6 64 1
5 64 1
4 64 1
3 64 1
2 64 1
1 63 1
1 62 1
1 61 1
1 60 1
1 59 1
1 58 1
1 57 1
1 56 1
1 55 1
1 54 1
1 53 1
1 52 1
1 51 1
1 50 1
1 49 1
2 48 1
2 47 1
2 46 1
2 45 1
1 44 1
1 43 1
1 42 1
1 41 1
2 40 1
2 39 1
2 38 1
2 37 1
2 36 1
2 35 1
2 34 1
2 33 1
2 32 1
2 31 1
2 30 1
2 29 1
2 28 1
2 27 1
2 26 1
2 25 1
2 24 1
2 23 1
2 22 1
3 21 1
3 20 1
3 19 1
3 18 1
3 17 1
3 16 1
3 15 1
3 14 1
4 13 1
4 12 1
5 11 1
5 10 1
6 9 1
7 8 1
.PEN_UP
