.PEN_DOWN
2 1 1
2 2 1
2 3 1
3 4 1
2 5 1
1 6 1
1 7 1
1 8 1
1 9 1
1 10 1
2 11 1
2 12 1
2 13 1
2 14 1
2 15 1
2 16 1
3 17 1
3 18 1
3 19 1
3 20 1
4 21 1
6 21 1
7 21 1
8 21 1
9 21 1
10 21 1
11 21 1
12 21 1
13 21 1
14 21 1
15 21 1
16 22 1
16 23 1
16 24 1
15 25 1
15 26 1
15 27 1
15 28 1
15 29 1
14 30 1
15 31 1
15 32 1
16 33 1
17 34 1
18 34 1
19 35 1
20 35 1
21 36 1
22 36 1
23 36 1
24 36 1
25 36 1
26 36 1
27 36 1
28 36 1
29 35 1
30 34 1
31 34 1
32 33 1
33 32 1
33 31 1
34 30 1
35 29 1
36 28 1
36 27 1
37 26 1
37 25 1
37 24 1
37 23 1
38 22 1
38 21 1
38 20 1
38 19 1
38 18 1
38 17 1
38 16 1
38 15 1
38 14 1
37 13 1
37 12 1
36 11 1
35 10 1
34 9 1
33 8 1
32 7 1
31 7 1
30 6 1
29 6 1
28 5 1
27 5 1
26 5 1
25 4 1
24 4 1
.PEN_UP
.PEN_DOWN
5 21 1
3 23 1
2 24 1
2 25 1
2 26 1
3 27 1
3 28 1
.PEN_UP
