.PEN_DOWN
34 30 1
34 31 1
34 32 1
35 33 1
35 34 1
35 35 1
35 36 1
35 37 1
35 38 1
35 39 1
35 40 1
35 41 1
35 42 1
35 43 1
36 44 1
37 45 1
38 45 1
39 45 1
40 45 1
41 45 1
42 45 1
43 45 1
44 45 1
45 45 1
46 45 1
47 46 1
48 47 1
49 47 1
50 48 1
50 49 1
51 50 1
51 51 1
51 52 1
51 53 1
51 54 1
51 55 1
51 56 1
52 57 1
53 58 1
54 57 1
55 57 1
56 56 1
57 55 1
57 54 1
58 53 1
59 52 1
59 51 1
60 50 1
60 49 1
61 48 1
61 47 1
62 46 1
63 45 1
64 44 1
64 43 1
64 42 1
65 41 1
65 40 1
66 39 1
66 38 1
67 37 1
67 36 1
67 35 1
68 34 1
69 33 1
70 32 1
71 31 1
72 31 1
73 30 1
74 30 1
75 30 1
76 30 1
77 29 1
78 29 1
79 28 1
79 27 1
80 26 1
81 25 1
81 24 1
81 23 1
81 22 1
81 21 1
81 20 1
81 19 1
81 18 1
81 17 1
80 16 1
80 15 1
79 14 1
79 13 1
78 12 1
77 11 1
76 10 1
75 9 1
74 9 1
73 8 1
72 7 1
71 7 1
70 6 1
69 5 1
68 5 1
67 4 1
66 3 1
65 3 1
64 3 1
63 2 1
62 1 1
.PEN_UP
.PEN_DOWN
70 30 1
70 29 1
70 28 1
70 27 1
70 26 1
70 25 1
70 24 1
70 23 1
70 22 1
70 21 1
70 20 1
70 19 1
69 18 1
69 17 1
68 16 1
67 15 1
66 14 1
65 13 1
64 13 1
63 13 1
62 12 1
61 12 1
60 12 1
59 12 1
58 12 1
57 12 1
56 12 1
55 12 1
54 12 1
53 12 1
52 12 1
51 12 1
50 13 1
49 13 1
48 14 1
48 15 1
48 16 1
49 17 1
.PEN_UP
.PEN_DOWN
36 46 1
35 47 1
35 48 1
34 49 1
34 50 1
34 51 1
34 52 1
34 53 1
34 54 1
34 55 1
34 56 1
34 57 1
34 58 1
34 59 1
34 60 1
34 61 1
34 62 1
34 63 1
34 64 1
34 65 1
34 66 1
34 67 1
34 68 1
34 69 1
34 70 1
33 71 1
33 72 1
33 73 1
33 74 1
33 75 1
34 76 1
34 77 1
34 78 1
34 79 1
33 80 1
33 81 1
33 82 1
33 83 1
33 84 1
33 85 1
33 86 1
33 87 1
33 88 1
33 89 1
33 90 1
33 91 1
33 92 1
33 93 1
33 94 1
33 95 1
33 96 1
33 97 1
32 98 1
32 99 1
32 100 1
32 101 1
32 102 1
32 103 1
33 104 1
32 105 1
32 106 1
31 107 1
31 108 1
31 109 1
.PEN_UP
.PEN_DOWN
1 46 1
2 46 1
3 47 1
4 47 1
5 48 1
6 48 1
7 49 1
8 49 1
9 50 1
10 51 1
11 51 1
12 52 1
13 53 1
14 54 1
15 55 1
16 56 1
17 57 1
17 58 1
18 59 1
19 60 1
20 61 1
21 62 1
22 63 1
23 63 1
24 63 1
.PEN_UP
