.PEN_DOWN
3 11 1
3 12 1
3 13 1
3 14 1
4 15 1
3 16 1
3 17 1
3 18 1
3 19 1
3 20 1
3 21 1
3 22 1
3 23 1
3 24 1
3 25 1
2 26 1
2 27 1
3 28 1
4 29 1
5 28 1
6 28 1
7 27 1
8 27 1
9 26 1
10 25 1
11 24 1
12 23 1
13 22 1
14 21 1
14 20 1
15 19 1
16 18 1
17 17 1
18 16 1
19 15 1
20 14 1
20 13 1
21 12 1
22 11 1
23 10 1
24 9 1
25 8 1
26 7 1
27 6 1
28 5 1
29 4 1
30 3 1
31 3 1
32 2 1
33 1 1
34 1 1
35 1 1
36 1 1
37 2 1
38 3 1
39 4 1
39 5 1
39 6 1
39 7 1
39 8 1
39 9 1
39 10 1
39 11 1
40 12 1
40 13 1
40 14 1
40 15 1
40 16 1
40 17 1
40 18 1
40 19 1
41 20 1
41 21 1
41 22 1
41 23 1
41 24 1
40 25 1
40 26 1
40 27 1
40 28 1
40 29 1
40 30 1
40 31 1
40 32 1
40 33 1
40 34 1
40 35 1
40 36 1
40 37 1
40 38 1
39 39 1
39 40 1
38 41 1
37 40 1
36 40 1
35 40 1
34 40 1
33 39 1
32 39 1
31 38 1
30 38 1
29 37 1
28 37 1
27 37 1
26 36 1
25 36 1
24 35 1
23 35 1
22 35 1
21 35 1
20 34 1
19 34 1
18 34 1
17 34 1
16 34 1
15 34 1
14 34 1
13 34 1
12 34 1
11 34 1
10 34 1
9 34 1
8 34 1
7 34 1
6 34 1
5 34 1
3 35 1
2 36 1
2 37 1
1 38 1
1 39 1
1 40 1
1 41 1
1 42 1
1 43 1
1 44 1
1 45 1
2 46 1
2 47 1
2 48 1
2 49 1
2 50 1
2 51 1
2 52 1
2 53 1
2 54 1
2 55 1
3 56 1
3 57 1
3 58 1
3 59 1
3 60 1
3 61 1
4 62 1
4 63 1
4 64 1
4 65 1
5 66 1
.PEN_UP
.PEN_DOWN
4 33 1
4 32 1
4 31 1
4 30 1
.PEN_UP
.PEN_DOWN
39 42 1
39 43 1
40 44 1
40 45 1
.PEN_UP
.PEN_DOWN
64 29 1
64 28 1
64 27 1
64 26 1
66 24 1
67 24 1
68 24 1
69 24 1
70 24 1
71 24 1
72 24 1
73 24 1
74 24 1
75 23 1
76 23 1
77 22 1
78 22 1
79 22 1
80 21 1
81 20 1
82 20 1
83 19 1
84 18 1
85 17 1
85 16 1
86 15 1
87 14 1
88 13 1
88 12 1
88 11 1
88 10 1
88 9 1
87 8 1
86 7 1
85 6 1
84 6 1
83 6 1
82 6 1
81 6 1
80 6 1
79 6 1
78 7 1
77 7 1
76 7 1
75 8 1
74 8 1
73 8 1
72 9 1
71 9 1
70 10 1
69 10 1
68 11 1
67 12 1
66 13 1
65 14 1
64 15 1
63 16 1
63 17 1
63 18 1
62 19 1
62 20 1
62 21 1
63 22 1
63 23 1
63 24 1
64 25 1
.PEN_UP
