.PEN_DOWN
8 5 1
9 4 1
10 3 1
11 2 1
12 2 1
13 2 1
14 2 1
15 2 1
16 1 1
17 1 1
18 1 1
19 1 1
20 1 1
21 1 1
22 1 1
23 1 1
24 1 1
25 1 1
26 1 1
27 2 1
28 3 1
29 3 1
30 3 1
31 4 1
32 5 1
33 6 1
33 7 1
33 8 1
33 9 1
33 10 1
33 11 1
33 12 1
33 13 1
33 14 1
32 15 1
31 16 1
31 17 1
30 18 1
30 19 1
29 20 1
28 21 1
28 22 1
27 23 1
26 24 1
25 25 1
24 26 1
23 27 1
22 28 1
21 29 1
20 30 1
19 31 1
18 31 1
17 32 1
16 32 1
15 32 1
14 32 1
13 32 1
12 33 1
11 33 1
10 33 1
9 33 1
8 33 1
7 32 1
6 32 1
5 32 1
4 32 1
3 31 1
2 30 1
1 29 1
1 28 1
1 27 1
.PEN_UP
