.PEN_DOWN
7 1 1
6 2 1
5 3 1
5 4 1
4 5 1
4 6 1
4 7 1
4 8 1
4 9 1
4 10 1
4 11 1
5 12 1
5 13 1
6 14 1
7 15 1
8 16 1
9 17 1
10 17 1
11 18 1
12 18 1
13 18 1
14 18 1
15 18 1
16 19 1
17 19 1
18 19 1
19 18 1
20 17 1
21 16 1
21 15 1
22 14 1
23 13 1
23 12 1
.PEN_UP
.PEN_DOWN
19 20 1
19 21 1
19 22 1
19 23 1
19 24 1
19 25 1
19 26 1
18 27 1
18 28 1
18 29 1
18 30 1
18 31 1
17 32 1
17 33 1
17 34 1
17 35 1
18 36 1
18 37 1
17 38 1
17 39 1
16 40 1
15 40 1
14 40 1
13 40 1
12 40 1
11 39 1
10 39 1
9 39 1
8 39 1
7 39 1
6 39 1
5 39 1
4 39 1
3 40 1
2 41 1
2 42 1
2 43 1
2 44 1
2 45 1
2 46 1
1 47 1
1 48 1
1 49 1
1 50 1
1 51 1
1 52 1
1 53 1
1 54 1
1 55 1
1 56 1
1 57 1
1 58 1
1 59 1
1 60 1
1 61 1
1 62 1
1 63 1
1 64 1
1 65 1
1 66 1
1 67 1
1 68 1
1 69 1
1 70 1
1 71 1
1 72 1
1 73 1
1 74 1
1 75 1
1 76 1
1 77 1
1 78 1
1 79 1
2 80 1
3 80 1
4 79 1
5 79 1
6 78 1
.PEN_UP
.PEN_DOWN
18 40 1
19 41 1
20 42 1
21 42 1
.PEN_UP
