.PEN_DOWN
4 11 1
3 12 1
3 13 1
3 14 1
2 15 1
2 16 1
2 17 1
2 18 1
1 19 1
1 20 1
1 21 1
2 22 1
3 23 1
2 24 1
2 25 1
2 26 1
2 27 1
2 28 1
2 29 1
2 30 1
2 31 1
2 32 1
2 33 1
2 34 1
2 35 1
2 36 1
2 37 1
2 38 1
2 39 1
2 40 1
2 41 1
.PEN_UP
.PEN_DOWN
4 23 1
5 23 1
6 23 1
7 23 1
8 23 1
9 23 1
10 23 1
11 23 1
12 23 1
13 22 1
14 22 1
15 22 1
16 22 1
17 22 1
18 22 1
19 22 1
20 22 1
21 23 1
22 24 1
22 25 1
22 26 1
22 27 1
21 28 1
21 29 1
20 30 1
20 31 1
20 32 1
20 33 1
20 34 1
20 35 1
21 36 1
22 36 1
23 36 1
24 36 1
25 36 1
26 36 1
27 35 1
27 34 1
28 33 1
28 32 1
29 31 1
29 30 1
29 29 1
29 28 1
29 27 1
29 26 1
29 25 1
29 24 1
29 23 1
28 22 1
28 21 1
28 20 1
28 19 1
28 18 1
27 17 1
27 16 1
27 15 1
26 14 1
26 13 1
25 12 1
24 11 1
23 10 1
22 9 1
21 8 1
20 7 1
19 6 1
18 5 1
17 4 1
16 3 1
15 2 1
15 1 1
.PEN_UP
