.PEN_DOWN
8 1 1
8 2 1
8 3 1
8 4 1
9 5 1
10 6 1
11 7 1
12 8 1
13 9 1
14 9 1
15 10 1
16 10 1
17 11 1
17 12 1
18 13 1
19 14 1
19 15 1
20 16 1
21 17 1
21 18 1
22 19 1
22 20 1
22 21 1
23 22 1
24 23 1
25 24 1
25 25 1
25 26 1
25 27 1
26 28 1
26 29 1
27 30 1
27 31 1
27 32 1
28 33 1
28 34 1
28 35 1
28 36 1
29 37 1
29 38 1
29 39 1
29 40 1
30 41 1
30 42 1
30 43 1
30 44 1
30 45 1
31 46 1
31 47 1
31 48 1
31 49 1
31 50 1
31 51 1
31 52 1
31 53 1
31 54 1
31 55 1
31 56 1
31 57 1
31 58 1
31 59 1
31 60 1
30 61 1
30 62 1
29 63 1
28 64 1
27 65 1
26 66 1
25 66 1
24 67 1
23 68 1
22 68 1
21 69 1
20 68 1
19 67 1
18 67 1
17 67 1
16 66 1
15 66 1
14 65 1
13 65 1
12 64 1
11 63 1
10 62 1
9 61 1
9 60 1
9 59 1
8 58 1
8 57 1
8 56 1
8 55 1
9 54 1
9 53 1
9 52 1
10 51 1
11 51 1
12 51 1
13 50 1
14 50 1
15 49 1
16 49 1
.PEN_UP
.PEN_DOWN
21 70 1
21 71 1
20 72 1
20 73 1
20 74 1
20 75 1
20 76 1
20 77 1
20 78 1
20 79 1
21 80 1
21 81 1
21 82 1
21 83 1
21 84 1
22 85 1
23 87 1
24 88 1
25 88 1
26 88 1
27 89 1
28 89 1
29 90 1
30 90 1
31 90 1
32 91 1
.PEN_UP
.PEN_DOWN
21 86 1
20 87 1
19 87 1
18 87 1
17 86 1
16 86 1
15 86 1
14 86 1
13 86 1
12 86 1
11 86 1
10 85 1
9 85 1
8 85 1
7 85 1
6 85 1
5 85 1
4 86 1
3 87 1
3 88 1
3 89 1
2 90 1
2 91 1
2 92 1
2 93 1
2 94 1
2 95 1
2 96 1
2 97 1
2 98 1
2 99 1
2 100 1
2 101 1
1 102 1
1 103 1
1 104 1
1 105 1
1 106 1
1 107 1
1 108 1
2 109 1
2 110 1
2 111 1
3 112 1
4 112 1
5 113 1
6 113 1
7 113 1
8 113 1
9 113 1
10 113 1
11 113 1
12 113 1
13 113 1
14 113 1
15 113 1
16 113 1
17 113 1
18 113 1
19 114 1
20 114 1
21 114 1
22 114 1
23 114 1
24 114 1
25 114 1
26 114 1
27 114 1
28 114 1
29 115 1
30 115 1
31 115 1
32 115 1
33 115 1
34 115 1
35 116 1
36 116 1
37 116 1
38 116 1
39 116 1
40 116 1
.PEN_UP
