.PEN_DOWN
18 1 1
18 2 1
18 3 1
17 4 1
16 5 1
15 6 1
14 7 1
14 8 1
14 9 1
13 10 1
13 11 1
13 12 1
12 13 1
12 14 1
12 15 1
11 16 1
11 17 1
11 18 1
11 19 1
10 20 1
10 21 1
10 22 1
10 23 1
10 24 1
9 25 1
9 26 1
8 27 1
8 28 1
8 29 1
8 30 1
8 31 1
7 32 1
7 33 1
7 34 1
7 35 1
6 36 1
6 37 1
6 38 1
6 39 1
6 40 1
6 41 1
6 42 1
6 43 1
5 44 1
5 45 1
5 46 1
5 47 1
5 48 1
5 49 1
4 50 1
4 51 1
4 52 1
4 53 1
4 54 1
4 55 1
4 56 1
4 57 1
3 58 1
3 59 1
3 60 1
3 61 1
3 62 1
3 63 1
3 64 1
3 65 1
3 66 1
3 67 1
3 68 1
3 69 1
2 70 1
2 71 1
2 72 1
2 73 1
2 74 1
2 75 1
1 76 1
.PEN_UP
.PEN_DOWN
22 15 1
23 15 1
24 15 1
25 15 1
26 15 1
27 15 1
28 16 1
29 16 1
30 16 1
31 17 1
32 17 1
33 17 1
34 18 1
35 18 1
36 18 1
37 19 1
38 19 1
39 20 1
40 20 1
41 21 1
42 21 1
43 22 1
44 23 1
45 23 1
46 24 1
47 25 1
48 25 1
49 26 1
50 27 1
51 27 1
52 27 1
53 28 1
54 29 1
54 30 1
55 31 1
56 32 1
57 33 1
57 34 1
58 35 1
58 36 1
58 37 1
59 38 1
59 39 1
59 40 1
59 41 1
59 42 1
60 43 1
60 44 1
61 45 1
62 46 1
62 47 1
62 48 1
62 49 1
62 50 1
62 51 1
62 52 1
62 53 1
62 54 1
62 55 1
61 56 1
61 57 1
61 58 1
61 59 1
60 60 1
60 61 1
60 62 1
59 63 1
59 64 1
58 65 1
58 66 1
58 67 1
57 68 1
57 69 1
56 70 1
55 71 1
54 72 1
53 73 1
52 74 1
51 75 1
50 76 1
49 76 1
48 76 1
47 76 1
46 77 1
45 77 1
44 76 1
43 75 1
42 74 1
42 73 1
42 72 1
41 71 1
41 70 1
41 69 1
41 68 1
41 67 1
41 66 1
41 65 1
41 64 1
42 63 1
.PEN_UP
.PEN_DOWN
72 63 1
73 64 1
74 64 1
75 64 1
76 64 1
.PEN_UP
