.PEN_DOWN
11 6 1
11 5 1
10 4 1
9 3 1
8 2 1
7 2 1
6 2 1
5 1 1
4 1 1
3 2 1
3 3 1
4 4 1
4 5 1
4 6 1
4 7 1
4 8 1
4 9 1
4 10 1
4 11 1
4 12 1
4 13 1
4 14 1
4 15 1
4 16 1
4 17 1
4 18 1
4 19 1
4 20 1
4 21 1
4 22 1
5 23 1
6 23 1
7 23 1
8 23 1
9 23 1
10 23 1
11 23 1
12 24 1
13 24 1
14 25 1
15 25 1
16 25 1
17 26 1
18 26 1
19 26 1
20 27 1
21 27 1
22 28 1
23 29 1
23 30 1
24 31 1
24 32 1
24 33 1
24 34 1
23 35 1
22 36 1
21 37 1
20 38 1
19 38 1
18 39 1
18 40 1
18 41 1
18 42 1
18 43 1
19 44 1
20 45 1
21 46 1
22 47 1
23 47 1
24 47 1
25 48 1
26 48 1
27 48 1
28 48 1
29 48 1
30 48 1
31 48 1
32 48 1
33 48 1
34 48 1
35 48 1
36 48 1
37 48 1
38 48 1
39 47 1
40 47 1
41 46 1
42 45 1
43 44 1
44 43 1
45 42 1
46 42 1
47 43 1
48 44 1
49 45 1
49 46 1
50 47 1
50 48 1
50 49 1
51 50 1
51 51 1
52 52 1
52 53 1
53 54 1
54 55 1
55 56 1
56 57 1
57 57 1
58 58 1
.PEN_UP
.PEN_DOWN
47 41 1
47 40 1
47 39 1
47 38 1
47 37 1
47 36 1
47 35 1
47 34 1
48 33 1
48 32 1
48 31 1
48 30 1
.PEN_UP
.PEN_DOWN
4 24 1
4 25 1
4 26 1
4 27 1
4 28 1
4 29 1
4 30 1
4 31 1
4 32 1
4 33 1
4 34 1
3 35 1
3 36 1
3 37 1
4 38 1
3 39 1
3 40 1
3 41 1
3 42 1
3 43 1
3 44 1
3 45 1
2 46 1
2 47 1
2 48 1
2 49 1
2 50 1
2 51 1
2 52 1
2 53 1
2 54 1
2 55 1
2 56 1
2 57 1
2 58 1
2 59 1
1 60 1
1 61 1
1 62 1
1 63 1
1 64 1
1 65 1
1 66 1
1 67 1
1 68 1
1 69 1
1 70 1
.PEN_UP
