.PEN_DOWN
4 3 1
4 4 1
4 5 1
4 6 1
4 7 1
4 8 1
4 9 1
3 10 1
3 11 1
3 12 1
3 13 1
3 14 1
3 15 1
2 16 1
2 17 1
2 18 1
2 19 1
2 20 1
1 22 1
1 23 1
1 24 1
1 25 1
2 26 1
1 27 1
1 28 1
1 29 1
1 30 1
1 31 1
1 32 1
1 33 1
1 34 1
1 35 1
.PEN_UP
.PEN_DOWN
3 26 1
4 26 1
5 25 1
6 24 1
6 23 1
6 22 1
7 20 1
8 19 1
9 19 1
10 19 1
11 18 1
12 18 1
13 18 1
14 17 1
15 17 1
16 17 1
17 18 1
18 19 1
18 20 1
18 21 1
18 22 1
18 23 1
17 24 1
17 25 1
17 26 1
17 27 1
17 28 1
18 29 1
20 29 1
21 29 1
22 29 1
23 28 1
24 28 1
25 28 1
26 27 1
27 26 1
28 25 1
29 24 1
30 23 1
30 22 1
31 21 1
31 20 1
31 19 1
31 18 1
32 17 1
32 16 1
33 15 1
32 14 1
32 13 1
32 12 1
32 11 1
32 10 1
31 9 1
30 8 1
29 7 1
28 6 1
27 6 1
26 5 1
25 5 1
24 4 1
23 4 1
22 3 1
21 3 1
20 2 1
19 2 1
18 2 1
17 2 1
16 1 1
15 1 1
14 1 1
13 1 1
12 1 1
11 1 1
.PEN_UP
.PEN_DOWN
19 29 1
18 31 1
18 32 1
18 33 1
19 34 1
20 35 1
21 35 1
22 35 1
23 35 1
24 35 1
25 35 1
26 35 1
27 35 1
28 35 1
29 34 1
30 34 1
31 33 1
32 33 1
33 32 1
34 32 1
35 31 1
36 30 1
37 30 1
38 29 1
39 29 1
40 28 1
41 27 1
42 27 1
43 27 1
44 28 1
45 29 1
46 30 1
46 31 1
46 32 1
46 33 1
46 34 1
46 35 1
45 36 1
45 37 1
45 38 1
45 39 1
45 40 1
45 41 1
45 42 1
45 43 1
.PEN_UP
