.PEN_DOWN
1 1 1
2 1 1
3 1 1
4 2 1
5 2 1
6 2 1
7 2 1
8 2 1
9 2 1
10 2 1
11 2 1
12 2 1
13 2 1
14 2 1
15 2 1
16 1 1
17 1 1
18 1 1
19 1 1
20 1 1
21 1 1
22 1 1
23 1 1
24 1 1
25 2 1
26 2 1
27 2 1
28 2 1
29 2 1
30 2 1
31 2 1
32 2 1
33 2 1
34 2 1
35 2 1
36 2 1
37 3 1
38 3 1
39 3 1
40 3 1
41 4 1
42 4 1
43 4 1
44 5 1
45 5 1
46 5 1
47 6 1
48 6 1
49 7 1
50 8 1
51 8 1
52 9 1
53 10 1
54 11 1
54 12 1
55 13 1
55 14 1
56 15 1
56 16 1
56 17 1
56 18 1
56 19 1
56 20 1
56 21 1
55 22 1
55 23 1
55 24 1
55 25 1
55 26 1
54 27 1
54 28 1
54 29 1
54 30 1
53 31 1
53 32 1
53 33 1
53 34 1
52 35 1
52 36 1
52 37 1
51 38 1
51 39 1
51 40 1
50 41 1
50 42 1
50 43 1
49 44 1
49 45 1
48 46 1
48 47 1
47 48 1
47 49 1
46 50 1
45 51 1
45 52 1
44 53 1
43 54 1
42 55 1
41 55 1
40 56 1
39 56 1
38 56 1
37 57 1
36 57 1
35 57 1
34 56 1
34 55 1
34 54 1
35 53 1
35 52 1
36 51 1
36 50 1
37 49 1
37 48 1
37 47 1
37 46 1
37 45 1
37 44 1
37 43 1
38 42 1
38 41 1
37 40 1
38 38 1
38 37 1
38 36 1
38 35 1
37 34 1
36 33 1
35 32 1
35 30 1
35 29 1
34 28 1
34 27 1
33 26 1
32 25 1
31 24 1
30 23 1
29 22 1
28 21 1
27 21 1
26 21 1
25 20 1
24 20 1
23 20 1
22 19 1
21 19 1
20 19 1
19 19 1
18 19 1
17 19 1
16 19 1
15 19 1
14 19 1
13 19 1
12 20 1
11 20 1
10 20 1
9 20 1
.PEN_UP
.PEN_DOWN
34 32 1
33 32 1
32 32 1
31 32 1
30 32 1
29 32 1
28 32 1
27 32 1
26 32 1
25 32 1
24 32 1
23 32 1
22 32 1
21 33 1
20 34 1
19 35 1
18 36 1
17 37 1
17 38 1
16 39 1
16 40 1
16 41 1
16 42 1
16 43 1
16 44 1
17 45 1
18 46 1
19 46 1
20 46 1
21 46 1
22 46 1
23 45 1
24 45 1
25 45 1
26 44 1
27 44 1
28 44 1
29 43 1
30 43 1
31 42 1
32 41 1
33 41 1
34 40 1
35 40 1
36 40 1
.PEN_UP
