.PEN_DOWN
11 2 1
12 2 1
13 1 1
14 1 1
15 1 1
16 1 1
17 1 1
18 1 1
19 2 1
20 2 1
21 2 1
22 3 1
23 3 1
24 4 1
25 5 1
26 6 1
27 7 1
28 8 1
29 9 1
30 10 1
31 11 1
32 12 1
33 13 1
34 14 1
34 15 1
35 16 1
36 17 1
36 18 1
37 19 1
37 20 1
38 21 1
38 22 1
39 23 1
39 24 1
40 25 1
40 26 1
41 27 1
41 28 1
41 29 1
42 30 1
42 31 1
43 32 1
43 33 1
43 34 1
43 35 1
43 36 1
43 37 1
.PEN_UP
.PEN_DOWN
14 37 1
13 36 1
12 35 1
11 35 1
10 36 1
9 36 1
8 36 1
7 36 1
6 37 1
5 38 1
4 39 1
3 40 1
3 41 1
3 42 1
2 43 1
1 44 1
1 45 1
1 46 1
1 47 1
1 48 1
1 49 1
2 50 1
3 51 1
4 52 1
5 53 1
6 54 1
7 54 1
8 54 1
9 54 1
10 54 1
11 54 1
12 55 1
13 55 1
14 55 1
15 54 1
16 54 1
17 54 1
18 54 1
19 54 1
20 55 1
21 56 1
21 57 1
22 58 1
22 59 1
23 60 1
24 61 1
25 62 1
26 62 1
27 62 1
28 62 1
29 62 1
30 62 1
31 62 1
32 62 1
33 62 1
34 62 1
35 62 1
36 62 1
37 62 1
38 61 1
39 60 1
40 59 1
41 58 1
41 57 1
42 56 1
43 55 1
43 54 1
43 53 1
43 52 1
43 51 1
43 50 1
43 49 1
.PEN_UP
.PEN_DOWN
20 53 1
21 52 1
21 51 1
21 50 1
22 49 1
23 48 1
23 47 1
24 46 1
24 45 1
25 44 1
.PEN_UP
