.PEN_DOWN
4 1 1
4 2 1
4 3 1
4 4 1
4 5 1
4 6 1
4 7 1
4 8 1
5 9 1
5 10 1
6 11 1
7 11 1
8 12 1
9 13 1
10 14 1
10 15 1
10 16 1
.PEN_UP
.PEN_DOWN
4 11 1
4 12 1
4 13 1
4 14 1
4 15 1
4 16 1
4 17 1
4 18 1
4 19 1
4 20 1
3 21 1
3 22 1
3 23 1
3 24 1
3 25 1
3 26 1
3 27 1
3 28 1
3 29 1
3 30 1
3 31 1
3 32 1
3 33 1
3 34 1
3 35 1
3 36 1
3 37 1
4 38 1
4 39 1
4 40 1
4 41 1
3 42 1
3 43 1
3 44 1
3 45 1
3 46 1
4 47 1
5 48 1
6 48 1
7 49 1
8 49 1
9 49 1
10 49 1
11 49 1
12 50 1
13 50 1
14 50 1
15 50 1
16 50 1
17 50 1
18 50 1
19 50 1
20 50 1
21 50 1
22 50 1
23 50 1
24 50 1
25 50 1
26 50 1
27 51 1
28 51 1
29 51 1
30 50 1
31 50 1
32 50 1
33 50 1
34 50 1
35 50 1
36 50 1
37 50 1
38 50 1
39 50 1
40 50 1
41 50 1
42 50 1
43 50 1
44 50 1
45 49 1
46 49 1
47 49 1
48 49 1
49 49 1
50 49 1
51 49 1
52 49 1
53 50 1
54 49 1
55 48 1
56 48 1
57 47 1
.PEN_UP
.PEN_DOWN
53 51 1
52 52 1
52 53 1
52 54 1
51 55 1
50 56 1
50 57 1
50 58 1
49 59 1
49 60 1
48 61 1
48 62 1
47 63 1
47 64 1
46 65 1
46 66 1
46 67 1
45 68 1
45 69 1
44 70 1
44 71 1
44 72 1
44 73 1
44 74 1
45 75 1
46 76 1
47 76 1
48 76 1
49 77 1
50 77 1
51 77 1
52 77 1
53 77 1
54 77 1
55 77 1
56 77 1
57 77 1
58 77 1
59 77 1
60 77 1
61 77 1
62 78 1
63 78 1
64 78 1
65 78 1
66 78 1
67 78 1
68 78 1
69 78 1
70 78 1
71 78 1
72 78 1
73 78 1
74 79 1
75 79 1
76 79 1
77 79 1
78 79 1
79 80 1
79 81 1
79 82 1
79 83 1
.PEN_UP
.PEN_DOWN
4 49 1
3 50 1
2 51 1
2 52 1
2 53 1
2 54 1
2 55 1
2 56 1
2 57 1
2 58 1
2 59 1
2 60 1
2 61 1
2 62 1
2 63 1
2 64 1
2 65 1
2 66 1
1 67 1
1 68 1
1 69 1
1 70 1
1 71 1
1 72 1
1 73 1
1 74 1
1 75 1
1 76 1
1 77 1
1 78 1
1 79 1
1 80 1
1 81 1
1 82 1
1 83 1
1 84 1
1 85 1
1 86 1
1 87 1
1 88 1
1 89 1
1 90 1
1 91 1
1 92 1
1 93 1
2 94 1
2 95 1
2 96 1
2 97 1
2 98 1
1 99 1
1 100 1
1 101 1
1 102 1
1 103 1
.PEN_UP
