.PEN_DOWN
6 1 1
6 2 1
5 3 1
5 4 1
5 5 1
4 6 1
4 7 1
4 8 1
4 9 1
4 10 1
4 11 1
3 12 1
3 13 1
3 14 1
3 15 1
3 16 1
3 17 1
3 18 1
3 19 1
3 20 1
3 21 1
3 22 1
3 23 1
3 24 1
2 25 1
2 26 1
2 27 1
3 28 1
3 29 1
3 30 1
3 31 1
3 32 1
3 33 1
3 34 1
3 35 1
2 36 1
2 37 1
2 38 1
2 39 1
2 40 1
2 41 1
2 42 1
1 43 1
2 44 1
2 45 1
2 46 1
3 47 1
4 47 1
5 47 1
6 47 1
7 47 1
8 47 1
9 46 1
10 45 1
11 44 1
12 43 1
13 43 1
14 43 1
15 43 1
16 43 1
17 43 1
19 41 1
20 40 1
21 39 1
22 39 1
23 38 1
24 37 1
25 37 1
26 36 1
27 36 1
28 35 1
29 35 1
30 34 1
31 33 1
32 33 1
33 32 1
34 31 1
35 31 1
36 31 1
37 31 1
38 30 1
39 29 1
40 29 1
41 29 1
42 29 1
43 28 1
44 28 1
45 28 1
46 27 1
47 27 1
48 26 1
49 26 1
50 26 1
51 26 1
52 26 1
52 28 1
52 29 1
52 30 1
52 31 1
52 32 1
52 33 1
52 34 1
51 35 1
51 36 1
51 37 1
51 38 1
51 39 1
52 40 1
52 41 1
52 42 1
52 43 1
53 44 1
53 45 1
54 46 1
54 47 1
55 48 1
56 49 1
56 50 1
57 51 1
57 52 1
58 53 1
59 54 1
60 55 1
61 56 1
62 57 1
62 58 1
62 59 1
62 60 1
62 61 1
61 62 1
60 62 1
59 61 1
58 61 1
57 61 1
56 61 1
55 61 1
54 60 1
53 60 1
52 60 1
51 59 1
50 59 1
49 58 1
48 58 1
47 57 1
46 57 1
45 56 1
44 55 1
43 55 1
42 54 1
41 54 1
40 53 1
39 53 1
38 52 1
37 51 1
36 51 1
35 50 1
34 50 1
33 50 1
32 49 1
31 48 1
30 48 1
29 47 1
28 47 1
27 47 1
26 46 1
25 46 1
24 46 1
23 46 1
22 46 1
21 45 1
20 45 1
19 44 1
18 43 1
.PEN_UP
.PEN_DOWN
2 48 1
2 49 1
3 50 1
3 51 1
3 52 1
3 53 1
2 54 1
2 55 1
2 56 1
2 57 1
2 58 1
2 59 1
1 60 1
1 61 1
1 62 1
1 63 1
1 64 1
1 65 1
1 66 1
1 67 1
1 68 1
2 69 1
2 70 1
2 71 1
2 72 1
2 73 1
2 74 1
2 75 1
2 76 1
2 77 1
2 78 1
1 79 1
.PEN_UP
.PEN_DOWN
70 40 1
71 40 1
72 41 1
73 41 1
74 41 1
75 42 1
77 41 1
78 40 1
79 39 1
80 38 1
81 37 1
82 37 1
83 37 1
.PEN_UP
