.PEN_DOWN
1 1 1
1 2 1
1 3 1
1 4 1
1 5 1
1 6 1
1 7 1
2 8 1
2 9 1
2 10 1
3 11 1
4 12 1
5 13 1
6 12 1
7 12 1
8 12 1
9 11 1
10 11 1
.PEN_UP
.PEN_DOWN
4 14 1
4 15 1
3 16 1
3 17 1
4 18 1
4 19 1
4 20 1
4 21 1
4 22 1
4 23 1
4 24 1
4 25 1
4 26 1
4 27 1
3 29 1
2 30 1
2 31 1
2 32 1
2 33 1
2 34 1
2 35 1
2 36 1
2 37 1
2 38 1
2 39 1
2 40 1
2 41 1
2 42 1
2 43 1
2 44 1
2 45 1
2 46 1
2 47 1
2 48 1
2 49 1
2 50 1
1 51 1
1 52 1
2 53 1
2 54 1
1 55 1
1 56 1
1 57 1
1 58 1
1 59 1
.PEN_UP
.PEN_DOWN
4 28 1
6 28 1
7 29 1
8 30 1
9 31 1
10 32 1
11 32 1
12 32 1
13 32 1
14 32 1
15 32 1
16 32 1
17 32 1
18 32 1
19 32 1
20 32 1
21 31 1
22 31 1
23 30 1
24 29 1
25 28 1
26 28 1
27 27 1
28 26 1
29 25 1
30 24 1
31 24 1
32 25 1
33 26 1
34 27 1
34 28 1
35 29 1
36 30 1
36 31 1
37 32 1
38 33 1
39 34 1
39 35 1
40 36 1
41 36 1
42 37 1
43 38 1
44 39 1
45 40 1
46 41 1
47 42 1
48 43 1
.PEN_UP
.PEN_DOWN
32 23 1
31 22 1
31 21 1
31 20 1
31 19 1
31 18 1
31 17 1
32 16 1
32 15 1
32 14 1
31 13 1
30 12 1
30 11 1
30 10 1
30 9 1
30 8 1
30 7 1
30 6 1
30 5 1
30 4 1
31 3 1
32 2 1
33 1 1
34 1 1
35 1 1
36 2 1
37 3 1
37 4 1
36 5 1
36 6 1
36 7 1
36 8 1
35 9 1
35 10 1
35 11 1
34 12 1
33 13 1
.PEN_UP
