.PEN_DOWN
16 1 1
15 1 1
14 1 1
13 2 1
12 3 1
11 4 1
10 5 1
9 6 1
8 7 1
8 8 1
7 9 1
7 10 1
6 11 1
6 12 1
5 13 1
4 14 1
4 15 1
4 16 1
4 17 1
3 18 1
3 19 1
3 20 1
2 21 1
2 22 1
2 23 1
2 24 1
2 25 1
1 26 1
2 27 1
2 28 1
3 29 1
4 30 1
5 31 1
6 31 1
7 32 1
8 33 1
9 33 1
10 33 1
11 34 1
12 34 1
13 34 1
14 34 1
15 35 1
16 36 1
17 35 1
18 34 1
19 34 1
20 33 1
21 33 1
22 33 1
23 33 1
24 33 1
25 32 1
26 32 1
27 32 1
28 31 1
29 30 1
30 29 1
31 28 1
32 27 1
32 26 1
33 25 1
33 24 1
34 23 1
34 22 1
35 21 1
35 20 1
36 19 1
36 18 1
36 17 1
35 16 1
35 15 1
34 14 1
33 14 1
32 14 1
31 15 1
30 15 1
29 16 1
28 17 1
27 18 1
26 19 1
25 20 1
24 21 1
23 22 1
22 23 1
21 24 1
21 25 1
20 26 1
20 27 1
19 28 1
19 29 1
19 30 1
19 31 1
19 32 1
.PEN_UP
.PEN_DOWN
16 37 1
16 38 1
16 39 1
16 40 1
17 41 1
19 41 1
20 41 1
21 41 1
22 40 1
23 39 1
24 39 1
25 39 1
26 39 1
27 38 1
28 38 1
29 38 1
30 38 1
31 37 1
32 37 1
33 37 1
34 38 1
35 39 1
36 40 1
37 41 1
37 42 1
38 43 1
38 44 1
38 45 1
38 46 1
38 47 1
38 48 1
38 49 1
38 50 1
38 51 1
38 52 1
37 53 1
36 54 1
35 55 1
34 56 1
33 56 1
32 56 1
31 56 1
30 56 1
29 56 1
28 55 1
27 55 1
26 55 1
25 54 1
24 54 1
23 53 1
22 52 1
21 51 1
20 50 1
19 49 1
18 48 1
17 47 1
15 47 1
14 47 1
13 48 1
13 49 1
12 50 1
11 51 1
11 52 1
11 53 1
10 54 1
10 55 1
10 56 1
10 57 1
10 58 1
10 59 1
11 60 1
11 61 1
12 62 1
13 63 1
14 64 1
15 64 1
16 65 1
17 66 1
18 67 1
19 68 1
20 69 1
20 70 1
19 71 1
18 72 1
17 73 1
16 74 1
16 75 1
14 76 1
13 76 1
12 77 1
11 78 1
10 79 1
10 80 1
10 81 1
9 82 1
9 83 1
9 84 1
9 85 1
9 86 1
9 87 1
8 88 1
8 89 1
8 90 1
8 91 1
8 92 1
9 93 1
9 94 1
9 95 1
9 96 1
9 97 1
10 98 1
10 99 1
10 100 1
11 101 1
11 102 1
12 103 1
13 104 1
14 105 1
15 106 1
.PEN_UP
.PEN_DOWN
15 76 1
17 77 1
18 77 1
19 77 1
20 77 1
21 77 1
22 77 1
23 77 1
24 77 1
25 77 1
26 77 1
27 77 1
28 77 1
29 77 1
30 77 1
31 76 1
32 76 1
33 76 1
34 76 1
35 76 1
36 76 1
37 75 1
38 75 1
39 75 1
40 75 1
41 74 1
42 74 1
43 74 1
44 74 1
45 74 1
46 74 1
47 74 1
48 73 1
49 73 1
50 73 1
51 73 1
52 73 1
53 73 1
54 73 1
55 73 1
.PEN_UP
.PEN_DOWN
17 46 1
17 45 1
17 44 1
17 43 1
17 42 1
.PEN_UP
