.PEN_DOWN
1 1 1
1 2 1
1 3 1
1 4 1
2 5 1
2 6 1
2 7 1
2 8 1
1 9 1
1 10 1
1 11 1
1 12 1
1 13 1
1 14 1
1 15 1
1 16 1
1 17 1
1 18 1
1 19 1
1 20 1
1 21 1
1 22 1
1 23 1
2 24 1
4 24 1
5 24 1
6 24 1
7 23 1
8 23 1
9 23 1
10 22 1
11 22 1
12 22 1
13 22 1
14 21 1
15 21 1
16 21 1
17 21 1
18 20 1
19 20 1
20 20 1
21 19 1
22 19 1
23 19 1
24 18 1
25 18 1
26 18 1
27 18 1
28 17 1
29 17 1
30 17 1
31 17 1
32 17 1
33 16 1
34 16 1
35 16 1
36 16 1
37 16 1
38 16 1
39 16 1
40 17 1
41 17 1
42 17 1
43 17 1
44 18 1
45 18 1
46 19 1
47 20 1
48 21 1
49 22 1
49 23 1
50 24 1
50 25 1
50 26 1
50 27 1
50 28 1
51 29 1
51 30 1
51 31 1
50 32 1
50 33 1
50 34 1
50 35 1
50 36 1
49 37 1
49 38 1
49 39 1
49 40 1
48 41 1
48 42 1
48 43 1
47 44 1
46 45 1
45 45 1
44 45 1
43 46 1
42 46 1
41 45 1
40 45 1
39 45 1
38 45 1
37 44 1
36 44 1
35 43 1
35 42 1
34 41 1
34 40 1
.PEN_UP
.PEN_DOWN
3 24 1
1 26 1
2 27 1
2 28 1
2 29 1
2 30 1
2 31 1
2 32 1
2 33 1
.PEN_UP
.PEN_DOWN
70 33 1
71 34 1
71 35 1
72 36 1
72 37 1
72 38 1
.PEN_UP
