.PEN_DOWN
24 9 1
25 10 1
26 11 1
27 12 1
28 13 1
29 14 1
30 14 1
31 15 1
32 15 1
34 17 1
35 18 1
35 19 1
36 20 1
36 21 1
38 22 1
39 23 1
40 24 1
41 25 1
41 26 1
41 27 1
41 28 1
41 29 1
40 30 1
40 31 1
39 32 1
39 33 1
38 34 1
37 35 1
36 36 1
35 36 1
34 37 1
33 37 1
32 37 1
31 37 1
30 38 1
30 39 1
29 40 1
28 41 1
27 42 1
26 42 1
25 43 1
24 43 1
23 44 1
22 45 1
21 45 1
20 46 1
19 46 1
18 46 1
17 47 1
16 48 1
15 48 1
14 49 1
13 48 1
12 47 1
11 46 1
10 45 1
9 44 1
9 43 1
8 42 1
7 41 1
7 40 1
6 39 1
5 38 1
5 37 1
4 36 1
4 35 1
3 34 1
3 33 1
3 32 1
3 31 1
2 30 1
2 29 1
2 28 1
2 27 1
2 26 1
2 25 1
2 24 1
2 23 1
2 22 1
3 21 1
3 20 1
3 19 1
3 18 1
4 17 1
4 16 1
4 15 1
5 14 1
5 13 1
6 12 1
7 11 1
7 10 1
8 9 1
9 8 1
10 7 1
11 6 1
12 5 1
13 4 1
14 3 1
15 2 1
16 2 1
17 2 1
18 2 1
19 1 1
20 1 1
21 1 1
22 1 1
23 1 1
24 1 1
25 1 1
26 2 1
27 2 1
28 2 1
29 3 1
30 3 1
31 4 1
32 5 1
33 6 1
34 7 1
34 8 1
35 9 1
35 10 1
35 11 1
35 12 1
35 13 1
34 14 1
33 15 1
.PEN_UP
.PEN_DOWN
14 50 1
14 51 1
15 52 1
15 53 1
16 54 1
17 55 1
18 56 1
18 57 1
19 58 1
19 59 1
20 60 1
21 61 1
22 62 1
22 63 1
23 64 1
24 65 1
25 66 1
.PEN_UP
.PEN_DOWN
30 36 1
30 35 1
31 34 1
31 33 1
31 32 1
32 31 1
32 30 1
32 29 1
33 28 1
33 27 1
34 26 1
34 25 1
34 24 1
35 23 1
36 22 1
.PEN_UP
.PEN_DOWN
55 79 1
54 79 1
53 79 1
52 79 1
51 79 1
50 79 1
49 79 1
48 79 1
47 79 1
46 79 1
45 79 1
44 79 1
43 78 1
42 78 1
41 78 1
40 78 1
39 78 1
38 78 1
37 78 1
36 78 1
35 78 1
34 78 1
33 77 1
32 77 1
31 77 1
30 77 1
29 77 1
28 77 1
27 77 1
26 77 1
25 77 1
24 76 1
23 76 1
22 76 1
21 76 1
20 76 1
19 76 1
18 76 1
17 76 1
16 75 1
15 75 1
14 75 1
13 75 1
12 75 1
11 75 1
10 74 1
9 74 1
8 74 1
7 74 1
6 74 1
5 74 1
4 73 1
3 74 1
3 75 1
2 76 1
2 77 1
2 78 1
2 79 1
2 80 1
2 81 1
2 82 1
2 83 1
2 84 1
2 85 1
2 86 1
3 87 1
3 88 1
3 89 1
3 90 1
2 91 1
2 92 1
2 93 1
2 94 1
2 95 1
2 96 1
2 97 1
2 98 1
2 99 1
2 100 1
2 101 1
2 102 1
1 103 1
1 104 1
1 105 1
.PEN_UP
