.PEN_DOWN
11 16 1
11 17 1
10 18 1
9 19 1
8 20 1
7 20 1
6 20 1
5 20 1
4 20 1
3 20 1
2 19 1
2 18 1
2 17 1
3 16 1
2 15 1
2 14 1
2 13 1
3 12 1
3 11 1
3 10 1
4 9 1
5 8 1
6 7 1
6 6 1
7 5 1
8 4 1
9 3 1
10 2 1
11 1 1
12 1 1
13 1 1
14 1 1
15 1 1
16 1 1
17 1 1
18 2 1
19 3 1
20 4 1
20 5 1
20 6 1
20 7 1
20 8 1
20 9 1
20 10 1
21 11 1
21 12 1
21 13 1
21 14 1
21 15 1
21 16 1
21 17 1
21 18 1
21 19 1
22 20 1
22 21 1
22 22 1
23 23 1
24 23 1
25 23 1
26 23 1
27 22 1
28 21 1
29 20 1
30 19 1
31 18 1
32 17 1
32 16 1
32 15 1
32 14 1
33 13 1
33 12 1
33 11 1
33 10 1
34 9 1
34 8 1
34 7 1
.PEN_UP
.PEN_DOWN
31 20 1
32 21 1
32 22 1
32 23 1
32 24 1
32 25 1
32 26 1
32 27 1
32 28 1
32 29 1
32 30 1
32 31 1
31 32 1
31 33 1
31 34 1
31 35 1
31 36 1
30 37 1
29 38 1
28 38 1
27 39 1
26 40 1
25 40 1
24 40 1
23 40 1
22 41 1
21 41 1
20 41 1
19 41 1
18 41 1
17 41 1
16 41 1
15 42 1
14 42 1
13 42 1
12 42 1
11 42 1
10 42 1
9 42 1
8 41 1
7 41 1
6 41 1
5 41 1
4 40 1
3 41 1
3 42 1
3 43 1
3 44 1
3 45 1
2 46 1
2 47 1
2 48 1
2 49 1
2 50 1
3 51 1
3 52 1
3 53 1
2 54 1
2 55 1
2 56 1
2 57 1
2 58 1
2 59 1
2 60 1
2 61 1
2 62 1
2 63 1
2 64 1
1 65 1
1 66 1
1 67 1
1 68 1
1 69 1
1 70 1
1 71 1
1 72 1
1 73 1
1 74 1
1 75 1
1 76 1
1 77 1
1 78 1
1 79 1
1 80 1
1 81 1
1 82 1
1 83 1
1 84 1
1 85 1
1 86 1
1 87 1
1 88 1
1 89 1
1 90 1
1 91 1
1 92 1
1 93 1
1 94 1
1 95 1
1 96 1
1 97 1
1 98 1
.PEN_UP
.PEN_DOWN
1 100 1
1 101 1
1 102 1
1 103 1
.PEN_UP
