.PEN_DOWN
3 1 1
3 2 1
3 3 1
3 4 1
3 5 1
3 6 1
2 7 1
2 8 1
2 9 1
2 10 1
2 11 1
2 12 1
2 13 1
2 14 1
2 15 1
2 16 1
2 17 1
2 18 1
2 19 1
2 20 1
2 21 1
2 22 1
2 23 1
2 24 1
2 25 1
2 26 1
2 27 1
2 28 1
2 29 1
2 30 1
2 31 1
2 32 1
2 33 1
2 34 1
2 35 1
2 36 1
2 37 1
2 38 1
2 39 1
2 40 1
2 41 1
2 42 1
2 43 1
2 44 1
2 45 1
2 46 1
2 47 1
2 48 1
2 49 1
2 50 1
2 51 1
3 52 1
5 53 1
6 53 1
7 53 1
8 53 1
9 53 1
10 52 1
11 53 1
12 54 1
13 55 1
14 55 1
15 55 1
16 55 1
17 56 1
18 57 1
19 57 1
20 57 1
21 58 1
22 58 1
23 59 1
24 59 1
25 59 1
26 60 1
27 60 1
28 60 1
29 60 1
30 61 1
31 61 1
32 61 1
33 62 1
34 62 1
35 62 1
36 63 1
37 63 1
38 63 1
39 64 1
40 64 1
41 65 1
42 65 1
43 65 1
44 65 1
46 66 1
47 66 1
48 67 1
.PEN_UP
.PEN_DOWN
45 64 1
45 63 1
45 62 1
45 61 1
45 60 1
44 59 1
44 58 1
43 57 1
43 56 1
42 55 1
42 54 1
42 53 1
41 52 1
41 51 1
41 50 1
40 49 1
40 48 1
39 47 1
39 46 1
39 45 1
38 44 1
38 43 1
38 42 1
37 41 1
37 40 1
37 39 1
37 38 1
36 37 1
36 36 1
36 35 1
36 34 1
36 33 1
36 32 1
35 31 1
33 31 1
32 31 1
31 31 1
30 32 1
29 32 1
28 33 1
27 34 1
26 35 1
25 36 1
24 37 1
23 38 1
22 38 1
21 39 1
20 40 1
19 41 1
18 42 1
17 42 1
16 43 1
15 44 1
14 45 1
13 46 1
12 47 1
11 48 1
10 49 1
10 50 1
10 51 1
.PEN_UP
.PEN_DOWN
34 30 1
36 29 1
36 28 1
37 27 1
38 26 1
.PEN_UP
.PEN_DOWN
3 53 1
2 54 1
1 55 1
1 56 1
1 57 1
1 58 1
1 59 1
1 60 1
2 61 1
2 62 1
2 63 1
2 64 1
3 65 1
5 66 1
6 66 1
7 66 1
8 66 1
9 66 1
.PEN_UP
.PEN_DOWN
4 65 1
3 67 1
3 68 1
3 69 1
3 70 1
3 71 1
3 72 1
3 73 1
3 74 1
3 75 1
3 76 1
3 77 1
3 78 1
3 79 1
3 80 1
4 81 1
4 82 1
4 83 1
.PEN_UP
