.PEN_DOWN
1 22 1
2 22 1
3 23 1
4 24 1
4 25 1
5 26 1
5 27 1
6 28 1
6 29 1
6 30 1
7 31 1
7 32 1
8 33 1
8 34 1
9 35 1
9 36 1
10 37 1
11 38 1
12 39 1
13 39 1
14 39 1
15 38 1
16 37 1
17 36 1
17 35 1
18 34 1
18 33 1
19 32 1
19 31 1
20 30 1
21 29 1
22 28 1
23 28 1
24 28 1
25 27 1
26 25 1
27 24 1
27 23 1
27 22 1
27 21 1
27 20 1
27 19 1
27 18 1
27 17 1
27 16 1
28 15 1
28 14 1
28 13 1
29 12 1
29 11 1
29 10 1
29 9 1
29 8 1
29 7 1
29 6 1
29 5 1
30 4 1
29 3 1
29 2 1
29 1 1
.PEN_UP
.PEN_DOWN
27 28 1
28 29 1
30 29 1
31 30 1
32 30 1
33 31 1
34 31 1
35 31 1
36 31 1
37 31 1
38 30 1
39 30 1
40 30 1
41 29 1
42 29 1
43 28 1
44 28 1
45 27 1
46 27 1
47 27 1
48 26 1
49 26 1
50 25 1
51 25 1
52 25 1
53 24 1
54 24 1
55 24 1
56 24 1
57 24 1
58 24 1
59 24 1
60 24 1
61 24 1
62 25 1
63 25 1
64 25 1
65 25 1
66 25 1
67 26 1
68 27 1
69 28 1
69 29 1
70 30 1
71 31 1
71 32 1
71 33 1
71 34 1
71 35 1
71 36 1
71 37 1
70 38 1
70 39 1
70 40 1
70 41 1
70 42 1
69 43 1
69 44 1
68 45 1
68 46 1
67 47 1
66 48 1
65 49 1
64 50 1
63 51 1
62 52 1
61 53 1
60 53 1
59 54 1
58 54 1
57 54 1
56 54 1
55 54 1
54 54 1
53 53 1
52 52 1
51 51 1
51 50 1
51 49 1
51 48 1
51 47 1
51 46 1
52 45 1
52 44 1
53 43 1
54 43 1
55 43 1
56 42 1
57 42 1
58 42 1
59 42 1
.PEN_UP
.PEN_DOWN
29 28 1
30 27 1
31 26 1
32 25 1
32 24 1
33 23 1
.PEN_UP
.PEN_DOWN
27 30 1
26 31 1
26 32 1
26 33 1
26 34 1
26 35 1
26 36 1
26 37 1
26 38 1
26 39 1
26 40 1
26 41 1
26 42 1
26 43 1
26 44 1
26 45 1
26 46 1
26 47 1
27 48 1
27 49 1
27 50 1
27 51 1
27 52 1
27 53 1
27 54 1
27 55 1
27 56 1
27 57 1
27 58 1
27 59 1
27 60 1
27 61 1
27 62 1
.PEN_UP
