.PEN_DOWN
15 10 1
16 10 1
17 9 1
18 9 1
19 8 1
20 7 1
20 6 1
20 5 1
20 4 1
20 3 1
20 2 1
19 1 1
18 1 1
17 1 1
16 1 1
15 1 1
14 1 1
13 1 1
12 2 1
11 2 1
10 3 1
9 4 1
8 5 1
7 6 1
6 7 1
6 8 1
6 9 1
5 10 1
5 11 1
5 12 1
5 13 1
4 14 1
4 15 1
4 16 1
5 17 1
5 18 1
5 19 1
5 20 1
6 21 1
7 22 1
8 22 1
9 23 1
10 24 1
11 25 1
12 25 1
13 25 1
14 25 1
15 25 1
16 26 1
17 25 1
18 24 1
19 24 1
20 24 1
21 23 1
22 22 1
23 22 1
24 21 1
24 20 1
25 19 1
26 18 1
27 17 1
28 16 1
28 15 1
29 14 1
30 13 1
31 13 1
32 13 1
34 11 1
34 10 1
35 9 1
36 8 1
36 7 1
.PEN_UP
.PEN_DOWN
33 12 1
34 14 1
34 15 1
34 16 1
34 17 1
34 18 1
34 19 1
33 20 1
33 21 1
32 22 1
32 23 1
32 24 1
32 25 1
32 26 1
32 27 1
33 28 1
33 29 1
34 30 1
34 31 1
34 32 1
34 33 1
35 34 1
35 35 1
35 36 1
34 37 1
33 37 1
32 37 1
31 37 1
30 37 1
29 37 1
28 38 1
27 38 1
26 38 1
25 38 1
24 38 1
23 38 1
22 38 1
21 38 1
20 38 1
19 38 1
18 38 1
17 38 1
16 38 1
15 38 1
14 38 1
13 38 1
12 38 1
11 38 1
10 38 1
9 38 1
8 37 1
7 37 1
6 36 1
5 36 1
4 36 1
3 37 1
2 39 1
2 40 1
2 41 1
2 42 1
2 43 1
2 44 1
2 45 1
2 46 1
2 47 1
2 48 1
2 49 1
2 50 1
2 51 1
2 52 1
2 53 1
2 54 1
1 55 1
1 56 1
1 57 1
1 58 1
1 59 1
.PEN_UP
