.PEN_DOWN
6 1 1
6 2 1
6 3 1
6 4 1
6 5 1
7 6 1
7 7 1
7 8 1
7 9 1
7 10 1
7 11 1
6 12 1
6 13 1
6 14 1
6 15 1
6 16 1
6 17 1
6 18 1
6 19 1
6 20 1
5 21 1
5 22 1
5 23 1
5 24 1
5 25 1
5 26 1
5 27 1
5 28 1
5 29 1
5 30 1
5 31 1
5 32 1
5 33 1
5 34 1
4 35 1
4 36 1
4 37 1
4 38 1
4 39 1
4 40 1
4 41 1
4 42 1
4 43 1
3 44 1
3 45 1
3 46 1
3 47 1
3 48 1
3 49 1
3 50 1
3 51 1
3 52 1
3 53 1
3 54 1
2 55 1
2 56 1
2 57 1
2 58 1
2 59 1
2 60 1
2 61 1
2 62 1
2 63 1
2 64 1
2 65 1
2 66 1
2 67 1
2 68 1
1 69 1
.PEN_UP
.PEN_DOWN
17 10 1
18 11 1
18 12 1
18 13 1
19 14 1
19 15 1
19 16 1
19 17 1
20 18 1
20 19 1
20 20 1
20 21 1
20 22 1
20 23 1
20 24 1
20 25 1
20 26 1
21 27 1
21 28 1
22 29 1
22 30 1
22 31 1
23 32 1
23 33 1
24 34 1
25 35 1
26 36 1
27 37 1
28 37 1
29 37 1
30 37 1
31 38 1
32 38 1
33 38 1
34 38 1
36 37 1
36 36 1
36 35 1
37 34 1
37 33 1
38 32 1
38 31 1
.PEN_UP
.PEN_DOWN
35 38 1
36 40 1
36 41 1
36 42 1
36 43 1
36 44 1
36 45 1
36 46 1
37 47 1
37 48 1
38 49 1
38 50 1
38 51 1
39 52 1
39 53 1
39 54 1
39 55 1
39 56 1
40 57 1
41 58 1
42 59 1
43 60 1
44 60 1
.PEN_UP
.PEN_DOWN
38 57 1
37 56 1
36 56 1
35 56 1
34 56 1
33 56 1
32 56 1
31 56 1
30 55 1
29 55 1
28 55 1
27 55 1
26 54 1
25 54 1
24 53 1
23 53 1
22 53 1
21 52 1
20 52 1
19 51 1
18 51 1
17 51 1
16 51 1
15 51 1
14 51 1
13 52 1
12 53 1
12 54 1
12 55 1
13 56 1
13 57 1
14 58 1
15 59 1
16 60 1
17 61 1
18 62 1
19 63 1
20 64 1
21 65 1
22 66 1
23 67 1
24 68 1
25 69 1
26 69 1
27 69 1
28 69 1
29 69 1
30 69 1
31 68 1
32 67 1
32 66 1
.PEN_UP
