.PEN_DOWN
5 1 1
5 2 1
4 3 1
4 4 1
3 5 1
3 6 1
3 7 1
3 8 1
3 9 1
3 10 1
3 11 1
3 12 1
3 13 1
3 14 1
3 15 1
3 16 1
3 17 1
3 18 1
3 19 1
3 20 1
2 21 1
2 22 1
2 23 1
2 24 1
2 25 1
2 26 1
2 27 1
2 28 1
2 29 1
2 30 1
2 31 1
2 32 1
2 33 1
2 34 1
2 35 1
2 36 1
2 37 1
2 38 1
2 39 1
2 40 1
2 41 1
3 42 1
3 44 1
3 45 1
2 46 1
2 47 1
3 48 1
4 49 1
6 48 1
7 48 1
8 48 1
9 48 1
10 48 1
11 48 1
12 48 1
13 48 1
14 48 1
15 47 1
16 47 1
17 47 1
18 47 1
19 47 1
20 47 1
21 46 1
22 46 1
23 46 1
24 46 1
25 46 1
26 45 1
28 45 1
29 45 1
30 45 1
31 45 1
.PEN_UP
.PEN_DOWN
26 44 1
26 43 1
25 42 1
24 41 1
24 40 1
23 39 1
22 38 1
22 37 1
21 36 1
21 35 1
20 34 1
19 33 1
19 32 1
19 31 1
18 30 1
17 29 1
16 28 1
14 29 1
13 30 1
12 31 1
12 32 1
11 33 1
11 34 1
10 35 1
10 36 1
9 37 1
8 38 1
8 39 1
7 40 1
6 41 1
5 42 1
4 42 1
.PEN_UP
.PEN_DOWN
16 27 1
16 26 1
16 25 1
17 24 1
17 23 1
17 22 1
17 21 1
17 20 1
17 19 1
17 18 1
17 17 1
18 16 1
18 15 1
19 14 1
20 13 1
20 12 1
21 11 1
21 10 1
22 9 1
22 8 1
23 7 1
.PEN_UP
.PEN_DOWN
5 49 1
5 51 1
5 52 1
5 53 1
6 54 1
5 55 1
4 56 1
4 57 1
3 58 1
3 59 1
3 60 1
2 61 1
2 62 1
2 63 1
2 64 1
2 65 1
2 66 1
2 67 1
2 68 1
2 69 1
2 70 1
2 71 1
2 72 1
2 73 1
2 74 1
2 75 1
2 76 1
2 77 1
2 78 1
1 79 1
1 80 1
2 81 1
2 82 1
1 83 1
1 84 1
1 85 1
1 86 1
1 87 1
1 88 1
1 89 1
1 90 1
1 91 1
2 92 1
2 93 1
2 94 1
2 95 1
2 96 1
2 97 1
1 98 1
1 99 1
1 100 1
1 101 1
2 102 1
2 103 1
2 104 1
2 105 1
2 106 1
2 107 1
2 108 1
2 109 1
2 110 1
2 111 1
2 112 1
2 113 1
2 114 1
2 115 1
2 116 1
2 117 1
2 118 1
2 119 1
2 120 1
2 121 1
2 122 1
2 123 1
2 124 1
2 125 1
2 126 1
2 127 1
2 128 1
2 129 1
.PEN_UP
