.PEN_DOWN
35 34 1
35 33 1
35 32 1
35 31 1
35 30 1
34 29 1
33 28 1
32 28 1
31 28 1
30 29 1
29 30 1
28 31 1
27 32 1
27 33 1
27 34 1
28 35 1
28 36 1
28 37 1
28 38 1
28 39 1
27 41 1
26 41 1
25 41 1
24 41 1
23 41 1
22 42 1
23 43 1
24 44 1
25 44 1
26 44 1
27 44 1
28 43 1
29 42 1
30 41 1
31 41 1
32 42 1
33 43 1
34 44 1
35 45 1
36 46 1
37 46 1
38 47 1
39 47 1
40 48 1
41 48 1
42 49 1
43 49 1
44 49 1
45 49 1
46 49 1
47 49 1
48 50 1
49 50 1
50 50 1
51 50 1
52 50 1
53 50 1
54 50 1
55 50 1
56 50 1
57 50 1
58 50 1
59 50 1
60 49 1
61 49 1
62 49 1
63 48 1
65 49 1
66 49 1
67 48 1
68 47 1
68 46 1
67 45 1
66 45 1
65 44 1
64 45 1
63 44 1
62 43 1
61 42 1
60 41 1
60 40 1
60 39 1
59 38 1
59 37 1
59 36 1
59 35 1
59 34 1
59 33 1
59 32 1
59 31 1
59 30 1
59 29 1
59 28 1
59 27 1
59 26 1
60 25 1
60 24 1
60 23 1
60 22 1
61 21 1
61 20 1
61 19 1
61 18 1
62 17 1
62 16 1
62 15 1
63 14 1
63 13 1
63 12 1
64 11 1
64 10 1
64 9 1
64 8 1
64 7 1
65 6 1
65 5 1
65 4 1
65 3 1
65 2 1
66 1 1
.PEN_UP
.PEN_DOWN
21 41 1
20 41 1
19 40 1
18 39 1
17 39 1
16 38 1
15 37 1
14 36 1
13 35 1
12 35 1
11 34 1
11 33 1
10 32 1
9 31 1
9 30 1
8 29 1
7 28 1
7 27 1
6 26 1
5 25 1
4 24 1
5 23 1
5 22 1
4 21 1
3 21 1
2 20 1
1 21 1
1 22 1
2 23 1
3 23 1
.PEN_UP
