.PEN_DOWN
12 1 1
11 1 1
10 2 1
9 3 1
8 4 1
7 5 1
6 6 1
6 7 1
6 8 1
6 9 1
6 10 1
6 11 1
6 12 1
7 13 1
8 14 1
9 14 1
10 15 1
11 16 1
12 17 1
13 18 1
14 19 1
17 20 1
18 20 1
19 20 1
20 20 1
21 20 1
22 21 1
24 20 1
25 20 1
26 20 1
27 19 1
28 18 1
28 17 1
29 16 1
29 15 1
29 14 1
30 13 1
30 12 1
29 11 1
28 10 1
27 10 1
26 10 1
25 9 1
24 10 1
23 10 1
22 11 1
21 11 1
20 12 1
19 13 1
18 14 1
18 15 1
18 16 1
17 17 1
16 18 1
.PEN_UP
.PEN_DOWN
14 21 1
13 22 1
12 22 1
11 22 1
10 23 1
9 23 1
8 23 1
7 24 1
6 25 1
6 26 1
6 27 1
6 28 1
6 29 1
6 30 1
6 31 1
6 32 1
7 33 1
7 34 1
8 35 1
9 36 1
9 37 1
9 38 1
10 39 1
10 40 1
10 41 1
11 42 1
11 43 1
12 44 1
12 45 1
13 46 1
13 47 1
13 48 1
13 49 1
14 50 1
15 50 1
16 50 1
17 50 1
18 50 1
19 50 1
20 50 1
21 50 1
22 50 1
23 50 1
24 50 1
25 50 1
26 50 1
27 50 1
28 51 1
29 51 1
30 51 1
31 51 1
32 51 1
33 52 1
34 53 1
35 54 1
36 55 1
36 56 1
37 57 1
.PEN_UP
.PEN_DOWN
12 50 1
11 50 1
10 50 1
9 50 1
8 50 1
7 50 1
6 50 1
5 50 1
4 50 1
3 50 1
2 51 1
1 52 1
1 53 1
1 54 1
1 55 1
1 56 1
1 57 1
1 58 1
1 59 1
1 60 1
1 61 1
1 62 1
.PEN_UP
.PEN_DOWN
14 23 1
15 24 1
15 25 1
15 26 1
15 27 1
15 28 1
16 29 1
16 30 1
17 31 1
18 32 1
19 32 1
20 32 1
21 32 1
22 32 1
23 31 1
23 30 1
23 29 1
23 28 1
23 27 1
23 26 1
23 25 1
23 24 1
23 23 1
23 22 1
.PEN_UP
