.PEN_DOWN
32 6 1
31 5 1
30 4 1
29 3 1
28 2 1
27 2 1
26 2 1
25 1 1
24 1 1
23 1 1
22 1 1
21 1 1
20 1 1
19 2 1
18 2 1
17 3 1
16 4 1
15 4 1
14 5 1
12 4 1
11 4 1
10 4 1
9 3 1
8 3 1
7 4 1
6 5 1
5 6 1
5 7 1
4 8 1
4 9 1
3 10 1
3 11 1
3 12 1
3 13 1
2 14 1
2 15 1
2 16 1
2 17 1
1 18 1
1 19 1
1 20 1
1 21 1
1 22 1
1 23 1
1 24 1
1 25 1
1 26 1
1 27 1
1 28 1
1 29 1
1 30 1
1 31 1
2 32 1
2 33 1
2 34 1
2 35 1
2 36 1
2 37 1
3 38 1
3 39 1
3 40 1
4 41 1
5 42 1
6 43 1
6 44 1
6 45 1
6 46 1
7 47 1
7 48 1
7 49 1
7 50 1
7 51 1
8 52 1
9 53 1
9 54 1
10 55 1
11 56 1
11 57 1
12 58 1
13 59 1
14 60 1
15 61 1
16 62 1
.PEN_UP
.PEN_DOWN
7 42 1
8 42 1
9 42 1
10 41 1
11 41 1
12 41 1
13 41 1
14 41 1
15 41 1
16 41 1
17 41 1
18 40 1
19 40 1
20 40 1
21 40 1
22 40 1
23 40 1
24 40 1
25 40 1
26 40 1
27 40 1
28 40 1
29 40 1
30 40 1
31 41 1
34 41 1
35 41 1
36 42 1
37 42 1
38 42 1
39 42 1
40 42 1
41 42 1
42 42 1
43 42 1
44 42 1
45 42 1
46 41 1
47 41 1
48 41 1
49 40 1
50 39 1
51 38 1
52 38 1
53 37 1
53 36 1
53 35 1
53 34 1
53 33 1
53 32 1
53 31 1
53 30 1
53 29 1
53 28 1
53 27 1
53 26 1
53 25 1
52 24 1
52 23 1
51 22 1
51 21 1
50 20 1
49 19 1
48 18 1
47 18 1
46 18 1
45 17 1
44 17 1
43 17 1
42 18 1
41 18 1
40 19 1
39 19 1
38 20 1
37 21 1
37 22 1
36 23 1
35 24 1
33 24 1
32 23 1
31 23 1
30 23 1
29 23 1
28 23 1
27 23 1
26 23 1
25 23 1
24 23 1
23 23 1
22 23 1
21 23 1
20 22 1
19 22 1
18 22 1
17 21 1
16 20 1
15 19 1
14 18 1
13 17 1
13 16 1
12 15 1
12 14 1
12 13 1
12 12 1
12 11 1
13 10 1
13 9 1
13 8 1
13 7 1
14 6 1
.PEN_UP
.PEN_DOWN
34 24 1
34 26 1
34 27 1
34 28 1
34 29 1
33 30 1
33 31 1
33 32 1
32 33 1
32 34 1
32 35 1
32 36 1
32 37 1
32 38 1
32 39 1
32 40 1
32 43 1
32 44 1
32 45 1
32 46 1
32 47 1
32 48 1
32 49 1
31 50 1
31 51 1
31 52 1
31 53 1
31 54 1
31 55 1
31 56 1
.PEN_UP
