.PEN_DOWN
5 20 1
5 21 1
3 22 1
2 22 1
1 22 1
.PEN_UP
.PEN_DOWN
6 23 1
7 24 1
8 24 1
9 24 1
10 24 1
11 24 1
12 24 1
13 24 1
14 24 1
15 25 1
16 25 1
17 25 1
18 25 1
19 25 1
20 25 1
21 26 1
22 26 1
23 26 1
24 25 1
26 25 1
27 25 1
28 26 1
29 26 1
30 27 1
31 27 1
32 28 1
33 28 1
34 29 1
35 29 1
36 30 1
37 30 1
38 31 1
39 31 1
40 31 1
41 32 1
42 32 1
43 33 1
44 33 1
45 34 1
46 35 1
.PEN_UP
.PEN_DOWN
24 24 1
24 23 1
23 22 1
23 21 1
22 20 1
22 19 1
21 18 1
21 17 1
20 16 1
20 15 1
20 14 1
20 13 1
20 12 1
20 11 1
20 10 1
20 9 1
20 8 1
21 7 1
21 6 1
21 5 1
22 4 1
23 3 1
24 3 1
25 3 1
26 2 1
27 2 1
28 2 1
29 1 1
.PEN_UP
.PEN_DOWN
6 25 1
6 26 1
6 27 1
6 28 1
6 29 1
6 30 1
6 31 1
6 32 1
6 33 1
6 34 1
6 35 1
6 36 1
6 37 1
6 38 1
6 39 1
6 40 1
6 41 1
6 42 1
6 43 1
6 44 1
.PEN_UP
