.PEN_DOWN
1 1 1
1 2 1
1 3 1
1 4 1
1 5 1
1 6 1
1 7 1
1 8 1
1 9 1
1 10 1
1 11 1
1 12 1
1 13 1
1 14 1
1 15 1
1 16 1
1 17 1
1 18 1
2 19 1
4 19 1
5 19 1
6 18 1
7 18 1
8 18 1
9 18 1
10 17 1
11 17 1
12 17 1
13 17 1
14 17 1
15 16 1
16 16 1
17 16 1
18 16 1
19 16 1
20 16 1
21 16 1
22 16 1
23 16 1
24 16 1
25 16 1
26 15 1
27 15 1
28 15 1
29 15 1
30 15 1
31 15 1
32 15 1
33 16 1
34 16 1
35 16 1
36 16 1
37 16 1
38 16 1
39 16 1
40 17 1
41 17 1
42 17 1
43 18 1
44 18 1
45 18 1
46 19 1
47 20 1
47 21 1
47 22 1
47 23 1
46 24 1
45 25 1
45 26 1
44 27 1
44 28 1
43 29 1
43 30 1
42 31 1
41 32 1
41 33 1
40 34 1
39 35 1
38 36 1
37 37 1
36 37 1
35 37 1
34 38 1
33 37 1
32 36 1
31 35 1
31 34 1
31 33 1
30 32 1
31 31 1
31 30 1
.PEN_UP
.PEN_DOWN
3 19 1
1 21 1
1 22 1
1 23 1
1 24 1
1 25 1
1 26 1
1 27 1
1 28 1
1 29 1
1 30 1
1 31 1
.PEN_UP
