.PEN_DOWN
1 1 1
1 2 1
1 3 1
2 4 1
1 5 1
1 6 1
1 7 1
1 8 1
1 9 1
1 10 1
1 11 1
1 12 1
1 13 1
1 14 1
2 15 1
3 16 1
4 15 1
5 15 1
6 15 1
7 15 1
8 15 1
9 15 1
10 15 1
11 15 1
12 16 1
13 17 1
14 18 1
15 19 1
15 20 1
15 21 1
16 22 1
17 23 1
18 24 1
19 23 1
20 22 1
21 21 1
22 20 1
23 19 1
24 18 1
25 17 1
26 17 1
27 16 1
28 17 1
29 18 1
29 19 1
29 20 1
29 21 1
30 22 1
30 23 1
30 24 1
30 25 1
30 26 1
31 27 1
31 28 1
31 29 1
32 30 1
32 31 1
32 32 1
32 33 1
33 34 1
33 35 1
33 36 1
33 37 1
33 38 1
32 39 1
31 39 1
30 39 1
29 39 1
28 39 1
27 39 1
26 39 1
25 39 1
24 39 1
23 39 1
22 39 1
21 39 1
20 39 1
19 39 1
18 39 1
17 39 1
16 39 1
15 39 1
14 38 1
13 38 1
12 38 1
11 38 1
10 38 1
9 38 1
8 38 1
7 39 1
6 39 1
5 39 1
4 40 1
3 41 1
3 42 1
3 43 1
3 44 1
3 45 1
3 46 1
3 47 1
3 48 1
3 49 1
3 50 1
3 51 1
3 52 1
3 53 1
3 54 1
3 55 1
3 56 1
3 57 1
3 58 1
3 59 1
3 60 1
3 61 1
3 62 1
3 63 1
3 64 1
3 65 1
3 66 1
3 67 1
3 68 1
3 69 1
3 70 1
3 71 1
2 72 1
2 73 1
2 74 1
2 75 1
2 76 1
2 77 1
2 78 1
2 79 1
2 80 1
2 81 1
2 82 1
1 83 1
1 84 1
.PEN_UP
.PEN_DOWN
4 38 1
4 37 1
3 36 1
3 35 1
3 34 1
3 33 1
3 32 1
3 31 1
3 30 1
3 29 1
2 28 1
2 27 1
2 26 1
2 25 1
2 24 1
1 23 1
1 22 1
2 21 1
2 20 1
2 19 1
2 18 1
2 17 1
.PEN_UP
