.PEN_DOWN
8 13 1
7 12 1
6 12 1
5 12 1
4 11 1
3 12 1
2 13 1
2 14 1
2 15 1
2 16 1
2 17 1
2 18 1
2 19 1
2 20 1
2 21 1
2 22 1
2 23 1
2 24 1
2 25 1
3 26 1
4 27 1
5 27 1
6 27 1
7 27 1
8 27 1
9 27 1
10 27 1
11 27 1
12 27 1
13 27 1
14 27 1
15 27 1
16 27 1
17 27 1
18 26 1
19 26 1
20 26 1
21 26 1
22 26 1
23 26 1
24 26 1
25 26 1
26 26 1
27 26 1
28 26 1
29 26 1
30 26 1
31 26 1
32 26 1
33 27 1
35 26 1
36 25 1
37 25 1
38 25 1
39 25 1
40 25 1
41 25 1
42 25 1
.PEN_UP
.PEN_DOWN
33 28 1
33 29 1
32 30 1
32 31 1
31 32 1
30 33 1
29 34 1
29 35 1
29 36 1
29 37 1
28 38 1
28 39 1
28 40 1
29 41 1
30 42 1
31 43 1
32 44 1
33 45 1
34 46 1
35 46 1
36 47 1
37 47 1
38 48 1
39 48 1
40 48 1
41 48 1
42 48 1
43 48 1
44 48 1
45 48 1
46 48 1
47 48 1
48 48 1
49 48 1
50 48 1
51 48 1
52 47 1
53 47 1
54 47 1
55 46 1
56 45 1
57 45 1
58 44 1
59 43 1
60 42 1
60 41 1
61 40 1
61 39 1
62 38 1
62 37 1
63 36 1
63 35 1
64 34 1
64 33 1
64 32 1
65 31 1
65 30 1
65 29 1
65 28 1
66 27 1
66 26 1
66 25 1
66 24 1
66 23 1
65 22 1
65 21 1
65 20 1
65 19 1
64 18 1
63 17 1
62 16 1
61 15 1
61 14 1
60 13 1
59 12 1
58 12 1
57 11 1
56 11 1
55 10 1
54 10 1
53 9 1
52 8 1
51 8 1
50 7 1
49 7 1
48 7 1
47 6 1
46 6 1
45 6 1
44 5 1
43 5 1
42 4 1
41 4 1
40 4 1
39 3 1
38 3 1
37 3 1
36 2 1
35 2 1
34 2 1
33 2 1
32 2 1
31 2 1
30 1 1
.PEN_UP
.PEN_DOWN
3 28 1
2 29 1
2 30 1
2 31 1
2 32 1
2 33 1
2 34 1
2 35 1
2 36 1
2 37 1
2 38 1
1 39 1
1 40 1
1 41 1
1 42 1
.PEN_UP
