.PEN_DOWN
1 25 1
2 25 1
3 26 1
4 26 1
5 26 1
6 27 1
7 27 1
8 27 1
9 28 1
10 28 1
11 28 1
12 28 1
13 28 1
14 28 1
15 28 1
16 28 1
17 27 1
18 27 1
19 27 1
20 26 1
21 26 1
22 26 1
23 26 1
24 28 1
25 29 1
25 30 1
25 31 1
25 32 1
25 33 1
24 34 1
24 35 1
24 36 1
24 37 1
24 38 1
24 39 1
24 40 1
23 41 1
23 42 1
23 43 1
23 44 1
23 45 1
23 46 1
23 47 1
23 48 1
22 49 1
22 50 1
22 51 1
22 52 1
22 53 1
22 54 1
22 55 1
22 56 1
22 57 1
22 58 1
22 59 1
22 60 1
22 61 1
.PEN_UP
.PEN_DOWN
25 25 1
26 24 1
28 24 1
29 24 1
30 24 1
31 24 1
32 24 1
33 24 1
34 24 1
35 24 1
36 24 1
37 24 1
38 24 1
39 24 1
40 24 1
41 24 1
42 24 1
43 24 1
44 24 1
45 24 1
46 24 1
47 24 1
48 24 1
49 24 1
50 24 1
51 24 1
52 25 1
53 25 1
54 25 1
55 25 1
56 25 1
57 26 1
58 26 1
59 26 1
60 27 1
61 28 1
62 28 1
63 29 1
64 30 1
64 31 1
65 32 1
65 33 1
65 34 1
65 35 1
65 36 1
64 37 1
64 38 1
63 39 1
63 40 1
62 41 1
61 42 1
61 43 1
60 44 1
59 45 1
58 46 1
57 46 1
56 47 1
55 48 1
54 48 1
53 48 1
52 48 1
51 48 1
50 48 1
49 48 1
48 47 1
47 46 1
47 45 1
47 44 1
47 43 1
47 42 1
47 41 1
48 40 1
49 40 1
.PEN_UP
.PEN_DOWN
26 23 1
26 22 1
26 21 1
26 20 1
26 19 1
26 18 1
26 17 1
26 16 1
26 15 1
26 14 1
26 13 1
26 12 1
26 11 1
26 10 1
26 9 1
26 8 1
26 7 1
26 6 1
25 5 1
25 4 1
25 3 1
25 2 1
25 1 1
.PEN_UP
