.PEN_DOWN
1 38 1
2 38 1
3 39 1
4 39 1
5 39 1
6 39 1
7 39 1
8 40 1
9 40 1
10 40 1
11 40 1
12 41 1
13 41 1
14 41 1
15 41 1
16 42 1
17 42 1
18 42 1
19 41 1
20 40 1
21 41 1
22 41 1
23 42 1
25 41 1
26 40 1
27 40 1
28 40 1
29 40 1
30 39 1
31 39 1
32 39 1
33 38 1
34 38 1
35 37 1
36 36 1
37 35 1
38 34 1
39 33 1
40 33 1
41 33 1
42 34 1
43 35 1
43 36 1
43 37 1
43 38 1
43 39 1
43 40 1
43 41 1
43 42 1
44 43 1
45 44 1
45 45 1
45 46 1
46 47 1
46 48 1
46 49 1
46 50 1
46 51 1
47 52 1
48 54 1
49 55 1
50 56 1
.PEN_UP
.PEN_DOWN
46 53 1
45 53 1
44 53 1
43 53 1
42 53 1
41 53 1
40 53 1
39 53 1
38 53 1
37 52 1
37 51 1
36 50 1
35 50 1
34 49 1
33 49 1
32 49 1
31 48 1
30 48 1
29 47 1
28 47 1
27 46 1
26 46 1
25 45 1
24 44 1
24 43 1
.PEN_UP
.PEN_DOWN
37 54 1
37 55 1
37 56 1
37 57 1
38 58 1
38 59 1
39 60 1
40 61 1
41 62 1
42 63 1
42 64 1
43 65 1
44 66 1
44 67 1
44 68 1
45 69 1
44 70 1
43 71 1
42 71 1
41 71 1
40 70 1
39 70 1
38 70 1
37 70 1
36 69 1
35 69 1
34 69 1
33 69 1
32 69 1
31 69 1
30 69 1
29 69 1
28 68 1
27 68 1
26 67 1
25 67 1
24 67 1
23 67 1
22 66 1
21 66 1
20 66 1
19 66 1
18 66 1
17 66 1
16 66 1
15 66 1
14 66 1
13 66 1
12 66 1
11 66 1
10 66 1
9 66 1
.PEN_UP
.PEN_DOWN
42 32 1
42 31 1
42 30 1
42 29 1
42 28 1
42 27 1
43 26 1
43 25 1
43 24 1
43 23 1
43 22 1
44 21 1
44 20 1
.PEN_UP
.PEN_DOWN
20 39 1
20 38 1
20 37 1
20 36 1
20 35 1
20 34 1
20 33 1
20 32 1
21 31 1
21 30 1
21 29 1
22 28 1
22 27 1
23 26 1
24 25 1
24 24 1
24 23 1
25 22 1
25 21 1
26 20 1
26 19 1
26 18 1
26 17 1
27 16 1
26 15 1
25 14 1
26 12 1
27 11 1
28 10 1
28 9 1
28 8 1
28 7 1
28 6 1
28 5 1
28 4 1
27 3 1
26 2 1
25 1 1
24 1 1
23 1 1
22 1 1
21 1 1
20 2 1
19 3 1
19 4 1
18 5 1
18 6 1
18 7 1
18 8 1
17 9 1
18 10 1
18 11 1
19 12 1
20 13 1
21 13 1
22 13 1
23 13 1
24 13 1
.PEN_UP
