.PEN_DOWN
20 43 1
19 42 1
18 41 1
17 40 1
16 39 1
15 38 1
14 38 1
13 37 1
12 37 1
11 38 1
10 39 1
9 40 1
8 41 1
7 42 1
7 43 1
6 44 1
6 45 1
6 46 1
5 47 1
5 48 1
4 49 1
4 50 1
4 51 1
4 52 1
3 53 1
3 54 1
3 55 1
3 56 1
3 57 1
3 58 1
3 59 1
3 60 1
2 62 1
1 63 1
1 64 1
1 65 1
1 66 1
1 67 1
1 68 1
1 69 1
1 70 1
1 71 1
1 72 1
1 73 1
1 74 1
1 75 1
1 76 1
1 77 1
1 78 1
1 79 1
1 80 1
1 81 1
1 82 1
1 83 1
1 84 1
1 85 1
1 86 1
1 87 1
2 88 1
2 89 1
2 90 1
2 91 1
2 92 1
2 93 1
2 94 1
2 95 1
3 96 1
3 97 1
3 98 1
3 99 1
3 100 1
3 101 1
4 102 1
4 103 1
.PEN_UP
.PEN_DOWN
3 61 1
6 63 1
6 64 1
6 65 1
7 66 1
8 66 1
.PEN_UP
.PEN_DOWN
4 61 1
6 60 1
7 60 1
8 59 1
9 59 1
10 59 1
11 59 1
12 59 1
13 59 1
14 59 1
15 59 1
16 59 1
17 58 1
18 58 1
19 58 1
20 58 1
21 58 1
22 58 1
23 58 1
24 58 1
25 58 1
26 58 1
27 58 1
28 58 1
29 59 1
30 59 1
31 59 1
32 59 1
33 59 1
34 59 1
35 59 1
36 59 1
37 59 1
38 59 1
39 59 1
40 59 1
41 59 1
42 59 1
43 59 1
44 59 1
45 59 1
46 59 1
47 59 1
48 59 1
49 59 1
50 59 1
51 59 1
52 60 1
53 60 1
54 60 1
55 60 1
56 60 1
57 60 1
58 60 1
59 60 1
60 59 1
61 59 1
62 58 1
62 57 1
63 56 1
63 55 1
63 54 1
63 53 1
63 52 1
63 51 1
63 50 1
63 49 1
63 48 1
62 47 1
62 46 1
62 45 1
62 44 1
62 43 1
61 42 1
61 41 1
61 40 1
61 39 1
60 38 1
60 37 1
60 36 1
59 35 1
59 34 1
58 33 1
58 32 1
57 31 1
57 30 1
56 29 1
55 28 1
54 28 1
53 27 1
52 27 1
51 27 1
50 28 1
49 29 1
48 30 1
47 31 1
46 32 1
46 33 1
45 34 1
44 35 1
43 35 1
42 36 1
41 36 1
40 38 1
40 39 1
40 40 1
39 41 1
39 42 1
38 43 1
38 44 1
37 45 1
37 46 1
37 47 1
.PEN_UP
.PEN_DOWN
40 36 1
39 35 1
39 34 1
39 33 1
39 32 1
39 31 1
40 30 1
40 29 1
40 28 1
40 27 1
40 26 1
40 25 1
39 24 1
38 24 1
37 24 1
36 24 1
35 24 1
34 24 1
33 24 1
32 24 1
31 24 1
30 24 1
29 24 1
28 24 1
27 24 1
26 23 1
25 22 1
24 22 1
23 22 1
22 22 1
21 23 1
20 23 1
19 24 1
18 25 1
17 26 1
16 26 1
15 26 1
14 27 1
13 27 1
12 27 1
11 27 1
10 27 1
9 27 1
8 27 1
7 26 1
6 26 1
5 26 1
4 25 1
3 25 1
2 24 1
2 23 1
2 22 1
2 21 1
2 20 1
2 19 1
2 18 1
2 17 1
3 16 1
3 15 1
3 14 1
4 13 1
5 12 1
6 11 1
7 10 1
8 9 1
9 8 1
10 7 1
11 7 1
12 6 1
13 5 1
14 5 1
15 4 1
16 4 1
17 4 1
18 3 1
19 3 1
20 3 1
21 2 1
22 2 1
23 1 1
24 1 1
25 1 1
26 1 1
27 1 1
28 1 1
29 2 1
30 2 1
31 2 1
32 3 1
33 4 1
34 4 1
35 5 1
36 6 1
36 7 1
37 8 1
37 9 1
38 10 1
38 11 1
38 12 1
39 13 1
39 14 1
39 15 1
39 16 1
39 17 1
40 18 1
40 19 1
40 20 1
40 21 1
40 22 1
40 23 1
.PEN_UP
.PEN_DOWN
39 67 1
40 68 1
41 69 1
41 70 1
42 71 1
43 72 1
44 73 1
45 74 1
46 75 1
47 76 1
48 77 1
49 78 1
50 79 1
51 80 1
52 81 1
53 82 1
54 83 1
54 84 1
55 85 1
56 86 1
56 87 1
56 88 1
55 89 1
54 90 1
53 91 1
52 91 1
51 91 1
50 91 1
49 91 1
48 91 1
47 91 1
46 91 1
45 91 1
44 90 1
43 91 1
42 91 1
41 91 1
40 91 1
39 91 1
38 91 1
37 91 1
36 91 1
35 91 1
34 91 1
33 91 1
32 91 1
31 91 1
30 90 1
29 90 1
28 91 1
27 91 1
26 91 1
25 91 1
24 91 1
23 91 1
22 91 1
21 91 1
20 91 1
19 91 1
18 91 1
17 91 1
16 91 1
15 91 1
14 91 1
13 91 1
12 91 1
11 90 1
12 89 1
12 88 1
.PEN_UP
