.PEN_DOWN
3 1 1
3 2 1
3 3 1
4 4 1
4 5 1
4 6 1
4 7 1
3 8 1
3 9 1
3 10 1
3 11 1
3 12 1
3 13 1
3 14 1
3 15 1
3 16 1
3 17 1
3 18 1
3 19 1
3 20 1
4 21 1
6 21 1
7 20 1
8 20 1
9 20 1
10 19 1
11 20 1
12 21 1
13 22 1
14 23 1
15 24 1
16 25 1
16 26 1
17 27 1
18 28 1
21 31 1
22 31 1
23 32 1
24 32 1
25 32 1
26 32 1
27 32 1
28 32 1
29 32 1
30 32 1
31 31 1
32 30 1
33 29 1
34 28 1
35 27 1
35 26 1
35 25 1
35 24 1
34 23 1
33 22 1
32 22 1
31 21 1
30 21 1
29 21 1
28 22 1
27 22 1
26 23 1
25 23 1
24 24 1
23 25 1
22 25 1
21 26 1
20 27 1
19 28 1
18 31 1
17 32 1
17 33 1
16 34 1
16 35 1
16 36 1
16 37 1
17 38 1
17 39 1
17 40 1
17 41 1
17 42 1
17 43 1
17 44 1
18 45 1
19 46 1
20 46 1
21 46 1
22 46 1
23 47 1
24 47 1
25 47 1
26 47 1
27 48 1
28 48 1
.PEN_UP
.PEN_DOWN
16 45 1
15 45 1
14 45 1
13 45 1
12 45 1
11 45 1
10 45 1
9 45 1
8 45 1
7 45 1
6 45 1
5 45 1
4 46 1
3 47 1
3 48 1
3 49 1
3 50 1
3 51 1
3 52 1
2 53 1
2 54 1
2 55 1
2 56 1
2 57 1
3 58 1
.PEN_UP
.PEN_DOWN
11 18 1
12 17 1
12 16 1
12 15 1
13 14 1
.PEN_UP
.PEN_DOWN
5 21 1
4 23 1
4 24 1
3 25 1
3 26 1
2 27 1
2 28 1
1 29 1
1 30 1
1 31 1
1 32 1
1 33 1
1 34 1
1 35 1
.PEN_UP
