.PEN_DOWN
1 6 1
2 5 1
3 4 1
4 4 1
5 3 1
6 2 1
7 2 1
8 1 1
9 1 1
10 1 1
11 1 1
12 1 1
13 1 1
14 2 1
15 2 1
16 2 1
17 2 1
18 3 1
19 3 1
20 4 1
21 4 1
22 5 1
23 6 1
24 7 1
25 8 1
26 9 1
27 10 1
28 10 1
29 11 1
30 12 1
31 13 1
31 14 1
31 15 1
31 16 1
31 17 1
31 18 1
30 19 1
30 20 1
29 21 1
28 22 1
27 23 1
26 24 1
25 25 1
24 25 1
23 26 1
22 27 1
21 28 1
21 29 1
20 30 1
20 31 1
21 32 1
22 33 1
23 33 1
24 34 1
24 35 1
25 36 1
26 37 1
27 38 1
28 39 1
28 40 1
28 41 1
29 42 1
29 43 1
29 44 1
29 45 1
30 46 1
31 47 1
32 48 1
33 49 1
32 50 1
31 51 1
30 51 1
29 51 1
28 50 1
28 49 1
28 48 1
28 47 1
28 46 1
.PEN_UP
.PEN_DOWN
28 52 1
27 53 1
26 54 1
26 55 1
25 56 1
24 56 1
23 57 1
22 58 1
21 59 1
21 60 1
20 61 1
20 62 1
18 63 1
17 64 1
16 65 1
15 66 1
14 67 1
14 68 1
13 69 1
12 70 1
11 71 1
11 72 1
.PEN_UP
.PEN_DOWN
19 63 1
21 64 1
22 65 1
23 65 1
24 65 1
25 65 1
27 64 1
28 64 1
29 64 1
30 64 1
31 65 1
32 66 1
33 66 1
34 66 1
35 66 1
36 66 1
37 66 1
38 67 1
38 68 1
38 69 1
38 70 1
37 71 1
37 72 1
38 73 1
38 74 1
38 75 1
39 76 1
40 77 1
41 78 1
42 78 1
43 79 1
44 80 1
45 80 1
46 81 1
47 82 1
48 82 1
49 82 1
50 83 1
50 84 1
51 85 1
52 86 1
53 87 1
54 87 1
55 87 1
56 87 1
57 87 1
.PEN_UP
.PEN_DOWN
51 87 1
50 88 1
49 88 1
48 88 1
47 88 1
46 88 1
45 88 1
44 88 1
43 88 1
42 88 1
41 88 1
40 88 1
39 88 1
38 88 1
37 88 1
36 88 1
35 88 1
34 88 1
33 88 1
32 88 1
31 88 1
30 88 1
29 88 1
28 88 1
27 88 1
26 88 1
25 88 1
24 88 1
23 88 1
22 88 1
21 88 1
20 88 1
19 88 1
18 88 1
17 87 1
16 87 1
15 87 1
14 87 1
13 87 1
12 88 1
.PEN_UP
.PEN_DOWN
39 66 1
40 67 1
41 66 1
42 66 1
43 66 1
44 66 1
45 66 1
46 67 1
45 68 1
44 69 1
43 69 1
42 69 1
41 68 1
.PEN_UP
.PEN_DOWN
47 67 1
48 67 1
49 67 1
50 67 1
51 68 1
52 68 1
53 68 1
54 68 1
55 67 1
56 66 1
57 67 1
58 67 1
59 67 1
60 68 1
61 68 1
62 69 1
63 69 1
64 69 1
65 69 1
66 69 1
67 70 1
68 70 1
69 70 1
.PEN_UP
.PEN_DOWN
55 65 1
55 64 1
54 63 1
53 62 1
52 61 1
51 60 1
50 59 1
49 58 1
48 57 1
47 56 1
47 55 1
47 54 1
47 53 1
47 52 1
47 51 1
47 50 1
48 49 1
48 48 1
48 47 1
48 46 1
48 45 1
48 44 1
49 43 1
48 42 1
47 41 1
46 41 1
45 42 1
44 42 1
43 42 1
42 43 1
41 44 1
40 44 1
39 45 1
38 46 1
37 47 1
36 48 1
35 49 1
34 49 1
.PEN_UP
.PEN_DOWN
48 40 1
49 39 1
50 38 1
51 37 1
52 36 1
53 35 1
54 34 1
55 33 1
55 32 1
55 31 1
56 30 1
.PEN_UP
.PEN_DOWN
30 66 1
29 67 1
28 68 1
27 67 1
26 66 1
.PEN_UP
