.PEN_DOWN
2 18 1
2 19 1
2 20 1
2 21 1
2 22 1
2 23 1
2 24 1
2 25 1
2 26 1
2 27 1
2 28 1
1 29 1
1 30 1
1 31 1
1 32 1
1 33 1
1 34 1
1 35 1
1 36 1
1 37 1
1 38 1
2 39 1
4 39 1
5 39 1
6 39 1
7 40 1
8 40 1
9 40 1
10 40 1
11 41 1
12 41 1
13 41 1
14 41 1
15 41 1
16 41 1
17 41 1
18 41 1
19 42 1
20 42 1
21 42 1
22 42 1
23 42 1
24 42 1
25 42 1
26 42 1
27 42 1
28 42 1
29 42 1
30 42 1
31 42 1
32 42 1
33 42 1
34 42 1
35 42 1
36 42 1
37 42 1
38 42 1
39 41 1
40 42 1
41 42 1
42 42 1
43 42 1
44 42 1
45 42 1
46 42 1
47 43 1
48 43 1
49 43 1
50 43 1
.PEN_UP
.PEN_DOWN
38 40 1
38 39 1
37 38 1
37 37 1
36 36 1
35 35 1
35 34 1
34 33 1
34 32 1
34 31 1
34 30 1
34 29 1
34 28 1
33 27 1
33 26 1
32 25 1
31 25 1
30 25 1
29 25 1
28 25 1
27 25 1
26 25 1
25 25 1
24 25 1
23 25 1
22 25 1
21 24 1
20 24 1
19 23 1
18 22 1
17 21 1
16 20 1
15 19 1
15 18 1
15 17 1
15 16 1
15 15 1
16 14 1
17 13 1
18 12 1
19 12 1
20 12 1
21 12 1
22 11 1
23 10 1
24 9 1
25 8 1
26 7 1
27 6 1
27 5 1
27 4 1
27 3 1
26 2 1
25 1 1
24 1 1
23 1 1
22 1 1
21 1 1
20 2 1
19 3 1
18 4 1
18 5 1
18 6 1
17 7 1
16 8 1
16 9 1
16 10 1
16 11 1
16 12 1
.PEN_UP
.PEN_DOWN
34 25 1
35 24 1
36 24 1
37 23 1
37 22 1
38 21 1
39 21 1
40 21 1
41 20 1
42 20 1
43 19 1
43 18 1
44 17 1
44 16 1
45 15 1
46 14 1
46 13 1
46 12 1
46 11 1
46 10 1
46 9 1
46 8 1
46 7 1
46 6 1
45 5 1
44 6 1
43 6 1
42 7 1
41 8 1
41 9 1
40 10 1
39 11 1
39 12 1
38 13 1
38 14 1
38 15 1
37 16 1
37 17 1
37 18 1
37 19 1
37 20 1
.PEN_UP
.PEN_DOWN
3 39 1
1 41 1
1 42 1
1 43 1
1 44 1
1 45 1
1 46 1
1 47 1
1 48 1
1 49 1
1 50 1
1 51 1
1 52 1
1 53 1
1 54 1
1 55 1
1 56 1
1 57 1
1 58 1
1 59 1
1 60 1
1 61 1
1 62 1
1 63 1
1 64 1
1 65 1
.PEN_UP
