.PEN_DOWN
7 1 1
7 2 1
6 3 1
6 4 1
6 5 1
5 6 1
5 7 1
4 8 1
4 9 1
4 10 1
4 11 1
4 12 1
4 13 1
4 14 1
3 15 1
3 16 1
3 17 1
4 18 1
5 19 1
6 19 1
7 19 1
8 18 1
9 18 1
10 18 1
11 18 1
12 18 1
13 18 1
14 18 1
15 18 1
16 18 1
17 18 1
18 18 1
19 19 1
20 19 1
21 19 1
22 20 1
23 21 1
24 21 1
25 22 1
26 23 1
27 24 1
28 25 1
29 26 1
31 26 1
32 26 1
33 25 1
34 25 1
35 24 1
36 23 1
37 23 1
38 23 1
39 22 1
40 21 1
41 21 1
42 20 1
43 19 1
44 19 1
45 19 1
46 18 1
47 17 1
48 16 1
49 16 1
50 15 1
51 15 1
52 14 1
53 13 1
54 13 1
55 12 1
.PEN_UP
.PEN_DOWN
29 27 1
29 28 1
28 29 1
27 30 1
26 31 1
25 32 1
24 33 1
24 34 1
23 35 1
23 36 1
24 37 1
24 38 1
25 39 1
26 40 1
27 40 1
28 41 1
29 42 1
30 43 1
31 43 1
32 43 1
33 44 1
34 44 1
35 45 1
36 45 1
37 46 1
38 47 1
39 48 1
39 49 1
40 50 1
41 51 1
42 51 1
43 52 1
44 52 1
45 52 1
.PEN_UP
.PEN_DOWN
39 51 1
38 52 1
37 52 1
36 52 1
35 52 1
34 53 1
33 53 1
32 53 1
31 53 1
30 53 1
29 53 1
28 53 1
27 53 1
26 53 1
25 54 1
24 54 1
23 54 1
22 54 1
21 54 1
20 54 1
19 54 1
18 54 1
17 54 1
16 55 1
15 55 1
14 55 1
13 55 1
12 55 1
11 55 1
10 55 1
9 55 1
8 55 1
7 54 1
6 54 1
5 54 1
4 55 1
2 54 1
2 53 1
2 52 1
2 51 1
2 50 1
2 49 1
2 48 1
2 47 1
2 46 1
2 45 1
2 44 1
2 43 1
2 42 1
2 41 1
2 40 1
2 39 1
2 38 1
2 37 1
2 36 1
2 35 1
2 34 1
2 33 1
2 32 1
2 31 1
2 30 1
2 29 1
2 28 1
3 27 1
3 26 1
3 25 1
3 24 1
3 23 1
4 22 1
4 21 1
4 20 1
.PEN_UP
.PEN_DOWN
3 55 1
5 57 1
6 58 1
7 59 1
7 60 1
6 61 1
5 61 1
4 62 1
2 64 1
2 65 1
1 66 1
1 67 1
.PEN_UP
.PEN_DOWN
3 62 1
2 61 1
2 60 1
2 59 1
2 58 1
2 57 1
2 56 1
.PEN_UP
