.PEN_DOWN
1 31 1
2 30 1
2 29 1
2 28 1
2 27 1
2 26 1
3 25 1
4 25 1
5 24 1
6 24 1
7 25 1
8 26 1
8 27 1
9 28 1
9 29 1
9 30 1
9 31 1
9 32 1
9 33 1
9 34 1
10 35 1
10 36 1
10 37 1
10 38 1
10 39 1
10 40 1
10 41 1
10 42 1
11 43 1
11 44 1
11 45 1
11 46 1
12 47 1
12 48 1
12 49 1
13 50 1
13 51 1
13 52 1
14 53 1
14 54 1
15 55 1
16 55 1
17 56 1
18 57 1
19 57 1
20 57 1
21 57 1
22 56 1
23 55 1
24 54 1
24 53 1
25 52 1
25 51 1
25 50 1
26 49 1
27 48 1
28 48 1
29 47 1
29 46 1
30 45 1
32 46 1
33 46 1
34 46 1
35 46 1
36 46 1
37 46 1
38 46 1
39 46 1
40 46 1
41 46 1
42 46 1
43 46 1
44 46 1
45 45 1
46 45 1
47 45 1
48 44 1
49 44 1
50 43 1
51 43 1
52 43 1
53 42 1
54 42 1
55 41 1
55 40 1
55 39 1
56 38 1
57 38 1
58 38 1
59 38 1
60 37 1
61 36 1
62 35 1
62 34 1
62 33 1
62 32 1
61 31 1
60 31 1
59 31 1
58 31 1
57 31 1
56 32 1
55 33 1
54 34 1
54 35 1
54 36 1
54 37 1
54 38 1
.PEN_UP
.PEN_DOWN
55 43 1
55 44 1
55 45 1
56 46 1
56 47 1
56 48 1
56 49 1
57 50 1
57 51 1
58 52 1
58 53 1
59 54 1
60 55 1
60 56 1
61 57 1
61 58 1
62 59 1
63 60 1
64 61 1
65 62 1
65 63 1
66 64 1
66 65 1
67 66 1
68 67 1
.PEN_UP
.PEN_DOWN
30 44 1
30 43 1
30 42 1
30 41 1
30 40 1
30 39 1
30 38 1
30 37 1
31 36 1
32 36 1
33 35 1
34 34 1
34 33 1
35 32 1
36 31 1
36 30 1
38 29 1
39 29 1
40 28 1
41 27 1
42 26 1
.PEN_UP
.PEN_DOWN
36 29 1
35 28 1
34 27 1
33 26 1
33 25 1
33 24 1
33 23 1
33 22 1
33 21 1
33 20 1
33 19 1
33 18 1
34 17 1
34 16 1
34 15 1
34 14 1
34 13 1
34 12 1
34 11 1
35 10 1
35 9 1
35 8 1
35 7 1
35 6 1
35 5 1
35 4 1
36 3 1
36 2 1
36 1 1
.PEN_UP
.PEN_DOWN
29 49 1
30 50 1
30 51 1
30 52 1
30 53 1
30 54 1
30 55 1
30 56 1
30 57 1
29 58 1
29 59 1
29 60 1
29 61 1
29 62 1
29 63 1
29 64 1
29 65 1
29 66 1
29 67 1
28 68 1
28 69 1
29 70 1
29 71 1
29 72 1
29 73 1
29 74 1
29 75 1
29 76 1
29 77 1
29 78 1
29 79 1
.PEN_UP
