.PEN_DOWN
1 1 1
2 2 1
2 3 1
3 4 1
3 5 1
3 6 1
4 7 1
4 8 1
4 9 1
4 10 1
4 11 1
4 12 1
4 13 1
4 14 1
4 15 1
4 16 1
4 17 1
4 18 1
4 19 1
4 20 1
4 21 1
4 22 1
4 23 1
4 24 1
4 25 1
4 26 1
4 27 1
4 28 1
4 29 1
4 30 1
4 31 1
4 32 1
4 33 1
4 34 1
4 35 1
4 36 1
4 37 1
4 38 1
4 39 1
4 40 1
4 41 1
4 42 1
4 43 1
4 44 1
4 45 1
3 46 1
3 47 1
3 48 1
3 49 1
3 50 1
3 51 1
3 52 1
3 53 1
3 54 1
3 55 1
3 56 1
3 57 1
3 58 1
3 59 1
3 60 1
3 61 1
3 62 1
3 63 1
3 64 1
4 65 1
4 66 1
4 67 1
4 68 1
4 69 1
4 70 1
4 71 1
4 72 1
4 73 1
4 74 1
4 75 1
4 76 1
4 77 1
4 78 1
4 79 1
4 80 1
4 81 1
5 82 1
5 83 1
5 84 1
6 85 1
6 86 1
6 87 1
6 88 1
.PEN_UP
.PEN_DOWN
64 80 1
64 79 1
64 78 1
64 77 1
64 76 1
64 75 1
64 74 1
64 73 1
64 72 1
64 71 1
64 70 1
64 69 1
64 68 1
64 67 1
64 66 1
64 65 1
64 64 1
64 63 1
64 62 1
64 61 1
64 60 1
64 59 1
64 58 1
64 57 1
64 56 1
64 55 1
64 54 1
64 53 1
64 52 1
64 51 1
64 50 1
64 49 1
64 48 1
64 47 1
65 46 1
65 45 1
65 44 1
65 43 1
65 42 1
65 41 1
65 40 1
65 39 1
65 38 1
65 37 1
65 36 1
65 35 1
65 34 1
65 33 1
65 32 1
65 31 1
65 30 1
65 29 1
65 28 1
65 27 1
65 26 1
64 25 1
64 24 1
63 23 1
62 23 1
61 23 1
60 24 1
59 25 1
58 26 1
57 27 1
56 28 1
55 29 1
54 30 1
53 31 1
52 31 1
51 32 1
50 33 1
50 34 1
49 35 1
48 36 1
47 36 1
46 37 1
45 38 1
44 39 1
43 40 1
42 41 1
41 42 1
40 43 1
39 44 1
38 45 1
37 45 1
36 46 1
35 47 1
34 47 1
33 48 1
32 48 1
31 49 1
30 49 1
29 49 1
28 49 1
27 49 1
26 49 1
25 49 1
24 49 1
23 49 1
22 49 1
21 49 1
20 49 1
19 48 1
18 48 1
17 48 1
16 47 1
15 46 1
14 45 1
13 44 1
12 43 1
12 42 1
11 41 1
11 40 1
11 39 1
11 38 1
11 37 1
11 36 1
11 35 1
11 34 1
11 33 1
11 32 1
12 31 1
13 30 1
14 28 1
14 27 1
14 26 1
14 25 1
14 24 1
14 23 1
14 22 1
15 21 1
15 20 1
16 19 1
17 18 1
18 17 1
19 16 1
20 16 1
21 15 1
22 15 1
23 14 1
24 14 1
25 14 1
26 14 1
27 13 1
28 14 1
29 15 1
30 16 1
31 17 1
31 18 1
31 19 1
31 20 1
31 21 1
31 22 1
30 23 1
30 24 1
29 25 1
29 26 1
28 27 1
27 28 1
26 29 1
25 29 1
24 30 1
23 30 1
22 30 1
21 30 1
20 30 1
19 30 1
18 30 1
17 30 1
16 30 1
15 30 1
14 30 1
.PEN_UP
