.PEN_DOWN
8 6 1
8 7 1
8 8 1
9 9 1
9 10 1
10 11 1
11 11 1
13 10 1
14 9 1
15 8 1
15 7 1
16 6 1
17 5 1
17 4 1
18 3 1
19 3 1
20 2 1
21 2 1
22 1 1
23 1 1
24 1 1
25 1 1
26 2 1
27 2 1
28 2 1
29 2 1
30 3 1
31 3 1
32 4 1
33 5 1
33 6 1
33 7 1
33 8 1
33 9 1
33 10 1
32 11 1
31 12 1
31 13 1
30 14 1
30 15 1
29 16 1
28 17 1
27 17 1
26 18 1
25 18 1
24 19 1
23 19 1
22 19 1
21 19 1
20 19 1
19 19 1
18 19 1
17 19 1
16 19 1
15 18 1
14 18 1
13 18 1
11 19 1
11 20 1
11 21 1
11 22 1
11 23 1
11 24 1
11 25 1
11 26 1
11 27 1
11 28 1
11 29 1
12 30 1
12 31 1
12 32 1
13 33 1
13 34 1
14 35 1
15 36 1
16 37 1
17 38 1
18 38 1
19 39 1
20 40 1
21 40 1
22 41 1
23 41 1
24 41 1
25 42 1
26 43 1
27 44 1
29 44 1
30 44 1
31 44 1
32 44 1
.PEN_UP
.PEN_DOWN
27 45 1
26 46 1
25 47 1
24 47 1
23 48 1
22 49 1
21 50 1
20 51 1
19 52 1
18 53 1
18 54 1
17 55 1
16 56 1
16 57 1
16 58 1
17 59 1
17 60 1
18 61 1
19 62 1
19 63 1
20 64 1
21 65 1
22 65 1
23 66 1
24 67 1
25 68 1
25 69 1
27 70 1
28 70 1
29 71 1
30 71 1
31 71 1
32 71 1
.PEN_UP
.PEN_DOWN
25 70 1
24 71 1
23 71 1
22 71 1
21 71 1
20 71 1
19 71 1
18 71 1
17 71 1
16 71 1
15 71 1
14 71 1
13 71 1
12 71 1
11 71 1
10 71 1
9 71 1
8 72 1
7 72 1
6 72 1
5 72 1
4 72 1
3 72 1
2 72 1
1 73 1
2 74 1
2 75 1
2 76 1
2 77 1
2 78 1
2 79 1
2 80 1
3 81 1
3 82 1
3 83 1
3 84 1
4 85 1
4 86 1
4 87 1
4 88 1
4 89 1
4 90 1
4 91 1
5 92 1
5 93 1
4 94 1
4 95 1
4 96 1
.PEN_UP
.PEN_DOWN
12 17 1
12 16 1
12 15 1
12 14 1
12 13 1
12 12 1
.PEN_UP
