.PEN_DOWN
1 15 1
1 16 1
1 17 1
2 18 1
3 19 1
4 20 1
5 20 1
6 21 1
7 22 1
8 23 1
9 23 1
10 24 1
11 25 1
12 25 1
13 26 1
14 27 1
15 27 1
16 28 1
17 28 1
18 29 1
19 29 1
20 30 1
21 30 1
22 31 1
23 31 1
24 31 1
25 32 1
26 32 1
27 32 1
28 32 1
29 32 1
30 32 1
31 32 1
32 32 1
33 31 1
34 31 1
35 30 1
36 30 1
37 30 1
38 29 1
38 28 1
39 27 1
40 28 1
41 28 1
42 28 1
43 28 1
44 28 1
45 28 1
46 28 1
47 28 1
48 28 1
49 28 1
50 27 1
51 27 1
52 27 1
53 26 1
54 26 1
55 26 1
56 26 1
57 26 1
58 25 1
59 25 1
60 25 1
61 25 1
62 24 1
63 24 1
64 24 1
65 24 1
66 24 1
67 24 1
68 24 1
69 24 1
70 24 1
71 24 1
72 24 1
73 24 1
74 24 1
75 24 1
76 24 1
77 25 1
78 25 1
79 25 1
80 25 1
81 25 1
82 26 1
83 26 1
84 27 1
85 27 1
86 28 1
86 29 1
86 30 1
86 31 1
86 32 1
86 33 1
86 34 1
85 35 1
85 36 1
84 37 1
83 38 1
82 39 1
82 40 1
81 41 1
80 42 1
79 43 1
78 43 1
77 44 1
76 44 1
75 44 1
74 44 1
73 44 1
72 44 1
71 44 1
70 43 1
69 42 1
68 41 1
68 40 1
68 39 1
68 38 1
68 37 1
68 36 1
69 35 1
69 34 1
69 33 1
70 32 1
71 32 1
72 31 1
73 31 1
74 31 1
75 31 1
76 31 1
77 32 1
78 33 1
78 34 1
79 35 1
79 36 1
80 37 1
81 38 1
.PEN_UP
.PEN_DOWN
39 26 1
39 25 1
39 24 1
39 23 1
39 22 1
40 21 1
40 20 1
40 19 1
40 18 1
40 17 1
40 16 1
40 15 1
40 14 1
40 13 1
41 12 1
41 11 1
41 10 1
41 9 1
41 8 1
41 7 1
41 6 1
41 5 1
41 4 1
41 3 1
41 2 1
41 1 1
.PEN_UP
.PEN_DOWN
38 31 1
38 32 1
38 33 1
38 34 1
38 35 1
37 36 1
37 37 1
37 38 1
38 39 1
37 40 1
37 41 1
37 42 1
37 43 1
37 44 1
37 45 1
37 46 1
37 47 1
37 48 1
37 49 1
36 50 1
36 51 1
36 52 1
36 53 1
36 54 1
36 55 1
36 56 1
36 57 1
36 58 1
35 59 1
35 60 1
35 61 1
36 62 1
36 63 1
36 64 1
36 65 1
36 66 1
36 67 1
36 68 1
.PEN_UP
