.PEN_DOWN
1 22 1
2 22 1
3 22 1
4 22 1
5 23 1
6 24 1
6 25 1
6 26 1
7 27 1
7 28 1
7 29 1
7 30 1
7 31 1
7 32 1
7 33 1
7 34 1
7 35 1
7 36 1
7 37 1
7 38 1
7 39 1
7 40 1
7 41 1
7 42 1
7 43 1
7 44 1
7 45 1
7 46 1
7 47 1
7 48 1
7 49 1
7 50 1
7 51 1
7 52 1
7 53 1
7 54 1
6 55 1
6 56 1
6 57 1
6 58 1
6 59 1
6 60 1
6 61 1
6 62 1
7 63 1
7 64 1
8 65 1
8 66 1
9 67 1
10 68 1
11 67 1
12 67 1
13 67 1
14 66 1
15 65 1
16 64 1
16 63 1
17 62 1
17 61 1
18 60 1
19 59 1
19 58 1
20 57 1
21 56 1
21 55 1
22 54 1
23 53 1
23 52 1
24 51 1
25 50 1
26 49 1
27 48 1
28 48 1
29 47 1
30 48 1
31 47 1
32 46 1
32 45 1
33 44 1
33 43 1
34 42 1
35 42 1
36 42 1
37 42 1
38 42 1
39 42 1
40 42 1
41 42 1
42 42 1
43 42 1
44 42 1
45 42 1
46 42 1
47 42 1
48 42 1
49 42 1
50 42 1
51 42 1
52 42 1
53 43 1
54 44 1
54 45 1
55 46 1
54 47 1
54 48 1
53 49 1
53 50 1
53 51 1
52 52 1
52 53 1
52 54 1
52 55 1
51 56 1
51 57 1
51 58 1
51 59 1
51 60 1
51 61 1
52 62 1
53 62 1
54 62 1
55 62 1
56 62 1
57 62 1
58 61 1
59 61 1
60 61 1
61 60 1
62 60 1
63 60 1
64 59 1
65 59 1
66 58 1
67 57 1
68 56 1
69 55 1
70 54 1
70 53 1
71 52 1
71 51 1
72 50 1
72 49 1
72 48 1
72 47 1
72 46 1
72 45 1
73 44 1
73 43 1
73 42 1
73 41 1
73 40 1
73 39 1
73 38 1
74 37 1
74 36 1
74 35 1
73 34 1
73 33 1
73 32 1
73 31 1
72 30 1
72 29 1
72 28 1
71 27 1
70 26 1
69 25 1
68 24 1
67 23 1
66 22 1
65 21 1
64 20 1
63 20 1
62 19 1
61 18 1
60 18 1
59 18 1
58 18 1
57 17 1
56 17 1
55 17 1
54 17 1
53 16 1
52 16 1
51 16 1
50 16 1
49 16 1
.PEN_UP
.PEN_DOWN
33 41 1
32 40 1
32 39 1
32 38 1
32 37 1
32 36 1
32 35 1
32 34 1
32 33 1
32 32 1
32 31 1
32 30 1
32 29 1
32 28 1
32 27 1
32 26 1
33 25 1
33 24 1
33 23 1
33 22 1
33 21 1
33 20 1
33 19 1
33 18 1
33 17 1
33 16 1
33 15 1
33 14 1
33 13 1
33 12 1
33 11 1
33 10 1
33 9 1
33 8 1
33 7 1
34 6 1
34 5 1
34 4 1
34 3 1
35 2 1
36 1 1
37 1 1
38 1 1
39 1 1
40 1 1
41 1 1
42 1 1
43 1 1
.PEN_UP
.PEN_DOWN
31 49 1
31 50 1
31 51 1
31 52 1
31 53 1
30 54 1
30 55 1
29 56 1
29 57 1
29 58 1
.PEN_UP
