.PEN_DOWN
6 1 1
6 2 1
6 3 1
6 4 1
5 5 1
5 6 1
5 7 1
5 8 1
5 9 1
4 10 1
3 11 1
3 12 1
3 13 1
3 14 1
3 15 1
3 16 1
3 17 1
3 18 1
3 19 1
3 20 1
3 21 1
3 22 1
3 23 1
3 24 1
3 25 1
3 26 1
3 27 1
3 28 1
3 29 1
3 30 1
3 31 1
3 32 1
3 33 1
3 34 1
3 35 1
3 36 1
3 37 1
4 38 1
4 39 1
4 40 1
4 41 1
4 42 1
4 43 1
3 44 1
3 45 1
3 46 1
3 47 1
3 48 1
3 49 1
3 50 1
3 51 1
3 52 1
3 53 1
3 54 1
3 55 1
3 56 1
3 57 1
3 58 1
3 59 1
3 60 1
3 61 1
3 62 1
3 63 1
3 64 1
3 65 1
3 66 1
3 67 1
3 68 1
3 69 1
3 70 1
3 71 1
3 72 1
3 73 1
3 74 1
3 75 1
3 76 1
3 77 1
3 78 1
3 79 1
3 80 1
2 81 1
2 82 1
2 83 1
2 84 1
3 85 1
3 86 1
3 87 1
3 88 1
2 89 1
2 90 1
2 91 1
3 92 1
3 93 1
3 94 1
3 95 1
3 96 1
2 97 1
2 98 1
2 99 1
2 100 1
3 101 1
2 102 1
2 103 1
2 104 1
2 105 1
3 106 1
2 107 1
2 108 1
2 109 1
2 110 1
2 111 1
2 112 1
2 113 1
2 114 1
2 115 1
1 116 1
1 117 1
1 118 1
1 119 1
1 120 1
1 121 1
1 122 1
.PEN_UP
.PEN_DOWN
26 24 1
27 25 1
28 25 1
29 25 1
30 26 1
31 26 1
32 26 1
33 26 1
34 27 1
35 27 1
36 27 1
37 27 1
38 28 1
39 28 1
40 29 1
41 29 1
42 29 1
43 30 1
44 30 1
45 31 1
46 31 1
47 32 1
48 32 1
49 33 1
50 33 1
51 34 1
52 34 1
53 35 1
54 35 1
55 36 1
56 37 1
57 37 1
58 38 1
59 39 1
60 39 1
61 40 1
62 41 1
63 41 1
64 42 1
65 43 1
66 44 1
67 45 1
68 46 1
68 47 1
68 48 1
68 49 1
69 50 1
69 51 1
70 52 1
70 53 1
70 54 1
71 55 1
71 56 1
71 57 1
71 58 1
71 59 1
71 60 1
71 61 1
71 62 1
71 63 1
71 64 1
71 65 1
71 66 1
71 67 1
71 68 1
71 69 1
71 70 1
71 71 1
71 72 1
71 73 1
71 74 1
70 75 1
70 76 1
69 77 1
68 78 1
67 79 1
66 79 1
65 79 1
64 79 1
63 79 1
62 79 1
61 79 1
60 79 1
59 80 1
58 80 1
57 81 1
55 81 1
54 81 1
53 81 1
52 81 1
51 80 1
50 80 1
49 80 1
48 80 1
47 80 1
46 80 1
45 80 1
44 80 1
43 79 1
42 79 1
41 78 1
40 78 1
39 78 1
38 77 1
37 76 1
36 75 1
35 75 1
34 74 1
33 74 1
32 73 1
31 72 1
30 71 1
29 70 1
29 69 1
29 68 1
28 67 1
27 66 1
27 65 1
27 64 1
28 63 1
28 62 1
28 61 1
28 60 1
29 59 1
29 58 1
30 57 1
31 56 1
31 55 1
32 54 1
33 54 1
34 54 1
35 53 1
36 53 1
37 52 1
38 51 1
38 50 1
38 49 1
38 48 1
38 47 1
.PEN_UP
.PEN_DOWN
56 81 1
57 83 1
58 84 1
59 85 1
60 86 1
61 87 1
62 87 1
63 88 1
64 89 1
65 90 1
66 91 1
67 92 1
68 93 1
69 94 1
70 95 1
71 96 1
72 97 1
73 98 1
73 99 1
74 100 1
73 101 1
72 102 1
71 102 1
70 102 1
69 102 1
68 102 1
67 102 1
66 101 1
65 101 1
64 101 1
63 101 1
62 101 1
61 101 1
60 101 1
59 101 1
58 101 1
57 101 1
56 101 1
55 101 1
54 101 1
53 101 1
52 101 1
51 101 1
50 101 1
49 101 1
48 101 1
47 101 1
46 101 1
45 101 1
44 101 1
43 102 1
42 102 1
41 101 1
40 101 1
39 101 1
38 101 1
37 101 1
36 101 1
35 101 1
34 101 1
33 101 1
32 101 1
31 101 1
30 101 1
29 101 1
28 101 1
27 101 1
26 101 1
25 101 1
24 101 1
23 101 1
22 101 1
21 101 1
.PEN_UP
