.PEN_DOWN
2 50 1
1 49 1
1 48 1
1 47 1
2 46 1
3 45 1
3 44 1
3 43 1
3 42 1
3 41 1
3 40 1
4 39 1
4 38 1
4 37 1
5 36 1
6 36 1
7 36 1
8 36 1
9 36 1
10 36 1
11 36 1
12 36 1
13 36 1
14 36 1
15 36 1
16 36 1
17 36 1
18 36 1
19 36 1
20 36 1
21 36 1
22 37 1
23 37 1
24 37 1
25 37 1
26 37 1
27 37 1
28 37 1
29 37 1
30 37 1
31 36 1
32 35 1
34 36 1
35 36 1
36 36 1
37 36 1
38 36 1
39 37 1
40 37 1
41 37 1
42 37 1
43 37 1
44 37 1
45 37 1
46 37 1
47 37 1
48 37 1
49 37 1
50 37 1
51 37 1
52 37 1
53 38 1
54 38 1
55 38 1
56 38 1
57 38 1
58 38 1
.PEN_UP
.PEN_DOWN
32 34 1
31 33 1
30 32 1
29 31 1
28 31 1
27 30 1
26 30 1
25 29 1
24 29 1
23 28 1
22 28 1
21 27 1
20 26 1
19 25 1
18 24 1
17 23 1
17 22 1
17 21 1
18 19 1
19 19 1
20 19 1
21 18 1
22 17 1
23 16 1
24 15 1
24 14 1
25 13 1
26 12 1
26 11 1
26 10 1
27 9 1
27 8 1
28 7 1
28 6 1
28 5 1
28 4 1
28 3 1
27 2 1
26 1 1
25 1 1
24 1 1
23 1 1
22 1 1
21 2 1
20 2 1
19 3 1
18 4 1
17 5 1
16 6 1
15 7 1
14 8 1
14 9 1
14 10 1
13 11 1
13 12 1
13 13 1
13 14 1
13 15 1
13 16 1
13 17 1
14 18 1
15 19 1
16 20 1
.PEN_UP
