.PEN_DOWN
5 1 1
4 2 1
4 3 1
3 4 1
3 5 1
2 6 1
2 7 1
2 8 1
1 9 1
1 10 1
1 11 1
1 12 1
1 13 1
1 14 1
2 15 1
3 15 1
4 15 1
5 15 1
6 14 1
7 13 1
8 13 1
9 13 1
10 13 1
11 13 1
12 13 1
13 13 1
14 13 1
15 12 1
16 12 1
17 12 1
18 12 1
19 12 1
20 12 1
21 12 1
22 12 1
23 11 1
24 12 1
25 13 1
25 14 1
25 15 1
24 16 1
24 17 1
23 18 1
22 19 1
21 20 1
20 21 1
20 22 1
19 23 1
18 24 1
18 25 1
18 26 1
18 27 1
18 28 1
20 29 1
21 29 1
22 29 1
23 28 1
24 28 1
25 28 1
26 28 1
27 28 1
28 28 1
29 28 1
30 28 1
31 28 1
32 28 1
33 28 1
34 29 1
35 29 1
36 29 1
37 30 1
38 31 1
38 32 1
39 33 1
39 34 1
39 35 1
40 36 1
40 37 1
40 38 1
40 39 1
40 40 1
41 41 1
41 42 1
41 43 1
41 44 1
41 45 1
41 46 1
.PEN_UP
