.PEN_DOWN
6 1 1
6 2 1
5 3 1
5 4 1
6 5 1
6 6 1
6 7 1
6 8 1
5 9 1
5 10 1
5 11 1
5 12 1
5 13 1
5 14 1
5 15 1
5 16 1
5 17 1
5 18 1
5 19 1
5 20 1
4 21 1
4 22 1
4 23 1
4 24 1
4 25 1
4 26 1
3 27 1
3 28 1
3 29 1
3 30 1
2 31 1
2 32 1
2 33 1
2 34 1
2 35 1
2 36 1
2 37 1
2 38 1
2 39 1
3 40 1
5 40 1
6 40 1
7 40 1
8 40 1
9 40 1
10 40 1
11 40 1
12 41 1
13 41 1
14 41 1
15 41 1
16 41 1
17 41 1
18 41 1
19 42 1
20 42 1
21 42 1
22 42 1
23 42 1
24 42 1
25 42 1
26 42 1
27 42 1
28 42 1
29 42 1
30 42 1
31 42 1
32 42 1
33 42 1
34 42 1
35 43 1
36 43 1
37 43 1
38 43 1
39 43 1
40 43 1
41 43 1
42 43 1
43 42 1
45 43 1
46 43 1
47 44 1
48 44 1
49 44 1
50 45 1
51 45 1
52 46 1
.PEN_UP
.PEN_DOWN
43 41 1
43 40 1
42 39 1
41 38 1
40 37 1
39 37 1
38 37 1
37 36 1
36 35 1
35 34 1
34 33 1
33 33 1
32 32 1
32 31 1
31 30 1
30 29 1
29 28 1
29 27 1
28 26 1
28 25 1
28 24 1
27 23 1
27 22 1
28 21 1
28 20 1
28 19 1
28 18 1
29 17 1
29 16 1
30 15 1
31 14 1
32 13 1
32 12 1
33 11 1
34 10 1
35 10 1
36 9 1
37 8 1
38 7 1
39 7 1
40 7 1
41 6 1
42 6 1
43 6 1
44 5 1
45 5 1
46 5 1
47 5 1
48 5 1
49 6 1
50 7 1
51 8 1
51 9 1
51 10 1
51 11 1
51 12 1
51 13 1
51 14 1
50 15 1
50 16 1
50 17 1
49 18 1
49 19 1
48 20 1
48 21 1
47 22 1
46 23 1
45 24 1
44 24 1
.PEN_UP
.PEN_DOWN
4 40 1
3 42 1
3 43 1
3 44 1
3 45 1
3 46 1
3 47 1
3 48 1
3 49 1
3 50 1
3 51 1
3 52 1
3 53 1
3 54 1
3 55 1
3 56 1
3 57 1
3 58 1
3 59 1
3 60 1
3 61 1
3 62 1
3 63 1
2 64 1
2 65 1
2 66 1
2 67 1
2 68 1
2 69 1
1 70 1
.PEN_UP
