.PEN_DOWN
1 21 1
1 20 1
1 19 1
1 18 1
1 17 1
1 16 1
2 15 1
2 14 1
2 13 1
3 12 1
4 12 1
5 12 1
6 13 1
7 13 1
8 13 1
9 14 1
10 14 1
11 15 1
12 16 1
13 16 1
14 17 1
15 18 1
15 19 1
16 20 1
16 21 1
17 22 1
17 23 1
17 24 1
18 25 1
18 26 1
18 27 1
19 28 1
19 29 1
19 30 1
19 31 1
19 32 1
19 33 1
20 34 1
20 35 1
20 36 1
20 37 1
20 38 1
20 39 1
20 40 1
20 41 1
20 42 1
21 43 1
21 44 1
22 45 1
22 46 1
22 47 1
23 48 1
24 49 1
25 50 1
26 50 1
27 50 1
28 50 1
29 51 1
30 51 1
31 51 1
32 51 1
33 50 1
34 50 1
35 50 1
36 50 1
37 49 1
37 48 1
38 47 1
39 46 1
39 45 1
40 44 1
40 43 1
40 42 1
42 41 1
43 42 1
44 42 1
45 42 1
46 43 1
47 43 1
48 44 1
49 45 1
50 46 1
50 47 1
50 48 1
49 49 1
49 50 1
48 51 1
47 52 1
47 53 1
47 54 1
47 55 1
46 56 1
47 57 1
48 57 1
49 57 1
50 57 1
51 57 1
52 57 1
53 56 1
54 56 1
55 55 1
56 54 1
57 53 1
58 52 1
59 51 1
60 50 1
60 49 1
61 48 1
62 47 1
62 46 1
62 45 1
62 44 1
62 43 1
62 42 1
62 41 1
62 40 1
62 39 1
61 38 1
61 37 1
61 36 1
60 35 1
59 34 1
59 33 1
58 32 1
58 31 1
57 30 1
56 29 1
55 28 1
55 27 1
54 26 1
53 25 1
52 24 1
51 23 1
50 22 1
49 21 1
49 20 1
48 19 1
47 18 1
46 18 1
45 17 1
44 16 1
43 17 1
42 18 1
41 19 1
41 20 1
41 21 1
41 22 1
40 23 1
40 24 1
40 25 1
40 26 1
40 27 1
40 28 1
40 29 1
40 30 1
40 31 1
40 32 1
40 33 1
40 34 1
40 35 1
39 36 1
38 37 1
38 39 1
39 40 1
40 41 1
.PEN_UP
.PEN_DOWN
43 15 1
43 14 1
43 13 1
42 12 1
42 11 1
42 10 1
43 9 1
43 8 1
43 7 1
43 6 1
44 5 1
44 4 1
44 3 1
44 2 1
44 1 1
.PEN_UP
.PEN_DOWN
37 51 1
38 52 1
38 53 1
38 54 1
38 55 1
38 56 1
38 57 1
38 58 1
38 59 1
38 60 1
38 61 1
38 62 1
38 63 1
38 64 1
38 65 1
37 66 1
37 67 1
37 68 1
37 69 1
37 70 1
37 71 1
37 72 1
37 73 1
37 74 1
37 75 1
37 76 1
37 77 1
37 78 1
37 79 1
38 80 1
37 81 1
.PEN_UP
