.PEN_DOWN
2 1 1
2 2 1
2 3 1
2 4 1
3 5 1
3 6 1
3 7 1
3 8 1
4 9 1
4 10 1
4 11 1
4 12 1
4 13 1
4 14 1
4 15 1
4 16 1
3 17 1
3 18 1
3 19 1
3 20 1
4 21 1
4 22 1
4 23 1
4 24 1
4 25 1
5 26 1
6 27 1
7 28 1
8 29 1
8 30 1
8 31 1
8 32 1
8 33 1
8 34 1
10 36 1
11 36 1
12 36 1
13 37 1
14 37 1
15 37 1
16 38 1
17 38 1
18 38 1
19 38 1
21 40 1
22 41 1
23 42 1
24 42 1
25 43 1
26 43 1
27 43 1
28 42 1
30 42 1
31 42 1
32 42 1
33 42 1
34 42 1
35 43 1
36 44 1
37 44 1
38 44 1
39 44 1
40 44 1
41 44 1
42 45 1
43 45 1
44 45 1
45 45 1
46 44 1
47 45 1
48 46 1
49 46 1
.PEN_UP
.PEN_DOWN
46 43 1
46 42 1
45 41 1
45 40 1
45 39 1
45 38 1
45 37 1
44 36 1
43 35 1
43 34 1
43 33 1
43 32 1
43 31 1
42 30 1
42 29 1
42 28 1
42 27 1
41 26 1
41 25 1
41 24 1
41 23 1
41 22 1
41 21 1
40 20 1
39 19 1
37 19 1
36 20 1
35 21 1
35 22 1
34 23 1
34 24 1
33 25 1
32 26 1
32 27 1
31 28 1
30 29 1
30 30 1
29 31 1
28 32 1
27 33 1
26 34 1
25 35 1
24 36 1
23 37 1
24 39 1
25 39 1
26 39 1
27 40 1
28 41 1
.PEN_UP
.PEN_DOWN
38 19 1
39 17 1
40 16 1
40 15 1
40 14 1
40 13 1
40 12 1
40 11 1
.PEN_UP
.PEN_DOWN
7 36 1
6 37 1
5 36 1
4 36 1
3 35 1
2 35 1
1 35 1
.PEN_UP
.PEN_DOWN
6 38 1
6 39 1
5 40 1
5 41 1
5 42 1
5 43 1
5 44 1
5 45 1
5 46 1
6 47 1
6 48 1
6 49 1
6 50 1
6 51 1
6 52 1
6 53 1
6 54 1
6 55 1
6 56 1
5 57 1
5 58 1
6 59 1
6 60 1
6 61 1
6 62 1
5 63 1
5 64 1
5 65 1
5 66 1
.PEN_UP
.PEN_DOWN
8 27 1
9 26 1
10 25 1
10 24 1
10 23 1
10 22 1
10 21 1
11 20 1
11 19 1
11 18 1
12 17 1
13 16 1
14 15 1
.PEN_UP
.PEN_DOWN
59 25 1
60 25 1
61 25 1
62 25 1
63 25 1
64 25 1
.PEN_UP
