.PEN_DOWN
2 28 1
2 29 1
2 30 1
2 31 1
2 32 1
2 33 1
2 34 1
2 35 1
2 36 1
2 37 1
2 38 1
2 39 1
2 40 1
1 41 1
1 42 1
1 43 1
1 44 1
1 45 1
2 46 1
2 47 1
3 48 1
4 48 1
5 48 1
6 48 1
7 47 1
8 47 1
9 47 1
10 47 1
11 47 1
12 47 1
13 48 1
14 48 1
15 48 1
16 49 1
17 49 1
18 50 1
19 50 1
20 50 1
21 50 1
22 50 1
23 50 1
24 50 1
25 51 1
26 51 1
27 51 1
28 51 1
29 51 1
30 50 1
31 51 1
32 51 1
33 51 1
34 52 1
35 52 1
36 52 1
37 53 1
38 53 1
39 53 1
40 53 1
41 53 1
42 53 1
.PEN_UP
.PEN_DOWN
29 49 1
29 48 1
29 47 1
28 46 1
27 45 1
26 44 1
25 43 1
24 43 1
23 42 1
22 41 1
21 40 1
21 39 1
22 38 1
22 37 1
22 36 1
22 35 1
22 34 1
23 33 1
23 32 1
24 31 1
24 30 1
25 29 1
25 28 1
26 27 1
27 26 1
28 26 1
29 26 1
30 26 1
.PEN_UP
.PEN_DOWN
25 26 1
24 25 1
23 24 1
22 24 1
21 23 1
20 23 1
19 22 1
18 22 1
17 21 1
16 20 1
16 19 1
15 18 1
15 17 1
15 16 1
15 15 1
15 14 1
15 13 1
15 12 1
15 11 1
16 10 1
16 9 1
17 8 1
17 7 1
18 6 1
19 5 1
20 4 1
21 3 1
22 2 1
23 1 1
24 1 1
25 1 1
26 1 1
27 1 1
28 1 1
29 2 1
30 2 1
31 2 1
32 2 1
33 2 1
34 2 1
35 3 1
36 4 1
37 5 1
38 6 1
38 7 1
38 8 1
38 9 1
37 10 1
.PEN_UP
