.PEN_DOWN
9 8 1
8 8 1
7 8 1
6 8 1
5 7 1
5 5 1
6 4 1
7 4 1
8 3 1
9 3 1
10 3 1
11 3 1
12 3 1
13 4 1
14 4 1
15 5 1
15 6 1
16 7 1
16 8 1
16 9 1
16 10 1
15 11 1
15 12 1
15 13 1
15 14 1
14 15 1
13 15 1
12 16 1
11 16 1
10 16 1
9 16 1
8 16 1
7 16 1
6 16 1
5 16 1
4 16 1
3 15 1
2 14 1
2 13 1
2 12 1
2 11 1
1 10 1
2 9 1
3 8 1
4 7 1
.PEN_UP
.PEN_DOWN
49 11 1
50 12 1
50 13 1
51 14 1
52 15 1
53 15 1
54 15 1
55 15 1
56 15 1
57 15 1
58 15 1
59 15 1
60 15 1
61 15 1
62 15 1
63 15 1
64 15 1
65 14 1
66 13 1
67 12 1
68 11 1
68 10 1
68 9 1
68 8 1
68 7 1
68 6 1
67 5 1
67 4 1
67 3 1
66 2 1
65 2 1
64 2 1
63 1 1
62 1 1
61 1 1
60 2 1
59 3 1
58 3 1
57 3 1
56 3 1
.PEN_UP
