.PEN_DOWN
10 1 1
9 2 1
8 3 1
8 4 1
7 5 1
7 6 1
6 7 1
5 8 1
5 9 1
5 10 1
4 11 1
4 12 1
4 13 1
4 14 1
3 15 1
3 16 1
3 17 1
3 18 1
3 19 1
3 20 1
3 21 1
2 22 1
2 23 1
2 24 1
2 25 1
2 26 1
2 27 1
2 28 1
3 29 1
4 30 1
5 30 1
6 31 1
7 31 1
8 31 1
9 31 1
10 31 1
11 30 1
12 30 1
13 30 1
14 30 1
15 29 1
16 30 1
17 30 1
18 30 1
19 29 1
20 29 1
21 29 1
22 29 1
23 29 1
24 29 1
25 28 1
26 28 1
27 27 1
28 26 1
29 25 1
30 24 1
31 23 1
32 22 1
33 21 1
34 20 1
35 19 1
36 18 1
37 17 1
38 17 1
39 16 1
40 16 1
42 18 1
42 19 1
42 20 1
41 21 1
41 22 1
41 23 1
40 24 1
40 25 1
40 26 1
39 27 1
39 28 1
39 29 1
38 30 1
38 31 1
38 32 1
38 33 1
37 34 1
37 35 1
37 36 1
37 37 1
37 38 1
36 39 1
36 40 1
36 41 1
36 42 1
36 43 1
36 44 1
35 45 1
35 46 1
35 47 1
34 48 1
34 49 1
34 50 1
34 51 1
33 52 1
33 53 1
33 54 1
33 55 1
33 56 1
33 57 1
32 58 1
32 59 1
31 60 1
30 60 1
29 60 1
28 60 1
27 60 1
26 59 1
25 59 1
24 58 1
23 58 1
22 57 1
21 57 1
20 57 1
19 56 1
18 56 1
17 55 1
16 55 1
15 54 1
14 54 1
13 54 1
12 54 1
11 54 1
10 54 1
9 55 1
8 55 1
7 56 1
6 57 1
6 58 1
5 59 1
4 60 1
4 61 1
3 62 1
3 63 1
3 64 1
2 65 1
2 66 1
1 67 1
1 68 1
1 69 1
1 70 1
1 71 1
1 72 1
1 73 1
1 74 1
2 75 1
3 75 1
4 75 1
5 75 1
6 76 1
6 77 1
7 78 1
7 79 1
7 80 1
8 81 1
8 82 1
7 83 1
6 84 1
5 85 1
4 85 1
3 84 1
2 83 1
1 82 1
1 81 1
1 80 1
1 79 1
1 78 1
1 77 1
1 76 1
.PEN_UP
