.PEN_DOWN
26 34 1
26 35 1
26 36 1
27 37 1
27 38 1
27 39 1
27 40 1
27 41 1
27 42 1
27 43 1
27 44 1
28 45 1
28 46 1
28 47 1
28 48 1
28 49 1
28 50 1
28 51 1
28 52 1
29 53 1
29 54 1
29 55 1
29 56 1
29 57 1
29 58 1
29 59 1
29 60 1
30 61 1
30 62 1
30 63 1
30 64 1
31 65 1
31 66 1
31 67 1
32 68 1
33 69 1
34 69 1
35 68 1
36 68 1
37 68 1
38 68 1
39 67 1
40 67 1
41 66 1
42 66 1
43 65 1
44 64 1
45 64 1
46 63 1
47 63 1
48 63 1
49 62 1
50 62 1
51 61 1
52 61 1
53 60 1
54 60 1
55 59 1
56 59 1
57 59 1
58 58 1
59 58 1
60 58 1
61 57 1
62 57 1
63 57 1
64 57 1
65 57 1
66 57 1
67 57 1
68 56 1
69 56 1
70 56 1
71 56 1
72 56 1
73 56 1
74 56 1
75 56 1
76 56 1
77 57 1
78 57 1
79 58 1
80 58 1
81 59 1
82 60 1
82 61 1
83 62 1
83 63 1
83 64 1
83 65 1
83 66 1
83 67 1
83 68 1
83 69 1
83 70 1
83 71 1
83 72 1
83 73 1
83 74 1
83 75 1
83 76 1
83 77 1
83 78 1
83 79 1
83 80 1
83 81 1
83 82 1
83 83 1
82 84 1
82 85 1
82 86 1
82 87 1
81 88 1
.PEN_UP
.PEN_DOWN
38 40 1
39 39 1
40 38 1
40 37 1
41 36 1
42 35 1
43 34 1
44 33 1
44 32 1
45 31 1
45 30 1
46 29 1
46 28 1
47 27 1
47 26 1
46 25 1
45 24 1
44 23 1
43 23 1
42 22 1
41 21 1
40 21 1
39 20 1
38 19 1
37 19 1
36 19 1
35 18 1
34 18 1
33 18 1
32 18 1
31 17 1
30 17 1
29 16 1
28 16 1
27 15 1
26 15 1
25 15 1
24 14 1
23 13 1
22 12 1
20 12 1
19 13 1
18 13 1
17 13 1
16 13 1
15 14 1
14 15 1
14 16 1
14 17 1
14 18 1
13 19 1
13 20 1
12 21 1
12 22 1
12 23 1
11 24 1
10 25 1
10 26 1
9 27 1
9 28 1
9 29 1
9 30 1
9 31 1
9 32 1
9 33 1
9 34 1
9 35 1
9 36 1
9 37 1
8 38 1
8 39 1
8 40 1
8 41 1
8 42 1
8 43 1
7 44 1
7 45 1
7 46 1
6 47 1
6 48 1
6 49 1
6 50 1
6 51 1
6 52 1
5 53 1
5 54 1
5 55 1
5 56 1
4 57 1
4 58 1
4 59 1
4 60 1
4 61 1
4 62 1
3 63 1
3 64 1
3 65 1
3 66 1
3 67 1
3 68 1
2 69 1
2 70 1
2 71 1
2 72 1
2 73 1
2 74 1
2 75 1
2 76 1
2 77 1
1 78 1
1 79 1
.PEN_UP
.PEN_DOWN
21 12 1
22 10 1
23 9 1
24 8 1
25 8 1
26 7 1
27 6 1
28 5 1
29 4 1
30 3 1
31 3 1
32 3 1
33 2 1
34 2 1
35 2 1
36 1 1
37 1 1
38 1 1
39 1 1
40 1 1
41 1 1
42 1 1
43 1 1
44 1 1
45 1 1
46 1 1
47 1 1
48 1 1
49 1 1
50 1 1
51 1 1
52 2 1
53 2 1
54 3 1
55 3 1
56 4 1
57 5 1
57 6 1
58 7 1
58 8 1
58 9 1
58 10 1
59 11 1
59 12 1
59 13 1
59 14 1
59 15 1
59 16 1
59 17 1
59 18 1
59 19 1
59 20 1
59 21 1
59 22 1
59 23 1
58 24 1
58 25 1
58 26 1
58 27 1
57 28 1
57 29 1
57 30 1
56 31 1
56 32 1
55 33 1
54 34 1
53 35 1
52 36 1
51 37 1
50 38 1
49 38 1
48 39 1
47 40 1
46 40 1
45 40 1
44 40 1
43 40 1
42 40 1
41 40 1
40 40 1
.PEN_UP
