.PEN_DOWN
1 18 1
2 19 1
2 20 1
3 21 1
3 22 1
3 23 1
3 24 1
3 25 1
3 26 1
4 27 1
4 28 1
4 29 1
4 30 1
4 31 1
5 32 1
5 33 1
5 34 1
4 35 1
4 36 1
5 37 1
5 38 1
5 39 1
5 40 1
4 41 1
4 42 1
4 43 1
4 44 1
4 45 1
4 46 1
4 47 1
4 48 1
4 49 1
4 50 1
4 51 1
4 52 1
4 53 1
4 54 1
4 55 1
5 56 1
5 57 1
5 58 1
6 59 1
7 59 1
8 60 1
9 61 1
10 61 1
11 61 1
12 62 1
13 62 1
14 62 1
15 62 1
16 62 1
17 62 1
18 62 1
19 61 1
20 61 1
21 61 1
22 60 1
23 59 1
23 58 1
24 57 1
26 56 1
27 56 1
28 57 1
29 57 1
30 57 1
31 57 1
32 58 1
33 58 1
34 58 1
35 58 1
36 58 1
37 59 1
38 59 1
39 59 1
40 59 1
41 59 1
42 59 1
43 59 1
44 59 1
45 59 1
46 59 1
47 59 1
48 59 1
49 59 1
50 59 1
51 59 1
52 59 1
53 59 1
54 59 1
55 59 1
56 58 1
57 57 1
58 58 1
59 58 1
60 58 1
61 58 1
62 58 1
63 58 1
64 58 1
65 58 1
66 58 1
67 58 1
68 58 1
69 58 1
70 58 1
.PEN_UP
.PEN_DOWN
57 56 1
56 55 1
55 54 1
55 53 1
55 52 1
55 51 1
55 50 1
55 49 1
55 48 1
55 47 1
55 46 1
55 45 1
55 44 1
55 43 1
56 42 1
56 41 1
56 40 1
57 39 1
57 38 1
57 37 1
58 36 1
58 35 1
59 34 1
59 33 1
60 32 1
60 31 1
61 30 1
61 29 1
62 28 1
63 27 1
63 26 1
63 25 1
63 24 1
64 23 1
64 22 1
64 21 1
64 20 1
64 19 1
64 18 1
63 17 1
63 16 1
62 15 1
62 14 1
61 13 1
60 12 1
59 11 1
58 10 1
58 9 1
57 8 1
56 7 1
55 6 1
54 6 1
53 5 1
52 4 1
51 4 1
50 3 1
49 3 1
48 3 1
47 3 1
46 3 1
45 2 1
44 1 1
.PEN_UP
.PEN_DOWN
24 56 1
23 55 1
23 54 1
22 53 1
21 52 1
20 51 1
20 50 1
19 49 1
19 48 1
19 47 1
19 46 1
20 45 1
20 44 1
20 43 1
20 42 1
21 41 1
22 40 1
23 39 1
24 38 1
25 37 1
26 36 1
27 35 1
28 34 1
29 34 1
30 33 1
31 33 1
32 33 1
33 33 1
34 34 1
34 35 1
.PEN_UP
