.PEN_DOWN
14 1 1
14 2 1
13 3 1
12 3 1
11 3 1
10 4 1
9 5 1
9 6 1
8 7 1
8 8 1
8 9 1
8 10 1
8 11 1
9 12 1
9 13 1
10 14 1
11 14 1
12 15 1
13 15 1
14 16 1
15 16 1
16 16 1
17 16 1
18 16 1
19 17 1
20 17 1
21 16 1
22 16 1
23 16 1
24 16 1
25 16 1
26 16 1
27 15 1
28 15 1
29 15 1
30 15 1
31 15 1
32 14 1
33 13 1
34 12 1
35 11 1
35 10 1
36 9 1
37 8 1
38 7 1
.PEN_UP
.PEN_DOWN
32 16 1
32 17 1
32 18 1
32 19 1
32 20 1
33 21 1
33 22 1
33 23 1
33 24 1
34 25 1
35 25 1
36 26 1
37 26 1
38 26 1
39 27 1
40 27 1
41 28 1
.PEN_UP
.PEN_DOWN
32 25 1
31 25 1
30 25 1
29 25 1
28 25 1
27 25 1
26 24 1
25 24 1
24 24 1
23 24 1
22 24 1
21 23 1
20 23 1
19 23 1
18 23 1
17 23 1
16 23 1
15 23 1
14 23 1
13 22 1
12 22 1
11 22 1
10 22 1
9 22 1
8 22 1
7 22 1
6 22 1
5 21 1
4 21 1
3 22 1
3 23 1
3 24 1
2 25 1
2 26 1
1 27 1
1 28 1
1 29 1
1 30 1
1 31 1
1 32 1
1 33 1
1 34 1
1 35 1
1 36 1
1 37 1
1 38 1
1 39 1
1 40 1
1 41 1
1 42 1
1 43 1
1 44 1
1 45 1
.PEN_UP
