.PEN_DOWN
9 6 1
8 6 1
7 6 1
6 7 1
5 8 1
5 9 1
5 10 1
4 11 1
4 12 1
3 13 1
3 14 1
3 15 1
3 16 1
3 17 1
3 18 1
3 19 1
3 20 1
3 21 1
3 22 1
2 23 1
2 24 1
2 25 1
2 26 1
2 27 1
2 28 1
2 29 1
2 30 1
2 31 1
2 32 1
2 33 1
2 34 1
2 35 1
2 36 1
2 37 1
2 38 1
2 39 1
2 40 1
1 41 1
1 42 1
1 43 1
2 44 1
1 46 1
1 47 1
1 48 1
1 49 1
1 50 1
1 51 1
2 52 1
1 53 1
1 54 1
1 55 1
2 56 1
2 57 1
2 58 1
2 59 1
2 60 1
2 61 1
2 62 1
2 63 1
1 64 1
1 65 1
1 66 1
1 67 1
1 68 1
1 69 1
1 70 1
1 71 1
1 72 1
1 73 1
2 74 1
2 75 1
2 76 1
2 77 1
2 78 1
2 79 1
2 80 1
2 81 1
2 82 1
2 83 1
2 84 1
2 85 1
2 86 1
2 87 1
2 88 1
2 89 1
2 90 1
2 91 1
2 92 1
2 93 1
2 94 1
2 95 1
2 96 1
3 97 1
3 98 1
3 99 1
3 100 1
3 101 1
3 102 1
3 103 1
3 104 1
3 105 1
3 106 1
3 107 1
3 108 1
3 109 1
3 110 1
3 111 1
3 112 1
3 113 1
3 114 1
3 115 1
4 116 1
4 117 1
4 118 1
4 119 1
4 120 1
4 121 1
4 122 1
4 123 1
4 124 1
4 125 1
4 126 1
4 127 1
4 128 1
4 129 1
4 130 1
4 131 1
4 132 1
4 133 1
4 134 1
4 135 1
3 136 1
3 137 1
3 138 1
.PEN_UP
.PEN_DOWN
3 44 1
4 44 1
5 44 1
6 44 1
7 44 1
8 44 1
9 45 1
10 45 1
11 45 1
12 45 1
13 45 1
14 44 1
15 44 1
16 44 1
17 44 1
18 44 1
19 44 1
20 44 1
21 44 1
22 44 1
23 44 1
24 44 1
25 44 1
26 45 1
27 45 1
28 45 1
29 45 1
30 45 1
31 45 1
32 45 1
33 46 1
34 46 1
35 46 1
36 46 1
37 46 1
38 47 1
39 47 1
40 47 1
41 48 1
42 48 1
43 48 1
44 49 1
45 50 1
45 51 1
46 52 1
45 53 1
45 54 1
44 55 1
44 56 1
44 57 1
43 58 1
42 59 1
42 60 1
42 61 1
41 62 1
40 63 1
39 64 1
38 65 1
38 66 1
37 67 1
36 68 1
35 69 1
34 70 1
34 71 1
33 72 1
32 73 1
32 74 1
32 75 1
31 76 1
31 77 1
30 79 1
29 79 1
28 80 1
27 81 1
.PEN_UP
.PEN_DOWN
31 78 1
33 77 1
34 77 1
35 77 1
36 77 1
37 77 1
38 76 1
39 76 1
40 75 1
41 74 1
42 74 1
43 73 1
44 72 1
45 72 1
46 71 1
47 70 1
48 70 1
49 69 1
50 68 1
51 67 1
52 66 1
53 65 1
54 64 1
55 63 1
56 62 1
56 61 1
57 60 1
58 59 1
59 58 1
59 57 1
60 56 1
60 55 1
61 54 1
61 53 1
62 52 1
62 51 1
63 50 1
63 49 1
63 48 1
64 47 1
65 46 1
65 45 1
65 44 1
66 43 1
66 42 1
66 41 1
66 40 1
66 39 1
66 38 1
67 37 1
67 36 1
67 35 1
67 34 1
67 33 1
67 32 1
67 31 1
67 30 1
67 29 1
67 28 1
67 27 1
67 26 1
67 25 1
67 24 1
66 23 1
66 22 1
66 21 1
65 20 1
65 19 1
64 18 1
63 17 1
62 16 1
61 15 1
60 14 1
59 13 1
58 12 1
57 11 1
56 10 1
55 10 1
54 9 1
53 9 1
52 8 1
51 8 1
50 7 1
49 7 1
48 6 1
47 6 1
46 6 1
45 5 1
44 5 1
43 5 1
42 4 1
41 4 1
40 4 1
39 4 1
38 3 1
37 3 1
36 3 1
35 3 1
34 3 1
33 3 1
32 2 1
31 2 1
30 2 1
29 2 1
28 2 1
27 1 1
26 2 1
25 1 1
24 1 1
23 1 1
22 1 1
21 1 1
20 1 1
19 1 1
18 1 1
17 1 1
16 1 1
.PEN_UP
