.PEN_DOWN
21 1 1
20 1 1
19 2 1
19 3 1
18 4 1
18 5 1
17 6 1
17 7 1
17 8 1
16 9 1
16 10 1
16 11 1
16 12 1
15 13 1
15 14 1
15 15 1
14 16 1
14 17 1
14 18 1
14 19 1
14 20 1
14 21 1
14 22 1
14 23 1
14 24 1
15 25 1
15 26 1
15 27 1
15 28 1
16 29 1
16 30 1
16 31 1
17 32 1
17 33 1
18 34 1
18 35 1
19 36 1
19 37 1
19 38 1
20 39 1
21 40 1
22 41 1
23 42 1
24 43 1
25 44 1
26 45 1
27 46 1
28 46 1
29 46 1
30 46 1
31 46 1
32 45 1
33 45 1
37 43 1
38 43 1
39 43 1
40 42 1
41 42 1
42 41 1
43 41 1
44 41 1
45 42 1
46 42 1
47 42 1
48 42 1
49 43 1
50 43 1
51 44 1
52 44 1
53 45 1
54 46 1
55 47 1
56 48 1
57 49 1
57 50 1
57 51 1
57 52 1
57 53 1
57 54 1
57 55 1
57 56 1
57 57 1
56 58 1
56 59 1
55 60 1
54 61 1
53 62 1
52 62 1
51 63 1
50 64 1
49 64 1
48 64 1
47 64 1
46 64 1
45 65 1
44 65 1
43 65 1
42 64 1
41 64 1
40 64 1
39 63 1
38 63 1
37 62 1
36 61 1
36 60 1
35 59 1
35 58 1
34 57 1
34 56 1
34 55 1
34 54 1
33 53 1
33 52 1
33 51 1
33 50 1
33 49 1
34 48 1
34 47 1
34 46 1
34 42 1
33 41 1
33 40 1
33 39 1
33 38 1
33 37 1
33 36 1
33 35 1
33 34 1
33 33 1
33 32 1
34 31 1
34 30 1
34 29 1
35 28 1
35 27 1
35 26 1
36 25 1
36 24 1
37 23 1
38 22 1
39 21 1
40 20 1
41 20 1
42 20 1
43 20 1
44 20 1
45 20 1
46 21 1
47 22 1
48 23 1
48 24 1
48 25 1
48 26 1
48 27 1
48 28 1
48 29 1
48 30 1
48 31 1
47 32 1
47 33 1
47 34 1
46 35 1
46 36 1
45 37 1
45 38 1
45 39 1
45 40 1
.PEN_UP
.PEN_DOWN
26 47 1
26 48 1
25 49 1
24 50 1
24 51 1
23 52 1
23 53 1
23 54 1
22 55 1
22 56 1
22 57 1
22 58 1
22 59 1
22 60 1
22 61 1
22 62 1
22 63 1
22 64 1
22 65 1
22 66 1
22 67 1
22 68 1
22 69 1
22 70 1
23 71 1
23 72 1
24 73 1
24 74 1
24 75 1
24 76 1
25 77 1
26 78 1
27 78 1
28 79 1
29 79 1
30 79 1
31 79 1
32 80 1
33 80 1
34 81 1
35 81 1
36 81 1
37 81 1
38 82 1
39 83 1
40 84 1
41 85 1
42 85 1
43 85 1
44 85 1
45 85 1
46 85 1
47 85 1
48 85 1
49 84 1
50 83 1
51 84 1
52 83 1
53 83 1
54 83 1
55 84 1
56 84 1
57 83 1
58 83 1
59 83 1
60 83 1
.PEN_UP
.PEN_DOWN
49 82 1
48 81 1
47 80 1
46 80 1
45 79 1
44 79 1
43 79 1
42 79 1
41 79 1
40 80 1
39 81 1
.PEN_UP
.PEN_DOWN
23 77 1
22 77 1
21 77 1
20 77 1
19 77 1
18 77 1
17 77 1
16 77 1
15 77 1
14 77 1
13 77 1
12 77 1
11 77 1
10 77 1
9 77 1
8 77 1
7 77 1
6 77 1
5 77 1
4 78 1
3 79 1
2 80 1
2 81 1
2 82 1
2 83 1
2 84 1
2 85 1
2 86 1
2 87 1
2 88 1
2 89 1
3 90 1
3 91 1
3 92 1
3 93 1
3 94 1
3 95 1
2 96 1
2 97 1
2 98 1
2 99 1
2 100 1
2 101 1
3 102 1
2 103 1
2 104 1
2 105 1
2 106 1
2 107 1
2 108 1
2 109 1
2 110 1
2 111 1
2 112 1
2 113 1
2 114 1
2 115 1
2 116 1
3 117 1
2 118 1
2 119 1
2 120 1
2 121 1
2 122 1
2 123 1
2 124 1
2 125 1
2 126 1
2 127 1
1 128 1
1 129 1
1 130 1
1 131 1
.PEN_UP
