.PEN_DOWN
4 1 1
5 2 1
6 2 1
7 2 1
8 3 1
9 3 1
10 3 1
11 3 1
12 3 1
13 3 1
14 3 1
15 3 1
16 3 1
17 3 1
18 3 1
19 4 1
20 4 1
21 5 1
22 5 1
23 6 1
24 7 1
25 7 1
26 8 1
27 8 1
28 9 1
29 10 1
29 11 1
30 12 1
30 13 1
30 14 1
31 15 1
31 16 1
31 17 1
31 18 1
31 19 1
31 20 1
31 21 1
31 22 1
31 23 1
31 24 1
31 25 1
30 26 1
30 27 1
30 28 1
30 29 1
29 30 1
29 31 1
28 32 1
28 33 1
28 34 1
27 35 1
26 36 1
25 37 1
25 38 1
24 39 1
23 40 1
23 41 1
22 42 1
21 43 1
20 44 1
19 44 1
18 45 1
17 45 1
16 46 1
15 47 1
14 47 1
13 47 1
12 47 1
11 47 1
10 48 1
9 48 1
8 48 1
7 48 1
6 48 1
5 49 1
4 49 1
3 49 1
2 49 1
1 48 1
1 47 1
1 46 1
1 45 1
2 44 1
2 43 1
2 42 1
3 41 1
.PEN_UP
.PEN_DOWN
1 24 1
2 25 1
2 26 1
3 27 1
4 28 1
5 28 1
.PEN_UP
