.PEN_DOWN
2 12 1
3 12 1
4 11 1
5 11 1
6 11 1
7 10 1
8 10 1
9 10 1
10 10 1
11 10 1
12 10 1
13 10 1
14 11 1
15 11 1
16 12 1
17 13 1
18 14 1
18 15 1
19 16 1
20 17 1
20 18 1
21 19 1
21 20 1
21 21 1
22 22 1
22 23 1
22 24 1
22 25 1
22 26 1
22 27 1
22 28 1
21 29 1
21 30 1
21 31 1
20 32 1
19 33 1
18 33 1
17 34 1
16 34 1
15 34 1
14 34 1
13 34 1
12 34 1
11 34 1
10 34 1
9 34 1
8 34 1
7 33 1
6 33 1
5 33 1
4 32 1
3 32 1
2 31 1
2 30 1
1 29 1
1 28 1
1 27 1
1 26 1
1 25 1
1 24 1
1 23 1
2 22 1
2 21 1
2 20 1
.PEN_UP
.PEN_DOWN
2 46 1
3 47 1
4 48 1
5 48 1
6 49 1
7 49 1
8 49 1
9 50 1
10 50 1
11 50 1
12 50 1
13 50 1
14 50 1
15 50 1
16 50 1
17 49 1
18 49 1
19 49 1
20 49 1
21 49 1
22 49 1
23 48 1
24 48 1
25 48 1
26 47 1
27 47 1
28 47 1
29 46 1
30 45 1
31 44 1
32 43 1
33 43 1
34 42 1
35 41 1
36 40 1
37 39 1
38 38 1
38 37 1
39 36 1
40 35 1
41 34 1
42 33 1
43 32 1
44 31 1
45 32 1
46 33 1
47 33 1
48 34 1
49 35 1
49 36 1
50 37 1
51 38 1
51 39 1
52 40 1
53 41 1
54 42 1
55 43 1
55 44 1
56 45 1
57 46 1
58 47 1
59 48 1
60 49 1
61 50 1
62 51 1
63 52 1
63 53 1
64 54 1
65 55 1
.PEN_UP
.PEN_DOWN
44 30 1
44 29 1
44 28 1
44 27 1
44 26 1
43 25 1
42 24 1
41 23 1
41 22 1
41 21 1
40 20 1
40 19 1
39 18 1
39 17 1
39 16 1
39 15 1
39 14 1
39 13 1
39 12 1
39 11 1
39 10 1
39 9 1
40 8 1
40 7 1
40 6 1
41 5 1
41 4 1
42 3 1
43 2 1
44 1 1
45 1 1
46 1 1
47 1 1
48 1 1
49 2 1
50 3 1
51 4 1
51 5 1
51 6 1
51 7 1
51 8 1
51 9 1
51 10 1
51 11 1
51 12 1
51 13 1
51 14 1
51 15 1
50 16 1
50 17 1
49 18 1
49 19 1
49 20 1
48 21 1
48 22 1
47 23 1
46 24 1
45 25 1
.PEN_UP
