.PEN_DOWN
2 1 1
2 2 1
2 3 1
2 4 1
1 5 1
2 6 1
2 7 1
2 8 1
2 9 1
2 10 1
2 11 1
2 12 1
2 13 1
2 14 1
2 15 1
2 16 1
2 17 1
2 18 1
2 19 1
2 20 1
2 21 1
2 22 1
2 23 1
2 24 1
2 25 1
2 26 1
2 27 1
3 28 1
3 29 1
3 30 1
3 31 1
3 32 1
3 33 1
3 34 1
3 35 1
3 36 1
3 37 1
3 38 1
3 39 1
3 40 1
3 41 1
3 42 1
4 43 1
5 44 1
6 44 1
7 44 1
8 45 1
9 45 1
10 45 1
11 45 1
12 45 1
13 44 1
14 43 1
15 42 1
16 42 1
17 42 1
18 41 1
19 41 1
20 39 1
20 38 1
20 37 1
20 36 1
20 35 1
19 34 1
19 33 1
19 32 1
19 31 1
19 30 1
19 29 1
18 28 1
18 27 1
18 26 1
18 25 1
17 24 1
17 23 1
17 22 1
16 21 1
16 20 1
16 19 1
15 18 1
15 17 1
15 16 1
15 15 1
15 14 1
14 13 1
14 12 1
14 11 1
14 10 1
14 9 1
14 8 1
14 7 1
14 6 1
14 5 1
15 4 1
.PEN_UP
.PEN_DOWN
21 42 1
22 43 1
23 43 1
24 43 1
25 43 1
26 43 1
27 43 1
28 44 1
29 44 1
30 44 1
31 44 1
32 45 1
33 45 1
34 45 1
35 45 1
36 45 1
37 45 1
38 45 1
39 45 1
40 45 1
41 45 1
42 45 1
43 46 1
44 46 1
45 46 1
46 46 1
47 46 1
48 46 1
49 46 1
50 47 1
51 47 1
52 47 1
53 47 1
54 47 1
55 47 1
56 47 1
57 48 1
58 48 1
59 48 1
60 48 1
61 48 1
62 49 1
63 49 1
64 49 1
65 49 1
66 49 1
67 49 1
68 49 1
69 49 1
70 49 1
71 49 1
72 50 1
73 50 1
74 50 1
75 50 1
76 50 1
77 50 1
78 51 1
79 51 1
80 51 1
81 51 1
82 52 1
83 52 1
84 53 1
85 53 1
86 54 1
87 55 1
88 56 1
88 57 1
89 58 1
89 59 1
89 60 1
89 61 1
89 62 1
89 63 1
89 64 1
89 65 1
89 66 1
89 67 1
89 68 1
88 69 1
88 70 1
88 71 1
87 72 1
86 73 1
86 74 1
85 75 1
84 75 1
83 76 1
83 77 1
82 78 1
81 79 1
.PEN_UP
.PEN_DOWN
21 44 1
21 45 1
21 46 1
21 47 1
21 48 1
21 49 1
21 50 1
21 51 1
21 52 1
21 53 1
21 54 1
21 55 1
21 56 1
21 57 1
21 58 1
21 59 1
21 60 1
21 61 1
22 62 1
22 63 1
22 64 1
22 65 1
22 66 1
22 67 1
23 68 1
23 69 1
23 70 1
23 71 1
23 72 1
23 73 1
23 74 1
24 75 1
24 76 1
24 77 1
25 78 1
25 79 1
25 80 1
25 81 1
26 82 1
26 83 1
26 84 1
26 85 1
26 86 1
27 87 1
27 88 1
28 89 1
29 90 1
.PEN_UP
