.PEN_DOWN
2 1 1
2 2 1
2 3 1
3 4 1
3 5 1
3 6 1
3 7 1
3 8 1
3 9 1
4 10 1
4 11 1
3 12 1
3 13 1
3 14 1
3 15 1
3 16 1
3 17 1
3 18 1
3 19 1
3 20 1
3 21 1
3 22 1
3 23 1
3 24 1
2 25 1
1 26 1
2 27 1
1 28 1
2 29 1
3 30 1
4 29 1
4 28 1
3 27 1
4 26 1
4 25 1
.PEN_UP
.PEN_DOWN
3 31 1
4 32 1
4 33 1
4 34 1
4 35 1
4 36 1
4 37 1
4 38 1
4 39 1
4 40 1
4 41 1
5 42 1
5 43 1
5 44 1
5 45 1
5 46 1
5 47 1
4 48 1
4 49 1
4 50 1
5 51 1
5 52 1
6 53 1
6 54 1
7 55 1
7 56 1
8 57 1
8 58 1
.PEN_UP
.PEN_DOWN
19 21 1
18 22 1
17 22 1
16 22 1
15 23 1
14 24 1
14 25 1
13 26 1
13 27 1
13 28 1
13 29 1
13 30 1
13 31 1
13 32 1
13 33 1
14 34 1
14 35 1
15 36 1
16 37 1
17 38 1
18 38 1
19 39 1
20 40 1
21 40 1
22 41 1
23 41 1
24 42 1
25 42 1
26 42 1
27 42 1
28 43 1
29 43 1
30 43 1
31 43 1
32 43 1
33 43 1
34 43 1
35 43 1
36 43 1
37 43 1
38 43 1
39 43 1
40 42 1
41 42 1
42 42 1
43 41 1
44 40 1
45 40 1
46 39 1
47 38 1
48 38 1
49 37 1
50 37 1
51 36 1
52 37 1
53 38 1
54 39 1
54 40 1
55 41 1
56 42 1
57 43 1
58 44 1
59 45 1
60 46 1
61 47 1
60 48 1
60 49 1
61 50 1
63 52 1
64 52 1
65 51 1
67 52 1
68 53 1
69 54 1
68 55 1
68 56 1
67 57 1
68 59 1
68 60 1
67 61 1
66 61 1
65 61 1
64 60 1
64 59 1
65 58 1
66 58 1
.PEN_UP
.PEN_DOWN
63 61 1
62 62 1
61 63 1
61 64 1
61 65 1
60 66 1
60 67 1
.PEN_UP
