.PEN_DOWN
4 1 1
4 2 1
4 3 1
5 4 1
5 5 1
5 6 1
5 7 1
5 8 1
5 9 1
5 10 1
5 11 1
5 12 1
6 13 1
6 14 1
6 15 1
6 16 1
6 17 1
6 18 1
6 19 1
6 20 1
6 21 1
6 22 1
6 23 1
6 24 1
7 25 1
8 26 1
9 25 1
10 24 1
11 23 1
12 22 1
.PEN_UP
.PEN_DOWN
8 27 1
9 28 1
10 29 1
11 29 1
12 29 1
13 29 1
14 30 1
15 30 1
16 30 1
17 30 1
18 31 1
20 30 1
21 30 1
22 30 1
23 30 1
24 30 1
25 31 1
26 31 1
27 31 1
28 31 1
29 31 1
30 31 1
31 31 1
32 31 1
33 32 1
34 32 1
35 33 1
35 34 1
35 35 1
35 36 1
35 37 1
34 38 1
33 39 1
33 40 1
32 41 1
31 42 1
30 43 1
29 44 1
28 45 1
27 45 1
26 46 1
26 47 1
26 48 1
26 49 1
27 50 1
28 51 1
29 51 1
30 52 1
31 52 1
32 52 1
33 52 1
34 52 1
35 52 1
36 51 1
37 51 1
38 51 1
39 50 1
40 50 1
41 49 1
42 48 1
43 47 1
44 46 1
45 45 1
45 44 1
46 43 1
46 42 1
46 41 1
47 40 1
48 39 1
48 38 1
49 37 1
49 36 1
49 35 1
50 34 1
50 33 1
50 32 1
50 31 1
51 30 1
51 29 1
51 28 1
51 27 1
51 26 1
52 25 1
52 24 1
52 23 1
52 22 1
52 21 1
52 20 1
52 19 1
52 18 1
51 17 1
50 16 1
50 15 1
49 14 1
48 13 1
47 13 1
46 12 1
45 12 1
44 12 1
43 12 1
42 11 1
41 11 1
40 10 1
39 10 1
38 10 1
37 10 1
36 10 1
35 9 1
34 9 1
33 9 1
32 9 1
31 8 1
30 8 1
29 7 1
28 7 1
27 6 1
26 6 1
25 6 1
24 5 1
23 4 1
23 3 1
.PEN_UP
.PEN_DOWN
19 31 1
18 33 1
18 34 1
18 35 1
18 36 1
18 37 1
18 38 1
18 39 1
18 40 1
18 41 1
18 42 1
18 43 1
18 44 1
18 45 1
18 46 1
18 47 1
18 48 1
18 49 1
18 50 1
18 51 1
19 52 1
19 53 1
19 54 1
19 55 1
19 56 1
19 57 1
19 58 1
20 59 1
20 60 1
20 61 1
20 62 1
20 63 1
20 64 1
21 65 1
22 65 1
23 65 1
24 64 1
25 64 1
26 64 1
27 63 1
28 63 1
29 63 1
30 63 1
31 63 1
32 63 1
33 63 1
34 63 1
35 63 1
36 63 1
37 63 1
38 63 1
39 63 1
40 63 1
41 64 1
42 64 1
43 64 1
44 64 1
45 64 1
46 65 1
47 65 1
48 65 1
49 66 1
50 66 1
51 66 1
52 67 1
53 67 1
54 67 1
55 68 1
56 69 1
57 70 1
58 70 1
59 71 1
59 72 1
60 73 1
61 74 1
61 75 1
62 76 1
62 77 1
62 78 1
62 79 1
62 80 1
62 81 1
62 82 1
62 83 1
62 84 1
62 85 1
62 86 1
62 87 1
62 88 1
61 89 1
.PEN_UP
.PEN_DOWN
8 29 1
7 30 1
7 31 1
6 32 1
6 33 1
6 34 1
6 35 1
6 36 1
6 37 1
6 38 1
6 39 1
6 40 1
6 41 1
6 42 1
5 43 1
5 44 1
5 45 1
5 46 1
5 47 1
4 48 1
4 49 1
4 50 1
4 51 1
4 52 1
4 53 1
4 54 1
4 55 1
3 56 1
3 57 1
3 58 1
3 59 1
2 60 1
2 61 1
2 62 1
2 63 1
2 64 1
1 65 1
1 66 1
1 67 1
1 68 1
1 69 1
2 70 1
.PEN_UP
