.PEN_DOWN
21 5 1
22 5 1
23 5 1
24 5 1
25 6 1
26 6 1
27 6 1
28 5 1
29 4 1
30 4 1
31 4 1
32 4 1
33 3 1
34 3 1
35 3 1
36 3 1
37 3 1
38 3 1
39 3 1
40 2 1
41 2 1
42 2 1
43 2 1
44 2 1
45 2 1
46 2 1
47 2 1
48 2 1
49 2 1
50 1 1
51 1 1
52 1 1
53 1 1
54 1 1
55 2 1
56 2 1
57 2 1
58 2 1
59 2 1
60 3 1
61 3 1
62 3 1
63 4 1
64 4 1
65 4 1
66 5 1
67 6 1
68 7 1
69 8 1
70 9 1
70 10 1
71 11 1
71 12 1
71 13 1
71 14 1
70 15 1
70 16 1
69 17 1
68 18 1
68 19 1
67 20 1
66 21 1
65 22 1
64 23 1
63 24 1
62 24 1
61 25 1
60 26 1
59 26 1
58 27 1
57 27 1
56 28 1
55 28 1
54 28 1
53 27 1
53 26 1
53 25 1
53 24 1
53 23 1
53 22 1
53 21 1
54 20 1
54 19 1
54 18 1
54 17 1
54 16 1
54 15 1
54 14 1
53 13 1
52 13 1
51 13 1
50 13 1
49 13 1
48 13 1
47 14 1
46 14 1
45 15 1
44 15 1
43 15 1
42 16 1
41 16 1
40 17 1
39 18 1
38 19 1
37 19 1
36 20 1
35 20 1
34 21 1
33 22 1
32 22 1
31 23 1
30 24 1
29 25 1
29 26 1
28 27 1
28 28 1
27 29 1
26 30 1
26 31 1
26 32 1
26 33 1
26 34 1
25 35 1
25 36 1
25 37 1
25 38 1
24 39 1
24 40 1
24 41 1
24 42 1
24 43 1
23 44 1
23 45 1
23 46 1
22 47 1
21 47 1
20 47 1
19 47 1
18 47 1
17 46 1
16 46 1
15 45 1
14 45 1
13 45 1
12 44 1
11 44 1
10 43 1
9 43 1
8 42 1
7 41 1
6 40 1
5 39 1
4 39 1
3 39 1
2 38 1
1 38 1
.PEN_UP
