.PEN_DOWN
5 1 1
4 2 1
4 3 1
4 4 1
4 5 1
4 6 1
4 7 1
4 8 1
4 9 1
4 10 1
4 11 1
4 12 1
4 13 1
4 14 1
4 15 1
4 16 1
4 17 1
4 18 1
4 19 1
4 20 1
4 21 1
4 22 1
4 23 1
4 24 1
4 25 1
3 26 1
3 27 1
3 28 1
3 29 1
3 30 1
3 31 1
3 32 1
3 33 1
3 34 1
3 35 1
3 36 1
3 37 1
3 38 1
3 39 1
3 40 1
3 41 1
3 42 1
3 43 1
3 44 1
3 45 1
3 46 1
3 47 1
3 48 1
3 49 1
3 50 1
3 51 1
3 52 1
3 53 1
3 54 1
3 55 1
3 56 1
3 57 1
3 58 1
2 59 1
1 60 1
.PEN_UP
.PEN_DOWN
34 2 1
35 2 1
36 2 1
37 2 1
38 2 1
39 3 1
40 3 1
41 3 1
42 4 1
43 4 1
44 5 1
45 5 1
46 6 1
47 7 1
48 7 1
49 8 1
50 9 1
51 9 1
52 10 1
52 11 1
53 12 1
54 13 1
55 14 1
56 15 1
57 16 1
58 17 1
58 18 1
58 19 1
58 20 1
58 21 1
58 22 1
58 23 1
58 24 1
58 25 1
58 26 1
58 27 1
58 28 1
57 29 1
56 30 1
56 31 1
55 32 1
54 33 1
53 34 1
52 35 1
51 36 1
50 37 1
49 37 1
48 38 1
47 39 1
46 40 1
45 40 1
44 40 1
43 41 1
42 41 1
41 42 1
40 43 1
39 43 1
38 42 1
37 42 1
36 42 1
35 42 1
34 42 1
33 42 1
32 42 1
31 42 1
30 42 1
29 41 1
28 41 1
27 41 1
26 40 1
25 39 1
24 38 1
23 37 1
22 36 1
21 35 1
21 34 1
21 33 1
21 32 1
21 31 1
22 30 1
22 29 1
22 28 1
23 27 1
23 26 1
24 25 1
24 24 1
25 23 1
26 22 1
27 21 1
28 21 1
29 20 1
30 20 1
31 19 1
32 19 1
33 18 1
34 18 1
35 18 1
36 18 1
37 18 1
38 18 1
39 18 1
40 18 1
41 18 1
42 19 1
43 20 1
43 21 1
43 22 1
43 23 1
42 24 1
41 25 1
40 25 1
39 26 1
.PEN_UP
.PEN_DOWN
41 44 1
41 45 1
41 46 1
42 47 1
43 48 1
44 49 1
45 50 1
46 51 1
47 52 1
48 52 1
49 53 1
50 54 1
51 55 1
51 56 1
52 57 1
52 58 1
53 59 1
51 60 1
50 60 1
49 60 1
48 60 1
47 60 1
46 60 1
45 59 1
44 59 1
43 59 1
42 59 1
41 59 1
40 59 1
39 59 1
38 59 1
37 59 1
36 59 1
35 59 1
34 59 1
33 59 1
32 59 1
31 59 1
30 59 1
29 59 1
28 59 1
27 59 1
26 59 1
25 59 1
24 60 1
24 61 1
23 62 1
23 63 1
23 64 1
.PEN_UP
