.PEN_DOWN
15 12 1
14 13 1
13 14 1
12 14 1
11 14 1
10 14 1
9 14 1
8 14 1
7 14 1
6 14 1
5 14 1
4 14 1
3 13 1
2 12 1
1 11 1
1 10 1
2 9 1
2 8 1
3 7 1
3 6 1
4 5 1
5 4 1
6 3 1
7 3 1
8 2 1
9 2 1
10 1 1
11 1 1
12 1 1
13 1 1
14 1 1
15 1 1
16 1 1
17 1 1
18 1 1
19 2 1
20 2 1
21 3 1
22 4 1
23 5 1
24 6 1
25 7 1
26 8 1
27 9 1
27 10 1
28 11 1
28 12 1
28 13 1
28 14 1
28 15 1
29 16 1
29 17 1
29 18 1
29 19 1
30 20 1
31 21 1
32 22 1
33 21 1
34 20 1
35 19 1
36 18 1
37 17 1
37 16 1
38 15 1
39 14 1
40 13 1
41 13 1
42 12 1
43 13 1
44 14 1
44 15 1
44 16 1
44 17 1
44 18 1
44 19 1
44 20 1
44 21 1
44 22 1
45 23 1
45 24 1
45 25 1
46 26 1
47 27 1
47 28 1
47 29 1
47 30 1
48 31 1
48 32 1
48 33 1
49 34 1
49 35 1
49 36 1
49 37 1
50 38 1
50 39 1
51 40 1
51 41 1
51 42 1
51 43 1
50 44 1
49 44 1
48 44 1
47 44 1
46 44 1
45 44 1
44 44 1
43 44 1
42 44 1
41 44 1
40 44 1
39 44 1
38 44 1
37 44 1
36 44 1
35 44 1
34 44 1
33 44 1
32 44 1
31 44 1
30 44 1
29 44 1
28 44 1
27 44 1
26 44 1
25 44 1
24 44 1
23 44 1
22 44 1
21 43 1
20 42 1
19 41 1
21 38 1
22 37 1
23 37 1
24 37 1
25 36 1
26 35 1
27 34 1
27 33 1
28 32 1
29 31 1
30 30 1
30 29 1
30 28 1
31 27 1
31 26 1
31 25 1
31 24 1
32 23 1
.PEN_UP
.PEN_DOWN
19 40 1
18 38 1
18 37 1
18 36 1
18 35 1
18 34 1
18 33 1
18 32 1
18 31 1
.PEN_UP
.PEN_DOWN
19 39 1
18 42 1
17 43 1
16 44 1
15 44 1
14 43 1
13 43 1
12 43 1
11 43 1
10 43 1
9 43 1
8 44 1
7 44 1
6 44 1
5 44 1
4 44 1
3 44 1
.PEN_UP
.PEN_DOWN
17 45 1
17 46 1
17 47 1
17 48 1
17 49 1
17 50 1
17 51 1
17 52 1
17 53 1
17 54 1
17 55 1
.PEN_UP
