.PEN_DOWN
6 1 1
6 2 1
6 3 1
6 4 1
5 5 1
5 6 1
4 7 1
3 7 1
2 7 1
1 7 1
.PEN_UP
.PEN_DOWN
5 8 1
6 9 1
6 10 1
6 11 1
7 12 1
9 14 1
10 14 1
11 14 1
12 14 1
13 14 1
14 15 1
15 15 1
16 16 1
17 16 1
18 16 1
19 17 1
20 17 1
21 18 1
22 18 1
23 18 1
24 19 1
25 20 1
26 21 1
27 21 1
28 22 1
29 23 1
30 24 1
31 25 1
32 26 1
33 26 1
34 26 1
35 27 1
36 28 1
37 29 1
38 30 1
39 30 1
40 31 1
41 32 1
42 33 1
43 33 1
44 34 1
45 34 1
46 34 1
47 35 1
48 35 1
49 36 1
49 37 1
50 38 1
51 39 1
52 40 1
53 41 1
54 42 1
55 43 1
55 44 1
56 45 1
57 46 1
58 47 1
58 48 1
58 49 1
59 50 1
59 51 1
59 52 1
60 53 1
61 54 1
61 55 1
61 56 1
61 57 1
61 58 1
61 59 1
61 60 1
61 61 1
61 62 1
61 63 1
61 64 1
60 65 1
59 66 1
58 67 1
57 68 1
56 69 1
55 70 1
54 71 1
53 72 1
52 72 1
51 72 1
50 72 1
49 72 1
48 72 1
47 72 1
46 72 1
45 72 1
44 72 1
43 72 1
42 72 1
41 73 1
40 74 1
39 73 1
38 73 1
37 72 1
36 72 1
35 72 1
34 72 1
33 71 1
32 71 1
31 71 1
30 70 1
29 69 1
28 69 1
27 68 1
26 67 1
25 66 1
24 65 1
23 64 1
23 63 1
23 62 1
22 61 1
21 59 1
20 59 1
19 58 1
19 57 1
19 56 1
18 55 1
17 55 1
16 55 1
15 54 1
.PEN_UP
.PEN_DOWN
19 54 1
20 53 1
21 52 1
22 51 1
23 50 1
24 49 1
25 48 1
26 47 1
27 47 1
28 48 1
29 49 1
30 50 1
30 51 1
30 52 1
29 53 1
29 54 1
29 55 1
29 56 1
28 57 1
28 58 1
27 59 1
26 59 1
25 60 1
24 60 1
23 60 1
.PEN_UP
.PEN_DOWN
40 75 1
40 76 1
40 77 1
40 78 1
40 79 1
40 80 1
41 81 1
41 82 1
42 83 1
42 84 1
42 85 1
42 86 1
42 87 1
43 88 1
44 88 1
45 89 1
45 90 1
46 91 1
47 92 1
48 93 1
49 94 1
50 95 1
50 96 1
50 97 1
50 98 1
50 99 1
51 100 1
52 100 1
53 101 1
54 101 1
55 102 1
56 103 1
56 104 1
57 105 1
58 106 1
.PEN_UP
.PEN_DOWN
49 100 1
48 100 1
47 100 1
46 99 1
45 99 1
44 99 1
43 99 1
42 98 1
41 98 1
40 97 1
39 97 1
38 97 1
37 97 1
36 97 1
35 97 1
34 97 1
33 97 1
32 97 1
31 97 1
30 96 1
29 96 1
28 96 1
27 96 1
26 96 1
25 96 1
24 96 1
23 96 1
22 96 1
21 96 1
20 96 1
19 96 1
18 96 1
17 96 1
16 95 1
15 95 1
14 95 1
13 95 1
12 94 1
11 94 1
10 94 1
9 94 1
8 94 1
7 94 1
6 94 1
5 93 1
6 92 1
6 91 1
6 90 1
6 89 1
6 88 1
6 87 1
6 86 1
6 85 1
6 84 1
6 83 1
6 82 1
6 81 1
6 80 1
6 79 1
6 78 1
6 77 1
6 76 1
6 75 1
6 74 1
6 73 1
5 72 1
4 71 1
4 70 1
4 69 1
4 68 1
4 67 1
4 66 1
4 65 1
4 64 1
4 63 1
4 62 1
5 61 1
5 60 1
5 59 1
5 58 1
5 57 1
5 56 1
6 55 1
6 54 1
6 53 1
6 52 1
6 51 1
6 50 1
5 49 1
5 48 1
5 47 1
5 46 1
5 45 1
5 44 1
5 43 1
5 42 1
5 41 1
5 40 1
5 39 1
5 38 1
6 37 1
6 36 1
6 35 1
6 34 1
6 33 1
6 32 1
6 31 1
6 30 1
6 29 1
6 28 1
6 27 1
6 26 1
6 25 1
6 24 1
6 23 1
6 22 1
6 21 1
6 20 1
6 19 1
6 18 1
6 17 1
6 16 1
6 15 1
6 14 1
7 13 1
.PEN_UP
