.PEN_DOWN
1 35 1
2 35 1
3 36 1
4 37 1
5 38 1
6 39 1
6 40 1
7 41 1
8 41 1
9 42 1
9 43 1
10 44 1
11 45 1
12 46 1
13 47 1
14 48 1
15 49 1
16 50 1
17 51 1
18 52 1
19 53 1
19 54 1
20 55 1
21 56 1
22 57 1
23 58 1
24 59 1
24 60 1
25 61 1
26 62 1
27 63 1
28 64 1
29 65 1
30 66 1
31 66 1
32 66 1
33 66 1
34 65 1
35 64 1
35 63 1
36 62 1
36 61 1
36 60 1
37 59 1
37 58 1
38 57 1
38 56 1
38 55 1
39 54 1
39 53 1
39 52 1
40 51 1
42 51 1
43 51 1
44 51 1
45 51 1
46 52 1
47 52 1
48 52 1
49 52 1
50 52 1
51 52 1
52 52 1
53 52 1
54 52 1
55 52 1
56 51 1
57 52 1
58 53 1
59 53 1
60 53 1
61 54 1
62 54 1
63 55 1
64 56 1
.PEN_UP
.PEN_DOWN
56 50 1
55 49 1
55 48 1
55 47 1
54 46 1
54 45 1
54 44 1
53 43 1
53 42 1
53 41 1
54 40 1
54 39 1
55 38 1
55 37 1
55 36 1
56 35 1
56 34 1
56 33 1
57 32 1
58 31 1
58 30 1
59 29 1
59 28 1
60 27 1
61 26 1
61 25 1
62 24 1
63 23 1
63 22 1
64 21 1
65 20 1
66 19 1
67 18 1
67 17 1
68 16 1
68 15 1
68 14 1
68 13 1
68 12 1
68 11 1
67 10 1
67 9 1
66 8 1
65 7 1
64 6 1
63 5 1
62 4 1
61 4 1
60 3 1
59 2 1
58 1 1
.PEN_UP
.PEN_DOWN
40 50 1
39 49 1
38 49 1
37 48 1
36 48 1
35 48 1
34 48 1
33 47 1
32 47 1
31 46 1
30 46 1
29 45 1
28 44 1
27 43 1
27 42 1
26 41 1
25 40 1
25 39 1
25 38 1
25 37 1
25 36 1
24 35 1
24 34 1
24 33 1
24 32 1
24 31 1
25 30 1
25 29 1
25 28 1
25 27 1
26 26 1
26 25 1
27 24 1
27 23 1
28 22 1
28 21 1
29 20 1
30 19 1
31 18 1
32 17 1
33 17 1
34 18 1
35 19 1
36 20 1
36 21 1
37 22 1
37 23 1
37 24 1
36 25 1
35 26 1
35 27 1
35 28 1
35 29 1
34 30 1
34 31 1
.PEN_UP
