.PEN_DOWN
12 1 1
13 2 1
13 3 1
14 4 1
15 5 1
16 6 1
17 6 1
18 7 1
19 8 1
20 9 1
21 9 1
22 10 1
23 11 1
24 12 1
25 13 1
26 14 1
26 15 1
27 16 1
27 17 1
27 18 1
28 19 1
29 20 1
29 21 1
29 22 1
30 23 1
30 24 1
31 25 1
31 26 1
31 27 1
31 28 1
31 29 1
31 30 1
31 31 1
31 32 1
31 33 1
30 34 1
30 35 1
29 36 1
29 37 1
28 38 1
27 39 1
26 40 1
25 41 1
24 42 1
23 42 1
22 43 1
21 44 1
20 44 1
19 44 1
18 44 1
17 44 1
16 43 1
16 42 1
16 41 1
16 40 1
17 39 1
17 38 1
16 37 1
16 36 1
15 35 1
14 35 1
13 35 1
12 34 1
11 34 1
10 33 1
9 32 1
8 33 1
7 33 1
6 33 1
5 33 1
4 33 1
3 33 1
2 33 1
.PEN_UP
.PEN_DOWN
10 31 1
10 30 1
11 29 1
12 28 1
12 27 1
12 26 1
11 25 1
10 24 1
9 23 1
8 22 1
7 21 1
6 20 1
5 20 1
4 19 1
3 19 1
2 18 1
1 17 1
.PEN_UP
