.PEN_DOWN
7 1 1
7 2 1
7 3 1
7 4 1
7 5 1
7 6 1
7 7 1
7 8 1
7 9 1
7 10 1
7 11 1
7 12 1
7 13 1
7 14 1
7 15 1
7 16 1
7 17 1
7 18 1
7 19 1
7 20 1
7 21 1
7 22 1
7 23 1
6 24 1
6 25 1
6 26 1
6 27 1
6 28 1
6 29 1
6 30 1
6 31 1
6 32 1
6 33 1
6 34 1
6 35 1
6 36 1
6 37 1
6 38 1
6 39 1
6 40 1
5 41 1
5 42 1
6 43 1
6 44 1
6 45 1
7 46 1
8 47 1
9 48 1
12 50 1
13 50 1
14 51 1
15 51 1
16 51 1
17 51 1
18 51 1
19 51 1
20 51 1
21 51 1
22 51 1
23 51 1
24 51 1
25 51 1
26 52 1
27 52 1
28 52 1
29 52 1
30 52 1
31 52 1
32 52 1
33 52 1
34 52 1
35 52 1
36 52 1
37 52 1
38 52 1
39 52 1
40 52 1
41 52 1
42 52 1
43 52 1
44 52 1
45 52 1
46 52 1
47 52 1
48 52 1
49 52 1
50 52 1
51 52 1
52 52 1
53 52 1
54 52 1
55 51 1
55 50 1
55 49 1
54 48 1
54 47 1
54 46 1
53 45 1
52 44 1
52 43 1
51 42 1
50 41 1
50 40 1
49 39 1
49 38 1
48 37 1
48 36 1
47 35 1
47 34 1
46 33 1
46 32 1
45 31 1
45 30 1
45 29 1
44 28 1
43 27 1
43 26 1
42 25 1
42 24 1
42 23 1
41 22 1
41 21 1
41 20 1
41 19 1
40 18 1
40 17 1
40 16 1
40 15 1
39 14 1
39 13 1
38 12 1
38 11 1
38 10 1
38 9 1
37 8 1
36 7 1
35 8 1
34 8 1
33 9 1
32 10 1
32 11 1
31 12 1
31 13 1
30 14 1
29 15 1
28 16 1
28 17 1
28 18 1
27 19 1
27 20 1
26 21 1
26 22 1
25 23 1
25 24 1
24 25 1
23 26 1
23 27 1
22 28 1
22 29 1
21 30 1
21 31 1
20 32 1
20 33 1
19 34 1
18 35 1
18 36 1
17 37 1
16 38 1
16 39 1
15 40 1
14 41 1
13 42 1
13 43 1
13 44 1
13 45 1
13 46 1
12 47 1
11 48 1
8 50 1
7 50 1
6 51 1
5 52 1
5 53 1
5 54 1
5 55 1
5 56 1
5 57 1
5 58 1
5 59 1
4 60 1
4 61 1
4 62 1
4 63 1
4 64 1
4 65 1
4 66 1
4 67 1
4 68 1
4 69 1
4 70 1
4 71 1
4 72 1
4 73 1
4 74 1
4 75 1
4 76 1
4 77 1
4 78 1
4 79 1
4 80 1
4 81 1
4 82 1
4 83 1
4 84 1
3 85 1
3 86 1
3 87 1
3 88 1
3 89 1
3 90 1
4 91 1
4 92 1
3 93 1
3 94 1
3 95 1
2 96 1
2 97 1
2 98 1
1 99 1
1 100 1
.PEN_UP
.PEN_DOWN
37 6 1
38 5 1
38 4 1
38 3 1
.PEN_UP
.PEN_DOWN
63 21 1
62 22 1
61 23 1
61 24 1
61 25 1
62 26 1
63 26 1
64 26 1
65 26 1
66 28 1
66 29 1
66 30 1
66 31 1
67 32 1
68 32 1
69 31 1
70 31 1
71 31 1
72 31 1
73 30 1
74 29 1
75 28 1
76 27 1
76 26 1
77 25 1
77 24 1
78 23 1
78 22 1
78 21 1
78 20 1
78 19 1
78 18 1
78 17 1
78 16 1
77 15 1
77 14 1
76 13 1
75 13 1
74 13 1
73 13 1
72 13 1
71 14 1
70 15 1
69 15 1
68 16 1
67 17 1
65 18 1
64 18 1
63 19 1
63 20 1
.PEN_UP
.PEN_DOWN
66 18 1
68 19 1
68 20 1
68 21 1
68 22 1
67 23 1
65 22 1
64 22 1
.PEN_UP
