.PEN_DOWN
4 1 1
4 2 1
4 3 1
4 4 1
4 5 1
4 6 1
4 7 1
3 8 1
3 9 1
3 10 1
3 11 1
3 12 1
3 13 1
3 14 1
2 15 1
2 16 1
2 17 1
2 18 1
3 19 1
2 20 1
2 21 1
2 22 1
1 23 1
1 24 1
1 25 1
1 26 1
1 27 1
1 28 1
1 29 1
1 30 1
1 31 1
1 32 1
2 33 1
2 34 1
2 35 1
2 36 1
2 37 1
1 38 1
1 39 1
1 40 1
1 41 1
2 42 1
2 43 1
2 44 1
2 45 1
2 46 1
3 47 1
5 47 1
6 47 1
7 47 1
8 47 1
10 49 1
10 50 1
11 51 1
12 52 1
12 53 1
13 54 1
13 55 1
14 56 1
15 57 1
16 57 1
17 58 1
18 57 1
19 57 1
20 57 1
22 58 1
23 58 1
24 58 1
25 59 1
26 60 1
27 60 1
28 60 1
29 60 1
30 60 1
31 60 1
32 59 1
33 59 1
34 59 1
35 58 1
36 58 1
37 57 1
38 56 1
39 55 1
40 54 1
40 53 1
41 52 1
41 51 1
42 50 1
42 49 1
43 48 1
43 47 1
43 46 1
43 45 1
44 44 1
44 43 1
44 42 1
44 41 1
44 40 1
44 39 1
44 38 1
44 37 1
44 36 1
44 35 1
44 34 1
44 33 1
44 32 1
44 31 1
43 30 1
43 29 1
43 28 1
43 27 1
43 26 1
42 25 1
42 24 1
41 23 1
41 22 1
40 21 1
39 20 1
38 19 1
37 19 1
36 19 1
35 18 1
34 18 1
33 18 1
32 18 1
31 18 1
30 18 1
29 19 1
28 19 1
27 20 1
.PEN_UP
.PEN_DOWN
21 56 1
21 55 1
22 54 1
22 53 1
23 52 1
23 51 1
24 50 1
24 49 1
25 48 1
25 47 1
25 46 1
25 45 1
25 44 1
24 43 1
23 43 1
22 43 1
21 43 1
20 43 1
19 43 1
18 43 1
17 43 1
16 44 1
15 44 1
14 44 1
13 45 1
12 45 1
11 46 1
10 46 1
9 47 1
.PEN_UP
.PEN_DOWN
17 59 1
17 60 1
17 61 1
17 62 1
18 63 1
18 64 1
19 65 1
19 66 1
19 67 1
20 68 1
20 69 1
20 70 1
21 71 1
21 72 1
21 73 1
21 74 1
22 75 1
24 75 1
25 75 1
26 75 1
27 75 1
28 75 1
29 76 1
30 76 1
31 76 1
32 76 1
33 76 1
34 76 1
35 76 1
36 76 1
37 76 1
38 76 1
39 76 1
40 76 1
41 76 1
42 76 1
43 77 1
44 77 1
45 77 1
46 77 1
47 77 1
48 78 1
49 78 1
50 78 1
51 78 1
52 78 1
53 79 1
54 79 1
55 79 1
56 79 1
57 79 1
58 79 1
59 79 1
60 80 1
61 80 1
62 80 1
63 81 1
64 81 1
65 81 1
66 81 1
67 82 1
68 83 1
69 83 1
70 83 1
.PEN_UP
.PEN_DOWN
23 75 1
22 77 1
22 78 1
22 79 1
22 80 1
22 81 1
23 82 1
23 83 1
23 84 1
.PEN_UP
.PEN_DOWN
4 47 1
2 49 1
2 50 1
2 51 1
2 52 1
2 53 1
2 54 1
2 55 1
2 56 1
2 57 1
2 58 1
2 59 1
2 60 1
2 61 1
3 62 1
3 63 1
3 64 1
3 65 1
3 66 1
3 67 1
3 68 1
3 69 1
3 70 1
3 71 1
3 72 1
3 73 1
.PEN_UP
