.PEN_DOWN
1 11 1
2 11 1
3 11 1
4 12 1
5 13 1
6 13 1
7 14 1
8 15 1
9 16 1
10 17 1
11 18 1
11 19 1
12 20 1
13 21 1
13 22 1
14 23 1
14 24 1
15 25 1
16 26 1
16 27 1
17 28 1
17 29 1
18 30 1
19 31 1
20 32 1
21 33 1
22 34 1
23 35 1
23 36 1
23 37 1
24 38 1
25 39 1
26 40 1
26 41 1
27 42 1
28 43 1
29 44 1
29 45 1
30 46 1
31 46 1
32 46 1
33 46 1
34 46 1
35 46 1
36 46 1
37 46 1
38 46 1
39 46 1
40 45 1
41 44 1
41 43 1
42 42 1
42 41 1
43 40 1
43 39 1
44 38 1
44 37 1
44 36 1
44 35 1
44 34 1
44 33 1
45 32 1
46 32 1
47 32 1
48 32 1
49 33 1
50 33 1
51 33 1
52 33 1
53 33 1
54 33 1
55 33 1
56 33 1
57 33 1
58 33 1
59 33 1
60 33 1
61 34 1
62 35 1
62 36 1
61 37 1
61 38 1
60 39 1
60 40 1
60 41 1
60 42 1
60 43 1
61 44 1
62 45 1
63 46 1
64 46 1
65 46 1
66 46 1
67 46 1
68 46 1
69 46 1
70 46 1
71 46 1
72 45 1
73 44 1
74 44 1
75 43 1
76 42 1
77 41 1
77 40 1
78 39 1
79 38 1
80 37 1
80 36 1
80 35 1
80 34 1
80 33 1
80 32 1
80 31 1
80 30 1
80 29 1
80 28 1
80 27 1
80 26 1
80 25 1
79 24 1
79 23 1
78 22 1
77 21 1
77 20 1
76 19 1
75 18 1
74 17 1
73 16 1
72 15 1
71 14 1
70 13 1
69 13 1
68 12 1
67 11 1
66 10 1
65 9 1
64 8 1
63 7 1
62 6 1
61 5 1
60 4 1
59 3 1
58 2 1
58 1 1
.PEN_UP
