.PEN_DOWN
46 13 1
46 12 1
46 11 1
46 10 1
46 9 1
46 8 1
46 7 1
45 6 1
45 5 1
44 4 1
43 3 1
42 3 1
41 3 1
40 2 1
39 2 1
38 1 1
37 1 1
36 1 1
35 1 1
34 1 1
33 2 1
32 2 1
31 3 1
30 3 1
29 4 1
28 5 1
27 6 1
26 7 1
25 8 1
24 9 1
23 10 1
22 11 1
22 12 1
21 13 1
20 14 1
20 15 1
19 16 1
19 17 1
18 18 1
18 19 1
18 20 1
19 21 1
19 22 1
19 23 1
19 24 1
19 25 1
20 26 1
21 27 1
22 28 1
23 29 1
24 30 1
25 31 1
26 32 1
27 33 1
28 34 1
29 35 1
30 36 1
30 37 1
31 38 1
32 39 1
33 39 1
34 39 1
35 39 1
36 40 1
37 40 1
38 40 1
39 41 1
40 41 1
.PEN_UP
.PEN_DOWN
30 39 1
29 40 1
28 41 1
27 42 1
27 43 1
26 44 1
26 45 1
26 46 1
26 47 1
26 48 1
26 49 1
26 50 1
26 51 1
26 52 1
27 53 1
28 54 1
28 55 1
29 56 1
30 57 1
30 58 1
31 59 1
32 60 1
33 61 1
34 62 1
34 63 1
35 64 1
35 65 1
36 67 1
37 68 1
38 69 1
39 70 1
40 70 1
41 71 1
42 72 1
43 72 1
.PEN_UP
.PEN_DOWN
34 66 1
33 66 1
32 66 1
31 66 1
30 65 1
29 65 1
28 65 1
27 65 1
26 64 1
25 64 1
24 63 1
23 63 1
22 62 1
21 62 1
20 62 1
19 61 1
18 61 1
17 61 1
16 60 1
15 59 1
14 59 1
13 58 1
12 58 1
11 57 1
10 57 1
9 56 1
8 56 1
7 55 1
6 55 1
5 55 1
4 54 1
4 53 1
3 52 1
3 51 1
.PEN_UP
.PEN_DOWN
4 56 1
4 57 1
3 58 1
3 59 1
3 60 1
3 61 1
3 62 1
2 63 1
2 64 1
2 65 1
2 66 1
2 67 1
2 68 1
2 69 1
2 70 1
2 71 1
2 72 1
2 73 1
2 74 1
3 75 1
3 76 1
3 77 1
3 78 1
3 79 1
3 80 1
3 81 1
3 82 1
3 83 1
3 84 1
3 85 1
3 86 1
3 87 1
4 88 1
4 89 1
4 90 1
4 91 1
4 92 1
4 93 1
4 94 1
3 95 1
3 96 1
3 97 1
3 98 1
2 99 1
2 100 1
2 101 1
2 102 1
3 103 1
3 104 1
2 105 1
2 106 1
1 107 1
.PEN_UP
