.PEN_DOWN
18 24 1
18 25 1
18 26 1
18 27 1
18 28 1
17 29 1
17 30 1
16 31 1
16 32 1
16 33 1
16 34 1
16 35 1
16 36 1
16 37 1
17 38 1
19 37 1
20 36 1
21 36 1
22 36 1
23 35 1
24 34 1
25 33 1
26 32 1
26 31 1
27 30 1
28 29 1
29 28 1
30 27 1
31 26 1
31 25 1
32 24 1
33 23 1
34 22 1
35 21 1
36 20 1
36 19 1
37 18 1
38 17 1
39 16 1
40 15 1
41 14 1
41 13 1
42 12 1
43 11 1
44 10 1
45 9 1
46 9 1
47 8 1
48 8 1
49 7 1
49 6 1
50 5 1
50 4 1
51 3 1
52 2 1
53 1 1
.PEN_UP
.PEN_DOWN
49 9 1
49 10 1
49 11 1
49 12 1
49 13 1
50 14 1
50 15 1
51 16 1
51 17 1
52 18 1
53 19 1
54 20 1
55 21 1
56 22 1
57 22 1
58 23 1
59 24 1
60 24 1
61 25 1
62 26 1
63 27 1
64 28 1
64 29 1
63 30 1
62 30 1
61 30 1
60 30 1
59 31 1
58 31 1
57 31 1
56 31 1
55 32 1
54 32 1
53 32 1
52 33 1
51 33 1
50 33 1
49 33 1
48 34 1
47 35 1
46 35 1
45 36 1
44 37 1
42 36 1
41 36 1
40 37 1
39 37 1
38 37 1
37 37 1
36 38 1
35 38 1
34 38 1
33 39 1
32 39 1
31 39 1
30 40 1
29 40 1
28 40 1
27 41 1
26 41 1
25 41 1
24 41 1
23 41 1
22 41 1
21 42 1
20 42 1
19 42 1
18 42 1
17 41 1
16 42 1
15 42 1
14 43 1
13 44 1
12 45 1
11 46 1
10 47 1
10 48 1
10 49 1
10 50 1
9 51 1
9 52 1
9 53 1
8 54 1
8 55 1
8 56 1
8 57 1
7 58 1
7 59 1
7 60 1
7 61 1
7 62 1
6 63 1
6 64 1
6 65 1
5 66 1
5 67 1
.PEN_UP
.PEN_DOWN
43 37 1
44 39 1
44 40 1
44 41 1
44 42 1
44 43 1
45 44 1
45 45 1
45 46 1
46 47 1
46 48 1
47 49 1
47 50 1
48 51 1
48 52 1
49 53 1
50 54 1
51 54 1
52 54 1
53 54 1
54 54 1
55 54 1
56 54 1
.PEN_UP
.PEN_DOWN
48 54 1
47 55 1
46 55 1
45 55 1
44 55 1
43 56 1
42 56 1
41 56 1
40 56 1
39 57 1
38 57 1
37 58 1
36 58 1
35 59 1
34 59 1
33 59 1
32 60 1
31 60 1
30 61 1
29 61 1
28 62 1
27 62 1
26 62 1
25 63 1
24 63 1
23 63 1
22 64 1
21 64 1
20 64 1
19 64 1
18 65 1
17 66 1
17 67 1
16 68 1
15 69 1
15 70 1
14 71 1
14 72 1
13 73 1
12 74 1
12 75 1
12 76 1
12 77 1
11 78 1
10 79 1
10 80 1
9 81 1
9 82 1
9 83 1
8 84 1
8 85 1
8 86 1
7 87 1
7 88 1
6 89 1
6 90 1
6 91 1
6 92 1
5 93 1
5 94 1
5 95 1
5 96 1
4 97 1
4 98 1
3 99 1
3 100 1
3 101 1
2 102 1
2 103 1
2 104 1
2 105 1
1 106 1
1 107 1
1 108 1
.PEN_UP
