.PEN_DOWN
18 11 1
17 11 1
16 11 1
15 11 1
14 11 1
13 10 1
13 9 1
13 8 1
14 7 1
15 6 1
16 5 1
17 4 1
18 4 1
19 4 1
20 3 1
21 3 1
22 2 1
23 2 1
24 2 1
25 1 1
26 1 1
27 1 1
28 1 1
29 1 1
30 1 1
31 2 1
31 3 1
31 4 1
31 5 1
31 6 1
31 7 1
31 8 1
31 9 1
32 10 1
32 11 1
32 12 1
32 13 1
33 14 1
33 15 1
33 16 1
34 17 1
34 18 1
35 19 1
35 20 1
36 21 1
37 22 1
38 23 1
39 24 1
40 24 1
41 25 1
42 26 1
43 26 1
44 26 1
45 26 1
46 26 1
47 26 1
48 26 1
49 26 1
50 26 1
51 26 1
52 26 1
53 26 1
54 26 1
55 26 1
56 25 1
57 24 1
58 24 1
59 23 1
60 22 1
61 21 1
62 20 1
62 19 1
63 18 1
63 17 1
63 16 1
63 15 1
63 14 1
63 13 1
63 12 1
63 11 1
63 10 1
62 9 1
61 8 1
60 7 1
59 6 1
58 6 1
57 5 1
56 5 1
55 5 1
54 4 1
53 4 1
52 4 1
51 4 1
.PEN_UP
.PEN_DOWN
12 20 1
11 20 1
10 20 1
9 19 1
8 19 1
7 19 1
6 20 1
6 21 1
6 22 1
6 23 1
7 24 1
7 25 1
8 26 1
9 27 1
9 28 1
10 29 1
11 30 1
12 31 1
12 32 1
13 33 1
14 33 1
15 34 1
16 35 1
17 36 1
18 37 1
19 37 1
20 38 1
21 39 1
22 40 1
23 41 1
24 41 1
25 42 1
26 42 1
27 43 1
28 44 1
31 47 1
32 48 1
33 48 1
34 49 1
35 49 1
36 50 1
37 50 1
38 50 1
39 51 1
40 51 1
41 51 1
42 51 1
43 51 1
44 51 1
45 51 1
46 51 1
47 51 1
48 51 1
49 51 1
50 51 1
51 51 1
.PEN_UP
.PEN_DOWN
28 45 1
29 47 1
28 48 1
27 48 1
26 47 1
25 48 1
24 48 1
23 48 1
22 47 1
21 47 1
20 47 1
19 47 1
18 47 1
17 47 1
16 47 1
15 47 1
14 47 1
13 47 1
11 45 1
10 45 1
9 45 1
8 45 1
7 45 1
6 46 1
7 47 1
8 48 1
9 48 1
10 48 1
11 48 1
12 47 1
.PEN_UP
.PEN_DOWN
5 45 1
4 45 1
3 46 1
3 47 1
3 48 1
3 49 1
3 50 1
2 51 1
2 52 1
2 53 1
2 54 1
2 55 1
2 56 1
2 57 1
2 58 1
2 59 1
2 60 1
1 61 1
1 62 1
1 63 1
1 64 1
2 65 1
2 66 1
2 67 1
2 68 1
2 69 1
2 70 1
2 71 1
2 72 1
2 73 1
3 74 1
.PEN_UP
