.PEN_DOWN
4 1 1
4 2 1
4 3 1
4 4 1
4 5 1
4 6 1
4 7 1
5 8 1
5 9 1
5 10 1
5 11 1
5 12 1
5 13 1
5 14 1
5 15 1
5 16 1
5 17 1
5 18 1
5 19 1
5 20 1
6 21 1
7 22 1
8 22 1
9 22 1
10 22 1
11 22 1
12 22 1
13 23 1
14 23 1
15 23 1
16 23 1
17 24 1
18 24 1
19 24 1
20 25 1
21 25 1
22 25 1
23 25 1
24 26 1
25 26 1
26 26 1
27 26 1
28 26 1
29 26 1
30 26 1
31 27 1
32 27 1
33 27 1
34 27 1
35 27 1
36 27 1
37 28 1
38 28 1
39 29 1
39 30 1
40 31 1
40 32 1
39 33 1
38 34 1
37 35 1
37 36 1
36 37 1
35 38 1
34 39 1
33 40 1
32 41 1
31 42 1
30 43 1
29 44 1
28 45 1
27 46 1
27 47 1
27 48 1
28 49 1
28 50 1
29 51 1
30 51 1
31 52 1
32 52 1
33 52 1
34 52 1
35 52 1
36 52 1
37 53 1
38 53 1
39 53 1
40 53 1
41 53 1
42 53 1
43 53 1
44 53 1
45 54 1
46 54 1
47 54 1
48 54 1
49 54 1
50 54 1
51 54 1
52 55 1
53 55 1
54 55 1
55 56 1
56 57 1
56 58 1
57 59 1
57 60 1
57 61 1
57 62 1
57 63 1
57 64 1
57 65 1
57 66 1
57 67 1
57 68 1
57 69 1
.PEN_UP
.PEN_DOWN
6 23 1
5 24 1
5 25 1
5 26 1
5 27 1
5 28 1
5 29 1
5 30 1
5 31 1
4 32 1
4 33 1
4 34 1
4 35 1
4 36 1
4 37 1
4 38 1
4 39 1
3 40 1
3 41 1
3 42 1
3 43 1
3 44 1
3 45 1
3 46 1
3 47 1
2 48 1
2 49 1
2 50 1
2 51 1
2 52 1
2 53 1
1 54 1
1 55 1
1 56 1
1 57 1
1 58 1
1 59 1
2 60 1
.PEN_UP
