.PEN_DOWN
9 21 1
9 22 1
8 23 1
8 24 1
8 25 1
8 26 1
8 27 1
8 28 1
7 29 1
6 30 1
5 30 1
4 31 1
3 31 1
2 30 1
1 29 1
1 28 1
1 27 1
1 26 1
1 25 1
1 24 1
1 23 1
1 22 1
1 21 1
1 20 1
1 19 1
1 18 1
1 17 1
1 16 1
1 15 1
1 14 1
1 13 1
1 12 1
1 11 1
2 10 1
2 9 1
3 8 1
3 7 1
4 6 1
5 5 1
6 4 1
7 3 1
8 2 1
9 1 1
10 1 1
11 1 1
12 1 1
13 1 1
14 2 1
15 2 1
16 3 1
17 3 1
18 4 1
18 5 1
19 6 1
20 7 1
20 8 1
21 9 1
22 10 1
22 11 1
23 12 1
23 13 1
24 14 1
24 15 1
24 16 1
24 17 1
25 18 1
25 19 1
25 20 1
25 21 1
26 22 1
26 23 1
27 24 1
27 25 1
27 26 1
27 27 1
28 28 1
28 29 1
29 30 1
30 31 1
30 32 1
31 33 1
31 34 1
31 35 1
32 36 1
33 37 1
34 38 1
34 39 1
35 40 1
36 41 1
37 42 1
37 43 1
38 44 1
39 45 1
40 46 1
41 46 1
42 46 1
.PEN_UP
