.PEN_DOWN
13 1 1
12 2 1
11 3 1
11 4 1
10 5 1
10 6 1
11 7 1
11 8 1
11 9 1
12 10 1
12 11 1
13 12 1
14 13 1
15 14 1
15 15 1
16 16 1
17 17 1
18 18 1
19 19 1
20 18 1
21 17 1
22 17 1
23 17 1
24 17 1
25 17 1
26 17 1
27 17 1
28 18 1
29 19 1
29 20 1
30 21 1
31 22 1
31 23 1
32 24 1
33 25 1
33 26 1
33 27 1
33 28 1
34 29 1
33 30 1
32 30 1
31 30 1
30 30 1
29 30 1
28 30 1
27 30 1
26 30 1
25 30 1
24 30 1
23 31 1
22 30 1
21 30 1
20 29 1
18 30 1
17 30 1
16 30 1
15 30 1
14 30 1
13 30 1
12 30 1
11 30 1
10 30 1
9 30 1
8 30 1
7 30 1
6 30 1
5 30 1
4 30 1
3 30 1
2 30 1
1 31 1
1 32 1
2 33 1
2 34 1
3 35 1
3 36 1
3 37 1
3 38 1
3 39 1
4 40 1
4 41 1
5 42 1
5 43 1
5 44 1
5 45 1
6 46 1
6 47 1
6 48 1
7 49 1
8 50 1
.PEN_UP
.PEN_DOWN
20 28 1
19 27 1
19 26 1
19 25 1
19 24 1
18 23 1
18 22 1
18 21 1
19 20 1
.PEN_UP
.PEN_DOWN
28 16 1
28 15 1
28 14 1
28 13 1
28 12 1
29 11 1
30 10 1
31 9 1
31 8 1
32 7 1
.PEN_UP
