.PEN_DOWN
7 15 1
7 16 1
7 17 1
6 18 1
6 19 1
5 20 1
5 21 1
5 22 1
4 23 1
4 24 1
4 25 1
3 26 1
3 27 1
3 28 1
2 29 1
2 30 1
2 31 1
2 32 1
2 33 1
2 34 1
2 35 1
2 36 1
2 37 1
2 38 1
1 39 1
1 40 1
1 41 1
2 42 1
1 43 1
.PEN_UP
.PEN_DOWN
11 28 1
12 28 1
13 28 1
14 28 1
15 28 1
16 28 1
17 28 1
18 28 1
19 28 1
20 28 1
21 28 1
22 28 1
23 28 1
24 28 1
25 28 1
26 28 1
27 28 1
28 28 1
29 28 1
30 28 1
31 28 1
32 28 1
33 28 1
34 28 1
35 28 1
36 28 1
37 28 1
38 28 1
39 28 1
40 28 1
41 28 1
42 27 1
43 26 1
44 26 1
45 27 1
46 27 1
47 27 1
48 27 1
49 27 1
50 26 1
51 26 1
.PEN_UP
.PEN_DOWN
42 25 1
41 24 1
41 23 1
40 22 1
39 22 1
38 22 1
37 21 1
36 21 1
35 20 1
34 20 1
33 19 1
33 18 1
32 17 1
31 16 1
31 15 1
31 14 1
31 13 1
31 12 1
31 11 1
31 10 1
31 9 1
32 8 1
32 7 1
33 6 1
34 5 1
35 4 1
36 4 1
37 4 1
38 3 1
39 3 1
40 2 1
41 1 1
.PEN_UP
