.PEN_DOWN
22 1 1
22 2 1
22 3 1
23 4 1
24 5 1
25 6 1
26 7 1
27 8 1
27 9 1
28 10 1
28 11 1
29 12 1
30 13 1
30 14 1
31 15 1
31 16 1
32 17 1
32 18 1
33 19 1
34 20 1
34 21 1
35 22 1
36 23 1
37 24 1
37 25 1
37 26 1
38 27 1
39 28 1
40 29 1
40 30 1
41 31 1
42 32 1
42 33 1
43 34 1
44 35 1
44 36 1
45 37 1
46 38 1
47 39 1
48 40 1
49 41 1
50 42 1
.PEN_UP
.PEN_DOWN
5 34 1
6 35 1
7 36 1
8 37 1
9 38 1
10 38 1
11 38 1
12 37 1
12 36 1
12 35 1
14 34 1
15 34 1
16 34 1
17 34 1
18 34 1
19 34 1
20 34 1
21 34 1
22 35 1
23 35 1
24 36 1
25 37 1
25 38 1
25 39 1
25 40 1
25 41 1
25 42 1
25 43 1
25 44 1
25 45 1
25 46 1
25 47 1
25 48 1
25 49 1
25 50 1
25 51 1
25 52 1
25 53 1
25 54 1
24 55 1
23 56 1
22 56 1
21 57 1
20 57 1
19 58 1
18 58 1
17 59 1
16 59 1
15 59 1
14 59 1
13 59 1
12 59 1
11 59 1
10 58 1
9 58 1
8 57 1
7 56 1
6 55 1
5 54 1
4 53 1
3 52 1
2 51 1
2 50 1
1 49 1
1 48 1
1 47 1
1 46 1
1 45 1
1 44 1
1 43 1
1 42 1
1 41 1
1 40 1
1 39 1
2 38 1
2 37 1
2 36 1
3 35 1
4 35 1
.PEN_UP
.PEN_DOWN
12 34 1
11 33 1
10 33 1
9 33 1
8 32 1
7 32 1
6 33 1
.PEN_UP
