.PEN_DOWN
1 2 1
2 3 1
2 4 1
2 5 1
2 6 1
2 7 1
2 8 1
2 9 1
2 10 1
2 11 1
3 12 1
3 13 1
3 14 1
3 15 1
3 16 1
3 17 1
3 18 1
3 19 1
4 20 1
5 20 1
6 20 1
7 20 1
8 20 1
9 20 1
10 20 1
11 20 1
12 19 1
13 19 1
14 19 1
15 19 1
16 19 1
17 19 1
18 19 1
19 19 1
20 19 1
21 19 1
22 19 1
23 19 1
24 19 1
25 19 1
26 20 1
26 21 1
27 22 1
27 23 1
27 24 1
27 25 1
27 26 1
26 27 1
26 28 1
26 29 1
25 30 1
25 31 1
25 32 1
25 33 1
25 34 1
26 35 1
27 35 1
28 35 1
29 35 1
30 35 1
31 34 1
32 34 1
33 34 1
34 33 1
35 33 1
36 33 1
37 32 1
38 32 1
39 32 1
40 31 1
41 30 1
42 29 1
43 28 1
44 27 1
44 26 1
45 25 1
45 24 1
45 23 1
46 22 1
46 21 1
46 20 1
45 19 1
45 18 1
45 17 1
45 16 1
44 15 1
44 14 1
43 13 1
43 12 1
42 11 1
41 10 1
40 9 1
39 8 1
38 7 1
37 6 1
36 6 1
35 5 1
34 5 1
33 4 1
32 4 1
31 3 1
30 3 1
29 3 1
28 3 1
27 2 1
26 2 1
25 2 1
24 1 1
23 1 1
22 1 1
21 1 1
20 1 1
19 1 1
18 1 1
17 2 1
.PEN_UP
.PEN_DOWN
3 21 1
2 22 1
2 23 1
2 24 1
2 25 1
2 26 1
2 27 1
2 28 1
2 29 1
2 30 1
2 31 1
2 32 1
2 33 1
2 34 1
2 35 1
2 36 1
2 37 1
2 38 1
2 39 1
2 40 1
2 41 1
2 42 1
.PEN_UP
