.PEN_DOWN
4 1 1
4 2 1
3 3 1
3 4 1
3 5 1
3 6 1
3 7 1
3 8 1
3 9 1
3 10 1
2 11 1
2 12 1
2 13 1
3 14 1
4 15 1
5 15 1
6 15 1
7 15 1
8 15 1
9 14 1
10 14 1
11 14 1
12 14 1
13 14 1
14 14 1
15 14 1
16 14 1
17 14 1
18 14 1
19 13 1
20 13 1
21 13 1
22 13 1
23 13 1
24 13 1
25 13 1
26 13 1
27 13 1
28 14 1
30 14 1
31 14 1
32 14 1
33 14 1
34 14 1
35 14 1
36 14 1
37 14 1
38 14 1
39 15 1
40 15 1
41 15 1
42 16 1
43 16 1
44 17 1
45 18 1
46 19 1
47 20 1
48 21 1
48 22 1
48 23 1
48 24 1
48 25 1
48 26 1
48 27 1
47 28 1
47 29 1
46 30 1
45 31 1
45 32 1
44 33 1
43 33 1
42 34 1
41 35 1
40 36 1
39 36 1
38 36 1
37 37 1
36 37 1
35 36 1
34 36 1
33 36 1
32 36 1
31 35 1
30 35 1
29 34 1
28 33 1
28 32 1
27 31 1
27 30 1
26 29 1
26 28 1
26 27 1
26 26 1
26 25 1
26 24 1
26 23 1
26 22 1
26 21 1
26 20 1
26 19 1
27 18 1
27 17 1
27 16 1
28 15 1
.PEN_UP
.PEN_DOWN
3 16 1
3 17 1
3 18 1
2 19 1
2 20 1
2 21 1
2 22 1
2 23 1
2 24 1
2 25 1
2 26 1
2 27 1
2 28 1
2 29 1
2 30 1
2 31 1
2 32 1
2 33 1
2 34 1
1 35 1
1 36 1
1 37 1
1 38 1
1 39 1
1 40 1
1 41 1
1 42 1
1 43 1
1 44 1
1 45 1
1 46 1
1 47 1
1 48 1
1 49 1
.PEN_UP
