.PEN_DOWN
2 9 1
3 8 1
4 7 1
5 6 1
6 5 1
7 5 1
8 4 1
9 4 1
10 3 1
11 3 1
12 3 1
13 3 1
14 2 1
15 2 1
16 2 1
17 2 1
18 2 1
19 2 1
20 2 1
21 2 1
22 1 1
23 1 1
24 1 1
25 1 1
26 1 1
27 1 1
28 1 1
29 2 1
30 2 1
31 2 1
32 3 1
33 3 1
34 4 1
35 4 1
36 5 1
37 5 1
38 6 1
39 7 1
40 8 1
40 9 1
41 10 1
41 11 1
41 12 1
41 13 1
41 14 1
41 15 1
41 16 1
40 17 1
40 18 1
40 19 1
39 20 1
39 21 1
39 22 1
38 23 1
38 24 1
38 25 1
37 26 1
37 27 1
37 28 1
36 29 1
35 30 1
35 31 1
35 32 1
34 33 1
34 34 1
33 35 1
32 36 1
31 38 1
31 39 1
30 40 1
30 41 1
30 42 1
30 43 1
30 44 1
29 45 1
29 46 1
29 47 1
28 48 1
28 49 1
28 50 1
28 51 1
27 52 1
27 53 1
27 54 1
.PEN_UP
.PEN_DOWN
31 36 1
30 35 1
29 34 1
29 33 1
29 32 1
29 31 1
29 30 1
28 29 1
28 28 1
28 27 1
28 26 1
28 25 1
27 24 1
27 23 1
26 22 1
26 21 1
25 20 1
25 19 1
24 18 1
23 18 1
22 17 1
21 17 1
20 16 1
19 16 1
18 16 1
17 16 1
16 17 1
15 17 1
14 18 1
13 18 1
12 19 1
11 19 1
10 20 1
9 21 1
8 22 1
7 23 1
6 23 1
5 24 1
4 25 1
3 26 1
2 27 1
2 28 1
1 29 1
1 30 1
1 31 1
1 32 1
1 33 1
1 34 1
1 35 1
1 36 1
1 37 1
1 38 1
1 39 1
1 40 1
1 41 1
1 42 1
1 43 1
2 44 1
2 45 1
2 46 1
2 47 1
2 48 1
2 49 1
2 50 1
2 51 1
3 52 1
3 53 1
.PEN_UP
.PEN_DOWN
8 24 1
9 25 1
9 26 1
10 27 1
10 28 1
9 29 1
9 30 1
9 31 1
9 32 1
9 33 1
9 34 1
8 35 1
8 36 1
8 37 1
8 38 1
8 39 1
8 40 1
.PEN_UP
