.PEN_DOWN
8 2 1
8 3 1
7 4 1
7 5 1
7 6 1
6 7 1
5 8 1
5 9 1
5 10 1
5 11 1
5 12 1
5 13 1
5 14 1
4 15 1
4 16 1
4 17 1
4 18 1
4 19 1
4 20 1
4 21 1
4 22 1
3 23 1
3 24 1
3 25 1
3 26 1
3 27 1
3 28 1
3 29 1
3 30 1
3 31 1
3 32 1
3 33 1
3 34 1
3 35 1
3 36 1
2 37 1
2 38 1
3 39 1
3 40 1
3 41 1
3 42 1
3 43 1
3 44 1
3 45 1
3 46 1
2 47 1
2 48 1
2 49 1
2 50 1
2 51 1
2 52 1
2 53 1
2 54 1
2 55 1
2 56 1
2 57 1
2 58 1
2 59 1
2 60 1
2 61 1
2 62 1
2 63 1
2 64 1
2 65 1
2 66 1
1 67 1
1 68 1
1 69 1
1 70 1
1 71 1
1 72 1
1 73 1
1 74 1
1 75 1
1 76 1
1 77 1
1 78 1
1 79 1
1 80 1
1 81 1
1 82 1
2 83 1
2 84 1
2 85 1
2 86 1
2 87 1
2 88 1
2 89 1
2 90 1
1 91 1
1 92 1
1 93 1
1 94 1
1 95 1
1 96 1
1 97 1
1 98 1
1 99 1
2 100 1
1 101 1
1 102 1
1 103 1
.PEN_UP
.PEN_DOWN
23 1 1
24 1 1
25 1 1
26 1 1
27 2 1
28 2 1
29 3 1
30 3 1
31 4 1
32 4 1
33 4 1
34 5 1
35 5 1
36 5 1
37 6 1
38 6 1
39 6 1
40 7 1
41 8 1
42 8 1
43 9 1
44 9 1
45 10 1
46 10 1
47 10 1
48 11 1
49 12 1
50 12 1
51 13 1
52 14 1
53 14 1
54 15 1
55 16 1
56 17 1
57 17 1
58 18 1
58 19 1
59 20 1
60 20 1
61 21 1
61 22 1
62 23 1
63 24 1
64 25 1
64 26 1
65 27 1
66 28 1
67 29 1
67 30 1
67 31 1
67 32 1
68 33 1
68 34 1
68 35 1
69 36 1
69 37 1
69 38 1
69 39 1
69 40 1
69 41 1
70 42 1
70 43 1
69 44 1
69 45 1
69 46 1
69 47 1
69 48 1
69 49 1
68 50 1
68 51 1
67 52 1
67 53 1
66 54 1
65 55 1
65 56 1
64 57 1
63 58 1
62 59 1
61 59 1
60 60 1
59 61 1
58 61 1
57 62 1
56 62 1
55 63 1
54 63 1
53 63 1
52 63 1
51 64 1
50 64 1
49 65 1
48 64 1
47 64 1
46 64 1
45 64 1
44 64 1
43 64 1
42 64 1
41 65 1
40 65 1
39 65 1
38 65 1
37 64 1
36 64 1
35 64 1
34 63 1
33 63 1
32 62 1
31 62 1
30 61 1
29 61 1
28 60 1
27 59 1
26 58 1
25 57 1
25 56 1
25 55 1
24 54 1
23 53 1
23 52 1
22 51 1
22 50 1
22 49 1
22 48 1
22 47 1
22 46 1
22 45 1
22 44 1
22 43 1
23 42 1
24 41 1
24 40 1
25 39 1
26 38 1
27 37 1
28 37 1
29 36 1
30 35 1
31 35 1
32 35 1
33 36 1
34 36 1
35 37 1
36 38 1
37 38 1
.PEN_UP
.PEN_DOWN
49 66 1
49 67 1
49 68 1
50 69 1
51 70 1
52 71 1
53 72 1
54 73 1
55 74 1
56 75 1
57 75 1
58 76 1
58 77 1
59 78 1
59 79 1
61 80 1
62 81 1
63 81 1
64 82 1
65 82 1
66 82 1
67 82 1
68 83 1
69 84 1
.PEN_UP
.PEN_DOWN
59 80 1
58 81 1
57 81 1
56 81 1
55 81 1
54 81 1
53 81 1
52 81 1
51 81 1
50 81 1
49 81 1
48 81 1
47 81 1
46 81 1
45 81 1
44 81 1
43 81 1
42 81 1
41 81 1
40 81 1
39 81 1
38 81 1
37 81 1
36 81 1
35 81 1
34 81 1
33 81 1
32 81 1
31 81 1
30 81 1
29 81 1
28 81 1
27 81 1
26 80 1
.PEN_UP
