.PEN_DOWN
4 1 1
4 2 1
4 3 1
4 4 1
4 5 1
4 6 1
4 7 1
5 8 1
5 9 1
5 10 1
5 11 1
5 12 1
5 13 1
5 14 1
5 15 1
5 16 1
5 17 1
5 18 1
6 19 1
6 20 1
6 21 1
6 22 1
6 23 1
6 24 1
6 25 1
6 26 1
6 27 1
5 28 1
6 29 1
5 30 1
5 31 1
5 32 1
5 33 1
5 34 1
5 35 1
4 36 1
4 37 1
4 38 1
4 39 1
4 40 1
4 41 1
3 42 1
3 43 1
3 44 1
3 45 1
3 46 1
3 47 1
3 48 1
3 49 1
3 50 1
2 51 1
2 52 1
2 53 1
2 54 1
2 55 1
2 56 1
2 57 1
1 58 1
1 59 1
1 60 1
1 61 1
1 62 1
1 63 1
2 64 1
.PEN_UP
.PEN_DOWN
7 29 1
8 29 1
9 29 1
10 30 1
11 30 1
12 30 1
13 29 1
13 28 1
12 27 1
12 26 1
12 25 1
12 24 1
12 23 1
12 22 1
13 21 1
13 20 1
13 19 1
13 18 1
14 17 1
14 16 1
14 15 1
15 14 1
16 13 1
17 12 1
18 12 1
19 12 1
20 12 1
21 13 1
21 14 1
22 15 1
22 16 1
22 17 1
22 18 1
22 19 1
22 20 1
22 21 1
22 22 1
22 23 1
22 24 1
22 25 1
22 26 1
21 27 1
21 28 1
21 29 1
20 30 1
19 31 1
18 31 1
17 31 1
16 32 1
15 32 1
14 32 1
13 33 1
12 34 1
12 35 1
12 36 1
12 37 1
12 38 1
12 39 1
13 40 1
13 41 1
13 42 1
13 43 1
14 44 1
15 45 1
15 46 1
16 47 1
17 47 1
18 48 1
19 48 1
20 48 1
21 49 1
22 48 1
23 48 1
24 48 1
25 48 1
26 48 1
27 47 1
28 47 1
29 47 1
30 47 1
31 46 1
32 45 1
33 45 1
34 44 1
35 44 1
36 43 1
37 42 1
38 42 1
39 41 1
40 40 1
41 39 1
42 38 1
43 37 1
44 36 1
45 35 1
46 34 1
46 33 1
47 32 1
48 31 1
48 30 1
49 29 1
50 28 1
51 28 1
52 27 1
53 25 1
54 24 1
54 23 1
54 22 1
55 21 1
55 20 1
55 19 1
.PEN_UP
.PEN_DOWN
53 26 1
54 28 1
55 29 1
55 30 1
55 31 1
55 32 1
56 33 1
56 34 1
57 35 1
57 36 1
57 37 1
58 38 1
59 39 1
59 40 1
60 41 1
60 42 1
61 43 1
61 44 1
61 45 1
62 46 1
62 47 1
62 48 1
63 49 1
64 50 1
64 51 1
64 52 1
64 53 1
64 54 1
63 55 1
.PEN_UP
