.PEN_DOWN
6 8 1
7 9 1
8 10 1
9 10 1
10 11 1
10 12 1
11 13 1
12 13 1
13 14 1
14 15 1
15 16 1
15 17 1
16 18 1
17 19 1
17 20 1
18 21 1
18 22 1
19 23 1
19 24 1
19 25 1
19 26 1
19 27 1
19 28 1
19 29 1
19 30 1
19 31 1
19 32 1
19 33 1
19 34 1
19 35 1
19 36 1
18 37 1
18 38 1
19 39 1
18 40 1
17 41 1
16 42 1
16 43 1
16 44 1
16 45 1
15 46 1
15 47 1
15 48 1
14 49 1
14 50 1
14 51 1
13 52 1
12 53 1
11 53 1
10 53 1
9 54 1
8 54 1
7 54 1
6 54 1
5 53 1
4 53 1
3 52 1
2 51 1
1 50 1
1 49 1
1 48 1
1 47 1
1 46 1
1 45 1
2 44 1
3 43 1
4 42 1
5 42 1
6 42 1
7 42 1
8 41 1
9 41 1
10 41 1
11 41 1
12 41 1
13 41 1
14 41 1
15 41 1
.PEN_UP
.PEN_DOWN
20 40 1
21 41 1
22 41 1
23 41 1
24 42 1
25 42 1
26 43 1
27 44 1
28 45 1
29 45 1
30 46 1
31 47 1
32 47 1
33 47 1
34 48 1
35 49 1
36 49 1
37 49 1
38 50 1
39 50 1
40 50 1
41 49 1
42 48 1
43 47 1
43 46 1
43 45 1
43 44 1
43 43 1
43 42 1
43 41 1
43 40 1
42 39 1
42 38 1
42 37 1
41 36 1
41 35 1
41 34 1
41 33 1
41 32 1
40 31 1
40 30 1
40 29 1
39 28 1
39 27 1
39 26 1
38 25 1
38 24 1
38 23 1
37 22 1
37 21 1
37 20 1
36 19 1
36 18 1
36 17 1
35 16 1
35 15 1
34 14 1
34 13 1
33 12 1
33 11 1
33 10 1
32 9 1
32 8 1
32 7 1
31 6 1
31 5 1
30 4 1
30 3 1
31 2 1
31 1 1
.PEN_UP
