.PEN_DOWN
4 1 1
4 2 1
4 3 1
4 4 1
4 5 1
4 6 1
4 7 1
4 8 1
4 9 1
4 10 1
4 11 1
4 12 1
4 13 1
4 14 1
3 15 1
3 16 1
3 17 1
3 18 1
3 19 1
3 20 1
3 21 1
3 22 1
3 23 1
3 24 1
3 25 1
3 26 1
3 27 1
4 28 1
6 28 1
7 28 1
8 27 1
9 27 1
10 27 1
11 27 1
12 26 1
13 26 1
14 26 1
15 25 1
16 25 1
17 25 1
18 24 1
19 24 1
20 23 1
21 23 1
22 23 1
23 22 1
24 22 1
25 22 1
26 22 1
27 22 1
28 22 1
29 22 1
30 22 1
31 22 1
32 22 1
33 23 1
34 24 1
34 25 1
34 26 1
35 27 1
35 28 1
35 29 1
35 30 1
34 31 1
34 32 1
33 33 1
33 35 1
33 36 1
33 37 1
33 38 1
33 39 1
32 40 1
31 41 1
30 41 1
29 41 1
28 41 1
27 41 1
26 40 1
26 39 1
26 38 1
26 37 1
26 36 1
26 35 1
27 34 1
28 33 1
29 33 1
30 33 1
31 33 1
32 33 1
.PEN_UP
.PEN_DOWN
5 28 1
4 30 1
3 31 1
2 32 1
2 33 1
2 34 1
2 35 1
2 36 1
2 37 1
2 38 1
2 39 1
2 40 1
2 41 1
2 42 1
2 43 1
2 44 1
2 45 1
2 46 1
2 47 1
2 48 1
2 49 1
2 50 1
2 51 1
2 52 1
3 53 1
3 54 1
2 55 1
1 56 1
.PEN_UP
