.PEN_DOWN
15 1 1
14 2 1
13 3 1
12 4 1
11 5 1
10 6 1
9 7 1
9 8 1
9 9 1
8 10 1
8 11 1
7 12 1
7 13 1
6 14 1
6 15 1
6 16 1
5 17 1
5 18 1
5 19 1
5 20 1
5 21 1
5 22 1
5 23 1
5 24 1
5 25 1
5 26 1
5 27 1
6 28 1
6 29 1
7 30 1
8 31 1
9 32 1
10 33 1
11 33 1
12 34 1
13 34 1
14 35 1
15 35 1
16 36 1
17 37 1
19 37 1
20 37 1
21 37 1
22 38 1
22 39 1
22 40 1
23 41 1
23 42 1
23 43 1
23 44 1
23 45 1
24 46 1
25 47 1
26 48 1
27 48 1
28 48 1
29 48 1
30 47 1
31 46 1
32 45 1
32 44 1
32 43 1
32 42 1
31 41 1
31 40 1
30 39 1
29 38 1
28 38 1
27 38 1
26 38 1
25 37 1
25 35 1
26 34 1
26 33 1
26 32 1
27 31 1
27 30 1
28 29 1
29 28 1
30 27 1
31 26 1
.PEN_UP
.PEN_DOWN
18 37 1
16 39 1
15 40 1
15 41 1
14 42 1
13 43 1
13 44 1
13 45 1
13 46 1
13 47 1
13 48 1
13 49 1
13 50 1
13 51 1
.PEN_UP
.PEN_DOWN
7 61 1
8 61 1
9 61 1
10 62 1
11 62 1
12 62 1
13 62 1
14 62 1
15 62 1
16 62 1
17 62 1
18 62 1
19 62 1
20 62 1
21 62 1
22 62 1
23 62 1
24 62 1
25 62 1
26 62 1
27 62 1
28 62 1
29 62 1
30 62 1
31 62 1
32 62 1
33 62 1
34 62 1
35 62 1
36 62 1
37 61 1
38 61 1
39 61 1
40 61 1
41 61 1
42 61 1
43 60 1
.PEN_UP
.PEN_DOWN
4 68 1
3 69 1
2 70 1
2 71 1
2 72 1
1 73 1
1 74 1
1 75 1
1 76 1
1 77 1
1 78 1
1 79 1
1 80 1
1 81 1
1 82 1
2 83 1
2 84 1
2 85 1
3 86 1
.PEN_UP
