.PEN_DOWN
10 1 1
10 2 1
10 3 1
10 4 1
10 5 1
9 6 1
9 7 1
9 8 1
9 9 1
8 10 1
8 11 1
8 12 1
8 13 1
8 14 1
8 15 1
8 16 1
8 17 1
8 18 1
8 19 1
8 20 1
8 21 1
8 22 1
8 23 1
8 24 1
8 25 1
8 26 1
8 27 1
8 28 1
8 29 1
9 30 1
10 30 1
11 30 1
12 30 1
13 30 1
14 30 1
15 30 1
16 30 1
17 30 1
18 30 1
19 30 1
20 31 1
21 31 1
22 31 1
23 31 1
24 31 1
26 32 1
27 33 1
28 33 1
29 34 1
30 35 1
30 36 1
.PEN_UP
.PEN_DOWN
25 30 1
25 29 1
25 28 1
25 27 1
25 26 1
25 25 1
25 24 1
25 23 1
25 22 1
26 21 1
26 20 1
26 19 1
26 18 1
27 17 1
27 16 1
28 15 1
29 14 1
29 13 1
30 12 1
31 11 1
32 11 1
33 11 1
34 11 1
35 12 1
35 13 1
36 14 1
36 15 1
37 16 1
37 17 1
37 18 1
37 19 1
37 20 1
38 21 1
38 22 1
38 23 1
38 24 1
38 25 1
39 26 1
39 27 1
39 28 1
40 29 1
40 30 1
40 31 1
40 32 1
41 33 1
41 34 1
41 35 1
42 36 1
43 37 1
44 38 1
45 39 1
46 39 1
47 39 1
48 40 1
49 39 1
50 39 1
51 39 1
52 39 1
53 38 1
54 37 1
55 36 1
55 35 1
56 34 1
56 33 1
56 32 1
56 31 1
57 30 1
59 30 1
60 30 1
61 30 1
62 31 1
63 32 1
64 32 1
65 33 1
66 33 1
67 34 1
68 34 1
69 35 1
70 36 1
71 36 1
72 37 1
72 38 1
72 39 1
72 40 1
73 41 1
73 42 1
73 43 1
73 44 1
73 45 1
73 46 1
73 47 1
.PEN_UP
.PEN_DOWN
57 29 1
57 28 1
57 27 1
56 26 1
56 25 1
56 24 1
56 23 1
56 22 1
56 21 1
55 20 1
55 19 1
.PEN_UP
.PEN_DOWN
8 31 1
8 32 1
8 33 1
8 34 1
8 35 1
8 36 1
8 37 1
8 38 1
8 39 1
8 40 1
8 41 1
8 42 1
8 43 1
8 44 1
8 45 1
8 46 1
9 47 1
9 48 1
9 49 1
9 50 1
9 51 1
9 52 1
9 53 1
9 54 1
9 55 1
9 56 1
9 57 1
9 58 1
10 59 1
11 59 1
13 58 1
14 58 1
15 57 1
16 57 1
17 56 1
18 55 1
19 55 1
20 56 1
21 57 1
.PEN_UP
.PEN_DOWN
12 59 1
12 61 1
12 62 1
12 63 1
12 64 1
12 65 1
11 66 1
10 67 1
10 68 1
10 69 1
10 70 1
10 71 1
10 72 1
10 73 1
10 74 1
10 75 1
10 76 1
10 77 1
10 78 1
10 79 1
10 80 1
10 81 1
10 82 1
10 83 1
11 84 1
11 85 1
11 86 1
11 87 1
11 88 1
11 89 1
11 90 1
11 91 1
11 92 1
11 93 1
11 94 1
11 95 1
12 96 1
14 96 1
15 96 1
16 96 1
17 96 1
18 96 1
19 96 1
20 96 1
21 97 1
22 97 1
23 97 1
24 97 1
25 97 1
26 97 1
27 97 1
28 97 1
29 97 1
30 97 1
31 97 1
32 97 1
33 97 1
35 99 1
36 99 1
37 99 1
38 99 1
39 100 1
40 100 1
41 100 1
42 100 1
43 101 1
44 101 1
45 101 1
46 101 1
47 101 1
48 102 1
49 102 1
50 102 1
51 102 1
52 102 1
53 102 1
54 103 1
55 103 1
56 104 1
.PEN_UP
.PEN_DOWN
34 96 1
34 95 1
34 94 1
34 93 1
34 92 1
35 91 1
35 90 1
34 89 1
34 88 1
34 87 1
34 86 1
34 85 1
34 84 1
34 83 1
34 82 1
34 81 1
34 80 1
34 79 1
35 78 1
35 77 1
35 76 1
35 75 1
35 74 1
35 73 1
36 72 1
36 71 1
36 70 1
38 70 1
39 70 1
40 70 1
41 70 1
42 71 1
43 71 1
44 72 1
45 73 1
46 73 1
47 74 1
48 75 1
49 75 1
50 76 1
51 77 1
51 78 1
52 79 1
52 80 1
.PEN_UP
.PEN_DOWN
36 69 1
36 67 1
36 66 1
35 65 1
34 64 1
33 65 1
32 65 1
31 65 1
30 66 1
29 66 1
28 67 1
27 68 1
26 68 1
25 68 1
24 68 1
23 69 1
22 69 1
21 69 1
20 69 1
19 69 1
18 69 1
17 69 1
16 68 1
15 67 1
14 67 1
13 66 1
.PEN_UP
.PEN_DOWN
35 63 1
35 62 1
35 61 1
36 60 1
37 59 1
.PEN_UP
.PEN_DOWN
13 96 1
12 98 1
12 99 1
12 100 1
12 101 1
12 102 1
12 103 1
12 104 1
12 105 1
12 106 1
12 107 1
12 108 1
12 109 1
12 110 1
12 111 1
12 112 1
12 113 1
12 114 1
12 115 1
12 116 1
13 117 1
13 118 1
13 119 1
13 120 1
13 121 1
13 122 1
13 123 1
13 124 1
13 125 1
13 126 1
13 127 1
13 128 1
13 129 1
13 130 1
13 131 1
14 132 1
14 133 1
15 134 1
17 135 1
18 135 1
19 135 1
20 135 1
21 136 1
22 136 1
23 136 1
24 136 1
25 137 1
26 137 1
27 137 1
28 138 1
29 138 1
30 138 1
31 138 1
32 138 1
33 138 1
34 138 1
35 139 1
39 141 1
40 141 1
41 141 1
42 141 1
43 140 1
44 140 1
45 140 1
46 140 1
47 140 1
48 139 1
49 138 1
49 137 1
49 136 1
49 135 1
48 134 1
48 133 1
48 132 1
47 131 1
46 130 1
45 129 1
44 128 1
43 128 1
42 128 1
41 127 1
40 127 1
39 127 1
38 128 1
37 129 1
37 130 1
37 131 1
37 132 1
36 133 1
36 134 1
36 135 1
36 136 1
36 137 1
36 138 1
.PEN_UP
.PEN_DOWN
36 139 1
37 143 1
37 144 1
37 145 1
37 146 1
38 147 1
38 148 1
38 149 1
38 150 1
38 151 1
38 152 1
38 153 1
38 154 1
38 155 1
38 156 1
38 157 1
38 158 1
38 159 1
38 160 1
38 161 1
38 162 1
38 163 1
36 164 1
35 164 1
34 164 1
33 164 1
32 164 1
31 164 1
30 164 1
29 164 1
28 163 1
27 163 1
26 163 1
25 163 1
24 162 1
23 162 1
22 162 1
21 162 1
20 162 1
19 162 1
18 162 1
17 162 1
16 162 1
15 164 1
14 165 1
14 166 1
14 167 1
14 168 1
14 169 1
14 170 1
14 171 1
14 172 1
14 173 1
14 174 1
14 175 1
14 176 1
15 177 1
15 178 1
.PEN_UP
.PEN_DOWN
14 160 1
14 159 1
12 158 1
11 158 1
10 158 1
9 158 1
8 158 1
7 157 1
6 157 1
5 156 1
4 156 1
3 156 1
2 155 1
1 154 1
.PEN_UP
.PEN_DOWN
13 158 1
14 156 1
14 155 1
14 154 1
14 153 1
14 152 1
14 151 1
14 150 1
14 149 1
14 148 1
14 147 1
14 146 1
14 145 1
14 144 1
14 143 1
14 142 1
14 141 1
14 140 1
14 139 1
14 138 1
14 137 1
15 136 1
.PEN_UP
.PEN_DOWN
37 164 1
39 165 1
40 166 1
41 166 1
42 166 1
43 167 1
44 167 1
45 167 1
46 168 1
47 168 1
48 168 1
49 168 1
50 169 1
51 169 1
52 170 1
53 170 1
.PEN_UP
