.PEN_DOWN
41 1 1
41 2 1
42 3 1
42 4 1
43 5 1
43 6 1
43 7 1
44 8 1
44 9 1
44 10 1
46 11 1
47 11 1
48 11 1
49 11 1
50 12 1
51 13 1
.PEN_UP
.PEN_DOWN
44 11 1
44 13 1
44 14 1
44 15 1
44 16 1
44 17 1
43 18 1
43 19 1
43 20 1
43 21 1
43 22 1
43 23 1
43 24 1
43 25 1
43 26 1
43 27 1
43 28 1
42 31 1
42 32 1
42 33 1
42 34 1
42 35 1
42 36 1
42 37 1
42 38 1
42 39 1
42 40 1
41 41 1
41 42 1
41 43 1
41 44 1
41 45 1
41 46 1
41 47 1
41 48 1
41 49 1
41 50 1
41 51 1
41 52 1
41 53 1
41 54 1
43 55 1
44 55 1
45 55 1
46 55 1
47 55 1
48 55 1
49 55 1
50 55 1
51 55 1
52 55 1
53 56 1
54 56 1
55 56 1
56 56 1
57 56 1
58 56 1
59 56 1
61 57 1
62 57 1
63 57 1
64 57 1
65 57 1
66 57 1
67 58 1
68 58 1
69 59 1
70 59 1
71 59 1
72 59 1
73 60 1
74 60 1
75 60 1
76 61 1
77 61 1
78 61 1
79 62 1
80 63 1
.PEN_UP
.PEN_DOWN
60 55 1
60 54 1
60 53 1
60 52 1
60 51 1
60 50 1
60 49 1
59 48 1
59 47 1
59 46 1
59 45 1
58 44 1
58 43 1
58 42 1
58 41 1
58 40 1
58 39 1
58 38 1
58 37 1
58 36 1
58 35 1
58 34 1
58 33 1
58 32 1
58 31 1
59 30 1
59 29 1
58 28 1
57 29 1
56 29 1
55 29 1
54 29 1
53 30 1
52 30 1
51 30 1
50 30 1
49 30 1
48 30 1
47 30 1
46 30 1
45 30 1
44 29 1
.PEN_UP
.PEN_DOWN
59 27 1
60 26 1
63 27 1
64 27 1
65 28 1
66 29 1
67 30 1
67 31 1
68 32 1
69 33 1
70 34 1
71 35 1
72 35 1
73 36 1
74 37 1
75 37 1
76 37 1
77 37 1
78 37 1
79 37 1
80 36 1
81 36 1
82 35 1
82 34 1
83 33 1
83 32 1
84 31 1
84 30 1
84 29 1
84 28 1
84 27 1
84 26 1
84 25 1
84 24 1
84 23 1
84 22 1
83 21 1
83 20 1
83 19 1
83 18 1
83 17 1
83 16 1
83 15 1
82 14 1
81 13 1
81 12 1
.PEN_UP
.PEN_DOWN
61 25 1
61 24 1
61 23 1
61 22 1
61 21 1
62 20 1
.PEN_UP
.PEN_DOWN
41 55 1
40 56 1
40 57 1
40 58 1
40 59 1
40 60 1
40 61 1
40 62 1
40 63 1
40 64 1
41 65 1
41 66 1
41 67 1
41 68 1
41 69 1
42 70 1
42 71 1
42 72 1
42 73 1
42 74 1
42 75 1
42 76 1
41 77 1
40 81 1
40 82 1
40 83 1
40 84 1
40 85 1
40 86 1
40 87 1
38 89 1
37 89 1
36 90 1
36 91 1
35 92 1
34 93 1
33 93 1
32 94 1
31 94 1
30 95 1
29 95 1
28 96 1
27 96 1
26 96 1
25 96 1
24 97 1
23 97 1
22 97 1
21 97 1
20 97 1
19 97 1
16 97 1
15 97 1
14 97 1
13 97 1
12 97 1
11 96 1
10 96 1
9 96 1
8 96 1
7 95 1
6 95 1
5 95 1
4 94 1
3 94 1
2 93 1
2 92 1
1 91 1
1 90 1
2 89 1
2 88 1
3 87 1
4 86 1
5 85 1
6 84 1
7 84 1
8 84 1
9 83 1
10 83 1
11 83 1
12 83 1
13 84 1
14 85 1
15 86 1
16 87 1
17 88 1
17 89 1
17 90 1
18 91 1
18 92 1
18 93 1
18 94 1
18 95 1
18 96 1
18 99 1
18 100 1
18 101 1
18 102 1
17 103 1
.PEN_UP
.PEN_DOWN
39 88 1
42 89 1
42 90 1
42 91 1
42 92 1
42 93 1
42 94 1
42 95 1
41 96 1
41 97 1
41 98 1
41 99 1
41 100 1
41 101 1
41 102 1
41 103 1
41 104 1
41 105 1
41 106 1
41 107 1
41 108 1
41 109 1
41 110 1
42 111 1
42 113 1
42 114 1
42 115 1
42 116 1
42 117 1
42 118 1
41 119 1
41 120 1
41 121 1
41 122 1
41 123 1
41 124 1
41 125 1
42 126 1
42 127 1
42 128 1
42 129 1
43 130 1
44 130 1
45 130 1
46 130 1
47 130 1
48 130 1
49 130 1
50 130 1
51 130 1
52 129 1
53 128 1
54 128 1
55 127 1
56 126 1
57 125 1
58 125 1
59 124 1
60 124 1
63 125 1
64 126 1
65 127 1
66 128 1
67 128 1
68 129 1
69 129 1
70 130 1
71 130 1
72 131 1
73 131 1
74 132 1
75 132 1
76 132 1
77 133 1
78 133 1
79 134 1
80 135 1
81 136 1
82 137 1
82 138 1
83 139 1
83 140 1
83 141 1
83 142 1
83 143 1
83 144 1
83 145 1
82 146 1
82 147 1
82 148 1
.PEN_UP
.PEN_DOWN
61 123 1
62 122 1
62 121 1
62 120 1
62 119 1
63 118 1
64 117 1
64 116 1
.PEN_UP
.PEN_DOWN
40 78 1
39 77 1
38 77 1
37 77 1
36 76 1
35 76 1
34 76 1
33 76 1
32 75 1
31 75 1
30 74 1
29 74 1
28 73 1
27 72 1
26 72 1
25 71 1
24 71 1
23 70 1
22 69 1
21 69 1
20 68 1
19 68 1
18 67 1
18 66 1
18 65 1
18 64 1
16 63 1
15 62 1
14 61 1
13 60 1
12 59 1
11 58 1
10 58 1
9 57 1
8 56 1
8 55 1
7 54 1
6 53 1
5 52 1
5 51 1
4 50 1
4 49 1
4 48 1
4 47 1
5 46 1
5 45 1
6 44 1
7 43 1
8 43 1
9 42 1
10 42 1
11 42 1
12 42 1
13 42 1
14 43 1
15 43 1
16 44 1
17 45 1
18 46 1
18 47 1
18 48 1
19 49 1
19 50 1
19 51 1
19 52 1
19 53 1
19 54 1
19 55 1
19 56 1
19 57 1
19 58 1
19 59 1
19 60 1
19 61 1
19 62 1
18 63 1
.PEN_UP
.PEN_DOWN
41 78 1
43 80 1
44 80 1
45 80 1
46 81 1
47 81 1
48 81 1
49 81 1
50 82 1
51 82 1
52 82 1
53 82 1
54 83 1
55 83 1
56 83 1
57 83 1
58 84 1
59 84 1
60 84 1
61 84 1
62 84 1
63 84 1
64 85 1
65 85 1
66 85 1
67 85 1
68 85 1
69 85 1
70 85 1
71 85 1
72 85 1
73 85 1
74 86 1
75 86 1
76 87 1
77 88 1
.PEN_UP
