.PEN_DOWN
47 17 1
47 18 1
47 19 1
46 20 1
46 21 1
46 22 1
46 23 1
46 24 1
46 25 1
46 26 1
46 27 1
46 28 1
46 29 1
46 30 1
46 31 1
46 32 1
46 33 1
46 34 1
45 35 1
44 36 1
43 35 1
42 35 1
41 35 1
40 35 1
39 35 1
38 35 1
37 35 1
36 35 1
35 34 1
34 34 1
33 34 1
32 33 1
31 33 1
30 32 1
29 32 1
28 31 1
27 31 1
26 30 1
25 29 1
24 29 1
23 28 1
22 28 1
21 27 1
20 26 1
20 25 1
18 24 1
17 24 1
16 23 1
15 22 1
14 21 1
13 20 1
12 19 1
11 18 1
10 17 1
9 16 1
8 15 1
8 14 1
7 13 1
6 12 1
6 11 1
5 10 1
5 9 1
5 8 1
5 7 1
5 6 1
6 5 1
6 4 1
7 3 1
8 2 1
9 2 1
10 1 1
11 1 1
12 1 1
13 1 1
14 2 1
15 3 1
16 3 1
17 4 1
18 5 1
19 6 1
20 7 1
20 8 1
20 9 1
21 10 1
21 11 1
21 12 1
21 13 1
21 14 1
21 15 1
22 16 1
22 17 1
22 18 1
22 19 1
22 20 1
21 21 1
21 22 1
20 23 1
.PEN_UP
.PEN_DOWN
44 37 1
44 38 1
45 39 1
47 40 1
48 40 1
49 40 1
50 40 1
51 40 1
52 40 1
53 41 1
54 41 1
55 41 1
56 42 1
57 42 1
58 42 1
59 42 1
61 43 1
62 44 1
63 44 1
64 45 1
65 45 1
.PEN_UP
.PEN_DOWN
60 41 1
60 40 1
60 39 1
60 38 1
60 37 1
60 36 1
60 35 1
60 34 1
60 33 1
60 32 1
60 31 1
60 30 1
61 29 1
62 28 1
63 28 1
64 28 1
65 28 1
66 28 1
67 29 1
68 30 1
69 31 1
70 32 1
71 33 1
72 34 1
73 35 1
74 36 1
76 38 1
76 39 1
76 40 1
77 41 1
77 42 1
78 43 1
79 44 1
80 45 1
81 46 1
82 47 1
83 47 1
84 47 1
85 47 1
86 47 1
87 47 1
88 46 1
88 45 1
89 44 1
89 43 1
89 42 1
89 41 1
89 40 1
89 39 1
90 38 1
90 37 1
90 36 1
90 35 1
90 34 1
90 33 1
90 32 1
90 31 1
89 30 1
89 29 1
89 28 1
88 27 1
.PEN_UP
.PEN_DOWN
75 36 1
76 35 1
76 34 1
76 33 1
76 32 1
77 31 1
77 30 1
77 29 1
78 28 1
78 27 1
78 26 1
79 25 1
80 24 1
81 23 1
82 22 1
83 21 1
84 21 1
85 20 1
86 20 1
87 19 1
88 19 1
89 19 1
90 19 1
91 19 1
92 19 1
93 19 1
94 19 1
95 19 1
96 19 1
97 19 1
98 19 1
99 19 1
100 19 1
101 19 1
102 19 1
103 20 1
104 20 1
105 20 1
106 21 1
107 21 1
108 22 1
109 22 1
110 23 1
111 24 1
112 25 1
113 26 1
114 27 1
114 28 1
115 29 1
115 30 1
116 31 1
116 32 1
117 33 1
117 34 1
117 35 1
117 36 1
117 37 1
118 38 1
118 39 1
118 40 1
118 41 1
119 42 1
119 43 1
119 44 1
119 45 1
119 46 1
118 47 1
118 48 1
118 49 1
118 50 1
118 51 1
118 52 1
118 53 1
117 54 1
117 55 1
117 56 1
116 57 1
116 58 1
116 59 1
115 60 1
115 61 1
114 62 1
114 63 1
113 64 1
113 65 1
112 66 1
111 67 1
110 68 1
109 69 1
108 70 1
107 71 1
106 72 1
105 72 1
104 73 1
103 74 1
.PEN_UP
.PEN_DOWN
45 40 1
45 42 1
45 43 1
45 44 1
45 45 1
45 46 1
45 47 1
45 48 1
45 49 1
45 50 1
43 51 1
42 52 1
41 52 1
40 52 1
39 53 1
38 53 1
37 54 1
36 54 1
35 55 1
34 55 1
33 56 1
32 56 1
31 56 1
30 56 1
29 57 1
28 57 1
27 57 1
26 57 1
25 57 1
24 57 1
23 57 1
22 57 1
21 57 1
18 57 1
17 57 1
16 57 1
15 57 1
14 57 1
13 57 1
12 57 1
11 57 1
10 57 1
9 57 1
8 57 1
7 57 1
6 57 1
5 56 1
4 56 1
3 55 1
2 54 1
1 53 1
1 52 1
1 51 1
2 50 1
2 49 1
3 48 1
3 47 1
4 46 1
5 46 1
6 45 1
7 45 1
8 45 1
9 44 1
10 44 1
11 44 1
12 44 1
13 45 1
14 46 1
15 46 1
16 47 1
17 48 1
17 49 1
18 50 1
18 51 1
19 52 1
20 53 1
20 54 1
20 55 1
20 56 1
.PEN_UP
.PEN_DOWN
44 51 1
46 52 1
46 53 1
46 54 1
46 55 1
46 56 1
46 57 1
47 58 1
47 59 1
.PEN_UP
.PEN_DOWN
31 69 1
31 70 1
30 71 1
29 72 1
.PEN_UP
