.PEN_DOWN
46 22 1
46 23 1
46 24 1
46 25 1
46 26 1
46 27 1
46 28 1
45 29 1
45 30 1
45 31 1
45 32 1
45 33 1
45 34 1
45 35 1
45 36 1
45 37 1
45 38 1
45 39 1
45 40 1
45 41 1
45 42 1
45 43 1
45 44 1
45 45 1
45 46 1
43 49 1
43 50 1
43 51 1
43 52 1
43 53 1
43 54 1
43 55 1
43 56 1
42 58 1
41 58 1
40 59 1
39 59 1
38 60 1
37 60 1
36 60 1
35 61 1
34 61 1
33 61 1
32 62 1
31 62 1
30 63 1
29 63 1
28 63 1
27 63 1
26 64 1
25 64 1
24 64 1
23 64 1
22 64 1
21 64 1
20 65 1
19 64 1
18 64 1
17 64 1
14 64 1
13 64 1
12 64 1
11 64 1
10 64 1
9 64 1
8 64 1
7 64 1
6 64 1
5 64 1
4 64 1
3 63 1
2 63 1
1 62 1
1 61 1
1 60 1
2 59 1
2 58 1
3 57 1
4 57 1
5 56 1
6 55 1
7 55 1
8 55 1
9 55 1
10 55 1
11 56 1
12 57 1
13 58 1
14 59 1
15 60 1
15 61 1
15 62 1
16 63 1
.PEN_UP
.PEN_DOWN
43 57 1
45 58 1
45 59 1
45 60 1
45 61 1
45 62 1
45 63 1
45 64 1
45 65 1
45 66 1
45 67 1
45 68 1
46 69 1
46 70 1
46 71 1
46 72 1
46 73 1
46 74 1
46 75 1
46 76 1
46 77 1
46 78 1
46 79 1
46 80 1
46 81 1
46 82 1
46 83 1
46 84 1
47 85 1
47 86 1
47 87 1
47 88 1
48 89 1
49 88 1
50 88 1
51 87 1
52 86 1
.PEN_UP
.PEN_DOWN
48 90 1
48 91 1
48 92 1
48 93 1
48 94 1
48 95 1
48 96 1
48 97 1
48 98 1
48 99 1
48 100 1
48 101 1
48 102 1
48 103 1
47 105 1
47 106 1
47 107 1
47 108 1
47 109 1
47 110 1
47 111 1
47 112 1
47 113 1
47 114 1
47 115 1
47 116 1
47 117 1
47 118 1
47 119 1
47 120 1
47 121 1
48 122 1
48 123 1
48 124 1
48 125 1
48 126 1
48 127 1
48 128 1
48 129 1
51 132 1
52 132 1
53 132 1
54 132 1
55 132 1
56 132 1
57 132 1
58 133 1
59 133 1
60 133 1
61 133 1
62 133 1
63 133 1
64 133 1
65 133 1
66 133 1
67 133 1
68 133 1
70 135 1
71 135 1
72 135 1
73 135 1
74 135 1
75 135 1
76 136 1
77 136 1
78 136 1
79 136 1
80 136 1
81 136 1
82 136 1
83 136 1
84 136 1
85 137 1
86 137 1
.PEN_UP
.PEN_DOWN
69 132 1
70 131 1
70 130 1
70 129 1
70 128 1
70 127 1
70 126 1
70 125 1
70 124 1
70 123 1
70 122 1
70 121 1
70 120 1
70 119 1
70 118 1
70 117 1
70 116 1
70 115 1
70 114 1
70 113 1
70 112 1
70 111 1
70 110 1
70 109 1
69 108 1
69 107 1
69 106 1
69 105 1
69 104 1
69 103 1
69 102 1
69 101 1
69 100 1
71 99 1
72 100 1
73 100 1
74 100 1
75 100 1
76 100 1
77 100 1
78 100 1
79 100 1
80 100 1
81 100 1
82 100 1
83 101 1
84 101 1
85 101 1
86 101 1
87 101 1
88 102 1
88 103 1
89 104 1
88 105 1
88 106 1
88 107 1
87 108 1
.PEN_UP
.PEN_DOWN
68 99 1
67 100 1
66 100 1
65 101 1
64 101 1
63 102 1
62 103 1
61 104 1
60 105 1
59 105 1
58 105 1
57 105 1
56 105 1
55 105 1
54 105 1
53 105 1
52 105 1
51 104 1
50 104 1
49 104 1
.PEN_UP
.PEN_DOWN
69 98 1
69 97 1
69 96 1
69 95 1
69 94 1
69 93 1
69 92 1
69 91 1
69 90 1
69 89 1
69 88 1
.PEN_UP
.PEN_DOWN
47 130 1
46 130 1
45 130 1
44 130 1
43 130 1
42 129 1
41 129 1
40 129 1
39 128 1
38 128 1
37 128 1
36 127 1
35 127 1
34 126 1
33 126 1
32 125 1
31 125 1
30 124 1
29 124 1
28 123 1
27 123 1
26 122 1
25 122 1
24 121 1
23 121 1
22 120 1
20 119 1
19 119 1
18 118 1
17 118 1
16 117 1
15 116 1
14 116 1
13 115 1
12 115 1
11 114 1
10 113 1
9 112 1
8 112 1
7 111 1
6 110 1
5 109 1
5 108 1
5 107 1
5 106 1
4 105 1
4 104 1
5 103 1
5 102 1
6 101 1
7 100 1
8 99 1
9 99 1
10 99 1
11 98 1
12 98 1
13 99 1
14 99 1
15 99 1
16 100 1
17 101 1
18 102 1
19 103 1
20 104 1
21 105 1
21 106 1
22 107 1
22 108 1
22 109 1
22 110 1
22 111 1
22 112 1
23 113 1
23 114 1
23 115 1
22 116 1
22 117 1
22 118 1
.PEN_UP
.PEN_DOWN
48 130 1
48 133 1
48 134 1
48 135 1
48 136 1
48 137 1
48 138 1
48 139 1
.PEN_UP
.PEN_DOWN
44 47 1
43 46 1
42 45 1
41 45 1
40 45 1
39 44 1
38 44 1
37 44 1
36 43 1
35 43 1
34 42 1
33 42 1
32 41 1
31 40 1
30 40 1
29 39 1
28 39 1
27 38 1
26 37 1
25 36 1
23 34 1
22 34 1
21 34 1
20 33 1
19 32 1
18 32 1
17 31 1
16 30 1
15 30 1
14 29 1
13 28 1
12 28 1
11 27 1
10 26 1
9 25 1
8 24 1
7 23 1
7 22 1
7 21 1
6 20 1
7 19 1
7 18 1
7 17 1
8 16 1
9 15 1
10 15 1
11 14 1
12 14 1
13 14 1
14 14 1
15 14 1
16 14 1
17 15 1
18 15 1
19 16 1
20 16 1
21 17 1
22 18 1
23 19 1
23 20 1
24 21 1
24 22 1
24 23 1
25 24 1
25 25 1
25 26 1
26 27 1
26 28 1
26 29 1
26 30 1
26 31 1
25 32 1
25 33 1
25 34 1
.PEN_UP
.PEN_DOWN
45 47 1
47 47 1
48 47 1
49 47 1
50 47 1
51 48 1
52 48 1
53 48 1
54 49 1
55 49 1
56 49 1
57 49 1
58 50 1
59 50 1
60 50 1
61 50 1
62 51 1
63 51 1
64 51 1
65 51 1
66 52 1
67 52 1
68 52 1
71 52 1
72 52 1
73 53 1
74 53 1
75 53 1
76 53 1
77 53 1
78 53 1
79 54 1
80 54 1
81 54 1
82 54 1
83 54 1
84 55 1
85 55 1
86 55 1
87 56 1
88 56 1
89 57 1
.PEN_UP
.PEN_DOWN
69 51 1
69 50 1
69 49 1
69 48 1
69 47 1
69 46 1
69 45 1
69 44 1
69 43 1
69 42 1
69 41 1
69 40 1
69 39 1
69 38 1
69 37 1
69 36 1
69 35 1
69 34 1
69 33 1
69 32 1
70 31 1
72 30 1
73 30 1
74 30 1
75 30 1
76 30 1
77 30 1
78 30 1
79 30 1
80 30 1
81 30 1
82 29 1
83 29 1
84 28 1
85 27 1
86 26 1
87 25 1
87 24 1
87 23 1
87 22 1
87 21 1
87 20 1
87 19 1
87 18 1
87 17 1
87 16 1
87 15 1
87 14 1
86 13 1
85 12 1
84 11 1
83 11 1
82 10 1
81 9 1
80 9 1
79 8 1
78 7 1
77 7 1
76 6 1
75 6 1
74 6 1
73 5 1
72 5 1
71 4 1
70 4 1
69 4 1
68 3 1
67 3 1
66 2 1
65 2 1
64 1 1
63 1 1
.PEN_UP
