.PEN_DOWN
46 1 1
46 2 1
46 3 1
46 4 1
46 5 1
46 6 1
46 7 1
46 8 1
45 9 1
45 10 1
45 11 1
46 12 1
46 13 1
47 14 1
48 15 1
48 16 1
47 17 1
47 18 1
47 19 1
47 20 1
47 21 1
47 22 1
47 23 1
47 24 1
47 25 1
47 26 1
46 27 1
45 28 1
45 29 1
45 30 1
45 31 1
45 32 1
45 33 1
45 34 1
45 35 1
45 36 1
45 37 1
45 38 1
45 39 1
45 40 1
45 41 1
45 42 1
45 43 1
45 44 1
45 45 1
45 46 1
45 47 1
45 48 1
45 49 1
45 50 1
45 51 1
45 52 1
45 53 1
45 54 1
45 55 1
45 56 1
45 57 1
45 58 1
45 59 1
45 60 1
45 61 1
45 62 1
45 63 1
45 64 1
45 65 1
45 66 1
45 67 1
45 68 1
45 69 1
45 70 1
45 71 1
46 72 1
48 73 1
49 73 1
50 73 1
51 73 1
52 74 1
53 74 1
54 75 1
55 75 1
56 75 1
57 76 1
58 76 1
59 76 1
61 78 1
61 79 1
62 80 1
63 81 1
.PEN_UP
.PEN_DOWN
60 75 1
60 74 1
60 73 1
61 72 1
61 71 1
61 70 1
61 69 1
61 68 1
62 67 1
62 66 1
63 65 1
64 64 1
65 63 1
66 63 1
67 63 1
68 64 1
69 65 1
70 66 1
70 67 1
71 68 1
72 69 1
75 68 1
76 67 1
77 66 1
77 65 1
78 64 1
79 63 1
79 62 1
80 61 1
81 61 1
82 61 1
83 60 1
84 60 1
85 60 1
87 59 1
88 59 1
89 59 1
90 59 1
91 59 1
92 59 1
93 60 1
94 60 1
95 61 1
96 61 1
97 62 1
98 63 1
99 63 1
100 64 1
101 65 1
102 65 1
103 66 1
104 67 1
105 68 1
106 69 1
106 70 1
107 71 1
107 72 1
107 73 1
108 74 1
108 75 1
109 76 1
109 77 1
109 78 1
109 79 1
109 80 1
110 81 1
110 82 1
110 83 1
110 84 1
110 85 1
110 86 1
110 87 1
110 88 1
110 89 1
110 90 1
110 91 1
109 92 1
109 93 1
108 94 1
108 95 1
108 96 1
108 97 1
107 98 1
106 99 1
105 100 1
.PEN_UP
.PEN_DOWN
86 60 1
86 62 1
86 63 1
86 64 1
87 65 1
87 66 1
87 67 1
87 68 1
87 69 1
87 70 1
87 71 1
87 72 1
87 73 1
88 74 1
88 75 1
88 76 1
87 77 1
87 78 1
87 79 1
86 80 1
86 81 1
85 82 1
84 83 1
83 83 1
82 83 1
81 83 1
80 83 1
79 83 1
78 82 1
77 81 1
76 80 1
76 79 1
76 78 1
76 77 1
75 76 1
74 75 1
74 74 1
74 73 1
74 72 1
74 71 1
73 70 1
.PEN_UP
.PEN_DOWN
46 73 1
45 74 1
45 75 1
45 76 1
45 77 1
45 78 1
45 79 1
45 80 1
45 81 1
45 82 1
45 83 1
45 84 1
45 85 1
45 86 1
45 87 1
45 88 1
45 89 1
45 90 1
45 91 1
45 92 1
45 93 1
45 94 1
45 95 1
45 96 1
45 97 1
45 98 1
45 99 1
46 100 1
46 101 1
46 102 1
46 103 1
46 104 1
46 105 1
46 106 1
46 107 1
46 108 1
46 109 1
46 110 1
46 111 1
46 112 1
46 113 1
46 114 1
46 115 1
46 116 1
46 117 1
46 118 1
46 119 1
46 120 1
46 121 1
46 122 1
46 123 1
46 124 1
46 125 1
46 126 1
46 127 1
46 128 1
46 129 1
46 130 1
46 131 1
46 132 1
46 133 1
46 134 1
46 135 1
47 136 1
46 141 1
46 142 1
46 143 1
46 144 1
46 145 1
46 146 1
46 147 1
46 148 1
47 149 1
48 150 1
.PEN_UP
.PEN_DOWN
48 136 1
44 138 1
43 138 1
42 138 1
41 138 1
40 138 1
39 137 1
38 137 1
37 137 1
36 136 1
35 136 1
34 135 1
33 135 1
32 134 1
31 133 1
30 133 1
29 132 1
28 131 1
27 131 1
26 130 1
25 129 1
24 128 1
23 127 1
22 126 1
21 125 1
20 124 1
19 123 1
18 122 1
17 121 1
16 120 1
16 119 1
15 118 1
13 117 1
12 117 1
11 116 1
10 115 1
9 114 1
8 113 1
7 112 1
6 111 1
5 110 1
4 109 1
4 108 1
3 107 1
2 106 1
2 105 1
2 104 1
1 103 1
1 102 1
1 101 1
1 100 1
2 99 1
2 98 1
3 97 1
4 96 1
5 96 1
6 95 1
7 95 1
8 95 1
9 96 1
10 96 1
11 96 1
12 97 1
13 97 1
14 98 1
15 99 1
16 100 1
16 101 1
17 102 1
17 103 1
17 104 1
18 105 1
18 106 1
18 107 1
18 108 1
18 109 1
18 110 1
18 111 1
18 112 1
18 113 1
18 114 1
18 115 1
17 116 1
16 117 1
.PEN_UP
.PEN_DOWN
49 136 1
50 136 1
51 136 1
52 136 1
53 136 1
54 136 1
55 136 1
56 136 1
57 136 1
58 136 1
59 137 1
60 137 1
61 137 1
62 137 1
63 137 1
64 138 1
65 138 1
68 138 1
69 138 1
70 139 1
71 139 1
72 139 1
73 139 1
74 140 1
75 140 1
76 140 1
77 140 1
78 141 1
79 141 1
80 141 1
81 141 1
82 142 1
83 142 1
84 143 1
85 144 1
86 144 1
.PEN_UP
.PEN_DOWN
66 137 1
66 136 1
66 135 1
66 134 1
67 133 1
67 132 1
67 131 1
67 130 1
67 129 1
68 128 1
68 127 1
68 126 1
68 125 1
68 124 1
68 123 1
68 122 1
68 121 1
69 120 1
71 120 1
72 120 1
73 121 1
74 121 1
75 121 1
76 122 1
77 122 1
78 122 1
79 122 1
80 122 1
81 122 1
82 121 1
83 120 1
83 119 1
83 118 1
83 117 1
83 116 1
83 115 1
82 114 1
81 113 1
80 112 1
79 111 1
78 110 1
77 110 1
76 109 1
75 109 1
74 109 1
73 109 1
72 109 1
71 109 1
70 109 1
69 110 1
69 111 1
69 112 1
69 113 1
69 114 1
69 115 1
69 116 1
69 117 1
69 118 1
69 119 1
.PEN_UP
.PEN_DOWN
48 27 1
49 27 1
50 28 1
51 29 1
52 30 1
53 31 1
54 31 1
55 31 1
56 31 1
57 31 1
58 31 1
59 31 1
60 30 1
61 29 1
62 29 1
63 28 1
64 28 1
65 27 1
68 27 1
69 27 1
70 28 1
71 29 1
72 29 1
73 29 1
74 30 1
75 30 1
76 30 1
77 31 1
78 31 1
79 31 1
80 32 1
81 32 1
82 33 1
83 34 1
84 35 1
85 36 1
85 37 1
85 38 1
86 39 1
86 40 1
86 41 1
86 42 1
86 43 1
86 44 1
86 45 1
87 46 1
.PEN_UP
.PEN_DOWN
66 26 1
66 25 1
66 24 1
66 23 1
66 22 1
67 21 1
67 20 1
67 19 1
67 18 1
68 17 1
.PEN_UP
