.PEN_DOWN
43 14 1
42 15 1
41 16 1
41 17 1
41 18 1
41 19 1
41 20 1
41 21 1
41 22 1
41 23 1
41 24 1
41 25 1
41 26 1
41 27 1
40 28 1
40 29 1
40 30 1
41 31 1
41 32 1
41 33 1
41 34 1
41 35 1
41 36 1
40 37 1
38 37 1
37 37 1
36 37 1
35 37 1
34 36 1
33 36 1
32 35 1
31 35 1
30 35 1
29 34 1
28 34 1
27 33 1
26 32 1
25 32 1
24 31 1
23 30 1
22 30 1
21 29 1
20 29 1
19 28 1
18 27 1
17 27 1
16 26 1
15 25 1
15 24 1
15 23 1
13 22 1
12 22 1
11 21 1
10 20 1
9 19 1
8 18 1
7 17 1
6 16 1
5 15 1
5 14 1
4 13 1
3 12 1
3 11 1
2 10 1
1 9 1
1 8 1
1 7 1
1 6 1
1 5 1
2 4 1
3 3 1
4 2 1
5 2 1
6 1 1
7 1 1
8 1 1
9 1 1
10 1 1
11 2 1
12 2 1
13 3 1
14 4 1
15 5 1
16 6 1
17 7 1
17 8 1
17 9 1
17 10 1
17 11 1
17 12 1
17 13 1
17 14 1
17 15 1
17 16 1
17 17 1
17 18 1
17 19 1
16 20 1
16 21 1
15 22 1
.PEN_UP
.PEN_DOWN
41 39 1
41 40 1
40 42 1
40 43 1
40 44 1
40 45 1
40 46 1
40 47 1
40 48 1
40 49 1
40 50 1
40 51 1
40 52 1
40 53 1
40 54 1
41 55 1
41 56 1
41 57 1
41 58 1
41 59 1
41 60 1
41 61 1
41 62 1
41 63 1
41 64 1
40 65 1
40 66 1
40 67 1
40 68 1
40 69 1
40 70 1
40 71 1
40 72 1
40 73 1
40 74 1
40 75 1
39 76 1
39 77 1
39 78 1
39 79 1
39 80 1
39 81 1
39 82 1
39 83 1
41 84 1
42 84 1
43 84 1
44 84 1
45 84 1
46 84 1
47 84 1
48 84 1
49 84 1
50 85 1
51 85 1
52 85 1
53 85 1
54 85 1
55 86 1
56 86 1
57 86 1
58 86 1
59 86 1
60 85 1
62 86 1
63 87 1
64 88 1
65 88 1
66 88 1
67 89 1
68 89 1
69 90 1
70 91 1
73 92 1
74 92 1
75 92 1
76 92 1
77 92 1
78 92 1
79 92 1
80 92 1
81 92 1
.PEN_UP
.PEN_DOWN
71 91 1
70 93 1
70 94 1
69 95 1
69 96 1
68 97 1
67 98 1
67 99 1
66 100 1
66 101 1
66 102 1
66 103 1
66 104 1
66 105 1
67 106 1
68 107 1
69 108 1
70 108 1
71 108 1
72 108 1
73 108 1
74 109 1
75 109 1
76 110 1
77 110 1
78 111 1
79 111 1
.PEN_UP
.PEN_DOWN
72 90 1
73 89 1
73 88 1
73 87 1
73 86 1
73 85 1
73 84 1
73 83 1
73 82 1
73 81 1
73 80 1
73 79 1
73 78 1
73 77 1
73 76 1
73 75 1
73 74 1
73 73 1
72 72 1
72 71 1
71 70 1
70 69 1
69 68 1
68 67 1
67 66 1
66 66 1
65 66 1
64 66 1
63 66 1
62 66 1
61 67 1
60 67 1
59 68 1
58 69 1
58 70 1
57 71 1
56 72 1
56 73 1
56 74 1
56 75 1
57 76 1
57 77 1
58 78 1
58 79 1
59 80 1
59 81 1
59 82 1
60 83 1
60 84 1
.PEN_UP
.PEN_DOWN
39 84 1
39 86 1
39 87 1
39 88 1
39 89 1
39 90 1
39 91 1
39 92 1
39 93 1
39 94 1
39 95 1
39 96 1
39 97 1
39 98 1
39 99 1
39 100 1
39 101 1
40 102 1
40 103 1
40 104 1
40 105 1
40 106 1
40 107 1
40 108 1
40 109 1
40 110 1
40 111 1
40 112 1
40 113 1
40 114 1
40 115 1
40 116 1
40 117 1
40 118 1
40 119 1
40 120 1
40 121 1
40 122 1
40 123 1
40 124 1
40 125 1
41 126 1
41 127 1
41 128 1
41 129 1
42 130 1
43 131 1
44 130 1
45 129 1
46 128 1
46 127 1
47 126 1
48 125 1
49 124 1
50 123 1
.PEN_UP
.PEN_DOWN
43 132 1
43 133 1
43 134 1
42 136 1
41 137 1
41 138 1
41 139 1
41 140 1
41 141 1
41 142 1
41 143 1
41 144 1
41 145 1
41 146 1
41 147 1
41 148 1
41 149 1
42 150 1
42 151 1
.PEN_UP
.PEN_DOWN
43 135 1
45 136 1
46 137 1
47 138 1
48 138 1
49 139 1
50 140 1
51 140 1
52 140 1
53 140 1
54 140 1
55 140 1
56 140 1
57 140 1
58 139 1
59 139 1
60 139 1
61 138 1
62 137 1
63 136 1
64 136 1
65 135 1
66 135 1
68 136 1
69 137 1
70 138 1
71 139 1
72 140 1
73 140 1
74 141 1
75 142 1
76 142 1
77 142 1
78 143 1
79 144 1
80 144 1
81 144 1
82 144 1
83 145 1
84 146 1
85 146 1
86 147 1
87 148 1
88 149 1
88 150 1
89 151 1
89 152 1
89 153 1
89 154 1
89 155 1
89 156 1
89 157 1
89 158 1
89 159 1
88 160 1
87 161 1
87 162 1
.PEN_UP
.PEN_DOWN
67 134 1
68 133 1
68 132 1
68 131 1
69 130 1
.PEN_UP
.PEN_DOWN
41 41 1
43 41 1
44 41 1
45 41 1
46 41 1
47 41 1
48 41 1
49 41 1
50 41 1
51 41 1
52 41 1
53 41 1
54 42 1
55 42 1
56 42 1
57 42 1
58 43 1
59 43 1
60 43 1
61 43 1
62 43 1
63 44 1
64 44 1
65 44 1
66 45 1
67 45 1
68 45 1
69 45 1
72 46 1
73 47 1
74 47 1
75 47 1
76 47 1
77 48 1
78 48 1
79 48 1
80 48 1
81 48 1
82 48 1
83 48 1
84 48 1
85 48 1
.PEN_UP
.PEN_DOWN
70 44 1
70 43 1
69 42 1
69 41 1
69 40 1
68 39 1
68 38 1
67 37 1
67 36 1
67 35 1
68 34 1
69 33 1
70 32 1
71 31 1
72 30 1
74 30 1
75 30 1
76 30 1
77 30 1
78 30 1
79 31 1
80 31 1
.PEN_UP
.PEN_DOWN
72 29 1
72 28 1
71 27 1
70 26 1
70 25 1
69 24 1
68 23 1
67 22 1
67 21 1
67 20 1
67 19 1
67 18 1
68 17 1
68 16 1
69 15 1
70 14 1
71 14 1
72 13 1
73 12 1
74 12 1
75 11 1
76 11 1
77 11 1
78 11 1
79 11 1
80 11 1
81 11 1
82 11 1
83 11 1
84 12 1
85 12 1
86 13 1
87 14 1
87 15 1
.PEN_UP
