.PEN_DOWN
2 1 1
1 2 1
1 3 1
2 4 1
3 5 1
5 4 1
6 4 1
7 4 1
8 4 1
9 4 1
.PEN_UP
.PEN_DOWN
4 5 1
3 7 1
3 8 1
3 9 1
3 10 1
3 11 1
3 12 1
3 13 1
3 14 1
3 15 1
3 16 1
2 17 1
2 18 1
2 19 1
1 21 1
1 22 1
1 23 1
1 24 1
1 25 1
1 26 1
1 27 1
1 28 1
1 29 1
1 30 1
1 31 1
1 32 1
1 33 1
1 34 1
1 35 1
1 36 1
1 37 1
1 38 1
1 39 1
1 40 1
1 41 1
1 42 1
1 43 1
1 44 1
2 45 1
4 46 1
5 46 1
6 46 1
7 46 1
8 46 1
9 46 1
10 46 1
11 46 1
12 46 1
13 47 1
14 47 1
15 47 1
16 47 1
17 47 1
18 47 1
19 47 1
20 47 1
21 47 1
22 47 1
24 48 1
25 48 1
26 48 1
27 48 1
28 48 1
29 48 1
30 48 1
31 48 1
32 48 1
33 48 1
34 49 1
35 49 1
36 49 1
37 49 1
38 49 1
39 50 1
40 50 1
41 51 1
42 52 1
.PEN_UP
.PEN_DOWN
23 46 1
23 45 1
23 44 1
23 43 1
23 42 1
23 41 1
23 40 1
22 39 1
22 38 1
22 37 1
22 36 1
22 35 1
22 34 1
22 33 1
22 32 1
22 31 1
22 30 1
22 29 1
22 28 1
22 27 1
22 26 1
22 25 1
23 24 1
25 24 1
26 25 1
27 25 1
28 25 1
29 26 1
30 26 1
31 26 1
32 27 1
33 27 1
34 26 1
35 26 1
36 26 1
37 25 1
38 24 1
38 23 1
38 22 1
39 21 1
39 20 1
39 19 1
39 18 1
39 17 1
39 16 1
39 15 1
39 14 1
39 13 1
39 12 1
39 11 1
38 10 1
38 9 1
37 8 1
37 7 1
37 6 1
36 5 1
36 4 1
35 3 1
.PEN_UP
.PEN_DOWN
23 23 1
22 22 1
22 21 1
22 20 1
21 19 1
19 20 1
18 20 1
17 20 1
16 21 1
15 22 1
14 22 1
13 23 1
12 23 1
11 23 1
10 23 1
9 23 1
8 23 1
7 22 1
6 21 1
5 21 1
4 20 1
3 20 1
.PEN_UP
.PEN_DOWN
20 19 1
21 17 1
22 16 1
22 15 1
21 14 1
21 13 1
.PEN_UP
.PEN_DOWN
2 46 1
1 47 1
1 48 1
1 49 1
1 50 1
1 51 1
1 52 1
1 53 1
1 54 1
1 55 1
1 56 1
1 57 1
1 58 1
1 59 1
1 60 1
1 61 1
1 62 1
2 63 1
4 64 1
5 64 1
6 64 1
7 64 1
8 64 1
9 65 1
10 65 1
11 65 1
12 65 1
13 66 1
14 66 1
15 66 1
16 66 1
17 66 1
18 66 1
19 67 1
20 67 1
21 67 1
22 67 1
23 67 1
24 67 1
25 67 1
26 68 1
27 68 1
28 68 1
29 68 1
30 68 1
31 68 1
32 68 1
33 68 1
34 68 1
35 68 1
36 69 1
37 69 1
38 70 1
39 70 1
40 71 1
41 71 1
.PEN_UP
.PEN_DOWN
2 64 1
1 66 1
1 67 1
1 68 1
1 69 1
1 70 1
1 71 1
1 72 1
1 73 1
2 74 1
2 75 1
2 76 1
2 77 1
2 78 1
2 79 1
2 80 1
2 81 1
2 82 1
2 83 1
2 84 1
2 85 1
2 86 1
3 87 1
3 88 1
3 89 1
3 90 1
3 91 1
3 92 1
3 93 1
3 94 1
3 95 1
3 96 1
3 97 1
3 98 1
3 99 1
3 100 1
3 101 1
3 102 1
3 103 1
3 104 1
3 105 1
4 106 1
6 108 1
7 108 1
8 108 1
9 108 1
10 108 1
11 108 1
12 108 1
13 108 1
14 108 1
15 109 1
16 109 1
17 109 1
18 109 1
19 109 1
20 109 1
21 109 1
22 109 1
23 109 1
24 109 1
25 110 1
26 110 1
27 110 1
28 109 1
29 110 1
30 110 1
31 111 1
32 111 1
33 111 1
34 111 1
35 111 1
36 111 1
37 111 1
38 110 1
39 110 1
40 109 1
40 108 1
40 107 1
40 106 1
40 105 1
40 104 1
40 103 1
40 102 1
40 101 1
40 100 1
40 99 1
39 98 1
39 97 1
38 96 1
37 95 1
36 94 1
35 93 1
34 93 1
33 93 1
32 92 1
31 93 1
30 94 1
29 95 1
28 96 1
27 97 1
27 98 1
27 99 1
27 100 1
27 101 1
27 102 1
28 103 1
28 104 1
28 105 1
28 106 1
28 107 1
28 108 1
.PEN_UP
.PEN_DOWN
4 107 1
4 109 1
4 110 1
4 111 1
4 112 1
4 113 1
4 114 1
4 115 1
4 116 1
4 117 1
4 118 1
4 119 1
4 120 1
4 121 1
4 122 1
5 123 1
5 124 1
5 125 1
5 126 1
5 127 1
5 128 1
5 129 1
5 130 1
5 131 1
5 132 1
5 133 1
5 134 1
5 135 1
5 136 1
5 137 1
6 138 1
6 139 1
6 140 1
6 141 1
6 142 1
6 143 1
6 144 1
6 145 1
6 146 1
6 147 1
6 148 1
6 149 1
6 150 1
6 151 1
7 152 1
7 153 1
7 154 1
7 155 1
7 156 1
7 157 1
7 158 1
7 159 1
7 160 1
7 161 1
7 162 1
7 163 1
7 164 1
8 165 1
9 166 1
11 167 1
12 167 1
13 167 1
14 167 1
15 168 1
16 168 1
17 168 1
18 168 1
19 168 1
20 169 1
21 169 1
22 169 1
23 170 1
24 170 1
25 170 1
26 170 1
27 170 1
28 170 1
29 171 1
30 171 1
31 171 1
32 170 1
32 169 1
32 168 1
32 167 1
31 166 1
31 165 1
32 164 1
32 163 1
32 162 1
32 161 1
33 160 1
33 159 1
34 158 1
35 157 1
36 156 1
37 156 1
38 156 1
39 157 1
40 157 1
41 157 1
42 158 1
43 159 1
44 160 1
44 161 1
44 162 1
45 163 1
45 164 1
45 165 1
46 166 1
46 167 1
46 168 1
46 169 1
46 170 1
46 171 1
46 172 1
45 173 1
44 173 1
43 173 1
42 173 1
41 173 1
40 173 1
39 173 1
38 173 1
37 173 1
36 173 1
35 173 1
34 173 1
33 173 1
32 174 1
32 175 1
32 176 1
32 177 1
32 178 1
32 179 1
33 180 1
33 181 1
33 182 1
33 183 1
33 184 1
33 185 1
33 186 1
33 187 1
33 188 1
33 189 1
33 190 1
33 191 1
33 192 1
33 193 1
33 194 1
33 195 1
33 196 1
31 197 1
30 197 1
29 197 1
28 197 1
27 197 1
26 197 1
25 197 1
24 196 1
23 196 1
22 196 1
21 196 1
20 196 1
19 195 1
18 195 1
17 195 1
16 195 1
15 194 1
14 194 1
13 194 1
12 194 1
11 194 1
10 194 1
9 192 1
9 191 1
9 190 1
9 189 1
9 188 1
9 187 1
9 186 1
9 185 1
9 184 1
9 183 1
9 182 1
9 181 1
8 180 1
8 179 1
8 178 1
8 177 1
8 176 1
8 175 1
8 174 1
8 173 1
8 172 1
8 171 1
8 170 1
8 169 1
9 168 1
.PEN_UP
.PEN_DOWN
9 193 1
9 196 1
9 197 1
9 198 1
9 199 1
9 200 1
9 201 1
9 202 1
9 203 1
9 204 1
9 205 1
9 206 1
9 207 1
9 208 1
9 209 1
9 210 1
9 211 1
9 212 1
9 213 1
9 214 1
9 215 1
9 216 1
9 217 1
9 218 1
9 219 1
9 220 1
9 221 1
9 222 1
9 223 1
9 224 1
9 225 1
9 226 1
9 227 1
9 228 1
10 229 1
10 230 1
10 231 1
10 232 1
10 233 1
10 234 1
10 235 1
10 236 1
10 237 1
10 238 1
10 239 1
10 240 1
10 241 1
10 242 1
10 243 1
10 244 1
11 245 1
11 246 1
13 247 1
14 247 1
15 247 1
16 247 1
17 247 1
18 247 1
19 248 1
20 248 1
21 248 1
22 248 1
23 248 1
24 248 1
25 248 1
26 249 1
27 249 1
28 249 1
29 249 1
30 248 1
31 249 1
32 249 1
33 249 1
34 249 1
35 250 1
36 250 1
37 251 1
38 251 1
39 251 1
40 251 1
41 252 1
42 252 1
43 252 1
44 252 1
45 253 1
.PEN_UP
.PEN_DOWN
30 247 1
30 246 1
30 245 1
30 244 1
29 243 1
29 242 1
29 241 1
29 240 1
29 239 1
30 238 1
30 237 1
30 236 1
30 235 1
30 234 1
30 233 1
30 232 1
30 231 1
30 230 1
30 229 1
30 228 1
30 227 1
31 226 1
31 223 1
31 222 1
31 221 1
31 220 1
32 219 1
33 218 1
34 217 1
35 216 1
36 216 1
37 216 1
38 216 1
39 217 1
40 217 1
41 217 1
42 218 1
43 219 1
43 220 1
43 221 1
44 222 1
44 223 1
43 224 1
43 225 1
42 226 1
41 227 1
40 227 1
39 227 1
38 227 1
37 226 1
36 226 1
35 226 1
34 226 1
33 225 1
32 225 1
.PEN_UP
.PEN_DOWN
11 247 1
11 249 1
11 250 1
11 251 1
11 252 1
11 253 1
11 254 1
11 255 1
11 256 1
11 257 1
11 258 1
12 259 1
12 260 1
.PEN_UP
.PEN_DOWN
32 197 1
34 198 1
35 198 1
36 198 1
37 199 1
38 199 1
39 200 1
40 201 1
41 202 1
42 203 1
42 204 1
42 205 1
42 206 1
.PEN_UP
.PEN_DOWN
12 130 1
13 130 1
14 131 1
15 131 1
16 131 1
17 131 1
18 131 1
19 132 1
20 132 1
21 132 1
22 132 1
23 132 1
24 133 1
25 133 1
26 133 1
27 133 1
28 133 1
29 133 1
30 133 1
31 133 1
32 133 1
33 133 1
34 133 1
35 134 1
36 134 1
37 134 1
38 134 1
39 134 1
40 134 1
41 134 1
42 134 1
43 134 1
44 134 1
45 134 1
46 135 1
.PEN_UP
