.PEN_DOWN
3 1 1
3 2 1
2 3 1
2 4 1
2 5 1
2 6 1
2 7 1
2 8 1
2 9 1
2 10 1
2 11 1
2 12 1
2 13 1
2 14 1
2 15 1
2 16 1
2 17 1
2 18 1
2 19 1
2 20 1
2 21 1
2 22 1
2 23 1
2 24 1
2 25 1
2 26 1
2 27 1
2 28 1
2 29 1
2 30 1
2 31 1
2 32 1
2 33 1
2 34 1
2 35 1
1 36 1
1 37 1
2 38 1
2 39 1
4 41 1
5 41 1
6 41 1
7 41 1
8 41 1
9 41 1
10 42 1
11 42 1
12 42 1
13 42 1
14 42 1
15 42 1
16 42 1
17 43 1
18 43 1
19 43 1
20 43 1
21 43 1
22 43 1
23 42 1
26 42 1
27 42 1
28 42 1
29 42 1
30 42 1
31 42 1
32 42 1
33 43 1
35 44 1
36 44 1
37 44 1
38 45 1
39 45 1
40 45 1
41 46 1
42 46 1
43 46 1
44 46 1
45 46 1
46 46 1
47 46 1
.PEN_UP
.PEN_DOWN
34 42 1
35 41 1
35 40 1
35 39 1
35 38 1
35 37 1
35 36 1
35 35 1
35 34 1
35 33 1
35 32 1
35 31 1
35 30 1
35 29 1
35 28 1
35 27 1
35 26 1
35 25 1
35 24 1
34 23 1
34 22 1
34 21 1
33 20 1
32 19 1
31 19 1
30 17 1
30 16 1
29 15 1
28 14 1
27 14 1
26 14 1
25 14 1
24 15 1
23 15 1
22 15 1
21 16 1
20 17 1
19 18 1
18 19 1
17 20 1
16 21 1
16 22 1
16 23 1
15 24 1
15 25 1
15 26 1
15 27 1
15 28 1
15 29 1
16 30 1
16 31 1
17 32 1
18 33 1
19 34 1
20 34 1
22 36 1
22 37 1
23 38 1
23 39 1
23 40 1
24 41 1
.PEN_UP
.PEN_DOWN
21 34 1
22 33 1
23 32 1
23 31 1
24 30 1
24 29 1
25 28 1
26 27 1
26 26 1
27 25 1
27 24 1
28 23 1
28 22 1
29 21 1
30 20 1
.PEN_UP
.PEN_DOWN
2 40 1
2 42 1
2 43 1
2 44 1
2 45 1
2 46 1
2 47 1
2 48 1
2 49 1
2 50 1
2 51 1
2 52 1
2 53 1
2 54 1
2 55 1
2 56 1
2 57 1
2 58 1
2 59 1
2 60 1
2 61 1
2 62 1
2 63 1
2 64 1
2 65 1
2 66 1
2 67 1
2 68 1
2 69 1
3 70 1
3 71 1
3 72 1
2 73 1
2 74 1
2 75 1
2 76 1
2 77 1
2 78 1
2 79 1
2 80 1
2 81 1
2 82 1
2 83 1
2 84 1
2 85 1
2 86 1
2 87 1
2 88 1
2 89 1
2 90 1
3 91 1
3 92 1
3 93 1
3 94 1
3 95 1
3 96 1
3 97 1
3 98 1
3 99 1
3 100 1
3 101 1
3 102 1
3 103 1
3 104 1
3 105 1
3 106 1
3 107 1
3 108 1
3 109 1
3 110 1
4 111 1
4 112 1
4 113 1
4 114 1
4 115 1
4 116 1
4 117 1
4 118 1
4 119 1
4 120 1
4 121 1
4 122 1
4 123 1
4 124 1
4 125 1
4 126 1
4 127 1
4 128 1
4 129 1
4 130 1
5 131 1
7 131 1
8 131 1
9 131 1
10 131 1
11 131 1
12 132 1
13 132 1
14 132 1
15 132 1
16 132 1
17 132 1
18 132 1
19 132 1
20 132 1
21 133 1
22 133 1
23 133 1
24 133 1
25 133 1
26 133 1
27 133 1
28 134 1
29 134 1
30 134 1
31 134 1
32 134 1
33 134 1
34 134 1
35 134 1
36 134 1
37 135 1
38 135 1
39 135 1
.PEN_UP
.PEN_DOWN
6 131 1
5 133 1
5 134 1
5 135 1
5 136 1
5 137 1
5 138 1
5 139 1
5 140 1
5 141 1
5 142 1
5 143 1
5 144 1
6 145 1
6 146 1
6 147 1
6 148 1
6 149 1
6 150 1
6 151 1
6 152 1
6 153 1
6 154 1
6 155 1
7 156 1
9 155 1
10 155 1
11 154 1
12 153 1
13 152 1
14 152 1
15 151 1
.PEN_UP
.PEN_DOWN
8 156 1
7 158 1
7 159 1
7 160 1
7 161 1
7 162 1
7 163 1
7 164 1
7 165 1
7 166 1
7 167 1
7 168 1
7 169 1
6 172 1
6 173 1
6 174 1
6 175 1
6 176 1
6 177 1
6 178 1
6 179 1
6 180 1
6 181 1
6 182 1
6 183 1
6 184 1
6 185 1
6 186 1
6 187 1
6 188 1
6 189 1
6 190 1
6 191 1
5 194 1
5 195 1
5 196 1
5 197 1
5 198 1
5 199 1
5 200 1
5 201 1
5 202 1
5 203 1
5 204 1
5 205 1
5 206 1
5 207 1
5 208 1
5 209 1
5 210 1
5 211 1
5 212 1
5 213 1
6 214 1
6 215 1
8 216 1
9 216 1
10 216 1
11 216 1
12 216 1
13 217 1
14 217 1
15 217 1
16 217 1
17 217 1
18 217 1
19 217 1
20 217 1
21 217 1
22 217 1
23 217 1
24 218 1
25 218 1
26 218 1
27 219 1
28 219 1
29 219 1
30 220 1
31 220 1
32 220 1
33 220 1
34 220 1
35 221 1
36 221 1
37 221 1
38 221 1
39 221 1
.PEN_UP
.PEN_DOWN
6 216 1
6 218 1
6 219 1
6 220 1
6 221 1
6 222 1
6 223 1
6 224 1
6 225 1
6 226 1
6 227 1
6 228 1
6 229 1
6 230 1
6 231 1
6 232 1
6 233 1
6 234 1
6 235 1
6 236 1
6 237 1
7 238 1
7 239 1
.PEN_UP
.PEN_DOWN
6 192 1
8 192 1
9 192 1
10 192 1
11 192 1
12 192 1
13 192 1
14 192 1
15 192 1
16 192 1
17 192 1
18 192 1
19 192 1
20 192 1
21 192 1
22 192 1
23 192 1
24 192 1
25 192 1
26 192 1
27 192 1
28 192 1
30 193 1
31 193 1
32 193 1
33 193 1
34 194 1
35 194 1
36 194 1
37 195 1
.PEN_UP
.PEN_DOWN
29 191 1
30 190 1
30 189 1
30 188 1
30 187 1
31 186 1
31 185 1
31 184 1
31 183 1
31 182 1
31 181 1
31 180 1
30 179 1
30 178 1
30 177 1
29 176 1
28 175 1
28 174 1
27 173 1
27 172 1
26 171 1
25 170 1
23 170 1
22 170 1
21 171 1
20 172 1
19 172 1
18 172 1
17 173 1
16 173 1
15 173 1
14 173 1
13 173 1
12 172 1
11 172 1
10 171 1
9 171 1
8 170 1
.PEN_UP
.PEN_DOWN
25 169 1
26 168 1
26 167 1
26 166 1
26 165 1
27 164 1
27 163 1
28 162 1
29 161 1
.PEN_UP
.PEN_DOWN
24 75 1
25 75 1
26 76 1
28 75 1
28 74 1
28 73 1
28 72 1
28 71 1
28 70 1
29 69 1
30 68 1
31 67 1
32 66 1
33 65 1
34 65 1
35 65 1
36 65 1
37 65 1
38 65 1
39 65 1
40 66 1
41 67 1
42 68 1
43 69 1
43 70 1
44 71 1
44 72 1
44 73 1
44 74 1
44 75 1
44 76 1
44 77 1
44 78 1
43 79 1
42 80 1
41 81 1
40 82 1
39 82 1
38 82 1
37 82 1
36 82 1
35 82 1
34 82 1
33 82 1
32 82 1
31 81 1
30 81 1
29 81 1
28 81 1
27 79 1
27 78 1
27 77 1
.PEN_UP
.PEN_DOWN
27 80 1
27 83 1
27 84 1
26 85 1
26 86 1
26 87 1
26 88 1
26 89 1
27 90 1
27 91 1
27 92 1
27 93 1
27 94 1
27 95 1
27 96 1
27 97 1
27 98 1
27 99 1
27 100 1
27 101 1
27 102 1
27 103 1
25 104 1
24 104 1
23 104 1
22 104 1
21 104 1
20 104 1
19 104 1
18 104 1
17 104 1
16 104 1
15 104 1
14 104 1
13 104 1
12 104 1
11 104 1
.PEN_UP
.PEN_DOWN
26 104 1
29 104 1
30 104 1
31 104 1
32 104 1
33 104 1
34 104 1
35 105 1
36 105 1
37 105 1
38 105 1
39 106 1
40 106 1
41 106 1
42 106 1
43 105 1
44 105 1
.PEN_UP
