.PEN_DOWN
54 1 1
54 2 1
53 3 1
53 4 1
53 5 1
53 6 1
52 7 1
52 8 1
52 9 1
52 10 1
52 11 1
52 12 1
52 13 1
52 14 1
52 15 1
52 16 1
52 17 1
52 18 1
52 19 1
52 20 1
52 21 1
52 22 1
52 23 1
52 24 1
52 25 1
52 26 1
52 27 1
52 28 1
52 29 1
52 30 1
52 31 1
52 32 1
52 33 1
53 34 1
53 35 1
55 36 1
56 36 1
57 36 1
58 37 1
59 37 1
60 37 1
61 38 1
62 38 1
63 38 1
64 38 1
65 38 1
66 39 1
67 39 1
68 39 1
69 39 1
70 39 1
71 39 1
72 39 1
73 39 1
74 39 1
78 41 1
79 41 1
80 41 1
81 41 1
82 41 1
83 41 1
84 41 1
85 41 1
86 41 1
87 41 1
88 41 1
89 42 1
90 42 1
91 42 1
92 42 1
93 43 1
94 43 1
95 44 1
.PEN_UP
.PEN_DOWN
75 38 1
75 37 1
75 36 1
75 35 1
75 34 1
75 33 1
75 32 1
75 31 1
75 30 1
75 29 1
75 28 1
75 27 1
75 26 1
75 25 1
75 24 1
75 23 1
75 22 1
76 21 1
76 20 1
76 19 1
76 18 1
76 17 1
77 16 1
77 15 1
78 12 1
78 11 1
78 10 1
78 9 1
79 8 1
80 7 1
81 6 1
82 6 1
83 5 1
84 5 1
85 5 1
86 5 1
87 5 1
88 6 1
89 6 1
90 7 1
91 7 1
92 8 1
93 9 1
94 10 1
94 11 1
94 12 1
94 13 1
94 14 1
93 15 1
92 16 1
91 17 1
90 17 1
89 17 1
88 17 1
87 17 1
86 17 1
85 17 1
84 17 1
83 16 1
82 16 1
81 15 1
80 15 1
79 15 1
78 14 1
.PEN_UP
.PEN_DOWN
53 36 1
52 37 1
52 38 1
52 39 1
52 40 1
52 41 1
52 42 1
52 43 1
52 44 1
52 45 1
52 46 1
52 47 1
52 48 1
52 49 1
52 50 1
53 51 1
53 52 1
53 53 1
53 54 1
53 55 1
53 56 1
53 57 1
53 58 1
53 59 1
53 60 1
53 61 1
53 62 1
53 63 1
54 64 1
54 65 1
54 66 1
54 67 1
54 68 1
53 69 1
53 70 1
53 71 1
53 72 1
53 73 1
53 74 1
53 75 1
53 76 1
53 77 1
53 80 1
53 81 1
53 82 1
52 83 1
51 83 1
50 83 1
49 83 1
48 83 1
47 82 1
46 82 1
45 82 1
44 82 1
43 81 1
42 81 1
41 81 1
40 81 1
39 81 1
38 80 1
37 80 1
36 80 1
35 80 1
34 80 1
33 79 1
32 79 1
31 79 1
30 79 1
29 79 1
28 79 1
27 79 1
26 79 1
25 78 1
24 78 1
23 78 1
22 78 1
21 78 1
20 78 1
19 78 1
18 78 1
17 78 1
16 78 1
15 78 1
14 77 1
13 77 1
12 77 1
11 77 1
10 77 1
9 77 1
8 77 1
7 77 1
6 77 1
5 77 1
4 77 1
3 78 1
2 78 1
1 79 1
1 80 1
1 81 1
1 82 1
2 83 1
2 84 1
3 85 1
4 86 1
5 87 1
6 88 1
7 89 1
8 90 1
9 90 1
10 91 1
11 92 1
12 92 1
13 93 1
14 93 1
15 94 1
16 94 1
17 95 1
18 95 1
19 96 1
20 96 1
21 96 1
22 97 1
23 97 1
24 98 1
25 98 1
26 99 1
27 99 1
28 100 1
29 100 1
30 100 1
31 100 1
32 101 1
33 101 1
34 101 1
35 102 1
36 102 1
37 102 1
38 103 1
39 103 1
40 103 1
41 104 1
42 104 1
43 105 1
44 105 1
45 105 1
46 106 1
47 106 1
48 106 1
49 106 1
50 106 1
51 106 1
52 106 1
53 105 1
53 104 1
53 103 1
53 102 1
53 101 1
53 100 1
53 99 1
53 98 1
53 97 1
53 96 1
53 95 1
53 94 1
53 93 1
52 92 1
52 91 1
52 90 1
52 89 1
52 88 1
52 87 1
52 86 1
53 85 1
53 84 1
.PEN_UP
.PEN_DOWN
53 107 1
54 108 1
56 108 1
57 108 1
58 108 1
59 108 1
60 108 1
61 108 1
62 108 1
63 108 1
64 108 1
65 108 1
66 108 1
67 109 1
68 109 1
69 109 1
70 109 1
71 110 1
72 110 1
73 110 1
74 110 1
75 111 1
76 111 1
77 111 1
78 111 1
79 111 1
80 112 1
81 112 1
82 112 1
83 113 1
84 113 1
85 113 1
86 114 1
87 114 1
88 114 1
89 114 1
90 114 1
91 114 1
92 114 1
93 114 1
94 114 1
95 115 1
96 115 1
.PEN_UP
.PEN_DOWN
55 108 1
54 110 1
54 111 1
54 112 1
54 113 1
54 114 1
54 115 1
54 116 1
53 117 1
.PEN_UP
.PEN_DOWN
53 78 1
55 78 1
56 78 1
57 78 1
58 79 1
59 79 1
60 79 1
61 79 1
62 79 1
63 79 1
64 80 1
65 80 1
66 80 1
68 81 1
69 82 1
70 82 1
71 83 1
71 84 1
.PEN_UP
.PEN_DOWN
67 79 1
67 78 1
67 77 1
67 76 1
66 75 1
66 74 1
66 73 1
66 72 1
66 71 1
67 70 1
67 69 1
68 68 1
69 67 1
70 67 1
71 67 1
72 67 1
73 67 1
74 68 1
74 69 1
75 70 1
76 71 1
76 72 1
77 73 1
78 74 1
78 75 1
79 76 1
80 77 1
81 77 1
82 78 1
83 78 1
84 80 1
85 81 1
85 82 1
86 83 1
87 84 1
88 85 1
89 86 1
90 86 1
91 87 1
92 87 1
93 87 1
94 87 1
95 86 1
96 85 1
96 84 1
96 83 1
96 82 1
97 81 1
97 80 1
97 79 1
97 78 1
97 77 1
97 76 1
97 75 1
97 74 1
97 73 1
97 72 1
97 71 1
97 70 1
97 69 1
99 66 1
100 66 1
101 66 1
102 66 1
103 66 1
104 66 1
105 66 1
106 66 1
107 66 1
108 66 1
109 67 1
110 67 1
111 67 1
112 67 1
113 68 1
114 69 1
115 70 1
116 71 1
117 72 1
118 73 1
118 74 1
119 75 1
120 76 1
120 77 1
120 78 1
120 79 1
120 80 1
120 81 1
120 82 1
120 83 1
120 84 1
120 85 1
120 86 1
120 87 1
120 88 1
120 89 1
120 90 1
120 91 1
119 92 1
119 93 1
119 94 1
118 95 1
118 96 1
117 97 1
.PEN_UP
.PEN_DOWN
96 68 1
95 68 1
94 68 1
93 68 1
92 68 1
91 69 1
90 69 1
89 70 1
88 71 1
87 72 1
87 73 1
86 74 1
86 75 1
85 76 1
85 77 1
84 78 1
.PEN_UP
