.PEN_DOWN
5 1 1
5 2 1
6 3 1
6 4 1
5 5 1
5 6 1
4 7 1
4 8 1
4 9 1
3 10 1
3 11 1
3 12 1
3 13 1
2 14 1
2 15 1
2 16 1
2 17 1
2 18 1
2 19 1
2 20 1
1 21 1
1 22 1
1 23 1
1 24 1
1 25 1
1 26 1
1 27 1
1 28 1
1 29 1
1 30 1
1 31 1
1 32 1
1 33 1
1 34 1
1 35 1
1 36 1
2 37 1
2 38 1
2 39 1
3 40 1
5 40 1
6 40 1
7 40 1
8 40 1
9 40 1
10 41 1
11 41 1
12 41 1
13 41 1
14 41 1
15 41 1
16 41 1
17 41 1
18 41 1
19 41 1
20 41 1
21 41 1
22 41 1
23 41 1
24 41 1
25 41 1
26 41 1
27 40 1
29 42 1
30 42 1
31 42 1
32 42 1
33 43 1
34 43 1
35 43 1
36 43 1
37 43 1
38 44 1
39 44 1
40 44 1
41 44 1
42 45 1
43 45 1
44 45 1
45 46 1
46 46 1
47 46 1
48 47 1
49 47 1
50 47 1
51 48 1
52 48 1
53 49 1
54 49 1
55 50 1
56 51 1
56 52 1
56 53 1
56 54 1
.PEN_UP
.PEN_DOWN
28 39 1
28 38 1
29 37 1
30 36 1
31 35 1
32 35 1
33 34 1
34 33 1
34 32 1
35 31 1
35 30 1
35 29 1
35 28 1
35 27 1
35 26 1
35 25 1
35 24 1
35 23 1
34 22 1
34 21 1
33 20 1
32 19 1
31 18 1
30 17 1
29 16 1
28 15 1
27 14 1
26 14 1
25 14 1
24 13 1
23 13 1
22 13 1
21 12 1
20 11 1
19 11 1
18 11 1
17 11 1
.PEN_UP
.PEN_DOWN
4 40 1
2 42 1
2 43 1
2 44 1
2 45 1
2 46 1
2 47 1
2 48 1
2 49 1
2 50 1
2 51 1
2 52 1
2 53 1
2 54 1
2 55 1
2 56 1
3 57 1
3 58 1
3 59 1
3 60 1
3 61 1
3 62 1
3 63 1
3 64 1
3 65 1
3 66 1
3 67 1
3 68 1
3 69 1
3 70 1
4 71 1
4 72 1
4 73 1
4 74 1
5 75 1
6 74 1
7 74 1
8 74 1
9 74 1
10 74 1
12 75 1
12 76 1
13 77 1
14 78 1
15 79 1
16 80 1
17 81 1
18 81 1
19 82 1
20 82 1
21 82 1
22 82 1
23 82 1
24 82 1
25 82 1
26 82 1
27 82 1
28 81 1
29 80 1
30 79 1
31 78 1
32 78 1
33 77 1
34 76 1
34 75 1
35 74 1
36 73 1
37 72 1
37 71 1
38 70 1
39 69 1
40 68 1
41 68 1
42 68 1
43 69 1
44 70 1
45 70 1
46 71 1
47 72 1
48 73 1
49 74 1
50 75 1
51 76 1
52 77 1
53 78 1
54 79 1
55 80 1
56 81 1
57 82 1
58 83 1
.PEN_UP
.PEN_DOWN
11 73 1
11 72 1
12 71 1
12 70 1
13 69 1
14 68 1
15 68 1
16 67 1
.PEN_UP
.PEN_DOWN
5 76 1
5 77 1
4 78 1
4 79 1
4 80 1
5 81 1
5 82 1
.PEN_UP
