.PEN_DOWN
2 1 1
1 2 1
1 3 1
1 4 1
1 5 1
1 6 1
1 7 1
1 8 1
1 9 1
1 10 1
1 11 1
1 12 1
1 13 1
1 14 1
1 15 1
1 16 1
1 17 1
1 18 1
1 19 1
1 20 1
1 21 1
1 22 1
1 23 1
1 24 1
1 25 1
1 26 1
1 27 1
1 28 1
1 29 1
1 30 1
1 31 1
2 32 1
4 33 1
5 34 1
6 34 1
7 34 1
8 34 1
9 35 1
10 35 1
11 35 1
12 36 1
13 36 1
14 36 1
15 36 1
16 37 1
17 37 1
18 37 1
19 37 1
20 38 1
21 38 1
22 38 1
23 38 1
24 39 1
25 39 1
26 39 1
27 39 1
28 39 1
29 39 1
32 39 1
33 39 1
34 40 1
35 40 1
36 40 1
37 41 1
38 41 1
39 41 1
40 41 1
41 41 1
42 41 1
43 42 1
44 42 1
45 43 1
46 43 1
47 43 1
48 43 1
49 44 1
50 44 1
.PEN_UP
.PEN_DOWN
30 38 1
30 37 1
29 36 1
29 35 1
29 34 1
28 33 1
28 32 1
27 31 1
27 30 1
27 29 1
25 28 1
24 27 1
24 26 1
23 25 1
23 24 1
23 23 1
23 22 1
23 21 1
24 20 1
24 19 1
24 18 1
24 17 1
24 16 1
24 15 1
25 14 1
25 13 1
26 12 1
26 11 1
27 10 1
28 9 1
29 8 1
30 8 1
31 7 1
32 7 1
33 6 1
34 6 1
35 6 1
36 7 1
37 7 1
38 8 1
39 9 1
40 10 1
41 11 1
41 12 1
41 13 1
41 14 1
41 15 1
40 17 1
39 17 1
38 17 1
37 18 1
36 19 1
35 20 1
34 21 1
33 22 1
32 23 1
31 24 1
30 25 1
30 26 1
29 27 1
28 28 1
.PEN_UP
.PEN_DOWN
41 16 1
43 17 1
43 18 1
43 19 1
43 20 1
43 21 1
43 22 1
43 23 1
43 24 1
42 25 1
42 26 1
41 27 1
41 28 1
41 29 1
41 30 1
41 31 1
41 32 1
40 33 1
40 34 1
40 35 1
39 36 1
.PEN_UP
.PEN_DOWN
2 33 1
2 35 1
2 36 1
2 37 1
2 38 1
2 39 1
1 40 1
1 41 1
1 42 1
1 43 1
1 44 1
1 45 1
1 46 1
1 47 1
1 48 1
1 49 1
1 50 1
1 51 1
1 52 1
1 53 1
1 54 1
1 55 1
1 56 1
1 57 1
1 58 1
1 59 1
1 60 1
1 61 1
1 62 1
1 63 1
1 64 1
1 65 1
1 66 1
1 67 1
1 68 1
2 69 1
2 70 1
3 71 1
6 73 1
7 74 1
7 75 1
7 76 1
7 77 1
7 78 1
7 79 1
7 80 1
7 81 1
8 82 1
8 83 1
7 84 1
7 85 1
7 86 1
7 87 1
8 88 1
8 89 1
8 90 1
8 91 1
8 92 1
8 93 1
8 94 1
8 95 1
8 96 1
8 97 1
8 98 1
8 99 1
8 100 1
8 101 1
8 102 1
8 103 1
8 104 1
8 105 1
8 106 1
8 107 1
8 108 1
9 109 1
9 110 1
11 111 1
12 111 1
13 111 1
14 112 1
15 113 1
16 113 1
17 114 1
18 115 1
19 115 1
20 115 1
21 116 1
22 116 1
23 116 1
24 116 1
25 116 1
26 116 1
27 117 1
28 117 1
29 116 1
29 115 1
29 114 1
29 113 1
29 112 1
29 111 1
28 110 1
28 109 1
28 108 1
28 107 1
28 106 1
28 105 1
28 104 1
28 103 1
28 102 1
28 101 1
28 100 1
28 99 1
28 98 1
29 97 1
29 96 1
30 95 1
31 94 1
32 94 1
33 94 1
34 93 1
35 93 1
36 93 1
37 93 1
38 93 1
39 94 1
40 94 1
41 94 1
42 95 1
43 96 1
44 97 1
45 98 1
46 98 1
47 99 1
48 100 1
49 101 1
50 102 1
51 103 1
51 104 1
52 105 1
52 106 1
53 107 1
53 108 1
53 109 1
54 110 1
54 111 1
54 112 1
54 113 1
54 114 1
54 115 1
54 116 1
54 117 1
54 118 1
54 119 1
54 120 1
54 121 1
51 122 1
50 122 1
49 123 1
48 123 1
47 123 1
46 124 1
45 125 1
45 126 1
45 127 1
46 128 1
47 129 1
48 129 1
49 129 1
50 129 1
51 128 1
52 127 1
52 126 1
53 125 1
53 124 1
53 123 1
56 122 1
57 122 1
58 122 1
59 122 1
60 122 1
61 122 1
62 123 1
63 123 1
64 123 1
65 124 1
66 124 1
67 124 1
68 124 1
69 125 1
70 125 1
71 126 1
72 127 1
73 128 1
73 129 1
73 130 1
.PEN_UP
.PEN_DOWN
9 111 1
9 113 1
9 114 1
9 115 1
9 116 1
9 117 1
9 118 1
9 119 1
9 120 1
9 121 1
9 122 1
9 123 1
9 124 1
9 125 1
9 126 1
10 127 1
10 128 1
10 129 1
10 130 1
10 131 1
10 132 1
10 133 1
10 134 1
10 135 1
10 136 1
11 137 1
11 138 1
11 139 1
11 140 1
11 141 1
11 142 1
11 143 1
10 144 1
10 145 1
10 146 1
10 147 1
10 148 1
10 149 1
10 150 1
10 151 1
.PEN_UP
.PEN_DOWN
4 71 1
2 73 1
1 74 1
1 75 1
1 76 1
2 77 1
2 78 1
2 79 1
.PEN_UP
.PEN_DOWN
5 70 1
6 69 1
7 68 1
7 67 1
7 66 1
7 65 1
7 64 1
7 63 1
6 62 1
.PEN_UP
.PEN_DOWN
12 71 1
13 71 1
14 71 1
15 71 1
16 72 1
17 72 1
18 72 1
19 72 1
20 72 1
21 72 1
22 72 1
23 72 1
24 72 1
25 72 1
26 72 1
27 72 1
28 72 1
29 72 1
30 72 1
31 72 1
32 72 1
33 72 1
34 73 1
35 73 1
36 73 1
37 73 1
38 73 1
39 73 1
40 73 1
41 73 1
42 74 1
43 74 1
44 74 1
45 74 1
46 75 1
47 75 1
48 76 1
49 77 1
49 78 1
49 79 1
49 80 1
.PEN_UP
