.PEN_DOWN
46 1 1
46 2 1
46 3 1
46 4 1
46 5 1
46 6 1
45 7 1
45 8 1
45 9 1
45 10 1
45 11 1
45 12 1
45 13 1
46 14 1
45 15 1
45 16 1
45 17 1
45 18 1
45 19 1
45 20 1
45 21 1
45 22 1
45 23 1
45 24 1
45 25 1
45 26 1
45 27 1
45 28 1
45 29 1
45 30 1
45 31 1
45 32 1
45 33 1
45 34 1
46 35 1
46 36 1
48 37 1
49 37 1
50 37 1
51 37 1
52 38 1
53 38 1
54 38 1
55 39 1
56 39 1
57 39 1
58 39 1
59 40 1
60 40 1
61 40 1
62 40 1
63 40 1
64 40 1
67 40 1
68 41 1
69 41 1
70 41 1
71 41 1
72 41 1
73 41 1
74 41 1
75 42 1
76 42 1
77 42 1
78 42 1
79 42 1
80 43 1
81 43 1
82 43 1
83 44 1
84 44 1
85 44 1
.PEN_UP
.PEN_DOWN
65 39 1
65 38 1
65 37 1
65 36 1
65 35 1
65 34 1
65 33 1
65 32 1
65 31 1
65 30 1
65 29 1
65 28 1
65 27 1
65 26 1
65 25 1
65 24 1
65 23 1
65 22 1
65 21 1
65 20 1
65 19 1
66 18 1
66 17 1
66 16 1
67 15 1
67 14 1
68 13 1
68 12 1
68 11 1
69 10 1
69 9 1
69 8 1
69 7 1
70 6 1
71 5 1
72 5 1
73 5 1
74 5 1
75 4 1
76 4 1
77 4 1
78 4 1
79 4 1
80 5 1
81 6 1
82 7 1
83 8 1
83 9 1
83 10 1
83 11 1
83 12 1
83 13 1
83 14 1
83 15 1
82 16 1
81 17 1
80 17 1
79 17 1
78 17 1
77 17 1
76 17 1
75 17 1
74 16 1
73 16 1
72 15 1
71 15 1
70 14 1
69 14 1
.PEN_UP
.PEN_DOWN
46 37 1
45 38 1
45 39 1
45 40 1
45 41 1
45 42 1
45 43 1
45 44 1
45 45 1
45 46 1
44 47 1
44 48 1
44 49 1
45 50 1
45 51 1
45 52 1
45 53 1
44 54 1
44 55 1
44 56 1
44 57 1
44 58 1
44 59 1
45 60 1
45 61 1
45 62 1
45 63 1
45 64 1
45 65 1
45 66 1
45 67 1
45 68 1
45 73 1
45 74 1
45 75 1
45 76 1
45 77 1
45 78 1
45 79 1
45 80 1
45 81 1
45 82 1
45 83 1
45 84 1
45 85 1
45 86 1
45 87 1
45 88 1
45 89 1
45 90 1
45 91 1
43 92 1
42 92 1
41 92 1
40 91 1
39 91 1
38 90 1
37 90 1
36 89 1
35 89 1
34 89 1
33 88 1
32 88 1
31 88 1
30 87 1
29 87 1
28 86 1
27 86 1
26 86 1
25 85 1
24 84 1
23 84 1
22 84 1
21 83 1
20 83 1
19 82 1
18 82 1
17 81 1
16 81 1
15 80 1
14 80 1
13 80 1
12 79 1
11 78 1
10 78 1
9 77 1
8 76 1
7 76 1
6 75 1
5 75 1
4 74 1
3 73 1
2 72 1
2 71 1
1 70 1
1 69 1
1 68 1
1 67 1
1 66 1
2 65 1
3 64 1
4 63 1
5 63 1
6 63 1
7 62 1
8 62 1
9 62 1
10 62 1
11 62 1
12 62 1
13 62 1
14 62 1
15 63 1
16 63 1
17 63 1
18 63 1
19 64 1
20 64 1
21 65 1
22 65 1
23 66 1
24 66 1
25 66 1
26 66 1
27 67 1
28 67 1
29 67 1
30 68 1
31 68 1
32 68 1
33 69 1
34 69 1
35 70 1
36 70 1
37 70 1
38 71 1
39 71 1
40 72 1
41 72 1
42 72 1
43 72 1
47 69 1
48 69 1
49 69 1
50 69 1
51 69 1
52 69 1
53 70 1
54 70 1
55 70 1
56 71 1
57 71 1
58 71 1
59 71 1
60 72 1
61 72 1
62 72 1
63 72 1
64 72 1
65 71 1
65 70 1
65 69 1
64 68 1
64 67 1
64 66 1
64 65 1
64 64 1
64 63 1
65 62 1
66 61 1
67 60 1
68 60 1
69 60 1
70 60 1
71 61 1
72 62 1
73 63 1
73 64 1
74 65 1
75 66 1
77 65 1
78 64 1
79 63 1
80 63 1
81 62 1
82 62 1
83 62 1
84 62 1
85 61 1
87 60 1
88 60 1
89 60 1
90 60 1
91 60 1
92 60 1
93 60 1
94 60 1
95 60 1
96 60 1
97 61 1
98 61 1
99 62 1
100 62 1
101 62 1
102 63 1
103 64 1
104 65 1
105 66 1
106 67 1
107 68 1
108 69 1
108 70 1
108 71 1
109 72 1
109 73 1
109 74 1
109 75 1
109 76 1
109 77 1
109 78 1
109 79 1
109 80 1
109 81 1
109 82 1
109 83 1
108 84 1
108 85 1
107 86 1
107 87 1
106 88 1
105 89 1
104 90 1
103 91 1
102 92 1
101 92 1
.PEN_UP
.PEN_DOWN
86 61 1
86 63 1
86 64 1
86 65 1
86 66 1
86 67 1
86 68 1
86 69 1
86 70 1
86 71 1
86 72 1
86 73 1
86 74 1
86 75 1
86 76 1
86 77 1
85 78 1
84 78 1
83 79 1
82 78 1
81 78 1
80 78 1
79 77 1
78 76 1
78 75 1
77 74 1
77 73 1
77 72 1
76 71 1
76 70 1
76 69 1
76 68 1
76 67 1
.PEN_UP
.PEN_DOWN
46 93 1
47 94 1
49 95 1
50 95 1
51 95 1
52 95 1
53 95 1
54 96 1
55 96 1
56 96 1
57 96 1
58 96 1
59 96 1
60 97 1
61 97 1
62 98 1
63 98 1
64 98 1
65 98 1
66 99 1
67 99 1
68 99 1
69 99 1
70 99 1
71 99 1
72 99 1
73 100 1
74 100 1
75 100 1
76 100 1
77 100 1
78 100 1
79 100 1
80 100 1
81 100 1
82 100 1
83 100 1
84 100 1
.PEN_UP
.PEN_DOWN
47 95 1
46 96 1
46 97 1
46 98 1
46 99 1
46 100 1
46 101 1
46 102 1
46 103 1
46 104 1
46 105 1
46 106 1
46 107 1
46 108 1
46 109 1
.PEN_UP
