.PEN_DOWN
41 1 1
41 2 1
40 3 1
40 4 1
40 5 1
40 6 1
40 7 1
40 8 1
40 9 1
40 10 1
40 11 1
40 12 1
40 13 1
40 14 1
40 15 1
40 16 1
41 17 1
41 18 1
41 19 1
41 20 1
41 21 1
41 22 1
41 23 1
41 24 1
41 25 1
41 26 1
41 27 1
42 28 1
42 29 1
43 30 1
45 31 1
46 31 1
47 31 1
48 31 1
49 31 1
50 31 1
51 31 1
52 31 1
53 32 1
54 32 1
55 32 1
56 32 1
57 32 1
58 33 1
61 33 1
62 34 1
63 35 1
64 36 1
65 37 1
.PEN_UP
.PEN_DOWN
59 32 1
59 31 1
59 30 1
59 29 1
59 28 1
59 27 1
59 26 1
59 25 1
59 24 1
59 23 1
59 22 1
60 21 1
60 20 1
61 19 1
62 18 1
63 18 1
64 18 1
65 18 1
66 19 1
67 20 1
68 21 1
69 22 1
69 23 1
70 24 1
71 25 1
74 24 1
75 24 1
76 23 1
77 22 1
78 21 1
79 21 1
80 21 1
81 21 1
82 20 1
84 19 1
85 19 1
86 19 1
87 19 1
88 19 1
89 19 1
90 19 1
91 20 1
92 20 1
93 20 1
94 21 1
95 22 1
96 22 1
97 23 1
98 24 1
99 25 1
100 26 1
100 27 1
101 28 1
102 29 1
102 30 1
102 31 1
103 32 1
103 33 1
104 34 1
104 35 1
105 36 1
105 37 1
105 38 1
105 39 1
105 40 1
105 41 1
105 42 1
105 43 1
105 44 1
105 45 1
105 46 1
105 47 1
105 48 1
105 49 1
105 50 1
105 51 1
105 52 1
104 53 1
104 54 1
104 55 1
103 56 1
103 57 1
102 58 1
101 59 1
.PEN_UP
.PEN_DOWN
83 20 1
83 22 1
83 23 1
83 24 1
83 25 1
84 26 1
84 27 1
84 28 1
84 29 1
84 30 1
84 31 1
84 32 1
84 33 1
84 34 1
84 35 1
84 36 1
83 37 1
83 38 1
83 39 1
83 40 1
83 41 1
83 42 1
82 43 1
82 44 1
81 45 1
80 46 1
79 46 1
78 45 1
77 45 1
76 44 1
76 43 1
75 42 1
75 41 1
75 40 1
74 39 1
74 38 1
73 37 1
73 36 1
73 35 1
72 34 1
72 33 1
72 32 1
72 31 1
72 30 1
72 29 1
72 28 1
72 27 1
72 26 1
.PEN_UP
.PEN_DOWN
43 31 1
42 32 1
42 33 1
42 34 1
42 35 1
42 36 1
42 37 1
42 38 1
42 39 1
42 40 1
42 41 1
42 42 1
42 43 1
42 44 1
42 45 1
42 46 1
42 47 1
42 48 1
42 49 1
42 50 1
43 51 1
43 52 1
43 53 1
43 54 1
43 55 1
43 56 1
43 57 1
44 58 1
44 59 1
44 60 1
44 61 1
43 62 1
42 62 1
41 61 1
40 61 1
39 61 1
38 61 1
37 60 1
36 60 1
35 59 1
34 59 1
33 59 1
32 58 1
31 58 1
30 58 1
29 57 1
28 56 1
27 55 1
26 55 1
25 55 1
24 55 1
23 54 1
22 54 1
21 53 1
20 53 1
19 53 1
18 52 1
17 52 1
16 51 1
15 50 1
14 50 1
13 49 1
12 49 1
11 48 1
10 47 1
9 46 1
8 45 1
8 44 1
8 43 1
8 42 1
9 41 1
9 40 1
10 39 1
11 38 1
12 38 1
13 37 1
14 37 1
15 37 1
16 37 1
17 36 1
18 36 1
19 36 1
20 37 1
21 37 1
22 38 1
23 39 1
24 40 1
25 41 1
26 42 1
26 43 1
27 44 1
27 45 1
27 46 1
28 47 1
28 48 1
28 49 1
28 50 1
28 51 1
28 52 1
28 53 1
28 54 1
.PEN_UP
.PEN_DOWN
44 63 1
45 64 1
45 65 1
46 66 1
48 67 1
49 67 1
50 67 1
51 67 1
52 67 1
53 68 1
54 68 1
55 68 1
56 68 1
57 68 1
58 69 1
59 69 1
60 69 1
61 69 1
62 69 1
63 70 1
64 70 1
65 70 1
66 70 1
67 70 1
68 70 1
69 71 1
70 71 1
71 71 1
72 71 1
73 71 1
74 72 1
75 72 1
76 72 1
77 72 1
78 72 1
79 73 1
80 73 1
81 73 1
82 73 1
83 73 1
.PEN_UP
.PEN_DOWN
46 67 1
46 69 1
46 70 1
46 71 1
46 72 1
46 73 1
46 74 1
46 75 1
46 76 1
46 77 1
46 78 1
46 79 1
46 80 1
46 81 1
46 82 1
46 83 1
46 84 1
46 85 1
46 86 1
46 87 1
46 88 1
46 89 1
46 90 1
46 91 1
46 92 1
46 93 1
46 94 1
47 95 1
47 96 1
47 97 1
47 98 1
47 99 1
47 100 1
47 101 1
47 102 1
47 103 1
47 104 1
47 105 1
47 106 1
47 107 1
47 108 1
47 109 1
47 110 1
47 111 1
47 112 1
47 113 1
45 114 1
44 114 1
43 114 1
42 114 1
41 113 1
40 113 1
39 112 1
38 112 1
37 111 1
36 111 1
35 110 1
34 110 1
33 109 1
32 109 1
31 108 1
30 108 1
29 107 1
28 107 1
27 106 1
26 105 1
25 104 1
24 103 1
23 103 1
22 102 1
21 101 1
20 100 1
19 99 1
19 98 1
17 97 1
16 97 1
15 97 1
14 96 1
13 95 1
12 94 1
11 93 1
10 93 1
9 92 1
8 91 1
7 90 1
6 89 1
5 88 1
4 87 1
3 86 1
2 85 1
2 84 1
2 83 1
1 82 1
1 81 1
2 80 1
2 79 1
3 78 1
4 78 1
5 78 1
6 77 1
7 77 1
8 76 1
9 76 1
10 76 1
11 76 1
12 77 1
13 77 1
14 78 1
15 79 1
16 80 1
17 81 1
17 82 1
18 83 1
18 84 1
19 85 1
19 86 1
19 87 1
20 88 1
20 89 1
20 90 1
20 91 1
20 92 1
20 93 1
20 94 1
20 95 1
20 96 1
19 97 1
.PEN_UP
.PEN_DOWN
46 114 1
47 116 1
48 117 1
48 118 1
48 119 1
48 120 1
50 121 1
51 121 1
52 121 1
53 121 1
54 121 1
55 121 1
56 122 1
57 122 1
58 122 1
59 123 1
60 123 1
61 123 1
62 123 1
63 123 1
64 124 1
65 124 1
66 124 1
67 124 1
68 124 1
70 125 1
71 125 1
72 126 1
73 126 1
74 126 1
75 126 1
76 126 1
77 127 1
78 127 1
79 127 1
80 127 1
81 127 1
82 127 1
83 127 1
84 127 1
85 127 1
86 127 1
87 127 1
88 127 1
89 127 1
90 127 1
91 127 1
92 127 1
93 128 1
94 128 1
.PEN_UP
.PEN_DOWN
69 123 1
69 122 1
69 121 1
69 120 1
69 119 1
69 118 1
69 117 1
69 116 1
69 115 1
69 114 1
69 113 1
69 112 1
69 111 1
69 110 1
69 109 1
69 108 1
69 107 1
69 106 1
69 105 1
69 104 1
71 104 1
72 104 1
73 104 1
74 104 1
75 105 1
76 105 1
77 105 1
78 106 1
79 106 1
80 105 1
81 105 1
82 104 1
83 103 1
84 102 1
84 101 1
85 100 1
85 99 1
85 98 1
85 97 1
85 96 1
85 95 1
84 94 1
83 93 1
82 92 1
81 92 1
80 91 1
79 91 1
78 92 1
77 92 1
76 92 1
75 93 1
74 93 1
73 93 1
72 94 1
71 94 1
70 95 1
69 96 1
69 97 1
69 98 1
69 99 1
69 100 1
69 101 1
69 102 1
.PEN_UP
.PEN_DOWN
48 121 1
48 123 1
48 124 1
48 125 1
48 126 1
48 127 1
48 128 1
48 129 1
48 130 1
48 131 1
48 132 1
48 133 1
48 134 1
49 135 1
48 136 1
48 137 1
48 138 1
.PEN_UP
