.PEN_DOWN
53 8 1
53 9 1
53 10 1
52 11 1
52 12 1
52 13 1
52 14 1
52 15 1
52 16 1
52 17 1
52 18 1
52 19 1
52 20 1
52 21 1
52 22 1
52 23 1
52 24 1
52 25 1
52 26 1
52 27 1
52 28 1
52 29 1
52 30 1
52 31 1
52 32 1
52 33 1
52 34 1
54 35 1
55 35 1
56 36 1
57 36 1
58 36 1
59 37 1
60 37 1
61 37 1
62 38 1
63 38 1
64 38 1
65 38 1
66 39 1
67 39 1
68 39 1
69 39 1
70 39 1
71 40 1
72 40 1
75 41 1
76 41 1
77 41 1
78 42 1
79 42 1
80 42 1
81 42 1
82 43 1
83 43 1
84 43 1
85 43 1
86 43 1
87 44 1
90 45 1
91 45 1
92 45 1
93 45 1
94 46 1
95 46 1
96 47 1
97 47 1
.PEN_UP
.PEN_DOWN
88 43 1
88 42 1
88 41 1
89 40 1
89 39 1
89 38 1
89 37 1
90 36 1
90 35 1
90 34 1
91 33 1
91 32 1
91 31 1
91 30 1
91 29 1
91 28 1
91 27 1
90 26 1
90 25 1
90 24 1
90 23 1
90 22 1
89 21 1
89 20 1
88 19 1
88 18 1
87 17 1
86 17 1
85 15 1
84 14 1
83 13 1
82 13 1
81 12 1
80 12 1
79 13 1
78 13 1
77 13 1
76 13 1
75 14 1
74 14 1
73 15 1
72 15 1
71 16 1
70 17 1
70 18 1
69 19 1
68 20 1
68 21 1
68 22 1
68 23 1
68 24 1
68 25 1
68 26 1
69 27 1
69 28 1
69 29 1
70 30 1
70 31 1
71 32 1
71 33 1
72 34 1
72 35 1
73 36 1
73 37 1
73 38 1
73 39 1
.PEN_UP
.PEN_DOWN
85 16 1
84 18 1
83 19 1
82 20 1
81 21 1
81 22 1
80 23 1
80 24 1
79 25 1
79 26 1
78 27 1
78 28 1
78 29 1
77 30 1
77 31 1
77 32 1
76 33 1
.PEN_UP
.PEN_DOWN
52 35 1
52 37 1
52 38 1
52 39 1
52 40 1
52 41 1
52 42 1
52 43 1
52 44 1
52 45 1
52 46 1
52 47 1
52 48 1
52 49 1
52 50 1
52 51 1
52 52 1
52 53 1
52 54 1
52 55 1
52 56 1
52 57 1
52 58 1
52 59 1
52 60 1
52 61 1
52 62 1
50 63 1
49 63 1
48 63 1
47 63 1
46 63 1
45 62 1
44 62 1
43 63 1
42 63 1
41 63 1
40 63 1
39 63 1
38 63 1
37 62 1
36 62 1
35 62 1
34 62 1
33 62 1
32 62 1
31 62 1
30 62 1
29 62 1
28 62 1
27 62 1
26 61 1
25 61 1
24 61 1
23 61 1
22 61 1
21 61 1
20 61 1
19 61 1
18 61 1
17 60 1
16 60 1
15 60 1
14 60 1
13 60 1
12 60 1
11 61 1
10 61 1
9 61 1
8 61 1
7 62 1
6 63 1
5 64 1
4 65 1
4 66 1
4 67 1
3 68 1
3 69 1
3 70 1
3 71 1
2 72 1
2 73 1
2 74 1
2 75 1
2 76 1
2 77 1
2 78 1
2 79 1
1 80 1
1 81 1
2 82 1
2 83 1
2 84 1
2 85 1
2 86 1
3 87 1
3 88 1
3 89 1
3 90 1
3 91 1
4 92 1
5 93 1
6 94 1
7 95 1
8 96 1
9 97 1
10 98 1
11 98 1
12 99 1
13 99 1
14 100 1
15 100 1
16 101 1
17 101 1
18 101 1
19 102 1
20 102 1
21 103 1
22 103 1
23 103 1
24 104 1
25 104 1
26 104 1
27 105 1
28 105 1
29 106 1
30 106 1
31 106 1
32 106 1
33 106 1
34 106 1
35 107 1
36 107 1
37 107 1
38 107 1
39 107 1
40 107 1
.PEN_UP
.PEN_DOWN
51 63 1
54 64 1
55 64 1
56 64 1
57 64 1
58 64 1
59 64 1
60 64 1
61 64 1
62 64 1
63 65 1
64 65 1
65 65 1
66 65 1
67 65 1
68 66 1
69 66 1
70 66 1
71 66 1
72 66 1
73 66 1
74 67 1
75 67 1
76 67 1
77 67 1
78 67 1
79 67 1
80 67 1
81 68 1
82 68 1
83 68 1
84 68 1
85 68 1
86 68 1
87 69 1
88 69 1
89 69 1
90 69 1
91 69 1
92 70 1
93 70 1
.PEN_UP
.PEN_DOWN
52 63 1
52 65 1
52 66 1
52 67 1
52 68 1
52 69 1
52 70 1
52 71 1
52 72 1
52 73 1
53 74 1
53 75 1
53 76 1
53 77 1
53 78 1
53 79 1
53 80 1
53 81 1
53 82 1
53 83 1
53 84 1
53 85 1
53 86 1
53 87 1
53 88 1
53 89 1
54 90 1
54 92 1
54 93 1
54 94 1
55 95 1
56 96 1
58 94 1
59 93 1
59 92 1
59 91 1
59 90 1
58 89 1
57 90 1
56 90 1
55 90 1
.PEN_UP
.PEN_DOWN
57 95 1
58 97 1
58 98 1
58 99 1
57 100 1
57 101 1
57 102 1
57 103 1
57 104 1
57 105 1
57 106 1
57 107 1
57 108 1
57 109 1
57 110 1
57 111 1
58 112 1
58 113 1
58 114 1
58 115 1
58 116 1
58 117 1
58 118 1
58 119 1
58 120 1
58 121 1
58 122 1
58 123 1
58 124 1
58 125 1
58 126 1
58 127 1
58 128 1
58 129 1
58 130 1
58 131 1
58 132 1
58 133 1
58 134 1
58 135 1
58 136 1
58 137 1
58 138 1
58 139 1
58 140 1
59 141 1
60 141 1
61 141 1
62 141 1
63 141 1
64 141 1
65 141 1
66 141 1
67 141 1
68 141 1
69 142 1
70 142 1
71 142 1
72 142 1
73 142 1
74 143 1
75 143 1
76 143 1
77 143 1
78 143 1
79 143 1
80 143 1
81 143 1
82 143 1
85 145 1
86 145 1
87 145 1
88 145 1
89 145 1
90 145 1
91 145 1
92 146 1
93 146 1
94 146 1
95 146 1
96 146 1
97 147 1
98 147 1
.PEN_UP
.PEN_DOWN
83 142 1
82 141 1
81 140 1
81 139 1
80 138 1
79 137 1
78 136 1
78 135 1
77 134 1
77 133 1
77 132 1
77 131 1
77 130 1
77 129 1
78 128 1
78 127 1
79 126 1
80 125 1
81 124 1
82 123 1
83 122 1
84 122 1
85 121 1
86 121 1
87 122 1
88 122 1
89 123 1
89 124 1
89 125 1
89 126 1
89 127 1
89 128 1
89 129 1
89 130 1
88 131 1
88 132 1
88 133 1
88 134 1
87 135 1
87 136 1
86 137 1
86 138 1
86 139 1
85 140 1
84 141 1
.PEN_UP
.PEN_DOWN
83 144 1
83 146 1
82 147 1
82 148 1
82 149 1
82 150 1
82 151 1
82 152 1
82 153 1
82 154 1
82 155 1
82 156 1
82 157 1
82 158 1
83 159 1
84 160 1
85 161 1
86 162 1
87 162 1
88 162 1
89 162 1
90 162 1
91 162 1
92 163 1
93 163 1
94 162 1
95 162 1
96 162 1
.PEN_UP
.PEN_DOWN
58 142 1
58 143 1
58 144 1
58 145 1
58 146 1
58 147 1
58 148 1
58 149 1
58 150 1
58 151 1
58 152 1
58 153 1
58 154 1
58 155 1
59 156 1
59 157 1
59 158 1
59 159 1
59 160 1
59 161 1
59 162 1
59 163 1
59 164 1
59 165 1
59 166 1
58 167 1
58 168 1
58 169 1
59 170 1
59 171 1
.PEN_UP
.PEN_DOWN
99 92 1
99 91 1
99 90 1
99 89 1
98 88 1
98 87 1
97 86 1
96 85 1
95 84 1
94 84 1
93 84 1
92 83 1
91 83 1
90 83 1
89 84 1
88 84 1
87 85 1
87 86 1
86 87 1
85 88 1
84 89 1
84 90 1
83 91 1
83 92 1
82 93 1
82 94 1
82 95 1
82 96 1
82 97 1
82 98 1
83 99 1
83 100 1
83 101 1
84 102 1
85 102 1
86 102 1
87 102 1
88 103 1
89 103 1
.PEN_UP
.PEN_DOWN
83 103 1
82 104 1
81 104 1
80 105 1
79 105 1
78 106 1
77 107 1
77 108 1
76 109 1
76 110 1
76 111 1
76 112 1
76 113 1
.PEN_UP
