.PEN_DOWN
3 1 1
2 2 1
2 3 1
2 4 1
2 5 1
2 6 1
2 7 1
2 8 1
2 9 1
2 10 1
2 11 1
2 12 1
2 13 1
2 14 1
2 15 1
2 16 1
2 17 1
2 18 1
2 19 1
2 20 1
2 21 1
2 22 1
2 23 1
2 24 1
2 25 1
2 26 1
2 27 1
2 28 1
2 29 1
4 30 1
5 30 1
6 30 1
7 31 1
8 31 1
9 31 1
10 32 1
11 32 1
12 32 1
13 32 1
14 33 1
15 33 1
16 33 1
18 34 1
19 35 1
20 36 1
21 37 1
.PEN_UP
.PEN_DOWN
17 32 1
17 31 1
17 30 1
17 29 1
17 28 1
17 27 1
17 26 1
17 25 1
17 24 1
18 23 1
18 22 1
18 21 1
19 20 1
19 19 1
19 18 1
20 17 1
20 16 1
21 15 1
22 15 1
23 15 1
24 15 1
25 16 1
26 17 1
26 18 1
26 19 1
26 20 1
27 21 1
27 22 1
27 23 1
27 24 1
28 25 1
28 26 1
28 27 1
28 28 1
28 29 1
29 30 1
29 31 1
29 32 1
30 33 1
30 34 1
30 35 1
31 36 1
31 37 1
32 38 1
33 39 1
34 40 1
35 40 1
36 41 1
37 41 1
38 40 1
39 40 1
40 40 1
41 40 1
42 39 1
43 38 1
44 37 1
45 36 1
45 35 1
46 34 1
48 34 1
49 34 1
50 34 1
51 34 1
52 34 1
53 34 1
54 35 1
55 35 1
56 36 1
57 36 1
58 37 1
59 38 1
60 39 1
60 40 1
61 41 1
61 42 1
61 43 1
61 44 1
61 45 1
61 46 1
61 47 1
61 48 1
61 49 1
61 50 1
61 51 1
60 52 1
.PEN_UP
.PEN_DOWN
46 33 1
46 31 1
46 30 1
45 29 1
45 28 1
45 27 1
45 26 1
45 25 1
45 24 1
45 23 1
45 22 1
45 21 1
45 20 1
.PEN_UP
.PEN_DOWN
2 30 1
2 32 1
2 33 1
2 34 1
2 35 1
2 36 1
2 37 1
2 38 1
2 39 1
2 40 1
2 41 1
2 42 1
1 43 1
1 44 1
1 45 1
1 46 1
1 47 1
2 48 1
2 49 1
2 50 1
2 51 1
2 52 1
2 53 1
2 54 1
2 55 1
2 56 1
2 57 1
2 58 1
2 59 1
3 60 1
3 61 1
4 62 1
5 61 1
6 61 1
7 60 1
.PEN_UP
.PEN_DOWN
4 63 1
4 64 1
4 65 1
4 66 1
4 67 1
4 68 1
4 69 1
4 70 1
4 71 1
3 72 1
3 73 1
2 74 1
2 75 1
2 76 1
2 77 1
2 78 1
2 79 1
3 80 1
3 81 1
3 82 1
3 83 1
3 84 1
3 85 1
3 86 1
3 87 1
3 88 1
3 89 1
4 90 1
4 91 1
4 92 1
4 93 1
4 94 1
4 95 1
5 96 1
5 98 1
5 99 1
5 100 1
5 101 1
5 102 1
5 103 1
6 104 1
.PEN_UP
.PEN_DOWN
6 96 1
7 96 1
8 96 1
9 96 1
10 96 1
11 97 1
12 97 1
13 97 1
14 97 1
15 98 1
16 98 1
17 98 1
18 98 1
19 98 1
20 98 1
21 98 1
22 98 1
23 98 1
24 98 1
25 98 1
27 100 1
28 100 1
29 100 1
30 100 1
31 100 1
32 100 1
33 101 1
34 101 1
35 101 1
36 101 1
37 101 1
38 101 1
39 101 1
40 101 1
.PEN_UP
.PEN_DOWN
26 97 1
26 96 1
26 95 1
26 94 1
26 93 1
26 92 1
26 91 1
26 90 1
26 89 1
25 88 1
25 87 1
25 86 1
25 85 1
25 84 1
25 83 1
25 82 1
24 81 1
24 80 1
24 79 1
25 78 1
25 77 1
25 76 1
26 75 1
28 74 1
29 75 1
30 75 1
31 75 1
32 76 1
33 77 1
34 77 1
35 77 1
36 78 1
37 78 1
38 79 1
39 79 1
40 79 1
41 80 1
42 81 1
43 81 1
44 82 1
.PEN_UP
.PEN_DOWN
26 74 1
26 72 1
25 71 1
24 70 1
23 71 1
22 71 1
21 71 1
20 71 1
19 72 1
18 73 1
17 73 1
16 73 1
15 73 1
14 74 1
13 73 1
12 73 1
11 73 1
10 73 1
9 73 1
8 73 1
7 72 1
6 72 1
5 72 1
.PEN_UP
.PEN_DOWN
25 69 1
25 68 1
25 67 1
25 66 1
25 65 1
26 64 1
26 63 1
27 62 1
.PEN_UP
