.PEN_DOWN
49 1 1
50 2 1
50 3 1
50 4 1
51 5 1
53 5 1
54 5 1
55 5 1
56 6 1
57 6 1
58 7 1
.PEN_UP
.PEN_DOWN
51 6 1
51 7 1
51 8 1
51 9 1
50 10 1
50 11 1
50 12 1
50 13 1
50 14 1
50 15 1
50 16 1
50 17 1
50 18 1
50 19 1
51 20 1
51 21 1
51 22 1
51 23 1
51 24 1
51 25 1
51 26 1
52 27 1
54 29 1
55 29 1
56 29 1
57 29 1
58 30 1
59 30 1
60 30 1
61 29 1
62 29 1
63 29 1
64 28 1
65 27 1
66 27 1
69 25 1
69 24 1
69 23 1
69 22 1
69 21 1
69 20 1
69 19 1
.PEN_UP
.PEN_DOWN
69 28 1
73 30 1
74 31 1
75 31 1
76 32 1
77 32 1
78 32 1
79 33 1
80 33 1
81 33 1
82 34 1
83 34 1
84 34 1
85 34 1
86 34 1
87 33 1
88 33 1
89 32 1
89 31 1
89 30 1
89 29 1
90 28 1
90 27 1
90 26 1
90 25 1
90 24 1
90 23 1
89 22 1
89 21 1
89 20 1
88 19 1
88 18 1
88 17 1
87 16 1
87 15 1
87 14 1
87 13 1
86 12 1
85 11 1
85 10 1
84 9 1
83 8 1
82 7 1
.PEN_UP
.PEN_DOWN
69 29 1
71 32 1
71 33 1
71 34 1
71 35 1
71 36 1
71 37 1
71 38 1
71 39 1
71 40 1
71 41 1
71 42 1
71 43 1
71 44 1
71 45 1
71 46 1
71 47 1
71 48 1
71 49 1
71 50 1
71 51 1
71 52 1
70 53 1
69 53 1
68 53 1
67 53 1
66 53 1
65 53 1
64 54 1
63 54 1
62 54 1
61 54 1
60 54 1
59 54 1
58 54 1
57 54 1
56 54 1
55 54 1
54 54 1
53 54 1
52 54 1
51 56 1
50 57 1
49 58 1
49 59 1
49 60 1
49 61 1
49 62 1
49 63 1
49 64 1
49 65 1
49 66 1
49 67 1
49 68 1
49 69 1
49 70 1
49 71 1
48 72 1
45 75 1
44 75 1
43 75 1
42 75 1
41 74 1
40 74 1
39 74 1
38 73 1
37 73 1
36 73 1
35 73 1
34 73 1
33 72 1
32 72 1
31 71 1
30 71 1
29 70 1
28 70 1
27 69 1
26 69 1
25 68 1
24 68 1
23 67 1
21 66 1
20 66 1
19 66 1
18 65 1
17 65 1
16 64 1
15 64 1
14 63 1
13 63 1
12 62 1
11 61 1
10 61 1
9 60 1
8 60 1
7 59 1
6 58 1
5 57 1
4 56 1
3 55 1
3 54 1
2 53 1
2 52 1
1 51 1
1 50 1
1 49 1
1 48 1
2 47 1
3 46 1
4 45 1
5 44 1
6 43 1
7 43 1
8 43 1
9 43 1
10 43 1
11 43 1
12 43 1
13 44 1
14 44 1
15 45 1
16 46 1
17 47 1
18 48 1
19 49 1
19 50 1
19 51 1
20 52 1
20 53 1
21 54 1
21 55 1
22 56 1
22 57 1
22 58 1
23 59 1
23 60 1
23 61 1
23 62 1
23 63 1
23 64 1
23 65 1
.PEN_UP
.PEN_DOWN
48 76 1
48 77 1
50 78 1
51 77 1
52 77 1
53 77 1
54 77 1
55 77 1
56 77 1
57 77 1
58 77 1
59 78 1
60 78 1
61 78 1
62 78 1
63 78 1
64 78 1
65 78 1
66 78 1
67 78 1
68 78 1
69 78 1
70 79 1
71 79 1
72 79 1
73 79 1
74 79 1
75 79 1
76 79 1
77 79 1
78 79 1
79 79 1
80 80 1
81 80 1
82 80 1
83 80 1
84 80 1
85 81 1
86 81 1
87 82 1
88 82 1
89 82 1
90 82 1
.PEN_UP
.PEN_DOWN
48 78 1
48 80 1
48 81 1
48 82 1
48 83 1
46 85 1
45 86 1
45 87 1
45 88 1
44 89 1
44 90 1
43 91 1
42 92 1
41 93 1
40 93 1
39 94 1
38 94 1
37 95 1
36 95 1
35 95 1
34 96 1
33 96 1
32 97 1
31 97 1
30 97 1
29 97 1
.PEN_UP
.PEN_DOWN
26 98 1
25 98 1
22 98 1
21 98 1
20 99 1
19 99 1
18 99 1
17 99 1
16 99 1
15 99 1
14 99 1
13 99 1
12 98 1
11 98 1
10 98 1
9 98 1
8 98 1
7 98 1
6 97 1
5 97 1
4 96 1
3 95 1
2 94 1
1 93 1
1 92 1
2 91 1
2 90 1
2 89 1
3 88 1
4 87 1
5 87 1
6 86 1
7 85 1
8 85 1
9 84 1
10 84 1
11 84 1
12 85 1
13 86 1
14 86 1
15 87 1
16 87 1
17 88 1
18 89 1
19 90 1
20 91 1
20 92 1
21 93 1
22 94 1
23 95 1
23 96 1
24 97 1
.PEN_UP
.PEN_DOWN
47 84 1
50 85 1
51 86 1
51 87 1
51 88 1
51 89 1
51 90 1
51 91 1
51 92 1
51 93 1
51 94 1
51 95 1
51 96 1
51 97 1
51 98 1
51 99 1
51 100 1
52 101 1
52 102 1
52 103 1
52 104 1
53 105 1
53 107 1
52 108 1
52 109 1
52 110 1
52 111 1
52 112 1
52 113 1
53 114 1
53 115 1
53 116 1
53 117 1
53 118 1
55 119 1
56 119 1
57 119 1
58 119 1
59 119 1
60 119 1
61 119 1
62 119 1
63 119 1
64 118 1
65 118 1
66 118 1
67 117 1
68 116 1
69 115 1
70 114 1
72 115 1
73 115 1
74 116 1
75 117 1
76 117 1
77 118 1
78 118 1
79 119 1
80 119 1
81 120 1
82 120 1
83 121 1
84 121 1
85 121 1
86 121 1
87 122 1
88 122 1
89 123 1
90 123 1
91 124 1
92 125 1
93 126 1
94 127 1
95 128 1
95 129 1
95 130 1
95 131 1
96 132 1
97 133 1
97 134 1
97 135 1
97 136 1
97 137 1
97 138 1
97 139 1
97 140 1
97 141 1
96 142 1
96 143 1
96 144 1
96 145 1
95 146 1
95 147 1
.PEN_UP
.PEN_DOWN
71 113 1
70 112 1
70 111 1
71 110 1
71 109 1
71 108 1
71 107 1
71 106 1
71 105 1
71 104 1
72 103 1
72 102 1
71 101 1
71 100 1
.PEN_UP
.PEN_DOWN
53 119 1
52 120 1
52 121 1
52 122 1
52 123 1
52 124 1
52 125 1
52 126 1
52 127 1
52 128 1
52 129 1
52 130 1
52 131 1
51 132 1
51 133 1
51 134 1
51 135 1
51 136 1
.PEN_UP
