.PEN_DOWN
32 1 1
32 2 1
31 3 1
31 4 1
31 5 1
31 6 1
31 7 1
31 8 1
31 9 1
31 10 1
30 11 1
29 11 1
28 11 1
27 11 1
26 11 1
25 11 1
24 10 1
23 10 1
22 10 1
21 10 1
20 10 1
19 10 1
18 10 1
17 10 1
16 10 1
15 10 1
14 10 1
13 9 1
12 9 1
11 9 1
10 10 1
9 10 1
8 10 1
7 11 1
6 12 1
5 13 1
5 14 1
4 15 1
3 16 1
3 17 1
2 18 1
2 19 1
1 20 1
1 21 1
1 22 1
1 23 1
1 24 1
1 25 1
1 26 1
1 27 1
1 28 1
1 29 1
1 30 1
1 31 1
1 32 1
1 33 1
1 34 1
1 35 1
1 36 1
2 37 1
2 38 1
2 39 1
2 40 1
3 41 1
3 42 1
3 43 1
3 44 1
4 45 1
4 46 1
4 47 1
4 48 1
5 49 1
5 50 1
6 51 1
6 52 1
7 53 1
7 54 1
8 55 1
8 56 1
9 57 1
10 58 1
11 59 1
12 60 1
13 60 1
14 61 1
15 62 1
16 63 1
17 64 1
18 64 1
19 65 1
20 65 1
21 65 1
22 66 1
23 66 1
24 66 1
25 67 1
26 67 1
27 67 1
28 67 1
29 68 1
30 68 1
31 68 1
32 67 1
32 66 1
32 65 1
32 64 1
32 63 1
32 62 1
32 61 1
32 60 1
32 59 1
32 58 1
32 57 1
32 56 1
32 55 1
32 54 1
32 53 1
32 52 1
32 51 1
32 50 1
32 49 1
32 48 1
32 47 1
32 46 1
32 45 1
32 44 1
32 43 1
32 42 1
32 41 1
32 40 1
32 39 1
32 38 1
32 37 1
32 36 1
32 35 1
32 34 1
32 33 1
32 32 1
32 31 1
32 30 1
32 29 1
32 28 1
32 27 1
32 26 1
32 25 1
32 24 1
32 23 1
32 22 1
32 21 1
32 20 1
32 19 1
32 18 1
32 17 1
32 16 1
32 15 1
32 14 1
34 13 1
35 13 1
36 13 1
37 13 1
38 13 1
39 13 1
40 14 1
41 14 1
42 14 1
43 14 1
44 15 1
45 15 1
46 15 1
47 15 1
48 15 1
49 16 1
50 16 1
51 16 1
52 16 1
53 16 1
54 17 1
55 17 1
56 17 1
57 17 1
58 17 1
59 17 1
60 18 1
61 18 1
62 18 1
63 18 1
64 18 1
65 19 1
66 19 1
67 19 1
68 19 1
69 19 1
70 20 1
.PEN_UP
.PEN_DOWN
32 69 1
33 70 1
35 70 1
36 70 1
37 70 1
38 70 1
39 70 1
40 71 1
41 71 1
42 71 1
43 71 1
44 71 1
45 72 1
46 72 1
47 72 1
48 72 1
49 72 1
50 72 1
51 72 1
52 73 1
53 73 1
54 73 1
55 73 1
56 73 1
57 73 1
58 72 1
60 73 1
61 73 1
62 73 1
63 73 1
64 73 1
65 74 1
66 74 1
67 74 1
68 74 1
69 74 1
70 74 1
71 74 1
.PEN_UP
.PEN_DOWN
58 71 1
58 70 1
58 69 1
58 68 1
58 67 1
58 66 1
58 65 1
58 64 1
59 63 1
60 62 1
61 62 1
62 61 1
63 60 1
64 60 1
65 59 1
67 59 1
68 59 1
69 60 1
70 60 1
.PEN_UP
.PEN_DOWN
65 58 1
64 57 1
64 56 1
64 55 1
63 54 1
63 53 1
62 52 1
62 51 1
62 50 1
62 49 1
62 48 1
62 47 1
62 46 1
63 45 1
64 44 1
65 43 1
66 42 1
67 41 1
68 40 1
69 40 1
70 40 1
71 40 1
72 40 1
73 41 1
74 41 1
75 41 1
76 42 1
77 43 1
77 44 1
.PEN_UP
.PEN_DOWN
34 70 1
32 72 1
32 73 1
32 74 1
32 75 1
32 76 1
32 77 1
32 78 1
32 79 1
32 80 1
32 81 1
32 82 1
32 83 1
32 84 1
32 85 1
32 86 1
32 87 1
32 88 1
32 89 1
32 90 1
32 91 1
33 92 1
35 93 1
36 93 1
37 93 1
38 93 1
39 93 1
40 93 1
41 92 1
42 92 1
43 92 1
44 92 1
45 92 1
46 91 1
47 91 1
48 91 1
49 91 1
50 91 1
51 91 1
52 91 1
53 91 1
54 91 1
55 91 1
56 92 1
56 93 1
56 94 1
56 95 1
56 96 1
56 97 1
56 98 1
58 100 1
59 100 1
60 101 1
61 101 1
62 102 1
63 103 1
64 104 1
65 105 1
66 106 1
67 107 1
68 108 1
69 109 1
70 110 1
71 111 1
72 112 1
72 113 1
73 114 1
74 115 1
74 116 1
.PEN_UP
.PEN_DOWN
56 99 1
56 101 1
56 102 1
56 103 1
56 104 1
56 105 1
56 106 1
56 107 1
56 108 1
56 109 1
55 110 1
55 111 1
54 112 1
53 113 1
52 113 1
51 113 1
50 113 1
49 113 1
48 113 1
47 113 1
46 113 1
45 113 1
44 113 1
43 113 1
42 113 1
41 113 1
40 114 1
39 114 1
38 114 1
37 114 1
36 115 1
35 115 1
34 115 1
32 114 1
32 113 1
32 112 1
32 111 1
32 110 1
32 109 1
32 108 1
32 107 1
32 106 1
32 105 1
32 104 1
32 103 1
32 102 1
32 101 1
32 100 1
32 99 1
32 98 1
32 97 1
33 96 1
33 95 1
33 94 1
.PEN_UP
.PEN_DOWN
33 115 1
33 117 1
33 118 1
33 119 1
33 120 1
33 121 1
33 122 1
.PEN_UP
