.PEN_DOWN
46 1 1
46 2 1
46 3 1
46 4 1
46 5 1
46 6 1
46 7 1
46 8 1
46 9 1
46 10 1
46 11 1
46 12 1
47 13 1
45 14 1
44 14 1
43 14 1
42 14 1
41 14 1
40 14 1
39 14 1
38 14 1
37 14 1
36 14 1
35 14 1
34 14 1
33 14 1
32 14 1
31 14 1
30 13 1
29 13 1
28 13 1
27 13 1
26 13 1
25 14 1
24 14 1
23 14 1
22 14 1
21 14 1
20 14 1
19 15 1
18 15 1
17 15 1
16 15 1
15 16 1
14 16 1
13 16 1
12 16 1
11 17 1
10 17 1
9 18 1
9 19 1
9 20 1
8 21 1
8 22 1
7 23 1
7 24 1
7 25 1
7 26 1
7 27 1
8 28 1
8 29 1
8 30 1
8 31 1
8 32 1
8 33 1
9 34 1
9 35 1
9 36 1
10 37 1
10 38 1
10 39 1
11 40 1
11 41 1
11 42 1
12 43 1
12 44 1
13 45 1
14 46 1
14 47 1
15 48 1
16 49 1
17 50 1
18 51 1
19 52 1
20 53 1
21 53 1
22 53 1
23 54 1
24 54 1
25 54 1
26 54 1
27 55 1
28 55 1
29 55 1
30 56 1
31 56 1
32 56 1
33 56 1
34 56 1
35 57 1
36 57 1
37 57 1
38 57 1
39 58 1
40 58 1
41 58 1
42 58 1
43 58 1
44 58 1
45 59 1
46 59 1
47 59 1
50 60 1
51 60 1
52 61 1
53 61 1
54 61 1
55 61 1
56 61 1
57 61 1
58 61 1
59 61 1
60 61 1
61 61 1
62 61 1
63 61 1
64 62 1
65 62 1
66 62 1
67 62 1
68 61 1
69 62 1
70 62 1
71 62 1
72 62 1
73 62 1
74 62 1
75 62 1
77 63 1
78 63 1
79 63 1
80 63 1
81 63 1
82 63 1
83 63 1
84 63 1
85 63 1
86 63 1
87 62 1
88 62 1
.PEN_UP
.PEN_DOWN
76 61 1
77 60 1
77 59 1
77 58 1
78 57 1
78 56 1
78 55 1
78 54 1
78 53 1
78 52 1
78 51 1
78 50 1
78 49 1
78 48 1
77 47 1
77 46 1
76 45 1
75 44 1
74 43 1
73 42 1
72 42 1
71 42 1
70 42 1
69 42 1
68 42 1
67 43 1
66 44 1
65 45 1
64 46 1
64 47 1
64 48 1
64 49 1
64 50 1
64 51 1
64 52 1
65 53 1
65 54 1
66 55 1
66 56 1
67 57 1
67 58 1
67 59 1
68 60 1
.PEN_UP
.PEN_DOWN
48 58 1
48 57 1
47 56 1
47 55 1
47 54 1
47 53 1
47 52 1
47 51 1
47 50 1
47 49 1
47 48 1
47 47 1
47 46 1
47 45 1
47 44 1
47 43 1
47 42 1
47 41 1
47 40 1
47 39 1
47 38 1
47 37 1
47 36 1
47 35 1
47 34 1
47 33 1
47 32 1
47 31 1
47 30 1
47 29 1
47 28 1
47 27 1
47 26 1
47 25 1
47 24 1
47 23 1
47 22 1
47 21 1
47 20 1
47 19 1
47 18 1
48 17 1
49 17 1
50 17 1
51 17 1
52 17 1
53 17 1
54 18 1
55 18 1
56 18 1
57 18 1
58 18 1
59 18 1
60 18 1
61 18 1
62 18 1
63 18 1
64 19 1
65 19 1
66 19 1
67 19 1
68 19 1
69 19 1
70 20 1
71 20 1
72 20 1
73 20 1
74 20 1
75 21 1
76 21 1
77 21 1
78 22 1
79 22 1
80 22 1
81 22 1
82 22 1
83 23 1
84 22 1
85 22 1
.PEN_UP
.PEN_DOWN
48 60 1
48 62 1
48 63 1
48 64 1
48 65 1
48 66 1
48 67 1
48 68 1
48 69 1
48 70 1
48 71 1
48 72 1
48 73 1
48 74 1
48 75 1
48 76 1
48 77 1
48 78 1
48 79 1
48 80 1
48 81 1
48 82 1
48 83 1
48 84 1
48 85 1
48 86 1
48 87 1
48 88 1
48 89 1
49 90 1
52 89 1
53 89 1
54 88 1
55 88 1
56 88 1
57 88 1
58 88 1
59 88 1
60 89 1
61 90 1
62 91 1
62 92 1
62 93 1
62 94 1
62 95 1
62 96 1
63 97 1
63 98 1
63 99 1
63 100 1
65 100 1
66 100 1
67 100 1
68 99 1
69 98 1
70 97 1
71 97 1
72 97 1
73 96 1
74 96 1
75 96 1
77 98 1
78 99 1
79 100 1
80 100 1
81 101 1
82 102 1
83 102 1
84 102 1
85 103 1
86 103 1
87 104 1
88 104 1
89 105 1
90 105 1
91 106 1
91 107 1
91 108 1
92 109 1
91 110 1
91 111 1
91 112 1
90 113 1
90 114 1
90 115 1
.PEN_UP
.PEN_DOWN
76 95 1
76 94 1
76 93 1
77 92 1
77 91 1
78 90 1
79 89 1
80 88 1
.PEN_UP
.PEN_DOWN
62 102 1
61 102 1
58 102 1
57 102 1
56 102 1
55 102 1
54 101 1
53 100 1
52 99 1
48 102 1
48 103 1
48 104 1
48 105 1
48 106 1
48 107 1
48 108 1
48 109 1
48 110 1
48 111 1
48 112 1
48 113 1
48 114 1
48 115 1
48 116 1
48 117 1
49 118 1
47 119 1
46 119 1
45 119 1
44 119 1
43 119 1
42 118 1
41 118 1
40 118 1
39 117 1
38 117 1
37 116 1
36 115 1
35 114 1
34 114 1
33 113 1
32 113 1
31 112 1
30 112 1
29 111 1
28 110 1
27 110 1
26 109 1
25 108 1
24 107 1
23 107 1
22 106 1
21 105 1
20 105 1
19 104 1
19 103 1
18 102 1
16 101 1
15 101 1
14 100 1
13 99 1
12 98 1
11 97 1
10 96 1
9 95 1
8 94 1
8 93 1
7 92 1
6 91 1
5 90 1
4 89 1
4 88 1
3 87 1
3 86 1
2 85 1
2 84 1
1 83 1
1 82 1
1 81 1
2 80 1
3 79 1
4 78 1
5 77 1
6 77 1
7 77 1
8 76 1
9 77 1
10 77 1
11 77 1
12 77 1
13 78 1
14 79 1
15 80 1
16 81 1
16 82 1
17 83 1
18 84 1
18 85 1
19 86 1
19 87 1
19 88 1
19 89 1
20 90 1
20 91 1
20 92 1
20 93 1
20 94 1
20 95 1
20 96 1
20 97 1
20 98 1
20 99 1
.PEN_UP
.PEN_DOWN
49 121 1
49 122 1
51 123 1
52 123 1
53 123 1
54 123 1
55 123 1
56 123 1
57 123 1
58 123 1
59 123 1
60 123 1
61 123 1
62 123 1
63 123 1
64 124 1
65 124 1
66 124 1
67 124 1
68 124 1
69 125 1
70 125 1
71 125 1
72 126 1
73 126 1
74 126 1
75 126 1
76 127 1
77 127 1
78 127 1
79 127 1
80 127 1
81 128 1
82 128 1
83 128 1
84 128 1
85 128 1
86 128 1
87 128 1
88 128 1
89 128 1
90 127 1
91 127 1
92 127 1
93 127 1
.PEN_UP
.PEN_DOWN
49 123 1
49 125 1
49 126 1
49 127 1
49 128 1
49 129 1
49 130 1
49 131 1
49 132 1
49 133 1
49 134 1
49 135 1
49 136 1
49 137 1
49 138 1
49 139 1
49 140 1
49 141 1
49 142 1
49 143 1
49 144 1
49 145 1
49 146 1
50 147 1
52 148 1
53 148 1
54 148 1
55 148 1
56 148 1
57 149 1
58 149 1
59 149 1
60 149 1
61 149 1
62 149 1
63 149 1
64 149 1
65 150 1
66 150 1
67 150 1
68 150 1
69 150 1
70 150 1
71 150 1
72 150 1
73 150 1
74 150 1
75 150 1
76 150 1
77 151 1
78 152 1
79 153 1
79 154 1
77 156 1
76 156 1
75 157 1
74 157 1
73 158 1
72 158 1
71 159 1
70 159 1
69 160 1
68 160 1
67 161 1
66 162 1
65 162 1
64 163 1
63 163 1
62 164 1
61 165 1
60 166 1
59 167 1
58 167 1
57 168 1
57 169 1
57 170 1
56 171 1
57 173 1
58 173 1
59 173 1
60 173 1
61 173 1
62 173 1
63 173 1
64 173 1
65 173 1
66 173 1
67 173 1
68 173 1
69 174 1
70 174 1
71 174 1
72 174 1
73 174 1
74 174 1
75 174 1
76 174 1
77 174 1
78 174 1
79 174 1
80 174 1
81 174 1
82 174 1
83 175 1
84 175 1
85 175 1
86 175 1
87 175 1
88 175 1
89 175 1
90 175 1
91 175 1
92 175 1
93 175 1
.PEN_UP
.PEN_DOWN
54 172 1
53 172 1
51 171 1
50 170 1
50 169 1
50 168 1
50 167 1
50 166 1
50 165 1
50 164 1
50 163 1
50 162 1
50 161 1
50 160 1
50 159 1
50 158 1
50 157 1
50 156 1
50 155 1
50 154 1
50 153 1
50 152 1
50 151 1
50 150 1
50 149 1
.PEN_UP
.PEN_DOWN
52 172 1
51 174 1
51 175 1
51 176 1
51 177 1
51 178 1
51 179 1
51 180 1
51 181 1
51 182 1
51 183 1
51 184 1
51 185 1
51 186 1
52 187 1
52 188 1
.PEN_UP
.PEN_DOWN
78 155 1
81 156 1
82 157 1
82 158 1
82 159 1
82 160 1
82 161 1
81 162 1
81 163 1
81 164 1
81 165 1
80 166 1
80 167 1
79 168 1
78 169 1
78 170 1
77 171 1
.PEN_UP
.PEN_DOWN
51 99 1
50 97 1
50 96 1
50 95 1
50 94 1
50 93 1
50 92 1
50 91 1
.PEN_UP
.PEN_DOWN
60 102 1
60 104 1
60 105 1
59 106 1
.PEN_UP
