.PEN_DOWN
44 1 1
44 2 1
44 3 1
44 4 1
44 5 1
44 6 1
44 7 1
44 8 1
44 9 1
44 10 1
44 11 1
44 12 1
44 13 1
44 14 1
44 15 1
44 16 1
44 17 1
44 18 1
44 22 1
44 23 1
44 24 1
44 25 1
44 26 1
44 27 1
44 28 1
44 29 1
43 30 1
43 31 1
43 32 1
43 33 1
44 34 1
43 35 1
43 36 1
43 37 1
43 38 1
43 39 1
43 40 1
43 41 1
43 42 1
43 43 1
43 44 1
43 45 1
43 46 1
43 47 1
43 48 1
43 49 1
43 50 1
43 51 1
43 52 1
43 53 1
43 54 1
43 55 1
43 56 1
43 57 1
43 58 1
43 59 1
43 60 1
43 61 1
43 62 1
43 63 1
43 64 1
43 65 1
43 66 1
43 67 1
43 68 1
42 69 1
43 72 1
43 73 1
43 74 1
43 75 1
43 76 1
43 77 1
43 78 1
43 79 1
43 80 1
43 81 1
43 82 1
43 83 1
43 84 1
43 85 1
43 86 1
43 87 1
44 88 1
44 89 1
44 90 1
44 91 1
44 92 1
44 93 1
45 94 1
45 95 1
45 96 1
45 97 1
45 98 1
45 99 1
45 100 1
45 101 1
45 102 1
45 103 1
45 104 1
45 105 1
45 106 1
45 107 1
45 108 1
45 109 1
45 110 1
46 111 1
46 112 1
47 113 1
48 114 1
50 117 1
51 117 1
52 118 1
53 119 1
54 119 1
55 119 1
56 119 1
57 119 1
58 119 1
59 119 1
60 118 1
61 118 1
63 120 1
63 121 1
64 122 1
64 123 1
65 124 1
66 125 1
66 126 1
67 127 1
67 128 1
67 129 1
68 130 1
68 131 1
67 132 1
67 133 1
67 134 1
66 135 1
66 136 1
64 138 1
63 138 1
62 138 1
61 138 1
60 138 1
59 138 1
58 138 1
57 138 1
56 138 1
55 138 1
54 138 1
53 138 1
52 138 1
51 138 1
50 138 1
48 137 1
48 136 1
48 135 1
48 134 1
47 133 1
47 132 1
47 131 1
47 130 1
47 129 1
47 128 1
47 127 1
47 126 1
47 125 1
47 124 1
47 123 1
46 122 1
46 121 1
46 120 1
46 119 1
46 118 1
47 117 1
48 116 1
49 113 1
50 112 1
51 111 1
51 110 1
52 109 1
53 108 1
.PEN_UP
.PEN_DOWN
49 138 1
48 140 1
48 141 1
48 142 1
48 143 1
48 144 1
49 145 1
49 146 1
49 147 1
49 148 1
49 149 1
49 150 1
49 151 1
49 152 1
49 153 1
49 154 1
49 155 1
49 156 1
49 157 1
49 158 1
50 159 1
50 162 1
50 163 1
50 164 1
50 165 1
49 166 1
49 167 1
49 168 1
49 169 1
50 170 1
51 171 1
.PEN_UP
.PEN_DOWN
50 160 1
52 160 1
53 160 1
54 160 1
55 160 1
56 160 1
57 160 1
58 161 1
59 161 1
60 161 1
61 161 1
62 161 1
63 161 1
64 162 1
65 162 1
66 162 1
67 162 1
68 162 1
69 163 1
70 163 1
71 163 1
72 163 1
73 164 1
74 164 1
75 164 1
76 164 1
77 165 1
78 165 1
79 165 1
80 165 1
81 165 1
82 166 1
.PEN_UP
.PEN_DOWN
65 137 1
67 138 1
68 139 1
69 139 1
70 139 1
71 139 1
72 139 1
73 139 1
74 139 1
75 139 1
76 140 1
77 140 1
78 140 1
79 141 1
80 141 1
.PEN_UP
.PEN_DOWN
62 117 1
62 116 1
62 115 1
63 114 1
63 113 1
64 112 1
64 111 1
.PEN_UP
.PEN_DOWN
41 69 1
40 69 1
39 69 1
38 69 1
37 69 1
36 68 1
35 68 1
34 68 1
33 67 1
32 67 1
31 67 1
30 67 1
29 67 1
28 67 1
27 66 1
26 66 1
25 66 1
24 66 1
23 65 1
22 65 1
21 65 1
20 64 1
19 64 1
18 63 1
17 63 1
16 62 1
15 62 1
14 61 1
13 61 1
12 60 1
11 59 1
10 58 1
9 57 1
8 56 1
7 55 1
7 54 1
7 53 1
6 52 1
5 51 1
5 50 1
4 49 1
4 48 1
4 47 1
3 46 1
3 45 1
3 44 1
3 43 1
3 42 1
3 41 1
2 40 1
2 39 1
2 38 1
2 37 1
1 36 1
1 35 1
1 34 1
1 33 1
1 32 1
1 31 1
1 30 1
1 29 1
1 28 1
2 27 1
2 26 1
2 25 1
2 24 1
3 23 1
4 22 1
5 21 1
6 21 1
7 20 1
8 20 1
9 20 1
10 20 1
11 20 1
12 19 1
13 19 1
14 19 1
15 19 1
16 19 1
17 19 1
18 19 1
19 19 1
20 19 1
21 19 1
22 19 1
23 19 1
24 19 1
25 19 1
26 19 1
27 19 1
28 19 1
29 19 1
30 19 1
31 19 1
32 19 1
33 19 1
34 19 1
35 19 1
36 19 1
37 19 1
38 19 1
39 19 1
40 19 1
41 19 1
42 19 1
43 19 1
47 21 1
48 21 1
49 21 1
50 21 1
51 22 1
52 22 1
53 22 1
54 22 1
55 23 1
56 23 1
57 23 1
58 23 1
59 24 1
60 24 1
61 24 1
62 24 1
63 24 1
64 25 1
65 25 1
66 25 1
67 25 1
68 25 1
69 25 1
70 25 1
71 25 1
72 25 1
73 26 1
74 26 1
75 26 1
76 26 1
77 26 1
78 26 1
79 26 1
80 27 1
81 27 1
82 27 1
83 27 1
.PEN_UP
.PEN_DOWN
43 70 1
46 70 1
47 70 1
48 70 1
49 71 1
50 71 1
51 71 1
52 72 1
53 72 1
54 72 1
55 72 1
56 73 1
57 73 1
58 73 1
59 73 1
60 73 1
61 74 1
62 74 1
63 74 1
64 72 1
63 71 1
63 70 1
63 69 1
62 68 1
62 67 1
62 66 1
61 65 1
61 64 1
60 63 1
60 62 1
60 61 1
60 60 1
60 59 1
60 58 1
60 57 1
61 56 1
62 55 1
62 54 1
63 53 1
64 52 1
65 52 1
66 51 1
67 51 1
68 50 1
69 50 1
70 50 1
71 51 1
72 52 1
73 53 1
74 53 1
75 54 1
76 55 1
76 56 1
77 57 1
77 58 1
78 59 1
78 60 1
78 61 1
78 62 1
78 63 1
78 64 1
78 65 1
78 66 1
77 67 1
77 68 1
76 69 1
76 70 1
75 71 1
75 72 1
74 73 1
74 74 1
73 75 1
71 76 1
70 76 1
69 76 1
68 76 1
67 76 1
66 76 1
65 77 1
65 78 1
65 79 1
64 80 1
64 81 1
63 82 1
63 83 1
63 84 1
63 85 1
63 86 1
63 87 1
63 88 1
64 89 1
64 90 1
65 91 1
66 92 1
67 93 1
68 94 1
69 94 1
70 94 1
71 95 1
72 95 1
73 95 1
74 95 1
75 95 1
76 95 1
77 95 1
78 95 1
79 95 1
80 95 1
81 96 1
82 96 1
.PEN_UP
.PEN_DOWN
72 76 1
74 77 1
75 77 1
76 77 1
77 77 1
78 77 1
79 77 1
80 77 1
81 77 1
82 77 1
83 78 1
84 79 1
.PEN_UP
