.PEN_DOWN
49 1 1
49 2 1
49 3 1
49 4 1
49 5 1
49 6 1
49 7 1
49 8 1
49 9 1
49 10 1
49 11 1
48 12 1
47 12 1
46 12 1
45 12 1
44 12 1
43 11 1
42 11 1
41 11 1
40 11 1
39 11 1
38 11 1
37 11 1
36 11 1
35 11 1
34 11 1
33 11 1
32 11 1
31 11 1
30 11 1
29 11 1
28 11 1
27 10 1
26 10 1
25 10 1
24 10 1
23 10 1
22 10 1
21 10 1
20 10 1
19 11 1
18 11 1
17 11 1
16 11 1
15 11 1
14 11 1
13 11 1
12 11 1
11 11 1
10 11 1
9 11 1
8 12 1
7 12 1
6 12 1
5 13 1
4 14 1
3 15 1
3 16 1
2 17 1
1 18 1
1 19 1
1 20 1
1 21 1
1 22 1
1 23 1
1 24 1
2 25 1
2 26 1
3 27 1
3 28 1
4 29 1
4 30 1
5 31 1
5 32 1
5 33 1
6 34 1
7 35 1
8 36 1
9 37 1
10 38 1
11 39 1
12 39 1
13 40 1
14 41 1
15 42 1
16 42 1
17 43 1
18 43 1
19 44 1
20 44 1
21 45 1
22 46 1
23 47 1
24 47 1
25 48 1
26 48 1
27 49 1
28 49 1
29 49 1
30 50 1
31 50 1
32 51 1
33 51 1
34 51 1
35 52 1
36 53 1
37 53 1
38 53 1
39 53 1
40 53 1
41 54 1
42 54 1
43 54 1
44 54 1
45 54 1
46 55 1
47 55 1
48 55 1
49 55 1
50 55 1
53 56 1
54 56 1
55 56 1
56 56 1
57 56 1
58 56 1
59 56 1
60 57 1
61 57 1
62 57 1
63 57 1
64 57 1
65 57 1
68 58 1
69 59 1
70 59 1
71 59 1
.PEN_UP
.PEN_DOWN
66 56 1
66 55 1
66 54 1
66 53 1
66 52 1
67 51 1
67 50 1
68 49 1
69 48 1
70 48 1
71 47 1
72 46 1
73 46 1
74 46 1
75 46 1
76 46 1
77 47 1
78 47 1
79 47 1
80 47 1
81 48 1
82 49 1
83 49 1
84 50 1
85 51 1
86 52 1
87 53 1
88 54 1
89 55 1
90 56 1
91 57 1
91 58 1
91 59 1
91 60 1
91 61 1
92 62 1
92 63 1
92 64 1
92 65 1
94 66 1
95 66 1
96 66 1
97 66 1
98 66 1
99 67 1
100 67 1
101 68 1
102 68 1
103 69 1
103 70 1
.PEN_UP
.PEN_DOWN
91 66 1
90 66 1
89 66 1
88 66 1
87 67 1
86 67 1
85 67 1
84 68 1
83 68 1
.PEN_UP
.PEN_DOWN
51 54 1
51 53 1
51 52 1
50 51 1
50 50 1
50 49 1
50 48 1
50 47 1
50 46 1
50 45 1
50 44 1
50 43 1
50 42 1
50 41 1
50 40 1
50 39 1
50 38 1
50 37 1
50 36 1
50 35 1
50 34 1
50 33 1
50 32 1
50 31 1
50 30 1
50 29 1
50 28 1
50 27 1
50 26 1
50 25 1
50 24 1
50 23 1
50 22 1
50 21 1
49 20 1
49 19 1
49 18 1
49 17 1
49 16 1
49 15 1
49 14 1
51 13 1
52 13 1
53 13 1
54 13 1
55 13 1
56 13 1
57 13 1
58 13 1
59 14 1
60 14 1
61 14 1
62 14 1
63 14 1
64 14 1
65 14 1
66 14 1
67 14 1
68 15 1
69 15 1
70 15 1
71 15 1
72 16 1
73 16 1
74 16 1
75 16 1
76 17 1
77 17 1
78 17 1
79 17 1
80 17 1
81 18 1
.PEN_UP
.PEN_DOWN
51 56 1
51 58 1
51 59 1
51 60 1
51 61 1
51 62 1
51 63 1
52 64 1
52 65 1
52 66 1
52 67 1
52 68 1
52 69 1
52 70 1
52 71 1
52 72 1
52 73 1
52 74 1
52 75 1
52 76 1
52 77 1
52 78 1
52 79 1
52 80 1
52 81 1
52 82 1
52 83 1
52 84 1
52 85 1
52 86 1
52 87 1
52 88 1
52 89 1
52 90 1
52 91 1
52 92 1
52 93 1
52 94 1
52 95 1
52 96 1
52 97 1
52 98 1
52 99 1
52 100 1
52 101 1
52 102 1
52 103 1
52 104 1
52 105 1
52 106 1
52 107 1
52 108 1
52 109 1
52 110 1
52 111 1
52 112 1
52 113 1
52 114 1
53 115 1
55 115 1
56 115 1
57 115 1
58 115 1
59 115 1
60 115 1
61 115 1
62 115 1
63 115 1
64 116 1
65 116 1
66 116 1
67 116 1
68 116 1
69 116 1
70 116 1
71 116 1
72 116 1
73 116 1
74 116 1
75 116 1
76 116 1
77 116 1
78 116 1
79 115 1
80 115 1
81 115 1
82 116 1
83 116 1
84 117 1
85 117 1
86 117 1
87 118 1
88 119 1
.PEN_UP
.PEN_DOWN
82 114 1
82 113 1
82 112 1
82 111 1
82 110 1
83 109 1
83 108 1
83 107 1
82 106 1
82 105 1
81 104 1
80 103 1
79 102 1
78 101 1
77 100 1
76 99 1
75 98 1
74 97 1
72 96 1
71 96 1
70 96 1
69 97 1
68 97 1
67 97 1
66 97 1
65 97 1
64 97 1
63 97 1
62 97 1
61 97 1
60 96 1
59 95 1
58 94 1
57 93 1
57 92 1
57 91 1
58 90 1
59 89 1
59 88 1
60 87 1
61 86 1
62 86 1
63 85 1
64 84 1
.PEN_UP
.PEN_DOWN
73 96 1
74 94 1
74 93 1
75 92 1
75 91 1
.PEN_UP
.PEN_DOWN
54 115 1
52 117 1
52 118 1
52 119 1
52 120 1
52 121 1
52 122 1
52 123 1
52 124 1
52 125 1
52 126 1
52 127 1
52 128 1
52 129 1
52 130 1
52 131 1
52 132 1
52 133 1
53 134 1
54 135 1
55 135 1
56 135 1
57 135 1
58 135 1
59 135 1
60 135 1
61 136 1
62 136 1
63 136 1
64 136 1
65 136 1
66 136 1
67 136 1
68 136 1
69 137 1
70 137 1
71 137 1
72 137 1
73 137 1
74 137 1
75 137 1
76 137 1
77 137 1
78 137 1
79 137 1
80 137 1
81 138 1
82 138 1
83 138 1
84 138 1
85 138 1
86 138 1
87 138 1
88 139 1
89 139 1
.PEN_UP
