.PEN_DOWN
55 2 1
55 3 1
55 4 1
55 5 1
55 6 1
54 7 1
54 8 1
54 9 1
54 10 1
54 11 1
54 12 1
54 13 1
54 14 1
54 15 1
54 16 1
54 17 1
54 18 1
54 19 1
54 20 1
54 21 1
54 22 1
54 23 1
54 24 1
54 25 1
54 26 1
54 27 1
54 28 1
54 29 1
54 30 1
54 31 1
54 32 1
54 33 1
54 34 1
54 35 1
55 36 1
55 37 1
57 38 1
58 38 1
59 38 1
60 38 1
61 38 1
62 38 1
63 38 1
64 39 1
65 39 1
66 39 1
67 39 1
68 40 1
69 40 1
70 40 1
71 40 1
72 40 1
73 40 1
74 40 1
75 41 1
78 41 1
79 41 1
80 41 1
81 41 1
82 41 1
83 41 1
84 41 1
85 41 1
86 41 1
87 41 1
88 41 1
89 42 1
90 42 1
91 42 1
92 42 1
93 42 1
94 43 1
95 43 1
96 44 1
97 44 1
.PEN_UP
.PEN_DOWN
76 40 1
76 39 1
76 38 1
76 37 1
76 36 1
76 35 1
76 34 1
76 33 1
76 32 1
76 31 1
76 30 1
76 29 1
76 28 1
76 27 1
76 26 1
76 25 1
76 24 1
76 23 1
76 22 1
77 21 1
77 20 1
77 19 1
77 18 1
77 17 1
77 14 1
78 13 1
78 12 1
78 11 1
78 10 1
78 9 1
79 8 1
79 7 1
79 6 1
79 5 1
80 4 1
81 3 1
82 2 1
83 2 1
84 1 1
85 1 1
86 1 1
87 1 1
88 1 1
89 2 1
90 3 1
91 4 1
92 5 1
92 6 1
93 7 1
93 8 1
93 9 1
93 10 1
93 11 1
93 12 1
92 13 1
91 14 1
90 15 1
89 16 1
88 16 1
87 16 1
86 16 1
85 16 1
84 16 1
83 16 1
82 16 1
81 16 1
80 16 1
79 16 1
78 16 1
.PEN_UP
.PEN_DOWN
55 38 1
54 40 1
54 41 1
54 42 1
54 43 1
54 44 1
54 45 1
54 46 1
54 47 1
54 48 1
54 49 1
54 50 1
54 51 1
54 52 1
54 53 1
54 54 1
54 55 1
54 56 1
54 57 1
54 58 1
54 59 1
54 60 1
54 61 1
54 62 1
54 63 1
54 64 1
54 65 1
54 66 1
54 67 1
54 68 1
54 69 1
54 70 1
54 71 1
54 72 1
54 73 1
52 74 1
51 74 1
50 74 1
49 74 1
48 73 1
47 73 1
46 73 1
45 73 1
44 73 1
43 73 1
42 73 1
41 73 1
40 72 1
39 72 1
38 72 1
37 72 1
36 71 1
35 71 1
34 71 1
33 70 1
32 70 1
31 70 1
30 70 1
29 70 1
28 70 1
27 70 1
26 69 1
25 69 1
24 69 1
23 69 1
22 69 1
21 69 1
20 69 1
19 69 1
18 69 1
17 69 1
16 69 1
15 69 1
14 69 1
13 69 1
12 69 1
11 69 1
10 69 1
9 70 1
8 70 1
7 70 1
6 71 1
5 71 1
4 72 1
3 73 1
2 74 1
1 75 1
1 76 1
1 77 1
2 78 1
2 79 1
3 80 1
4 81 1
5 81 1
6 82 1
7 83 1
8 84 1
9 84 1
10 85 1
11 85 1
12 85 1
13 86 1
14 87 1
15 87 1
16 88 1
17 88 1
18 89 1
19 90 1
20 90 1
21 91 1
22 91 1
23 92 1
24 93 1
25 93 1
26 94 1
27 94 1
28 95 1
29 95 1
30 96 1
31 96 1
32 97 1
33 97 1
34 98 1
35 99 1
36 99 1
37 100 1
38 101 1
39 101 1
40 102 1
41 102 1
42 103 1
43 103 1
44 104 1
45 104 1
46 105 1
47 105 1
48 105 1
49 105 1
50 106 1
51 106 1
52 106 1
54 108 1
54 109 1
55 110 1
57 110 1
58 110 1
59 111 1
60 111 1
61 111 1
62 111 1
63 111 1
64 112 1
65 112 1
66 113 1
67 113 1
68 113 1
69 113 1
70 113 1
71 113 1
72 113 1
73 114 1
74 114 1
75 114 1
76 115 1
77 115 1
78 115 1
79 115 1
80 115 1
81 115 1
82 115 1
83 115 1
84 115 1
85 115 1
86 115 1
87 115 1
88 115 1
89 115 1
90 115 1
91 115 1
92 115 1
93 115 1
94 115 1
.PEN_UP
.PEN_DOWN
56 110 1
54 112 1
54 113 1
54 114 1
54 115 1
54 116 1
54 117 1
53 118 1
53 119 1
53 120 1
53 121 1
53 122 1
54 123 1
54 124 1
54 125 1
54 126 1
54 127 1
54 128 1
54 129 1
54 130 1
54 131 1
54 132 1
54 133 1
54 134 1
54 135 1
54 136 1
55 137 1
56 137 1
.PEN_UP
.PEN_DOWN
53 105 1
54 104 1
54 103 1
54 102 1
54 101 1
54 100 1
54 99 1
54 98 1
54 97 1
54 96 1
54 95 1
53 94 1
53 93 1
53 92 1
53 91 1
53 90 1
54 89 1
54 88 1
54 87 1
55 86 1
55 85 1
55 84 1
55 83 1
55 82 1
55 81 1
56 80 1
58 81 1
59 81 1
60 81 1
61 81 1
62 81 1
63 81 1
64 81 1
65 81 1
66 81 1
69 82 1
70 82 1
71 83 1
72 84 1
73 85 1
73 86 1
.PEN_UP
.PEN_DOWN
67 80 1
68 79 1
68 78 1
68 77 1
68 76 1
68 75 1
68 74 1
68 73 1
68 72 1
69 71 1
70 70 1
70 69 1
71 68 1
72 67 1
73 67 1
74 67 1
75 67 1
76 68 1
77 69 1
78 70 1
79 71 1
80 72 1
81 72 1
83 71 1
84 71 1
85 70 1
86 69 1
87 68 1
88 67 1
89 66 1
90 65 1
91 65 1
92 65 1
93 65 1
94 64 1
97 62 1
98 62 1
99 62 1
100 61 1
101 61 1
102 61 1
103 61 1
104 61 1
105 61 1
106 61 1
107 61 1
108 61 1
109 62 1
110 62 1
111 62 1
112 63 1
113 63 1
114 64 1
115 65 1
116 66 1
117 67 1
118 68 1
118 69 1
119 70 1
119 71 1
119 72 1
120 73 1
120 74 1
120 75 1
121 76 1
121 77 1
121 78 1
121 79 1
121 80 1
121 81 1
121 82 1
121 83 1
121 84 1
121 85 1
121 86 1
121 87 1
121 88 1
121 89 1
121 90 1
121 91 1
121 92 1
121 93 1
121 94 1
120 95 1
120 96 1
120 97 1
119 98 1
119 99 1
118 100 1
118 101 1
117 102 1
116 103 1
115 104 1
114 104 1
113 104 1
112 105 1
111 106 1
110 107 1
.PEN_UP
.PEN_DOWN
95 63 1
95 66 1
95 67 1
95 68 1
95 69 1
95 70 1
96 71 1
96 72 1
96 73 1
96 74 1
96 75 1
96 76 1
96 77 1
96 78 1
96 79 1
95 80 1
95 81 1
95 82 1
95 83 1
94 84 1
94 85 1
93 86 1
92 87 1
91 87 1
90 86 1
89 86 1
88 85 1
87 84 1
86 83 1
86 82 1
85 81 1
85 80 1
84 79 1
83 78 1
83 77 1
83 76 1
83 75 1
83 74 1
82 73 1
.PEN_UP
.PEN_DOWN
56 79 1
56 78 1
55 77 1
55 76 1
54 75 1
.PEN_UP
