.PEN_DOWN
1 1 1
1 2 1
2 3 1
2 4 1
2 5 1
2 6 1
2 7 1
2 8 1
2 9 1
2 10 1
2 11 1
2 12 1
2 13 1
2 14 1
2 15 1
2 16 1
2 17 1
2 18 1
2 19 1
2 20 1
2 21 1
2 22 1
2 23 1
2 24 1
2 25 1
2 26 1
2 27 1
2 28 1
2 29 1
2 30 1
2 31 1
2 32 1
3 33 1
3 34 1
4 35 1
5 35 1
6 35 1
7 35 1
8 35 1
9 35 1
10 35 1
11 36 1
12 36 1
13 36 1
14 36 1
15 36 1
16 36 1
17 36 1
18 36 1
19 36 1
20 36 1
21 36 1
22 36 1
23 36 1
24 36 1
25 36 1
26 36 1
27 35 1
26 33 1
26 32 1
26 31 1
25 30 1
24 29 1
24 28 1
23 27 1
22 26 1
22 25 1
21 24 1
21 23 1
20 22 1
20 21 1
21 20 1
21 19 1
22 18 1
22 17 1
22 16 1
23 15 1
24 14 1
25 13 1
26 13 1
27 12 1
28 12 1
29 12 1
30 12 1
31 12 1
32 13 1
33 14 1
33 15 1
34 16 1
34 17 1
34 18 1
34 19 1
34 20 1
34 21 1
34 22 1
34 23 1
34 24 1
34 25 1
34 26 1
34 27 1
34 28 1
33 29 1
33 30 1
33 31 1
33 32 1
33 33 1
32 34 1
31 35 1
29 39 1
29 40 1
29 41 1
29 42 1
28 43 1
28 44 1
27 45 1
27 46 1
26 47 1
26 48 1
26 49 1
26 50 1
26 51 1
26 52 1
26 53 1
27 54 1
27 55 1
28 56 1
29 57 1
30 58 1
31 58 1
32 58 1
33 58 1
34 59 1
35 59 1
36 59 1
37 59 1
38 59 1
39 58 1
40 58 1
41 57 1
.PEN_UP
.PEN_DOWN
30 36 1
33 37 1
34 37 1
35 37 1
36 37 1
37 37 1
38 37 1
39 37 1
40 38 1
41 38 1
42 37 1
43 37 1
.PEN_UP
.PEN_DOWN
3 36 1
3 37 1
3 38 1
3 39 1
3 40 1
3 41 1
3 42 1
3 43 1
3 44 1
3 45 1
3 46 1
3 47 1
3 48 1
3 49 1
3 50 1
3 51 1
3 52 1
3 53 1
3 54 1
3 55 1
3 56 1
3 57 1
3 58 1
3 59 1
3 60 1
3 61 1
3 62 1
4 63 1
4 64 1
4 65 1
4 66 1
4 67 1
4 68 1
4 69 1
4 70 1
4 71 1
4 72 1
4 73 1
4 74 1
4 75 1
4 76 1
4 77 1
4 78 1
4 79 1
4 80 1
4 81 1
6 82 1
7 82 1
8 82 1
9 82 1
10 82 1
11 83 1
12 84 1
13 84 1
14 85 1
15 86 1
16 86 1
17 86 1
18 87 1
19 87 1
20 87 1
21 87 1
22 85 1
22 84 1
22 83 1
22 82 1
22 81 1
22 80 1
23 79 1
23 78 1
23 77 1
23 76 1
24 75 1
25 74 1
26 74 1
27 74 1
28 74 1
29 75 1
30 76 1
31 77 1
31 78 1
32 79 1
33 80 1
34 81 1
35 81 1
37 80 1
38 79 1
39 78 1
39 77 1
40 76 1
41 75 1
42 74 1
43 73 1
44 72 1
45 71 1
46 71 1
47 71 1
48 71 1
49 71 1
51 69 1
52 69 1
53 69 1
54 69 1
55 69 1
56 69 1
57 69 1
58 69 1
59 69 1
60 70 1
61 70 1
62 70 1
63 71 1
64 71 1
65 71 1
66 72 1
67 73 1
68 74 1
69 75 1
69 76 1
70 77 1
70 78 1
70 79 1
71 80 1
71 81 1
71 82 1
72 83 1
72 84 1
72 85 1
72 86 1
72 87 1
72 88 1
72 89 1
72 90 1
72 91 1
72 92 1
72 93 1
72 94 1
72 95 1
72 96 1
71 97 1
71 98 1
71 99 1
70 100 1
70 101 1
70 102 1
69 103 1
69 104 1
68 105 1
67 106 1
67 107 1
67 108 1
66 109 1
.PEN_UP
.PEN_DOWN
50 70 1
51 73 1
51 74 1
51 75 1
51 76 1
51 77 1
51 78 1
51 79 1
51 80 1
51 81 1
51 82 1
51 83 1
50 84 1
50 85 1
50 86 1
50 87 1
49 88 1
49 89 1
48 90 1
48 91 1
47 92 1
47 93 1
46 94 1
45 94 1
44 95 1
43 95 1
42 94 1
41 94 1
40 93 1
39 92 1
39 91 1
39 90 1
38 89 1
37 88 1
37 87 1
37 86 1
37 85 1
36 84 1
36 83 1
36 82 1
.PEN_UP
.PEN_DOWN
4 82 1
4 84 1
4 85 1
4 86 1
4 87 1
4 88 1
4 89 1
4 90 1
4 91 1
4 92 1
4 93 1
4 94 1
4 95 1
4 96 1
4 97 1
4 98 1
4 99 1
4 100 1
4 101 1
4 102 1
4 103 1
4 104 1
4 105 1
4 106 1
4 107 1
4 108 1
4 109 1
4 110 1
4 111 1
4 112 1
4 113 1
5 114 1
6 115 1
8 116 1
9 116 1
10 116 1
11 116 1
12 116 1
13 116 1
14 116 1
15 116 1
16 116 1
17 116 1
18 116 1
19 116 1
20 116 1
21 116 1
22 116 1
23 116 1
24 116 1
25 116 1
26 116 1
27 116 1
28 117 1
29 117 1
30 117 1
31 117 1
32 117 1
33 118 1
34 118 1
35 118 1
36 118 1
37 119 1
38 119 1
.PEN_UP
.PEN_DOWN
6 116 1
5 118 1
5 119 1
5 120 1
5 121 1
5 122 1
5 123 1
5 124 1
5 125 1
5 126 1
5 127 1
5 128 1
5 129 1
5 130 1
5 131 1
5 132 1
5 133 1
5 134 1
6 135 1
6 136 1
6 137 1
6 138 1
6 139 1
6 140 1
6 141 1
6 142 1
.PEN_UP
