.PEN_DOWN
2 1 1
1 2 1
1 3 1
1 4 1
1 5 1
1 6 1
1 7 1
1 8 1
1 9 1
1 10 1
1 11 1
1 12 1
1 13 1
1 14 1
1 15 1
1 16 1
2 17 1
2 18 1
2 19 1
2 20 1
2 21 1
2 22 1
2 23 1
2 24 1
2 25 1
2 26 1
2 27 1
2 28 1
2 29 1
2 30 1
2 31 1
2 32 1
2 33 1
2 34 1
2 35 1
2 36 1
2 37 1
2 38 1
2 39 1
2 40 1
2 41 1
2 42 1
2 43 1
2 44 1
2 45 1
2 46 1
2 47 1
2 48 1
2 49 1
2 50 1
2 51 1
2 52 1
2 53 1
2 54 1
2 55 1
2 56 1
2 57 1
2 58 1
2 59 1
2 60 1
3 61 1
4 60 1
5 60 1
6 60 1
7 60 1
8 60 1
9 60 1
10 60 1
11 60 1
12 60 1
13 61 1
14 61 1
15 61 1
16 61 1
17 61 1
18 61 1
19 61 1
20 62 1
21 62 1
22 62 1
23 62 1
24 61 1
26 62 1
27 63 1
28 63 1
29 63 1
30 63 1
31 63 1
32 63 1
34 65 1
35 65 1
36 65 1
37 65 1
38 66 1
39 66 1
40 66 1
41 66 1
42 66 1
43 66 1
44 65 1
.PEN_UP
.PEN_DOWN
33 62 1
34 61 1
34 60 1
34 59 1
34 58 1
34 57 1
35 56 1
35 55 1
35 54 1
35 53 1
35 52 1
35 51 1
35 50 1
35 49 1
35 48 1
35 47 1
34 46 1
34 45 1
34 44 1
33 43 1
32 42 1
31 41 1
30 40 1
29 40 1
28 40 1
27 40 1
26 41 1
25 41 1
24 42 1
23 43 1
23 44 1
22 45 1
22 46 1
22 47 1
21 48 1
21 49 1
21 50 1
21 51 1
22 52 1
22 53 1
22 54 1
22 55 1
23 56 1
23 57 1
23 58 1
24 59 1
24 60 1
.PEN_UP
.PEN_DOWN
2 62 1
2 63 1
2 64 1
2 65 1
2 66 1
2 67 1
2 68 1
2 69 1
2 70 1
3 71 1
3 72 1
3 73 1
3 74 1
3 75 1
3 76 1
3 77 1
3 78 1
3 79 1
3 80 1
3 81 1
3 82 1
3 83 1
3 84 1
3 85 1
4 86 1
4 87 1
4 88 1
3 89 1
3 90 1
3 91 1
3 92 1
3 93 1
3 94 1
3 95 1
3 96 1
3 97 1
3 98 1
3 99 1
3 100 1
3 101 1
3 102 1
3 103 1
3 104 1
3 105 1
3 106 1
3 107 1
3 108 1
3 109 1
4 110 1
5 110 1
6 110 1
7 110 1
8 110 1
9 110 1
10 111 1
11 111 1
12 111 1
13 111 1
14 111 1
15 111 1
16 111 1
17 111 1
18 111 1
19 111 1
20 111 1
21 111 1
22 111 1
23 111 1
24 111 1
27 111 1
28 111 1
29 111 1
30 111 1
31 111 1
32 111 1
33 112 1
34 112 1
35 112 1
36 112 1
37 112 1
38 113 1
39 113 1
40 113 1
41 113 1
42 114 1
43 114 1
44 114 1
45 114 1
46 115 1
.PEN_UP
.PEN_DOWN
25 110 1
25 109 1
25 108 1
25 107 1
25 106 1
25 105 1
25 104 1
25 103 1
25 102 1
25 101 1
25 100 1
25 99 1
25 98 1
26 97 1
26 96 1
27 95 1
28 96 1
29 96 1
30 96 1
31 96 1
32 96 1
33 97 1
34 96 1
35 96 1
36 96 1
37 96 1
38 95 1
39 94 1
40 93 1
41 92 1
41 91 1
42 90 1
42 89 1
42 88 1
42 87 1
42 86 1
42 85 1
41 84 1
40 83 1
39 83 1
38 83 1
37 83 1
36 83 1
35 83 1
34 83 1
33 83 1
32 83 1
31 83 1
30 83 1
29 83 1
28 84 1
28 85 1
28 86 1
27 87 1
27 88 1
27 89 1
27 90 1
27 91 1
27 92 1
27 93 1
27 94 1
.PEN_UP
.PEN_DOWN
3 111 1
3 112 1
3 113 1
3 114 1
3 115 1
3 116 1
3 117 1
3 118 1
3 119 1
3 120 1
3 121 1
3 122 1
4 123 1
4 124 1
4 125 1
4 126 1
4 127 1
4 128 1
4 129 1
4 130 1
4 131 1
4 132 1
4 133 1
4 134 1
4 135 1
4 136 1
4 137 1
4 138 1
4 139 1
4 140 1
4 141 1
4 142 1
4 143 1
4 144 1
4 145 1
4 146 1
4 147 1
4 148 1
4 149 1
4 150 1
4 151 1
4 152 1
4 153 1
4 154 1
4 155 1
5 156 1
5 157 1
5 158 1
5 159 1
5 160 1
5 161 1
5 162 1
5 163 1
5 164 1
6 165 1
6 166 1
6 167 1
5 168 1
.PEN_UP
.PEN_DOWN
10 8 1
9 9 1
9 10 1
9 11 1
9 12 1
9 13 1
8 14 1
8 15 1
8 16 1
8 17 1
8 18 1
8 19 1
8 20 1
8 21 1
8 22 1
8 23 1
8 24 1
9 25 1
10 26 1
11 27 1
12 28 1
13 29 1
14 29 1
15 29 1
16 29 1
17 29 1
18 29 1
19 29 1
20 29 1
21 29 1
22 29 1
23 28 1
24 27 1
25 26 1
26 26 1
27 25 1
28 25 1
29 24 1
30 25 1
31 25 1
32 26 1
33 27 1
34 27 1
35 28 1
36 29 1
37 29 1
38 30 1
39 30 1
40 31 1
41 32 1
42 32 1
43 33 1
44 34 1
45 35 1
45 36 1
46 37 1
46 38 1
46 39 1
46 40 1
46 41 1
46 42 1
46 43 1
46 44 1
46 45 1
46 46 1
46 47 1
46 48 1
45 49 1
.PEN_UP
.PEN_DOWN
29 23 1
29 22 1
29 21 1
29 20 1
29 19 1
29 18 1
30 17 1
30 16 1
31 15 1
.PEN_UP
.PEN_DOWN
13 162 1
14 162 1
15 162 1
16 162 1
17 162 1
18 162 1
19 162 1
20 162 1
21 162 1
22 162 1
23 162 1
24 162 1
25 162 1
26 162 1
27 162 1
29 163 1
30 163 1
31 163 1
32 163 1
33 163 1
34 163 1
35 163 1
36 163 1
37 164 1
38 164 1
39 164 1
40 165 1
41 165 1
42 165 1
43 165 1
44 165 1
45 165 1
46 166 1
47 165 1
48 164 1
.PEN_UP
.PEN_DOWN
28 161 1
28 160 1
28 159 1
28 158 1
28 157 1
28 156 1
28 155 1
28 154 1
28 153 1
28 152 1
28 151 1
28 150 1
28 149 1
28 148 1
28 147 1
28 146 1
28 145 1
28 144 1
29 143 1
29 142 1
29 141 1
29 140 1
30 139 1
31 137 1
31 136 1
31 135 1
31 134 1
32 133 1
32 132 1
32 131 1
33 130 1
34 129 1
35 129 1
36 128 1
37 128 1
38 128 1
39 128 1
40 128 1
41 128 1
42 128 1
43 129 1
44 129 1
45 130 1
46 131 1
46 132 1
46 133 1
46 134 1
47 135 1
46 136 1
46 137 1
46 138 1
45 139 1
44 140 1
43 140 1
42 140 1
41 140 1
40 140 1
39 140 1
38 140 1
37 140 1
36 140 1
35 140 1
34 140 1
33 139 1
32 139 1
.PEN_UP
