.PEN_DOWN
41 10 1
40 11 1
40 12 1
40 13 1
40 14 1
40 15 1
40 16 1
40 17 1
40 18 1
41 19 1
41 20 1
41 21 1
41 22 1
41 23 1
41 24 1
41 25 1
41 26 1
41 27 1
41 28 1
41 29 1
41 30 1
41 31 1
41 32 1
42 33 1
44 34 1
45 34 1
46 35 1
47 35 1
48 35 1
49 35 1
50 35 1
51 35 1
52 35 1
53 36 1
54 36 1
55 36 1
56 36 1
57 36 1
58 36 1
59 36 1
60 36 1
61 36 1
62 36 1
65 36 1
66 36 1
67 36 1
68 37 1
69 37 1
70 37 1
71 37 1
72 37 1
73 37 1
74 37 1
75 37 1
76 38 1
77 38 1
.PEN_UP
.PEN_DOWN
63 35 1
63 34 1
63 33 1
63 32 1
63 31 1
63 30 1
63 29 1
63 28 1
63 27 1
64 26 1
64 25 1
65 24 1
66 23 1
67 22 1
68 21 1
70 20 1
71 20 1
72 20 1
73 20 1
74 20 1
75 20 1
76 21 1
77 21 1
78 21 1
.PEN_UP
.PEN_DOWN
68 20 1
68 18 1
67 17 1
66 16 1
66 15 1
65 14 1
64 13 1
63 12 1
63 11 1
63 10 1
63 9 1
63 8 1
64 7 1
64 6 1
65 5 1
66 4 1
67 3 1
68 2 1
69 1 1
70 1 1
71 1 1
72 1 1
73 1 1
74 1 1
75 1 1
76 1 1
77 1 1
78 1 1
79 2 1
80 2 1
81 3 1
82 4 1
.PEN_UP
.PEN_DOWN
42 34 1
42 36 1
42 37 1
42 38 1
42 39 1
42 40 1
42 41 1
42 42 1
42 43 1
42 44 1
42 45 1
42 46 1
42 47 1
42 48 1
42 49 1
42 50 1
42 51 1
42 52 1
42 53 1
42 54 1
45 56 1
46 56 1
47 56 1
48 56 1
49 56 1
50 56 1
51 56 1
52 56 1
53 56 1
54 56 1
55 56 1
56 56 1
57 56 1
58 56 1
59 56 1
60 56 1
61 56 1
62 56 1
63 57 1
64 57 1
65 57 1
66 57 1
67 57 1
68 57 1
69 57 1
70 57 1
71 57 1
72 57 1
73 57 1
74 57 1
75 57 1
76 57 1
77 57 1
78 57 1
79 58 1
.PEN_UP
.PEN_DOWN
41 55 1
40 55 1
39 55 1
38 54 1
37 54 1
36 54 1
35 54 1
34 53 1
33 53 1
32 52 1
31 52 1
30 51 1
29 51 1
28 51 1
27 50 1
26 50 1
25 49 1
24 48 1
23 48 1
22 47 1
21 47 1
20 46 1
19 45 1
18 45 1
17 44 1
16 43 1
15 42 1
13 41 1
12 40 1
11 39 1
10 38 1
9 37 1
8 37 1
7 36 1
6 35 1
5 34 1
4 33 1
3 32 1
3 31 1
2 30 1
1 29 1
1 28 1
1 27 1
1 26 1
2 25 1
3 24 1
4 23 1
5 22 1
6 21 1
7 21 1
8 21 1
9 20 1
10 20 1
11 20 1
12 21 1
13 21 1
14 22 1
15 22 1
16 23 1
16 24 1
17 25 1
17 26 1
17 27 1
17 28 1
18 29 1
18 30 1
18 31 1
18 32 1
18 33 1
18 34 1
18 35 1
18 36 1
17 37 1
17 38 1
16 39 1
16 40 1
15 41 1
.PEN_UP
.PEN_DOWN
42 55 1
43 58 1
43 59 1
43 60 1
43 61 1
43 62 1
43 63 1
43 64 1
43 65 1
43 66 1
43 67 1
44 68 1
44 69 1
44 70 1
44 71 1
44 72 1
44 73 1
44 74 1
44 75 1
44 76 1
44 77 1
44 78 1
44 79 1
44 80 1
44 81 1
44 82 1
44 83 1
44 84 1
46 85 1
47 85 1
48 85 1
49 85 1
50 85 1
51 85 1
52 85 1
53 85 1
54 85 1
55 85 1
56 86 1
57 86 1
58 86 1
59 86 1
60 86 1
61 86 1
62 86 1
63 87 1
64 87 1
65 87 1
66 87 1
67 87 1
68 87 1
69 86 1
70 87 1
71 87 1
72 87 1
73 87 1
74 87 1
75 87 1
76 86 1
77 86 1
78 85 1
79 84 1
79 83 1
78 82 1
78 81 1
78 80 1
77 79 1
76 78 1
75 77 1
74 76 1
73 76 1
72 75 1
71 75 1
70 76 1
69 77 1
69 78 1
69 79 1
69 80 1
69 81 1
69 82 1
69 83 1
69 84 1
69 85 1
.PEN_UP
.PEN_DOWN
44 85 1
44 87 1
44 88 1
44 89 1
44 90 1
44 91 1
44 92 1
44 93 1
44 94 1
44 95 1
44 96 1
44 97 1
44 98 1
44 99 1
44 100 1
45 101 1
45 102 1
45 103 1
46 104 1
47 105 1
48 105 1
49 105 1
50 106 1
51 106 1
52 106 1
53 106 1
54 106 1
55 107 1
56 107 1
57 107 1
58 107 1
59 107 1
60 107 1
61 107 1
62 107 1
63 108 1
64 108 1
65 108 1
66 108 1
67 109 1
68 109 1
69 109 1
70 110 1
71 110 1
72 110 1
73 110 1
74 111 1
75 111 1
76 111 1
77 111 1
.PEN_UP
