.PEN_DOWN
39 1 1
39 2 1
38 3 1
38 4 1
39 5 1
39 6 1
38 9 1
38 10 1
38 11 1
38 12 1
37 13 1
37 14 1
37 15 1
37 16 1
37 17 1
37 18 1
37 19 1
37 20 1
37 21 1
37 22 1
37 23 1
37 24 1
37 25 1
37 26 1
37 29 1
37 30 1
37 31 1
37 32 1
37 33 1
37 34 1
37 35 1
36 36 1
36 37 1
36 38 1
36 39 1
36 40 1
36 41 1
36 42 1
36 43 1
36 44 1
36 45 1
36 46 1
36 47 1
36 48 1
36 49 1
36 50 1
36 51 1
36 52 1
37 53 1
37 54 1
39 55 1
40 55 1
41 55 1
42 55 1
43 55 1
44 55 1
45 55 1
46 55 1
47 55 1
48 55 1
49 55 1
50 55 1
51 55 1
52 55 1
53 55 1
54 54 1
56 56 1
57 56 1
58 56 1
59 56 1
60 57 1
61 57 1
62 57 1
63 58 1
64 58 1
65 58 1
66 59 1
67 59 1
68 59 1
69 60 1
70 61 1
71 61 1
72 62 1
73 62 1
.PEN_UP
.PEN_DOWN
55 53 1
55 52 1
55 51 1
56 50 1
56 49 1
56 48 1
56 47 1
56 46 1
57 45 1
57 44 1
57 43 1
57 42 1
57 41 1
57 40 1
57 39 1
57 38 1
57 37 1
57 36 1
57 35 1
57 34 1
57 33 1
57 30 1
56 29 1
56 28 1
56 27 1
55 26 1
55 25 1
55 24 1
54 23 1
52 22 1
51 23 1
50 23 1
49 23 1
48 24 1
47 25 1
46 25 1
45 26 1
44 26 1
43 27 1
42 27 1
41 27 1
40 27 1
39 27 1
38 27 1
.PEN_UP
.PEN_DOWN
53 22 1
54 20 1
54 19 1
55 18 1
.PEN_UP
.PEN_DOWN
57 32 1
59 33 1
60 33 1
61 33 1
62 33 1
63 33 1
64 33 1
65 33 1
66 32 1
67 32 1
68 32 1
69 31 1
70 30 1
70 29 1
70 28 1
70 27 1
71 26 1
71 25 1
71 24 1
71 23 1
71 22 1
72 21 1
71 20 1
71 19 1
71 18 1
71 17 1
70 16 1
70 15 1
70 14 1
70 13 1
69 12 1
69 11 1
68 10 1
67 9 1
66 9 1
65 9 1
.PEN_UP
.PEN_DOWN
37 55 1
37 57 1
37 58 1
37 59 1
37 60 1
37 61 1
37 62 1
37 63 1
37 64 1
37 65 1
37 66 1
37 67 1
37 68 1
37 69 1
37 70 1
37 71 1
37 72 1
37 73 1
37 74 1
35 75 1
34 75 1
33 75 1
32 75 1
31 75 1
30 75 1
29 75 1
28 75 1
27 74 1
26 75 1
25 75 1
24 75 1
23 75 1
22 75 1
21 75 1
20 75 1
19 75 1
18 75 1
17 75 1
16 76 1
15 76 1
14 76 1
13 76 1
12 76 1
11 76 1
10 77 1
9 77 1
8 77 1
7 78 1
6 78 1
5 79 1
4 79 1
3 80 1
2 81 1
2 82 1
2 83 1
1 84 1
1 85 1
1 86 1
1 87 1
1 88 1
1 89 1
1 90 1
1 91 1
1 92 1
2 93 1
2 94 1
3 95 1
4 96 1
5 97 1
6 97 1
7 98 1
8 99 1
9 99 1
10 100 1
11 100 1
12 101 1
13 101 1
14 102 1
15 102 1
16 102 1
17 103 1
18 103 1
19 104 1
20 104 1
21 105 1
22 106 1
23 106 1
24 107 1
25 107 1
26 107 1
27 108 1
28 109 1
29 109 1
30 110 1
31 110 1
32 111 1
33 111 1
34 111 1
35 111 1
36 112 1
37 112 1
38 112 1
39 114 1
39 115 1
39 116 1
39 117 1
39 118 1
39 119 1
39 120 1
40 121 1
41 122 1
42 122 1
43 123 1
43 124 1
.PEN_UP
.PEN_DOWN
39 110 1
39 109 1
38 108 1
38 107 1
37 106 1
37 105 1
37 104 1
37 103 1
37 102 1
37 101 1
37 100 1
37 99 1
37 98 1
37 97 1
37 96 1
37 95 1
37 94 1
37 93 1
37 92 1
37 91 1
37 90 1
37 89 1
37 88 1
37 87 1
37 86 1
37 85 1
37 84 1
36 83 1
36 82 1
37 81 1
37 80 1
37 79 1
37 78 1
39 78 1
40 78 1
41 78 1
42 78 1
43 78 1
44 78 1
45 78 1
46 79 1
47 79 1
48 79 1
49 79 1
50 79 1
51 80 1
52 80 1
53 80 1
54 80 1
55 81 1
56 81 1
57 81 1
58 81 1
59 81 1
60 81 1
61 81 1
62 82 1
63 82 1
64 82 1
65 82 1
66 82 1
67 82 1
.PEN_UP
.PEN_DOWN
40 108 1
41 108 1
42 108 1
43 108 1
44 108 1
45 108 1
46 107 1
47 107 1
48 107 1
49 108 1
50 108 1
51 108 1
52 109 1
53 110 1
54 111 1
54 112 1
55 113 1
55 114 1
56 115 1
56 116 1
56 117 1
56 118 1
56 119 1
56 120 1
56 121 1
56 122 1
57 125 1
58 126 1
59 127 1
60 128 1
61 129 1
62 129 1
63 130 1
64 131 1
64 132 1
64 133 1
65 134 1
64 135 1
64 136 1
64 137 1
63 138 1
62 139 1
61 140 1
61 141 1
60 142 1
60 143 1
60 144 1
59 145 1
58 145 1
57 145 1
56 145 1
55 145 1
54 145 1
53 145 1
52 145 1
51 145 1
50 145 1
49 145 1
48 145 1
47 145 1
46 145 1
45 145 1
44 145 1
43 145 1
40 146 1
40 147 1
40 148 1
40 149 1
40 150 1
40 151 1
40 152 1
40 153 1
40 154 1
40 155 1
40 156 1
40 157 1
40 158 1
40 159 1
40 160 1
40 161 1
40 162 1
40 163 1
40 164 1
40 165 1
40 166 1
40 167 1
40 168 1
40 169 1
40 170 1
40 171 1
40 172 1
40 173 1
40 174 1
40 175 1
40 176 1
40 177 1
40 178 1
40 179 1
40 180 1
40 183 1
40 184 1
40 185 1
40 186 1
40 187 1
40 188 1
40 189 1
40 190 1
40 191 1
39 192 1
39 193 1
39 194 1
39 195 1
.PEN_UP
.PEN_DOWN
40 181 1
42 181 1
43 181 1
44 181 1
45 181 1
46 181 1
47 181 1
48 181 1
49 182 1
50 182 1
51 182 1
52 183 1
53 183 1
54 183 1
55 183 1
56 183 1
57 184 1
58 184 1
59 184 1
62 185 1
63 185 1
64 186 1
64 188 1
63 189 1
63 190 1
63 191 1
63 192 1
62 193 1
62 194 1
62 195 1
61 196 1
61 197 1
61 198 1
61 199 1
61 200 1
61 201 1
62 202 1
63 203 1
64 204 1
65 205 1
66 205 1
67 205 1
68 206 1
69 206 1
70 206 1
71 207 1
72 207 1
73 207 1
74 207 1
75 207 1
76 207 1
.PEN_UP
.PEN_DOWN
66 186 1
67 186 1
69 187 1
70 187 1
71 187 1
72 187 1
73 188 1
74 188 1
75 188 1
76 188 1
77 188 1
78 188 1
79 188 1
80 188 1
81 188 1
82 189 1
.PEN_UP
.PEN_DOWN
68 185 1
69 184 1
69 183 1
69 182 1
69 181 1
70 180 1
70 179 1
70 178 1
70 177 1
70 176 1
70 175 1
70 174 1
70 173 1
70 172 1
69 171 1
68 170 1
67 170 1
66 170 1
65 170 1
64 171 1
63 172 1
62 172 1
61 173 1
61 174 1
60 175 1
60 176 1
59 177 1
59 178 1
59 179 1
59 180 1
59 181 1
60 182 1
60 183 1
.PEN_UP
.PEN_DOWN
42 144 1
42 143 1
42 142 1
42 141 1
.PEN_UP
.PEN_DOWN
60 146 1
61 146 1
62 146 1
63 146 1
64 146 1
65 147 1
66 147 1
67 147 1
68 147 1
69 147 1
70 148 1
71 148 1
72 148 1
73 148 1
74 148 1
.PEN_UP
.PEN_DOWN
39 7 1
41 7 1
42 7 1
43 8 1
44 8 1
.PEN_UP
