.PEN_DOWN
3 23 1
3 24 1
4 25 1
5 26 1
7 25 1
8 25 1
9 25 1
10 25 1
11 25 1
12 26 1
13 27 1
13 28 1
13 29 1
13 30 1
14 31 1
14 32 1
14 33 1
14 34 1
14 35 1
13 36 1
13 37 1
13 38 1
13 39 1
13 40 1
13 41 1
13 42 1
13 43 1
13 44 1
14 46 1
15 46 1
16 45 1
17 45 1
18 45 1
19 45 1
20 44 1
21 44 1
22 43 1
23 43 1
24 42 1
25 41 1
26 40 1
27 39 1
30 39 1
31 39 1
32 40 1
33 41 1
34 41 1
35 42 1
36 43 1
37 44 1
38 45 1
39 46 1
40 47 1
40 48 1
41 49 1
41 50 1
42 51 1
42 52 1
42 53 1
42 54 1
42 55 1
42 56 1
42 57 1
42 58 1
42 59 1
42 60 1
41 61 1
.PEN_UP
.PEN_DOWN
12 45 1
11 45 1
10 44 1
9 44 1
8 44 1
7 43 1
6 42 1
5 42 1
4 41 1
3 42 1
2 43 1
2 44 1
2 45 1
2 46 1
2 47 1
2 48 1
2 49 1
2 50 1
2 51 1
2 52 1
2 53 1
2 54 1
2 55 1
2 56 1
2 57 1
2 58 1
2 59 1
2 60 1
2 63 1
2 64 1
2 65 1
2 66 1
2 67 1
2 68 1
2 69 1
1 70 1
1 71 1
1 72 1
1 73 1
1 74 1
1 75 1
2 76 1
2 77 1
2 78 1
2 79 1
2 80 1
2 81 1
2 82 1
2 83 1
2 84 1
2 85 1
3 86 1
4 89 1
4 90 1
4 91 1
4 92 1
4 93 1
4 94 1
4 95 1
4 96 1
4 97 1
4 98 1
4 99 1
4 100 1
5 101 1
5 102 1
6 103 1
7 104 1
8 105 1
9 105 1
10 105 1
11 106 1
12 105 1
13 105 1
14 105 1
15 105 1
16 105 1
17 104 1
18 103 1
19 102 1
20 101 1
21 100 1
24 100 1
25 101 1
26 102 1
27 102 1
28 103 1
29 104 1
30 104 1
31 104 1
32 105 1
33 105 1
34 106 1
35 106 1
36 107 1
37 107 1
38 108 1
39 108 1
40 108 1
41 109 1
42 110 1
43 111 1
44 112 1
44 113 1
45 114 1
45 115 1
45 116 1
45 117 1
45 118 1
45 119 1
45 120 1
45 121 1
45 122 1
45 123 1
45 124 1
44 125 1
.PEN_UP
.PEN_DOWN
22 99 1
22 98 1
22 97 1
23 96 1
23 95 1
23 94 1
.PEN_UP
.PEN_DOWN
3 87 1
5 87 1
6 86 1
7 86 1
8 87 1
9 87 1
.PEN_UP
.PEN_DOWN
2 61 1
4 62 1
5 62 1
6 62 1
7 62 1
8 62 1
9 62 1
10 62 1
11 62 1
12 63 1
13 63 1
14 63 1
15 63 1
16 64 1
17 64 1
18 64 1
19 64 1
20 64 1
21 65 1
22 65 1
23 65 1
24 65 1
25 66 1
26 66 1
27 67 1
28 67 1
29 67 1
30 67 1
31 68 1
32 68 1
33 68 1
34 68 1
35 69 1
36 69 1
37 70 1
38 70 1
39 70 1
40 71 1
40 72 1
.PEN_UP
.PEN_DOWN
4 40 1
4 39 1
4 38 1
4 37 1
4 36 1
4 35 1
4 34 1
4 33 1
4 32 1
4 31 1
4 30 1
5 29 1
5 28 1
5 27 1
.PEN_UP
.PEN_DOWN
73 1 1
74 1 1
75 2 1
76 3 1
77 4 1
78 5 1
78 6 1
79 7 1
79 8 1
80 9 1
80 10 1
81 11 1
81 12 1
82 13 1
82 14 1
82 15 1
82 16 1
83 17 1
83 18 1
83 19 1
84 20 1
84 21 1
84 22 1
84 23 1
85 24 1
85 25 1
85 26 1
85 27 1
86 28 1
86 29 1
86 30 1
86 31 1
86 32 1
87 33 1
87 34 1
87 35 1
87 36 1
87 37 1
87 38 1
87 39 1
87 40 1
88 41 1
88 42 1
88 43 1
88 44 1
88 45 1
88 46 1
88 47 1
88 48 1
88 49 1
88 50 1
88 51 1
88 52 1
87 53 1
87 54 1
87 55 1
87 56 1
87 57 1
87 58 1
87 59 1
86 60 1
86 61 1
86 62 1
86 63 1
86 64 1
86 65 1
85 66 1
85 67 1
85 68 1
85 69 1
84 70 1
84 71 1
84 72 1
83 73 1
83 74 1
82 75 1
81 76 1
81 77 1
80 78 1
79 79 1
78 80 1
77 81 1
76 81 1
75 82 1
74 82 1
73 82 1
72 83 1
71 83 1
70 83 1
69 83 1
64 84 1
63 84 1
62 83 1
61 83 1
60 83 1
59 83 1
58 82 1
57 81 1
56 80 1
55 79 1
54 78 1
53 77 1
53 76 1
52 75 1
51 74 1
51 73 1
51 72 1
51 71 1
50 70 1
50 69 1
50 68 1
50 67 1
51 66 1
51 65 1
51 64 1
51 63 1
52 62 1
52 61 1
53 60 1
54 60 1
55 60 1
56 59 1
57 59 1
58 59 1
59 60 1
60 60 1
61 60 1
62 61 1
63 62 1
64 63 1
65 64 1
66 65 1
67 66 1
67 67 1
67 68 1
68 69 1
68 70 1
68 71 1
68 72 1
68 73 1
68 74 1
68 75 1
68 76 1
68 77 1
68 78 1
68 79 1
68 80 1
68 81 1
68 82 1
66 86 1
66 87 1
66 88 1
66 89 1
65 90 1
.PEN_UP
.PEN_DOWN
27 129 1
27 128 1
28 127 1
29 126 1
30 125 1
30 124 1
30 123 1
30 122 1
29 121 1
28 120 1
27 119 1
26 119 1
25 119 1
24 119 1
23 118 1
22 118 1
21 119 1
20 119 1
19 120 1
19 121 1
19 122 1
18 123 1
18 124 1
18 125 1
18 126 1
18 127 1
18 128 1
18 129 1
18 130 1
19 131 1
19 132 1
20 133 1
21 134 1
22 134 1
23 135 1
24 136 1
25 136 1
26 136 1
27 137 1
28 137 1
29 138 1
30 138 1
31 139 1
32 139 1
33 140 1
34 141 1
35 142 1
36 143 1
37 144 1
38 145 1
39 146 1
39 147 1
39 148 1
39 149 1
39 150 1
39 151 1
38 152 1
.PEN_UP
