.PEN_DOWN
51 1 1
51 2 1
52 3 1
52 4 1
53 5 1
56 4 1
57 4 1
58 4 1
59 3 1
60 3 1
61 3 1
62 3 1
.PEN_UP
.PEN_DOWN
54 5 1
54 7 1
53 8 1
53 9 1
53 10 1
54 11 1
54 12 1
54 13 1
54 14 1
54 15 1
54 16 1
54 17 1
54 18 1
54 19 1
56 20 1
57 20 1
58 20 1
59 20 1
60 20 1
61 20 1
62 19 1
63 19 1
64 19 1
65 18 1
66 18 1
67 17 1
68 17 1
69 16 1
70 15 1
71 15 1
72 14 1
73 13 1
74 13 1
75 12 1
76 12 1
77 12 1
78 11 1
79 12 1
80 13 1
81 14 1
81 15 1
83 17 1
84 17 1
85 17 1
86 18 1
87 18 1
88 19 1
89 20 1
90 20 1
91 21 1
92 22 1
93 23 1
94 24 1
95 25 1
95 26 1
96 27 1
96 28 1
96 29 1
96 30 1
96 31 1
96 32 1
96 33 1
96 34 1
96 35 1
95 36 1
95 37 1
95 38 1
.PEN_UP
.PEN_DOWN
81 16 1
80 18 1
80 19 1
80 20 1
80 21 1
80 22 1
80 23 1
80 24 1
80 25 1
79 26 1
79 27 1
79 28 1
79 29 1
79 30 1
79 31 1
79 32 1
79 33 1
79 34 1
79 35 1
79 36 1
79 37 1
79 38 1
79 39 1
79 40 1
79 41 1
79 42 1
79 43 1
79 44 1
79 45 1
79 46 1
79 47 1
77 48 1
76 48 1
75 48 1
74 48 1
73 47 1
72 47 1
71 47 1
70 47 1
69 46 1
68 46 1
67 46 1
66 46 1
65 45 1
64 45 1
63 45 1
62 45 1
61 45 1
60 45 1
59 45 1
58 45 1
57 45 1
56 45 1
55 45 1
54 45 1
52 46 1
52 47 1
52 48 1
52 49 1
52 50 1
52 51 1
52 52 1
52 53 1
52 54 1
52 55 1
52 56 1
52 57 1
53 58 1
53 59 1
53 60 1
53 61 1
53 62 1
53 63 1
53 64 1
53 65 1
53 66 1
53 67 1
55 68 1
56 68 1
57 68 1
58 68 1
59 68 1
60 69 1
61 69 1
62 69 1
63 69 1
64 69 1
65 69 1
66 70 1
67 70 1
68 70 1
69 70 1
70 70 1
71 71 1
72 71 1
73 71 1
74 71 1
75 71 1
76 71 1
77 71 1
78 72 1
79 72 1
80 72 1
81 73 1
82 73 1
83 73 1
84 73 1
85 74 1
86 74 1
87 74 1
88 75 1
89 75 1
90 75 1
91 75 1
92 75 1
93 76 1
94 76 1
95 76 1
96 77 1
97 77 1
98 77 1
.PEN_UP
.PEN_DOWN
53 68 1
53 70 1
53 71 1
53 72 1
53 73 1
53 74 1
53 75 1
53 76 1
53 77 1
53 78 1
53 79 1
53 80 1
53 81 1
53 82 1
53 83 1
53 84 1
53 85 1
53 86 1
53 87 1
53 88 1
53 89 1
53 90 1
53 91 1
53 92 1
53 93 1
53 94 1
53 95 1
53 96 1
53 97 1
53 98 1
53 99 1
53 100 1
53 101 1
53 102 1
53 103 1
53 104 1
53 105 1
53 106 1
53 107 1
54 108 1
54 109 1
54 110 1
54 111 1
54 112 1
54 113 1
54 114 1
54 115 1
54 116 1
54 117 1
54 118 1
54 119 1
54 120 1
54 121 1
54 122 1
54 123 1
54 124 1
54 125 1
54 126 1
54 127 1
54 128 1
54 129 1
54 130 1
54 131 1
54 132 1
54 133 1
54 134 1
54 135 1
54 136 1
54 137 1
54 138 1
54 139 1
54 140 1
55 141 1
55 142 1
55 143 1
55 144 1
55 145 1
55 146 1
55 147 1
55 148 1
55 149 1
55 150 1
55 151 1
55 152 1
55 153 1
55 154 1
55 155 1
55 156 1
55 157 1
55 158 1
55 159 1
55 160 1
55 161 1
56 162 1
56 163 1
58 164 1
59 164 1
60 164 1
61 164 1
62 165 1
63 165 1
64 165 1
65 166 1
66 166 1
67 166 1
68 166 1
69 166 1
70 166 1
71 167 1
72 167 1
73 167 1
74 167 1
75 168 1
76 168 1
77 168 1
78 168 1
79 168 1
80 169 1
81 169 1
82 169 1
83 169 1
86 169 1
87 169 1
88 169 1
89 169 1
90 169 1
91 168 1
92 168 1
93 168 1
94 167 1
94 166 1
95 165 1
95 164 1
95 163 1
94 162 1
94 161 1
93 160 1
92 159 1
91 158 1
90 157 1
89 157 1
88 156 1
87 156 1
86 157 1
85 158 1
84 159 1
84 160 1
84 161 1
84 162 1
84 163 1
84 164 1
84 165 1
84 166 1
84 167 1
84 168 1
.PEN_UP
.PEN_DOWN
56 164 1
55 166 1
55 167 1
55 168 1
55 169 1
55 170 1
55 171 1
55 172 1
56 173 1
56 174 1
56 175 1
56 176 1
56 177 1
56 178 1
56 179 1
56 180 1
56 181 1
56 182 1
56 183 1
56 184 1
56 185 1
53 188 1
52 188 1
51 188 1
50 187 1
49 187 1
48 187 1
47 187 1
46 186 1
45 186 1
44 186 1
43 186 1
42 186 1
41 185 1
40 185 1
39 185 1
38 185 1
37 185 1
36 185 1
35 185 1
34 185 1
33 185 1
32 184 1
31 184 1
30 184 1
29 184 1
28 184 1
27 184 1
26 183 1
25 183 1
24 183 1
23 183 1
22 183 1
21 183 1
20 182 1
19 182 1
18 182 1
17 182 1
16 181 1
15 181 1
14 181 1
13 181 1
12 181 1
11 181 1
10 181 1
9 181 1
8 181 1
7 181 1
6 181 1
5 181 1
4 181 1
3 182 1
2 183 1
1 184 1
1 185 1
1 186 1
1 187 1
1 188 1
1 189 1
2 190 1
3 191 1
3 192 1
4 193 1
5 194 1
6 195 1
7 195 1
8 196 1
9 197 1
10 197 1
11 198 1
12 199 1
13 199 1
14 200 1
15 200 1
16 200 1
17 201 1
18 202 1
19 202 1
20 202 1
21 203 1
22 203 1
23 204 1
24 204 1
25 205 1
26 205 1
27 206 1
28 206 1
29 206 1
30 207 1
31 208 1
32 208 1
33 208 1
34 209 1
35 209 1
36 209 1
37 210 1
38 210 1
39 211 1
40 211 1
41 211 1
42 212 1
43 212 1
44 212 1
45 213 1
46 213 1
47 213 1
48 213 1
49 213 1
50 213 1
51 213 1
52 214 1
53 214 1
54 215 1
55 216 1
56 217 1
58 217 1
59 217 1
60 217 1
61 217 1
62 217 1
63 217 1
64 218 1
65 218 1
66 218 1
67 218 1
68 219 1
69 219 1
70 220 1
71 220 1
72 220 1
73 220 1
74 220 1
75 220 1
76 221 1
77 221 1
78 221 1
79 221 1
80 221 1
81 221 1
82 222 1
83 222 1
84 222 1
85 222 1
86 222 1
87 222 1
88 222 1
89 223 1
90 223 1
91 223 1
92 223 1
93 223 1
94 223 1
95 223 1
.PEN_UP
.PEN_DOWN
57 217 1
55 219 1
55 220 1
55 221 1
55 222 1
55 223 1
55 224 1
55 225 1
55 226 1
55 227 1
55 228 1
55 229 1
55 230 1
55 231 1
55 232 1
55 233 1
55 234 1
55 235 1
55 236 1
55 237 1
55 238 1
55 239 1
55 240 1
55 241 1
55 242 1
55 243 1
55 244 1
55 245 1
.PEN_UP
.PEN_DOWN
54 213 1
54 212 1
54 211 1
54 210 1
54 209 1
54 208 1
54 207 1
54 206 1
54 205 1
54 204 1
54 203 1
54 202 1
55 201 1
55 200 1
55 199 1
55 198 1
55 197 1
55 196 1
55 195 1
55 194 1
55 193 1
55 192 1
55 191 1
55 190 1
55 189 1
58 186 1
59 186 1
60 186 1
61 186 1
62 186 1
63 186 1
64 187 1
65 187 1
66 187 1
67 188 1
68 188 1
69 188 1
70 188 1
71 188 1
72 188 1
73 188 1
74 189 1
75 189 1
76 189 1
77 189 1
78 189 1
79 189 1
80 190 1
81 190 1
83 191 1
84 191 1
85 191 1
86 191 1
87 191 1
88 191 1
89 191 1
90 191 1
91 191 1
92 191 1
93 192 1
94 192 1
.PEN_UP
.PEN_DOWN
82 189 1
82 188 1
82 187 1
82 186 1
82 185 1
84 183 1
85 183 1
86 182 1
87 181 1
88 181 1
89 180 1
90 180 1
91 180 1
92 179 1
93 179 1
94 178 1
95 178 1
96 177 1
97 177 1
98 176 1
99 176 1
100 175 1
101 175 1
102 174 1
103 174 1
104 173 1
105 173 1
106 172 1
107 172 1
108 172 1
109 172 1
110 171 1
111 171 1
112 170 1
.PEN_UP
.PEN_DOWN
53 44 1
53 43 1
53 42 1
53 41 1
53 40 1
53 39 1
53 38 1
53 37 1
53 36 1
53 35 1
53 34 1
53 33 1
53 32 1
53 31 1
53 30 1
53 29 1
53 28 1
53 27 1
53 26 1
53 25 1
53 24 1
53 23 1
54 22 1
54 21 1
.PEN_UP
.PEN_DOWN
78 48 1
80 49 1
81 49 1
82 50 1
83 50 1
84 50 1
85 51 1
86 51 1
87 51 1
88 51 1
89 52 1
90 52 1
91 52 1
92 52 1
93 52 1
94 52 1
95 52 1
.PEN_UP
.PEN_DOWN
78 10 1
79 9 1
79 8 1
79 7 1
79 6 1
.PEN_UP
.PEN_DOWN
60 102 1
61 102 1
62 103 1
63 103 1
64 104 1
65 104 1
66 105 1
67 105 1
68 105 1
69 106 1
70 106 1
71 107 1
72 107 1
73 107 1
74 108 1
75 108 1
76 108 1
77 109 1
78 109 1
79 109 1
80 109 1
84 111 1
85 111 1
86 111 1
87 111 1
88 111 1
89 111 1
90 111 1
91 111 1
92 111 1
93 111 1
94 110 1
95 109 1
95 108 1
95 107 1
94 106 1
94 105 1
94 104 1
94 103 1
93 102 1
92 101 1
91 100 1
90 99 1
89 98 1
88 97 1
87 97 1
86 97 1
85 97 1
84 97 1
83 98 1
83 99 1
82 100 1
82 101 1
82 102 1
82 103 1
82 104 1
82 105 1
82 106 1
82 107 1
81 108 1
81 113 1
81 114 1
81 115 1
81 116 1
81 117 1
81 118 1
82 119 1
82 120 1
82 121 1
82 122 1
82 123 1
82 124 1
82 125 1
81 126 1
81 127 1
81 128 1
81 129 1
81 130 1
80 131 1
79 131 1
78 131 1
77 131 1
76 131 1
75 131 1
74 131 1
73 131 1
72 130 1
71 130 1
70 130 1
69 129 1
68 129 1
67 129 1
66 129 1
65 129 1
64 129 1
63 128 1
62 128 1
61 128 1
60 129 1
59 129 1
.PEN_UP
.PEN_DOWN
81 132 1
82 132 1
83 132 1
84 132 1
85 132 1
86 133 1
87 133 1
88 134 1
89 134 1
90 134 1
91 135 1
92 135 1
93 135 1
94 135 1
95 136 1
96 136 1
97 137 1
98 137 1
99 138 1
100 138 1
.PEN_UP
