.PEN_DOWN
3 1 1
2 2 1
2 3 1
2 4 1
2 5 1
2 6 1
2 7 1
2 8 1
2 9 1
2 10 1
2 11 1
2 12 1
2 13 1
2 14 1
2 15 1
2 16 1
2 17 1
2 18 1
1 21 1
1 22 1
1 23 1
1 24 1
1 25 1
1 26 1
1 27 1
1 28 1
1 29 1
1 30 1
1 31 1
1 32 1
1 33 1
1 34 1
1 35 1
1 36 1
1 37 1
1 38 1
1 39 1
1 40 1
2 41 1
2 42 1
2 43 1
2 44 1
3 45 1
4 46 1
5 45 1
6 45 1
7 45 1
8 44 1
9 44 1
.PEN_UP
.PEN_DOWN
4 47 1
4 48 1
4 49 1
4 50 1
4 51 1
4 52 1
4 53 1
4 54 1
4 55 1
4 56 1
4 57 1
4 58 1
4 59 1
3 60 1
2 61 1
2 62 1
2 63 1
2 64 1
2 65 1
2 66 1
2 67 1
2 68 1
1 69 1
1 70 1
1 71 1
1 72 1
1 73 1
1 74 1
2 75 1
2 76 1
2 77 1
2 78 1
2 79 1
2 80 1
2 81 1
2 82 1
2 83 1
3 84 1
5 84 1
6 84 1
7 85 1
8 85 1
9 85 1
10 85 1
11 85 1
12 85 1
13 85 1
14 85 1
15 85 1
16 85 1
17 85 1
18 85 1
19 85 1
20 84 1
21 84 1
22 84 1
23 85 1
24 85 1
25 85 1
26 85 1
27 85 1
28 85 1
29 85 1
30 86 1
31 86 1
32 86 1
33 86 1
34 86 1
35 86 1
36 87 1
37 87 1
38 87 1
39 87 1
40 88 1
41 87 1
42 87 1
.PEN_UP
.PEN_DOWN
23 83 1
23 82 1
23 81 1
23 80 1
23 79 1
23 78 1
23 77 1
23 76 1
23 75 1
23 74 1
23 73 1
24 72 1
24 71 1
24 70 1
23 69 1
23 68 1
23 67 1
23 66 1
23 65 1
23 64 1
23 63 1
23 62 1
23 61 1
22 59 1
22 58 1
22 57 1
21 56 1
19 56 1
18 57 1
17 57 1
16 57 1
15 58 1
14 59 1
13 59 1
12 59 1
11 60 1
10 60 1
9 60 1
8 60 1
7 60 1
6 60 1
5 60 1
.PEN_UP
.PEN_DOWN
21 55 1
21 54 1
21 53 1
22 52 1
22 51 1
22 50 1
23 49 1
23 48 1
.PEN_UP
.PEN_DOWN
23 60 1
25 60 1
26 60 1
27 61 1
28 61 1
29 61 1
30 61 1
31 61 1
32 62 1
33 62 1
34 62 1
35 63 1
36 63 1
37 64 1
38 65 1
39 66 1
40 67 1
40 68 1
40 69 1
.PEN_UP
.PEN_DOWN
4 84 1
2 86 1
2 87 1
2 88 1
2 89 1
2 90 1
3 91 1
3 92 1
.PEN_UP
.PEN_DOWN
2 19 1
4 19 1
5 19 1
6 19 1
7 19 1
8 19 1
9 19 1
10 20 1
11 20 1
13 21 1
14 22 1
15 23 1
.PEN_UP
.PEN_DOWN
12 19 1
12 18 1
12 17 1
12 16 1
12 15 1
12 14 1
12 13 1
12 12 1
13 11 1
13 10 1
14 9 1
15 8 1
16 8 1
17 8 1
18 8 1
19 9 1
20 10 1
21 11 1
21 12 1
22 13 1
22 14 1
23 15 1
23 16 1
24 17 1
24 18 1
25 19 1
26 20 1
27 21 1
27 22 1
28 23 1
29 24 1
30 24 1
31 25 1
32 25 1
33 25 1
34 25 1
35 24 1
36 24 1
37 23 1
38 22 1
39 21 1
42 22 1
43 22 1
44 22 1
45 23 1
46 23 1
47 23 1
48 23 1
49 24 1
50 24 1
51 24 1
52 25 1
53 25 1
54 25 1
55 26 1
56 27 1
57 27 1
58 28 1
59 29 1
60 30 1
60 31 1
60 32 1
60 33 1
60 34 1
60 35 1
60 36 1
60 37 1
60 38 1
60 39 1
60 40 1
.PEN_UP
.PEN_DOWN
40 20 1
40 19 1
40 18 1
40 17 1
40 16 1
40 15 1
39 14 1
39 13 1
39 12 1
39 11 1
39 10 1
39 9 1
39 8 1
39 7 1
38 6 1
38 5 1
.PEN_UP
