.PEN_DOWN
42 30 1
43 29 1
44 29 1
46 27 1
47 26 1
48 25 1
49 25 1
50 25 1
51 24 1
52 24 1
53 24 1
54 24 1
55 24 1
56 24 1
57 23 1
58 23 1
59 22 1
60 22 1
61 22 1
62 22 1
63 22 1
.PEN_UP
.PEN_DOWN
45 28 1
46 31 1
47 31 1
48 31 1
49 31 1
50 31 1
51 31 1
52 32 1
53 32 1
54 32 1
55 32 1
56 32 1
57 32 1
58 32 1
59 32 1
60 32 1
61 32 1
62 32 1
63 32 1
64 32 1
65 31 1
66 31 1
67 31 1
68 31 1
70 30 1
71 29 1
72 28 1
73 27 1
74 27 1
75 26 1
76 25 1
77 25 1
78 24 1
79 23 1
80 22 1
80 21 1
81 20 1
81 19 1
82 18 1
83 15 1
84 14 1
84 13 1
85 12 1
85 11 1
85 10 1
86 9 1
86 8 1
86 7 1
86 6 1
85 5 1
84 4 1
83 4 1
82 3 1
81 3 1
80 3 1
79 3 1
78 3 1
77 2 1
76 2 1
75 2 1
74 2 1
73 2 1
72 2 1
71 1 1
70 2 1
69 2 1
68 3 1
67 4 1
67 5 1
68 6 1
69 7 1
70 8 1
71 9 1
72 10 1
73 10 1
74 11 1
75 12 1
76 12 1
77 13 1
78 13 1
79 14 1
80 15 1
81 15 1
82 16 1
84 18 1
85 19 1
86 19 1
87 20 1
88 20 1
89 21 1
90 22 1
91 23 1
92 24 1
93 24 1
94 25 1
95 26 1
96 27 1
97 28 1
97 29 1
.PEN_UP
.PEN_DOWN
69 31 1
69 33 1
69 34 1
69 35 1
69 36 1
69 37 1
69 38 1
69 39 1
69 40 1
69 41 1
69 42 1
69 43 1
69 44 1
69 45 1
69 46 1
69 47 1
69 48 1
69 49 1
69 50 1
69 51 1
69 52 1
69 53 1
69 54 1
69 55 1
68 56 1
68 57 1
68 58 1
68 59 1
69 60 1
68 62 1
67 62 1
66 63 1
65 63 1
64 64 1
63 65 1
62 65 1
61 65 1
60 66 1
59 67 1
58 67 1
57 68 1
56 69 1
55 70 1
55 71 1
54 72 1
53 73 1
53 74 1
52 75 1
52 76 1
52 77 1
51 78 1
51 79 1
51 80 1
51 81 1
51 82 1
51 83 1
50 84 1
48 85 1
47 84 1
46 84 1
45 84 1
44 83 1
.PEN_UP
.PEN_DOWN
49 85 1
52 86 1
53 87 1
54 87 1
55 88 1
56 89 1
57 89 1
58 90 1
.PEN_UP
.PEN_DOWN
69 61 1
71 61 1
72 61 1
73 61 1
74 60 1
75 60 1
76 60 1
77 61 1
78 61 1
79 61 1
80 61 1
81 61 1
82 61 1
83 62 1
84 63 1
85 63 1
86 64 1
87 65 1
88 65 1
89 66 1
90 67 1
91 68 1
91 69 1
92 70 1
93 71 1
93 72 1
94 73 1
94 74 1
94 75 1
95 76 1
95 77 1
95 78 1
96 79 1
96 80 1
96 81 1
96 82 1
96 83 1
96 84 1
96 85 1
96 86 1
96 87 1
95 88 1
95 89 1
95 90 1
94 91 1
94 92 1
.PEN_UP
.PEN_DOWN
30 44 1
29 43 1
28 42 1
27 42 1
26 43 1
25 44 1
25 45 1
25 46 1
25 47 1
25 48 1
25 49 1
25 50 1
25 51 1
25 52 1
25 53 1
25 54 1
25 55 1
25 56 1
25 57 1
25 58 1
25 59 1
24 60 1
25 61 1
25 62 1
25 63 1
25 64 1
25 65 1
25 66 1
25 67 1
25 68 1
25 69 1
25 70 1
25 71 1
25 72 1
25 73 1
25 74 1
28 78 1
29 78 1
30 78 1
31 78 1
32 78 1
33 78 1
34 78 1
35 78 1
36 78 1
.PEN_UP
.PEN_DOWN
24 75 1
23 75 1
22 75 1
21 75 1
20 74 1
19 73 1
18 73 1
17 72 1
16 71 1
15 70 1
14 70 1
13 69 1
12 68 1
11 67 1
9 65 1
8 64 1
7 63 1
6 62 1
6 61 1
5 60 1
5 59 1
4 58 1
4 57 1
3 56 1
3 55 1
3 54 1
2 53 1
2 52 1
2 51 1
1 50 1
1 49 1
2 48 1
2 47 1
3 46 1
4 45 1
5 44 1
6 44 1
7 43 1
8 42 1
9 42 1
10 42 1
11 42 1
12 42 1
13 42 1
14 42 1
15 43 1
16 44 1
17 45 1
17 46 1
17 47 1
17 48 1
17 49 1
17 50 1
17 51 1
17 52 1
16 53 1
16 54 1
16 55 1
16 56 1
16 57 1
15 58 1
15 59 1
15 60 1
14 61 1
14 62 1
13 63 1
12 64 1
11 65 1
.PEN_UP
.PEN_DOWN
25 76 1
26 80 1
26 81 1
26 82 1
26 83 1
26 84 1
26 85 1
26 86 1
26 87 1
26 88 1
26 89 1
26 90 1
26 91 1
26 92 1
27 93 1
27 94 1
27 95 1
27 96 1
27 97 1
27 98 1
27 99 1
27 100 1
27 101 1
27 102 1
27 103 1
27 104 1
27 105 1
27 106 1
27 107 1
27 108 1
27 109 1
28 110 1
28 111 1
28 112 1
28 113 1
28 114 1
28 115 1
28 116 1
28 117 1
28 118 1
28 119 1
28 120 1
28 121 1
28 122 1
28 123 1
28 124 1
28 125 1
28 126 1
28 127 1
29 128 1
29 129 1
29 130 1
29 131 1
29 132 1
29 133 1
29 134 1
29 135 1
29 136 1
29 137 1
29 138 1
29 139 1
29 140 1
29 141 1
29 142 1
29 143 1
29 144 1
29 145 1
29 146 1
29 147 1
29 148 1
29 149 1
29 150 1
29 151 1
29 152 1
29 153 1
30 154 1
30 155 1
30 156 1
30 157 1
30 158 1
30 159 1
30 160 1
30 161 1
30 162 1
30 163 1
30 164 1
30 165 1
30 166 1
30 167 1
30 168 1
30 169 1
30 170 1
30 171 1
30 172 1
30 173 1
30 174 1
31 175 1
31 176 1
31 177 1
31 178 1
31 179 1
31 180 1
31 181 1
31 182 1
30 183 1
30 184 1
30 185 1
31 186 1
31 187 1
31 188 1
31 189 1
31 190 1
31 191 1
31 192 1
31 193 1
31 194 1
31 195 1
31 196 1
31 197 1
30 198 1
30 199 1
30 200 1
30 201 1
30 202 1
30 203 1
30 204 1
30 205 1
30 206 1
29 207 1
.PEN_UP
.PEN_DOWN
45 118 1
46 118 1
47 118 1
48 118 1
49 118 1
50 118 1
51 118 1
52 118 1
53 117 1
54 116 1
55 115 1
56 114 1
56 113 1
56 112 1
56 111 1
56 110 1
55 109 1
54 108 1
53 107 1
52 107 1
51 107 1
50 107 1
49 107 1
48 107 1
47 106 1
46 106 1
45 107 1
44 107 1
43 107 1
42 107 1
41 108 1
40 109 1
39 110 1
38 111 1
38 112 1
38 113 1
37 114 1
36 115 1
36 116 1
36 117 1
36 118 1
36 119 1
36 120 1
36 121 1
36 122 1
36 123 1
36 124 1
36 125 1
37 126 1
37 127 1
37 128 1
38 129 1
39 130 1
40 131 1
41 132 1
42 133 1
43 133 1
44 134 1
45 134 1
46 134 1
47 134 1
48 134 1
49 134 1
50 134 1
51 134 1
52 134 1
53 134 1
54 134 1
55 134 1
56 134 1
57 134 1
58 133 1
59 133 1
60 133 1
61 132 1
62 132 1
63 131 1
64 131 1
65 130 1
66 130 1
67 129 1
68 128 1
69 127 1
70 126 1
71 126 1
72 125 1
73 124 1
74 123 1
75 122 1
76 121 1
76 120 1
77 119 1
78 118 1
81 119 1
82 120 1
83 121 1
83 122 1
83 123 1
84 124 1
84 125 1
85 126 1
85 127 1
85 128 1
86 129 1
87 130 1
87 131 1
87 132 1
88 133 1
88 134 1
89 135 1
89 136 1
89 137 1
.PEN_UP
.PEN_DOWN
79 117 1
79 116 1
79 115 1
79 114 1
79 113 1
78 112 1
77 111 1
76 110 1
76 109 1
75 108 1
75 107 1
74 106 1
73 105 1
73 104 1
72 103 1
72 102 1
72 101 1
73 100 1
74 99 1
75 99 1
76 98 1
77 98 1
78 98 1
79 98 1
80 98 1
81 99 1
82 99 1
83 99 1
84 100 1
84 101 1
84 102 1
84 103 1
84 104 1
83 105 1
83 106 1
83 107 1
83 108 1
82 109 1
82 110 1
82 111 1
81 112 1
80 112 1
.PEN_UP
.PEN_DOWN
41 149 1
42 149 1
43 150 1
44 150 1
45 150 1
46 150 1
47 151 1
48 151 1
49 151 1
50 151 1
51 152 1
52 152 1
53 152 1
54 152 1
55 152 1
56 152 1
57 152 1
58 153 1
59 153 1
60 153 1
61 153 1
62 153 1
63 153 1
64 153 1
65 153 1
66 154 1
67 154 1
68 154 1
69 154 1
70 154 1
71 154 1
72 154 1
73 154 1
74 154 1
75 154 1
76 154 1
77 154 1
78 154 1
79 154 1
80 154 1
81 154 1
82 154 1
83 154 1
84 154 1
85 154 1
86 154 1
87 154 1
.PEN_UP
.PEN_DOWN
37 204 1
38 204 1
39 205 1
40 204 1
41 204 1
42 204 1
43 204 1
44 204 1
45 204 1
46 204 1
47 204 1
48 204 1
49 204 1
50 204 1
53 204 1
54 204 1
55 204 1
56 204 1
57 204 1
58 204 1
59 204 1
60 204 1
61 204 1
62 204 1
63 205 1
64 205 1
65 205 1
66 205 1
67 205 1
68 205 1
69 205 1
70 205 1
71 205 1
72 205 1
73 205 1
74 205 1
75 205 1
76 205 1
77 205 1
78 205 1
79 206 1
80 206 1
81 206 1
82 206 1
83 206 1
84 206 1
85 206 1
86 206 1
87 206 1
88 206 1
89 206 1
90 206 1
91 206 1
92 206 1
93 206 1
94 205 1
.PEN_UP
.PEN_DOWN
51 203 1
51 202 1
51 201 1
51 200 1
51 199 1
51 198 1
52 197 1
53 196 1
53 195 1
54 194 1
54 193 1
55 192 1
55 191 1
56 190 1
57 189 1
57 188 1
58 187 1
58 186 1
59 185 1
60 184 1
61 184 1
62 183 1
63 181 1
63 180 1
63 179 1
63 178 1
64 177 1
65 176 1
66 175 1
67 175 1
68 174 1
69 173 1
70 173 1
71 172 1
72 172 1
73 172 1
74 171 1
75 171 1
76 171 1
77 171 1
78 171 1
79 171 1
80 171 1
81 171 1
82 172 1
83 173 1
83 174 1
83 175 1
84 176 1
84 177 1
84 178 1
85 179 1
85 180 1
85 181 1
85 182 1
85 183 1
85 184 1
84 185 1
84 186 1
83 187 1
82 188 1
81 188 1
80 188 1
79 188 1
78 188 1
77 188 1
76 188 1
75 187 1
74 187 1
73 187 1
72 186 1
71 186 1
70 186 1
69 186 1
68 185 1
67 185 1
66 184 1
65 183 1
64 183 1
.PEN_UP
