.PEN_DOWN
46 1 1
46 2 1
46 3 1
47 4 1
49 3 1
50 3 1
51 3 1
52 4 1
53 4 1
.PEN_UP
.PEN_DOWN
47 5 1
47 6 1
47 7 1
47 8 1
46 9 1
46 10 1
46 11 1
46 12 1
46 13 1
46 14 1
46 15 1
46 16 1
46 17 1
46 18 1
45 20 1
45 21 1
45 22 1
45 23 1
45 24 1
45 25 1
45 26 1
45 27 1
45 28 1
45 29 1
45 30 1
45 31 1
44 32 1
44 33 1
44 34 1
44 35 1
44 36 1
45 37 1
45 38 1
45 39 1
45 40 1
45 41 1
45 42 1
45 43 1
45 44 1
45 45 1
45 46 1
45 47 1
47 48 1
48 48 1
49 48 1
50 48 1
51 48 1
52 48 1
53 48 1
54 49 1
55 49 1
56 49 1
57 49 1
58 50 1
59 50 1
60 50 1
61 50 1
62 50 1
63 50 1
64 50 1
65 50 1
67 51 1
68 52 1
69 52 1
70 52 1
71 52 1
72 52 1
73 53 1
74 53 1
75 53 1
76 53 1
77 54 1
78 54 1
79 54 1
80 55 1
81 56 1
82 57 1
.PEN_UP
.PEN_DOWN
66 49 1
66 48 1
66 47 1
66 46 1
66 45 1
66 44 1
66 43 1
66 42 1
66 41 1
66 40 1
65 39 1
65 38 1
65 37 1
65 36 1
64 35 1
64 34 1
64 33 1
64 32 1
64 31 1
64 30 1
65 29 1
66 28 1
68 28 1
69 29 1
70 29 1
71 30 1
72 30 1
73 30 1
74 30 1
75 31 1
76 31 1
77 31 1
78 30 1
79 30 1
80 29 1
80 28 1
81 27 1
81 26 1
81 25 1
81 24 1
82 23 1
82 22 1
82 21 1
82 20 1
82 19 1
82 18 1
82 17 1
81 16 1
81 15 1
81 14 1
80 13 1
80 12 1
79 11 1
80 10 1
.PEN_UP
.PEN_DOWN
66 27 1
66 26 1
66 25 1
65 24 1
65 23 1
65 22 1
65 21 1
65 20 1
64 19 1
63 18 1
63 16 1
62 15 1
62 14 1
.PEN_UP
.PEN_DOWN
62 18 1
61 18 1
60 19 1
59 19 1
58 20 1
57 21 1
56 21 1
55 21 1
54 21 1
53 21 1
52 21 1
51 21 1
50 20 1
49 19 1
48 19 1
47 19 1
.PEN_UP
.PEN_DOWN
45 48 1
45 50 1
45 51 1
45 52 1
45 53 1
46 54 1
46 55 1
46 56 1
46 57 1
46 58 1
46 59 1
46 60 1
46 61 1
46 62 1
46 63 1
46 64 1
46 65 1
47 66 1
47 67 1
47 68 1
47 69 1
47 70 1
47 71 1
51 73 1
52 73 1
53 74 1
54 74 1
55 74 1
56 74 1
57 74 1
58 75 1
59 75 1
60 75 1
61 75 1
62 76 1
63 76 1
64 77 1
65 78 1
66 78 1
67 78 1
68 79 1
69 79 1
70 79 1
71 79 1
72 80 1
73 80 1
74 80 1
75 81 1
76 81 1
77 81 1
78 81 1
79 81 1
80 82 1
80 83 1
.PEN_UP
.PEN_DOWN
46 72 1
45 72 1
44 72 1
43 72 1
41 71 1
40 70 1
39 70 1
38 69 1
37 69 1
36 68 1
35 67 1
34 67 1
33 66 1
32 66 1
31 65 1
30 65 1
29 64 1
28 64 1
27 63 1
26 62 1
25 62 1
24 61 1
23 60 1
21 58 1
20 58 1
19 58 1
18 58 1
17 57 1
16 56 1
15 56 1
14 55 1
13 55 1
12 54 1
11 53 1
10 52 1
9 52 1
8 51 1
7 50 1
6 49 1
5 48 1
4 47 1
4 46 1
4 45 1
4 44 1
5 43 1
6 42 1
7 41 1
8 40 1
9 40 1
10 40 1
11 40 1
12 39 1
13 39 1
14 39 1
15 39 1
16 39 1
17 39 1
18 40 1
19 40 1
20 41 1
21 42 1
22 43 1
22 44 1
22 45 1
23 46 1
23 47 1
23 48 1
23 49 1
23 50 1
23 51 1
24 52 1
23 53 1
23 54 1
23 55 1
23 56 1
23 57 1
23 58 1
.PEN_UP
.PEN_DOWN
42 72 1
41 74 1
41 75 1
41 76 1
41 77 1
41 78 1
41 79 1
40 80 1
40 81 1
39 82 1
38 82 1
37 83 1
36 84 1
35 85 1
34 85 1
33 86 1
32 86 1
31 86 1
30 86 1
29 86 1
28 87 1
27 87 1
26 87 1
25 87 1
24 87 1
23 87 1
20 87 1
19 87 1
18 87 1
17 87 1
16 87 1
15 87 1
14 86 1
13 86 1
12 86 1
11 86 1
10 85 1
9 85 1
8 85 1
7 84 1
6 84 1
5 83 1
5 82 1
6 79 1
7 79 1
8 78 1
9 78 1
10 78 1
11 78 1
12 78 1
13 78 1
14 78 1
15 78 1
16 78 1
17 79 1
18 79 1
19 80 1
20 80 1
21 81 1
22 82 1
22 83 1
22 84 1
22 85 1
22 86 1
.PEN_UP
.PEN_DOWN
4 81 1
3 81 1
2 81 1
1 82 1
.PEN_UP
.PEN_DOWN
47 72 1
48 75 1
48 76 1
47 77 1
47 78 1
47 79 1
47 80 1
47 81 1
47 82 1
47 83 1
47 84 1
47 85 1
47 86 1
47 87 1
47 88 1
48 89 1
48 90 1
48 91 1
48 92 1
48 93 1
48 94 1
48 95 1
48 96 1
48 97 1
48 98 1
49 99 1
50 100 1
50 101 1
50 102 1
50 103 1
50 104 1
50 105 1
50 106 1
50 107 1
51 108 1
51 109 1
51 110 1
51 111 1
52 112 1
53 112 1
54 112 1
55 113 1
56 113 1
57 113 1
58 113 1
59 113 1
60 113 1
61 112 1
62 111 1
63 111 1
64 110 1
65 110 1
66 110 1
69 111 1
70 112 1
71 113 1
72 114 1
73 115 1
74 116 1
75 117 1
76 118 1
77 119 1
78 120 1
79 121 1
80 122 1
81 123 1
82 124 1
83 125 1
83 126 1
83 127 1
84 128 1
84 129 1
85 130 1
85 131 1
85 132 1
85 133 1
85 134 1
85 135 1
85 136 1
85 137 1
84 138 1
.PEN_UP
.PEN_DOWN
67 109 1
67 108 1
67 107 1
67 106 1
68 105 1
.PEN_UP
