.PEN_DOWN
2 1 1
2 2 1
2 3 1
2 4 1
2 5 1
2 6 1
2 9 1
2 10 1
2 11 1
2 12 1
2 13 1
2 14 1
2 15 1
2 16 1
2 17 1
2 18 1
2 19 1
2 20 1
2 21 1
2 22 1
2 23 1
2 24 1
2 25 1
2 26 1
2 27 1
2 28 1
2 29 1
2 30 1
4 31 1
5 32 1
6 32 1
7 32 1
8 32 1
9 31 1
10 31 1
11 31 1
12 31 1
13 30 1
14 29 1
15 28 1
16 28 1
17 27 1
18 27 1
21 28 1
21 29 1
21 30 1
22 31 1
22 32 1
22 33 1
24 35 1
25 35 1
26 35 1
27 36 1
28 36 1
29 37 1
30 37 1
31 37 1
32 38 1
33 38 1
34 38 1
35 37 1
36 37 1
37 37 1
38 37 1
39 36 1
39 35 1
40 34 1
40 33 1
40 32 1
40 31 1
40 30 1
40 29 1
40 28 1
40 27 1
40 26 1
40 25 1
40 24 1
40 23 1
40 22 1
39 21 1
39 20 1
39 19 1
39 18 1
39 17 1
38 16 1
.PEN_UP
.PEN_DOWN
22 34 1
21 36 1
21 37 1
20 38 1
20 39 1
20 40 1
20 41 1
20 42 1
20 43 1
20 44 1
20 45 1
20 46 1
20 47 1
20 48 1
20 49 1
20 50 1
21 51 1
21 52 1
21 53 1
21 54 1
21 55 1
21 56 1
21 57 1
21 58 1
21 59 1
21 60 1
21 61 1
21 62 1
21 63 1
19 64 1
18 64 1
17 64 1
16 64 1
15 64 1
14 64 1
13 64 1
12 64 1
11 64 1
10 64 1
9 64 1
8 64 1
7 64 1
6 64 1
5 64 1
4 64 1
2 63 1
2 62 1
2 61 1
2 60 1
2 59 1
2 58 1
2 57 1
2 56 1
2 55 1
2 54 1
2 53 1
2 52 1
2 51 1
2 50 1
2 49 1
2 48 1
2 47 1
2 46 1
2 45 1
2 44 1
2 43 1
2 42 1
2 41 1
2 40 1
1 39 1
1 38 1
1 37 1
1 36 1
1 35 1
1 34 1
1 33 1
2 32 1
.PEN_UP
.PEN_DOWN
3 64 1
3 66 1
3 67 1
3 68 1
3 69 1
3 70 1
2 71 1
2 72 1
2 73 1
2 74 1
2 75 1
2 76 1
2 77 1
2 78 1
2 79 1
2 80 1
2 81 1
2 82 1
2 83 1
3 84 1
3 85 1
3 86 1
3 87 1
3 88 1
3 89 1
3 90 1
3 91 1
3 92 1
3 93 1
3 94 1
3 95 1
3 96 1
3 97 1
3 98 1
4 99 1
6 101 1
7 101 1
8 101 1
9 101 1
10 101 1
11 102 1
12 102 1
13 102 1
14 102 1
15 102 1
16 103 1
17 103 1
18 103 1
19 104 1
20 104 1
21 104 1
22 104 1
23 104 1
24 105 1
25 105 1
26 105 1
27 105 1
28 106 1
29 106 1
30 106 1
31 106 1
32 106 1
34 107 1
35 108 1
36 108 1
37 108 1
38 107 1
39 107 1
40 107 1
41 106 1
42 106 1
43 105 1
43 104 1
44 103 1
44 102 1
44 101 1
44 100 1
43 99 1
43 98 1
43 97 1
43 96 1
42 95 1
41 94 1
40 93 1
39 92 1
38 91 1
37 91 1
36 91 1
35 92 1
34 93 1
33 94 1
33 95 1
33 96 1
33 97 1
33 98 1
33 99 1
33 100 1
33 101 1
33 102 1
33 103 1
33 104 1
33 105 1
.PEN_UP
.PEN_DOWN
4 100 1
4 102 1
4 103 1
4 104 1
4 105 1
4 106 1
4 107 1
4 108 1
4 109 1
4 110 1
4 111 1
4 112 1
4 113 1
4 114 1
4 115 1
5 116 1
5 117 1
5 118 1
5 119 1
5 120 1
5 121 1
5 122 1
5 123 1
6 124 1
6 125 1
6 126 1
7 127 1
9 127 1
10 127 1
11 127 1
12 128 1
13 128 1
14 128 1
15 128 1
16 128 1
17 128 1
18 128 1
19 128 1
20 129 1
21 129 1
22 129 1
23 129 1
24 129 1
25 129 1
26 130 1
27 130 1
28 130 1
29 130 1
30 131 1
31 131 1
32 131 1
33 132 1
34 132 1
35 132 1
36 132 1
37 132 1
38 133 1
39 133 1
40 133 1
41 133 1
42 133 1
43 133 1
44 133 1
45 133 1
.PEN_UP
.PEN_DOWN
8 127 1
7 129 1
7 130 1
7 131 1
7 132 1
7 133 1
7 134 1
7 135 1
7 136 1
7 137 1
7 138 1
7 139 1
7 140 1
7 141 1
7 142 1
8 143 1
8 144 1
8 145 1
8 146 1
8 147 1
8 148 1
9 149 1
9 150 1
10 151 1
10 152 1
10 153 1
10 154 1
10 155 1
10 156 1
10 157 1
10 158 1
10 159 1
10 160 1
10 161 1
10 162 1
10 163 1
10 164 1
11 165 1
11 166 1
11 167 1
11 168 1
11 169 1
13 170 1
14 170 1
15 170 1
16 170 1
17 170 1
18 170 1
19 169 1
20 169 1
21 168 1
22 167 1
23 166 1
24 165 1
25 165 1
26 165 1
27 164 1
28 165 1
29 166 1
30 167 1
31 167 1
32 168 1
33 169 1
34 170 1
35 171 1
36 171 1
37 172 1
38 172 1
39 173 1
40 173 1
41 173 1
42 174 1
43 174 1
44 175 1
45 175 1
46 176 1
47 176 1
48 177 1
49 178 1
50 179 1
51 180 1
52 181 1
52 182 1
52 183 1
53 184 1
53 185 1
53 186 1
53 187 1
54 188 1
54 189 1
54 190 1
54 191 1
54 192 1
55 193 1
54 194 1
54 195 1
54 196 1
54 197 1
.PEN_UP
.PEN_DOWN
27 163 1
28 162 1
28 161 1
28 160 1
28 159 1
28 158 1
29 157 1
.PEN_UP
.PEN_DOWN
11 170 1
11 172 1
11 173 1
11 174 1
11 175 1
11 176 1
10 177 1
.PEN_UP
