.PEN_DOWN
42 1 1
41 2 1
41 3 1
41 4 1
41 5 1
41 6 1
41 7 1
41 8 1
41 9 1
41 10 1
41 11 1
41 12 1
41 13 1
41 14 1
41 15 1
41 16 1
41 17 1
41 18 1
41 19 1
42 20 1
44 21 1
45 21 1
46 21 1
47 22 1
48 22 1
49 22 1
50 23 1
51 23 1
52 23 1
53 23 1
54 23 1
56 24 1
57 24 1
58 24 1
59 25 1
.PEN_UP
.PEN_DOWN
55 22 1
55 21 1
55 20 1
55 19 1
55 18 1
55 17 1
55 16 1
55 15 1
56 14 1
56 13 1
56 12 1
56 11 1
56 10 1
56 9 1
56 8 1
57 7 1
57 6 1
58 5 1
59 4 1
60 3 1
61 3 1
62 3 1
63 3 1
64 3 1
65 3 1
66 3 1
67 3 1
68 4 1
69 4 1
70 4 1
71 5 1
72 5 1
73 5 1
74 6 1
75 7 1
76 7 1
77 8 1
78 9 1
79 10 1
80 11 1
80 12 1
81 13 1
81 14 1
82 15 1
82 16 1
82 17 1
82 18 1
82 19 1
82 20 1
82 21 1
83 22 1
83 23 1
84 24 1
85 24 1
86 24 1
87 24 1
88 24 1
89 25 1
90 25 1
91 26 1
92 26 1
93 27 1
94 27 1
95 28 1
96 29 1
97 30 1
.PEN_UP
.PEN_DOWN
82 24 1
81 24 1
80 25 1
79 25 1
78 26 1
77 27 1
76 28 1
.PEN_UP
.PEN_DOWN
42 21 1
42 23 1
42 24 1
41 25 1
41 26 1
41 27 1
41 28 1
41 29 1
41 30 1
41 31 1
41 32 1
41 33 1
41 34 1
41 35 1
41 36 1
41 37 1
41 38 1
41 39 1
41 40 1
41 41 1
41 42 1
41 43 1
41 44 1
41 45 1
41 46 1
41 47 1
42 48 1
42 49 1
42 50 1
42 51 1
42 52 1
42 53 1
41 54 1
41 55 1
41 56 1
41 57 1
41 58 1
41 59 1
41 60 1
41 61 1
41 62 1
41 63 1
41 64 1
41 65 1
42 66 1
42 67 1
42 68 1
44 69 1
45 69 1
46 69 1
47 69 1
48 69 1
49 69 1
50 70 1
51 70 1
52 70 1
53 70 1
54 70 1
55 70 1
56 71 1
57 71 1
58 71 1
59 72 1
60 72 1
61 72 1
62 72 1
63 73 1
64 73 1
65 73 1
66 72 1
68 73 1
69 73 1
70 73 1
71 74 1
72 74 1
73 74 1
74 74 1
75 74 1
76 74 1
79 75 1
80 75 1
81 75 1
82 75 1
83 75 1
84 75 1
.PEN_UP
.PEN_DOWN
77 73 1
77 72 1
78 71 1
78 70 1
78 69 1
78 68 1
78 67 1
78 66 1
78 65 1
78 64 1
78 63 1
78 62 1
78 61 1
78 60 1
78 59 1
78 58 1
78 57 1
78 56 1
77 55 1
76 54 1
75 53 1
74 52 1
73 52 1
72 51 1
71 51 1
70 51 1
69 52 1
68 52 1
67 53 1
67 54 1
66 55 1
65 56 1
64 57 1
64 58 1
64 59 1
63 60 1
63 61 1
63 62 1
63 63 1
64 64 1
64 65 1
65 66 1
65 67 1
65 68 1
66 69 1
66 70 1
66 71 1
.PEN_UP
.PEN_DOWN
42 69 1
42 71 1
42 72 1
42 73 1
42 74 1
42 75 1
42 76 1
42 77 1
42 78 1
42 79 1
42 80 1
42 81 1
42 82 1
42 83 1
42 84 1
42 85 1
42 86 1
42 87 1
42 88 1
42 89 1
42 90 1
42 91 1
42 92 1
42 93 1
42 94 1
42 95 1
43 96 1
45 96 1
46 96 1
47 96 1
48 96 1
49 96 1
50 96 1
51 96 1
52 96 1
53 96 1
54 96 1
55 97 1
56 97 1
57 97 1
58 97 1
59 97 1
60 97 1
61 97 1
62 97 1
63 98 1
64 98 1
65 98 1
66 98 1
67 98 1
68 98 1
69 99 1
70 99 1
71 99 1
72 99 1
73 99 1
74 99 1
75 100 1
76 100 1
77 100 1
78 100 1
79 100 1
80 100 1
81 100 1
82 101 1
83 101 1
84 102 1
84 103 1
.PEN_UP
.PEN_DOWN
44 96 1
43 98 1
43 99 1
43 100 1
43 101 1
43 102 1
43 103 1
43 104 1
43 105 1
43 106 1
43 107 1
43 108 1
43 109 1
43 110 1
43 111 1
43 112 1
43 113 1
43 114 1
43 115 1
43 116 1
43 117 1
43 118 1
43 119 1
43 120 1
43 121 1
43 122 1
43 123 1
43 124 1
43 125 1
43 126 1
44 127 1
44 128 1
44 129 1
44 130 1
45 131 1
45 132 1
47 133 1
48 133 1
49 133 1
50 133 1
51 133 1
52 133 1
53 134 1
54 134 1
55 134 1
56 134 1
57 135 1
58 133 1
58 132 1
58 131 1
58 130 1
58 129 1
58 128 1
57 127 1
57 126 1
57 125 1
57 124 1
58 123 1
58 122 1
58 121 1
58 120 1
59 119 1
60 118 1
61 118 1
62 117 1
63 117 1
64 117 1
65 118 1
66 119 1
67 120 1
67 121 1
68 122 1
68 123 1
69 124 1
69 125 1
69 126 1
70 127 1
70 128 1
70 129 1
71 130 1
71 131 1
72 132 1
72 133 1
73 134 1
73 135 1
74 136 1
75 137 1
75 138 1
76 139 1
77 140 1
78 141 1
79 141 1
80 141 1
81 141 1
82 141 1
83 140 1
84 139 1
86 140 1
87 140 1
88 141 1
89 142 1
90 142 1
91 142 1
92 142 1
93 142 1
94 143 1
95 143 1
96 143 1
97 144 1
98 144 1
99 144 1
100 144 1
101 145 1
102 146 1
103 146 1
104 147 1
105 148 1
106 149 1
107 150 1
107 151 1
107 152 1
107 153 1
108 154 1
108 155 1
108 156 1
108 157 1
108 158 1
108 159 1
108 160 1
108 161 1
108 162 1
108 163 1
108 164 1
107 165 1
107 166 1
106 167 1
106 168 1
.PEN_UP
.PEN_DOWN
85 138 1
85 137 1
85 136 1
85 135 1
85 134 1
86 133 1
86 132 1
86 131 1
86 130 1
87 129 1
.PEN_UP
.PEN_DOWN
45 133 1
44 134 1
44 135 1
44 136 1
44 137 1
44 138 1
44 139 1
45 140 1
45 141 1
45 142 1
45 143 1
45 144 1
45 145 1
45 146 1
45 147 1
45 148 1
44 149 1
44 150 1
44 151 1
44 152 1
44 153 1
44 154 1
44 155 1
44 156 1
44 157 1
44 158 1
44 159 1
44 160 1
44 161 1
44 162 1
44 163 1
45 164 1
45 165 1
45 166 1
45 167 1
45 168 1
45 169 1
44 171 1
44 172 1
44 173 1
45 174 1
45 175 1
45 176 1
45 177 1
45 178 1
45 179 1
45 180 1
45 181 1
45 182 1
45 183 1
45 184 1
45 185 1
45 186 1
45 187 1
45 188 1
45 189 1
45 190 1
45 191 1
45 192 1
45 193 1
45 194 1
45 195 1
46 196 1
48 197 1
49 197 1
50 197 1
51 197 1
52 197 1
53 196 1
54 196 1
55 197 1
56 197 1
57 197 1
58 197 1
59 197 1
60 197 1
61 197 1
62 197 1
63 197 1
64 197 1
65 197 1
66 197 1
67 197 1
68 197 1
71 198 1
72 198 1
73 198 1
74 199 1
75 199 1
76 199 1
77 199 1
78 200 1
79 200 1
80 200 1
81 200 1
82 201 1
83 202 1
.PEN_UP
.PEN_DOWN
69 196 1
69 195 1
70 194 1
70 193 1
70 192 1
71 191 1
71 190 1
71 189 1
71 188 1
71 187 1
71 186 1
71 185 1
70 184 1
69 183 1
68 182 1
67 181 1
66 180 1
65 179 1
65 178 1
64 177 1
62 177 1
61 177 1
60 177 1
59 177 1
58 177 1
57 177 1
56 177 1
55 177 1
54 177 1
53 176 1
52 175 1
52 174 1
51 173 1
50 172 1
50 171 1
49 170 1
50 168 1
50 167 1
50 166 1
51 165 1
51 164 1
52 163 1
53 162 1
54 161 1
.PEN_UP
.PEN_DOWN
64 176 1
64 175 1
65 174 1
65 173 1
65 172 1
66 171 1
67 170 1
67 169 1
.PEN_UP
.PEN_DOWN
46 197 1
45 198 1
45 199 1
45 200 1
45 201 1
45 202 1
45 203 1
45 204 1
45 205 1
45 206 1
45 207 1
45 208 1
46 209 1
46 210 1
46 213 1
46 214 1
46 215 1
46 216 1
47 217 1
49 218 1
50 218 1
51 218 1
52 219 1
53 219 1
54 219 1
55 219 1
56 219 1
57 220 1
58 220 1
59 220 1
60 220 1
61 220 1
62 220 1
63 220 1
64 220 1
65 220 1
66 221 1
67 221 1
68 221 1
69 221 1
70 221 1
71 221 1
72 221 1
73 221 1
74 221 1
75 221 1
76 221 1
77 221 1
78 221 1
79 222 1
80 222 1
81 222 1
82 222 1
83 222 1
84 222 1
85 223 1
86 223 1
.PEN_UP
.PEN_DOWN
47 218 1
46 220 1
46 221 1
46 222 1
46 223 1
46 224 1
47 225 1
47 226 1
47 227 1
47 228 1
47 229 1
48 230 1
48 231 1
.PEN_UP
.PEN_DOWN
45 211 1
44 211 1
43 211 1
42 211 1
41 211 1
40 210 1
39 210 1
38 210 1
37 209 1
36 209 1
35 208 1
34 208 1
33 208 1
32 207 1
31 207 1
30 206 1
29 206 1
28 205 1
27 205 1
26 204 1
25 204 1
24 203 1
23 203 1
22 202 1
21 201 1
20 201 1
19 200 1
18 199 1
16 198 1
15 197 1
14 197 1
13 196 1
12 195 1
11 195 1
10 194 1
9 193 1
8 192 1
7 191 1
6 190 1
5 189 1
4 188 1
4 187 1
3 186 1
2 185 1
2 184 1
1 183 1
1 182 1
1 181 1
1 180 1
1 179 1
1 178 1
1 177 1
2 176 1
3 175 1
3 174 1
4 173 1
5 172 1
6 171 1
7 171 1
8 171 1
9 170 1
10 170 1
11 170 1
12 170 1
13 171 1
14 171 1
15 172 1
16 173 1
17 174 1
17 175 1
18 176 1
19 177 1
19 178 1
20 179 1
20 180 1
20 181 1
20 182 1
20 183 1
20 184 1
20 185 1
20 186 1
20 187 1
20 188 1
20 189 1
20 190 1
20 191 1
20 192 1
20 193 1
20 194 1
19 195 1
19 196 1
19 197 1
18 198 1
.PEN_UP
.PEN_DOWN
23 223 1
24 223 1
25 223 1
26 223 1
27 223 1
.PEN_UP
