.PEN_DOWN
39 1 1
39 2 1
39 3 1
39 4 1
39 5 1
39 6 1
39 7 1
39 8 1
39 9 1
39 10 1
39 11 1
39 12 1
39 13 1
39 14 1
39 15 1
39 16 1
40 17 1
40 18 1
40 19 1
40 20 1
40 21 1
40 22 1
40 23 1
40 24 1
40 25 1
40 26 1
40 27 1
40 28 1
40 29 1
40 30 1
40 31 1
40 32 1
41 33 1
43 33 1
44 34 1
45 34 1
46 34 1
47 34 1
48 34 1
49 34 1
50 35 1
51 35 1
52 35 1
53 35 1
54 35 1
55 35 1
56 36 1
57 36 1
58 36 1
59 36 1
60 36 1
61 35 1
63 36 1
64 36 1
65 36 1
66 36 1
67 36 1
68 37 1
71 38 1
72 39 1
73 39 1
74 39 1
75 39 1
76 39 1
77 39 1
78 39 1
79 40 1
80 41 1
81 41 1
.PEN_UP
.PEN_DOWN
68 38 1
68 39 1
68 40 1
67 41 1
67 42 1
67 43 1
67 44 1
66 45 1
65 46 1
64 47 1
64 48 1
64 49 1
63 50 1
63 51 1
63 52 1
63 53 1
64 54 1
65 55 1
66 56 1
67 57 1
68 57 1
69 58 1
70 58 1
71 58 1
72 58 1
73 58 1
74 58 1
75 58 1
76 57 1
77 57 1
78 57 1
.PEN_UP
.PEN_DOWN
69 37 1
71 35 1
71 34 1
71 33 1
72 32 1
72 31 1
72 30 1
72 29 1
72 28 1
72 27 1
72 26 1
72 25 1
72 24 1
72 23 1
72 22 1
72 21 1
71 20 1
71 19 1
71 18 1
71 17 1
71 16 1
70 15 1
69 14 1
68 13 1
67 12 1
66 12 1
65 12 1
64 12 1
63 12 1
62 12 1
61 13 1
60 14 1
59 15 1
59 16 1
58 17 1
58 18 1
58 19 1
58 20 1
58 21 1
58 22 1
58 23 1
58 24 1
58 25 1
59 26 1
59 27 1
59 28 1
60 29 1
60 30 1
60 31 1
61 32 1
61 33 1
61 34 1
.PEN_UP
.PEN_DOWN
41 34 1
40 35 1
40 36 1
40 37 1
40 38 1
41 39 1
41 40 1
41 41 1
41 42 1
41 43 1
41 44 1
41 45 1
41 46 1
41 47 1
41 48 1
41 49 1
41 50 1
41 51 1
41 52 1
41 53 1
41 54 1
41 55 1
41 56 1
41 57 1
41 58 1
41 59 1
41 60 1
41 61 1
41 62 1
41 63 1
42 64 1
42 65 1
42 66 1
42 67 1
42 68 1
42 69 1
42 70 1
42 71 1
42 72 1
42 73 1
42 74 1
42 75 1
42 76 1
42 77 1
42 78 1
42 79 1
42 80 1
42 81 1
42 82 1
42 83 1
42 84 1
42 85 1
42 86 1
42 87 1
43 88 1
43 89 1
44 90 1
46 92 1
47 92 1
48 92 1
49 92 1
50 92 1
51 92 1
52 92 1
53 92 1
54 92 1
55 92 1
56 92 1
59 93 1
60 93 1
61 94 1
62 94 1
.PEN_UP
.PEN_DOWN
57 91 1
57 90 1
57 89 1
57 88 1
58 87 1
58 86 1
58 85 1
58 84 1
58 83 1
59 82 1
60 81 1
61 80 1
62 79 1
63 78 1
64 78 1
65 77 1
66 77 1
67 77 1
68 77 1
69 77 1
70 77 1
71 77 1
72 77 1
73 78 1
74 78 1
75 79 1
76 79 1
77 79 1
78 80 1
79 81 1
80 82 1
81 83 1
82 84 1
83 85 1
85 88 1
86 88 1
87 89 1
88 89 1
89 89 1
90 89 1
91 90 1
92 90 1
93 91 1
94 91 1
95 92 1
96 92 1
97 92 1
98 92 1
99 93 1
100 94 1
101 95 1
102 96 1
103 97 1
103 98 1
.PEN_UP
.PEN_DOWN
84 84 1
85 83 1
86 82 1
87 82 1
88 81 1
89 80 1
90 79 1
91 78 1
92 77 1
93 77 1
94 76 1
95 76 1
96 75 1
97 75 1
98 74 1
.PEN_UP
.PEN_DOWN
84 85 1
83 88 1
83 89 1
83 90 1
83 91 1
83 92 1
82 93 1
82 94 1
82 95 1
82 96 1
81 97 1
81 98 1
80 99 1
80 100 1
79 101 1
.PEN_UP
.PEN_DOWN
44 91 1
44 93 1
44 94 1
44 95 1
44 96 1
44 97 1
44 98 1
44 99 1
44 100 1
44 101 1
44 102 1
44 103 1
44 104 1
44 105 1
44 106 1
44 107 1
44 108 1
44 109 1
44 110 1
44 111 1
44 112 1
44 113 1
44 114 1
44 115 1
44 116 1
44 117 1
44 118 1
44 119 1
47 121 1
48 121 1
49 121 1
50 121 1
51 122 1
52 122 1
53 122 1
54 122 1
55 122 1
56 122 1
57 122 1
58 122 1
59 122 1
60 122 1
61 122 1
62 122 1
63 122 1
64 122 1
65 123 1
66 123 1
67 123 1
68 123 1
69 123 1
70 123 1
71 123 1
72 123 1
73 123 1
74 123 1
75 123 1
76 123 1
77 123 1
78 123 1
79 123 1
80 124 1
81 124 1
.PEN_UP
.PEN_DOWN
43 120 1
42 119 1
41 119 1
40 119 1
39 119 1
38 119 1
37 118 1
36 118 1
35 117 1
34 117 1
33 117 1
32 116 1
31 115 1
30 115 1
29 115 1
28 114 1
27 114 1
26 114 1
25 113 1
24 112 1
23 111 1
22 111 1
21 110 1
20 109 1
19 108 1
18 107 1
17 106 1
15 104 1
14 104 1
13 104 1
12 103 1
11 102 1
10 101 1
9 100 1
8 100 1
7 99 1
6 98 1
5 97 1
4 96 1
3 95 1
2 94 1
2 93 1
1 92 1
1 91 1
1 90 1
1 89 1
1 88 1
2 87 1
3 86 1
4 86 1
5 85 1
6 84 1
7 84 1
8 84 1
9 84 1
10 84 1
11 84 1
12 85 1
13 85 1
14 86 1
15 86 1
16 87 1
17 88 1
17 89 1
18 90 1
18 91 1
18 92 1
18 93 1
18 94 1
18 95 1
19 96 1
19 97 1
19 98 1
19 99 1
19 100 1
19 101 1
18 102 1
18 103 1
17 104 1
.PEN_UP
.PEN_DOWN
44 120 1
45 123 1
45 124 1
45 125 1
45 126 1
45 127 1
45 128 1
45 129 1
45 130 1
45 131 1
45 132 1
45 133 1
45 134 1
45 135 1
45 136 1
46 137 1
46 138 1
46 139 1
46 140 1
46 141 1
46 142 1
46 143 1
46 144 1
46 145 1
46 146 1
46 147 1
46 148 1
46 149 1
46 150 1
46 151 1
46 152 1
46 153 1
45 154 1
45 155 1
46 156 1
46 157 1
46 158 1
46 159 1
46 160 1
46 161 1
46 162 1
46 163 1
46 164 1
46 165 1
46 166 1
46 167 1
46 168 1
46 169 1
46 170 1
46 171 1
46 172 1
46 173 1
47 174 1
47 175 1
47 176 1
47 177 1
48 178 1
50 179 1
51 179 1
52 179 1
53 179 1
54 180 1
55 180 1
56 180 1
57 180 1
58 180 1
59 181 1
60 181 1
61 181 1
62 181 1
63 181 1
64 181 1
65 181 1
66 181 1
67 181 1
68 181 1
71 181 1
72 181 1
73 181 1
74 181 1
75 181 1
76 181 1
77 181 1
78 181 1
79 181 1
80 182 1
81 182 1
.PEN_UP
.PEN_DOWN
69 180 1
69 179 1
69 178 1
68 177 1
68 176 1
68 175 1
68 174 1
68 173 1
68 172 1
67 171 1
68 170 1
68 169 1
69 168 1
70 167 1
71 167 1
72 166 1
74 165 1
75 165 1
76 165 1
77 165 1
78 165 1
79 165 1
80 166 1
81 166 1
82 166 1
.PEN_UP
.PEN_DOWN
72 165 1
72 163 1
71 162 1
70 161 1
69 160 1
68 159 1
68 158 1
68 157 1
68 156 1
68 155 1
68 154 1
68 153 1
69 152 1
69 151 1
70 150 1
71 149 1
72 148 1
73 148 1
74 148 1
75 147 1
76 147 1
77 148 1
78 148 1
79 148 1
80 148 1
81 148 1
82 149 1
83 150 1
84 151 1
.PEN_UP
.PEN_DOWN
48 179 1
47 180 1
47 181 1
47 182 1
47 183 1
47 184 1
47 185 1
47 186 1
47 187 1
47 188 1
47 189 1
47 190 1
48 191 1
48 192 1
48 193 1
48 194 1
48 195 1
48 196 1
48 197 1
48 198 1
48 199 1
48 200 1
48 201 1
49 202 1
49 203 1
50 204 1
50 205 1
50 206 1
50 207 1
50 208 1
50 209 1
50 210 1
50 211 1
50 212 1
50 213 1
50 214 1
50 215 1
49 216 1
48 217 1
48 218 1
48 219 1
48 220 1
48 221 1
48 222 1
48 223 1
48 224 1
48 225 1
48 226 1
48 227 1
48 228 1
48 229 1
49 230 1
49 231 1
49 232 1
49 233 1
49 234 1
49 235 1
49 236 1
49 237 1
49 238 1
50 239 1
52 239 1
53 239 1
54 239 1
55 239 1
56 239 1
57 239 1
58 239 1
59 239 1
60 239 1
61 239 1
62 239 1
63 239 1
64 240 1
65 240 1
66 240 1
67 240 1
68 240 1
70 241 1
71 241 1
72 241 1
73 241 1
74 241 1
75 241 1
76 241 1
77 242 1
78 242 1
79 242 1
80 242 1
81 243 1
82 243 1
83 243 1
84 243 1
85 243 1
.PEN_UP
.PEN_DOWN
69 239 1
69 238 1
69 237 1
69 236 1
69 235 1
69 234 1
69 233 1
69 232 1
68 231 1
68 230 1
68 229 1
68 228 1
68 227 1
68 226 1
68 225 1
68 224 1
67 223 1
67 222 1
68 221 1
68 220 1
68 219 1
68 218 1
68 217 1
68 216 1
68 215 1
67 214 1
66 215 1
65 215 1
64 215 1
63 215 1
62 215 1
61 216 1
60 216 1
59 216 1
58 216 1
57 216 1
56 217 1
55 217 1
54 216 1
53 216 1
52 216 1
51 216 1
.PEN_UP
.PEN_DOWN
68 213 1
69 212 1
71 212 1
72 213 1
73 213 1
74 213 1
75 213 1
76 214 1
77 214 1
78 215 1
79 215 1
80 216 1
81 217 1
82 218 1
83 219 1
84 220 1
85 221 1
85 222 1
85 223 1
84 224 1
.PEN_UP
.PEN_DOWN
69 211 1
69 210 1
70 209 1
70 208 1
70 207 1
70 206 1
70 205 1
71 204 1
71 203 1
.PEN_UP
.PEN_DOWN
51 239 1
49 241 1
49 242 1
49 243 1
49 244 1
49 245 1
49 246 1
49 247 1
49 248 1
49 249 1
49 250 1
49 251 1
49 252 1
49 253 1
49 254 1
49 255 1
49 256 1
50 257 1
50 258 1
50 259 1
50 260 1
50 261 1
50 262 1
50 263 1
50 264 1
50 265 1
50 266 1
50 267 1
50 268 1
50 269 1
50 270 1
50 271 1
50 272 1
50 273 1
50 274 1
50 275 1
50 276 1
51 277 1
53 278 1
54 279 1
55 279 1
56 279 1
57 279 1
58 279 1
59 279 1
60 279 1
61 279 1
62 279 1
63 279 1
64 279 1
65 279 1
66 280 1
67 280 1
68 279 1
70 279 1
71 280 1
72 281 1
73 281 1
74 281 1
75 282 1
76 282 1
77 282 1
78 282 1
79 282 1
80 283 1
84 284 1
85 284 1
86 284 1
87 284 1
88 284 1
89 284 1
90 285 1
91 285 1
92 285 1
93 285 1
94 285 1
95 286 1
96 287 1
.PEN_UP
.PEN_DOWN
81 283 1
82 281 1
82 280 1
82 279 1
82 278 1
82 277 1
82 276 1
81 275 1
81 274 1
81 273 1
81 272 1
81 271 1
80 270 1
80 269 1
80 268 1
79 267 1
79 266 1
78 265 1
77 264 1
76 263 1
75 262 1
74 262 1
73 262 1
72 262 1
71 263 1
70 264 1
69 265 1
68 266 1
67 267 1
67 268 1
67 269 1
67 270 1
67 271 1
67 272 1
68 273 1
68 274 1
68 275 1
68 276 1
68 277 1
68 278 1
.PEN_UP
.PEN_DOWN
82 282 1
80 286 1
80 287 1
80 288 1
80 289 1
80 290 1
79 291 1
79 292 1
79 293 1
79 294 1
79 295 1
79 296 1
79 297 1
79 298 1
78 299 1
78 300 1
78 301 1
78 302 1
78 303 1
78 304 1
78 305 1
77 306 1
76 307 1
.PEN_UP
.PEN_DOWN
51 278 1
51 280 1
51 281 1
51 282 1
51 283 1
51 284 1
51 285 1
51 286 1
51 287 1
51 288 1
51 289 1
51 290 1
51 291 1
52 292 1
52 293 1
52 294 1
52 295 1
52 296 1
52 297 1
52 298 1
52 299 1
52 300 1
52 301 1
52 302 1
52 303 1
53 304 1
53 305 1
53 306 1
53 307 1
53 308 1
53 309 1
53 310 1
53 311 1
53 312 1
53 313 1
53 314 1
53 315 1
53 316 1
53 317 1
53 318 1
54 319 1
54 320 1
54 321 1
54 322 1
54 323 1
54 324 1
54 325 1
54 326 1
54 327 1
54 328 1
54 329 1
54 330 1
54 331 1
54 332 1
54 333 1
54 334 1
55 335 1
55 336 1
55 337 1
55 338 1
55 339 1
55 340 1
56 341 1
57 342 1
58 342 1
59 342 1
60 342 1
61 342 1
62 342 1
63 342 1
64 342 1
65 342 1
66 342 1
67 342 1
68 342 1
69 342 1
70 342 1
71 342 1
74 342 1
75 342 1
76 342 1
77 342 1
78 342 1
79 342 1
80 342 1
81 342 1
82 342 1
83 342 1
84 342 1
85 342 1
86 342 1
87 342 1
88 342 1
89 342 1
90 342 1
91 342 1
92 342 1
93 342 1
94 342 1
95 343 1
96 343 1
97 343 1
98 343 1
.PEN_UP
.PEN_DOWN
72 341 1
72 340 1
72 339 1
72 338 1
72 337 1
72 336 1
72 335 1
72 334 1
72 333 1
72 332 1
72 331 1
72 330 1
72 329 1
72 328 1
73 327 1
75 326 1
76 326 1
77 326 1
78 326 1
79 326 1
80 326 1
81 326 1
82 326 1
83 326 1
84 325 1
85 325 1
86 325 1
87 325 1
88 325 1
89 324 1
90 324 1
91 323 1
92 323 1
93 322 1
93 321 1
94 320 1
98 320 1
99 320 1
100 320 1
101 320 1
102 321 1
103 321 1
104 321 1
105 321 1
106 321 1
107 321 1
108 321 1
109 321 1
110 321 1
111 322 1
112 322 1
113 322 1
114 323 1
115 323 1
.PEN_UP
.PEN_DOWN
94 319 1
97 317 1
97 316 1
97 315 1
97 314 1
97 313 1
97 312 1
97 311 1
96 310 1
95 310 1
94 310 1
93 310 1
92 311 1
91 312 1
91 313 1
91 314 1
91 315 1
91 316 1
92 317 1
93 318 1
.PEN_UP
.PEN_DOWN
73 326 1
73 324 1
72 323 1
72 322 1
72 321 1
71 320 1
71 319 1
71 318 1
71 317 1
71 316 1
72 315 1
.PEN_UP
.PEN_DOWN
56 343 1
56 344 1
56 345 1
56 346 1
56 347 1
56 348 1
55 349 1
.PEN_UP
