.PEN_DOWN
3 13 1
3 14 1
3 15 1
3 16 1
2 17 1
2 18 1
2 19 1
2 20 1
2 21 1
2 22 1
2 23 1
2 24 1
2 25 1
2 26 1
2 27 1
2 28 1
2 29 1
2 30 1
2 31 1
2 32 1
2 33 1
2 34 1
2 35 1
2 36 1
2 37 1
2 38 1
2 39 1
2 40 1
2 41 1
2 42 1
2 45 1
2 46 1
1 47 1
1 48 1
1 49 1
1 50 1
1 51 1
1 52 1
1 53 1
1 54 1
1 55 1
1 56 1
1 57 1
1 58 1
1 59 1
1 60 1
1 61 1
1 62 1
1 63 1
1 64 1
2 65 1
2 67 1
2 68 1
2 69 1
2 70 1
2 71 1
2 72 1
2 73 1
3 74 1
3 75 1
3 76 1
3 77 1
3 78 1
.PEN_UP
.PEN_DOWN
3 65 1
4 65 1
5 65 1
6 65 1
7 65 1
8 65 1
9 65 1
10 66 1
11 66 1
12 66 1
13 66 1
14 66 1
15 66 1
16 67 1
17 67 1
18 67 1
19 67 1
20 67 1
21 67 1
22 67 1
23 67 1
24 67 1
25 67 1
26 67 1
27 68 1
28 68 1
29 68 1
30 68 1
31 68 1
32 68 1
33 68 1
34 68 1
35 69 1
36 69 1
37 69 1
38 69 1
39 69 1
40 69 1
41 69 1
42 70 1
43 70 1
44 71 1
45 71 1
46 72 1
.PEN_UP
.PEN_DOWN
2 43 1
4 43 1
5 44 1
6 44 1
7 44 1
8 44 1
9 44 1
10 44 1
11 45 1
12 45 1
13 45 1
14 45 1
15 45 1
16 46 1
17 46 1
18 46 1
19 46 1
20 47 1
21 47 1
22 47 1
23 47 1
24 47 1
25 47 1
26 48 1
27 48 1
28 48 1
30 49 1
31 50 1
32 50 1
33 50 1
34 50 1
35 50 1
36 51 1
37 51 1
38 51 1
39 51 1
40 51 1
41 52 1
42 52 1
43 52 1
44 53 1
45 54 1
.PEN_UP
.PEN_DOWN
29 47 1
29 46 1
29 45 1
29 44 1
29 43 1
29 42 1
29 41 1
29 40 1
29 39 1
29 38 1
28 37 1
28 36 1
28 35 1
28 34 1
28 33 1
28 32 1
28 31 1
28 30 1
27 29 1
27 28 1
27 27 1
27 26 1
27 25 1
27 24 1
28 23 1
28 22 1
28 21 1
29 20 1
30 20 1
31 20 1
32 20 1
33 21 1
34 21 1
35 21 1
36 21 1
37 21 1
38 21 1
39 21 1
40 21 1
41 21 1
42 21 1
43 20 1
44 20 1
45 19 1
46 18 1
47 17 1
47 16 1
47 15 1
47 14 1
47 13 1
47 12 1
47 11 1
46 10 1
45 9 1
44 8 1
43 7 1
42 6 1
41 6 1
40 5 1
39 5 1
38 4 1
37 4 1
36 4 1
35 3 1
34 3 1
33 3 1
32 3 1
31 2 1
30 2 1
29 1 1
28 1 1
27 1 1
26 1 1
25 1 1
.PEN_UP
