.PEN_DOWN
44 1 1
44 2 1
44 3 1
44 4 1
44 5 1
44 6 1
44 7 1
44 8 1
44 9 1
44 10 1
44 11 1
44 12 1
44 13 1
44 14 1
44 15 1
44 16 1
44 17 1
44 18 1
44 19 1
44 20 1
43 21 1
43 22 1
43 23 1
43 24 1
43 25 1
43 26 1
43 27 1
44 28 1
44 30 1
43 31 1
43 32 1
43 33 1
43 34 1
43 35 1
43 36 1
43 37 1
43 38 1
43 39 1
43 40 1
43 41 1
43 42 1
43 43 1
43 44 1
43 45 1
43 46 1
43 47 1
43 48 1
43 49 1
43 50 1
43 51 1
43 52 1
44 53 1
44 54 1
44 55 1
44 56 1
44 57 1
44 60 1
45 61 1
45 62 1
45 63 1
45 64 1
45 65 1
45 66 1
45 67 1
46 68 1
47 68 1
48 69 1
49 70 1
50 70 1
51 70 1
52 70 1
53 71 1
54 71 1
55 71 1
56 71 1
57 70 1
58 70 1
59 70 1
60 70 1
61 70 1
62 69 1
63 69 1
65 70 1
66 70 1
67 71 1
68 71 1
69 71 1
70 71 1
71 72 1
72 73 1
73 73 1
74 73 1
75 73 1
76 74 1
77 74 1
78 74 1
79 74 1
80 74 1
81 75 1
82 76 1
82 77 1
83 78 1
83 79 1
82 80 1
.PEN_UP
.PEN_DOWN
64 68 1
64 67 1
64 66 1
65 65 1
65 64 1
65 63 1
65 62 1
66 61 1
66 60 1
.PEN_UP
.PEN_DOWN
64 70 1
63 71 1
63 72 1
63 73 1
63 74 1
63 75 1
63 76 1
63 77 1
63 78 1
63 79 1
63 80 1
63 81 1
63 82 1
64 83 1
64 84 1
64 85 1
64 86 1
64 87 1
64 88 1
64 89 1
64 90 1
64 91 1
65 92 1
65 93 1
65 94 1
65 95 1
67 97 1
68 97 1
69 97 1
70 97 1
71 98 1
72 98 1
73 98 1
74 98 1
75 98 1
76 99 1
77 99 1
78 99 1
79 100 1
80 100 1
81 101 1
82 102 1
.PEN_UP
.PEN_DOWN
64 96 1
63 96 1
62 96 1
61 96 1
60 96 1
59 96 1
58 96 1
57 96 1
56 96 1
55 96 1
54 96 1
53 95 1
52 95 1
51 95 1
50 95 1
49 95 1
48 95 1
47 95 1
46 95 1
45 95 1
43 94 1
43 93 1
43 92 1
43 91 1
43 90 1
43 89 1
43 88 1
43 87 1
43 86 1
43 85 1
43 84 1
43 83 1
43 82 1
43 81 1
43 80 1
43 79 1
43 78 1
43 77 1
43 76 1
43 75 1
43 74 1
43 73 1
43 72 1
43 71 1
43 70 1
43 69 1
44 68 1
.PEN_UP
.PEN_DOWN
44 95 1
43 97 1
43 98 1
43 99 1
43 100 1
43 101 1
43 102 1
43 103 1
43 104 1
43 105 1
43 106 1
43 107 1
43 108 1
43 109 1
44 110 1
44 111 1
44 112 1
44 113 1
44 114 1
44 115 1
44 116 1
44 117 1
44 118 1
44 119 1
44 120 1
44 121 1
44 122 1
44 123 1
44 124 1
44 125 1
44 126 1
42 126 1
41 126 1
40 126 1
39 126 1
38 126 1
37 125 1
36 125 1
35 125 1
34 124 1
33 124 1
32 123 1
31 123 1
30 122 1
29 122 1
28 121 1
27 120 1
26 120 1
25 120 1
24 119 1
23 118 1
22 117 1
21 117 1
20 117 1
19 116 1
16 113 1
15 113 1
14 112 1
13 111 1
12 110 1
11 109 1
10 108 1
10 107 1
9 106 1
8 105 1
7 104 1
6 103 1
6 102 1
5 101 1
4 100 1
3 99 1
3 98 1
2 97 1
2 96 1
1 95 1
1 94 1
1 93 1
1 92 1
1 91 1
2 90 1
2 89 1
3 88 1
4 87 1
5 86 1
6 86 1
7 85 1
8 84 1
9 84 1
10 84 1
11 84 1
12 84 1
13 85 1
14 86 1
15 86 1
16 87 1
16 88 1
17 89 1
17 90 1
17 91 1
18 92 1
18 93 1
18 94 1
18 95 1
18 96 1
18 97 1
18 98 1
19 99 1
19 100 1
19 101 1
19 102 1
19 103 1
19 104 1
19 105 1
19 106 1
19 107 1
19 108 1
19 109 1
19 110 1
19 111 1
19 112 1
18 113 1
17 117 1
16 118 1
15 119 1
.PEN_UP
.PEN_DOWN
45 128 1
46 129 1
48 131 1
49 132 1
50 132 1
51 132 1
52 133 1
53 133 1
54 133 1
55 133 1
56 133 1
57 133 1
58 133 1
59 134 1
60 134 1
61 134 1
62 134 1
63 134 1
64 134 1
65 135 1
66 135 1
67 135 1
68 134 1
68 132 1
68 131 1
68 130 1
67 129 1
66 128 1
66 127 1
65 126 1
65 125 1
65 124 1
65 123 1
65 122 1
65 121 1
65 120 1
65 119 1
66 118 1
66 117 1
67 116 1
68 115 1
69 114 1
70 113 1
71 112 1
72 112 1
73 112 1
74 113 1
75 114 1
76 115 1
77 116 1
77 117 1
77 118 1
77 119 1
78 120 1
78 121 1
77 122 1
77 123 1
77 124 1
77 125 1
77 126 1
76 127 1
76 128 1
76 129 1
76 130 1
75 131 1
75 132 1
74 133 1
75 135 1
76 136 1
77 136 1
78 136 1
79 136 1
80 136 1
81 136 1
82 136 1
83 137 1
84 137 1
85 137 1
.PEN_UP
.PEN_DOWN
72 134 1
71 134 1
70 136 1
70 137 1
70 138 1
69 139 1
69 140 1
69 141 1
68 142 1
68 143 1
68 144 1
68 145 1
68 146 1
68 147 1
68 148 1
69 149 1
70 150 1
70 151 1
71 152 1
72 153 1
73 154 1
74 154 1
75 155 1
76 155 1
77 155 1
78 155 1
79 155 1
80 154 1
81 154 1
82 153 1
83 153 1
84 153 1
85 152 1
85 151 1
.PEN_UP
.PEN_DOWN
46 130 1
45 132 1
45 133 1
45 134 1
45 135 1
45 136 1
45 137 1
45 138 1
45 139 1
45 140 1
45 141 1
45 142 1
45 143 1
45 144 1
45 145 1
45 146 1
45 147 1
45 148 1
45 149 1
.PEN_UP
.PEN_DOWN
44 58 1
46 57 1
47 57 1
48 57 1
49 57 1
50 57 1
51 57 1
52 57 1
.PEN_UP
.PEN_DOWN
44 29 1
46 29 1
47 29 1
48 29 1
49 29 1
50 29 1
51 29 1
52 30 1
53 30 1
54 30 1
55 31 1
56 31 1
57 31 1
58 31 1
59 31 1
61 32 1
62 33 1
62 34 1
63 35 1
.PEN_UP
.PEN_DOWN
60 30 1
60 29 1
60 28 1
60 27 1
60 26 1
60 25 1
60 24 1
60 23 1
60 22 1
60 21 1
61 20 1
61 19 1
62 18 1
63 17 1
64 17 1
65 17 1
66 17 1
67 18 1
68 19 1
68 20 1
69 21 1
69 22 1
69 23 1
69 24 1
69 25 1
70 26 1
70 27 1
70 28 1
70 29 1
71 30 1
71 31 1
71 32 1
71 33 1
72 34 1
72 35 1
72 36 1
73 37 1
74 38 1
74 39 1
75 40 1
76 40 1
77 40 1
78 40 1
79 40 1
80 39 1
81 38 1
81 37 1
82 36 1
83 35 1
84 36 1
85 36 1
86 36 1
87 36 1
88 37 1
89 37 1
90 37 1
91 38 1
92 38 1
93 39 1
94 40 1
95 40 1
96 41 1
97 42 1
98 43 1
99 44 1
99 45 1
99 46 1
100 47 1
100 48 1
100 49 1
100 50 1
100 51 1
100 52 1
100 53 1
100 54 1
.PEN_UP
.PEN_DOWN
83 34 1
83 33 1
83 32 1
83 31 1
83 30 1
83 29 1
83 28 1
84 27 1
84 26 1
84 25 1
85 24 1
.PEN_UP
