.PEN_DOWN
96 1 1
95 1 1
94 2 1
93 3 1
93 4 1
92 5 1
92 6 1
92 7 1
91 8 1
91 9 1
91 10 1
91 11 1
91 12 1
91 13 1
91 14 1
91 15 1
91 16 1
91 17 1
91 18 1
92 19 1
93 20 1
94 20 1
95 20 1
96 20 1
97 20 1
98 20 1
99 20 1
100 20 1
101 21 1
102 21 1
103 22 1
104 22 1
105 22 1
106 22 1
107 22 1
108 22 1
109 22 1
110 23 1
111 23 1
112 23 1
113 23 1
114 23 1
115 23 1
116 23 1
117 23 1
118 24 1
119 26 1
119 27 1
119 28 1
118 29 1
118 30 1
118 31 1
117 32 1
117 33 1
117 34 1
116 35 1
116 36 1
116 37 1
115 38 1
115 39 1
115 40 1
114 41 1
114 42 1
113 43 1
112 44 1
112 45 1
112 46 1
111 47 1
111 48 1
110 49 1
110 50 1
110 51 1
110 52 1
112 53 1
113 53 1
114 53 1
115 53 1
116 53 1
117 53 1
118 53 1
119 53 1
120 53 1
121 53 1
122 54 1
123 54 1
124 54 1
125 54 1
126 54 1
127 54 1
128 54 1
129 55 1
130 55 1
131 55 1
132 55 1
133 55 1
134 55 1
135 55 1
136 55 1
137 56 1
138 56 1
139 56 1
140 56 1
141 57 1
142 58 1
.PEN_UP
.PEN_DOWN
109 53 1
108 52 1
107 52 1
106 52 1
105 52 1
104 52 1
103 52 1
102 52 1
101 52 1
100 52 1
99 52 1
98 51 1
97 51 1
96 50 1
95 50 1
94 50 1
93 50 1
92 50 1
91 49 1
.PEN_UP
.PEN_DOWN
119 24 1
122 22 1
122 21 1
122 20 1
122 19 1
123 18 1
123 17 1
123 16 1
123 15 1
124 14 1
124 13 1
124 12 1
125 11 1
125 10 1
126 9 1
126 8 1
127 7 1
128 7 1
129 6 1
130 6 1
131 6 1
132 6 1
133 6 1
134 6 1
135 7 1
136 8 1
137 9 1
137 10 1
137 11 1
138 12 1
138 13 1
138 14 1
138 15 1
138 16 1
138 17 1
138 18 1
137 19 1
137 20 1
136 21 1
135 22 1
134 23 1
133 23 1
132 24 1
131 24 1
130 24 1
129 24 1
128 24 1
127 24 1
126 24 1
125 24 1
124 24 1
123 24 1
.PEN_UP
.PEN_DOWN
90 57 1
89 58 1
89 59 1
88 60 1
88 61 1
88 62 1
88 63 1
88 64 1
87 65 1
87 66 1
88 67 1
90 67 1
91 67 1
92 68 1
93 68 1
94 68 1
95 68 1
.PEN_UP
.PEN_DOWN
88 69 1
87 70 1
86 71 1
85 71 1
84 71 1
83 71 1
82 71 1
81 71 1
80 71 1
79 71 1
77 73 1
76 74 1
75 75 1
74 75 1
73 76 1
72 77 1
72 78 1
71 79 1
70 79 1
69 80 1
68 81 1
67 82 1
66 82 1
65 83 1
64 84 1
63 85 1
62 86 1
61 86 1
60 87 1
59 88 1
58 88 1
57 89 1
56 89 1
55 90 1
54 90 1
53 90 1
52 90 1
51 90 1
50 90 1
49 90 1
48 89 1
47 89 1
46 88 1
45 87 1
44 86 1
43 85 1
42 84 1
41 83 1
40 82 1
40 81 1
39 80 1
39 79 1
39 78 1
39 77 1
39 76 1
40 75 1
40 74 1
40 73 1
41 72 1
41 71 1
42 70 1
43 69 1
44 68 1
45 67 1
46 66 1
47 66 1
48 65 1
49 65 1
50 64 1
51 64 1
52 64 1
53 63 1
54 63 1
55 63 1
56 63 1
57 62 1
58 62 1
59 62 1
60 62 1
61 62 1
62 63 1
63 63 1
64 63 1
65 63 1
66 64 1
67 64 1
68 64 1
69 65 1
70 65 1
71 65 1
72 66 1
73 66 1
74 67 1
75 67 1
76 68 1
77 68 1
78 69 1
78 70 1
.PEN_UP
.PEN_DOWN
88 71 1
88 72 1
88 73 1
88 74 1
89 75 1
90 75 1
91 75 1
92 76 1
93 76 1
94 76 1
95 76 1
96 76 1
97 77 1
98 77 1
99 77 1
100 77 1
101 77 1
102 77 1
103 77 1
104 78 1
105 78 1
106 78 1
107 78 1
108 78 1
109 78 1
110 78 1
111 78 1
112 79 1
113 79 1
114 79 1
115 79 1
116 79 1
117 79 1
118 79 1
119 79 1
120 79 1
121 79 1
122 79 1
123 79 1
124 79 1
125 79 1
126 79 1
127 80 1
128 80 1
129 80 1
130 80 1
131 80 1
132 80 1
133 80 1
134 80 1
135 81 1
136 81 1
137 81 1
138 81 1
139 81 1
140 81 1
141 80 1
142 80 1
.PEN_UP
