.PEN_DOWN
9 1 1
8 1 1
7 1 1
6 2 1
5 2 1
4 3 1
4 4 1
3 5 1
3 6 1
3 7 1
3 8 1
3 9 1
3 10 1
3 11 1
3 12 1
3 13 1
3 14 1
3 15 1
2 17 1
2 18 1
2 19 1
2 20 1
2 21 1
2 22 1
2 23 1
2 24 1
2 25 1
2 26 1
2 27 1
2 28 1
2 29 1
2 30 1
2 31 1
2 32 1
2 33 1
2 34 1
2 35 1
2 36 1
2 37 1
1 38 1
1 39 1
1 40 1
1 41 1
1 42 1
1 43 1
1 44 1
2 45 1
2 46 1
3 47 1
4 46 1
5 46 1
6 46 1
7 47 1
8 47 1
9 47 1
10 47 1
11 47 1
12 48 1
13 48 1
14 48 1
15 48 1
16 48 1
17 49 1
18 49 1
19 49 1
20 49 1
21 49 1
24 49 1
25 50 1
26 50 1
27 50 1
28 50 1
29 50 1
30 51 1
31 51 1
32 51 1
33 51 1
34 51 1
35 52 1
36 52 1
37 52 1
38 52 1
39 52 1
40 53 1
41 53 1
42 53 1
43 53 1
44 54 1
45 53 1
46 53 1
.PEN_UP
.PEN_DOWN
22 48 1
23 47 1
23 46 1
23 45 1
23 44 1
23 43 1
23 42 1
23 41 1
23 40 1
23 39 1
23 38 1
24 37 1
24 36 1
24 35 1
24 34 1
24 33 1
24 32 1
24 31 1
24 30 1
24 29 1
24 28 1
24 27 1
24 26 1
24 25 1
24 24 1
24 23 1
24 22 1
25 21 1
27 21 1
28 21 1
29 22 1
30 22 1
31 22 1
32 22 1
33 23 1
34 23 1
35 23 1
36 24 1
37 24 1
38 25 1
39 25 1
40 26 1
41 26 1
42 27 1
43 27 1
44 28 1
45 29 1
45 30 1
45 31 1
45 32 1
45 33 1
46 34 1
46 35 1
.PEN_UP
.PEN_DOWN
25 19 1
24 18 1
22 17 1
21 18 1
20 18 1
19 18 1
18 19 1
17 19 1
16 19 1
15 19 1
14 20 1
13 19 1
12 19 1
11 19 1
10 18 1
9 18 1
8 17 1
7 17 1
6 17 1
5 16 1
4 16 1
.PEN_UP
.PEN_DOWN
23 17 1
24 15 1
25 14 1
25 13 1
25 12 1
25 11 1
25 10 1
26 9 1
26 8 1
27 7 1
.PEN_UP
.PEN_DOWN
2 48 1
2 49 1
2 50 1
2 51 1
2 52 1
2 53 1
2 54 1
2 55 1
2 56 1
2 57 1
2 58 1
2 59 1
2 60 1
2 61 1
2 62 1
2 63 1
2 64 1
2 65 1
2 66 1
2 67 1
2 68 1
2 69 1
2 70 1
2 73 1
2 74 1
2 75 1
2 76 1
2 77 1
2 78 1
1 79 1
1 80 1
1 81 1
1 82 1
1 83 1
1 84 1
1 85 1
1 86 1
1 87 1
1 88 1
1 89 1
1 90 1
1 91 1
1 92 1
1 93 1
1 94 1
2 95 1
2 96 1
2 97 1
2 98 1
2 99 1
2 100 1
2 101 1
2 102 1
2 103 1
2 104 1
2 105 1
2 106 1
2 107 1
2 108 1
3 109 1
3 110 1
3 111 1
3 112 1
3 113 1
3 114 1
3 115 1
2 116 1
2 117 1
2 118 1
3 119 1
2 120 1
2 121 1
2 122 1
2 123 1
2 124 1
2 125 1
2 126 1
2 127 1
2 128 1
2 129 1
2 130 1
2 131 1
2 132 1
2 133 1
2 134 1
2 135 1
2 136 1
2 137 1
2 138 1
2 139 1
2 140 1
2 141 1
2 142 1
2 143 1
2 144 1
2 145 1
3 146 1
4 147 1
4 148 1
4 149 1
4 150 1
4 151 1
4 152 1
4 153 1
6 154 1
7 155 1
8 155 1
9 155 1
10 155 1
11 155 1
12 154 1
13 154 1
14 154 1
15 154 1
16 154 1
17 154 1
18 154 1
19 154 1
20 153 1
21 152 1
21 151 1
22 150 1
23 149 1
24 148 1
25 147 1
25 146 1
25 145 1
26 144 1
.PEN_UP
.PEN_DOWN
21 154 1
21 155 1
22 156 1
23 157 1
23 158 1
24 159 1
25 160 1
25 161 1
26 162 1
26 163 1
27 164 1
28 165 1
28 166 1
28 167 1
28 168 1
29 169 1
29 170 1
28 171 1
28 172 1
28 173 1
27 174 1
26 175 1
25 176 1
25 177 1
24 178 1
24 179 1
23 180 1
21 180 1
20 180 1
19 180 1
18 180 1
17 180 1
16 180 1
15 180 1
14 180 1
13 180 1
12 180 1
11 180 1
10 179 1
9 179 1
8 179 1
7 179 1
6 179 1
5 177 1
4 176 1
4 175 1
4 174 1
4 173 1
4 172 1
4 171 1
4 170 1
4 169 1
4 168 1
4 167 1
4 166 1
4 165 1
4 164 1
4 163 1
4 162 1
4 161 1
4 160 1
4 159 1
4 158 1
4 157 1
4 156 1
4 155 1
.PEN_UP
.PEN_DOWN
5 178 1
5 181 1
4 182 1
4 183 1
4 184 1
4 185 1
4 186 1
4 187 1
4 188 1
4 189 1
4 190 1
4 191 1
4 192 1
5 193 1
5 194 1
5 195 1
5 196 1
5 197 1
5 198 1
5 199 1
.PEN_UP
.PEN_DOWN
22 181 1
24 182 1
25 182 1
26 182 1
27 183 1
28 183 1
29 183 1
30 183 1
31 184 1
32 184 1
33 184 1
34 184 1
35 184 1
36 184 1
37 184 1
38 184 1
39 185 1
40 185 1
41 185 1
42 185 1
43 185 1
44 185 1
45 185 1
46 186 1
46 187 1
.PEN_UP
.PEN_DOWN
2 71 1
4 71 1
5 72 1
6 72 1
7 72 1
8 72 1
9 72 1
10 73 1
11 73 1
12 73 1
13 73 1
14 73 1
15 73 1
16 73 1
17 73 1
18 74 1
19 74 1
20 74 1
21 74 1
22 74 1
23 75 1
24 75 1
25 75 1
26 75 1
27 76 1
28 76 1
29 76 1
30 76 1
31 76 1
32 76 1
33 76 1
34 76 1
35 76 1
36 76 1
37 76 1
38 76 1
39 76 1
40 77 1
41 77 1
42 77 1
43 77 1
44 77 1
45 78 1
46 78 1
.PEN_UP
.PEN_DOWN
42 122 1
43 122 1
44 121 1
45 121 1
46 121 1
49 121 1
50 121 1
51 122 1
52 122 1
53 122 1
54 122 1
55 123 1
56 123 1
57 123 1
58 124 1
59 124 1
.PEN_UP
.PEN_DOWN
47 120 1
47 119 1
47 118 1
47 117 1
47 116 1
46 115 1
46 114 1
46 113 1
45 112 1
44 111 1
43 110 1
42 110 1
41 110 1
40 110 1
39 110 1
38 110 1
37 110 1
36 110 1
35 110 1
34 110 1
33 110 1
32 110 1
31 110 1
30 110 1
29 110 1
28 110 1
27 110 1
23 111 1
22 111 1
21 111 1
20 111 1
19 111 1
18 111 1
17 111 1
16 110 1
15 109 1
14 108 1
14 107 1
14 106 1
14 105 1
14 104 1
14 103 1
14 102 1
14 101 1
15 100 1
16 99 1
17 99 1
18 99 1
19 99 1
20 99 1
21 100 1
22 101 1
22 102 1
23 103 1
24 104 1
24 105 1
24 106 1
24 107 1
25 108 1
25 109 1
26 112 1
26 113 1
26 114 1
26 115 1
26 116 1
26 117 1
26 118 1
26 119 1
26 120 1
26 121 1
26 122 1
26 123 1
26 124 1
26 125 1
25 126 1
25 127 1
25 128 1
24 129 1
24 130 1
24 131 1
23 132 1
23 133 1
22 134 1
22 135 1
.PEN_UP
