.PEN_DOWN
50 1 1
49 2 1
49 3 1
50 4 1
50 5 1
50 6 1
50 9 1
50 10 1
50 11 1
50 12 1
50 13 1
49 14 1
49 15 1
49 16 1
49 17 1
49 18 1
49 19 1
49 20 1
48 23 1
48 24 1
48 25 1
48 26 1
48 27 1
48 28 1
48 29 1
47 30 1
47 31 1
47 32 1
47 33 1
47 34 1
47 35 1
47 36 1
47 37 1
47 38 1
47 39 1
47 40 1
46 41 1
46 42 1
46 43 1
46 44 1
46 45 1
46 46 1
47 47 1
47 48 1
47 49 1
47 50 1
47 51 1
49 52 1
50 52 1
51 52 1
52 52 1
53 52 1
54 52 1
55 52 1
56 52 1
57 52 1
58 53 1
59 53 1
60 53 1
61 53 1
62 53 1
63 53 1
64 54 1
65 54 1
66 54 1
67 54 1
68 54 1
69 54 1
70 54 1
71 54 1
72 55 1
73 56 1
74 56 1
75 56 1
76 57 1
77 57 1
78 57 1
79 58 1
80 58 1
81 58 1
82 58 1
83 59 1
84 59 1
85 60 1
86 60 1
87 60 1
88 61 1
89 61 1
90 61 1
91 62 1
92 62 1
.PEN_UP
.PEN_DOWN
72 53 1
72 52 1
72 51 1
72 50 1
73 49 1
73 48 1
73 47 1
73 46 1
73 45 1
73 44 1
73 43 1
73 42 1
73 41 1
73 40 1
73 39 1
73 38 1
73 37 1
73 36 1
73 35 1
72 34 1
72 33 1
72 32 1
72 31 1
72 30 1
72 29 1
72 28 1
73 27 1
74 26 1
77 27 1
78 27 1
79 28 1
79 29 1
80 30 1
81 31 1
82 32 1
83 33 1
84 33 1
85 33 1
86 33 1
87 34 1
88 34 1
89 33 1
90 32 1
91 31 1
92 30 1
92 29 1
92 28 1
92 27 1
93 26 1
93 25 1
93 24 1
94 23 1
94 22 1
94 21 1
94 20 1
94 19 1
94 18 1
94 17 1
94 16 1
93 15 1
93 14 1
92 13 1
91 12 1
90 11 1
89 11 1
.PEN_UP
.PEN_DOWN
75 25 1
75 24 1
75 23 1
75 22 1
75 21 1
74 20 1
74 19 1
73 18 1
72 18 1
71 18 1
70 19 1
69 19 1
68 20 1
67 21 1
66 22 1
65 23 1
64 23 1
63 24 1
62 24 1
61 24 1
60 24 1
59 25 1
58 25 1
57 24 1
56 24 1
55 24 1
54 23 1
53 22 1
52 22 1
51 22 1
50 21 1
.PEN_UP
.PEN_DOWN
47 52 1
47 54 1
47 55 1
47 56 1
47 57 1
47 58 1
47 59 1
47 60 1
47 61 1
47 62 1
47 63 1
47 64 1
47 65 1
46 66 1
46 67 1
46 68 1
46 69 1
46 70 1
45 71 1
45 72 1
45 73 1
45 74 1
45 75 1
45 76 1
45 77 1
45 78 1
45 79 1
45 80 1
45 81 1
45 82 1
45 83 1
45 84 1
45 85 1
45 86 1
45 87 1
45 88 1
45 89 1
45 90 1
45 91 1
45 92 1
45 93 1
45 94 1
45 95 1
45 96 1
45 97 1
45 98 1
45 99 1
45 100 1
45 101 1
45 102 1
45 103 1
45 104 1
45 105 1
44 106 1
43 105 1
42 105 1
41 105 1
40 105 1
39 104 1
38 103 1
37 103 1
36 102 1
35 102 1
34 101 1
33 100 1
32 100 1
31 99 1
30 99 1
29 98 1
28 97 1
27 97 1
26 96 1
25 96 1
24 95 1
23 94 1
22 94 1
21 93 1
20 93 1
19 92 1
18 91 1
18 90 1
18 89 1
16 87 1
15 87 1
14 87 1
13 86 1
12 85 1
11 84 1
10 84 1
9 83 1
9 82 1
8 81 1
7 80 1
6 79 1
5 78 1
4 77 1
4 76 1
3 75 1
3 74 1
2 73 1
2 72 1
1 71 1
1 70 1
1 69 1
1 68 1
2 67 1
3 66 1
4 65 1
5 64 1
6 63 1
7 63 1
8 63 1
9 63 1
10 63 1
11 64 1
12 65 1
13 66 1
14 67 1
14 68 1
15 69 1
15 70 1
16 71 1
16 72 1
16 73 1
17 74 1
17 75 1
17 76 1
17 77 1
17 78 1
18 79 1
18 80 1
18 81 1
18 82 1
18 83 1
18 84 1
18 85 1
18 86 1
18 87 1
.PEN_UP
.PEN_DOWN
45 107 1
46 108 1
48 108 1
49 108 1
50 108 1
51 109 1
52 109 1
53 109 1
54 109 1
55 110 1
56 111 1
57 111 1
58 111 1
59 112 1
60 112 1
61 112 1
62 113 1
63 113 1
64 113 1
65 113 1
66 113 1
67 114 1
68 114 1
69 114 1
70 115 1
71 115 1
72 115 1
73 115 1
74 115 1
75 115 1
76 115 1
77 116 1
78 116 1
79 116 1
80 116 1
81 116 1
82 116 1
83 116 1
84 117 1
85 117 1
86 117 1
87 117 1
88 117 1
89 118 1
90 118 1
.PEN_UP
.PEN_DOWN
47 108 1
46 110 1
46 111 1
46 112 1
46 113 1
46 114 1
46 115 1
46 116 1
46 117 1
46 118 1
47 119 1
47 120 1
47 121 1
47 122 1
47 123 1
47 124 1
47 125 1
47 126 1
47 127 1
47 128 1
47 129 1
47 130 1
47 131 1
47 132 1
48 133 1
48 134 1
48 135 1
48 136 1
48 137 1
48 138 1
48 139 1
48 140 1
48 141 1
48 142 1
48 143 1
48 144 1
48 145 1
48 146 1
48 147 1
48 148 1
48 149 1
48 150 1
48 151 1
48 152 1
48 153 1
48 154 1
48 155 1
48 156 1
48 157 1
49 158 1
49 159 1
49 160 1
49 161 1
49 162 1
49 163 1
49 164 1
49 165 1
49 166 1
49 167 1
49 168 1
49 169 1
50 170 1
50 171 1
50 172 1
50 173 1
50 174 1
50 175 1
50 176 1
50 177 1
50 178 1
50 179 1
50 180 1
51 181 1
51 182 1
52 183 1
52 184 1
.PEN_UP
.PEN_DOWN
50 7 1
52 7 1
53 7 1
54 6 1
55 6 1
56 6 1
57 5 1
.PEN_UP
.PEN_DOWN
71 108 1
71 107 1
71 106 1
71 105 1
71 104 1
71 103 1
70 102 1
70 101 1
70 100 1
70 99 1
70 98 1
70 97 1
70 96 1
71 95 1
71 94 1
71 93 1
71 92 1
72 91 1
73 92 1
74 92 1
75 92 1
76 92 1
77 93 1
78 93 1
79 93 1
80 93 1
81 93 1
82 93 1
83 93 1
84 92 1
85 92 1
86 91 1
87 90 1
88 89 1
88 88 1
89 87 1
88 86 1
88 85 1
87 84 1
86 83 1
85 82 1
84 82 1
83 81 1
82 81 1
81 81 1
80 80 1
79 80 1
78 80 1
77 79 1
76 80 1
75 80 1
74 80 1
73 80 1
72 81 1
72 82 1
72 83 1
72 84 1
71 85 1
72 86 1
72 87 1
72 88 1
72 89 1
72 90 1
.PEN_UP
.PEN_DOWN
55 154 1
56 154 1
57 155 1
58 155 1
59 156 1
60 156 1
61 156 1
62 157 1
63 157 1
64 157 1
65 157 1
66 158 1
67 158 1
68 158 1
69 158 1
70 159 1
71 159 1
72 159 1
73 159 1
76 159 1
77 160 1
78 161 1
82 162 1
83 162 1
84 162 1
85 162 1
86 162 1
87 162 1
88 162 1
89 163 1
90 163 1
91 164 1
.PEN_UP
.PEN_DOWN
79 161 1
77 163 1
76 164 1
76 165 1
75 166 1
74 167 1
74 168 1
73 169 1
72 170 1
72 171 1
71 172 1
71 173 1
71 174 1
71 175 1
71 176 1
71 177 1
71 178 1
72 179 1
72 180 1
73 181 1
74 182 1
75 183 1
76 184 1
77 185 1
78 185 1
79 185 1
80 186 1
81 186 1
82 186 1
83 185 1
84 185 1
85 185 1
86 184 1
87 184 1
88 184 1
89 183 1
90 182 1
91 181 1
.PEN_UP
.PEN_DOWN
80 161 1
82 159 1
83 158 1
83 157 1
83 156 1
83 155 1
83 154 1
83 153 1
83 152 1
84 151 1
84 150 1
84 149 1
84 148 1
84 147 1
84 146 1
84 145 1
84 144 1
84 143 1
84 142 1
83 141 1
83 140 1
83 139 1
82 138 1
81 137 1
80 136 1
79 136 1
78 136 1
77 136 1
76 136 1
75 137 1
74 137 1
73 138 1
72 139 1
72 140 1
71 141 1
71 142 1
70 143 1
70 144 1
69 145 1
69 146 1
70 147 1
70 148 1
70 149 1
71 150 1
71 151 1
72 152 1
72 153 1
73 154 1
73 155 1
74 156 1
74 157 1
74 158 1
.PEN_UP
