.PEN_DOWN
4 2 1
3 3 1
3 4 1
3 5 1
3 6 1
3 7 1
3 8 1
3 9 1
2 10 1
2 11 1
1 12 1
1 13 1
1 14 1
1 15 1
1 16 1
1 17 1
1 18 1
2 19 1
2 20 1
2 21 1
2 22 1
2 23 1
1 24 1
1 25 1
1 26 1
1 27 1
1 28 1
2 29 1
4 29 1
5 29 1
6 30 1
7 30 1
8 30 1
9 30 1
10 31 1
11 31 1
12 31 1
13 31 1
14 31 1
15 32 1
16 32 1
17 32 1
18 33 1
19 33 1
20 33 1
21 34 1
22 34 1
23 35 1
24 35 1
25 35 1
26 35 1
27 35 1
28 36 1
29 36 1
30 36 1
31 36 1
32 37 1
33 39 1
32 40 1
32 41 1
32 42 1
32 43 1
31 44 1
31 45 1
31 46 1
31 47 1
31 48 1
31 49 1
31 50 1
32 51 1
33 52 1
34 53 1
35 54 1
36 55 1
37 56 1
38 57 1
39 57 1
40 57 1
41 58 1
42 58 1
43 58 1
44 58 1
45 57 1
46 57 1
47 57 1
48 57 1
.PEN_UP
.PEN_DOWN
35 37 1
36 36 1
39 36 1
40 36 1
41 36 1
42 36 1
43 37 1
44 37 1
45 38 1
46 38 1
47 38 1
48 39 1
.PEN_UP
.PEN_DOWN
37 35 1
37 34 1
37 33 1
37 32 1
37 31 1
37 30 1
35 28 1
34 27 1
33 27 1
32 26 1
31 25 1
30 24 1
29 23 1
28 22 1
27 21 1
27 20 1
26 19 1
25 18 1
25 17 1
24 16 1
23 15 1
23 14 1
23 13 1
22 12 1
22 11 1
22 10 1
22 9 1
22 8 1
23 7 1
23 6 1
24 5 1
25 4 1
26 3 1
27 2 1
28 2 1
29 1 1
30 1 1
31 1 1
32 1 1
33 1 1
34 1 1
35 2 1
36 2 1
37 3 1
38 4 1
39 5 1
40 6 1
40 7 1
41 8 1
41 9 1
42 10 1
42 11 1
42 12 1
42 13 1
42 14 1
42 15 1
42 16 1
42 17 1
42 18 1
42 19 1
42 20 1
42 21 1
41 22 1
41 23 1
41 24 1
40 25 1
40 26 1
39 27 1
38 28 1
37 29 1
.PEN_UP
.PEN_DOWN
3 29 1
2 31 1
2 32 1
2 33 1
2 34 1
2 35 1
2 36 1
3 37 1
3 38 1
3 39 1
3 40 1
3 41 1
3 42 1
3 43 1
3 44 1
2 45 1
2 46 1
3 47 1
3 48 1
3 49 1
3 50 1
3 51 1
3 52 1
3 53 1
3 54 1
3 55 1
3 56 1
3 57 1
3 58 1
3 59 1
3 60 1
3 61 1
4 62 1
4 63 1
4 64 1
3 65 1
3 66 1
4 67 1
4 68 1
4 69 1
4 70 1
4 71 1
4 72 1
4 73 1
4 74 1
4 75 1
4 76 1
4 77 1
4 78 1
4 79 1
4 80 1
4 81 1
4 82 1
4 83 1
4 84 1
4 85 1
5 86 1
5 87 1
5 88 1
5 89 1
5 90 1
5 91 1
5 92 1
5 93 1
5 94 1
5 95 1
5 96 1
5 97 1
5 98 1
5 99 1
5 100 1
5 101 1
5 102 1
5 103 1
5 104 1
4 107 1
3 107 1
2 107 1
1 107 1
.PEN_UP
.PEN_DOWN
5 105 1
7 105 1
8 105 1
9 105 1
10 105 1
11 105 1
12 105 1
13 106 1
14 106 1
15 106 1
16 106 1
17 107 1
18 107 1
19 107 1
20 107 1
21 107 1
22 108 1
23 108 1
24 108 1
25 108 1
26 109 1
27 109 1
28 109 1
29 109 1
30 109 1
31 109 1
32 110 1
33 110 1
34 110 1
35 109 1
37 110 1
38 110 1
39 111 1
40 111 1
41 111 1
42 111 1
43 111 1
44 111 1
45 112 1
46 112 1
.PEN_UP
.PEN_DOWN
35 108 1
35 107 1
34 106 1
34 105 1
34 104 1
34 103 1
34 102 1
33 101 1
33 100 1
33 99 1
33 98 1
34 97 1
34 96 1
35 95 1
36 94 1
37 93 1
38 93 1
39 92 1
40 91 1
42 92 1
43 92 1
44 92 1
45 92 1
46 92 1
47 93 1
48 93 1
49 93 1
50 94 1
.PEN_UP
.PEN_DOWN
40 90 1
39 89 1
39 88 1
39 87 1
38 86 1
38 85 1
37 84 1
37 83 1
37 82 1
36 81 1
36 80 1
36 79 1
36 78 1
37 77 1
37 76 1
37 75 1
38 74 1
39 73 1
40 72 1
41 72 1
42 72 1
43 71 1
44 71 1
45 71 1
46 72 1
47 72 1
48 73 1
49 74 1
50 75 1
51 76 1
52 77 1
53 78 1
53 79 1
53 80 1
.PEN_UP
.PEN_DOWN
73 57 1
72 57 1
71 56 1
70 56 1
69 56 1
68 55 1
66 53 1
65 53 1
64 52 1
63 51 1
62 50 1
61 49 1
60 48 1
60 47 1
59 46 1
59 45 1
59 44 1
58 43 1
58 42 1
58 41 1
58 40 1
58 39 1
59 38 1
59 37 1
59 36 1
59 35 1
59 34 1
60 33 1
61 32 1
62 33 1
63 33 1
64 33 1
65 33 1
66 33 1
67 34 1
68 35 1
69 36 1
70 37 1
71 38 1
71 39 1
71 40 1
71 41 1
71 42 1
71 43 1
71 44 1
71 45 1
71 46 1
71 47 1
71 48 1
70 49 1
70 50 1
69 51 1
69 52 1
68 53 1
.PEN_UP
