.PEN_DOWN
36 1 1
36 2 1
36 3 1
36 4 1
35 5 1
35 6 1
35 7 1
35 8 1
35 9 1
35 10 1
35 11 1
35 12 1
35 13 1
35 14 1
35 15 1
35 16 1
35 17 1
35 18 1
35 19 1
35 20 1
36 21 1
37 21 1
38 22 1
39 22 1
40 23 1
41 23 1
42 24 1
43 24 1
44 25 1
45 25 1
46 25 1
47 25 1
48 25 1
49 24 1
49 23 1
49 22 1
49 21 1
49 20 1
49 19 1
49 18 1
49 17 1
49 16 1
49 15 1
50 14 1
51 13 1
52 13 1
53 13 1
54 14 1
55 15 1
56 16 1
57 17 1
58 17 1
59 18 1
60 20 1
61 21 1
61 22 1
61 23 1
61 24 1
62 25 1
62 26 1
63 27 1
63 28 1
64 29 1
64 30 1
65 31 1
66 32 1
67 32 1
68 32 1
69 32 1
70 32 1
71 31 1
72 30 1
72 29 1
73 28 1
73 27 1
73 26 1
73 25 1
73 24 1
73 23 1
73 22 1
73 21 1
73 20 1
73 19 1
73 18 1
73 17 1
73 16 1
73 15 1
73 14 1
73 13 1
73 12 1
73 11 1
73 10 1
73 9 1
73 8 1
75 7 1
76 7 1
77 7 1
78 7 1
79 8 1
80 9 1
81 10 1
82 11 1
83 12 1
84 12 1
85 13 1
86 14 1
87 15 1
87 16 1
88 17 1
88 18 1
89 19 1
89 20 1
90 21 1
90 22 1
90 23 1
91 24 1
91 25 1
92 26 1
92 27 1
92 28 1
92 29 1
92 30 1
92 31 1
92 32 1
92 33 1
92 34 1
92 35 1
92 36 1
92 37 1
92 38 1
91 39 1
91 40 1
91 41 1
91 42 1
91 43 1
90 44 1
90 45 1
90 46 1
89 47 1
.PEN_UP
.PEN_DOWN
72 7 1
71 6 1
70 6 1
69 6 1
68 7 1
67 7 1
66 7 1
65 8 1
64 8 1
63 9 1
63 10 1
62 11 1
62 12 1
62 13 1
62 14 1
61 15 1
61 16 1
61 17 1
60 18 1
.PEN_UP
.PEN_DOWN
35 22 1
35 23 1
35 24 1
35 25 1
35 26 1
35 27 1
35 28 1
35 29 1
35 30 1
35 31 1
35 32 1
35 33 1
36 34 1
36 35 1
36 36 1
36 37 1
36 38 1
36 39 1
35 40 1
35 41 1
35 42 1
35 43 1
35 44 1
35 45 1
35 46 1
35 47 1
35 48 1
35 49 1
35 50 1
35 51 1
35 52 1
35 53 1
35 54 1
35 55 1
35 56 1
35 57 1
35 58 1
35 59 1
35 60 1
35 61 1
35 62 1
35 63 1
35 64 1
35 65 1
35 66 1
35 67 1
35 68 1
35 69 1
35 70 1
35 71 1
35 72 1
35 73 1
35 74 1
35 75 1
36 76 1
36 77 1
36 78 1
36 79 1
36 80 1
36 81 1
36 82 1
36 83 1
36 84 1
36 85 1
36 86 1
36 87 1
36 88 1
36 89 1
36 90 1
36 91 1
36 92 1
37 93 1
37 94 1
37 95 1
37 96 1
37 97 1
37 98 1
37 99 1
37 100 1
37 101 1
37 102 1
37 103 1
37 104 1
38 105 1
38 106 1
38 107 1
38 108 1
38 109 1
38 110 1
38 111 1
38 112 1
38 113 1
38 114 1
38 115 1
38 116 1
38 117 1
38 118 1
38 119 1
38 120 1
39 121 1
39 122 1
39 123 1
39 124 1
39 125 1
39 126 1
39 127 1
39 128 1
39 129 1
39 130 1
39 131 1
39 132 1
39 133 1
40 134 1
40 135 1
40 136 1
40 137 1
40 138 1
40 139 1
40 140 1
40 141 1
39 142 1
37 142 1
36 142 1
35 142 1
34 142 1
33 142 1
32 142 1
31 141 1
30 141 1
29 141 1
28 141 1
27 141 1
26 141 1
25 142 1
24 142 1
23 142 1
22 142 1
21 142 1
20 142 1
19 142 1
18 142 1
17 143 1
16 143 1
15 143 1
14 144 1
13 144 1
12 145 1
11 145 1
10 146 1
9 147 1
8 148 1
7 148 1
6 149 1
6 150 1
5 151 1
4 152 1
4 153 1
3 154 1
3 155 1
2 156 1
2 157 1
1 158 1
1 159 1
1 160 1
1 161 1
1 162 1
1 163 1
1 164 1
1 165 1
1 166 1
1 167 1
1 168 1
1 169 1
2 170 1
2 171 1
2 172 1
3 173 1
4 174 1
5 175 1
6 176 1
7 177 1
8 178 1
9 179 1
10 180 1
11 181 1
12 181 1
13 182 1
14 182 1
15 183 1
16 183 1
17 184 1
18 184 1
19 185 1
20 185 1
21 185 1
22 186 1
23 186 1
24 186 1
25 187 1
26 187 1
27 187 1
28 188 1
29 188 1
30 188 1
31 189 1
32 189 1
33 189 1
34 190 1
35 190 1
36 190 1
37 190 1
38 190 1
39 191 1
40 191 1
41 191 1
42 191 1
46 193 1
47 193 1
48 193 1
49 193 1
50 193 1
51 193 1
52 193 1
53 193 1
54 193 1
55 193 1
56 193 1
57 194 1
58 194 1
61 194 1
62 194 1
63 194 1
66 194 1
67 194 1
68 194 1
69 194 1
70 195 1
71 195 1
72 195 1
73 195 1
74 195 1
75 196 1
75 197 1
.PEN_UP
.PEN_DOWN
64 193 1
63 192 1
63 191 1
63 190 1
63 189 1
63 188 1
62 187 1
61 187 1
60 186 1
59 185 1
58 184 1
57 183 1
56 182 1
56 181 1
55 180 1
55 179 1
55 178 1
55 177 1
55 176 1
56 175 1
56 174 1
56 173 1
57 172 1
58 171 1
59 171 1
60 170 1
61 170 1
62 170 1
63 169 1
64 170 1
65 171 1
66 172 1
67 173 1
67 174 1
67 175 1
67 176 1
67 177 1
67 178 1
67 179 1
67 180 1
67 181 1
67 182 1
67 183 1
66 184 1
66 185 1
65 186 1
64 187 1
.PEN_UP
.PEN_DOWN
59 194 1
59 196 1
59 197 1
58 198 1
58 199 1
58 200 1
58 201 1
58 202 1
58 203 1
58 204 1
59 205 1
60 206 1
61 207 1
62 207 1
63 208 1
64 208 1
65 208 1
66 208 1
67 208 1
68 209 1
69 209 1
70 208 1
71 208 1
72 208 1
73 207 1
74 206 1
.PEN_UP
.PEN_DOWN
43 190 1
43 189 1
43 188 1
43 187 1
43 186 1
44 185 1
44 184 1
44 183 1
44 182 1
43 180 1
43 179 1
43 178 1
43 177 1
43 176 1
43 175 1
43 174 1
43 173 1
43 172 1
42 171 1
42 170 1
42 169 1
42 168 1
42 167 1
42 166 1
42 165 1
42 164 1
42 163 1
42 162 1
42 161 1
41 160 1
41 159 1
41 158 1
41 157 1
41 156 1
41 155 1
41 154 1
41 153 1
41 152 1
41 149 1
40 148 1
40 147 1
40 146 1
40 145 1
42 144 1
43 144 1
44 144 1
45 145 1
46 145 1
47 145 1
48 146 1
49 146 1
50 146 1
51 146 1
52 147 1
53 147 1
54 148 1
55 148 1
56 149 1
57 149 1
58 149 1
59 150 1
60 150 1
61 151 1
62 152 1
62 153 1
63 154 1
61 155 1
60 155 1
59 155 1
58 155 1
57 155 1
56 155 1
55 154 1
54 154 1
53 154 1
52 153 1
51 153 1
50 153 1
49 153 1
48 152 1
47 152 1
46 152 1
45 152 1
44 151 1
43 151 1
42 151 1
.PEN_UP
.PEN_DOWN
62 155 1
65 155 1
66 155 1
67 155 1
68 155 1
69 155 1
70 156 1
71 156 1
72 156 1
73 156 1
74 156 1
75 156 1
.PEN_UP
.PEN_DOWN
43 191 1
44 195 1
44 196 1
44 197 1
44 198 1
44 199 1
44 200 1
44 201 1
44 202 1
44 203 1
44 204 1
44 205 1
44 206 1
44 207 1
44 208 1
44 209 1
44 210 1
44 211 1
44 212 1
44 213 1
44 214 1
44 215 1
44 216 1
44 217 1
44 218 1
44 219 1
44 220 1
44 221 1
44 222 1
44 223 1
44 224 1
44 225 1
44 226 1
43 227 1
43 228 1
44 229 1
44 230 1
43 231 1
.PEN_UP
.PEN_DOWN
42 49 1
43 50 1
44 50 1
45 50 1
46 50 1
47 51 1
48 51 1
49 51 1
50 52 1
51 52 1
52 52 1
53 53 1
54 53 1
55 53 1
56 54 1
57 54 1
58 54 1
59 55 1
60 55 1
61 55 1
62 55 1
63 55 1
64 55 1
65 56 1
66 56 1
67 56 1
68 56 1
69 56 1
70 56 1
71 56 1
72 57 1
73 57 1
.PEN_UP
.PEN_DOWN
78 78 1
78 77 1
78 76 1
77 75 1
77 74 1
76 73 1
75 72 1
74 72 1
73 72 1
72 72 1
71 72 1
70 73 1
69 74 1
68 74 1
67 75 1
66 76 1
66 77 1
65 78 1
65 79 1
65 80 1
65 81 1
65 82 1
66 83 1
66 84 1
67 85 1
67 86 1
67 87 1
67 88 1
68 89 1
70 90 1
71 90 1
72 90 1
73 90 1
74 91 1
.PEN_UP
.PEN_DOWN
67 90 1
66 91 1
65 92 1
64 93 1
63 94 1
62 95 1
62 96 1
62 97 1
62 98 1
63 99 1
63 100 1
63 101 1
63 102 1
64 103 1
64 104 1
64 105 1
65 106 1
65 107 1
67 108 1
68 108 1
69 109 1
70 109 1
71 109 1
72 109 1
73 109 1
74 109 1
.PEN_UP
.PEN_DOWN
65 108 1
64 109 1
63 109 1
62 109 1
61 109 1
60 109 1
59 109 1
58 108 1
57 108 1
56 108 1
55 108 1
54 108 1
53 107 1
52 107 1
51 107 1
50 106 1
49 106 1
48 106 1
47 105 1
46 105 1
45 105 1
.PEN_UP
.PEN_DOWN
49 131 1
50 131 1
51 131 1
52 131 1
53 131 1
54 131 1
55 131 1
56 131 1
57 131 1
58 131 1
59 131 1
60 131 1
61 131 1
62 131 1
63 132 1
64 132 1
65 132 1
66 132 1
67 132 1
68 132 1
69 132 1
70 133 1
71 133 1
72 134 1
73 134 1
74 135 1
75 135 1
.PEN_UP
