.PEN_DOWN
1 11 1
2 11 1
3 12 1
4 13 1
5 14 1
6 14 1
7 14 1
8 15 1
9 15 1
10 16 1
11 17 1
12 17 1
13 18 1
14 18 1
15 19 1
16 20 1
17 20 1
18 21 1
19 21 1
20 22 1
21 22 1
22 23 1
23 23 1
24 24 1
25 24 1
26 25 1
27 25 1
28 26 1
29 27 1
31 31 1
31 32 1
31 33 1
31 34 1
31 35 1
31 36 1
31 37 1
31 38 1
31 39 1
31 40 1
31 41 1
31 42 1
31 43 1
31 44 1
31 45 1
31 46 1
31 47 1
31 48 1
31 49 1
31 50 1
31 51 1
31 52 1
31 53 1
31 54 1
31 55 1
32 56 1
.PEN_UP
.PEN_DOWN
30 27 1
34 28 1
35 29 1
36 29 1
37 30 1
38 30 1
.PEN_UP
.PEN_DOWN
31 27 1
32 24 1
31 23 1
31 22 1
31 21 1
31 20 1
31 19 1
31 18 1
31 17 1
31 16 1
31 15 1
31 14 1
31 13 1
32 12 1
32 11 1
32 10 1
32 9 1
32 8 1
32 7 1
32 6 1
32 5 1
32 4 1
31 3 1
.PEN_UP
.PEN_DOWN
31 28 1
35 24 1
36 24 1
37 24 1
38 24 1
39 24 1
40 24 1
41 24 1
42 24 1
43 24 1
44 24 1
45 24 1
46 24 1
47 24 1
48 24 1
49 24 1
50 24 1
51 24 1
52 24 1
53 26 1
53 27 1
53 28 1
53 29 1
53 30 1
53 31 1
53 32 1
53 33 1
53 34 1
53 35 1
53 36 1
54 37 1
54 38 1
55 39 1
56 39 1
57 40 1
58 40 1
59 40 1
60 40 1
61 40 1
62 40 1
63 40 1
64 40 1
65 40 1
66 39 1
67 39 1
68 38 1
69 38 1
.PEN_UP
.PEN_DOWN
53 24 1
57 22 1
58 23 1
59 23 1
60 23 1
61 23 1
62 23 1
63 23 1
64 23 1
65 23 1
66 23 1
67 23 1
68 23 1
.PEN_UP
.PEN_DOWN
54 20 1
54 19 1
51 17 1
50 17 1
49 16 1
48 15 1
47 14 1
47 13 1
46 12 1
46 11 1
46 10 1
46 9 1
46 8 1
46 7 1
47 6 1
48 5 1
49 4 1
50 4 1
51 3 1
54 1 1
55 1 1
56 1 1
57 2 1
57 3 1
58 4 1
58 5 1
58 6 1
58 7 1
58 8 1
57 9 1
57 10 1
57 11 1
56 12 1
56 13 1
.PEN_UP
