.PEN_DOWN
42 1 1
41 2 1
41 3 1
41 4 1
41 5 1
41 6 1
41 7 1
41 8 1
41 9 1
41 10 1
41 11 1
41 12 1
41 13 1
41 14 1
40 15 1
39 15 1
38 15 1
37 15 1
36 15 1
35 15 1
34 15 1
33 14 1
32 14 1
31 15 1
30 15 1
29 15 1
28 15 1
27 15 1
26 15 1
25 14 1
24 14 1
23 14 1
22 14 1
21 14 1
20 14 1
19 14 1
18 14 1
17 14 1
16 14 1
15 14 1
14 14 1
13 14 1
12 14 1
11 15 1
10 15 1
9 16 1
8 16 1
7 17 1
6 18 1
6 19 1
5 20 1
5 21 1
4 22 1
4 23 1
4 24 1
3 25 1
3 26 1
3 27 1
3 28 1
3 29 1
2 30 1
2 31 1
2 32 1
2 33 1
2 34 1
2 35 1
2 36 1
2 37 1
2 38 1
2 39 1
2 40 1
1 41 1
1 42 1
2 43 1
2 44 1
2 45 1
2 46 1
3 47 1
3 48 1
3 49 1
3 50 1
4 51 1
5 52 1
5 53 1
6 54 1
7 55 1
8 56 1
9 57 1
10 58 1
11 59 1
12 60 1
13 61 1
14 62 1
15 62 1
16 63 1
17 64 1
18 65 1
19 66 1
20 66 1
21 67 1
22 68 1
23 68 1
24 69 1
25 70 1
26 70 1
27 71 1
28 71 1
29 72 1
30 73 1
31 74 1
32 75 1
33 75 1
34 75 1
35 76 1
36 76 1
37 76 1
38 76 1
39 77 1
40 77 1
44 79 1
45 79 1
46 79 1
47 79 1
48 79 1
49 79 1
50 79 1
51 80 1
52 80 1
53 80 1
54 80 1
55 81 1
56 81 1
57 81 1
58 81 1
59 81 1
60 81 1
61 81 1
62 81 1
63 81 1
64 81 1
65 81 1
66 81 1
67 80 1
69 80 1
70 80 1
71 80 1
72 80 1
73 81 1
74 81 1
75 81 1
76 81 1
77 82 1
78 82 1
.PEN_UP
.PEN_DOWN
67 79 1
67 78 1
67 77 1
67 76 1
66 75 1
66 74 1
65 73 1
65 72 1
65 71 1
65 70 1
65 69 1
66 68 1
67 67 1
68 66 1
69 65 1
70 64 1
71 63 1
73 63 1
74 63 1
75 63 1
76 63 1
77 64 1
78 64 1
.PEN_UP
.PEN_DOWN
71 62 1
70 61 1
70 60 1
69 59 1
69 58 1
68 57 1
67 56 1
66 55 1
66 54 1
66 53 1
65 52 1
65 51 1
66 50 1
66 49 1
67 48 1
68 47 1
69 46 1
70 46 1
71 45 1
72 45 1
73 45 1
74 45 1
75 45 1
76 45 1
77 45 1
78 45 1
79 45 1
80 46 1
81 47 1
82 48 1
83 49 1
.PEN_UP
.PEN_DOWN
41 77 1
42 76 1
42 75 1
42 74 1
42 73 1
42 72 1
42 71 1
42 70 1
42 69 1
42 68 1
42 67 1
42 66 1
42 65 1
41 64 1
41 63 1
41 62 1
41 61 1
41 60 1
41 59 1
41 58 1
41 57 1
41 56 1
41 55 1
41 54 1
41 53 1
41 52 1
41 51 1
41 50 1
41 49 1
41 48 1
41 47 1
41 46 1
41 45 1
41 44 1
41 43 1
41 42 1
41 41 1
41 40 1
41 39 1
41 38 1
41 37 1
41 36 1
41 35 1
41 34 1
41 33 1
41 32 1
41 31 1
41 30 1
41 29 1
41 28 1
41 27 1
41 26 1
41 25 1
41 24 1
41 23 1
41 22 1
41 21 1
41 20 1
41 19 1
41 18 1
41 17 1
43 16 1
44 17 1
45 17 1
46 17 1
47 17 1
48 17 1
49 17 1
50 17 1
51 17 1
52 17 1
53 17 1
54 17 1
55 17 1
56 17 1
57 18 1
58 18 1
59 18 1
60 18 1
61 18 1
62 18 1
63 18 1
64 18 1
65 18 1
66 19 1
67 19 1
68 19 1
69 19 1
70 19 1
71 19 1
72 19 1
73 19 1
74 19 1
75 20 1
76 20 1
77 21 1
78 21 1
79 22 1
79 23 1
.PEN_UP
.PEN_DOWN
41 78 1
42 81 1
42 82 1
42 83 1
42 84 1
41 85 1
41 86 1
41 87 1
41 88 1
41 89 1
41 90 1
41 91 1
41 92 1
41 93 1
41 94 1
41 95 1
41 96 1
41 97 1
41 98 1
42 99 1
42 100 1
42 101 1
42 102 1
42 103 1
42 104 1
42 105 1
42 106 1
43 107 1
45 107 1
46 108 1
47 108 1
48 108 1
49 108 1
50 108 1
51 107 1
52 107 1
53 107 1
54 107 1
55 106 1
56 106 1
57 106 1
58 106 1
59 106 1
60 106 1
61 106 1
62 106 1
63 105 1
64 105 1
67 108 1
68 109 1
69 110 1
70 111 1
71 112 1
72 113 1
73 114 1
74 115 1
75 116 1
76 117 1
77 118 1
78 119 1
79 120 1
80 121 1
81 122 1
81 123 1
82 124 1
82 125 1
82 126 1
.PEN_UP
.PEN_DOWN
65 104 1
64 109 1
63 110 1
63 111 1
63 112 1
63 113 1
63 114 1
63 115 1
63 116 1
63 117 1
63 118 1
63 119 1
63 120 1
63 121 1
63 122 1
63 123 1
63 124 1
63 125 1
63 126 1
63 127 1
63 128 1
62 129 1
61 129 1
60 128 1
59 128 1
58 128 1
57 128 1
56 128 1
55 128 1
54 128 1
53 128 1
52 128 1
51 128 1
50 128 1
49 128 1
48 129 1
47 129 1
46 129 1
45 129 1
44 129 1
43 130 1
42 129 1
42 128 1
42 127 1
42 126 1
42 125 1
42 124 1
42 123 1
42 122 1
42 121 1
42 120 1
42 119 1
42 118 1
42 117 1
42 116 1
42 115 1
42 114 1
42 113 1
42 112 1
42 111 1
42 110 1
43 109 1
43 108 1
.PEN_UP
.PEN_DOWN
43 131 1
43 132 1
43 133 1
43 134 1
43 135 1
42 136 1
42 137 1
43 138 1
43 139 1
.PEN_UP
