.PEN_DOWN
49 1 1
49 2 1
48 3 1
48 4 1
47 5 1
47 6 1
47 7 1
46 8 1
46 9 1
46 10 1
46 11 1
46 12 1
46 13 1
46 14 1
46 15 1
46 16 1
46 17 1
46 18 1
46 19 1
46 20 1
46 21 1
47 22 1
49 23 1
50 23 1
51 23 1
52 23 1
53 23 1
54 23 1
55 24 1
56 24 1
57 24 1
58 24 1
59 24 1
60 25 1
61 25 1
62 25 1
63 25 1
64 25 1
65 25 1
66 25 1
67 25 1
68 25 1
72 24 1
73 24 1
74 24 1
75 23 1
76 23 1
77 22 1
78 21 1
79 20 1
79 19 1
79 18 1
79 17 1
78 16 1
77 15 1
76 15 1
75 15 1
74 14 1
73 14 1
72 14 1
71 14 1
70 15 1
69 16 1
69 17 1
69 18 1
69 19 1
69 20 1
69 21 1
69 22 1
69 23 1
69 24 1
70 27 1
70 28 1
71 29 1
71 30 1
71 31 1
71 32 1
71 33 1
71 34 1
71 35 1
71 36 1
71 37 1
70 38 1
70 39 1
70 40 1
69 41 1
69 42 1
67 43 1
66 42 1
65 42 1
64 42 1
63 42 1
62 42 1
61 41 1
60 41 1
59 41 1
58 41 1
57 41 1
56 41 1
55 41 1
54 41 1
53 41 1
52 41 1
51 41 1
50 41 1
49 41 1
48 41 1
47 39 1
47 38 1
47 37 1
46 36 1
46 35 1
46 34 1
46 33 1
46 32 1
46 31 1
46 30 1
46 29 1
46 28 1
46 27 1
46 26 1
46 25 1
46 24 1
47 23 1
.PEN_UP
.PEN_DOWN
47 40 1
47 43 1
47 44 1
47 45 1
47 46 1
47 47 1
47 48 1
47 49 1
47 50 1
47 51 1
47 52 1
47 53 1
47 54 1
47 55 1
47 56 1
47 57 1
47 58 1
47 59 1
47 60 1
47 61 1
48 62 1
50 62 1
51 62 1
52 62 1
53 62 1
54 62 1
55 62 1
56 63 1
57 63 1
58 63 1
59 63 1
60 63 1
61 63 1
62 63 1
63 63 1
64 63 1
65 63 1
66 63 1
67 63 1
68 63 1
69 63 1
70 63 1
71 63 1
72 63 1
73 63 1
74 63 1
75 63 1
76 63 1
77 64 1
78 64 1
79 64 1
80 64 1
81 64 1
82 65 1
83 65 1
84 65 1
85 66 1
86 67 1
86 68 1
86 69 1
86 70 1
.PEN_UP
.PEN_DOWN
49 62 1
47 64 1
47 65 1
47 66 1
47 67 1
47 68 1
47 69 1
47 70 1
47 71 1
47 72 1
47 73 1
47 74 1
47 75 1
47 76 1
47 77 1
47 78 1
47 79 1
47 80 1
47 81 1
47 82 1
47 83 1
47 84 1
47 85 1
47 86 1
47 87 1
47 88 1
47 89 1
47 90 1
47 91 1
47 92 1
47 93 1
47 94 1
47 95 1
47 96 1
47 97 1
48 98 1
48 99 1
49 100 1
50 100 1
51 100 1
52 101 1
53 101 1
54 101 1
55 101 1
56 102 1
57 102 1
58 102 1
59 102 1
60 102 1
61 102 1
62 103 1
63 103 1
64 103 1
65 103 1
66 103 1
67 103 1
68 103 1
69 103 1
70 103 1
71 103 1
72 103 1
73 103 1
76 102 1
77 102 1
78 102 1
79 102 1
80 102 1
81 101 1
82 101 1
83 100 1
84 100 1
85 99 1
86 98 1
87 97 1
87 96 1
86 95 1
86 94 1
85 93 1
84 92 1
83 92 1
82 91 1
81 90 1
80 89 1
79 89 1
78 89 1
77 89 1
76 89 1
75 89 1
74 90 1
73 91 1
73 92 1
73 93 1
73 94 1
73 95 1
73 96 1
73 97 1
73 98 1
73 99 1
73 100 1
73 101 1
74 102 1
74 105 1
74 106 1
74 107 1
74 108 1
74 109 1
74 110 1
74 111 1
74 112 1
74 113 1
74 114 1
74 115 1
74 116 1
74 117 1
74 118 1
73 119 1
73 120 1
73 121 1
72 122 1
70 123 1
69 123 1
68 123 1
67 123 1
66 123 1
65 123 1
64 123 1
63 123 1
62 123 1
61 123 1
60 123 1
59 123 1
58 123 1
57 123 1
56 122 1
55 122 1
54 122 1
53 122 1
52 122 1
51 122 1
50 122 1
49 124 1
50 125 1
50 126 1
50 127 1
50 128 1
50 129 1
50 130 1
50 131 1
50 132 1
50 133 1
50 134 1
50 135 1
50 136 1
50 137 1
51 138 1
51 139 1
51 140 1
51 141 1
51 142 1
51 143 1
51 144 1
51 145 1
51 146 1
51 147 1
51 148 1
51 149 1
51 150 1
51 151 1
51 152 1
51 153 1
52 154 1
52 155 1
52 156 1
52 157 1
52 158 1
52 159 1
52 160 1
52 161 1
52 162 1
52 163 1
52 164 1
52 165 1
52 166 1
52 167 1
52 168 1
52 169 1
52 170 1
53 171 1
53 172 1
53 173 1
53 174 1
53 175 1
53 176 1
53 177 1
53 178 1
53 179 1
53 180 1
53 181 1
53 182 1
53 183 1
53 184 1
53 185 1
53 186 1
53 187 1
54 188 1
55 188 1
56 188 1
57 188 1
58 188 1
59 188 1
60 188 1
61 188 1
62 188 1
63 188 1
64 188 1
65 188 1
66 188 1
67 189 1
68 189 1
69 189 1
70 189 1
71 189 1
72 189 1
73 189 1
74 189 1
75 189 1
78 190 1
79 190 1
80 191 1
81 191 1
82 191 1
83 191 1
84 192 1
85 192 1
86 192 1
87 192 1
88 192 1
89 193 1
90 193 1
.PEN_UP
.PEN_DOWN
76 188 1
75 187 1
75 186 1
75 185 1
74 184 1
74 183 1
74 182 1
74 181 1
74 180 1
74 179 1
75 178 1
76 177 1
77 176 1
78 175 1
79 174 1
79 173 1
81 172 1
82 171 1
83 171 1
84 171 1
85 171 1
86 172 1
87 172 1
.PEN_UP
.PEN_DOWN
79 172 1
78 171 1
77 170 1
76 169 1
75 168 1
74 167 1
73 166 1
73 165 1
73 164 1
73 163 1
73 162 1
74 161 1
74 160 1
74 159 1
75 158 1
76 157 1
77 156 1
78 155 1
79 154 1
80 153 1
81 153 1
82 152 1
83 152 1
84 151 1
85 151 1
86 150 1
87 150 1
88 150 1
89 150 1
90 150 1
91 151 1
92 152 1
92 153 1
92 154 1
92 155 1
92 156 1
92 157 1
92 158 1
.PEN_UP
.PEN_DOWN
53 189 1
53 190 1
53 191 1
53 192 1
53 193 1
53 194 1
54 195 1
54 196 1
54 197 1
54 198 1
54 199 1
54 200 1
53 201 1
53 202 1
53 203 1
53 204 1
53 205 1
53 206 1
53 207 1
53 208 1
53 209 1
52 210 1
51 211 1
.PEN_UP
.PEN_DOWN
49 121 1
49 120 1
49 119 1
49 118 1
49 117 1
49 116 1
49 115 1
49 114 1
49 113 1
49 112 1
49 111 1
49 110 1
49 109 1
49 108 1
48 107 1
48 106 1
48 105 1
48 104 1
48 103 1
48 102 1
48 101 1
.PEN_UP
.PEN_DOWN
71 123 1
74 124 1
75 124 1
76 124 1
77 124 1
78 124 1
79 124 1
80 124 1
81 124 1
82 125 1
83 125 1
84 125 1
85 125 1
86 126 1
87 127 1
88 128 1
88 129 1
88 130 1
88 131 1
.PEN_UP
.PEN_DOWN
68 43 1
71 43 1
72 44 1
73 44 1
74 44 1
75 45 1
76 45 1
77 45 1
78 45 1
79 46 1
80 47 1
80 48 1
80 49 1
80 50 1
.PEN_UP
.PEN_DOWN
44 187 1
43 187 1
42 187 1
41 186 1
40 186 1
39 186 1
38 185 1
37 185 1
36 184 1
35 184 1
34 184 1
33 183 1
32 182 1
31 182 1
30 181 1
29 181 1
28 180 1
27 179 1
26 178 1
25 178 1
24 177 1
23 177 1
22 176 1
21 175 1
20 175 1
19 175 1
18 174 1
16 172 1
15 171 1
14 171 1
13 170 1
12 169 1
11 168 1
10 167 1
9 166 1
8 165 1
7 164 1
7 163 1
6 162 1
5 161 1
4 160 1
3 159 1
2 158 1
2 157 1
2 156 1
1 155 1
1 154 1
1 153 1
1 152 1
1 151 1
1 150 1
1 149 1
2 148 1
2 147 1
3 146 1
4 146 1
5 145 1
6 144 1
7 144 1
8 143 1
9 143 1
10 143 1
11 142 1
12 142 1
13 143 1
14 143 1
15 143 1
16 143 1
17 144 1
18 144 1
19 145 1
20 146 1
21 147 1
22 148 1
22 149 1
23 150 1
23 151 1
23 152 1
23 153 1
23 154 1
23 155 1
23 156 1
23 157 1
23 158 1
23 159 1
23 160 1
23 161 1
23 162 1
22 163 1
22 164 1
22 165 1
21 166 1
21 167 1
21 168 1
20 169 1
20 170 1
20 171 1
19 172 1
18 173 1
.PEN_UP
