.PEN_DOWN
48 2 1
47 3 1
47 4 1
46 5 1
46 6 1
46 7 1
46 8 1
46 9 1
46 10 1
46 11 1
46 12 1
46 13 1
46 14 1
46 15 1
46 16 1
46 17 1
46 18 1
46 19 1
46 20 1
46 21 1
46 22 1
46 23 1
47 24 1
49 26 1
50 26 1
51 26 1
52 27 1
53 28 1
54 28 1
55 28 1
56 29 1
57 29 1
58 29 1
59 29 1
60 30 1
61 30 1
62 30 1
63 28 1
62 27 1
62 26 1
62 25 1
62 24 1
62 23 1
62 22 1
61 21 1
61 20 1
61 19 1
61 18 1
62 17 1
62 16 1
62 15 1
62 14 1
62 13 1
63 12 1
63 11 1
64 10 1
65 9 1
66 9 1
67 9 1
68 10 1
69 11 1
70 12 1
71 12 1
72 13 1
74 12 1
75 11 1
76 10 1
77 9 1
78 8 1
79 7 1
79 6 1
80 5 1
81 5 1
82 4 1
83 4 1
85 2 1
86 2 1
87 1 1
88 1 1
89 1 1
90 1 1
91 1 1
92 1 1
93 1 1
94 2 1
95 2 1
96 3 1
97 3 1
98 4 1
99 5 1
100 6 1
101 7 1
102 8 1
102 9 1
103 10 1
103 11 1
103 12 1
104 13 1
104 14 1
104 15 1
105 16 1
105 17 1
105 18 1
106 19 1
106 20 1
106 21 1
106 22 1
106 23 1
106 24 1
106 25 1
106 26 1
107 27 1
107 28 1
107 29 1
107 30 1
107 31 1
107 32 1
107 33 1
107 34 1
106 35 1
106 36 1
106 37 1
105 38 1
105 39 1
105 40 1
104 41 1
103 42 1
102 43 1
.PEN_UP
.PEN_DOWN
84 3 1
85 5 1
85 6 1
85 7 1
85 8 1
85 9 1
85 10 1
86 11 1
86 12 1
86 13 1
86 14 1
86 15 1
86 16 1
86 17 1
86 18 1
86 19 1
86 20 1
86 21 1
86 22 1
85 23 1
85 24 1
85 25 1
85 26 1
85 27 1
84 28 1
84 29 1
83 30 1
82 30 1
81 31 1
80 30 1
79 30 1
78 29 1
77 28 1
77 27 1
76 26 1
76 25 1
75 24 1
75 23 1
74 22 1
74 21 1
73 20 1
73 19 1
72 18 1
72 17 1
72 16 1
72 15 1
72 14 1
.PEN_UP
.PEN_DOWN
47 25 1
46 27 1
46 28 1
46 29 1
46 30 1
46 31 1
46 32 1
46 33 1
46 34 1
46 35 1
46 36 1
46 37 1
46 38 1
46 39 1
47 40 1
47 41 1
47 44 1
47 45 1
47 46 1
48 47 1
48 48 1
49 49 1
51 50 1
52 50 1
53 50 1
54 50 1
55 50 1
56 50 1
57 51 1
58 51 1
59 51 1
60 51 1
61 52 1
62 52 1
63 52 1
64 53 1
65 53 1
66 53 1
67 53 1
68 53 1
69 54 1
70 54 1
71 54 1
72 54 1
73 54 1
74 54 1
75 54 1
76 54 1
77 54 1
78 54 1
79 54 1
80 54 1
81 54 1
.PEN_UP
.PEN_DOWN
49 50 1
48 51 1
47 52 1
47 53 1
47 54 1
47 55 1
47 56 1
46 57 1
46 58 1
46 59 1
47 60 1
47 61 1
47 62 1
47 63 1
47 64 1
47 65 1
47 66 1
47 67 1
47 68 1
47 69 1
47 70 1
47 71 1
47 72 1
47 73 1
47 74 1
47 75 1
47 76 1
47 77 1
47 78 1
47 79 1
48 80 1
48 81 1
48 82 1
48 83 1
48 84 1
48 85 1
50 86 1
51 86 1
52 86 1
53 86 1
54 87 1
55 88 1
56 88 1
57 89 1
58 90 1
59 90 1
60 91 1
61 91 1
62 91 1
63 91 1
64 92 1
65 92 1
66 92 1
67 92 1
68 92 1
69 92 1
70 93 1
71 93 1
72 93 1
75 93 1
76 93 1
77 93 1
78 92 1
79 92 1
80 92 1
81 91 1
82 90 1
82 89 1
82 88 1
81 87 1
80 87 1
79 86 1
78 86 1
77 86 1
76 85 1
75 85 1
74 86 1
73 87 1
73 88 1
73 89 1
73 90 1
73 91 1
73 92 1
73 95 1
73 96 1
73 97 1
73 98 1
74 99 1
74 100 1
.PEN_UP
.PEN_DOWN
48 86 1
48 88 1
48 89 1
48 90 1
48 91 1
48 92 1
48 93 1
48 94 1
48 95 1
48 96 1
48 97 1
46 98 1
45 98 1
44 98 1
43 98 1
42 98 1
41 97 1
40 97 1
39 97 1
38 96 1
37 96 1
36 95 1
35 95 1
34 94 1
33 94 1
32 93 1
31 92 1
30 91 1
29 91 1
28 90 1
27 90 1
26 89 1
25 88 1
24 87 1
23 86 1
22 85 1
21 84 1
20 83 1
20 82 1
18 81 1
17 80 1
16 80 1
15 79 1
14 78 1
13 77 1
12 76 1
11 75 1
10 74 1
9 73 1
8 72 1
7 71 1
7 70 1
6 69 1
5 68 1
5 67 1
5 66 1
4 65 1
4 64 1
5 63 1
6 62 1
7 61 1
8 61 1
9 60 1
10 60 1
11 60 1
12 59 1
13 59 1
14 59 1
15 59 1
16 60 1
17 60 1
18 61 1
19 61 1
20 62 1
21 63 1
21 64 1
22 65 1
23 66 1
23 67 1
23 68 1
23 69 1
23 70 1
23 71 1
23 72 1
23 73 1
23 74 1
23 75 1
23 76 1
23 77 1
23 78 1
22 79 1
21 80 1
20 81 1
.PEN_UP
.PEN_DOWN
47 98 1
49 99 1
49 100 1
49 101 1
49 102 1
49 103 1
50 104 1
50 105 1
50 106 1
50 107 1
50 108 1
50 109 1
51 110 1
53 110 1
54 110 1
55 110 1
56 110 1
57 110 1
58 110 1
59 111 1
60 111 1
61 111 1
62 111 1
63 111 1
64 111 1
65 111 1
66 112 1
67 112 1
68 112 1
69 112 1
70 112 1
71 112 1
72 113 1
73 113 1
74 113 1
75 113 1
76 113 1
77 114 1
78 114 1
79 114 1
80 114 1
.PEN_UP
.PEN_DOWN
52 110 1
50 112 1
50 113 1
51 114 1
51 115 1
.PEN_UP
.PEN_DOWN
46 42 1
45 42 1
44 41 1
43 41 1
42 41 1
41 41 1
40 40 1
39 40 1
38 40 1
37 39 1
36 39 1
35 39 1
34 38 1
33 38 1
32 38 1
31 37 1
30 37 1
29 36 1
28 36 1
27 35 1
26 35 1
25 34 1
24 34 1
23 34 1
22 33 1
21 33 1
20 32 1
19 32 1
18 32 1
17 31 1
16 31 1
15 30 1
14 30 1
13 30 1
12 29 1
10 28 1
9 28 1
8 27 1
7 26 1
6 25 1
5 24 1
4 23 1
3 22 1
3 21 1
2 20 1
2 19 1
1 18 1
1 17 1
1 16 1
1 15 1
1 14 1
1 13 1
1 12 1
1 11 1
2 10 1
3 9 1
3 8 1
4 7 1
5 6 1
6 6 1
7 5 1
8 4 1
9 4 1
10 4 1
11 5 1
12 5 1
13 5 1
14 6 1
15 7 1
15 8 1
16 9 1
16 10 1
17 11 1
17 12 1
17 13 1
17 14 1
17 15 1
17 16 1
17 17 1
17 18 1
17 19 1
17 20 1
17 21 1
16 22 1
16 23 1
15 24 1
14 25 1
13 26 1
12 27 1
.PEN_UP
