.PEN_DOWN
3 1 1
3 2 1
2 3 1
2 4 1
2 5 1
2 6 1
2 7 1
3 8 1
3 9 1
3 10 1
3 11 1
3 12 1
3 13 1
3 14 1
3 15 1
3 16 1
3 17 1
3 18 1
3 19 1
3 20 1
3 21 1
3 22 1
3 23 1
5 24 1
6 24 1
7 24 1
8 25 1
9 25 1
10 25 1
11 26 1
12 26 1
13 27 1
14 27 1
15 27 1
17 28 1
18 29 1
19 30 1
.PEN_UP
.PEN_DOWN
16 26 1
16 25 1
16 24 1
16 23 1
15 22 1
15 21 1
15 20 1
15 19 1
15 18 1
15 17 1
15 16 1
15 15 1
15 14 1
15 13 1
16 12 1
16 11 1
16 10 1
17 9 1
18 8 1
19 8 1
20 8 1
21 9 1
22 10 1
23 11 1
23 12 1
24 13 1
24 14 1
24 15 1
25 16 1
25 17 1
26 18 1
26 19 1
27 20 1
27 21 1
27 22 1
27 23 1
28 24 1
28 25 1
28 26 1
28 27 1
29 28 1
30 30 1
30 31 1
30 32 1
31 33 1
32 34 1
32 35 1
33 36 1
33 37 1
34 38 1
35 39 1
36 39 1
37 40 1
38 40 1
39 40 1
40 40 1
41 40 1
42 39 1
42 38 1
43 37 1
43 36 1
44 35 1
44 34 1
44 33 1
45 32 1
45 31 1
45 30 1
45 29 1
45 28 1
45 27 1
45 26 1
45 25 1
45 24 1
45 23 1
45 22 1
44 21 1
44 20 1
44 19 1
44 18 1
44 17 1
44 16 1
44 15 1
44 14 1
44 13 1
45 11 1
46 11 1
47 11 1
48 11 1
49 11 1
50 12 1
51 12 1
52 12 1
53 13 1
54 14 1
55 15 1
56 16 1
57 17 1
57 18 1
57 19 1
58 20 1
58 21 1
58 22 1
59 23 1
59 24 1
59 25 1
59 26 1
59 27 1
59 28 1
59 29 1
58 30 1
58 31 1
58 32 1
58 33 1
58 34 1
58 35 1
58 36 1
58 37 1
58 38 1
58 39 1
57 40 1
57 41 1
57 42 1
57 43 1
57 44 1
56 45 1
56 46 1
56 47 1
56 48 1
55 49 1
55 50 1
54 51 1
54 52 1
54 53 1
.PEN_UP
.PEN_DOWN
43 12 1
42 12 1
41 12 1
40 12 1
39 12 1
38 13 1
37 13 1
36 14 1
35 14 1
34 15 1
34 16 1
33 17 1
32 18 1
32 19 1
32 20 1
32 21 1
32 22 1
30 23 1
29 23 1
.PEN_UP
.PEN_DOWN
31 23 1
33 25 1
33 26 1
33 27 1
34 29 1
35 30 1
35 31 1
36 32 1
.PEN_UP
.PEN_DOWN
3 24 1
3 26 1
3 27 1
3 28 1
3 29 1
3 30 1
3 31 1
3 32 1
3 33 1
3 34 1
3 35 1
3 36 1
3 37 1
3 38 1
3 39 1
3 40 1
3 41 1
3 42 1
3 43 1
3 44 1
3 45 1
3 46 1
3 47 1
3 48 1
3 49 1
3 50 1
3 51 1
3 52 1
3 53 1
3 54 1
3 55 1
3 56 1
3 57 1
3 58 1
3 59 1
3 60 1
3 61 1
3 62 1
3 63 1
2 64 1
2 65 1
2 66 1
2 67 1
2 68 1
4 69 1
5 69 1
6 69 1
7 69 1
8 69 1
9 68 1
10 68 1
11 68 1
12 68 1
13 67 1
14 67 1
15 66 1
16 66 1
17 66 1
18 66 1
19 65 1
20 65 1
21 64 1
22 64 1
23 64 1
24 63 1
25 64 1
26 65 1
26 66 1
26 67 1
27 68 1
27 69 1
27 70 1
29 71 1
30 72 1
31 73 1
32 74 1
33 75 1
34 76 1
35 77 1
36 78 1
37 79 1
38 80 1
39 81 1
40 82 1
40 83 1
41 84 1
42 85 1
43 86 1
44 87 1
44 88 1
.PEN_UP
.PEN_DOWN
27 71 1
26 72 1
26 73 1
26 74 1
26 75 1
26 76 1
26 77 1
26 78 1
26 79 1
26 80 1
26 81 1
26 82 1
26 83 1
26 84 1
26 85 1
26 86 1
26 87 1
26 88 1
25 89 1
25 90 1
25 91 1
25 92 1
24 93 1
23 94 1
22 93 1
21 93 1
20 93 1
19 93 1
18 93 1
17 92 1
16 92 1
15 92 1
14 92 1
13 92 1
12 92 1
11 92 1
10 91 1
9 91 1
8 91 1
7 91 1
6 91 1
5 91 1
4 91 1
3 91 1
1 92 1
1 93 1
1 94 1
1 95 1
1 96 1
1 97 1
1 98 1
1 99 1
1 100 1
1 101 1
1 102 1
1 103 1
.PEN_UP
.PEN_DOWN
2 90 1
2 89 1
2 88 1
2 87 1
2 86 1
2 85 1
2 84 1
2 83 1
2 82 1
2 81 1
2 80 1
2 79 1
2 78 1
2 77 1
2 76 1
2 75 1
2 74 1
2 73 1
2 72 1
2 71 1
2 70 1
.PEN_UP
