.PEN_DOWN
42 1 1
41 2 1
41 3 1
41 4 1
41 5 1
41 6 1
41 7 1
41 8 1
41 9 1
41 10 1
41 11 1
41 12 1
41 13 1
41 14 1
41 15 1
41 16 1
41 17 1
41 18 1
41 19 1
41 20 1
41 21 1
42 22 1
42 23 1
42 24 1
44 25 1
45 25 1
46 25 1
47 25 1
48 25 1
49 25 1
50 25 1
51 26 1
52 26 1
53 26 1
54 26 1
55 26 1
56 26 1
57 26 1
58 26 1
60 27 1
61 27 1
62 28 1
63 29 1
63 30 1
.PEN_UP
.PEN_DOWN
59 25 1
59 24 1
59 23 1
58 22 1
58 21 1
58 20 1
58 19 1
58 18 1
58 17 1
58 16 1
59 15 1
60 14 1
61 13 1
62 13 1
63 14 1
64 15 1
65 15 1
66 16 1
67 17 1
68 17 1
70 16 1
71 15 1
72 14 1
72 13 1
73 12 1
74 11 1
75 10 1
76 9 1
77 9 1
78 9 1
79 9 1
81 7 1
82 6 1
83 5 1
84 5 1
85 5 1
86 5 1
87 5 1
88 5 1
89 5 1
90 5 1
91 5 1
92 5 1
93 5 1
94 6 1
95 6 1
96 7 1
97 7 1
98 8 1
99 9 1
100 10 1
101 11 1
102 12 1
103 13 1
103 14 1
104 15 1
104 16 1
104 17 1
105 18 1
105 19 1
105 20 1
106 21 1
106 22 1
106 23 1
106 24 1
106 25 1
106 26 1
106 27 1
106 28 1
106 29 1
106 30 1
106 31 1
106 32 1
106 33 1
105 34 1
105 35 1
105 36 1
105 37 1
105 38 1
105 39 1
105 40 1
104 41 1
104 42 1
104 43 1
104 44 1
104 45 1
104 46 1
103 47 1
102 48 1
102 49 1
102 50 1
101 51 1
101 52 1
100 53 1
100 54 1
.PEN_UP
.PEN_DOWN
80 8 1
81 10 1
81 11 1
82 12 1
82 13 1
82 14 1
82 15 1
83 16 1
83 17 1
83 18 1
83 19 1
84 20 1
84 21 1
84 22 1
84 23 1
84 24 1
84 25 1
84 26 1
84 27 1
84 28 1
83 29 1
83 30 1
83 31 1
82 32 1
81 32 1
80 32 1
79 33 1
78 33 1
77 33 1
76 32 1
75 32 1
74 31 1
73 30 1
72 29 1
71 28 1
71 27 1
71 26 1
71 25 1
70 24 1
70 23 1
70 22 1
69 21 1
69 20 1
69 19 1
69 18 1
.PEN_UP
.PEN_DOWN
42 25 1
42 27 1
42 28 1
42 29 1
42 30 1
42 31 1
42 32 1
42 33 1
42 34 1
42 35 1
42 36 1
42 37 1
42 38 1
42 39 1
42 40 1
43 41 1
43 42 1
43 43 1
43 44 1
43 45 1
43 46 1
43 47 1
43 48 1
43 49 1
42 50 1
45 50 1
46 50 1
47 50 1
48 50 1
49 50 1
50 50 1
51 50 1
52 50 1
53 50 1
54 50 1
55 50 1
56 50 1
57 51 1
58 51 1
59 51 1
60 51 1
61 51 1
62 51 1
63 51 1
64 52 1
65 52 1
66 52 1
67 52 1
68 52 1
69 53 1
70 53 1
71 53 1
72 53 1
73 53 1
74 53 1
75 53 1
76 53 1
77 54 1
78 54 1
79 54 1
80 54 1
81 54 1
82 54 1
83 54 1
84 54 1
.PEN_UP
.PEN_DOWN
41 49 1
40 49 1
39 49 1
38 48 1
37 48 1
36 48 1
35 48 1
34 47 1
33 47 1
32 46 1
31 45 1
30 45 1
29 45 1
28 44 1
27 43 1
26 43 1
25 42 1
24 41 1
23 40 1
22 39 1
21 39 1
20 38 1
19 37 1
18 36 1
17 35 1
16 34 1
15 33 1
13 32 1
12 31 1
11 31 1
10 30 1
9 29 1
8 28 1
7 27 1
6 26 1
5 25 1
4 24 1
4 23 1
3 22 1
3 21 1
2 20 1
2 19 1
1 18 1
1 17 1
1 16 1
1 15 1
2 14 1
2 13 1
3 12 1
4 11 1
5 10 1
6 9 1
7 9 1
8 9 1
9 9 1
10 9 1
11 9 1
12 9 1
13 10 1
14 11 1
15 12 1
16 13 1
16 14 1
17 15 1
17 16 1
17 17 1
18 18 1
18 19 1
18 20 1
18 21 1
18 22 1
18 23 1
18 24 1
18 25 1
18 26 1
18 27 1
18 28 1
18 29 1
17 30 1
16 31 1
15 32 1
.PEN_UP
.PEN_DOWN
43 51 1
43 53 1
43 54 1
43 55 1
44 56 1
44 57 1
44 58 1
44 59 1
44 60 1
44 61 1
44 62 1
44 63 1
44 64 1
44 65 1
44 66 1
44 67 1
44 68 1
44 69 1
44 70 1
44 71 1
44 72 1
44 73 1
44 74 1
44 75 1
44 76 1
44 77 1
44 78 1
44 79 1
44 80 1
45 81 1
45 82 1
45 83 1
45 84 1
45 85 1
45 86 1
45 87 1
45 88 1
45 89 1
45 90 1
45 91 1
45 92 1
47 93 1
48 93 1
49 93 1
50 93 1
51 93 1
52 93 1
53 93 1
54 93 1
55 93 1
56 93 1
57 93 1
58 94 1
59 94 1
60 94 1
61 94 1
62 94 1
63 94 1
64 94 1
65 94 1
66 94 1
67 94 1
70 94 1
71 94 1
72 94 1
73 94 1
74 95 1
75 95 1
76 95 1
77 95 1
78 95 1
79 96 1
80 97 1
.PEN_UP
.PEN_DOWN
68 93 1
68 92 1
68 91 1
67 90 1
67 89 1
67 88 1
66 87 1
65 86 1
65 85 1
64 84 1
64 83 1
64 82 1
64 81 1
64 80 1
64 79 1
64 78 1
65 77 1
66 76 1
67 76 1
68 76 1
69 75 1
70 75 1
71 75 1
72 75 1
73 75 1
74 76 1
75 76 1
76 76 1
77 76 1
78 77 1
79 77 1
80 78 1
81 79 1
81 80 1
.PEN_UP
.PEN_DOWN
45 93 1
45 95 1
45 96 1
45 97 1
45 98 1
45 99 1
45 100 1
45 101 1
45 102 1
45 103 1
45 104 1
45 105 1
45 106 1
45 107 1
45 108 1
45 109 1
45 110 1
45 111 1
45 112 1
46 113 1
46 114 1
46 115 1
46 116 1
48 117 1
49 117 1
50 118 1
51 118 1
52 118 1
53 118 1
54 118 1
55 118 1
56 119 1
57 119 1
58 119 1
59 119 1
60 119 1
61 119 1
62 119 1
63 119 1
64 120 1
65 120 1
66 120 1
67 120 1
68 120 1
69 120 1
70 120 1
71 120 1
72 120 1
73 120 1
74 121 1
75 121 1
76 121 1
77 121 1
78 121 1
79 121 1
80 122 1
.PEN_UP
.PEN_DOWN
46 117 1
46 119 1
46 120 1
46 121 1
46 122 1
45 123 1
.PEN_UP
