.PEN_DOWN
42 10 1
41 11 1
41 12 1
42 13 1
42 14 1
42 15 1
42 16 1
42 17 1
42 18 1
42 19 1
42 20 1
42 21 1
42 22 1
42 23 1
42 24 1
42 25 1
43 26 1
43 27 1
43 28 1
43 29 1
43 30 1
43 31 1
43 32 1
43 33 1
43 34 1
43 35 1
42 36 1
42 37 1
45 40 1
46 40 1
47 40 1
48 40 1
49 40 1
50 40 1
51 41 1
52 41 1
53 41 1
54 41 1
55 41 1
56 42 1
57 42 1
58 42 1
59 42 1
60 42 1
61 42 1
62 42 1
63 40 1
62 39 1
62 38 1
61 37 1
60 36 1
59 35 1
58 34 1
58 33 1
58 32 1
58 31 1
58 30 1
59 29 1
59 28 1
60 27 1
60 26 1
61 25 1
62 24 1
63 24 1
64 23 1
65 23 1
66 23 1
67 23 1
68 23 1
69 23 1
70 23 1
71 24 1
72 25 1
72 26 1
72 27 1
72 28 1
72 29 1
72 30 1
72 31 1
72 32 1
71 33 1
71 34 1
71 35 1
70 36 1
70 37 1
69 38 1
69 39 1
68 40 1
67 41 1
66 42 1
65 45 1
65 46 1
65 47 1
64 48 1
64 49 1
64 50 1
64 51 1
63 52 1
63 53 1
63 54 1
63 55 1
64 56 1
65 57 1
66 58 1
67 58 1
68 58 1
69 58 1
70 58 1
71 58 1
72 58 1
73 58 1
74 58 1
75 57 1
76 57 1
77 57 1
78 56 1
79 56 1
80 55 1
.PEN_UP
.PEN_DOWN
65 42 1
68 44 1
69 44 1
70 44 1
71 44 1
72 44 1
73 44 1
74 44 1
75 44 1
76 44 1
77 44 1
78 45 1
79 45 1
.PEN_UP
.PEN_DOWN
41 38 1
40 37 1
39 37 1
38 37 1
37 37 1
36 37 1
35 37 1
34 36 1
33 36 1
32 36 1
31 35 1
30 35 1
29 34 1
28 34 1
27 33 1
26 32 1
25 31 1
24 31 1
23 30 1
22 30 1
21 29 1
20 28 1
19 27 1
18 27 1
17 26 1
16 26 1
15 25 1
15 24 1
15 23 1
15 22 1
13 21 1
12 21 1
11 21 1
10 20 1
9 19 1
8 18 1
7 17 1
7 16 1
6 15 1
5 14 1
5 13 1
4 12 1
4 11 1
3 10 1
2 9 1
2 8 1
2 7 1
1 6 1
1 5 1
2 4 1
2 3 1
3 2 1
4 2 1
5 1 1
6 1 1
7 1 1
8 1 1
9 2 1
10 2 1
11 3 1
12 3 1
13 4 1
14 5 1
15 6 1
15 7 1
16 8 1
16 9 1
17 10 1
17 11 1
17 12 1
17 13 1
17 14 1
17 15 1
17 16 1
17 17 1
17 18 1
17 19 1
16 20 1
15 21 1
.PEN_UP
.PEN_DOWN
42 38 1
42 42 1
42 43 1
42 44 1
42 45 1
42 46 1
42 47 1
42 48 1
42 49 1
42 50 1
42 51 1
42 52 1
42 53 1
42 54 1
42 55 1
42 56 1
42 57 1
42 58 1
42 59 1
42 60 1
43 61 1
43 62 1
.PEN_UP
