.PEN_DOWN
1 1 1
2 2 1
3 3 1
3 4 1
3 5 1
4 6 1
5 7 1
8 5 1
9 4 1
10 3 1
.PEN_UP
.PEN_DOWN
6 6 1
6 9 1
6 10 1
6 11 1
6 12 1
6 13 1
6 14 1
6 15 1
6 16 1
6 17 1
6 18 1
6 19 1
6 20 1
6 21 1
6 22 1
5 24 1
4 25 1
4 26 1
4 27 1
4 28 1
4 29 1
4 30 1
4 31 1
4 32 1
5 33 1
5 34 1
5 35 1
5 36 1
5 37 1
5 38 1
4 39 1
4 40 1
4 41 1
4 42 1
4 43 1
5 44 1
5 45 1
5 46 1
5 47 1
5 48 1
5 49 1
5 50 1
6 51 1
6 52 1
6 53 1
6 54 1
6 55 1
6 56 1
6 57 1
6 58 1
6 59 1
6 60 1
6 61 1
6 62 1
6 63 1
6 64 1
6 65 1
7 66 1
7 67 1
7 68 1
7 69 1
7 70 1
7 71 1
7 72 1
7 73 1
7 74 1
9 75 1
10 76 1
11 76 1
12 76 1
13 76 1
14 76 1
15 76 1
16 77 1
17 77 1
18 77 1
19 77 1
20 78 1
21 78 1
22 78 1
23 78 1
24 78 1
25 78 1
26 79 1
27 79 1
28 79 1
29 79 1
30 79 1
31 79 1
32 80 1
33 80 1
34 80 1
35 80 1
36 80 1
37 80 1
38 81 1
39 81 1
40 81 1
41 81 1
42 81 1
43 82 1
44 82 1
.PEN_UP
.PEN_DOWN
7 75 1
7 77 1
7 78 1
7 79 1
7 80 1
7 81 1
7 82 1
7 83 1
7 84 1
7 85 1
7 86 1
7 87 1
7 88 1
7 89 1
7 90 1
7 91 1
7 92 1
7 93 1
7 94 1
7 95 1
7 96 1
7 97 1
8 98 1
8 99 1
8 100 1
8 101 1
8 102 1
8 103 1
8 104 1
8 105 1
8 106 1
8 107 1
8 108 1
8 109 1
8 110 1
8 111 1
8 112 1
9 113 1
10 112 1
11 112 1
12 112 1
13 112 1
14 112 1
15 113 1
16 113 1
17 113 1
18 113 1
19 113 1
20 113 1
21 114 1
22 114 1
23 114 1
24 114 1
25 114 1
26 114 1
27 114 1
28 114 1
29 114 1
30 114 1
31 114 1
32 114 1
33 115 1
34 115 1
35 115 1
36 114 1
38 114 1
39 114 1
40 113 1
41 113 1
42 113 1
43 113 1
44 113 1
45 112 1
46 111 1
47 110 1
47 109 1
47 108 1
47 107 1
46 106 1
45 105 1
44 104 1
43 103 1
42 103 1
41 102 1
40 102 1
39 102 1
38 102 1
37 103 1
36 104 1
36 105 1
36 106 1
36 107 1
36 108 1
36 109 1
36 110 1
36 111 1
36 112 1
36 113 1
.PEN_UP
.PEN_DOWN
8 114 1
8 115 1
8 116 1
8 117 1
8 118 1
8 119 1
8 120 1
8 121 1
9 122 1
9 123 1
9 124 1
9 125 1
9 126 1
9 127 1
9 128 1
9 129 1
9 130 1
9 131 1
9 132 1
10 133 1
10 134 1
10 135 1
11 136 1
12 135 1
13 135 1
14 135 1
15 136 1
16 136 1
17 136 1
18 136 1
19 136 1
20 136 1
21 136 1
22 136 1
23 135 1
24 136 1
25 136 1
26 136 1
27 136 1
28 136 1
29 136 1
30 136 1
31 136 1
32 136 1
33 136 1
34 136 1
35 136 1
36 136 1
37 136 1
38 136 1
39 136 1
40 136 1
41 136 1
42 136 1
43 137 1
44 137 1
45 137 1
.PEN_UP
.PEN_DOWN
10 137 1
10 138 1
10 139 1
10 140 1
10 141 1
10 142 1
10 143 1
10 144 1
10 145 1
9 146 1
9 147 1
9 148 1
9 149 1
9 150 1
10 151 1
10 152 1
10 153 1
11 154 1
12 155 1
.PEN_UP
.PEN_DOWN
6 23 1
8 24 1
9 24 1
10 24 1
11 25 1
12 26 1
13 26 1
14 26 1
15 26 1
16 26 1
17 26 1
18 25 1
18 24 1
19 23 1
19 22 1
20 21 1
21 20 1
22 19 1
23 19 1
24 19 1
25 19 1
26 20 1
26 21 1
27 22 1
27 23 1
28 24 1
28 25 1
28 26 1
28 27 1
30 28 1
31 29 1
32 29 1
33 29 1
34 29 1
35 29 1
36 29 1
37 30 1
38 29 1
39 29 1
40 29 1
41 28 1
42 27 1
42 26 1
43 25 1
43 24 1
44 23 1
44 22 1
44 21 1
45 20 1
45 19 1
45 18 1
45 17 1
45 16 1
45 15 1
45 14 1
45 13 1
44 12 1
44 11 1
43 10 1
43 9 1
43 8 1
.PEN_UP
.PEN_DOWN
28 28 1
28 30 1
28 31 1
28 32 1
28 33 1
28 34 1
28 35 1
28 36 1
28 37 1
28 38 1
28 39 1
28 40 1
28 41 1
28 42 1
28 43 1
28 44 1
28 45 1
28 46 1
28 47 1
28 48 1
28 49 1
27 50 1
25 51 1
24 51 1
23 51 1
22 51 1
21 51 1
20 51 1
19 51 1
18 51 1
17 51 1
16 51 1
15 51 1
14 51 1
.PEN_UP
.PEN_DOWN
26 51 1
28 52 1
29 52 1
30 52 1
31 52 1
32 53 1
33 53 1
34 53 1
35 53 1
36 54 1
37 54 1
38 54 1
39 54 1
40 54 1
41 55 1
42 56 1
43 56 1
44 57 1
45 57 1
46 58 1
.PEN_UP
