.PEN_DOWN
2 5 1
1 6 1
1 7 1
3 8 1
4 8 1
5 8 1
6 8 1
7 10 1
8 11 1
8 12 1
9 13 1
10 14 1
11 14 1
12 14 1
13 14 1
14 14 1
15 14 1
16 14 1
17 14 1
18 14 1
19 13 1
20 13 1
21 13 1
22 13 1
23 11 1
24 10 1
24 9 1
25 8 1
25 7 1
.PEN_UP
.PEN_DOWN
23 12 1
24 15 1
24 16 1
25 17 1
25 18 1
26 19 1
26 20 1
26 21 1
27 22 1
27 23 1
27 24 1
28 25 1
28 26 1
29 27 1
29 28 1
29 29 1
29 30 1
29 31 1
28 32 1
28 33 1
27 34 1
27 35 1
26 36 1
26 37 1
25 38 1
24 38 1
23 38 1
22 38 1
21 38 1
20 38 1
19 38 1
18 38 1
17 38 1
16 38 1
15 38 1
14 38 1
13 38 1
12 38 1
11 38 1
10 37 1
9 37 1
.PEN_UP
.PEN_DOWN
26 39 1
27 40 1
28 40 1
29 41 1
30 41 1
31 41 1
32 42 1
33 42 1
34 42 1
35 43 1
36 43 1
37 43 1
38 44 1
39 44 1
.PEN_UP
.PEN_DOWN
7 7 1
8 6 1
8 5 1
9 4 1
9 3 1
10 2 1
11 1 1
.PEN_UP
.PEN_DOWN
1 8 1
1 10 1
1 11 1
1 12 1
2 13 1
2 14 1
2 15 1
2 16 1
2 17 1
2 18 1
2 19 1
2 20 1
2 21 1
2 22 1
2 23 1
2 24 1
2 25 1
2 26 1
2 27 1
2 28 1
2 29 1
2 30 1
2 31 1
2 32 1
2 33 1
2 34 1
2 35 1
2 36 1
2 37 1
2 38 1
2 39 1
3 40 1
3 41 1
3 42 1
3 43 1
3 44 1
3 45 1
3 46 1
3 47 1
3 48 1
3 49 1
3 50 1
3 51 1
3 52 1
3 53 1
3 54 1
3 55 1
3 56 1
3 57 1
4 58 1
4 59 1
4 60 1
4 61 1
4 62 1
4 63 1
4 64 1
4 65 1
4 66 1
4 67 1
4 68 1
4 69 1
4 70 1
4 71 1
4 72 1
4 73 1
5 74 1
6 75 1
6 76 1
6 77 1
8 79 1
9 79 1
10 79 1
11 79 1
12 79 1
13 80 1
14 80 1
15 80 1
16 80 1
17 80 1
18 80 1
19 80 1
20 80 1
21 80 1
23 81 1
24 81 1
25 82 1
.PEN_UP
.PEN_DOWN
22 79 1
22 78 1
21 77 1
21 76 1
21 75 1
21 74 1
21 73 1
21 72 1
22 71 1
22 70 1
22 69 1
23 68 1
24 67 1
25 66 1
26 65 1
27 65 1
28 66 1
29 67 1
30 68 1
31 69 1
31 70 1
31 71 1
32 72 1
33 73 1
34 74 1
35 75 1
37 73 1
38 72 1
39 71 1
40 71 1
41 70 1
42 69 1
43 68 1
44 68 1
45 68 1
46 68 1
47 68 1
48 67 1
51 67 1
52 67 1
53 67 1
54 67 1
55 67 1
56 67 1
57 67 1
58 67 1
59 68 1
60 68 1
61 68 1
62 69 1
63 70 1
64 71 1
65 72 1
66 73 1
67 74 1
68 75 1
68 76 1
69 77 1
69 78 1
69 79 1
70 80 1
70 81 1
70 82 1
71 83 1
71 84 1
71 85 1
71 86 1
71 87 1
71 88 1
71 89 1
71 90 1
71 91 1
71 92 1
71 93 1
71 94 1
71 95 1
71 96 1
71 97 1
70 98 1
70 99 1
70 100 1
70 101 1
70 102 1
69 103 1
69 104 1
69 105 1
69 106 1
69 107 1
68 108 1
68 109 1
67 110 1
67 111 1
67 112 1
66 113 1
65 114 1
65 115 1
64 116 1
63 117 1
.PEN_UP
.PEN_DOWN
49 67 1
49 69 1
49 70 1
49 71 1
49 72 1
49 73 1
49 74 1
49 75 1
49 76 1
49 77 1
49 78 1
49 79 1
49 80 1
49 81 1
49 82 1
48 83 1
48 84 1
47 85 1
47 86 1
46 87 1
45 87 1
44 88 1
43 88 1
42 88 1
41 87 1
40 87 1
39 86 1
39 85 1
39 84 1
38 83 1
38 82 1
37 81 1
37 80 1
36 79 1
36 78 1
36 77 1
36 76 1
.PEN_UP
.PEN_DOWN
6 78 1
5 79 1
4 80 1
4 81 1
4 82 1
4 83 1
5 84 1
5 85 1
5 86 1
5 87 1
5 88 1
5 89 1
5 90 1
5 91 1
5 92 1
5 93 1
5 94 1
5 95 1
.PEN_UP
