.PEN_DOWN
40 1 1
40 2 1
40 3 1
40 4 1
41 5 1
41 6 1
41 7 1
41 8 1
41 9 1
41 10 1
41 11 1
41 12 1
41 13 1
41 14 1
41 15 1
41 16 1
41 17 1
41 18 1
41 19 1
41 20 1
41 21 1
41 26 1
41 27 1
41 28 1
41 29 1
41 30 1
41 31 1
41 32 1
41 33 1
41 34 1
41 35 1
41 36 1
41 37 1
41 38 1
41 39 1
41 40 1
41 41 1
41 42 1
41 43 1
41 44 1
41 45 1
41 46 1
41 47 1
41 48 1
41 49 1
41 50 1
41 51 1
41 52 1
41 53 1
41 54 1
41 55 1
41 56 1
41 57 1
41 58 1
41 59 1
41 60 1
41 61 1
41 62 1
41 63 1
41 64 1
44 66 1
45 66 1
46 66 1
47 66 1
48 66 1
49 66 1
50 66 1
51 67 1
52 67 1
53 67 1
54 67 1
55 67 1
56 68 1
57 68 1
58 66 1
58 65 1
58 64 1
58 63 1
58 62 1
58 61 1
59 60 1
60 59 1
61 58 1
62 57 1
63 57 1
64 57 1
65 58 1
66 58 1
67 58 1
68 59 1
69 60 1
70 61 1
71 61 1
72 62 1
73 63 1
74 64 1
75 65 1
76 66 1
77 67 1
77 68 1
78 69 1
78 70 1
78 71 1
78 72 1
78 73 1
79 74 1
79 75 1
80 76 1
81 76 1
82 76 1
83 76 1
84 76 1
85 77 1
86 77 1
87 78 1
88 78 1
89 79 1
90 79 1
91 80 1
.PEN_UP
.PEN_DOWN
78 76 1
77 76 1
76 77 1
75 77 1
74 78 1
.PEN_UP
.PEN_DOWN
40 65 1
39 65 1
38 64 1
37 64 1
36 64 1
35 64 1
34 64 1
33 64 1
32 64 1
31 63 1
30 63 1
29 63 1
28 62 1
27 62 1
26 62 1
25 62 1
24 61 1
23 61 1
22 60 1
21 60 1
20 59 1
19 59 1
18 59 1
17 58 1
16 57 1
15 56 1
14 56 1
13 55 1
12 54 1
11 53 1
10 52 1
9 51 1
8 50 1
7 49 1
6 48 1
5 47 1
4 46 1
4 45 1
3 44 1
3 43 1
3 42 1
2 41 1
2 40 1
1 39 1
1 38 1
1 37 1
1 36 1
1 35 1
1 34 1
2 33 1
2 32 1
2 31 1
2 30 1
3 29 1
4 28 1
4 27 1
5 26 1
5 25 1
6 24 1
7 23 1
8 23 1
9 23 1
10 22 1
11 22 1
12 22 1
13 22 1
14 21 1
15 21 1
16 21 1
17 21 1
18 21 1
19 21 1
20 21 1
21 21 1
22 21 1
23 21 1
24 21 1
25 21 1
26 21 1
27 21 1
28 21 1
29 21 1
30 21 1
31 21 1
32 21 1
33 22 1
34 22 1
35 22 1
36 22 1
37 22 1
38 22 1
39 22 1
40 22 1
44 25 1
45 25 1
46 25 1
47 25 1
48 26 1
49 26 1
50 26 1
51 26 1
52 26 1
53 26 1
54 26 1
55 27 1
56 27 1
57 27 1
58 28 1
59 28 1
60 28 1
61 28 1
62 29 1
63 29 1
64 29 1
65 29 1
66 30 1
67 30 1
68 31 1
69 31 1
70 31 1
71 31 1
72 31 1
73 31 1
74 32 1
75 32 1
.PEN_UP
.PEN_DOWN
41 65 1
42 68 1
42 69 1
42 70 1
42 71 1
42 72 1
41 73 1
41 74 1
41 75 1
41 76 1
42 77 1
42 78 1
42 79 1
42 80 1
42 81 1
42 82 1
42 83 1
42 84 1
42 85 1
42 86 1
42 87 1
42 88 1
42 89 1
42 90 1
42 91 1
42 92 1
42 93 1
42 94 1
42 95 1
42 96 1
42 97 1
42 98 1
44 99 1
45 99 1
46 99 1
47 101 1
47 102 1
48 103 1
48 104 1
49 105 1
50 106 1
51 107 1
52 107 1
53 107 1
54 107 1
55 107 1
56 106 1
57 106 1
58 106 1
59 105 1
60 105 1
61 105 1
63 103 1
63 102 1
64 101 1
65 100 1
66 99 1
67 98 1
68 97 1
69 96 1
.PEN_UP
.PEN_DOWN
62 104 1
62 107 1
63 108 1
63 109 1
64 110 1
65 111 1
66 112 1
67 113 1
67 114 1
68 115 1
69 116 1
69 117 1
70 118 1
70 119 1
70 120 1
69 121 1
69 122 1
68 123 1
67 124 1
67 125 1
66 126 1
65 126 1
64 126 1
63 126 1
62 126 1
61 126 1
60 126 1
59 126 1
58 126 1
57 125 1
56 125 1
55 125 1
54 124 1
53 124 1
52 124 1
51 123 1
50 123 1
.PEN_UP
.PEN_DOWN
67 127 1
68 128 1
69 128 1
70 128 1
71 128 1
72 129 1
73 129 1
74 129 1
75 129 1
76 129 1
77 130 1
78 130 1
79 130 1
80 130 1
81 130 1
82 131 1
.PEN_UP
.PEN_DOWN
47 98 1
48 97 1
48 96 1
49 95 1
50 94 1
51 94 1
52 94 1
53 93 1
.PEN_UP
.PEN_DOWN
42 99 1
42 101 1
42 102 1
42 103 1
42 104 1
43 105 1
43 106 1
43 107 1
43 108 1
43 109 1
43 110 1
43 111 1
43 112 1
43 113 1
43 114 1
43 115 1
43 116 1
43 117 1
43 118 1
43 119 1
43 120 1
43 121 1
43 122 1
43 123 1
43 124 1
43 125 1
43 126 1
44 127 1
44 128 1
44 129 1
44 130 1
44 131 1
44 132 1
44 133 1
44 134 1
44 135 1
44 136 1
44 137 1
44 138 1
44 139 1
44 140 1
44 141 1
44 142 1
44 143 1
44 144 1
44 145 1
45 146 1
45 147 1
45 148 1
45 149 1
45 150 1
45 151 1
45 152 1
45 153 1
45 154 1
45 155 1
45 156 1
45 157 1
45 158 1
45 159 1
44 160 1
.PEN_UP
.PEN_DOWN
51 149 1
52 149 1
53 150 1
54 150 1
55 150 1
56 150 1
57 151 1
58 151 1
59 151 1
60 151 1
61 152 1
62 152 1
63 152 1
64 152 1
65 153 1
66 153 1
67 153 1
68 153 1
69 154 1
70 154 1
71 154 1
72 154 1
73 154 1
74 155 1
75 155 1
76 155 1
77 155 1
78 155 1
79 155 1
80 156 1
81 156 1
82 157 1
.PEN_UP
