.PEN_DOWN
1 1 1
2 2 1
2 3 1
3 4 1
3 5 1
3 6 1
3 7 1
3 8 1
3 9 1
3 10 1
3 11 1
3 12 1
3 13 1
3 14 1
3 15 1
3 16 1
3 17 1
3 18 1
3 19 1
3 20 1
3 21 1
3 22 1
3 23 1
3 24 1
3 25 1
3 26 1
4 27 1
4 28 1
6 29 1
7 29 1
8 29 1
9 29 1
10 29 1
11 30 1
12 30 1
13 30 1
15 31 1
16 32 1
17 33 1
.PEN_UP
.PEN_DOWN
14 29 1
14 28 1
14 27 1
15 26 1
15 25 1
15 24 1
15 23 1
15 22 1
15 21 1
15 20 1
15 19 1
16 18 1
16 17 1
17 16 1
17 15 1
18 14 1
19 13 1
20 13 1
21 13 1
22 13 1
23 13 1
24 14 1
25 15 1
25 16 1
25 17 1
25 18 1
26 19 1
26 20 1
26 21 1
26 22 1
27 23 1
27 24 1
27 25 1
28 26 1
28 27 1
28 28 1
29 29 1
29 30 1
30 31 1
31 32 1
32 33 1
33 34 1
34 35 1
35 36 1
36 37 1
37 37 1
38 37 1
39 37 1
40 38 1
41 37 1
42 37 1
43 36 1
44 35 1
44 34 1
45 33 1
45 32 1
46 31 1
48 31 1
49 31 1
50 31 1
51 32 1
52 33 1
53 33 1
54 34 1
55 34 1
56 35 1
57 36 1
58 37 1
59 38 1
60 39 1
60 40 1
61 41 1
61 42 1
62 43 1
61 44 1
61 45 1
61 46 1
61 47 1
.PEN_UP
.PEN_DOWN
46 30 1
46 28 1
46 27 1
46 26 1
45 25 1
45 24 1
45 23 1
45 22 1
46 21 1
46 20 1
46 19 1
47 18 1
.PEN_UP
.PEN_DOWN
4 29 1
3 30 1
3 31 1
3 32 1
3 33 1
3 34 1
3 35 1
3 36 1
3 37 1
3 38 1
3 39 1
3 40 1
3 41 1
3 42 1
3 43 1
4 44 1
4 45 1
4 46 1
4 47 1
4 48 1
4 49 1
4 50 1
4 51 1
5 52 1
7 51 1
8 51 1
9 50 1
10 50 1
11 49 1
12 48 1
13 48 1
14 48 1
15 48 1
.PEN_UP
.PEN_DOWN
6 52 1
5 54 1
5 55 1
5 56 1
5 57 1
5 58 1
7 60 1
8 60 1
9 61 1
10 61 1
11 62 1
12 62 1
13 62 1
14 62 1
15 62 1
16 62 1
17 62 1
18 62 1
19 61 1
20 61 1
21 60 1
22 60 1
23 59 1
24 58 1
25 58 1
26 58 1
27 57 1
29 58 1
29 59 1
29 60 1
31 61 1
32 62 1
33 62 1
34 62 1
35 62 1
36 63 1
37 63 1
38 63 1
39 64 1
40 64 1
41 65 1
42 66 1
43 66 1
44 66 1
45 67 1
46 68 1
47 69 1
47 70 1
47 71 1
47 72 1
.PEN_UP
.PEN_DOWN
29 61 1
28 63 1
28 64 1
28 65 1
27 66 1
27 67 1
27 68 1
27 69 1
27 70 1
27 71 1
27 72 1
27 73 1
27 74 1
27 75 1
27 76 1
27 77 1
27 78 1
27 79 1
27 80 1
27 81 1
27 82 1
27 83 1
27 84 1
27 85 1
26 86 1
25 87 1
25 88 1
24 89 1
23 90 1
21 91 1
20 91 1
19 90 1
18 90 1
17 90 1
16 90 1
15 90 1
14 90 1
13 90 1
12 90 1
11 90 1
10 90 1
9 90 1
8 89 1
7 89 1
6 89 1
4 87 1
4 86 1
4 85 1
4 84 1
4 83 1
4 82 1
4 81 1
4 80 1
4 79 1
4 78 1
4 77 1
4 76 1
4 75 1
4 74 1
4 73 1
4 72 1
4 71 1
4 70 1
4 69 1
4 68 1
4 67 1
4 66 1
4 65 1
4 64 1
4 63 1
4 62 1
3 61 1
3 60 1
4 59 1
.PEN_UP
.PEN_DOWN
5 88 1
5 91 1
4 92 1
4 93 1
4 94 1
4 95 1
4 96 1
4 97 1
4 98 1
4 99 1
5 100 1
.PEN_UP
