.PEN_DOWN
46 13 1
46 14 1
46 15 1
46 16 1
45 17 1
45 18 1
45 19 1
45 20 1
45 21 1
45 22 1
45 23 1
45 24 1
45 25 1
45 26 1
45 27 1
45 28 1
45 29 1
45 30 1
45 31 1
45 32 1
45 33 1
45 34 1
45 35 1
45 36 1
45 37 1
45 38 1
45 43 1
45 44 1
45 45 1
45 46 1
45 47 1
45 48 1
45 49 1
44 50 1
44 51 1
44 52 1
44 53 1
44 54 1
44 55 1
44 56 1
44 57 1
44 58 1
44 59 1
44 60 1
44 61 1
.PEN_UP
.PEN_DOWN
44 39 1
41 38 1
40 37 1
39 36 1
38 36 1
37 35 1
36 35 1
35 34 1
34 34 1
33 33 1
32 33 1
31 33 1
30 32 1
29 31 1
28 31 1
27 30 1
26 29 1
24 28 1
23 28 1
22 27 1
21 27 1
20 26 1
19 26 1
18 25 1
17 24 1
16 24 1
15 23 1
14 22 1
13 21 1
12 21 1
11 20 1
10 19 1
9 18 1
8 17 1
7 16 1
6 15 1
5 14 1
5 13 1
4 12 1
4 11 1
3 10 1
3 9 1
4 8 1
4 7 1
4 6 1
5 5 1
6 4 1
7 3 1
8 3 1
9 2 1
10 1 1
11 1 1
12 1 1
13 2 1
14 2 1
15 2 1
16 2 1
17 3 1
18 3 1
19 4 1
20 5 1
21 6 1
22 7 1
23 8 1
23 9 1
24 10 1
24 11 1
25 12 1
25 13 1
25 14 1
26 15 1
26 16 1
26 17 1
26 18 1
26 19 1
27 20 1
27 21 1
27 22 1
27 23 1
27 24 1
27 25 1
27 26 1
27 27 1
26 28 1
.PEN_UP
.PEN_DOWN
43 39 1
47 41 1
48 42 1
49 42 1
50 42 1
51 42 1
52 42 1
53 42 1
54 43 1
55 43 1
56 43 1
57 43 1
58 43 1
59 44 1
60 44 1
61 45 1
62 46 1
.PEN_UP
.PEN_DOWN
59 42 1
59 41 1
59 40 1
59 39 1
59 38 1
59 37 1
59 36 1
59 35 1
59 34 1
59 33 1
60 32 1
60 31 1
60 30 1
61 29 1
62 28 1
63 28 1
64 28 1
65 28 1
66 28 1
67 29 1
67 30 1
68 31 1
68 32 1
69 33 1
70 34 1
71 35 1
72 36 1
73 38 1
73 39 1
73 40 1
73 41 1
74 42 1
74 43 1
75 44 1
76 45 1
76 46 1
77 47 1
78 48 1
79 49 1
80 50 1
81 51 1
82 51 1
83 51 1
84 52 1
85 51 1
86 51 1
87 50 1
87 49 1
88 48 1
88 47 1
88 46 1
88 45 1
88 44 1
88 43 1
88 42 1
88 41 1
88 40 1
88 39 1
88 38 1
88 37 1
88 36 1
88 35 1
88 34 1
88 33 1
88 32 1
88 31 1
88 30 1
87 29 1
87 28 1
87 27 1
86 26 1
85 25 1
84 24 1
83 23 1
84 21 1
85 21 1
86 20 1
87 20 1
88 20 1
89 19 1
90 19 1
91 19 1
92 19 1
93 19 1
94 19 1
95 19 1
96 20 1
97 20 1
98 21 1
99 21 1
100 22 1
101 23 1
102 23 1
103 24 1
104 25 1
105 26 1
105 27 1
106 28 1
107 29 1
108 30 1
108 31 1
109 32 1
109 33 1
110 34 1
111 35 1
111 36 1
112 37 1
112 38 1
112 39 1
112 40 1
112 41 1
112 42 1
113 43 1
113 44 1
113 45 1
113 46 1
113 47 1
113 48 1
113 49 1
113 50 1
113 51 1
113 52 1
113 53 1
113 54 1
112 55 1
112 56 1
112 57 1
111 58 1
111 59 1
111 60 1
110 61 1
110 62 1
110 63 1
109 64 1
108 65 1
108 66 1
107 67 1
.PEN_UP
.PEN_DOWN
82 23 1
81 24 1
80 25 1
79 26 1
78 27 1
77 28 1
77 29 1
76 30 1
76 31 1
76 32 1
75 33 1
74 34 1
73 35 1
.PEN_UP
.PEN_DOWN
42 39 1
41 41 1
40 42 1
39 43 1
38 44 1
37 45 1
36 46 1
35 47 1
34 47 1
33 48 1
32 48 1
31 49 1
30 49 1
29 50 1
28 50 1
27 50 1
26 50 1
25 50 1
24 50 1
23 50 1
22 50 1
21 50 1
20 51 1
19 50 1
16 50 1
15 50 1
14 50 1
13 50 1
12 50 1
11 50 1
10 50 1
9 50 1
8 50 1
7 50 1
6 50 1
5 49 1
4 48 1
3 47 1
2 46 1
1 45 1
1 44 1
1 43 1
1 42 1
2 41 1
3 40 1
4 39 1
5 38 1
6 38 1
7 38 1
8 38 1
9 39 1
10 39 1
11 39 1
12 40 1
13 41 1
14 42 1
15 43 1
16 44 1
17 45 1
17 46 1
17 47 1
18 48 1
18 49 1
.PEN_UP
