.PEN_DOWN
32 1 1
32 2 1
32 3 1
32 4 1
32 5 1
33 6 1
33 7 1
33 8 1
33 9 1
33 10 1
33 11 1
33 12 1
32 13 1
32 16 1
32 17 1
32 18 1
32 19 1
32 20 1
32 21 1
32 22 1
32 23 1
32 24 1
32 25 1
32 26 1
32 27 1
32 28 1
32 29 1
32 30 1
32 31 1
32 32 1
32 33 1
32 34 1
32 35 1
32 36 1
32 37 1
32 38 1
32 39 1
32 40 1
32 41 1
32 42 1
32 43 1
32 44 1
32 45 1
32 46 1
32 47 1
32 48 1
32 49 1
32 50 1
32 51 1
32 52 1
32 53 1
32 54 1
32 55 1
32 56 1
32 57 1
32 58 1
32 59 1
32 60 1
34 61 1
35 61 1
36 61 1
37 61 1
38 61 1
39 61 1
40 61 1
41 61 1
42 61 1
43 61 1
44 61 1
45 61 1
46 60 1
48 61 1
49 61 1
50 62 1
51 62 1
52 62 1
53 62 1
54 62 1
55 62 1
56 62 1
58 63 1
59 64 1
60 64 1
61 64 1
62 64 1
63 64 1
64 65 1
65 65 1
66 65 1
67 65 1
68 65 1
69 65 1
.PEN_UP
.PEN_DOWN
57 61 1
58 60 1
58 59 1
58 58 1
58 57 1
59 56 1
59 55 1
60 54 1
60 53 1
60 52 1
60 51 1
61 50 1
61 49 1
61 48 1
60 47 1
60 46 1
60 45 1
59 44 1
58 43 1
58 42 1
57 41 1
56 40 1
55 39 1
54 39 1
53 38 1
52 38 1
51 38 1
50 38 1
49 39 1
48 39 1
47 40 1
46 41 1
45 42 1
45 43 1
45 44 1
44 45 1
44 46 1
43 47 1
43 48 1
43 49 1
43 50 1
43 51 1
44 52 1
44 53 1
44 54 1
45 55 1
45 56 1
45 57 1
46 58 1
46 59 1
.PEN_UP
.PEN_DOWN
31 61 1
30 61 1
29 60 1
28 60 1
27 60 1
26 60 1
25 60 1
24 59 1
23 59 1
22 59 1
21 59 1
20 58 1
19 58 1
18 58 1
17 57 1
16 57 1
15 57 1
14 57 1
13 56 1
12 55 1
11 55 1
10 54 1
9 53 1
8 52 1
7 51 1
6 50 1
5 49 1
4 48 1
4 47 1
4 46 1
3 45 1
3 44 1
3 43 1
2 42 1
2 41 1
2 40 1
2 39 1
2 38 1
2 37 1
1 36 1
1 35 1
1 34 1
1 33 1
1 32 1
1 31 1
1 30 1
1 29 1
1 28 1
2 27 1
2 26 1
2 25 1
2 24 1
2 23 1
3 22 1
3 21 1
4 20 1
4 19 1
5 18 1
6 17 1
7 16 1
8 15 1
9 15 1
10 14 1
11 14 1
12 13 1
13 13 1
14 13 1
15 13 1
16 13 1
17 13 1
18 12 1
19 12 1
20 12 1
21 12 1
22 12 1
23 12 1
24 12 1
25 12 1
26 12 1
27 13 1
28 13 1
29 13 1
30 13 1
31 13 1
.PEN_UP
.PEN_DOWN
32 61 1
32 63 1
32 64 1
32 65 1
32 66 1
32 67 1
32 68 1
32 69 1
32 70 1
32 71 1
32 72 1
32 73 1
32 74 1
32 75 1
32 76 1
32 77 1
32 78 1
32 79 1
32 80 1
32 81 1
32 82 1
32 83 1
33 84 1
35 84 1
36 84 1
37 84 1
38 84 1
39 84 1
.PEN_UP
.PEN_DOWN
34 84 1
33 86 1
33 87 1
33 88 1
33 89 1
33 90 1
33 91 1
33 92 1
33 93 1
33 94 1
33 95 1
35 96 1
36 96 1
37 97 1
38 97 1
39 97 1
40 97 1
41 97 1
42 97 1
43 97 1
44 97 1
45 97 1
46 97 1
47 96 1
48 95 1
49 95 1
50 95 1
51 95 1
52 94 1
53 95 1
53 96 1
52 97 1
52 98 1
52 99 1
52 100 1
52 101 1
52 102 1
52 103 1
53 104 1
53 105 1
53 106 1
53 107 1
53 108 1
53 109 1
53 110 1
52 111 1
52 112 1
.PEN_UP
.PEN_DOWN
53 93 1
54 92 1
54 90 1
55 89 1
55 88 1
55 87 1
56 86 1
57 85 1
.PEN_UP
.PEN_DOWN
54 91 1
56 93 1
57 93 1
58 93 1
59 93 1
60 93 1
61 93 1
62 93 1
63 94 1
64 94 1
65 94 1
66 94 1
67 94 1
68 95 1
69 96 1
69 97 1
69 98 1
69 99 1
69 100 1
69 101 1
68 102 1
.PEN_UP
.PEN_DOWN
33 96 1
32 97 1
32 98 1
32 99 1
32 100 1
32 101 1
33 102 1
33 103 1
33 104 1
33 105 1
33 106 1
33 107 1
33 108 1
33 109 1
33 110 1
33 111 1
33 112 1
33 113 1
33 114 1
33 115 1
33 116 1
33 117 1
33 118 1
32 119 1
32 120 1
32 121 1
32 122 1
32 123 1
33 124 1
33 125 1
33 126 1
33 127 1
33 128 1
33 129 1
33 130 1
33 131 1
33 132 1
33 133 1
33 134 1
33 135 1
34 136 1
36 137 1
37 138 1
38 138 1
39 138 1
40 138 1
41 138 1
42 138 1
43 138 1
44 139 1
45 139 1
46 139 1
47 139 1
48 139 1
49 139 1
50 139 1
51 139 1
52 138 1
54 139 1
55 139 1
56 139 1
57 139 1
58 139 1
59 140 1
60 140 1
61 140 1
62 140 1
63 140 1
64 140 1
65 140 1
66 140 1
67 140 1
68 140 1
69 139 1
69 138 1
69 137 1
69 136 1
70 135 1
71 134 1
72 133 1
73 133 1
74 132 1
75 131 1
76 131 1
77 130 1
78 130 1
79 130 1
80 130 1
81 130 1
82 130 1
83 131 1
84 131 1
85 132 1
86 132 1
87 133 1
88 134 1
89 135 1
90 136 1
90 137 1
91 138 1
91 139 1
91 140 1
91 141 1
91 142 1
91 143 1
91 144 1
91 145 1
91 146 1
91 147 1
91 148 1
90 149 1
90 150 1
90 151 1
90 152 1
.PEN_UP
.PEN_DOWN
52 137 1
52 136 1
51 135 1
51 134 1
51 133 1
50 132 1
50 131 1
49 130 1
49 129 1
48 128 1
48 127 1
48 126 1
48 125 1
48 124 1
49 123 1
49 122 1
50 121 1
51 120 1
52 119 1
53 119 1
54 119 1
55 119 1
56 119 1
57 119 1
58 120 1
59 120 1
60 120 1
61 120 1
62 120 1
63 121 1
64 121 1
65 121 1
66 121 1
67 121 1
68 121 1
.PEN_UP
.PEN_DOWN
35 136 1
33 138 1
33 139 1
33 140 1
33 141 1
33 142 1
33 143 1
33 144 1
33 145 1
34 146 1
34 147 1
34 148 1
34 149 1
34 150 1
33 151 1
33 152 1
33 153 1
33 154 1
33 155 1
33 156 1
33 157 1
33 158 1
33 159 1
33 160 1
32 161 1
32 162 1
32 163 1
32 164 1
32 165 1
32 166 1
32 167 1
32 168 1
32 169 1
32 170 1
32 171 1
32 172 1
32 173 1
32 174 1
32 175 1
32 176 1
32 177 1
32 178 1
32 179 1
32 180 1
34 181 1
35 181 1
36 181 1
37 180 1
38 180 1
39 180 1
40 180 1
41 180 1
42 180 1
43 180 1
44 180 1
45 180 1
46 180 1
47 180 1
48 180 1
49 180 1
50 180 1
51 181 1
52 181 1
53 181 1
54 181 1
55 181 1
56 181 1
57 181 1
58 180 1
59 179 1
60 179 1
61 179 1
62 179 1
63 180 1
64 180 1
65 180 1
66 180 1
67 180 1
68 180 1
69 180 1
70 180 1
71 181 1
71 182 1
.PEN_UP
.PEN_DOWN
58 178 1
58 177 1
57 176 1
56 175 1
56 174 1
55 173 1
54 172 1
53 171 1
53 170 1
53 169 1
53 168 1
53 167 1
53 166 1
53 165 1
53 164 1
54 163 1
55 162 1
56 162 1
57 161 1
58 160 1
59 160 1
60 160 1
61 159 1
62 159 1
63 159 1
64 159 1
65 159 1
66 159 1
67 159 1
68 159 1
69 159 1
70 159 1
71 160 1
72 160 1
.PEN_UP
.PEN_DOWN
32 181 1
32 183 1
32 184 1
31 185 1
31 186 1
31 187 1
31 188 1
31 189 1
31 190 1
32 191 1
32 192 1
31 193 1
30 194 1
.PEN_UP
.PEN_DOWN
33 14 1
35 15 1
36 15 1
37 15 1
38 15 1
39 15 1
40 15 1
41 16 1
42 16 1
43 16 1
44 16 1
45 17 1
46 17 1
47 17 1
48 17 1
49 17 1
50 17 1
51 18 1
52 18 1
53 19 1
54 19 1
55 19 1
56 19 1
57 19 1
58 19 1
59 20 1
60 20 1
61 20 1
62 20 1
63 20 1
64 20 1
65 20 1
66 21 1
67 21 1
68 21 1
69 22 1
69 23 1
.PEN_UP
