.PEN_DOWN
59 57 1
59 56 1
59 55 1
59 54 1
59 53 1
59 52 1
59 51 1
59 50 1
58 49 1
58 48 1
58 47 1
58 46 1
58 45 1
57 44 1
57 43 1
56 42 1
56 41 1
55 40 1
54 39 1
53 38 1
52 38 1
51 37 1
50 37 1
49 37 1
48 37 1
47 38 1
46 38 1
45 39 1
44 39 1
43 40 1
42 41 1
42 42 1
41 43 1
41 44 1
41 45 1
41 46 1
41 47 1
41 48 1
42 49 1
42 50 1
43 51 1
43 52 1
44 53 1
45 54 1
46 55 1
47 56 1
48 57 1
49 57 1
50 58 1
51 59 1
52 60 1
53 60 1
54 61 1
55 62 1
56 62 1
57 62 1
58 63 1
59 64 1
60 64 1
61 65 1
62 65 1
63 65 1
64 66 1
65 66 1
66 67 1
67 67 1
68 68 1
69 68 1
70 68 1
71 69 1
72 69 1
73 70 1
74 70 1
75 71 1
76 71 1
77 72 1
78 72 1
79 73 1
80 73 1
81 73 1
82 74 1
83 74 1
84 74 1
85 74 1
86 75 1
87 75 1
91 78 1
92 78 1
93 78 1
94 78 1
95 78 1
96 78 1
97 79 1
98 79 1
99 79 1
100 79 1
101 79 1
102 79 1
103 79 1
104 79 1
105 79 1
106 80 1
107 80 1
108 80 1
109 80 1
110 80 1
111 81 1
112 81 1
113 81 1
114 81 1
115 81 1
116 82 1
117 82 1
118 82 1
119 82 1
120 82 1
121 83 1
122 82 1
123 82 1
.PEN_UP
.PEN_DOWN
88 74 1
88 79 1
88 80 1
88 81 1
88 82 1
88 83 1
88 84 1
88 85 1
88 86 1
88 87 1
88 88 1
88 89 1
88 90 1
88 91 1
88 92 1
88 93 1
88 94 1
87 95 1
87 96 1
87 97 1
87 98 1
87 99 1
87 100 1
87 101 1
87 102 1
87 103 1
87 104 1
87 105 1
87 106 1
87 107 1
87 108 1
87 109 1
87 110 1
87 111 1
87 112 1
87 113 1
87 114 1
87 115 1
87 116 1
87 117 1
87 118 1
87 119 1
87 120 1
87 121 1
87 122 1
87 123 1
89 124 1
90 124 1
91 124 1
92 125 1
93 125 1
94 125 1
95 125 1
96 125 1
97 125 1
98 126 1
99 126 1
100 126 1
101 126 1
102 126 1
103 126 1
104 126 1
105 126 1
108 126 1
109 127 1
110 127 1
111 127 1
112 127 1
113 128 1
115 129 1
116 129 1
117 129 1
118 129 1
119 129 1
120 130 1
121 130 1
122 130 1
123 130 1
124 131 1
125 131 1
126 132 1
126 133 1
.PEN_UP
.PEN_DOWN
114 127 1
113 130 1
112 131 1
112 132 1
112 133 1
111 134 1
110 135 1
110 136 1
109 137 1
108 138 1
107 139 1
107 140 1
106 141 1
106 142 1
105 143 1
105 144 1
105 145 1
106 146 1
107 147 1
108 148 1
109 149 1
110 150 1
111 150 1
112 150 1
113 150 1
114 150 1
115 150 1
116 150 1
117 150 1
118 150 1
119 150 1
120 150 1
121 150 1
122 150 1
123 149 1
.PEN_UP
.PEN_DOWN
115 126 1
116 125 1
116 124 1
116 123 1
116 122 1
116 121 1
117 120 1
117 119 1
117 118 1
117 117 1
117 116 1
117 115 1
117 114 1
117 113 1
117 112 1
116 111 1
116 110 1
116 109 1
116 108 1
115 107 1
114 106 1
113 106 1
112 105 1
111 105 1
110 105 1
109 106 1
108 106 1
107 106 1
106 107 1
105 108 1
104 109 1
103 110 1
103 111 1
103 112 1
102 113 1
102 114 1
102 115 1
103 116 1
103 117 1
103 118 1
104 119 1
104 120 1
105 121 1
105 122 1
105 123 1
106 124 1
106 125 1
.PEN_UP
.PEN_DOWN
87 124 1
87 126 1
87 127 1
87 128 1
87 129 1
87 130 1
87 131 1
87 132 1
87 133 1
87 134 1
87 135 1
87 136 1
87 137 1
87 138 1
87 139 1
87 140 1
87 141 1
87 142 1
87 143 1
87 144 1
87 145 1
87 146 1
87 147 1
87 148 1
87 149 1
87 150 1
87 151 1
87 152 1
87 153 1
87 154 1
87 155 1
87 156 1
87 157 1
87 158 1
87 159 1
87 160 1
87 161 1
87 162 1
87 163 1
87 164 1
87 165 1
87 166 1
87 167 1
87 168 1
87 169 1
87 170 1
87 171 1
88 172 1
89 173 1
90 172 1
91 171 1
92 171 1
93 170 1
93 169 1
94 168 1
95 167 1
95 166 1
95 165 1
.PEN_UP
.PEN_DOWN
89 174 1
89 175 1
89 176 1
89 177 1
89 178 1
89 179 1
89 180 1
89 181 1
89 182 1
89 183 1
89 184 1
88 186 1
87 187 1
87 188 1
87 189 1
87 190 1
87 191 1
87 192 1
87 193 1
87 194 1
87 195 1
87 196 1
87 197 1
87 198 1
87 199 1
87 200 1
86 201 1
85 202 1
.PEN_UP
.PEN_DOWN
89 185 1
91 186 1
92 186 1
93 187 1
94 188 1
95 188 1
96 189 1
97 189 1
98 189 1
99 189 1
100 189 1
101 189 1
102 189 1
103 188 1
104 188 1
105 187 1
106 186 1
107 186 1
108 185 1
110 186 1
111 187 1
112 188 1
113 189 1
114 190 1
115 191 1
116 192 1
117 193 1
118 194 1
119 195 1
120 196 1
121 197 1
122 198 1
123 199 1
124 200 1
125 201 1
126 202 1
126 203 1
126 204 1
126 205 1
126 206 1
126 207 1
126 208 1
126 209 1
126 210 1
125 211 1
125 212 1
125 213 1
124 214 1
124 215 1
123 216 1
122 216 1
.PEN_UP
.PEN_DOWN
109 184 1
109 183 1
109 182 1
109 181 1
109 180 1
110 179 1
.PEN_UP
.PEN_DOWN
88 73 1
88 72 1
88 71 1
88 70 1
88 69 1
88 68 1
88 67 1
88 66 1
88 65 1
88 64 1
88 63 1
88 62 1
88 61 1
88 60 1
88 59 1
88 58 1
88 57 1
88 56 1
88 55 1
88 54 1
89 53 1
91 53 1
92 53 1
93 53 1
94 53 1
95 54 1
96 54 1
97 54 1
98 54 1
100 55 1
101 55 1
102 56 1
103 56 1
104 57 1
105 57 1
106 57 1
107 57 1
108 58 1
109 58 1
110 58 1
111 58 1
112 58 1
114 59 1
115 59 1
116 59 1
117 60 1
118 60 1
119 60 1
120 60 1
121 60 1
.PEN_UP
.PEN_DOWN
113 57 1
113 56 1
113 55 1
113 54 1
113 53 1
113 52 1
113 51 1
113 50 1
113 49 1
113 48 1
113 47 1
113 46 1
113 45 1
112 44 1
112 43 1
112 42 1
111 41 1
110 40 1
109 39 1
108 39 1
107 39 1
106 39 1
105 39 1
104 40 1
103 40 1
102 41 1
101 42 1
100 43 1
100 44 1
99 45 1
99 46 1
99 47 1
99 48 1
99 49 1
99 50 1
99 51 1
99 52 1
99 53 1
.PEN_UP
.PEN_DOWN
89 52 1
88 51 1
88 50 1
88 49 1
88 48 1
88 47 1
88 46 1
88 45 1
88 44 1
88 43 1
88 42 1
88 41 1
88 40 1
88 39 1
88 38 1
88 37 1
88 36 1
88 35 1
88 34 1
88 33 1
88 32 1
88 31 1
87 30 1
87 29 1
87 28 1
87 27 1
87 26 1
87 25 1
88 24 1
88 22 1
87 21 1
87 20 1
87 19 1
87 18 1
86 17 1
86 16 1
86 15 1
86 14 1
86 13 1
86 12 1
86 11 1
86 10 1
86 9 1
86 8 1
86 7 1
86 4 1
86 3 1
85 2 1
85 1 1
.PEN_UP
.PEN_DOWN
86 6 1
88 6 1
89 6 1
90 6 1
91 7 1
92 7 1
.PEN_UP
.PEN_DOWN
88 23 1
90 24 1
91 24 1
92 25 1
93 25 1
94 25 1
95 25 1
96 25 1
97 25 1
98 25 1
99 24 1
100 24 1
101 23 1
102 22 1
103 21 1
104 21 1
105 20 1
106 20 1
109 21 1
110 22 1
111 23 1
112 23 1
113 24 1
114 24 1
115 25 1
116 25 1
117 26 1
118 27 1
119 27 1
120 28 1
121 29 1
122 30 1
123 31 1
124 32 1
125 33 1
126 34 1
126 35 1
126 36 1
126 37 1
126 38 1
126 39 1
126 40 1
126 41 1
126 42 1
126 43 1
125 44 1
125 45 1
125 46 1
124 47 1
124 48 1
124 49 1
123 50 1
122 51 1
.PEN_UP
.PEN_DOWN
107 19 1
107 18 1
107 17 1
108 16 1
108 15 1
108 14 1
108 13 1
.PEN_UP
