.PEN_DOWN
41 1 1
40 2 1
40 3 1
40 4 1
40 5 1
40 6 1
40 7 1
40 8 1
40 9 1
40 10 1
40 11 1
39 12 1
39 13 1
39 14 1
39 15 1
39 16 1
39 17 1
40 18 1
40 19 1
40 20 1
40 21 1
40 22 1
40 23 1
40 24 1
40 25 1
39 26 1
39 27 1
39 28 1
39 29 1
39 30 1
39 31 1
39 32 1
39 33 1
40 34 1
39 37 1
39 38 1
39 39 1
39 40 1
39 41 1
39 42 1
39 43 1
39 44 1
39 45 1
39 46 1
39 47 1
39 48 1
39 49 1
39 50 1
39 51 1
39 52 1
39 53 1
39 54 1
39 55 1
39 56 1
39 57 1
39 58 1
39 59 1
39 60 1
39 61 1
39 62 1
39 63 1
39 64 1
39 65 1
39 66 1
39 67 1
39 68 1
39 69 1
39 70 1
39 71 1
39 72 1
39 73 1
39 74 1
39 75 1
39 76 1
39 77 1
39 78 1
39 79 1
39 80 1
39 81 1
39 82 1
38 83 1
38 84 1
38 85 1
38 86 1
38 87 1
38 88 1
38 89 1
38 90 1
40 91 1
41 91 1
42 91 1
43 91 1
44 91 1
45 91 1
46 92 1
47 92 1
48 92 1
49 92 1
50 91 1
51 92 1
52 92 1
53 92 1
54 93 1
55 93 1
56 93 1
57 93 1
58 94 1
59 94 1
60 94 1
61 95 1
62 95 1
63 96 1
64 96 1
65 96 1
66 96 1
67 97 1
71 99 1
72 99 1
73 99 1
74 99 1
75 99 1
76 98 1
77 98 1
78 98 1
79 97 1
79 96 1
80 95 1
80 94 1
80 93 1
80 92 1
80 91 1
80 90 1
79 89 1
79 88 1
78 87 1
78 86 1
77 85 1
76 84 1
75 83 1
74 83 1
73 82 1
72 82 1
71 82 1
70 83 1
69 84 1
69 85 1
69 86 1
69 87 1
69 88 1
68 89 1
68 90 1
68 91 1
68 92 1
68 93 1
68 94 1
68 95 1
68 96 1
69 101 1
69 102 1
69 103 1
69 104 1
69 105 1
68 106 1
68 107 1
68 108 1
68 109 1
68 110 1
68 111 1
68 112 1
68 113 1
68 114 1
68 115 1
68 116 1
68 117 1
67 118 1
67 119 1
67 120 1
66 121 1
64 122 1
63 122 1
62 122 1
61 122 1
60 122 1
59 122 1
58 121 1
57 121 1
56 121 1
55 121 1
54 120 1
53 120 1
52 120 1
51 119 1
50 119 1
49 120 1
.PEN_UP
.PEN_DOWN
65 122 1
67 124 1
68 124 1
69 125 1
70 125 1
71 125 1
72 126 1
73 126 1
74 127 1
75 127 1
76 128 1
77 129 1
78 129 1
.PEN_UP
.PEN_DOWN
38 91 1
38 93 1
38 94 1
38 95 1
38 96 1
38 97 1
38 98 1
38 99 1
38 100 1
38 101 1
38 102 1
38 103 1
39 104 1
39 105 1
39 106 1
39 107 1
39 108 1
39 109 1
39 110 1
39 111 1
39 112 1
39 113 1
39 114 1
39 115 1
39 116 1
39 117 1
39 118 1
39 119 1
39 120 1
39 121 1
40 122 1
40 123 1
40 124 1
40 125 1
40 126 1
40 127 1
40 128 1
40 129 1
40 130 1
40 131 1
41 132 1
41 133 1
41 134 1
41 135 1
41 136 1
41 137 1
41 138 1
41 139 1
41 140 1
41 141 1
41 142 1
41 143 1
41 144 1
41 145 1
41 146 1
41 147 1
42 148 1
43 149 1
46 148 1
47 147 1
48 146 1
48 145 1
49 144 1
50 143 1
50 142 1
.PEN_UP
.PEN_DOWN
44 149 1
44 151 1
44 152 1
44 153 1
44 154 1
42 155 1
41 155 1
40 155 1
39 155 1
38 155 1
37 155 1
36 154 1
35 154 1
34 154 1
33 153 1
32 153 1
31 152 1
30 151 1
29 150 1
28 149 1
27 149 1
26 148 1
25 147 1
24 146 1
23 145 1
22 144 1
21 143 1
20 142 1
19 141 1
18 140 1
17 139 1
16 138 1
15 137 1
14 136 1
14 135 1
14 134 1
12 133 1
11 133 1
10 132 1
9 131 1
9 130 1
8 129 1
7 128 1
6 127 1
6 126 1
5 125 1
4 124 1
3 123 1
2 122 1
2 121 1
2 120 1
1 119 1
1 118 1
2 117 1
2 116 1
3 115 1
4 114 1
5 113 1
6 113 1
7 112 1
8 112 1
9 112 1
10 112 1
11 112 1
12 112 1
13 113 1
14 114 1
15 115 1
15 116 1
16 117 1
16 118 1
16 119 1
16 120 1
16 121 1
17 122 1
17 123 1
16 124 1
16 125 1
16 126 1
16 127 1
16 128 1
16 129 1
16 130 1
16 131 1
15 132 1
14 133 1
.PEN_UP
.PEN_DOWN
43 155 1
44 157 1
44 158 1
44 159 1
44 160 1
46 161 1
47 161 1
48 161 1
49 161 1
50 161 1
51 161 1
52 161 1
53 160 1
54 159 1
55 158 1
56 157 1
57 156 1
58 155 1
59 155 1
60 154 1
61 154 1
62 154 1
63 153 1
63 152 1
64 151 1
64 150 1
64 149 1
65 148 1
65 147 1
66 146 1
66 145 1
67 144 1
68 143 1
.PEN_UP
.PEN_DOWN
64 154 1
64 155 1
64 156 1
65 157 1
65 158 1
65 159 1
66 160 1
67 161 1
68 162 1
69 163 1
70 163 1
71 164 1
72 165 1
73 165 1
74 166 1
75 166 1
76 167 1
77 167 1
78 167 1
79 168 1
80 168 1
81 169 1
82 170 1
83 171 1
83 172 1
84 173 1
84 174 1
83 175 1
83 176 1
83 177 1
83 178 1
.PEN_UP
.PEN_DOWN
44 161 1
43 162 1
43 163 1
43 164 1
43 165 1
43 166 1
43 167 1
43 168 1
43 169 1
43 170 1
43 171 1
43 172 1
44 173 1
44 174 1
44 175 1
44 176 1
44 177 1
43 178 1
43 179 1
43 180 1
.PEN_UP
.PEN_DOWN
40 35 1
42 35 1
43 35 1
44 36 1
45 36 1
46 36 1
47 36 1
48 36 1
49 36 1
50 37 1
51 37 1
52 37 1
53 37 1
54 37 1
55 37 1
56 37 1
57 37 1
58 38 1
59 38 1
60 38 1
61 38 1
62 39 1
63 39 1
64 39 1
65 38 1
69 40 1
70 40 1
71 40 1
72 41 1
73 41 1
74 41 1
75 41 1
76 42 1
77 42 1
78 43 1
79 43 1
80 43 1
81 44 1
82 45 1
.PEN_UP
.PEN_DOWN
66 37 1
65 36 1
64 35 1
64 34 1
64 33 1
63 32 1
62 31 1
62 30 1
61 29 1
61 28 1
61 27 1
61 26 1
61 25 1
61 24 1
62 23 1
62 22 1
63 21 1
64 20 1
65 19 1
66 18 1
67 17 1
68 17 1
69 16 1
70 16 1
71 16 1
72 16 1
73 16 1
74 17 1
75 18 1
75 19 1
75 20 1
76 21 1
76 22 1
76 23 1
75 24 1
75 25 1
75 26 1
75 27 1
74 28 1
74 29 1
74 30 1
73 31 1
72 32 1
72 33 1
71 34 1
70 35 1
69 36 1
68 37 1
66 41 1
66 42 1
65 43 1
65 44 1
65 45 1
65 46 1
64 47 1
64 48 1
64 49 1
64 50 1
64 51 1
64 52 1
64 53 1
64 54 1
64 55 1
64 56 1
64 57 1
64 58 1
65 59 1
66 60 1
67 61 1
68 62 1
69 62 1
70 63 1
71 63 1
72 64 1
73 63 1
74 63 1
75 63 1
76 63 1
77 63 1
78 63 1
.PEN_UP
