.PEN_DOWN
8 1 1
7 2 1
7 3 1
7 4 1
7 5 1
7 6 1
7 7 1
7 8 1
7 9 1
7 10 1
7 11 1
7 12 1
8 13 1
8 14 1
10 15 1
11 15 1
12 15 1
13 15 1
14 15 1
15 16 1
16 16 1
17 16 1
18 16 1
19 17 1
20 17 1
21 17 1
22 18 1
23 18 1
24 18 1
25 19 1
26 19 1
27 20 1
28 21 1
29 22 1
29 23 1
29 24 1
29 25 1
30 26 1
30 27 1
30 28 1
30 29 1
29 30 1
29 31 1
29 32 1
28 33 1
28 34 1
28 35 1
27 36 1
27 37 1
27 38 1
26 39 1
26 40 1
24 41 1
23 41 1
22 41 1
21 41 1
20 41 1
19 41 1
18 40 1
17 40 1
16 40 1
15 39 1
14 39 1
13 39 1
12 38 1
11 38 1
10 38 1
9 38 1
8 38 1
7 38 1
5 39 1
5 40 1
5 41 1
4 42 1
4 43 1
4 44 1
4 45 1
4 46 1
4 47 1
4 48 1
4 49 1
4 50 1
4 51 1
4 52 1
4 53 1
3 54 1
3 55 1
3 56 1
3 57 1
3 58 1
3 59 1
3 60 1
3 61 1
3 62 1
3 63 1
3 64 1
3 65 1
3 66 1
2 67 1
2 68 1
2 69 1
2 70 1
2 71 1
2 72 1
2 73 1
2 74 1
2 75 1
2 76 1
2 77 1
2 78 1
2 79 1
3 80 1
5 81 1
6 81 1
7 81 1
8 81 1
9 81 1
10 82 1
11 82 1
12 82 1
13 83 1
14 83 1
15 83 1
16 83 1
18 84 1
19 84 1
20 84 1
21 85 1
22 85 1
23 86 1
.PEN_UP
.PEN_DOWN
17 82 1
17 81 1
17 80 1
17 79 1
17 78 1
17 77 1
17 76 1
17 75 1
17 74 1
17 73 1
18 72 1
18 71 1
18 70 1
19 69 1
20 68 1
21 68 1
22 67 1
23 67 1
24 68 1
25 69 1
26 70 1
27 71 1
27 72 1
27 73 1
28 74 1
28 75 1
29 76 1
29 77 1
29 78 1
30 79 1
30 80 1
31 81 1
31 82 1
32 83 1
32 84 1
33 85 1
33 86 1
34 87 1
35 88 1
35 89 1
36 90 1
37 90 1
38 90 1
39 91 1
40 91 1
41 90 1
42 90 1
43 89 1
44 88 1
44 87 1
44 86 1
44 85 1
44 84 1
44 83 1
44 82 1
44 81 1
45 80 1
44 79 1
44 78 1
44 77 1
44 76 1
44 75 1
44 74 1
44 73 1
44 72 1
44 71 1
.PEN_UP
.PEN_DOWN
3 81 1
2 82 1
2 83 1
2 84 1
2 85 1
2 86 1
2 87 1
2 88 1
2 89 1
2 90 1
2 91 1
2 92 1
2 93 1
2 94 1
2 95 1
2 96 1
2 97 1
2 98 1
2 99 1
2 100 1
2 101 1
2 102 1
2 103 1
2 104 1
2 105 1
2 106 1
2 107 1
2 108 1
2 109 1
2 110 1
2 111 1
2 112 1
4 113 1
5 113 1
6 113 1
7 113 1
8 113 1
9 113 1
10 113 1
11 114 1
12 114 1
13 114 1
14 114 1
15 114 1
16 114 1
17 114 1
18 114 1
19 114 1
20 114 1
21 114 1
22 115 1
23 115 1
24 115 1
25 115 1
26 115 1
27 115 1
28 116 1
29 116 1
30 116 1
31 116 1
32 116 1
33 117 1
34 117 1
35 117 1
36 117 1
37 117 1
38 118 1
39 118 1
40 118 1
41 119 1
42 120 1
43 120 1
.PEN_UP
.PEN_DOWN
2 113 1
2 115 1
2 116 1
2 117 1
2 118 1
2 119 1
2 120 1
2 121 1
2 122 1
2 123 1
2 124 1
2 125 1
2 126 1
2 127 1
2 128 1
2 129 1
2 130 1
2 131 1
2 132 1
2 133 1
2 134 1
2 135 1
2 136 1
2 137 1
2 138 1
2 139 1
1 140 1
1 141 1
.PEN_UP
.PEN_DOWN
6 37 1
6 36 1
6 35 1
6 34 1
5 33 1
5 32 1
6 31 1
6 30 1
6 29 1
6 28 1
6 27 1
6 26 1
6 25 1
6 24 1
6 23 1
6 22 1
6 21 1
7 20 1
7 19 1
7 18 1
7 17 1
7 16 1
8 15 1
.PEN_UP
