.PEN_DOWN
43 16 1
42 16 1
41 18 1
41 19 1
41 20 1
42 21 1
43 22 1
45 21 1
46 21 1
47 20 1
48 20 1
49 20 1
50 19 1
51 19 1
52 19 1
53 19 1
54 18 1
55 18 1
56 18 1
57 18 1
58 18 1
59 18 1
60 18 1
61 18 1
62 18 1
63 18 1
66 19 1
67 19 1
68 19 1
69 20 1
70 20 1
.PEN_UP
.PEN_DOWN
64 17 1
64 16 1
64 15 1
64 14 1
64 13 1
64 12 1
64 11 1
63 10 1
63 9 1
63 8 1
62 7 1
62 6 1
62 5 1
61 4 1
60 3 1
59 3 1
58 2 1
57 2 1
56 2 1
55 1 1
54 1 1
53 1 1
52 1 1
51 2 1
50 3 1
49 3 1
48 3 1
47 4 1
46 4 1
45 5 1
44 6 1
43 7 1
42 8 1
42 9 1
41 10 1
41 11 1
41 12 1
41 13 1
41 14 1
41 15 1
.PEN_UP
.PEN_DOWN
64 19 1
64 21 1
64 22 1
64 23 1
64 24 1
63 25 1
63 26 1
63 27 1
63 28 1
63 29 1
63 30 1
63 31 1
62 32 1
62 33 1
.PEN_UP
.PEN_DOWN
43 23 1
43 24 1
43 25 1
44 26 1
44 27 1
45 28 1
46 29 1
47 30 1
48 31 1
49 32 1
50 33 1
51 33 1
52 34 1
53 35 1
54 35 1
55 36 1
56 37 1
57 37 1
58 38 1
59 38 1
60 38 1
61 39 1
62 39 1
63 40 1
64 41 1
65 42 1
65 43 1
65 44 1
67 45 1
68 45 1
69 45 1
70 45 1
71 45 1
72 45 1
.PEN_UP
.PEN_DOWN
65 45 1
64 46 1
63 47 1
62 47 1
61 47 1
60 48 1
59 48 1
58 48 1
57 48 1
56 48 1
55 49 1
54 49 1
53 49 1
52 49 1
51 49 1
50 49 1
49 50 1
48 50 1
47 50 1
46 50 1
45 50 1
44 50 1
43 49 1
42 48 1
42 47 1
41 46 1
40 45 1
39 45 1
38 45 1
37 45 1
36 45 1
35 45 1
34 47 1
34 48 1
34 49 1
34 50 1
34 51 1
33 52 1
33 53 1
33 54 1
33 55 1
33 56 1
33 57 1
33 58 1
33 59 1
33 60 1
33 61 1
33 62 1
33 63 1
33 64 1
33 65 1
33 66 1
32 67 1
36 68 1
37 68 1
38 68 1
39 68 1
40 68 1
41 68 1
42 68 1
43 68 1
44 68 1
45 68 1
46 67 1
47 67 1
48 67 1
49 66 1
50 66 1
51 66 1
52 66 1
53 66 1
54 65 1
55 65 1
56 65 1
57 65 1
58 64 1
59 64 1
60 64 1
61 64 1
62 64 1
63 63 1
64 63 1
65 63 1
66 63 1
67 63 1
68 63 1
69 63 1
.PEN_UP
.PEN_DOWN
31 67 1
30 67 1
29 66 1
28 66 1
27 66 1
26 65 1
25 65 1
24 64 1
23 64 1
22 64 1
21 63 1
20 63 1
19 62 1
18 62 1
17 61 1
16 61 1
15 61 1
14 60 1
13 60 1
12 59 1
11 59 1
10 58 1
10 57 1
9 56 1
7 55 1
6 55 1
5 55 1
4 55 1
3 54 1
2 54 1
.PEN_UP
.PEN_DOWN
33 68 1
34 70 1
34 71 1
34 72 1
34 73 1
34 74 1
34 75 1
34 76 1
34 77 1
34 78 1
34 79 1
34 80 1
34 81 1
34 82 1
34 83 1
34 84 1
34 85 1
34 86 1
34 87 1
34 88 1
34 89 1
34 90 1
34 91 1
35 92 1
36 91 1
37 91 1
38 91 1
39 91 1
40 90 1
41 90 1
42 90 1
43 91 1
44 92 1
45 93 1
46 94 1
46 95 1
47 96 1
48 97 1
48 98 1
48 99 1
49 100 1
49 101 1
50 102 1
50 103 1
51 104 1
52 105 1
53 106 1
54 107 1
55 107 1
56 107 1
57 107 1
58 106 1
59 105 1
60 104 1
60 103 1
60 102 1
61 101 1
62 100 1
62 99 1
62 98 1
62 97 1
62 96 1
63 95 1
63 94 1
63 93 1
63 92 1
63 91 1
63 90 1
63 89 1
63 88 1
63 87 1
63 86 1
64 85 1
64 84 1
64 83 1
64 82 1
63 81 1
63 80 1
63 79 1
63 78 1
.PEN_UP
.PEN_DOWN
34 93 1
34 94 1
34 95 1
34 96 1
33 97 1
33 98 1
33 99 1
33 100 1
33 101 1
33 102 1
33 103 1
33 104 1
32 105 1
32 106 1
31 107 1
30 108 1
29 109 1
28 110 1
28 111 1
28 112 1
28 113 1
28 114 1
28 115 1
28 116 1
28 117 1
28 118 1
28 119 1
28 120 1
28 121 1
29 122 1
29 123 1
29 124 1
29 125 1
29 126 1
29 127 1
27 128 1
26 128 1
25 128 1
24 128 1
23 127 1
22 127 1
21 127 1
20 126 1
19 126 1
18 125 1
17 125 1
16 124 1
15 124 1
14 123 1
13 123 1
12 122 1
11 121 1
10 121 1
9 120 1
8 119 1
7 118 1
6 118 1
5 117 1
4 116 1
4 115 1
3 114 1
3 113 1
4 111 1
5 110 1
6 110 1
7 109 1
8 109 1
9 109 1
10 109 1
11 109 1
12 109 1
13 109 1
14 109 1
15 110 1
16 110 1
.PEN_UP
.PEN_DOWN
28 128 1
31 128 1
32 128 1
33 128 1
34 128 1
35 128 1
36 128 1
37 128 1
38 127 1
39 127 1
40 127 1
41 127 1
42 127 1
43 127 1
44 126 1
45 126 1
46 126 1
47 126 1
48 125 1
49 125 1
50 125 1
51 125 1
52 124 1
53 124 1
54 124 1
55 124 1
56 124 1
57 123 1
58 123 1
59 123 1
60 122 1
61 122 1
62 122 1
.PEN_UP
.PEN_DOWN
29 128 1
29 130 1
29 131 1
29 132 1
29 133 1
29 134 1
29 135 1
29 136 1
29 137 1
29 138 1
29 139 1
29 140 1
29 141 1
29 142 1
29 143 1
29 144 1
.PEN_UP
.PEN_DOWN
34 44 1
34 43 1
34 42 1
34 41 1
34 40 1
34 39 1
34 38 1
34 37 1
34 36 1
34 35 1
34 34 1
34 33 1
34 32 1
34 31 1
35 30 1
36 30 1
37 31 1
38 31 1
.PEN_UP
