.PEN_DOWN
44 1 1
43 1 1
42 1 1
41 2 1
40 2 1
39 3 1
38 3 1
37 3 1
36 4 1
36 5 1
36 6 1
36 7 1
36 8 1
36 9 1
36 10 1
36 11 1
36 12 1
36 13 1
36 14 1
36 15 1
36 16 1
36 17 1
36 18 1
36 19 1
36 20 1
36 21 1
37 22 1
37 23 1
39 24 1
40 24 1
41 24 1
42 24 1
43 24 1
44 24 1
45 24 1
46 24 1
47 24 1
48 23 1
49 23 1
50 22 1
51 22 1
52 22 1
54 23 1
55 24 1
55 25 1
56 26 1
56 27 1
57 28 1
58 29 1
59 29 1
60 30 1
61 31 1
62 31 1
63 31 1
64 32 1
65 32 1
66 32 1
67 32 1
68 33 1
69 33 1
70 34 1
71 35 1
72 35 1
73 36 1
74 37 1
75 38 1
76 39 1
77 40 1
77 41 1
78 42 1
78 43 1
78 44 1
78 45 1
78 46 1
78 47 1
78 48 1
78 49 1
78 50 1
77 51 1
77 52 1
76 53 1
76 54 1
76 55 1
76 56 1
75 57 1
75 58 1
74 59 1
74 60 1
73 61 1
72 62 1
72 63 1
71 64 1
69 65 1
68 65 1
67 65 1
66 64 1
65 64 1
64 63 1
63 63 1
62 62 1
61 62 1
60 62 1
59 61 1
57 61 1
56 61 1
55 61 1
54 61 1
53 60 1
50 60 1
49 60 1
48 60 1
47 60 1
46 60 1
45 59 1
44 59 1
43 59 1
42 59 1
41 59 1
40 59 1
39 59 1
38 59 1
37 61 1
37 62 1
37 63 1
37 64 1
38 65 1
38 66 1
38 67 1
38 68 1
38 69 1
38 70 1
38 71 1
38 72 1
38 73 1
38 74 1
38 75 1
38 76 1
38 77 1
38 78 1
38 79 1
38 80 1
38 81 1
38 82 1
38 83 1
38 84 1
38 85 1
38 86 1
37 87 1
37 88 1
37 89 1
37 90 1
37 91 1
37 92 1
37 93 1
37 94 1
37 95 1
39 96 1
40 96 1
41 96 1
42 96 1
43 96 1
44 96 1
45 96 1
46 96 1
47 96 1
48 97 1
49 97 1
50 97 1
51 97 1
52 97 1
53 97 1
54 98 1
57 99 1
58 100 1
59 100 1
60 101 1
61 101 1
.PEN_UP
.PEN_DOWN
55 97 1
55 96 1
55 95 1
56 94 1
56 93 1
56 92 1
56 91 1
56 90 1
57 89 1
58 89 1
59 88 1
60 88 1
61 87 1
62 87 1
63 87 1
64 87 1
65 87 1
66 88 1
67 88 1
68 88 1
69 88 1
70 88 1
71 88 1
72 89 1
73 89 1
74 90 1
75 90 1
76 91 1
77 92 1
78 93 1
79 94 1
79 95 1
80 96 1
80 97 1
80 98 1
80 99 1
80 100 1
80 101 1
80 102 1
80 103 1
80 104 1
81 106 1
82 106 1
83 106 1
84 106 1
85 106 1
86 107 1
87 107 1
88 107 1
89 107 1
90 108 1
91 108 1
92 109 1
93 109 1
94 110 1
95 110 1
.PEN_UP
.PEN_DOWN
79 105 1
77 107 1
77 108 1
76 109 1
75 110 1
74 111 1
73 111 1
72 110 1
71 110 1
70 109 1
70 108 1
70 107 1
71 106 1
72 105 1
73 104 1
74 104 1
75 104 1
76 104 1
77 104 1
78 105 1
.PEN_UP
.PEN_DOWN
37 96 1
37 98 1
37 99 1
37 100 1
37 101 1
37 102 1
37 103 1
37 104 1
37 105 1
37 106 1
37 107 1
37 108 1
37 109 1
37 110 1
37 111 1
37 112 1
37 113 1
37 114 1
37 115 1
37 116 1
37 117 1
37 118 1
37 119 1
37 120 1
37 121 1
37 122 1
37 123 1
37 124 1
37 125 1
37 126 1
37 127 1
37 128 1
37 129 1
37 130 1
37 131 1
37 132 1
37 133 1
37 134 1
37 135 1
37 136 1
37 137 1
37 138 1
37 139 1
37 140 1
37 141 1
37 142 1
37 143 1
38 144 1
38 145 1
38 146 1
38 147 1
38 148 1
38 149 1
38 150 1
38 151 1
38 152 1
38 153 1
38 154 1
38 155 1
38 156 1
38 157 1
39 158 1
39 159 1
39 160 1
39 161 1
39 162 1
39 163 1
40 164 1
40 165 1
40 166 1
40 167 1
39 168 1
39 169 1
39 170 1
40 171 1
40 172 1
40 173 1
40 174 1
40 175 1
40 176 1
40 177 1
40 178 1
40 179 1
40 180 1
40 181 1
40 182 1
40 183 1
40 184 1
40 185 1
40 186 1
40 187 1
40 188 1
40 189 1
40 190 1
40 191 1
40 192 1
40 193 1
40 194 1
40 195 1
41 196 1
42 197 1
43 196 1
44 196 1
45 195 1
46 194 1
47 193 1
48 193 1
49 192 1
50 192 1
51 192 1
52 192 1
53 193 1
53 194 1
53 195 1
53 196 1
53 197 1
52 198 1
52 199 1
52 200 1
51 201 1
51 202 1
51 203 1
51 204 1
51 205 1
51 206 1
53 207 1
54 207 1
55 207 1
56 207 1
57 207 1
58 207 1
59 206 1
60 206 1
61 205 1
62 205 1
63 204 1
64 203 1
65 203 1
66 202 1
67 203 1
68 204 1
69 205 1
70 205 1
71 206 1
72 207 1
73 208 1
74 209 1
75 209 1
76 210 1
77 210 1
78 211 1
79 212 1
80 213 1
81 214 1
81 215 1
81 216 1
81 217 1
81 218 1
81 219 1
80 220 1
80 221 1
80 222 1
80 223 1
79 224 1
78 225 1
77 226 1
76 226 1
75 226 1
74 226 1
73 225 1
72 225 1
71 225 1
70 225 1
69 225 1
68 225 1
67 225 1
66 225 1
65 225 1
64 225 1
63 224 1
62 224 1
61 224 1
60 224 1
59 224 1
58 224 1
57 224 1
56 223 1
55 223 1
54 223 1
53 223 1
52 223 1
51 223 1
50 222 1
49 222 1
48 222 1
47 223 1
46 223 1
.PEN_UP
.PEN_DOWN
66 201 1
67 200 1
67 199 1
67 198 1
68 197 1
.PEN_UP
.PEN_DOWN
50 207 1
49 207 1
48 206 1
47 206 1
46 206 1
45 205 1
44 204 1
43 203 1
41 204 1
40 205 1
40 206 1
40 207 1
40 208 1
40 209 1
40 210 1
40 211 1
40 212 1
40 213 1
40 214 1
40 215 1
40 216 1
40 217 1
40 218 1
38 219 1
37 219 1
36 219 1
35 219 1
34 219 1
33 218 1
32 218 1
31 218 1
30 217 1
29 217 1
28 216 1
27 216 1
26 216 1
25 216 1
24 215 1
23 215 1
22 215 1
21 215 1
20 214 1
19 214 1
18 214 1
17 213 1
16 213 1
15 213 1
14 213 1
13 213 1
12 213 1
11 213 1
10 213 1
9 213 1
8 213 1
7 213 1
6 213 1
5 213 1
4 213 1
3 214 1
3 216 1
3 217 1
4 218 1
5 219 1
6 220 1
7 221 1
8 222 1
9 222 1
10 223 1
11 224 1
12 224 1
13 225 1
14 226 1
15 227 1
16 227 1
17 228 1
18 229 1
19 230 1
20 231 1
21 232 1
22 233 1
23 233 1
24 234 1
25 234 1
26 235 1
27 235 1
28 236 1
29 237 1
30 238 1
31 238 1
32 239 1
33 239 1
34 240 1
35 240 1
36 241 1
37 242 1
38 242 1
39 242 1
40 242 1
44 245 1
45 245 1
46 245 1
47 245 1
48 245 1
49 245 1
50 246 1
51 246 1
52 246 1
53 246 1
54 246 1
55 247 1
56 247 1
57 247 1
58 247 1
59 247 1
60 247 1
61 247 1
62 248 1
63 248 1
64 248 1
65 248 1
66 248 1
67 249 1
68 249 1
69 249 1
70 249 1
71 249 1
72 249 1
73 249 1
74 250 1
75 250 1
76 250 1
77 250 1
78 250 1
79 250 1
.PEN_UP
.PEN_DOWN
41 241 1
41 240 1
41 239 1
41 238 1
41 237 1
41 236 1
41 235 1
41 234 1
41 233 1
41 232 1
41 231 1
41 230 1
41 229 1
41 228 1
41 227 1
40 226 1
40 225 1
40 224 1
40 223 1
40 222 1
40 221 1
40 220 1
.PEN_UP
.PEN_DOWN
41 243 1
42 247 1
42 248 1
42 249 1
42 250 1
43 251 1
43 252 1
43 253 1
43 254 1
43 255 1
43 256 1
43 257 1
43 258 1
43 259 1
43 260 1
43 261 1
43 262 1
43 263 1
44 264 1
44 265 1
44 266 1
44 267 1
44 268 1
44 269 1
44 270 1
44 271 1
44 272 1
44 273 1
44 274 1
44 275 1
44 276 1
44 277 1
44 278 1
44 279 1
44 280 1
44 281 1
44 282 1
45 283 1
45 284 1
.PEN_UP
.PEN_DOWN
42 202 1
42 201 1
42 200 1
42 199 1
42 198 1
.PEN_UP
.PEN_DOWN
37 58 1
37 57 1
37 56 1
37 55 1
37 54 1
37 53 1
37 52 1
37 51 1
37 50 1
37 49 1
37 48 1
37 47 1
37 46 1
37 45 1
37 44 1
37 43 1
37 42 1
37 41 1
37 40 1
37 39 1
37 38 1
37 37 1
37 36 1
37 35 1
37 34 1
37 33 1
37 32 1
37 31 1
37 30 1
37 29 1
37 28 1
37 27 1
37 26 1
37 25 1
.PEN_UP
.PEN_DOWN
52 59 1
52 58 1
52 57 1
52 56 1
52 55 1
51 54 1
51 53 1
51 52 1
51 51 1
51 50 1
50 49 1
50 48 1
50 47 1
50 46 1
50 45 1
50 44 1
51 43 1
52 42 1
53 41 1
54 41 1
55 42 1
56 42 1
57 43 1
58 43 1
59 44 1
60 45 1
61 46 1
61 47 1
62 48 1
62 49 1
62 50 1
62 51 1
62 52 1
61 53 1
61 54 1
61 55 1
60 56 1
60 57 1
60 58 1
59 59 1
59 60 1
.PEN_UP
.PEN_DOWN
70 65 1
73 65 1
74 66 1
75 66 1
.PEN_UP
.PEN_DOWN
53 21 1
53 20 1
53 19 1
53 18 1
53 17 1
54 16 1
55 15 1
55 14 1
55 13 1
55 12 1
56 11 1
56 10 1
57 9 1
57 8 1
.PEN_UP
.PEN_DOWN
105 16 1
106 15 1
107 15 1
108 16 1
109 17 1
110 18 1
110 19 1
111 20 1
111 21 1
111 22 1
112 23 1
112 24 1
113 25 1
113 26 1
113 27 1
114 28 1
114 29 1
114 30 1
115 31 1
115 32 1
116 33 1
116 34 1
116 35 1
116 36 1
116 37 1
117 38 1
117 39 1
118 40 1
118 41 1
118 42 1
118 43 1
118 44 1
118 45 1
118 46 1
118 47 1
118 48 1
118 49 1
118 50 1
117 51 1
117 52 1
117 53 1
116 54 1
116 55 1
115 56 1
115 57 1
114 58 1
114 59 1
113 60 1
113 61 1
112 62 1
112 63 1
111 64 1
110 65 1
109 66 1
108 67 1
107 67 1
106 68 1
105 69 1
104 69 1
103 69 1
102 69 1
101 69 1
100 69 1
97 68 1
96 68 1
95 68 1
94 68 1
93 67 1
92 66 1
91 65 1
90 64 1
90 63 1
90 62 1
90 61 1
90 60 1
89 59 1
89 58 1
89 57 1
90 56 1
90 55 1
91 54 1
92 54 1
93 54 1
94 54 1
95 54 1
96 54 1
97 54 1
98 54 1
99 55 1
100 56 1
101 57 1
101 58 1
101 59 1
101 60 1
101 61 1
101 62 1
100 63 1
100 64 1
100 65 1
99 66 1
99 67 1
99 68 1
.PEN_UP
.PEN_DOWN
48 140 1
49 140 1
50 140 1
51 141 1
52 141 1
53 141 1
54 141 1
55 141 1
56 141 1
57 142 1
58 142 1
61 143 1
62 143 1
63 143 1
64 144 1
65 144 1
66 144 1
67 144 1
68 144 1
69 144 1
70 144 1
71 144 1
73 145 1
74 146 1
75 146 1
76 147 1
77 147 1
78 147 1
79 147 1
80 148 1
81 148 1
.PEN_UP
.PEN_DOWN
72 143 1
73 142 1
73 141 1
74 140 1
74 139 1
75 138 1
75 137 1
75 136 1
75 135 1
75 134 1
75 133 1
75 132 1
75 131 1
75 130 1
75 129 1
74 128 1
73 127 1
72 126 1
71 125 1
70 124 1
69 123 1
68 123 1
67 123 1
66 123 1
65 123 1
64 123 1
63 123 1
62 124 1
61 124 1
60 125 1
59 126 1
58 127 1
58 128 1
57 129 1
57 130 1
56 131 1
56 132 1
56 133 1
57 134 1
57 135 1
58 136 1
59 137 1
59 138 1
59 139 1
59 140 1
59 141 1
.PEN_UP
.PEN_DOWN
59 143 1
58 145 1
58 146 1
57 147 1
57 148 1
56 149 1
56 150 1
56 151 1
56 152 1
56 153 1
56 154 1
55 155 1
55 156 1
55 157 1
56 158 1
56 159 1
57 160 1
58 161 1
59 162 1
60 163 1
61 164 1
62 164 1
63 164 1
64 164 1
65 164 1
66 165 1
67 165 1
68 165 1
69 164 1
70 164 1
71 164 1
72 164 1
73 164 1
74 164 1
75 164 1
76 163 1
77 163 1
78 162 1
.PEN_UP
.PEN_DOWN
108 118 1
109 119 1
109 120 1
110 121 1
111 122 1
111 123 1
111 124 1
112 125 1
113 126 1
113 127 1
113 128 1
113 129 1
114 130 1
114 131 1
115 132 1
115 133 1
115 134 1
115 135 1
116 136 1
116 137 1
116 138 1
117 139 1
117 140 1
117 141 1
117 142 1
117 143 1
117 144 1
117 145 1
117 146 1
118 147 1
117 148 1
117 149 1
117 150 1
117 151 1
117 152 1
117 153 1
117 154 1
117 155 1
116 156 1
116 157 1
116 158 1
115 159 1
114 160 1
114 161 1
113 162 1
113 163 1
112 164 1
111 165 1
110 166 1
109 167 1
108 168 1
107 168 1
106 169 1
105 169 1
104 169 1
103 169 1
102 169 1
101 169 1
98 169 1
97 169 1
96 169 1
95 168 1
94 168 1
93 167 1
92 166 1
92 165 1
91 164 1
91 163 1
90 162 1
90 161 1
90 160 1
89 159 1
89 158 1
89 157 1
89 156 1
89 155 1
89 154 1
89 153 1
89 152 1
90 151 1
91 152 1
92 152 1
93 153 1
.PEN_UP
.PEN_DOWN
90 150 1
90 149 1
91 148 1
92 147 1
93 147 1
94 147 1
95 147 1
96 147 1
97 148 1
98 148 1
99 149 1
100 149 1
101 150 1
102 151 1
102 152 1
102 153 1
102 154 1
102 155 1
102 156 1
102 157 1
102 158 1
102 159 1
102 160 1
102 161 1
101 162 1
101 163 1
101 164 1
100 165 1
100 166 1
100 167 1
100 168 1
.PEN_UP
