.PEN_DOWN
1 50 1
2 50 1
4 52 1
5 52 1
6 53 1
7 53 1
8 54 1
9 54 1
10 54 1
11 54 1
12 54 1
13 54 1
14 54 1
15 54 1
16 54 1
17 54 1
20 54 1
21 54 1
22 53 1
23 53 1
24 53 1
25 53 1
26 53 1
27 53 1
28 53 1
29 53 1
30 53 1
31 52 1
32 52 1
33 52 1
34 51 1
35 51 1
36 51 1
37 50 1
38 49 1
39 48 1
40 47 1
40 46 1
41 45 1
42 44 1
43 43 1
44 42 1
47 43 1
47 44 1
47 45 1
47 46 1
47 47 1
47 48 1
47 49 1
47 50 1
47 51 1
47 52 1
47 53 1
47 54 1
47 55 1
47 56 1
48 57 1
48 58 1
48 59 1
48 60 1
48 61 1
48 62 1
.PEN_UP
.PEN_DOWN
45 41 1
45 40 1
45 39 1
45 38 1
45 37 1
44 33 1
43 33 1
42 33 1
41 33 1
40 33 1
39 32 1
38 32 1
37 32 1
36 31 1
35 31 1
34 31 1
33 30 1
32 30 1
31 29 1
30 29 1
29 28 1
28 28 1
27 27 1
26 26 1
25 25 1
25 24 1
24 23 1
23 23 1
22 23 1
21 22 1
20 22 1
19 22 1
18 21 1
17 20 1
16 20 1
15 19 1
14 18 1
13 18 1
12 17 1
11 16 1
10 16 1
9 15 1
8 14 1
7 13 1
6 12 1
6 11 1
5 10 1
5 9 1
4 8 1
4 7 1
4 6 1
4 5 1
5 4 1
5 3 1
6 2 1
7 1 1
8 1 1
9 1 1
10 1 1
11 1 1
12 1 1
13 1 1
14 2 1
15 3 1
16 4 1
17 5 1
18 6 1
19 7 1
19 8 1
20 9 1
20 10 1
21 11 1
21 12 1
22 13 1
23 14 1
23 15 1
23 16 1
24 17 1
24 18 1
24 19 1
24 20 1
25 21 1
25 22 1
.PEN_UP
.PEN_DOWN
45 36 1
47 36 1
48 35 1
49 35 1
50 35 1
51 35 1
52 35 1
53 35 1
54 35 1
55 35 1
56 35 1
57 35 1
58 35 1
59 35 1
60 35 1
61 33 1
62 32 1
62 31 1
62 30 1
62 29 1
63 28 1
64 27 1
65 27 1
66 28 1
67 28 1
68 29 1
69 30 1
70 31 1
71 32 1
72 33 1
73 33 1
74 35 1
75 36 1
75 37 1
76 38 1
76 39 1
76 40 1
77 41 1
78 42 1
79 43 1
80 43 1
81 43 1
82 44 1
83 44 1
84 44 1
85 44 1
86 43 1
87 42 1
87 41 1
88 40 1
88 39 1
88 38 1
88 37 1
88 36 1
88 35 1
88 34 1
88 33 1
88 32 1
88 31 1
88 30 1
88 29 1
88 28 1
88 27 1
88 26 1
88 25 1
88 24 1
.PEN_UP
.PEN_DOWN
74 33 1
75 32 1
76 31 1
76 30 1
76 29 1
76 28 1
76 27 1
77 26 1
77 25 1
78 24 1
78 23 1
79 22 1
80 21 1
81 20 1
82 19 1
83 18 1
84 17 1
85 16 1
86 15 1
87 14 1
88 14 1
89 14 1
90 13 1
91 12 1
92 12 1
93 12 1
94 12 1
95 12 1
96 12 1
97 11 1
98 11 1
99 11 1
100 11 1
101 12 1
102 12 1
103 12 1
104 12 1
105 12 1
106 12 1
107 12 1
108 13 1
109 13 1
110 14 1
111 14 1
112 15 1
113 15 1
114 16 1
115 17 1
116 18 1
117 19 1
118 20 1
119 21 1
120 22 1
120 23 1
120 24 1
121 25 1
121 26 1
121 27 1
122 28 1
122 29 1
122 30 1
122 31 1
122 32 1
122 33 1
122 34 1
122 35 1
122 36 1
123 37 1
123 38 1
123 39 1
122 40 1
122 41 1
122 42 1
122 43 1
122 44 1
122 45 1
121 46 1
121 47 1
121 48 1
120 49 1
120 50 1
119 51 1
119 52 1
118 53 1
118 54 1
117 55 1
117 56 1
116 57 1
115 58 1
114 58 1
113 59 1
112 60 1
111 61 1
110 62 1
.PEN_UP
.PEN_DOWN
61 34 1
62 37 1
63 38 1
64 39 1
65 40 1
66 41 1
66 42 1
.PEN_UP
.PEN_DOWN
45 35 1
46 33 1
47 32 1
47 31 1
47 30 1
47 29 1
47 28 1
47 27 1
47 26 1
47 25 1
48 24 1
48 23 1
48 22 1
48 21 1
48 20 1
48 19 1
48 18 1
48 17 1
48 16 1
48 15 1
48 14 1
48 13 1
48 12 1
49 11 1
49 10 1
49 9 1
50 8 1
.PEN_UP
.PEN_DOWN
18 53 1
18 52 1
18 51 1
18 50 1
18 49 1
17 48 1
17 47 1
17 46 1
17 45 1
16 44 1
16 43 1
15 42 1
14 41 1
13 40 1
12 40 1
11 40 1
10 40 1
9 40 1
8 40 1
7 41 1
6 42 1
5 43 1
4 44 1
3 45 1
3 46 1
3 47 1
3 48 1
3 49 1
.PEN_UP
