.PEN_DOWN
46 10 1
46 11 1
46 12 1
46 13 1
46 14 1
46 15 1
46 16 1
46 17 1
46 18 1
46 19 1
46 20 1
46 21 1
46 22 1
46 23 1
46 24 1
46 25 1
46 26 1
46 27 1
46 28 1
45 29 1
45 30 1
45 31 1
43 32 1
42 32 1
41 32 1
40 31 1
39 31 1
38 31 1
37 31 1
36 31 1
35 31 1
34 31 1
33 30 1
32 30 1
31 29 1
30 29 1
29 28 1
28 28 1
27 27 1
26 27 1
25 26 1
24 26 1
23 25 1
22 24 1
21 23 1
21 22 1
19 20 1
18 20 1
17 20 1
16 20 1
15 19 1
14 18 1
13 18 1
12 17 1
11 16 1
10 15 1
9 14 1
8 13 1
7 12 1
7 11 1
6 10 1
5 9 1
5 8 1
4 7 1
4 6 1
5 5 1
5 4 1
6 3 1
7 2 1
8 1 1
9 1 1
10 1 1
11 1 1
12 1 1
13 2 1
14 3 1
15 3 1
16 4 1
17 5 1
18 6 1
18 7 1
19 8 1
19 9 1
19 10 1
20 11 1
20 12 1
20 13 1
21 14 1
21 15 1
21 16 1
21 17 1
21 18 1
21 19 1
21 20 1
.PEN_UP
.PEN_DOWN
44 32 1
45 34 1
45 35 1
45 36 1
45 37 1
49 38 1
50 38 1
51 38 1
52 38 1
53 38 1
54 38 1
55 38 1
56 39 1
57 39 1
58 39 1
59 40 1
60 40 1
63 41 1
64 42 1
65 42 1
.PEN_UP
.PEN_DOWN
61 39 1
61 38 1
61 37 1
61 36 1
61 35 1
61 34 1
61 33 1
61 32 1
61 31 1
61 30 1
61 29 1
62 28 1
62 27 1
63 26 1
64 25 1
65 24 1
66 25 1
67 25 1
68 26 1
68 27 1
69 28 1
70 29 1
71 29 1
72 30 1
73 30 1
74 31 1
76 29 1
76 28 1
76 27 1
76 26 1
76 25 1
77 24 1
77 23 1
77 22 1
78 21 1
78 20 1
79 19 1
80 18 1
81 17 1
82 17 1
83 16 1
86 14 1
87 14 1
88 14 1
89 14 1
90 14 1
91 14 1
92 14 1
93 14 1
94 14 1
95 14 1
96 14 1
97 15 1
98 16 1
99 17 1
100 17 1
101 18 1
102 19 1
103 20 1
103 21 1
104 22 1
105 23 1
105 24 1
106 25 1
107 26 1
107 27 1
107 28 1
108 29 1
108 30 1
108 31 1
108 32 1
108 33 1
109 34 1
109 35 1
109 36 1
109 37 1
109 38 1
109 39 1
109 40 1
109 41 1
109 42 1
109 43 1
109 44 1
109 45 1
109 46 1
109 47 1
108 48 1
108 49 1
108 50 1
107 51 1
107 52 1
107 53 1
106 54 1
106 55 1
105 56 1
104 56 1
103 57 1
102 58 1
101 58 1
100 59 1
99 59 1
98 60 1
97 60 1
96 61 1
95 61 1
.PEN_UP
.PEN_DOWN
84 15 1
85 17 1
85 18 1
85 19 1
85 20 1
86 21 1
87 22 1
87 23 1
87 24 1
87 25 1
88 26 1
88 27 1
88 28 1
89 29 1
89 30 1
89 31 1
89 32 1
89 33 1
89 34 1
89 35 1
89 36 1
89 37 1
89 38 1
89 39 1
89 40 1
88 41 1
88 42 1
88 43 1
88 44 1
87 45 1
86 46 1
85 46 1
84 47 1
83 46 1
82 46 1
81 46 1
80 45 1
79 44 1
78 43 1
77 42 1
77 41 1
77 40 1
77 39 1
76 38 1
76 37 1
75 36 1
75 35 1
75 34 1
75 33 1
75 32 1
.PEN_UP
.PEN_DOWN
44 38 1
43 39 1
42 39 1
41 39 1
40 40 1
39 41 1
38 42 1
37 42 1
36 42 1
35 43 1
34 44 1
33 44 1
32 44 1
31 44 1
30 45 1
29 46 1
28 46 1
27 46 1
26 46 1
25 46 1
24 46 1
23 46 1
22 47 1
17 47 1
16 47 1
15 47 1
14 47 1
13 47 1
12 47 1
11 47 1
10 47 1
9 47 1
8 47 1
7 46 1
6 46 1
5 46 1
4 46 1
3 45 1
2 44 1
1 43 1
1 42 1
2 41 1
2 40 1
3 39 1
4 39 1
5 38 1
6 37 1
7 37 1
8 37 1
9 37 1
10 37 1
11 37 1
12 38 1
13 38 1
14 39 1
15 40 1
16 41 1
17 42 1
18 43 1
18 44 1
18 45 1
19 46 1
21 49 1
22 50 1
22 51 1
.PEN_UP
.PEN_DOWN
45 38 1
47 40 1
47 41 1
47 42 1
47 43 1
47 44 1
47 45 1
47 46 1
47 47 1
47 48 1
47 49 1
47 50 1
47 51 1
47 52 1
47 53 1
48 54 1
48 55 1
48 56 1
.PEN_UP
