.PEN_DOWN
18 30 1
18 29 1
18 28 1
18 27 1
18 26 1
18 25 1
18 24 1
18 23 1
18 22 1
18 21 1
18 20 1
17 19 1
16 18 1
15 17 1
14 17 1
13 17 1
12 17 1
11 16 1
10 16 1
9 17 1
8 17 1
7 17 1
6 17 1
5 17 1
4 18 1
3 18 1
2 19 1
1 20 1
1 21 1
1 22 1
1 23 1
1 24 1
1 25 1
2 26 1
3 27 1
4 28 1
5 29 1
6 30 1
7 31 1
8 32 1
9 32 1
10 33 1
11 34 1
12 34 1
13 35 1
14 35 1
15 36 1
16 37 1
17 37 1
18 38 1
19 38 1
20 39 1
21 39 1
22 40 1
23 40 1
24 40 1
25 40 1
26 41 1
27 41 1
28 42 1
29 42 1
30 43 1
31 43 1
32 44 1
33 44 1
34 44 1
35 45 1
36 46 1
37 46 1
38 46 1
39 47 1
40 47 1
41 47 1
42 48 1
43 48 1
44 47 1
45 48 1
45 49 1
45 50 1
46 51 1
48 52 1
49 52 1
50 52 1
51 52 1
52 53 1
53 53 1
54 53 1
55 53 1
56 54 1
57 54 1
58 55 1
59 55 1
60 55 1
61 56 1
62 56 1
63 56 1
64 57 1
65 58 1
66 58 1
67 58 1
68 58 1
69 59 1
70 59 1
71 59 1
72 60 1
73 60 1
74 61 1
75 61 1
76 61 1
77 61 1
78 62 1
79 62 1
80 62 1
81 62 1
82 63 1
83 64 1
.PEN_UP
.PEN_DOWN
46 52 1
46 54 1
46 55 1
46 56 1
46 57 1
46 58 1
46 59 1
46 60 1
46 61 1
46 62 1
46 63 1
46 64 1
46 65 1
46 66 1
46 67 1
46 68 1
46 69 1
46 70 1
46 71 1
46 72 1
46 73 1
46 74 1
46 75 1
45 76 1
.PEN_UP
.PEN_DOWN
44 46 1
44 45 1
44 44 1
44 43 1
44 42 1
44 41 1
44 40 1
44 39 1
44 38 1
44 37 1
44 36 1
44 35 1
44 34 1
44 33 1
44 32 1
44 31 1
44 30 1
44 29 1
44 28 1
44 27 1
44 26 1
44 25 1
46 24 1
47 24 1
48 24 1
49 24 1
50 25 1
51 25 1
52 26 1
53 26 1
54 26 1
55 26 1
58 27 1
59 28 1
60 28 1
61 29 1
.PEN_UP
.PEN_DOWN
56 25 1
56 24 1
56 23 1
56 22 1
56 21 1
56 20 1
56 19 1
57 18 1
57 17 1
58 16 1
59 15 1
60 14 1
61 14 1
62 15 1
63 15 1
64 16 1
65 17 1
66 18 1
67 19 1
67 20 1
67 21 1
68 22 1
68 23 1
69 24 1
69 25 1
69 26 1
70 27 1
70 28 1
71 29 1
72 29 1
73 30 1
74 31 1
74 33 1
74 34 1
75 35 1
76 36 1
77 36 1
78 37 1
79 37 1
80 37 1
81 37 1
82 37 1
83 37 1
84 36 1
85 35 1
85 34 1
85 33 1
85 32 1
86 31 1
86 30 1
86 29 1
86 28 1
86 27 1
86 26 1
86 25 1
86 24 1
86 23 1
86 22 1
86 21 1
86 20 1
86 19 1
86 18 1
86 17 1
87 15 1
88 15 1
89 15 1
90 15 1
91 16 1
92 16 1
93 16 1
94 16 1
95 17 1
96 18 1
97 18 1
98 18 1
99 19 1
100 19 1
101 20 1
102 21 1
103 22 1
104 23 1
104 24 1
105 25 1
106 26 1
106 27 1
107 28 1
107 29 1
108 30 1
108 31 1
108 32 1
108 33 1
108 34 1
108 35 1
107 36 1
107 37 1
107 38 1
107 39 1
107 40 1
107 41 1
106 42 1
106 43 1
106 44 1
105 45 1
104 46 1
104 47 1
103 48 1
103 49 1
102 50 1
102 51 1
101 52 1
.PEN_UP
.PEN_DOWN
85 16 1
84 16 1
83 16 1
82 16 1
81 17 1
80 17 1
79 17 1
78 18 1
77 19 1
76 20 1
75 21 1
74 22 1
74 23 1
74 24 1
.PEN_UP
.PEN_DOWN
74 32 1
76 31 1
77 31 1
78 31 1
.PEN_UP
.PEN_DOWN
44 24 1
44 22 1
44 21 1
44 20 1
44 19 1
44 18 1
44 17 1
45 16 1
45 15 1
45 14 1
45 13 1
45 12 1
45 11 1
45 10 1
45 9 1
45 8 1
45 7 1
45 6 1
44 3 1
44 2 1
44 1 1
.PEN_UP
