.PEN_DOWN
23 1 1
22 2 1
22 3 1
22 4 1
21 6 1
21 7 1
21 8 1
20 9 1
20 10 1
20 11 1
20 12 1
20 13 1
20 14 1
20 15 1
20 16 1
20 17 1
21 18 1
23 19 1
24 20 1
25 20 1
26 20 1
27 19 1
28 19 1
29 19 1
30 19 1
31 18 1
32 18 1
33 17 1
34 17 1
35 16 1
36 16 1
37 16 1
38 15 1
39 15 1
40 15 1
41 13 1
42 12 1
42 11 1
42 10 1
42 9 1
42 8 1
43 7 1
44 6 1
.PEN_UP
.PEN_DOWN
41 17 1
41 18 1
40 21 1
40 22 1
40 23 1
40 24 1
40 25 1
40 26 1
40 27 1
40 28 1
40 29 1
40 30 1
40 31 1
40 32 1
40 33 1
40 34 1
40 35 1
40 36 1
40 37 1
40 38 1
40 39 1
40 40 1
40 41 1
40 42 1
40 43 1
40 44 1
40 45 1
40 46 1
40 47 1
40 48 1
40 49 1
39 50 1
37 51 1
36 51 1
35 51 1
34 51 1
33 51 1
32 50 1
31 50 1
30 50 1
29 50 1
28 50 1
27 50 1
26 50 1
25 49 1
24 48 1
23 47 1
23 46 1
23 45 1
23 44 1
22 43 1
22 42 1
22 41 1
22 40 1
22 39 1
22 38 1
22 37 1
21 36 1
21 35 1
21 34 1
21 33 1
21 32 1
20 31 1
20 30 1
20 29 1
20 28 1
20 27 1
20 26 1
20 25 1
20 24 1
20 23 1
20 22 1
20 21 1
21 20 1
.PEN_UP
.PEN_DOWN
25 51 1
25 52 1
25 53 1
25 54 1
25 55 1
25 56 1
25 57 1
25 58 1
25 59 1
25 60 1
25 61 1
25 62 1
25 63 1
25 64 1
25 65 1
25 66 1
25 67 1
25 68 1
26 69 1
26 70 1
26 71 1
26 72 1
26 73 1
26 74 1
26 75 1
25 76 1
25 77 1
25 78 1
25 79 1
25 80 1
26 81 1
26 82 1
26 83 1
26 84 1
26 85 1
26 86 1
26 87 1
26 88 1
26 89 1
27 90 1
28 90 1
29 91 1
30 91 1
31 91 1
32 91 1
33 91 1
34 91 1
35 91 1
36 92 1
37 92 1
38 92 1
39 92 1
40 92 1
41 92 1
42 92 1
46 94 1
47 94 1
48 94 1
49 93 1
50 93 1
51 93 1
52 93 1
53 92 1
54 91 1
54 90 1
54 89 1
53 88 1
53 87 1
52 86 1
51 85 1
50 84 1
49 84 1
48 83 1
47 83 1
46 83 1
45 83 1
44 83 1
43 84 1
43 85 1
43 86 1
43 87 1
43 88 1
43 89 1
43 90 1
43 91 1
44 96 1
44 97 1
44 98 1
44 99 1
44 100 1
44 101 1
45 102 1
45 103 1
45 104 1
45 105 1
45 106 1
45 107 1
45 108 1
45 109 1
45 110 1
45 111 1
45 112 1
45 113 1
44 114 1
44 115 1
44 116 1
43 117 1
43 118 1
41 119 1
40 119 1
39 119 1
38 119 1
37 119 1
36 119 1
35 119 1
34 119 1
33 119 1
32 119 1
31 118 1
30 118 1
29 118 1
28 118 1
27 118 1
26 118 1
25 118 1
24 119 1
23 120 1
22 121 1
22 122 1
22 123 1
22 124 1
22 125 1
22 126 1
22 127 1
22 128 1
22 129 1
22 130 1
22 131 1
22 132 1
22 133 1
22 134 1
23 135 1
23 136 1
23 137 1
23 138 1
23 139 1
24 140 1
26 142 1
27 142 1
28 142 1
29 142 1
30 142 1
31 142 1
32 142 1
33 142 1
34 142 1
35 143 1
36 143 1
37 143 1
38 143 1
39 144 1
40 144 1
41 145 1
42 145 1
43 145 1
44 146 1
45 146 1
46 146 1
47 147 1
48 148 1
49 148 1
50 149 1
51 149 1
52 149 1
53 149 1
.PEN_UP
.PEN_DOWN
24 141 1
23 143 1
23 144 1
23 145 1
23 146 1
23 147 1
23 148 1
23 149 1
23 150 1
23 151 1
23 152 1
23 153 1
23 154 1
23 155 1
23 156 1
23 157 1
23 158 1
23 159 1
23 160 1
23 161 1
23 162 1
23 163 1
23 164 1
24 165 1
24 166 1
24 167 1
24 168 1
24 169 1
24 170 1
24 171 1
24 172 1
24 173 1
24 174 1
24 175 1
24 176 1
24 177 1
24 178 1
24 179 1
24 180 1
24 181 1
24 182 1
23 183 1
23 184 1
23 185 1
23 186 1
22 189 1
22 190 1
22 191 1
21 192 1
21 193 1
21 194 1
21 195 1
21 196 1
21 197 1
21 198 1
21 199 1
21 200 1
21 201 1
21 202 1
21 203 1
21 204 1
21 205 1
21 206 1
21 207 1
21 208 1
21 209 1
23 210 1
24 210 1
25 210 1
26 210 1
27 210 1
28 210 1
29 210 1
30 210 1
31 210 1
32 210 1
33 210 1
34 210 1
35 210 1
36 211 1
37 211 1
38 211 1
39 211 1
40 211 1
41 211 1
42 211 1
43 211 1
44 211 1
45 212 1
46 212 1
47 212 1
48 212 1
49 212 1
50 213 1
51 213 1
52 213 1
53 213 1
54 214 1
55 214 1
56 215 1
57 215 1
58 215 1
.PEN_UP
.PEN_DOWN
21 210 1
21 212 1
21 213 1
21 214 1
21 215 1
21 216 1
21 217 1
21 218 1
21 219 1
21 220 1
21 221 1
21 222 1
21 223 1
21 224 1
21 225 1
21 226 1
21 227 1
21 228 1
21 229 1
21 230 1
21 231 1
21 232 1
21 233 1
21 234 1
21 235 1
21 236 1
21 237 1
21 238 1
22 239 1
22 240 1
22 241 1
22 242 1
22 243 1
22 244 1
22 245 1
22 246 1
22 247 1
22 248 1
22 249 1
22 250 1
22 251 1
22 252 1
22 253 1
22 254 1
22 255 1
22 256 1
22 257 1
22 258 1
22 259 1
22 260 1
22 261 1
22 262 1
23 263 1
23 264 1
25 265 1
26 265 1
27 265 1
28 265 1
29 265 1
30 265 1
31 265 1
32 265 1
33 265 1
34 265 1
35 265 1
36 265 1
37 265 1
38 265 1
39 265 1
40 265 1
43 265 1
44 265 1
45 265 1
46 266 1
47 266 1
48 266 1
49 266 1
50 266 1
51 266 1
52 267 1
53 267 1
54 267 1
55 267 1
56 267 1
57 267 1
.PEN_UP
.PEN_DOWN
41 264 1
41 263 1
41 262 1
41 261 1
41 260 1
41 259 1
40 258 1
40 257 1
41 256 1
41 255 1
41 254 1
40 253 1
40 252 1
40 251 1
40 250 1
40 249 1
40 248 1
40 247 1
40 246 1
40 245 1
41 244 1
41 241 1
41 240 1
41 239 1
41 238 1
41 237 1
42 236 1
43 235 1
44 234 1
45 234 1
46 233 1
47 233 1
48 233 1
49 233 1
50 233 1
51 233 1
52 234 1
53 234 1
54 235 1
55 236 1
55 237 1
55 238 1
55 239 1
55 240 1
55 241 1
54 242 1
53 243 1
52 244 1
51 245 1
50 245 1
49 245 1
48 245 1
47 245 1
46 244 1
45 244 1
44 244 1
43 243 1
42 243 1
.PEN_UP
.PEN_DOWN
23 265 1
23 267 1
23 268 1
23 269 1
23 270 1
23 271 1
23 272 1
23 273 1
23 274 1
23 275 1
23 276 1
23 277 1
23 278 1
23 279 1
23 280 1
23 281 1
23 282 1
23 283 1
23 284 1
23 285 1
23 286 1
24 287 1
26 289 1
27 289 1
28 289 1
29 289 1
30 289 1
31 289 1
32 289 1
33 289 1
34 289 1
35 289 1
36 289 1
37 289 1
38 289 1
39 290 1
40 290 1
41 290 1
42 290 1
43 290 1
44 290 1
45 290 1
46 291 1
47 291 1
48 291 1
49 291 1
50 291 1
51 291 1
52 291 1
53 292 1
54 292 1
55 292 1
56 292 1
57 293 1
58 293 1
.PEN_UP
.PEN_DOWN
24 288 1
23 289 1
23 290 1
23 291 1
23 292 1
23 293 1
23 294 1
23 295 1
23 296 1
23 297 1
23 298 1
23 299 1
23 300 1
23 301 1
23 302 1
23 303 1
23 304 1
23 305 1
23 306 1
23 307 1
23 308 1
23 309 1
23 310 1
23 311 1
24 312 1
24 313 1
25 314 1
27 314 1
28 314 1
29 314 1
30 314 1
31 314 1
32 314 1
33 313 1
34 313 1
35 313 1
36 313 1
37 313 1
38 313 1
39 313 1
40 314 1
41 315 1
41 316 1
41 317 1
41 318 1
42 319 1
42 320 1
44 321 1
45 322 1
46 322 1
47 322 1
48 323 1
49 324 1
50 325 1
51 325 1
52 326 1
53 327 1
54 328 1
55 328 1
56 329 1
57 330 1
58 331 1
59 332 1
60 333 1
61 334 1
62 334 1
.PEN_UP
.PEN_DOWN
42 321 1
41 322 1
41 323 1
41 324 1
41 325 1
41 326 1
41 327 1
40 328 1
40 329 1
40 330 1
40 331 1
39 332 1
39 333 1
38 334 1
37 335 1
36 335 1
35 335 1
34 335 1
33 335 1
32 335 1
31 335 1
30 335 1
29 335 1
28 335 1
27 335 1
26 333 1
26 332 1
25 331 1
25 330 1
25 329 1
25 328 1
25 327 1
24 326 1
24 325 1
24 324 1
24 323 1
24 322 1
24 321 1
24 320 1
24 319 1
24 318 1
24 317 1
25 316 1
25 315 1
.PEN_UP
.PEN_DOWN
26 334 1
25 336 1
25 337 1
25 338 1
25 339 1
25 340 1
25 341 1
25 342 1
25 343 1
25 344 1
24 345 1
24 346 1
24 347 1
24 348 1
24 349 1
24 350 1
.PEN_UP
.PEN_DOWN
23 187 1
25 188 1
26 188 1
27 188 1
28 188 1
29 188 1
30 189 1
31 189 1
32 189 1
33 189 1
34 189 1
35 189 1
36 189 1
37 189 1
40 189 1
41 190 1
42 190 1
43 190 1
44 190 1
46 192 1
47 192 1
48 192 1
49 193 1
50 193 1
51 193 1
52 193 1
53 193 1
54 193 1
55 193 1
56 193 1
.PEN_UP
.PEN_DOWN
45 189 1
46 188 1
47 187 1
47 186 1
48 185 1
48 184 1
48 183 1
48 182 1
48 181 1
48 180 1
48 179 1
48 178 1
48 177 1
48 176 1
47 175 1
47 174 1
47 173 1
47 172 1
46 171 1
46 170 1
45 169 1
44 168 1
43 168 1
42 168 1
41 168 1
40 169 1
39 170 1
38 171 1
38 172 1
37 173 1
37 174 1
36 175 1
36 176 1
36 177 1
36 178 1
36 179 1
36 180 1
37 181 1
37 182 1
37 183 1
37 184 1
37 185 1
38 186 1
38 187 1
38 188 1
.PEN_UP
