.PEN_DOWN
5 1 1
5 2 1
5 3 1
5 4 1
4 5 1
4 6 1
4 7 1
4 8 1
4 9 1
4 10 1
4 11 1
3 12 1
3 13 1
3 14 1
3 15 1
3 16 1
3 17 1
4 18 1
3 20 1
3 21 1
3 22 1
3 23 1
3 24 1
3 25 1
3 26 1
3 27 1
3 28 1
3 29 1
3 30 1
3 31 1
3 32 1
3 33 1
3 34 1
3 35 1
5 36 1
6 37 1
7 37 1
8 37 1
9 37 1
10 37 1
11 37 1
12 37 1
13 37 1
14 37 1
15 37 1
16 37 1
17 38 1
18 38 1
19 38 1
20 38 1
21 38 1
22 39 1
23 39 1
24 39 1
25 39 1
26 38 1
26 37 1
27 36 1
27 35 1
27 34 1
27 33 1
27 32 1
27 31 1
27 30 1
27 29 1
27 28 1
27 27 1
27 26 1
27 25 1
27 24 1
28 23 1
28 21 1
28 20 1
27 19 1
27 18 1
27 17 1
26 16 1
25 16 1
24 17 1
23 17 1
22 17 1
21 17 1
20 17 1
19 17 1
18 17 1
17 18 1
16 18 1
15 18 1
14 18 1
13 18 1
12 18 1
11 19 1
10 19 1
9 19 1
8 19 1
7 19 1
6 19 1
5 19 1
.PEN_UP
.PEN_DOWN
28 22 1
30 23 1
31 23 1
32 24 1
33 24 1
34 25 1
34 26 1
35 27 1
36 28 1
37 29 1
37 30 1
38 31 1
39 32 1
40 33 1
41 33 1
42 34 1
43 34 1
44 35 1
.PEN_UP
.PEN_DOWN
3 36 1
3 38 1
3 39 1
3 40 1
3 41 1
3 42 1
3 43 1
3 44 1
3 45 1
3 46 1
3 47 1
3 48 1
3 49 1
3 50 1
3 51 1
3 52 1
3 53 1
3 54 1
3 55 1
3 56 1
3 57 1
3 58 1
3 59 1
3 60 1
3 61 1
3 62 1
3 63 1
3 64 1
2 65 1
2 66 1
2 67 1
2 68 1
2 69 1
2 70 1
2 71 1
3 72 1
2 74 1
2 75 1
1 76 1
1 77 1
1 78 1
1 79 1
1 80 1
1 81 1
1 82 1
1 83 1
1 84 1
1 85 1
1 86 1
1 87 1
1 88 1
1 89 1
1 90 1
1 91 1
1 92 1
1 93 1
1 94 1
2 95 1
2 96 1
2 97 1
2 98 1
2 99 1
2 100 1
2 101 1
.PEN_UP
.PEN_DOWN
3 73 1
5 73 1
6 74 1
7 74 1
8 74 1
9 75 1
10 75 1
11 75 1
12 75 1
13 75 1
14 75 1
15 76 1
16 76 1
17 76 1
18 76 1
19 76 1
20 76 1
21 76 1
22 76 1
24 77 1
25 77 1
26 78 1
26 80 1
26 81 1
26 82 1
25 83 1
25 84 1
25 85 1
24 86 1
23 87 1
23 88 1
23 89 1
23 90 1
23 91 1
23 92 1
23 93 1
23 94 1
23 95 1
23 96 1
24 97 1
25 98 1
26 98 1
27 99 1
28 99 1
29 99 1
30 99 1
31 99 1
32 99 1
33 99 1
34 99 1
35 99 1
36 99 1
37 99 1
38 98 1
39 98 1
40 99 1
41 99 1
.PEN_UP
.PEN_DOWN
29 78 1
30 78 1
32 80 1
33 80 1
34 81 1
35 81 1
36 81 1
37 81 1
38 81 1
39 81 1
40 81 1
41 81 1
42 81 1
.PEN_UP
.PEN_DOWN
31 77 1
32 76 1
32 75 1
33 74 1
33 73 1
34 72 1
34 71 1
34 70 1
35 69 1
35 68 1
35 67 1
35 66 1
36 65 1
36 64 1
36 63 1
35 62 1
35 61 1
35 60 1
34 59 1
33 58 1
32 57 1
31 57 1
30 57 1
29 57 1
28 57 1
27 57 1
26 57 1
25 58 1
24 59 1
23 60 1
23 61 1
22 62 1
21 63 1
21 64 1
21 65 1
21 66 1
21 67 1
21 68 1
21 69 1
22 70 1
22 71 1
22 72 1
22 73 1
23 74 1
23 75 1
.PEN_UP
