.PEN_DOWN
49 1 1
49 2 1
49 3 1
49 4 1
49 5 1
49 6 1
49 7 1
49 8 1
49 9 1
49 10 1
48 11 1
48 12 1
48 13 1
48 14 1
48 15 1
48 16 1
48 17 1
48 18 1
48 19 1
48 20 1
48 21 1
48 22 1
48 23 1
49 24 1
48 28 1
48 29 1
48 30 1
49 31 1
49 32 1
49 33 1
49 34 1
49 35 1
49 36 1
49 37 1
49 38 1
49 39 1
49 40 1
49 41 1
49 42 1
49 43 1
49 44 1
49 45 1
49 46 1
49 47 1
49 48 1
49 49 1
49 50 1
49 51 1
49 52 1
49 53 1
49 54 1
49 55 1
49 56 1
49 57 1
49 58 1
49 59 1
49 60 1
49 61 1
49 62 1
49 63 1
49 64 1
49 65 1
49 66 1
50 67 1
50 68 1
50 69 1
50 70 1
50 71 1
50 72 1
50 73 1
50 74 1
50 75 1
50 76 1
50 77 1
50 78 1
50 79 1
50 80 1
50 81 1
50 82 1
50 83 1
50 84 1
49 85 1
47 85 1
46 85 1
45 85 1
44 85 1
43 85 1
42 84 1
41 84 1
40 83 1
39 83 1
38 82 1
37 82 1
36 82 1
35 81 1
34 81 1
33 80 1
32 80 1
31 79 1
30 79 1
29 78 1
28 78 1
27 77 1
26 76 1
25 75 1
24 75 1
23 74 1
22 74 1
21 73 1
20 72 1
19 71 1
18 71 1
17 70 1
16 70 1
15 69 1
14 68 1
13 68 1
12 67 1
11 66 1
10 65 1
9 64 1
8 63 1
7 62 1
6 61 1
5 60 1
4 59 1
4 58 1
3 57 1
3 56 1
2 55 1
2 54 1
2 53 1
1 52 1
1 51 1
1 50 1
1 49 1
1 48 1
1 47 1
1 46 1
1 45 1
1 44 1
1 43 1
2 42 1
2 41 1
2 40 1
3 39 1
3 38 1
4 37 1
4 36 1
5 35 1
6 34 1
7 33 1
8 33 1
9 32 1
10 31 1
11 31 1
12 30 1
13 29 1
14 29 1
15 28 1
16 28 1
17 28 1
18 27 1
19 27 1
20 27 1
21 27 1
22 27 1
23 27 1
24 27 1
25 27 1
26 27 1
27 27 1
28 27 1
29 27 1
30 27 1
31 27 1
32 27 1
33 27 1
34 27 1
35 26 1
36 26 1
37 26 1
38 26 1
39 26 1
40 26 1
41 26 1
42 26 1
43 26 1
44 26 1
45 26 1
46 26 1
47 26 1
51 25 1
52 25 1
53 26 1
54 26 1
55 26 1
56 26 1
57 26 1
58 26 1
59 26 1
60 27 1
61 27 1
62 27 1
63 27 1
64 27 1
65 27 1
66 28 1
67 28 1
68 28 1
69 28 1
70 28 1
71 28 1
72 28 1
73 28 1
74 28 1
75 28 1
76 28 1
77 28 1
78 28 1
79 28 1
80 28 1
81 28 1
82 28 1
83 28 1
84 28 1
85 29 1
86 29 1
87 29 1
88 29 1
89 29 1
90 30 1
.PEN_UP
.PEN_DOWN
50 87 1
51 88 1
52 88 1
53 88 1
54 88 1
55 88 1
56 88 1
57 88 1
58 88 1
59 88 1
60 88 1
61 89 1
62 89 1
63 89 1
64 89 1
65 90 1
66 90 1
67 90 1
68 90 1
69 90 1
70 90 1
71 90 1
72 91 1
73 91 1
74 91 1
75 91 1
76 91 1
77 91 1
78 91 1
79 91 1
80 91 1
81 92 1
82 92 1
83 92 1
84 92 1
85 92 1
86 92 1
87 92 1
88 92 1
89 92 1
90 92 1
91 92 1
92 93 1
.PEN_UP
.PEN_DOWN
50 89 1
50 90 1
50 91 1
50 92 1
50 93 1
50 94 1
50 95 1
50 96 1
50 97 1
50 98 1
50 99 1
50 100 1
50 101 1
50 102 1
50 103 1
51 104 1
51 105 1
51 106 1
51 107 1
51 108 1
50 109 1
50 110 1
50 111 1
50 112 1
50 113 1
50 114 1
50 115 1
50 116 1
50 117 1
50 118 1
51 119 1
52 120 1
52 122 1
52 123 1
52 124 1
52 125 1
52 126 1
52 127 1
52 128 1
53 129 1
53 130 1
55 131 1
56 131 1
57 131 1
58 131 1
59 132 1
60 132 1
63 132 1
64 132 1
65 131 1
66 131 1
67 131 1
68 130 1
69 129 1
70 128 1
71 127 1
72 127 1
73 126 1
74 126 1
75 125 1
76 126 1
77 127 1
78 128 1
79 129 1
80 130 1
81 131 1
82 132 1
83 132 1
84 133 1
85 134 1
86 135 1
87 136 1
88 137 1
89 138 1
90 139 1
90 140 1
90 141 1
90 142 1
91 143 1
91 144 1
91 145 1
91 146 1
91 147 1
91 148 1
91 149 1
90 150 1
.PEN_UP
.PEN_DOWN
75 124 1
76 123 1
76 122 1
76 121 1
76 120 1
77 119 1
78 118 1
78 117 1
.PEN_UP
.PEN_DOWN
61 131 1
61 130 1
61 129 1
61 128 1
61 127 1
61 126 1
61 125 1
62 124 1
62 123 1
61 122 1
60 121 1
59 120 1
57 120 1
56 120 1
55 120 1
54 120 1
53 120 1
.PEN_UP
.PEN_DOWN
59 119 1
59 118 1
60 117 1
60 116 1
60 115 1
.PEN_UP
.PEN_DOWN
53 131 1
52 132 1
51 133 1
51 134 1
51 135 1
51 136 1
51 137 1
51 138 1
51 139 1
51 140 1
51 141 1
51 142 1
52 143 1
52 144 1
52 145 1
52 146 1
52 147 1
52 148 1
52 149 1
52 150 1
52 151 1
53 152 1
53 153 1
54 154 1
56 154 1
57 154 1
58 155 1
59 155 1
60 155 1
61 155 1
62 155 1
63 155 1
64 155 1
65 156 1
66 156 1
67 156 1
68 156 1
69 156 1
70 156 1
71 156 1
72 157 1
73 157 1
74 157 1
75 157 1
76 157 1
77 157 1
78 157 1
79 158 1
80 158 1
81 158 1
82 158 1
83 158 1
84 158 1
85 158 1
86 159 1
87 159 1
88 159 1
89 160 1
.PEN_UP
.PEN_DOWN
55 154 1
53 156 1
53 157 1
53 158 1
53 159 1
53 160 1
53 161 1
54 162 1
54 163 1
54 164 1
54 165 1
54 166 1
54 167 1
54 168 1
54 169 1
54 170 1
54 171 1
54 172 1
54 173 1
55 174 1
55 175 1
55 176 1
55 177 1
55 178 1
55 179 1
55 180 1
55 183 1
55 184 1
55 185 1
55 186 1
55 187 1
55 188 1
55 189 1
55 190 1
56 191 1
56 192 1
56 193 1
56 194 1
56 195 1
56 196 1
56 197 1
56 198 1
56 199 1
56 200 1
56 201 1
56 202 1
56 203 1
56 204 1
56 205 1
56 206 1
56 207 1
56 208 1
56 209 1
56 210 1
56 211 1
56 212 1
56 213 1
56 214 1
56 215 1
56 216 1
56 217 1
56 218 1
56 219 1
56 220 1
56 221 1
56 222 1
56 223 1
56 224 1
56 225 1
56 226 1
56 227 1
56 228 1
56 229 1
56 230 1
56 231 1
56 232 1
56 233 1
56 234 1
57 235 1
59 236 1
60 236 1
61 237 1
62 237 1
63 237 1
64 237 1
65 237 1
66 237 1
67 237 1
68 237 1
69 237 1
70 237 1
71 237 1
72 237 1
73 237 1
74 237 1
77 237 1
78 237 1
79 237 1
80 237 1
81 238 1
82 238 1
83 238 1
84 238 1
85 238 1
86 238 1
87 238 1
88 238 1
89 239 1
90 239 1
91 239 1
92 239 1
93 239 1
94 239 1
.PEN_UP
.PEN_DOWN
75 236 1
75 235 1
75 234 1
75 233 1
75 232 1
75 231 1
75 230 1
75 229 1
75 228 1
75 227 1
75 226 1
75 225 1
75 224 1
75 223 1
75 222 1
75 221 1
75 220 1
76 219 1
76 218 1
76 217 1
76 216 1
77 213 1
77 212 1
77 211 1
77 210 1
77 209 1
77 208 1
78 207 1
79 206 1
80 206 1
81 205 1
82 205 1
83 205 1
84 205 1
85 205 1
86 205 1
87 205 1
88 206 1
89 207 1
90 208 1
91 209 1
91 210 1
91 211 1
91 212 1
91 213 1
91 214 1
90 215 1
89 216 1
88 217 1
87 217 1
86 217 1
85 217 1
84 217 1
83 217 1
82 216 1
81 216 1
80 216 1
79 215 1
78 215 1
77 215 1
.PEN_UP
.PEN_DOWN
57 236 1
56 238 1
56 239 1
56 240 1
56 241 1
56 242 1
56 243 1
56 244 1
56 245 1
56 246 1
57 247 1
57 248 1
57 249 1
57 250 1
57 251 1
57 252 1
57 253 1
57 254 1
57 255 1
57 256 1
57 257 1
57 258 1
57 259 1
58 260 1
58 261 1
58 262 1
60 263 1
61 263 1
62 263 1
63 263 1
64 263 1
65 263 1
66 263 1
67 263 1
68 264 1
69 264 1
70 264 1
71 264 1
72 264 1
73 264 1
74 264 1
75 264 1
76 264 1
77 264 1
78 265 1
79 265 1
80 265 1
81 265 1
82 265 1
83 265 1
84 265 1
85 266 1
86 266 1
87 266 1
88 266 1
89 266 1
90 266 1
91 266 1
92 266 1
93 266 1
94 266 1
.PEN_UP
.PEN_DOWN
58 263 1
57 265 1
57 266 1
57 267 1
57 268 1
57 269 1
57 270 1
57 271 1
57 272 1
57 273 1
57 274 1
57 275 1
57 276 1
57 277 1
58 278 1
58 279 1
58 280 1
58 281 1
58 282 1
59 283 1
60 283 1
.PEN_UP
.PEN_DOWN
55 181 1
57 181 1
58 181 1
59 181 1
60 181 1
61 181 1
62 182 1
63 182 1
64 182 1
65 182 1
66 182 1
67 182 1
68 183 1
69 183 1
70 183 1
71 183 1
72 183 1
73 183 1
74 183 1
75 183 1
76 184 1
77 184 1
78 184 1
79 184 1
80 184 1
81 184 1
82 185 1
83 185 1
84 185 1
85 185 1
86 185 1
87 185 1
88 186 1
89 186 1
90 186 1
91 187 1
92 188 1
.PEN_UP
.PEN_DOWN
72 84 1
72 83 1
72 82 1
72 81 1
72 80 1
72 79 1
72 78 1
72 77 1
72 76 1
72 75 1
72 74 1
72 73 1
72 72 1
72 71 1
72 70 1
72 69 1
73 68 1
74 67 1
74 64 1
74 63 1
74 62 1
74 61 1
74 60 1
74 59 1
74 58 1
74 57 1
75 56 1
76 55 1
77 55 1
78 55 1
79 55 1
80 55 1
81 55 1
82 55 1
83 56 1
84 56 1
85 57 1
86 57 1
87 58 1
88 59 1
88 60 1
88 61 1
89 62 1
88 63 1
88 64 1
88 65 1
88 66 1
87 67 1
86 68 1
85 68 1
84 68 1
83 68 1
82 68 1
81 68 1
80 68 1
79 68 1
78 67 1
77 67 1
76 67 1
75 66 1
.PEN_UP
