.PEN_DOWN
32 6 1
32 7 1
32 8 1
31 9 1
31 10 1
31 11 1
31 12 1
31 13 1
31 14 1
31 15 1
31 16 1
31 17 1
31 18 1
31 19 1
31 20 1
31 21 1
31 22 1
30 25 1
30 26 1
30 27 1
30 28 1
30 29 1
30 30 1
30 31 1
30 32 1
30 33 1
30 34 1
30 35 1
30 36 1
30 37 1
30 38 1
30 39 1
30 40 1
30 41 1
30 42 1
30 43 1
30 44 1
30 45 1
30 46 1
30 47 1
30 48 1
32 49 1
33 49 1
34 49 1
35 50 1
36 50 1
37 51 1
38 51 1
39 51 1
40 52 1
41 52 1
42 52 1
43 53 1
44 53 1
45 53 1
46 53 1
47 54 1
48 54 1
49 54 1
50 54 1
51 55 1
52 55 1
55 56 1
56 56 1
57 56 1
58 57 1
59 57 1
60 58 1
61 58 1
62 58 1
63 58 1
64 58 1
65 59 1
66 59 1
67 60 1
.PEN_UP
.PEN_DOWN
53 54 1
54 53 1
54 52 1
54 51 1
55 50 1
56 49 1
56 48 1
56 47 1
56 46 1
56 45 1
57 44 1
57 43 1
57 42 1
57 41 1
57 40 1
58 39 1
58 38 1
58 37 1
58 36 1
58 35 1
58 34 1
59 33 1
59 30 1
59 29 1
59 28 1
59 27 1
59 26 1
59 25 1
59 24 1
59 23 1
60 22 1
60 21 1
60 20 1
61 19 1
61 18 1
61 17 1
62 16 1
63 17 1
64 17 1
65 18 1
66 19 1
66 20 1
67 21 1
67 22 1
68 23 1
68 24 1
69 25 1
69 26 1
69 27 1
70 28 1
70 29 1
70 30 1
70 31 1
70 32 1
69 33 1
68 33 1
67 33 1
66 33 1
65 33 1
64 33 1
63 33 1
62 33 1
61 33 1
60 33 1
.PEN_UP
.PEN_DOWN
58 32 1
56 31 1
55 31 1
54 31 1
53 31 1
52 30 1
51 30 1
50 30 1
49 29 1
48 29 1
47 28 1
46 28 1
45 27 1
44 27 1
43 27 1
42 26 1
41 26 1
40 25 1
39 24 1
38 24 1
37 23 1
36 23 1
35 23 1
34 23 1
33 23 1
32 23 1
.PEN_UP
.PEN_DOWN
30 49 1
30 51 1
30 52 1
30 53 1
30 54 1
30 55 1
30 56 1
30 57 1
30 58 1
30 59 1
30 60 1
30 61 1
30 62 1
30 63 1
30 64 1
30 65 1
30 66 1
30 67 1
30 68 1
30 69 1
30 70 1
30 71 1
30 72 1
30 73 1
30 74 1
30 75 1
30 76 1
30 77 1
30 78 1
30 79 1
30 80 1
30 81 1
30 82 1
30 83 1
30 84 1
30 85 1
30 86 1
30 87 1
30 88 1
31 89 1
31 90 1
31 91 1
31 92 1
31 93 1
31 94 1
33 95 1
34 95 1
35 95 1
36 95 1
37 95 1
38 96 1
39 97 1
40 97 1
41 98 1
42 99 1
43 99 1
44 99 1
45 99 1
46 100 1
48 101 1
49 102 1
50 103 1
.PEN_UP
.PEN_DOWN
47 99 1
47 98 1
47 97 1
47 96 1
47 95 1
46 94 1
46 93 1
46 92 1
46 91 1
46 90 1
46 89 1
46 88 1
46 87 1
46 86 1
46 85 1
47 84 1
47 83 1
48 82 1
49 82 1
50 81 1
51 82 1
52 82 1
53 83 1
53 84 1
54 85 1
54 86 1
55 87 1
55 88 1
55 89 1
55 90 1
55 91 1
55 92 1
55 93 1
56 94 1
56 95 1
56 96 1
56 97 1
56 98 1
57 99 1
57 100 1
57 101 1
57 102 1
58 103 1
58 104 1
58 105 1
59 106 1
59 107 1
59 108 1
59 109 1
60 110 1
61 111 1
62 112 1
63 112 1
64 112 1
65 112 1
66 112 1
67 111 1
68 110 1
69 109 1
70 108 1
71 107 1
72 106 1
72 105 1
72 104 1
73 103 1
73 102 1
73 101 1
73 100 1
73 99 1
73 98 1
74 97 1
74 96 1
74 95 1
74 94 1
74 93 1
73 92 1
73 91 1
73 90 1
73 89 1
73 88 1
73 87 1
73 86 1
72 85 1
72 84 1
71 83 1
71 82 1
.PEN_UP
.PEN_DOWN
31 95 1
30 96 1
30 97 1
30 98 1
30 99 1
31 100 1
31 101 1
31 102 1
31 103 1
31 104 1
30 105 1
30 106 1
30 107 1
30 108 1
30 109 1
30 110 1
30 111 1
30 112 1
30 113 1
30 114 1
31 115 1
31 116 1
31 117 1
31 118 1
31 119 1
31 120 1
31 121 1
31 122 1
31 123 1
31 124 1
31 125 1
31 126 1
31 127 1
31 128 1
31 129 1
31 130 1
31 131 1
31 132 1
31 133 1
31 134 1
31 135 1
31 136 1
31 137 1
31 138 1
31 139 1
31 140 1
31 141 1
31 142 1
31 143 1
31 144 1
31 145 1
31 146 1
31 147 1
31 148 1
31 149 1
31 150 1
31 151 1
31 152 1
31 153 1
31 154 1
31 155 1
31 156 1
31 157 1
31 158 1
31 159 1
31 160 1
31 161 1
31 162 1
31 163 1
31 164 1
31 165 1
31 166 1
31 167 1
31 168 1
31 169 1
31 170 1
31 171 1
31 172 1
31 173 1
31 174 1
32 175 1
32 176 1
32 177 1
32 178 1
32 179 1
32 180 1
32 181 1
32 182 1
32 183 1
31 184 1
31 185 1
31 186 1
31 187 1
31 188 1
31 189 1
31 190 1
32 191 1
32 192 1
.PEN_UP
.PEN_DOWN
1 36 1
2 36 1
3 37 1
4 37 1
5 37 1
.PEN_UP
.PEN_DOWN
80 134 1
81 133 1
81 132 1
80 131 1
79 130 1
78 130 1
77 129 1
76 129 1
75 129 1
74 129 1
73 129 1
72 129 1
71 130 1
70 130 1
69 131 1
68 131 1
67 132 1
66 133 1
65 134 1
64 135 1
64 136 1
64 137 1
64 138 1
63 139 1
63 140 1
64 141 1
64 142 1
64 143 1
65 144 1
65 145 1
65 146 1
67 147 1
68 147 1
69 148 1
70 149 1
71 150 1
72 151 1
.PEN_UP
.PEN_DOWN
65 147 1
64 148 1
63 149 1
62 149 1
61 150 1
60 151 1
59 152 1
59 153 1
59 154 1
58 155 1
58 156 1
59 157 1
59 158 1
59 159 1
60 160 1
60 161 1
61 162 1
61 163 1
61 164 1
62 165 1
64 166 1
65 166 1
66 167 1
67 167 1
68 167 1
69 167 1
70 167 1
71 168 1
72 168 1
.PEN_UP
.PEN_DOWN
61 166 1
60 166 1
59 166 1
58 166 1
57 166 1
56 166 1
55 165 1
54 165 1
53 165 1
52 165 1
51 165 1
50 164 1
49 164 1
48 164 1
47 164 1
46 164 1
45 164 1
44 164 1
43 163 1
42 163 1
.PEN_UP
