.PEN_DOWN
20 21 1
20 20 1
20 19 1
20 18 1
19 17 1
19 16 1
19 15 1
19 14 1
19 13 1
19 12 1
19 11 1
18 10 1
18 9 1
17 8 1
17 7 1
16 6 1
15 5 1
15 4 1
14 3 1
13 2 1
12 1 1
11 1 1
10 1 1
9 1 1
8 1 1
7 2 1
6 2 1
5 3 1
4 4 1
3 5 1
3 6 1
3 7 1
2 8 1
2 9 1
2 10 1
3 11 1
3 12 1
3 13 1
3 14 1
4 15 1
5 16 1
6 17 1
7 18 1
8 19 1
9 20 1
10 20 1
11 21 1
12 21 1
13 22 1
14 23 1
15 23 1
16 24 1
17 25 1
18 25 1
19 26 1
20 26 1
21 27 1
22 27 1
23 28 1
24 28 1
25 28 1
26 29 1
27 29 1
28 29 1
29 30 1
30 30 1
31 30 1
32 30 1
33 31 1
34 31 1
35 32 1
36 32 1
37 32 1
38 32 1
39 32 1
40 32 1
41 32 1
45 34 1
46 35 1
47 35 1
48 35 1
49 36 1
50 36 1
51 36 1
52 36 1
53 36 1
54 36 1
55 37 1
56 37 1
57 35 1
57 34 1
57 33 1
57 32 1
57 31 1
58 30 1
58 29 1
59 28 1
59 27 1
59 26 1
60 25 1
61 24 1
62 23 1
63 22 1
64 21 1
65 20 1
66 20 1
67 20 1
68 20 1
69 20 1
70 20 1
71 21 1
72 21 1
73 22 1
74 23 1
75 23 1
76 24 1
77 24 1
78 25 1
79 26 1
80 27 1
81 28 1
82 29 1
83 30 1
83 31 1
84 32 1
84 33 1
85 34 1
85 35 1
85 36 1
85 37 1
85 38 1
85 39 1
85 40 1
85 41 1
85 42 1
85 43 1
85 44 1
83 45 1
82 46 1
81 47 1
80 48 1
79 48 1
78 49 1
77 49 1
.PEN_UP
.PEN_DOWN
84 45 1
87 45 1
88 45 1
89 45 1
90 46 1
91 46 1
92 47 1
93 47 1
94 47 1
95 48 1
96 49 1
97 50 1
98 50 1
99 51 1
.PEN_UP
.PEN_DOWN
42 31 1
42 30 1
41 29 1
41 28 1
41 27 1
41 26 1
41 25 1
41 24 1
41 23 1
41 22 1
41 21 1
41 20 1
41 19 1
41 18 1
41 17 1
41 16 1
41 15 1
41 14 1
41 13 1
42 12 1
42 11 1
42 10 1
42 9 1
.PEN_UP
.PEN_DOWN
42 32 1
42 35 1
41 36 1
41 37 1
41 38 1
41 39 1
41 40 1
41 41 1
41 42 1
41 43 1
41 44 1
41 45 1
41 46 1
41 47 1
41 48 1
41 49 1
41 50 1
41 51 1
41 52 1
41 53 1
41 54 1
41 55 1
41 56 1
42 57 1
42 58 1
42 59 1
42 60 1
42 61 1
42 62 1
42 63 1
42 64 1
42 65 1
42 66 1
42 67 1
42 68 1
42 69 1
42 70 1
42 71 1
42 72 1
40 73 1
39 73 1
38 73 1
37 73 1
36 73 1
35 73 1
34 73 1
33 73 1
32 73 1
31 73 1
30 73 1
29 73 1
28 73 1
27 73 1
26 73 1
25 73 1
24 73 1
23 73 1
22 73 1
21 73 1
20 73 1
19 73 1
18 73 1
17 73 1
16 73 1
15 73 1
14 73 1
13 73 1
12 74 1
11 74 1
10 74 1
9 74 1
8 75 1
7 75 1
6 76 1
5 77 1
4 78 1
3 79 1
3 80 1
2 81 1
2 82 1
1 83 1
1 84 1
1 85 1
1 86 1
1 87 1
1 88 1
1 89 1
1 90 1
2 91 1
2 92 1
2 93 1
3 94 1
3 95 1
4 96 1
4 97 1
4 98 1
5 99 1
6 100 1
7 101 1
8 102 1
9 103 1
10 104 1
11 105 1
12 106 1
13 107 1
14 108 1
15 109 1
16 109 1
17 110 1
18 110 1
19 111 1
20 111 1
21 111 1
22 112 1
23 112 1
24 112 1
25 113 1
26 113 1
27 114 1
28 114 1
29 114 1
30 114 1
31 114 1
32 115 1
33 115 1
34 115 1
35 115 1
36 115 1
37 115 1
38 115 1
39 116 1
40 116 1
41 116 1
42 115 1
42 114 1
42 113 1
42 112 1
42 111 1
42 110 1
42 109 1
42 108 1
42 107 1
42 106 1
42 105 1
42 104 1
42 103 1
42 102 1
42 101 1
42 100 1
42 99 1
42 98 1
42 97 1
42 96 1
42 95 1
42 94 1
42 93 1
42 92 1
42 91 1
42 90 1
42 89 1
42 88 1
42 87 1
42 86 1
42 85 1
42 84 1
42 83 1
42 82 1
42 81 1
42 80 1
42 79 1
42 78 1
42 77 1
42 76 1
42 75 1
42 74 1
44 73 1
45 73 1
46 73 1
47 74 1
48 74 1
49 74 1
50 74 1
51 74 1
52 74 1
53 74 1
54 74 1
55 74 1
56 75 1
57 75 1
58 75 1
59 75 1
60 75 1
61 76 1
62 76 1
63 76 1
64 76 1
65 77 1
66 77 1
67 77 1
68 78 1
69 78 1
70 78 1
71 78 1
72 78 1
73 78 1
74 79 1
75 79 1
76 79 1
77 79 1
78 80 1
79 80 1
80 80 1
81 81 1
82 81 1
83 81 1
84 81 1
.PEN_UP
.PEN_DOWN
42 117 1
43 118 1
45 117 1
46 117 1
47 117 1
48 117 1
49 117 1
50 117 1
51 117 1
52 118 1
53 118 1
54 118 1
55 118 1
56 118 1
57 118 1
58 118 1
59 118 1
60 118 1
61 119 1
62 119 1
63 118 1
65 118 1
66 118 1
67 118 1
68 118 1
69 118 1
70 118 1
71 118 1
72 118 1
74 119 1
75 120 1
76 120 1
77 120 1
78 120 1
79 120 1
80 120 1
81 120 1
82 120 1
83 120 1
84 120 1
85 120 1
86 121 1
87 121 1
.PEN_UP
.PEN_DOWN
73 117 1
73 116 1
74 115 1
74 114 1
74 113 1
74 112 1
74 111 1
74 110 1
75 109 1
74 108 1
74 107 1
74 106 1
74 105 1
73 104 1
73 103 1
73 102 1
72 101 1
71 100 1
70 99 1
69 98 1
68 98 1
67 98 1
66 98 1
65 98 1
64 99 1
63 99 1
62 100 1
61 101 1
60 102 1
60 103 1
60 104 1
60 105 1
59 106 1
59 107 1
59 108 1
59 109 1
60 110 1
60 111 1
61 112 1
62 113 1
62 114 1
63 115 1
63 116 1
63 117 1
.PEN_UP
.PEN_DOWN
44 118 1
43 120 1
43 121 1
42 122 1
42 123 1
42 124 1
42 125 1
42 126 1
42 127 1
42 128 1
42 129 1
42 130 1
42 131 1
42 132 1
42 133 1
42 134 1
42 135 1
42 136 1
42 137 1
43 138 1
43 139 1
43 140 1
43 141 1
43 142 1
43 143 1
43 144 1
43 145 1
43 146 1
43 147 1
42 150 1
42 151 1
42 152 1
41 153 1
41 154 1
41 155 1
41 156 1
41 157 1
41 158 1
41 159 1
41 160 1
41 161 1
41 162 1
41 163 1
41 164 1
41 165 1
41 166 1
41 167 1
41 168 1
41 169 1
40 172 1
40 173 1
40 174 1
40 175 1
40 176 1
40 177 1
40 178 1
40 179 1
40 180 1
40 181 1
40 182 1
40 183 1
40 184 1
40 185 1
40 186 1
40 187 1
40 188 1
40 189 1
40 190 1
40 191 1
39 192 1
38 192 1
37 191 1
36 191 1
35 191 1
34 190 1
33 190 1
32 190 1
31 189 1
30 188 1
29 188 1
28 187 1
27 186 1
26 186 1
25 185 1
24 184 1
23 184 1
22 183 1
21 182 1
20 182 1
19 181 1
19 180 1
18 179 1
16 178 1
15 177 1
14 177 1
13 177 1
12 176 1
11 175 1
10 175 1
9 174 1
8 173 1
7 172 1
6 171 1
5 170 1
5 169 1
4 168 1
4 167 1
3 166 1
3 165 1
3 164 1
3 163 1
4 162 1
4 161 1
5 160 1
6 159 1
7 158 1
8 158 1
9 157 1
10 157 1
11 158 1
12 158 1
13 159 1
14 160 1
15 161 1
16 162 1
16 163 1
17 164 1
17 165 1
17 166 1
17 167 1
17 168 1
18 169 1
18 170 1
18 171 1
18 172 1
18 173 1
18 174 1
18 175 1
18 176 1
18 177 1
.PEN_UP
.PEN_DOWN
40 193 1
41 194 1
43 194 1
44 194 1
45 195 1
46 195 1
47 195 1
48 196 1
49 196 1
50 196 1
51 196 1
52 196 1
53 196 1
54 197 1
55 197 1
56 197 1
57 197 1
58 197 1
59 197 1
60 197 1
61 197 1
62 197 1
63 197 1
64 198 1
65 198 1
66 198 1
67 199 1
68 199 1
69 199 1
70 199 1
71 200 1
72 200 1
73 200 1
74 200 1
75 200 1
76 200 1
77 200 1
78 201 1
79 201 1
80 201 1
.PEN_UP
.PEN_DOWN
42 194 1
41 196 1
41 197 1
41 198 1
41 199 1
41 200 1
41 201 1
41 202 1
41 203 1
41 204 1
42 205 1
42 206 1
42 207 1
42 208 1
42 209 1
42 210 1
42 211 1
42 212 1
43 213 1
.PEN_UP
.PEN_DOWN
41 170 1
43 171 1
44 171 1
45 171 1
46 171 1
47 171 1
48 171 1
49 171 1
50 171 1
51 172 1
52 172 1
53 172 1
54 172 1
55 173 1
56 173 1
57 173 1
58 173 1
59 173 1
60 173 1
61 173 1
62 173 1
64 174 1
65 174 1
66 174 1
67 175 1
68 175 1
69 175 1
70 175 1
71 176 1
72 176 1
73 176 1
74 176 1
75 176 1
76 176 1
77 177 1
.PEN_UP
.PEN_DOWN
63 172 1
64 171 1
64 170 1
64 169 1
64 168 1
64 167 1
65 166 1
65 165 1
65 164 1
65 163 1
65 162 1
64 161 1
64 160 1
64 159 1
64 158 1
63 157 1
63 156 1
63 155 1
62 154 1
62 153 1
62 152 1
61 151 1
61 150 1
60 149 1
59 150 1
58 150 1
57 150 1
56 150 1
55 150 1
54 151 1
53 151 1
52 151 1
51 151 1
50 151 1
49 151 1
48 150 1
47 150 1
46 149 1
45 149 1
44 148 1
.PEN_UP
.PEN_DOWN
61 148 1
61 147 1
61 146 1
61 145 1
61 144 1
62 143 1
62 142 1
63 141 1
.PEN_UP
