.PEN_DOWN
4 1 1
3 2 1
3 5 1
3 6 1
3 7 1
3 8 1
3 9 1
3 10 1
3 11 1
3 12 1
4 13 1
5 13 1
6 13 1
7 13 1
8 13 1
9 13 1
10 14 1
11 14 1
12 14 1
13 14 1
14 15 1
15 15 1
16 15 1
17 16 1
18 16 1
19 16 1
20 17 1
21 17 1
22 18 1
23 19 1
24 20 1
25 21 1
26 22 1
27 23 1
27 24 1
28 25 1
28 26 1
29 27 1
29 28 1
29 29 1
29 30 1
29 31 1
29 32 1
29 33 1
29 34 1
29 35 1
31 36 1
32 36 1
33 36 1
34 36 1
35 36 1
36 36 1
37 36 1
38 36 1
39 36 1
40 36 1
.PEN_UP
.PEN_DOWN
29 36 1
28 37 1
27 37 1
26 37 1
25 37 1
24 37 1
23 37 1
22 37 1
21 38 1
20 38 1
19 38 1
18 38 1
17 38 1
16 38 1
15 38 1
14 39 1
13 39 1
12 39 1
11 39 1
10 39 1
9 39 1
8 39 1
7 39 1
6 39 1
5 39 1
4 37 1
3 36 1
3 35 1
3 34 1
3 33 1
3 32 1
3 31 1
3 30 1
3 29 1
3 28 1
3 27 1
3 26 1
3 25 1
3 24 1
3 23 1
3 22 1
3 21 1
3 20 1
3 19 1
3 18 1
3 17 1
3 16 1
3 15 1
3 14 1
.PEN_UP
.PEN_DOWN
4 38 1
4 41 1
3 42 1
3 43 1
3 44 1
3 45 1
3 46 1
3 47 1
3 48 1
3 49 1
3 50 1
3 51 1
3 52 1
3 53 1
3 54 1
3 55 1
3 56 1
3 57 1
3 58 1
3 59 1
4 60 1
6 61 1
7 61 1
8 60 1
9 60 1
10 59 1
11 59 1
12 59 1
13 59 1
14 59 1
15 59 1
16 59 1
17 60 1
18 60 1
19 61 1
20 62 1
21 63 1
22 64 1
23 65 1
24 66 1
25 67 1
26 68 1
27 69 1
28 69 1
29 70 1
30 72 1
31 73 1
31 74 1
31 75 1
32 76 1
32 77 1
.PEN_UP
.PEN_DOWN
30 70 1
32 69 1
32 68 1
32 67 1
32 66 1
32 65 1
32 64 1
32 63 1
32 62 1
32 61 1
32 60 1
32 59 1
33 58 1
33 57 1
33 56 1
33 55 1
33 54 1
33 53 1
34 52 1
35 51 1
35 50 1
35 49 1
36 48 1
37 47 1
.PEN_UP
.PEN_DOWN
4 61 1
4 63 1
4 64 1
4 65 1
3 66 1
3 67 1
2 68 1
2 69 1
2 70 1
1 71 1
1 72 1
1 73 1
2 74 1
2 75 1
3 76 1
3 77 1
3 78 1
3 79 1
3 80 1
3 81 1
3 82 1
3 83 1
3 84 1
3 85 1
3 86 1
3 87 1
3 88 1
4 89 1
4 90 1
4 91 1
4 92 1
4 93 1
4 94 1
4 95 1
3 96 1
6 97 1
7 96 1
8 96 1
9 96 1
10 96 1
11 96 1
12 96 1
13 96 1
14 96 1
15 96 1
16 96 1
17 96 1
18 96 1
19 96 1
20 96 1
21 96 1
22 96 1
23 96 1
24 96 1
25 95 1
26 95 1
27 95 1
28 95 1
29 95 1
30 95 1
31 95 1
32 95 1
33 94 1
34 94 1
35 94 1
36 94 1
37 94 1
38 94 1
.PEN_UP
.PEN_DOWN
4 97 1
4 99 1
4 100 1
5 101 1
5 102 1
5 103 1
5 104 1
5 105 1
5 106 1
5 107 1
5 108 1
5 109 1
5 110 1
5 111 1
5 112 1
4 113 1
.PEN_UP
.PEN_DOWN
51 61 1
50 62 1
49 63 1
49 64 1
.PEN_UP
