.PEN_DOWN
1 1 1
1 2 1
1 3 1
1 4 1
2 5 1
5 5 1
6 5 1
7 5 1
8 5 1
9 4 1
.PEN_UP
.PEN_DOWN
3 5 1
3 7 1
3 8 1
3 9 1
3 10 1
3 11 1
3 12 1
3 13 1
3 14 1
3 15 1
3 16 1
3 17 1
3 18 1
3 19 1
3 20 1
5 21 1
6 22 1
7 22 1
8 22 1
9 22 1
10 22 1
11 23 1
12 23 1
13 22 1
14 22 1
15 21 1
16 20 1
17 20 1
18 19 1
19 19 1
22 20 1
22 21 1
23 22 1
24 23 1
24 24 1
26 25 1
27 25 1
28 25 1
29 25 1
30 25 1
31 26 1
32 26 1
33 26 1
34 26 1
35 26 1
36 26 1
37 26 1
38 27 1
39 27 1
40 27 1
41 28 1
42 29 1
43 30 1
43 31 1
43 32 1
44 33 1
44 34 1
44 35 1
44 36 1
44 37 1
44 38 1
.PEN_UP
.PEN_DOWN
24 25 1
24 27 1
24 28 1
24 29 1
24 30 1
24 31 1
23 32 1
23 33 1
23 34 1
23 35 1
23 36 1
23 37 1
23 38 1
23 39 1
23 40 1
23 41 1
23 42 1
23 43 1
23 44 1
23 45 1
23 46 1
23 47 1
23 48 1
23 49 1
23 50 1
.PEN_UP
.PEN_DOWN
20 18 1
21 17 1
21 16 1
21 15 1
21 14 1
21 13 1
21 12 1
22 11 1
23 10 1
.PEN_UP
.PEN_DOWN
3 21 1
2 23 1
2 24 1
2 25 1
2 26 1
2 27 1
2 28 1
3 29 1
3 30 1
3 31 1
3 32 1
3 33 1
3 34 1
3 35 1
3 36 1
3 37 1
3 38 1
3 39 1
3 40 1
3 41 1
3 42 1
3 43 1
3 44 1
3 45 1
3 46 1
3 47 1
3 48 1
3 49 1
3 50 1
3 51 1
3 52 1
3 53 1
3 54 1
4 55 1
4 56 1
4 57 1
4 58 1
4 59 1
4 60 1
4 61 1
4 62 1
4 63 1
4 64 1
4 65 1
4 66 1
4 67 1
4 68 1
4 69 1
4 70 1
4 71 1
4 72 1
5 73 1
5 74 1
7 75 1
8 75 1
9 75 1
10 75 1
11 75 1
12 75 1
13 75 1
14 75 1
15 76 1
16 76 1
17 76 1
18 76 1
19 76 1
20 77 1
21 77 1
22 77 1
23 76 1
25 77 1
26 77 1
27 78 1
28 78 1
29 78 1
30 78 1
31 78 1
32 79 1
33 79 1
34 79 1
35 79 1
36 79 1
37 79 1
38 79 1
39 79 1
40 80 1
41 80 1
42 80 1
43 80 1
44 81 1
44 82 1
.PEN_UP
.PEN_DOWN
23 75 1
23 74 1
22 73 1
22 72 1
22 71 1
21 70 1
21 69 1
20 68 1
20 67 1
19 66 1
19 65 1
19 64 1
20 63 1
20 62 1
20 61 1
21 60 1
21 59 1
22 58 1
23 57 1
24 57 1
25 56 1
26 56 1
27 56 1
28 56 1
29 56 1
30 56 1
31 57 1
32 57 1
33 57 1
34 57 1
35 57 1
36 58 1
37 58 1
38 59 1
39 59 1
40 59 1
41 60 1
42 60 1
43 61 1
.PEN_UP
.PEN_DOWN
5 75 1
4 77 1
4 78 1
4 79 1
4 80 1
4 81 1
4 82 1
4 83 1
5 84 1
5 85 1
5 86 1
5 87 1
5 88 1
5 89 1
5 90 1
5 91 1
5 92 1
5 93 1
5 94 1
5 95 1
5 96 1
6 97 1
7 96 1
8 96 1
9 95 1
.PEN_UP
.PEN_DOWN
6 98 1
6 99 1
6 100 1
6 101 1
6 102 1
6 103 1
6 104 1
6 105 1
6 106 1
6 107 1
6 108 1
6 109 1
6 110 1
6 111 1
6 112 1
6 113 1
7 114 1
8 114 1
9 114 1
10 115 1
11 115 1
12 116 1
13 116 1
14 115 1
15 115 1
16 115 1
17 115 1
18 114 1
19 113 1
20 113 1
21 112 1
22 112 1
23 111 1
25 112 1
26 113 1
27 114 1
28 114 1
29 115 1
30 116 1
31 116 1
32 116 1
33 117 1
34 117 1
35 118 1
36 118 1
37 118 1
38 118 1
39 118 1
40 119 1
41 119 1
42 119 1
43 120 1
44 121 1
45 122 1
45 123 1
46 124 1
46 125 1
47 126 1
47 127 1
46 128 1
46 129 1
46 130 1
46 131 1
46 132 1
46 133 1
46 134 1
46 135 1
45 136 1
44 137 1
43 138 1
.PEN_UP
.PEN_DOWN
24 110 1
24 109 1
24 108 1
24 107 1
24 106 1
25 105 1
25 104 1
26 103 1
.PEN_UP
