.PEN_DOWN
53 1 1
52 2 1
51 3 1
50 4 1
50 5 1
50 6 1
49 7 1
49 8 1
48 9 1
48 10 1
48 11 1
48 12 1
48 13 1
48 14 1
48 15 1
48 16 1
48 17 1
48 18 1
48 19 1
47 21 1
46 22 1
46 23 1
46 24 1
46 25 1
46 26 1
46 27 1
46 28 1
46 29 1
46 30 1
46 31 1
47 32 1
47 33 1
47 34 1
47 35 1
47 36 1
47 37 1
47 38 1
47 39 1
46 40 1
46 41 1
46 42 1
46 43 1
47 44 1
47 45 1
46 47 1
46 48 1
46 49 1
46 50 1
46 51 1
46 52 1
46 53 1
46 54 1
46 55 1
46 56 1
46 57 1
46 58 1
46 59 1
46 60 1
46 61 1
46 62 1
46 63 1
46 64 1
47 65 1
47 66 1
47 67 1
47 68 1
47 69 1
47 70 1
47 71 1
48 72 1
48 73 1
48 74 1
48 75 1
50 76 1
51 76 1
52 76 1
54 78 1
55 79 1
56 80 1
57 81 1
58 81 1
59 82 1
60 82 1
61 82 1
62 82 1
63 82 1
64 82 1
65 81 1
66 81 1
67 80 1
68 80 1
69 79 1
70 79 1
71 78 1
72 77 1
73 77 1
76 77 1
77 78 1
78 79 1
79 80 1
80 80 1
81 81 1
82 81 1
83 81 1
84 82 1
85 82 1
86 82 1
87 82 1
88 83 1
89 83 1
90 83 1
91 84 1
92 85 1
93 86 1
93 87 1
93 88 1
93 89 1
93 90 1
93 91 1
.PEN_UP
.PEN_DOWN
74 76 1
74 75 1
74 74 1
74 73 1
74 72 1
75 71 1
.PEN_UP
.PEN_DOWN
53 75 1
53 74 1
54 73 1
54 72 1
55 71 1
56 70 1
57 69 1
58 69 1
59 69 1
60 69 1
61 69 1
.PEN_UP
.PEN_DOWN
48 76 1
47 77 1
47 78 1
47 79 1
48 80 1
48 81 1
48 82 1
48 83 1
48 84 1
48 85 1
48 86 1
48 87 1
49 88 1
49 89 1
49 90 1
49 91 1
49 92 1
49 93 1
49 94 1
49 95 1
50 96 1
50 97 1
50 98 1
50 99 1
50 100 1
50 101 1
50 102 1
50 103 1
50 104 1
50 105 1
51 106 1
51 107 1
51 108 1
51 109 1
51 110 1
51 111 1
51 112 1
51 113 1
51 114 1
51 115 1
51 116 1
51 117 1
51 118 1
51 119 1
51 120 1
51 121 1
51 122 1
51 123 1
51 124 1
51 125 1
51 126 1
52 127 1
52 128 1
52 129 1
52 130 1
52 131 1
52 132 1
52 133 1
52 134 1
52 135 1
52 136 1
52 137 1
52 138 1
52 139 1
52 140 1
52 141 1
52 142 1
52 143 1
53 144 1
55 144 1
56 144 1
57 144 1
58 143 1
59 143 1
60 143 1
61 144 1
62 144 1
63 144 1
64 144 1
65 144 1
66 144 1
67 144 1
68 145 1
69 145 1
70 145 1
71 145 1
72 145 1
74 146 1
75 146 1
76 146 1
77 146 1
78 146 1
79 146 1
80 146 1
81 146 1
82 147 1
83 147 1
84 147 1
85 147 1
86 147 1
87 148 1
88 148 1
89 148 1
90 148 1
91 149 1
92 149 1
93 149 1
.PEN_UP
.PEN_DOWN
73 144 1
73 143 1
73 142 1
73 141 1
73 140 1
74 139 1
74 138 1
75 137 1
75 136 1
75 135 1
75 134 1
75 133 1
75 132 1
75 131 1
75 130 1
75 129 1
75 128 1
75 127 1
75 126 1
76 125 1
76 124 1
76 123 1
76 122 1
78 120 1
79 120 1
80 120 1
81 120 1
82 120 1
83 120 1
84 120 1
85 119 1
86 119 1
87 118 1
87 117 1
88 116 1
88 115 1
87 114 1
87 113 1
86 112 1
86 111 1
85 110 1
84 109 1
83 108 1
82 107 1
81 106 1
80 105 1
79 105 1
78 105 1
77 105 1
76 104 1
75 104 1
74 104 1
73 104 1
72 104 1
.PEN_UP
.PEN_DOWN
54 144 1
53 146 1
53 147 1
53 148 1
53 149 1
53 150 1
53 151 1
53 152 1
53 153 1
53 154 1
53 155 1
53 156 1
53 157 1
53 158 1
54 159 1
54 160 1
54 161 1
54 162 1
54 163 1
54 164 1
54 165 1
54 166 1
54 167 1
54 168 1
54 169 1
54 170 1
54 171 1
55 172 1
55 173 1
56 174 1
56 175 1
58 176 1
59 176 1
60 176 1
61 177 1
62 177 1
63 177 1
64 177 1
65 178 1
66 178 1
67 178 1
68 178 1
69 178 1
70 179 1
71 179 1
72 179 1
73 179 1
74 180 1
75 180 1
76 180 1
77 178 1
77 177 1
77 176 1
77 175 1
77 174 1
77 173 1
77 172 1
77 171 1
77 170 1
77 169 1
78 168 1
78 167 1
79 166 1
80 165 1
81 165 1
82 165 1
83 165 1
84 165 1
85 166 1
86 166 1
87 167 1
88 168 1
89 169 1
90 170 1
91 171 1
92 172 1
93 173 1
93 174 1
94 175 1
95 176 1
95 177 1
96 178 1
96 179 1
95 180 1
95 181 1
94 182 1
93 182 1
92 182 1
91 182 1
90 182 1
89 182 1
88 182 1
87 182 1
86 182 1
85 182 1
84 182 1
83 182 1
82 182 1
81 182 1
80 183 1
79 185 1
79 186 1
79 187 1
79 188 1
79 189 1
79 190 1
79 191 1
79 192 1
79 193 1
79 194 1
79 195 1
78 196 1
78 197 1
78 198 1
77 199 1
77 200 1
76 201 1
76 202 1
74 203 1
73 203 1
72 203 1
71 203 1
70 203 1
69 203 1
68 203 1
67 203 1
66 203 1
65 203 1
64 202 1
63 202 1
62 202 1
61 202 1
60 202 1
59 202 1
58 202 1
57 202 1
56 200 1
56 199 1
56 198 1
56 197 1
56 196 1
56 195 1
55 194 1
55 193 1
55 192 1
53 191 1
52 191 1
51 191 1
50 190 1
49 190 1
48 190 1
47 189 1
46 189 1
45 189 1
44 188 1
43 188 1
42 188 1
41 188 1
40 188 1
39 188 1
38 187 1
37 187 1
36 187 1
35 187 1
34 187 1
33 187 1
32 187 1
31 186 1
30 186 1
29 186 1
28 186 1
27 185 1
26 185 1
25 185 1
24 185 1
23 184 1
22 184 1
21 184 1
20 184 1
19 184 1
18 184 1
17 183 1
16 183 1
15 183 1
14 183 1
13 183 1
12 183 1
11 183 1
10 183 1
9 183 1
8 183 1
7 183 1
6 183 1
5 183 1
4 183 1
3 184 1
2 185 1
1 186 1
1 187 1
1 188 1
1 189 1
1 190 1
2 191 1
2 192 1
3 193 1
4 194 1
5 195 1
6 195 1
7 196 1
8 197 1
9 198 1
10 199 1
11 199 1
12 200 1
13 201 1
14 201 1
15 202 1
16 203 1
17 203 1
18 204 1
19 204 1
20 205 1
21 205 1
22 206 1
23 207 1
24 207 1
25 208 1
26 208 1
27 209 1
28 210 1
29 210 1
30 211 1
31 211 1
32 212 1
33 213 1
34 213 1
35 214 1
36 214 1
37 215 1
38 215 1
39 216 1
40 216 1
41 216 1
42 217 1
43 217 1
44 217 1
45 217 1
46 218 1
47 218 1
48 219 1
49 219 1
50 219 1
51 220 1
52 220 1
53 221 1
54 221 1
55 221 1
56 220 1
56 219 1
56 218 1
56 217 1
56 216 1
56 215 1
56 214 1
56 213 1
56 212 1
56 211 1
56 210 1
56 209 1
56 208 1
56 207 1
56 206 1
56 205 1
56 204 1
56 203 1
.PEN_UP
.PEN_DOWN
56 222 1
57 223 1
59 223 1
60 223 1
61 223 1
62 223 1
63 223 1
64 223 1
65 223 1
66 223 1
67 223 1
68 224 1
69 224 1
70 224 1
71 224 1
72 225 1
73 225 1
74 225 1
75 225 1
76 225 1
77 226 1
78 226 1
79 226 1
80 226 1
81 226 1
82 226 1
83 226 1
84 226 1
85 226 1
86 226 1
87 227 1
88 227 1
89 227 1
90 227 1
91 227 1
92 227 1
93 227 1
.PEN_UP
.PEN_DOWN
58 223 1
57 225 1
57 226 1
57 227 1
57 228 1
57 229 1
57 230 1
57 231 1
57 232 1
57 233 1
57 234 1
57 235 1
58 236 1
58 237 1
.PEN_UP
.PEN_DOWN
54 191 1
56 190 1
56 189 1
56 188 1
56 187 1
56 186 1
56 185 1
56 184 1
56 183 1
56 182 1
56 181 1
56 180 1
56 179 1
55 178 1
55 177 1
56 176 1
.PEN_UP
.PEN_DOWN
75 203 1
77 204 1
78 204 1
79 204 1
80 204 1
81 204 1
82 204 1
83 204 1
84 204 1
85 204 1
86 205 1
87 205 1
88 205 1
89 205 1
90 206 1
91 206 1
92 207 1
93 207 1
94 208 1
94 209 1
95 210 1
95 211 1
.PEN_UP
.PEN_DOWN
47 46 1
49 46 1
50 46 1
51 46 1
52 46 1
53 46 1
54 46 1
55 46 1
56 46 1
57 47 1
58 47 1
59 47 1
60 47 1
61 47 1
62 48 1
63 48 1
64 48 1
65 49 1
66 49 1
67 49 1
68 49 1
69 48 1
71 48 1
72 48 1
73 48 1
74 48 1
75 48 1
76 49 1
77 49 1
78 49 1
79 50 1
80 50 1
81 50 1
82 50 1
83 50 1
84 50 1
85 51 1
86 51 1
87 51 1
88 52 1
89 53 1
.PEN_UP
.PEN_DOWN
69 47 1
69 46 1
69 45 1
69 44 1
69 43 1
69 42 1
69 41 1
69 40 1
69 39 1
69 38 1
69 37 1
69 36 1
69 35 1
69 34 1
69 33 1
69 32 1
70 31 1
70 30 1
70 29 1
71 28 1
73 28 1
74 28 1
75 28 1
76 28 1
77 28 1
78 29 1
79 29 1
80 29 1
81 30 1
82 30 1
83 31 1
84 31 1
85 31 1
86 32 1
87 32 1
88 33 1
89 34 1
90 35 1
91 36 1
91 37 1
.PEN_UP
.PEN_DOWN
71 27 1
71 25 1
71 24 1
70 23 1
68 23 1
67 23 1
66 23 1
65 23 1
64 23 1
63 24 1
62 24 1
61 24 1
60 24 1
59 24 1
58 24 1
57 24 1
56 24 1
55 24 1
54 23 1
53 22 1
52 22 1
51 21 1
50 21 1
49 20 1
.PEN_UP
.PEN_DOWN
69 23 1
70 21 1
71 20 1
71 19 1
71 18 1
71 17 1
72 16 1
72 15 1
.PEN_UP
