.PEN_DOWN
64 1 1
63 2 1
62 3 1
62 4 1
62 5 1
62 6 1
62 7 1
62 8 1
62 9 1
62 10 1
62 11 1
62 12 1
61 13 1
61 14 1
61 15 1
61 16 1
61 17 1
61 18 1
61 19 1
61 20 1
61 21 1
61 22 1
61 23 1
61 24 1
61 25 1
61 26 1
61 27 1
61 28 1
61 29 1
61 30 1
61 31 1
61 32 1
61 33 1
61 36 1
61 37 1
61 38 1
60 39 1
61 40 1
61 41 1
61 42 1
61 43 1
61 44 1
60 45 1
60 46 1
60 47 1
60 48 1
60 49 1
60 50 1
60 51 1
60 52 1
60 53 1
60 54 1
60 55 1
60 56 1
60 57 1
59 58 1
57 58 1
56 58 1
55 57 1
54 57 1
53 57 1
52 56 1
51 56 1
50 56 1
49 55 1
48 55 1
43 54 1
42 53 1
41 53 1
40 52 1
39 52 1
34 50 1
33 49 1
32 49 1
31 48 1
30 48 1
29 47 1
28 47 1
27 47 1
26 46 1
25 46 1
.PEN_UP
.PEN_DOWN
7 36 1
6 36 1
6 34 1
6 33 1
6 32 1
7 30 1
8 30 1
9 30 1
10 30 1
11 30 1
12 30 1
13 30 1
14 30 1
15 30 1
16 30 1
17 30 1
18 30 1
19 30 1
20 30 1
21 30 1
22 30 1
23 31 1
24 31 1
25 31 1
26 31 1
27 31 1
28 31 1
29 31 1
30 32 1
31 32 1
32 32 1
33 32 1
34 33 1
35 33 1
36 33 1
37 33 1
38 33 1
39 33 1
40 34 1
41 34 1
42 34 1
43 34 1
44 35 1
45 35 1
46 35 1
47 35 1
48 36 1
49 36 1
50 36 1
51 36 1
52 36 1
53 37 1
54 37 1
55 38 1
55 39 1
56 40 1
57 40 1
.PEN_UP
.PEN_DOWN
5 31 1
4 31 1
3 31 1
2 32 1
1 33 1
1 34 1
2 35 1
3 36 1
4 36 1
.PEN_UP
.PEN_DOWN
58 58 1
62 61 1
63 61 1
64 61 1
65 62 1
66 62 1
67 63 1
68 63 1
69 63 1
70 64 1
71 64 1
72 64 1
73 65 1
74 65 1
75 65 1
76 65 1
77 65 1
78 66 1
79 66 1
80 66 1
81 66 1
82 67 1
83 67 1
84 67 1
85 67 1
86 67 1
87 67 1
88 68 1
89 68 1
90 68 1
91 68 1
92 68 1
93 68 1
94 69 1
95 69 1
96 69 1
97 69 1
98 69 1
99 69 1
100 69 1
101 69 1
102 70 1
103 70 1
104 70 1
105 70 1
106 71 1
107 71 1
.PEN_UP
.PEN_DOWN
59 59 1
60 63 1
60 64 1
60 65 1
60 66 1
60 67 1
60 68 1
60 69 1
60 70 1
59 71 1
.PEN_UP
.PEN_DOWN
61 34 1
63 34 1
64 35 1
65 36 1
66 36 1
67 37 1
68 37 1
69 37 1
70 38 1
71 38 1
72 38 1
73 38 1
74 38 1
75 38 1
76 38 1
77 37 1
77 36 1
77 35 1
77 34 1
77 33 1
76 32 1
76 31 1
76 30 1
76 29 1
76 28 1
76 27 1
76 26 1
76 25 1
76 24 1
76 23 1
76 22 1
76 21 1
76 20 1
77 19 1
78 18 1
79 17 1
80 17 1
81 16 1
82 17 1
83 17 1
84 18 1
85 19 1
86 20 1
86 21 1
87 22 1
87 23 1
87 24 1
88 25 1
88 26 1
89 27 1
89 28 1
90 29 1
90 30 1
91 31 1
91 32 1
92 33 1
92 34 1
93 35 1
93 36 1
93 37 1
94 38 1
94 39 1
95 40 1
96 41 1
96 42 1
96 43 1
97 44 1
98 45 1
98 46 1
99 47 1
100 48 1
101 49 1
102 49 1
103 49 1
104 49 1
105 49 1
106 49 1
107 49 1
108 49 1
109 48 1
110 47 1
111 46 1
112 45 1
112 44 1
113 43 1
113 42 1
113 41 1
113 40 1
113 39 1
113 38 1
113 37 1
113 36 1
113 35 1
113 34 1
113 33 1
113 32 1
113 31 1
113 30 1
113 29 1
113 28 1
113 27 1
112 26 1
112 25 1
112 24 1
112 23 1
112 22 1
112 21 1
111 20 1
111 18 1
110 17 1
110 16 1
109 15 1
108 14 1
107 15 1
106 16 1
106 17 1
.PEN_UP
.PEN_DOWN
110 20 1
109 20 1
108 20 1
107 21 1
106 21 1
105 21 1
104 21 1
103 22 1
102 22 1
101 23 1
100 23 1
99 24 1
98 25 1
98 26 1
97 27 1
97 28 1
97 29 1
97 30 1
98 31 1
98 32 1
98 33 1
98 34 1
99 35 1
100 36 1
.PEN_UP
