.PEN_DOWN
39 1 1
39 2 1
39 3 1
39 4 1
39 5 1
39 6 1
39 7 1
39 8 1
39 9 1
39 10 1
39 11 1
40 12 1
42 12 1
43 12 1
44 12 1
45 11 1
46 11 1
47 10 1
48 10 1
49 10 1
50 10 1
51 10 1
52 10 1
53 10 1
54 10 1
55 10 1
56 10 1
57 11 1
58 11 1
59 11 1
60 11 1
61 12 1
62 13 1
63 14 1
64 15 1
64 16 1
65 17 1
66 18 1
66 19 1
66 20 1
67 21 1
67 22 1
67 23 1
67 24 1
67 25 1
67 26 1
66 27 1
66 28 1
66 29 1
66 30 1
66 31 1
66 32 1
65 33 1
61 33 1
60 33 1
59 33 1
58 33 1
57 33 1
56 33 1
55 33 1
54 33 1
53 33 1
52 33 1
51 33 1
50 33 1
49 33 1
48 33 1
47 33 1
46 33 1
45 33 1
44 33 1
43 33 1
42 32 1
40 31 1
40 30 1
40 29 1
40 28 1
40 27 1
40 26 1
40 25 1
40 24 1
40 23 1
40 22 1
40 21 1
40 20 1
40 19 1
40 18 1
40 17 1
40 16 1
40 15 1
40 14 1
40 13 1
.PEN_UP
.PEN_DOWN
41 32 1
40 34 1
40 35 1
40 36 1
40 37 1
40 38 1
40 39 1
40 40 1
40 41 1
40 42 1
41 43 1
41 44 1
41 45 1
41 46 1
41 47 1
41 48 1
41 49 1
41 50 1
41 51 1
41 52 1
41 53 1
41 54 1
41 55 1
41 56 1
41 57 1
41 58 1
41 59 1
41 60 1
41 61 1
41 62 1
41 63 1
41 64 1
41 65 1
41 66 1
41 67 1
41 68 1
41 69 1
41 70 1
41 71 1
41 72 1
41 73 1
42 74 1
42 75 1
42 76 1
42 77 1
42 78 1
42 79 1
42 80 1
42 81 1
42 82 1
42 83 1
42 84 1
42 85 1
43 86 1
45 87 1
46 87 1
47 87 1
48 87 1
49 87 1
50 88 1
51 88 1
52 88 1
53 88 1
54 88 1
55 89 1
56 89 1
57 89 1
58 89 1
59 90 1
60 90 1
61 90 1
62 90 1
63 91 1
64 91 1
65 91 1
66 91 1
67 90 1
69 91 1
70 91 1
71 92 1
72 92 1
73 92 1
74 92 1
75 92 1
76 92 1
77 92 1
78 92 1
79 92 1
80 93 1
.PEN_UP
.PEN_DOWN
67 89 1
67 88 1
67 87 1
66 86 1
66 85 1
66 84 1
66 83 1
66 82 1
66 81 1
66 80 1
67 79 1
68 78 1
68 77 1
70 76 1
71 76 1
72 77 1
73 77 1
74 77 1
75 77 1
76 77 1
77 77 1
78 78 1
.PEN_UP
.PEN_DOWN
68 76 1
67 74 1
67 73 1
66 72 1
66 71 1
65 70 1
65 69 1
64 68 1
64 67 1
64 66 1
64 65 1
64 64 1
64 63 1
65 62 1
66 61 1
67 60 1
69 59 1
70 60 1
71 60 1
72 60 1
73 60 1
74 60 1
75 60 1
76 60 1
77 60 1
78 61 1
79 61 1
.PEN_UP
.PEN_DOWN
67 59 1
66 57 1
66 56 1
65 55 1
65 54 1
64 53 1
63 52 1
63 51 1
63 50 1
63 49 1
63 48 1
63 47 1
63 46 1
63 45 1
63 44 1
63 43 1
63 42 1
63 41 1
63 40 1
63 39 1
63 38 1
63 37 1
63 36 1
63 35 1
63 34 1
66 34 1
67 34 1
68 34 1
69 34 1
70 34 1
71 35 1
72 35 1
73 35 1
74 36 1
75 36 1
76 36 1
77 36 1
78 37 1
79 37 1
80 38 1
.PEN_UP
.PEN_DOWN
43 87 1
42 89 1
42 90 1
42 91 1
42 92 1
42 93 1
42 94 1
42 95 1
42 96 1
42 97 1
42 98 1
42 99 1
42 100 1
42 101 1
42 102 1
42 103 1
42 104 1
42 105 1
42 106 1
42 107 1
42 108 1
43 109 1
43 110 1
43 111 1
44 112 1
45 112 1
46 112 1
47 112 1
48 112 1
49 112 1
50 112 1
51 112 1
52 112 1
53 112 1
54 112 1
55 112 1
56 112 1
57 112 1
58 112 1
59 112 1
60 112 1
61 113 1
62 113 1
63 113 1
64 113 1
65 113 1
66 113 1
67 113 1
68 113 1
69 113 1
70 114 1
71 114 1
72 114 1
73 114 1
74 114 1
75 115 1
76 115 1
77 115 1
78 115 1
79 115 1
80 115 1
81 115 1
.PEN_UP
.PEN_DOWN
43 113 1
43 114 1
43 115 1
43 116 1
43 117 1
43 118 1
43 119 1
43 120 1
43 121 1
43 122 1
43 123 1
43 124 1
43 125 1
43 126 1
43 127 1
43 128 1
43 129 1
43 130 1
43 131 1
43 132 1
43 133 1
43 134 1
43 135 1
43 136 1
42 137 1
40 137 1
39 137 1
38 136 1
38 135 1
37 134 1
36 133 1
35 132 1
34 131 1
33 130 1
32 129 1
31 129 1
30 128 1
29 128 1
28 127 1
27 127 1
26 127 1
25 126 1
24 126 1
23 126 1
22 126 1
21 126 1
20 126 1
19 126 1
18 126 1
17 126 1
16 126 1
15 127 1
14 127 1
13 127 1
12 128 1
11 128 1
10 129 1
9 130 1
8 131 1
7 132 1
6 133 1
6 134 1
5 135 1
5 136 1
4 137 1
3 138 1
3 139 1
3 140 1
2 141 1
2 142 1
2 143 1
2 144 1
1 145 1
1 146 1
1 147 1
1 148 1
1 149 1
1 150 1
1 151 1
1 152 1
1 153 1
1 154 1
1 155 1
1 156 1
2 157 1
2 158 1
2 159 1
3 160 1
3 161 1
4 162 1
4 163 1
5 164 1
6 165 1
7 166 1
8 167 1
9 168 1
.PEN_UP
.PEN_DOWN
41 137 1
42 139 1
42 140 1
43 141 1
43 142 1
44 143 1
44 144 1
45 145 1
47 146 1
48 146 1
49 146 1
50 146 1
51 146 1
52 146 1
53 147 1
54 147 1
55 147 1
56 147 1
58 148 1
59 148 1
60 149 1
61 150 1
.PEN_UP
.PEN_DOWN
57 146 1
57 145 1
57 144 1
57 143 1
57 142 1
57 141 1
57 140 1
57 139 1
57 138 1
57 137 1
57 136 1
58 135 1
58 134 1
59 133 1
60 132 1
61 132 1
62 132 1
63 132 1
64 132 1
65 133 1
65 134 1
66 135 1
66 136 1
67 137 1
67 138 1
68 139 1
68 140 1
68 141 1
69 142 1
69 143 1
70 144 1
70 145 1
71 146 1
71 147 1
72 148 1
73 149 1
74 150 1
75 151 1
76 152 1
77 152 1
78 152 1
79 153 1
80 153 1
81 152 1
82 152 1
83 152 1
84 151 1
84 150 1
85 149 1
85 148 1
86 147 1
88 148 1
89 148 1
90 148 1
91 148 1
92 149 1
93 149 1
94 149 1
95 149 1
96 150 1
97 151 1
97 152 1
.PEN_UP
.PEN_DOWN
86 146 1
86 145 1
86 144 1
86 143 1
86 142 1
86 141 1
86 140 1
86 139 1
85 138 1
85 137 1
.PEN_UP
.PEN_DOWN
46 145 1
44 147 1
44 148 1
44 149 1
44 150 1
44 151 1
44 152 1
44 153 1
45 154 1
45 155 1
45 156 1
45 157 1
45 158 1
45 159 1
45 160 1
45 161 1
45 162 1
45 163 1
45 164 1
45 165 1
45 166 1
45 167 1
45 168 1
45 169 1
45 170 1
45 171 1
46 172 1
46 173 1
46 174 1
46 175 1
46 176 1
46 177 1
46 178 1
46 179 1
46 180 1
46 181 1
46 182 1
46 183 1
46 184 1
46 185 1
46 186 1
46 187 1
48 188 1
49 188 1
50 188 1
51 188 1
52 187 1
53 187 1
54 186 1
55 186 1
56 186 1
57 186 1
58 185 1
59 185 1
60 184 1
61 184 1
62 183 1
63 183 1
64 183 1
65 183 1
66 183 1
67 182 1
68 183 1
68 184 1
69 185 1
69 186 1
69 187 1
69 188 1
69 189 1
70 190 1
70 191 1
70 192 1
72 193 1
73 194 1
74 194 1
75 195 1
76 196 1
77 197 1
78 198 1
79 199 1
79 200 1
80 201 1
81 202 1
82 203 1
83 204 1
83 205 1
84 206 1
85 207 1
86 208 1
.PEN_UP
.PEN_DOWN
70 193 1
69 194 1
69 195 1
69 196 1
69 197 1
69 198 1
69 199 1
69 200 1
69 201 1
69 202 1
68 203 1
67 204 1
66 205 1
65 205 1
64 205 1
63 205 1
62 205 1
61 205 1
60 205 1
59 205 1
58 205 1
57 205 1
56 205 1
55 205 1
54 206 1
53 206 1
52 206 1
51 206 1
50 206 1
49 207 1
48 207 1
47 209 1
47 210 1
46 211 1
45 211 1
44 210 1
43 210 1
42 210 1
41 210 1
40 210 1
39 210 1
38 209 1
37 209 1
36 209 1
35 209 1
34 208 1
33 208 1
32 208 1
31 207 1
30 207 1
29 207 1
28 206 1
27 206 1
26 205 1
25 205 1
24 204 1
23 204 1
22 203 1
21 202 1
19 201 1
18 201 1
17 200 1
16 199 1
15 198 1
14 197 1
13 196 1
12 195 1
11 194 1
11 193 1
11 192 1
10 191 1
10 190 1
10 189 1
9 188 1
9 187 1
9 186 1
9 185 1
10 184 1
10 183 1
11 182 1
12 181 1
13 180 1
14 180 1
15 180 1
16 180 1
17 181 1
18 182 1
19 183 1
20 184 1
20 185 1
21 186 1
21 187 1
22 188 1
22 189 1
23 190 1
23 191 1
23 192 1
23 193 1
23 194 1
23 195 1
23 196 1
23 197 1
23 198 1
22 199 1
22 200 1
21 201 1
.PEN_UP
.PEN_DOWN
47 212 1
47 213 1
47 214 1
47 215 1
47 216 1
47 217 1
47 218 1
47 219 1
47 220 1
47 221 1
47 222 1
47 223 1
47 224 1
47 225 1
47 226 1
47 227 1
48 228 1
48 229 1
48 230 1
47 231 1
47 232 1
47 233 1
47 234 1
47 235 1
47 236 1
48 237 1
48 238 1
48 239 1
48 240 1
48 241 1
50 242 1
51 242 1
52 242 1
53 242 1
54 242 1
55 241 1
56 241 1
57 241 1
58 241 1
59 240 1
60 239 1
61 238 1
62 237 1
63 236 1
64 236 1
65 235 1
66 235 1
67 233 1
67 232 1
67 231 1
67 230 1
67 229 1
67 228 1
.PEN_UP
.PEN_DOWN
69 236 1
69 237 1
71 238 1
72 239 1
73 239 1
74 239 1
75 239 1
76 239 1
77 240 1
78 240 1
79 240 1
80 241 1
81 242 1
82 243 1
83 244 1
84 245 1
84 246 1
84 247 1
85 248 1
85 249 1
.PEN_UP
.PEN_DOWN
69 238 1
69 240 1
69 241 1
69 242 1
69 243 1
69 244 1
69 245 1
69 246 1
69 247 1
69 248 1
69 249 1
69 250 1
69 251 1
69 252 1
69 253 1
69 254 1
69 255 1
69 256 1
69 257 1
69 258 1
69 259 1
69 260 1
69 261 1
69 262 1
70 263 1
70 264 1
70 265 1
70 266 1
69 267 1
68 268 1
67 268 1
66 268 1
65 268 1
64 267 1
63 267 1
62 267 1
61 267 1
60 267 1
59 267 1
58 267 1
57 267 1
56 267 1
55 267 1
54 266 1
53 266 1
52 266 1
51 266 1
50 266 1
48 264 1
48 263 1
48 262 1
48 261 1
48 260 1
48 259 1
48 258 1
48 257 1
47 256 1
47 255 1
47 254 1
47 253 1
47 252 1
47 251 1
48 250 1
48 249 1
48 248 1
48 247 1
48 246 1
48 245 1
48 244 1
48 243 1
.PEN_UP
.PEN_DOWN
49 265 1
49 268 1
48 269 1
48 270 1
48 271 1
48 272 1
48 273 1
48 274 1
48 275 1
48 276 1
48 277 1
48 278 1
48 279 1
48 280 1
49 281 1
49 282 1
49 283 1
50 284 1
50 285 1
.PEN_UP
.PEN_DOWN
70 268 1
71 269 1
72 269 1
73 269 1
74 269 1
75 269 1
76 269 1
77 270 1
78 270 1
79 270 1
80 270 1
81 270 1
82 270 1
83 271 1
84 271 1
85 271 1
86 272 1
.PEN_UP
.PEN_DOWN
47 206 1
46 205 1
46 204 1
46 203 1
46 202 1
46 201 1
46 200 1
46 199 1
46 198 1
46 197 1
46 196 1
46 195 1
46 194 1
46 193 1
46 192 1
46 191 1
46 190 1
46 189 1
.PEN_UP
