.PEN_DOWN
23 5 1
23 6 1
23 7 1
23 8 1
23 9 1
23 10 1
22 11 1
22 12 1
22 13 1
22 14 1
22 15 1
22 16 1
22 17 1
22 18 1
22 19 1
22 20 1
22 21 1
22 22 1
22 25 1
21 26 1
21 27 1
21 28 1
21 29 1
21 30 1
21 31 1
21 32 1
21 33 1
21 34 1
21 35 1
21 36 1
21 37 1
21 38 1
21 39 1
21 40 1
21 41 1
21 42 1
21 43 1
21 44 1
23 45 1
24 45 1
25 45 1
26 45 1
27 45 1
28 45 1
29 44 1
30 44 1
31 44 1
32 44 1
33 44 1
34 44 1
35 45 1
36 45 1
37 45 1
38 45 1
39 45 1
40 46 1
41 46 1
42 46 1
43 46 1
44 47 1
45 47 1
46 47 1
47 47 1
48 47 1
49 47 1
50 47 1
51 46 1
51 45 1
52 44 1
52 43 1
52 42 1
52 41 1
52 40 1
52 39 1
52 38 1
52 37 1
52 36 1
52 35 1
52 34 1
52 33 1
52 32 1
52 31 1
53 30 1
55 30 1
56 30 1
57 31 1
58 32 1
59 33 1
60 34 1
61 34 1
62 35 1
63 36 1
64 37 1
65 37 1
66 38 1
67 39 1
67 40 1
.PEN_UP
.PEN_DOWN
53 29 1
53 27 1
52 26 1
52 25 1
52 24 1
52 23 1
51 22 1
50 21 1
50 20 1
50 19 1
49 18 1
48 17 1
46 17 1
45 17 1
44 18 1
43 18 1
42 18 1
41 19 1
40 19 1
39 19 1
38 20 1
37 20 1
36 20 1
35 21 1
34 21 1
33 22 1
32 23 1
31 23 1
30 23 1
29 24 1
28 24 1
27 24 1
26 24 1
25 24 1
24 23 1
23 23 1
.PEN_UP
.PEN_DOWN
47 17 1
48 15 1
48 14 1
49 13 1
.PEN_UP
.PEN_DOWN
21 45 1
21 47 1
21 48 1
21 49 1
21 50 1
21 51 1
21 52 1
21 53 1
21 54 1
21 55 1
21 56 1
21 57 1
21 58 1
21 59 1
21 60 1
21 61 1
21 62 1
21 63 1
21 64 1
21 65 1
21 66 1
21 67 1
21 68 1
21 69 1
21 70 1
21 71 1
21 72 1
21 73 1
21 74 1
22 75 1
22 76 1
22 77 1
.PEN_UP
.PEN_DOWN
6 73 1
5 74 1
4 74 1
3 77 1
3 78 1
3 79 1
.PEN_UP
.PEN_DOWN
30 80 1
31 80 1
32 80 1
33 80 1
34 80 1
35 80 1
36 81 1
37 81 1
38 81 1
39 81 1
40 81 1
41 81 1
42 82 1
45 82 1
46 83 1
47 83 1
48 83 1
49 83 1
50 83 1
51 83 1
53 84 1
54 84 1
55 84 1
56 84 1
57 84 1
58 84 1
59 84 1
60 85 1
61 85 1
62 85 1
63 85 1
.PEN_UP
.PEN_DOWN
52 82 1
53 81 1
53 80 1
53 79 1
53 78 1
53 77 1
53 76 1
53 75 1
53 74 1
53 73 1
53 72 1
53 71 1
53 70 1
52 69 1
52 68 1
51 67 1
50 66 1
49 66 1
48 65 1
47 64 1
46 64 1
45 63 1
44 63 1
43 63 1
42 63 1
41 63 1
40 64 1
39 65 1
39 66 1
39 67 1
39 68 1
39 69 1
39 70 1
39 71 1
39 72 1
40 73 1
40 74 1
40 75 1
41 76 1
42 77 1
43 78 1
43 79 1
43 80 1
43 81 1
.PEN_UP
