.PEN_DOWN
46 1 1
46 2 1
47 3 1
47 4 1
47 5 1
47 6 1
46 7 1
46 8 1
46 9 1
45 10 1
45 11 1
45 12 1
45 13 1
45 14 1
45 15 1
45 16 1
45 17 1
45 18 1
45 19 1
44 22 1
44 23 1
44 24 1
44 25 1
44 26 1
44 27 1
44 28 1
44 29 1
44 30 1
44 31 1
44 32 1
44 33 1
44 34 1
44 35 1
44 36 1
44 37 1
45 38 1
45 39 1
46 40 1
46 41 1
46 42 1
46 43 1
48 44 1
49 44 1
50 44 1
51 44 1
52 44 1
53 45 1
54 45 1
55 45 1
56 45 1
57 46 1
58 46 1
59 46 1
60 47 1
61 47 1
62 47 1
63 47 1
65 48 1
66 48 1
67 48 1
68 49 1
69 49 1
70 49 1
71 50 1
72 50 1
73 50 1
74 50 1
75 51 1
76 51 1
77 51 1
78 51 1
79 52 1
.PEN_UP
.PEN_DOWN
64 46 1
64 45 1
64 44 1
64 43 1
64 42 1
64 41 1
64 40 1
64 39 1
64 38 1
64 37 1
64 36 1
64 35 1
64 34 1
64 33 1
64 32 1
63 31 1
63 30 1
63 29 1
63 28 1
63 27 1
63 26 1
64 25 1
64 22 1
63 21 1
63 20 1
63 19 1
63 18 1
63 17 1
63 16 1
62 15 1
61 15 1
58 15 1
57 16 1
56 17 1
55 18 1
54 18 1
53 19 1
52 19 1
51 19 1
50 19 1
49 20 1
48 20 1
47 20 1
46 20 1
.PEN_UP
.PEN_DOWN
60 14 1
61 13 1
61 12 1
61 11 1
.PEN_UP
.PEN_DOWN
64 24 1
66 25 1
67 25 1
68 25 1
69 25 1
70 26 1
71 26 1
72 26 1
73 25 1
74 25 1
75 25 1
76 25 1
77 24 1
78 23 1
79 22 1
79 21 1
80 20 1
80 19 1
80 18 1
80 17 1
81 16 1
81 15 1
81 14 1
81 13 1
81 12 1
81 11 1
81 10 1
81 9 1
81 8 1
81 7 1
81 6 1
81 5 1
80 4 1
80 3 1
.PEN_UP
.PEN_DOWN
46 44 1
45 46 1
45 47 1
45 48 1
45 49 1
45 50 1
46 51 1
46 52 1
46 53 1
46 54 1
46 55 1
46 56 1
46 57 1
46 58 1
46 59 1
46 60 1
46 61 1
46 62 1
46 63 1
46 64 1
46 65 1
45 66 1
44 66 1
43 65 1
42 65 1
41 65 1
40 65 1
39 65 1
38 65 1
37 65 1
36 64 1
35 64 1
34 63 1
33 63 1
32 63 1
31 63 1
30 63 1
29 62 1
28 62 1
27 62 1
26 62 1
25 62 1
24 62 1
23 62 1
22 62 1
21 62 1
20 61 1
19 61 1
18 61 1
17 61 1
16 61 1
15 61 1
14 61 1
13 61 1
12 61 1
11 61 1
10 61 1
9 61 1
8 61 1
7 61 1
6 62 1
5 62 1
4 63 1
4 64 1
3 65 1
2 66 1
2 67 1
2 68 1
1 69 1
1 70 1
1 71 1
1 72 1
1 73 1
1 74 1
1 75 1
2 76 1
2 77 1
2 78 1
3 79 1
4 80 1
5 81 1
6 82 1
7 83 1
8 84 1
9 85 1
10 86 1
11 87 1
12 87 1
13 88 1
14 89 1
15 89 1
16 90 1
17 90 1
18 91 1
19 91 1
20 91 1
21 91 1
22 91 1
23 92 1
24 93 1
25 93 1
26 94 1
27 94 1
28 94 1
29 94 1
30 95 1
31 95 1
32 95 1
33 95 1
34 95 1
35 96 1
36 96 1
37 96 1
38 96 1
39 96 1
40 96 1
41 96 1
42 96 1
43 97 1
44 97 1
45 97 1
46 97 1
47 97 1
48 97 1
49 97 1
51 98 1
51 99 1
51 100 1
52 101 1
52 102 1
52 103 1
52 104 1
53 105 1
54 106 1
55 106 1
.PEN_UP
.PEN_DOWN
50 96 1
50 95 1
50 94 1
50 93 1
50 92 1
50 91 1
50 90 1
49 88 1
49 87 1
49 86 1
48 85 1
48 84 1
48 83 1
49 82 1
49 81 1
49 80 1
49 79 1
49 78 1
49 77 1
49 76 1
48 75 1
48 74 1
48 73 1
48 72 1
48 71 1
48 70 1
49 69 1
48 67 1
47 66 1
.PEN_UP
.PEN_DOWN
49 68 1
51 69 1
52 69 1
53 69 1
54 69 1
55 69 1
56 69 1
57 69 1
58 70 1
59 70 1
60 70 1
61 70 1
62 71 1
63 71 1
64 71 1
65 71 1
66 72 1
67 72 1
68 72 1
69 72 1
70 72 1
71 72 1
72 72 1
73 72 1
74 73 1
75 73 1
76 73 1
77 73 1
78 73 1
79 74 1
80 74 1
.PEN_UP
.PEN_DOWN
50 89 1
52 89 1
53 88 1
54 88 1
55 87 1
56 86 1
57 86 1
58 86 1
59 86 1
60 86 1
61 87 1
62 88 1
63 89 1
63 90 1
63 91 1
64 92 1
64 93 1
64 94 1
64 95 1
64 96 1
65 97 1
67 98 1
68 98 1
69 98 1
70 98 1
71 99 1
72 100 1
73 100 1
74 101 1
75 102 1
76 103 1
77 104 1
77 105 1
77 106 1
78 107 1
78 108 1
78 109 1
78 110 1
78 111 1
78 112 1
78 113 1
77 114 1
76 115 1
76 116 1
76 117 1
75 118 1
74 119 1
73 120 1
73 121 1
72 122 1
72 123 1
71 124 1
69 125 1
68 125 1
67 125 1
66 125 1
65 125 1
64 125 1
63 125 1
62 124 1
61 124 1
60 124 1
59 124 1
58 124 1
57 124 1
56 125 1
55 126 1
54 127 1
54 128 1
54 129 1
54 130 1
53 131 1
53 132 1
53 133 1
53 134 1
53 135 1
53 136 1
53 137 1
53 138 1
53 139 1
53 140 1
53 141 1
53 142 1
53 143 1
52 144 1
52 145 1
52 146 1
52 147 1
52 148 1
52 149 1
52 150 1
52 151 1
52 152 1
52 153 1
52 154 1
52 155 1
52 156 1
52 157 1
52 158 1
52 159 1
52 160 1
52 161 1
52 162 1
52 163 1
52 164 1
52 165 1
52 166 1
52 167 1
53 168 1
52 169 1
52 170 1
52 171 1
52 172 1
52 173 1
52 174 1
52 175 1
52 176 1
52 177 1
52 178 1
52 179 1
52 180 1
52 181 1
52 182 1
52 183 1
52 184 1
52 185 1
52 186 1
52 187 1
52 188 1
52 189 1
52 190 1
52 191 1
52 192 1
52 193 1
53 194 1
53 195 1
53 196 1
53 197 1
53 198 1
53 199 1
53 200 1
53 201 1
53 202 1
53 203 1
54 204 1
54 205 1
54 206 1
54 207 1
54 208 1
54 209 1
54 210 1
54 211 1
54 212 1
54 213 1
54 214 1
54 215 1
54 216 1
54 217 1
54 218 1
56 218 1
57 218 1
58 218 1
61 218 1
62 218 1
63 218 1
64 218 1
65 219 1
66 219 1
67 219 1
68 219 1
69 219 1
70 219 1
71 220 1
72 220 1
73 220 1
74 220 1
75 221 1
76 221 1
77 221 1
78 220 1
79 221 1
80 222 1
81 222 1
82 222 1
83 223 1
84 223 1
85 223 1
86 224 1
87 224 1
.PEN_UP
.PEN_DOWN
78 219 1
78 218 1
77 217 1
77 216 1
77 215 1
77 214 1
77 213 1
77 212 1
77 211 1
77 210 1
77 209 1
77 208 1
78 207 1
79 206 1
80 205 1
81 204 1
82 203 1
83 203 1
84 203 1
85 203 1
86 203 1
87 204 1
88 204 1
89 205 1
90 205 1
91 206 1
.PEN_UP
.PEN_DOWN
54 219 1
55 221 1
55 222 1
55 223 1
55 224 1
55 225 1
55 226 1
55 227 1
55 228 1
55 229 1
55 230 1
55 231 1
55 232 1
55 233 1
55 234 1
55 235 1
56 236 1
56 237 1
56 238 1
56 239 1
56 240 1
56 241 1
56 242 1
56 243 1
56 244 1
56 245 1
56 246 1
56 247 1
56 248 1
56 249 1
57 250 1
58 251 1
59 251 1
60 251 1
61 251 1
62 253 1
62 254 1
62 255 1
63 256 1
64 257 1
65 257 1
66 257 1
67 257 1
68 257 1
69 257 1
70 257 1
71 256 1
72 256 1
73 255 1
74 255 1
75 254 1
76 253 1
77 252 1
78 251 1
79 251 1
82 252 1
83 253 1
84 254 1
85 255 1
86 255 1
87 256 1
88 256 1
89 257 1
90 258 1
91 259 1
92 260 1
93 261 1
93 262 1
94 263 1
94 264 1
94 265 1
94 266 1
94 267 1
94 268 1
94 269 1
93 270 1
92 271 1
92 272 1
.PEN_UP
.PEN_DOWN
80 250 1
81 249 1
81 248 1
81 247 1
.PEN_UP
.PEN_DOWN
62 250 1
62 249 1
62 248 1
63 247 1
63 246 1
63 245 1
64 244 1
64 243 1
65 242 1
66 241 1
.PEN_UP
.PEN_DOWN
70 125 1
72 126 1
73 127 1
74 127 1
75 127 1
76 127 1
77 127 1
78 128 1
79 128 1
80 128 1
81 128 1
82 128 1
83 129 1
84 129 1
.PEN_UP
.PEN_DOWN
65 98 1
64 100 1
64 101 1
64 102 1
.PEN_UP
.PEN_DOWN
59 163 1
60 163 1
61 163 1
62 163 1
63 163 1
64 163 1
65 163 1
66 164 1
67 164 1
68 164 1
69 164 1
70 164 1
71 163 1
73 164 1
74 165 1
75 165 1
76 165 1
77 165 1
78 165 1
79 166 1
82 168 1
83 168 1
84 168 1
85 169 1
86 169 1
87 169 1
88 169 1
89 170 1
.PEN_UP
.PEN_DOWN
80 165 1
78 168 1
78 169 1
77 170 1
77 171 1
77 172 1
76 173 1
76 174 1
75 175 1
75 176 1
74 177 1
74 178 1
74 179 1
74 180 1
74 181 1
75 182 1
76 183 1
77 184 1
78 185 1
79 185 1
80 185 1
81 185 1
82 186 1
83 186 1
84 186 1
85 186 1
86 186 1
87 186 1
.PEN_UP
.PEN_DOWN
81 164 1
82 163 1
82 162 1
82 161 1
82 160 1
82 159 1
82 158 1
82 157 1
82 156 1
82 155 1
82 154 1
82 153 1
82 152 1
82 151 1
82 150 1
82 149 1
82 148 1
81 147 1
80 146 1
79 145 1
78 145 1
77 145 1
76 146 1
75 147 1
74 147 1
73 148 1
73 149 1
72 150 1
72 151 1
71 152 1
71 153 1
71 154 1
71 155 1
71 156 1
71 157 1
71 158 1
71 159 1
71 160 1
71 161 1
71 162 1
.PEN_UP
