.PEN_DOWN
1 1 1
1 2 1
2 3 1
2 4 1
2 5 1
2 6 1
2 7 1
4 8 1
5 8 1
6 8 1
7 8 1
8 8 1
9 8 1
10 9 1
11 9 1
12 9 1
13 10 1
14 10 1
15 10 1
16 11 1
17 12 1
18 12 1
19 13 1
20 14 1
21 15 1
22 16 1
23 17 1
23 18 1
24 19 1
24 20 1
24 21 1
25 22 1
27 22 1
28 22 1
29 22 1
30 21 1
31 21 1
32 20 1
33 19 1
34 18 1
35 18 1
36 17 1
37 16 1
38 15 1
39 14 1
40 14 1
41 13 1
42 12 1
43 11 1
44 11 1
45 11 1
46 10 1
47 9 1
48 8 1
49 7 1
.PEN_UP
.PEN_DOWN
25 23 1
25 24 1
25 25 1
25 26 1
24 27 1
23 28 1
22 29 1
21 30 1
20 31 1
19 32 1
18 33 1
18 34 1
18 35 1
18 36 1
16 37 1
15 37 1
14 37 1
13 37 1
12 36 1
11 36 1
10 36 1
9 35 1
8 35 1
7 35 1
6 35 1
5 35 1
4 35 1
3 35 1
2 33 1
1 32 1
1 31 1
1 30 1
1 29 1
1 28 1
1 27 1
1 26 1
1 25 1
1 24 1
1 23 1
1 22 1
1 21 1
1 20 1
1 19 1
1 18 1
1 17 1
1 16 1
1 15 1
1 14 1
1 13 1
1 12 1
1 11 1
1 10 1
1 9 1
2 8 1
.PEN_UP
.PEN_DOWN
2 34 1
1 36 1
1 37 1
1 38 1
1 39 1
1 40 1
1 41 1
1 42 1
1 43 1
1 44 1
1 45 1
1 46 1
1 47 1
1 48 1
1 49 1
1 50 1
1 51 1
1 52 1
1 53 1
1 54 1
1 55 1
1 56 1
1 57 1
1 58 1
1 59 1
1 60 1
1 61 1
1 62 1
1 63 1
1 64 1
1 65 1
1 66 1
1 67 1
1 68 1
1 69 1
1 70 1
1 71 1
1 72 1
1 73 1
1 74 1
2 75 1
2 76 1
2 77 1
2 78 1
3 79 1
3 80 1
3 81 1
3 82 1
3 83 1
3 84 1
3 85 1
3 86 1
3 87 1
3 88 1
3 89 1
3 90 1
3 91 1
3 92 1
4 93 1
5 93 1
6 93 1
7 93 1
8 93 1
9 93 1
10 92 1
11 92 1
12 92 1
13 92 1
14 93 1
15 93 1
16 93 1
17 93 1
18 93 1
19 93 1
20 93 1
21 93 1
22 93 1
23 93 1
24 93 1
25 94 1
26 94 1
27 94 1
28 94 1
29 94 1
32 94 1
33 94 1
34 95 1
35 95 1
36 95 1
37 95 1
38 95 1
39 95 1
40 95 1
41 95 1
42 95 1
.PEN_UP
.PEN_DOWN
30 93 1
30 92 1
31 91 1
31 90 1
31 89 1
32 88 1
32 87 1
32 86 1
33 85 1
33 84 1
33 83 1
33 82 1
33 81 1
33 80 1
33 79 1
33 78 1
32 77 1
32 76 1
31 75 1
30 74 1
29 73 1
28 73 1
27 72 1
26 72 1
25 72 1
24 72 1
23 72 1
22 72 1
21 72 1
20 72 1
19 72 1
18 71 1
18 70 1
18 69 1
18 68 1
18 67 1
18 66 1
18 65 1
18 64 1
18 63 1
18 62 1
18 61 1
19 60 1
19 59 1
19 58 1
19 57 1
19 56 1
19 55 1
.PEN_UP
.PEN_DOWN
3 94 1
3 95 1
3 96 1
3 97 1
3 98 1
3 99 1
3 100 1
3 101 1
3 102 1
3 103 1
3 104 1
3 105 1
3 106 1
3 107 1
3 108 1
3 109 1
3 110 1
3 111 1
3 112 1
3 113 1
3 114 1
3 115 1
4 116 1
5 116 1
6 116 1
7 116 1
8 116 1
9 116 1
10 116 1
11 116 1
12 116 1
13 116 1
14 116 1
15 117 1
16 117 1
17 117 1
18 117 1
19 117 1
20 118 1
21 118 1
22 118 1
23 118 1
24 118 1
25 118 1
26 118 1
27 119 1
28 119 1
29 119 1
30 119 1
31 119 1
32 119 1
33 119 1
34 119 1
35 119 1
36 120 1
37 120 1
38 120 1
39 120 1
40 120 1
41 120 1
42 120 1
43 120 1
44 120 1
45 121 1
46 121 1
.PEN_UP
.PEN_DOWN
3 117 1
3 118 1
3 119 1
3 120 1
3 121 1
3 122 1
3 123 1
3 124 1
3 125 1
3 126 1
3 127 1
4 128 1
4 129 1
4 130 1
4 131 1
4 132 1
4 133 1
4 134 1
4 135 1
4 136 1
4 137 1
4 138 1
5 139 1
6 138 1
7 137 1
8 137 1
9 137 1
.PEN_UP
.PEN_DOWN
5 140 1
5 141 1
5 142 1
5 143 1
5 144 1
5 145 1
5 146 1
5 147 1
5 148 1
5 149 1
5 150 1
5 151 1
5 152 1
6 153 1
7 154 1
8 155 1
9 155 1
10 156 1
11 156 1
12 156 1
13 156 1
14 155 1
15 155 1
16 154 1
17 154 1
18 154 1
19 153 1
20 152 1
21 151 1
22 151 1
23 151 1
24 150 1
25 151 1
26 152 1
27 152 1
28 153 1
29 154 1
30 154 1
31 155 1
32 155 1
33 155 1
34 155 1
35 156 1
36 156 1
37 156 1
38 156 1
39 156 1
40 157 1
41 157 1
42 157 1
43 158 1
44 158 1
45 159 1
46 160 1
47 160 1
48 161 1
48 162 1
49 163 1
49 164 1
49 165 1
49 166 1
49 167 1
50 168 1
50 169 1
50 170 1
50 171 1
50 172 1
49 173 1
49 174 1
48 175 1
48 176 1
47 177 1
.PEN_UP
.PEN_DOWN
24 149 1
25 148 1
25 147 1
25 146 1
25 145 1
25 144 1
26 143 1
26 142 1
27 141 1
27 140 1
27 139 1
.PEN_UP
.PEN_DOWN
17 37 1
19 38 1
20 38 1
21 39 1
22 39 1
23 39 1
24 39 1
25 39 1
26 40 1
27 40 1
28 40 1
29 40 1
30 40 1
31 40 1
32 40 1
33 40 1
34 40 1
35 40 1
36 40 1
37 41 1
38 41 1
39 41 1
40 41 1
41 42 1
.PEN_UP
