.PEN_DOWN
27 1 1
26 2 1
25 2 1
24 3 1
23 3 1
22 4 1
21 5 1
20 6 1
20 7 1
20 8 1
20 9 1
20 10 1
20 11 1
20 12 1
20 13 1
20 14 1
20 15 1
20 16 1
20 17 1
20 18 1
20 19 1
20 20 1
20 21 1
20 22 1
20 23 1
21 24 1
23 24 1
24 24 1
25 24 1
26 24 1
27 24 1
28 24 1
29 23 1
30 23 1
31 22 1
32 21 1
33 20 1
34 19 1
35 19 1
36 18 1
37 17 1
41 19 1
42 20 1
43 20 1
44 20 1
45 20 1
46 20 1
47 20 1
48 21 1
49 21 1
50 22 1
51 22 1
52 23 1
53 24 1
54 25 1
55 26 1
56 27 1
57 28 1
57 29 1
.PEN_UP
.PEN_DOWN
38 16 1
38 15 1
38 14 1
38 13 1
38 12 1
38 11 1
38 10 1
39 9 1
39 8 1
39 7 1
40 6 1
.PEN_UP
.PEN_DOWN
38 17 1
39 21 1
39 22 1
39 23 1
39 24 1
39 25 1
39 26 1
39 27 1
39 28 1
39 29 1
39 30 1
39 31 1
39 32 1
39 33 1
39 34 1
39 35 1
39 36 1
39 37 1
40 38 1
40 39 1
40 40 1
40 41 1
40 42 1
40 43 1
40 44 1
40 45 1
40 46 1
40 47 1
40 48 1
40 49 1
40 50 1
40 51 1
38 52 1
37 52 1
36 52 1
35 52 1
34 52 1
33 53 1
32 52 1
31 52 1
30 52 1
29 52 1
28 52 1
27 52 1
26 52 1
25 52 1
24 52 1
23 52 1
21 50 1
21 49 1
21 48 1
21 47 1
21 46 1
21 45 1
21 44 1
21 43 1
21 42 1
21 41 1
21 40 1
21 39 1
21 38 1
21 37 1
21 36 1
21 35 1
21 34 1
21 33 1
20 32 1
20 31 1
20 30 1
20 29 1
20 28 1
20 27 1
20 26 1
21 25 1
.PEN_UP
.PEN_DOWN
22 51 1
21 54 1
21 55 1
21 56 1
21 57 1
21 58 1
21 59 1
21 60 1
21 61 1
21 62 1
21 63 1
21 64 1
21 65 1
21 66 1
21 67 1
21 68 1
21 69 1
22 70 1
24 70 1
25 70 1
26 70 1
27 69 1
.PEN_UP
.PEN_DOWN
22 71 1
22 73 1
22 74 1
21 75 1
21 76 1
21 77 1
21 78 1
21 79 1
21 80 1
21 81 1
21 82 1
20 85 1
20 86 1
20 87 1
20 88 1
20 89 1
20 90 1
20 91 1
20 92 1
19 93 1
19 94 1
19 95 1
19 96 1
19 97 1
19 98 1
19 99 1
19 100 1
19 101 1
20 102 1
22 103 1
23 103 1
24 103 1
25 103 1
26 103 1
27 103 1
28 103 1
29 104 1
30 104 1
31 104 1
32 104 1
33 104 1
34 104 1
35 104 1
36 104 1
37 104 1
38 104 1
39 104 1
40 104 1
41 104 1
42 104 1
44 106 1
45 106 1
46 106 1
47 107 1
48 107 1
49 107 1
50 108 1
51 108 1
52 108 1
53 109 1
54 109 1
55 110 1
56 110 1
.PEN_UP
.PEN_DOWN
43 103 1
44 102 1
44 101 1
44 100 1
44 99 1
45 98 1
45 97 1
44 96 1
44 95 1
44 94 1
43 93 1
42 92 1
41 91 1
40 90 1
39 89 1
38 89 1
37 88 1
36 87 1
36 86 1
36 85 1
34 84 1
33 84 1
32 84 1
31 84 1
30 84 1
29 84 1
28 84 1
27 84 1
26 84 1
25 84 1
24 84 1
23 84 1
22 83 1
.PEN_UP
.PEN_DOWN
35 84 1
36 82 1
37 81 1
38 80 1
39 79 1
39 78 1
40 77 1
41 76 1
.PEN_UP
.PEN_DOWN
20 103 1
19 104 1
19 105 1
19 106 1
19 107 1
19 108 1
19 109 1
19 110 1
19 111 1
19 112 1
19 113 1
19 114 1
20 115 1
20 116 1
20 117 1
20 118 1
20 119 1
20 120 1
20 121 1
20 122 1
20 123 1
20 124 1
20 125 1
20 126 1
20 127 1
20 128 1
21 129 1
21 130 1
21 131 1
21 132 1
21 133 1
21 134 1
21 135 1
21 136 1
21 137 1
21 138 1
22 139 1
24 140 1
25 140 1
26 140 1
27 140 1
28 140 1
29 141 1
30 141 1
31 141 1
32 141 1
33 142 1
34 142 1
35 142 1
36 143 1
37 143 1
38 143 1
39 143 1
42 144 1
43 144 1
44 145 1
45 145 1
46 145 1
47 145 1
48 145 1
51 147 1
52 147 1
53 147 1
54 147 1
55 147 1
56 147 1
57 148 1
58 148 1
59 148 1
.PEN_UP
.PEN_DOWN
49 145 1
49 148 1
49 149 1
49 150 1
49 151 1
49 152 1
49 153 1
48 154 1
48 155 1
48 156 1
48 157 1
48 158 1
48 159 1
47 160 1
47 161 1
48 162 1
48 163 1
.PEN_UP
.PEN_DOWN
50 144 1
50 143 1
50 142 1
50 141 1
50 140 1
50 139 1
50 138 1
51 137 1
51 136 1
50 135 1
50 134 1
50 133 1
50 132 1
50 131 1
50 130 1
50 129 1
49 128 1
49 127 1
48 126 1
47 125 1
46 125 1
45 125 1
44 125 1
43 126 1
42 126 1
41 127 1
41 128 1
40 129 1
40 130 1
39 131 1
39 132 1
39 133 1
39 134 1
39 135 1
39 136 1
39 137 1
40 138 1
40 139 1
40 140 1
40 141 1
40 142 1
.PEN_UP
.PEN_DOWN
22 140 1
22 142 1
22 143 1
22 144 1
22 145 1
22 146 1
22 147 1
22 148 1
22 149 1
22 150 1
22 151 1
22 152 1
23 153 1
23 154 1
23 155 1
23 156 1
23 157 1
23 158 1
23 159 1
23 160 1
23 161 1
24 162 1
24 163 1
24 164 1
24 165 1
24 166 1
24 167 1
24 168 1
24 169 1
24 170 1
24 171 1
24 172 1
25 173 1
25 174 1
25 175 1
25 176 1
26 177 1
26 178 1
26 179 1
26 180 1
26 181 1
26 182 1
26 183 1
26 184 1
26 185 1
25 186 1
26 187 1
28 188 1
29 188 1
30 188 1
31 188 1
32 188 1
33 188 1
34 188 1
35 188 1
36 188 1
37 188 1
38 188 1
39 188 1
40 188 1
41 189 1
42 189 1
43 189 1
44 188 1
46 188 1
47 189 1
48 189 1
49 190 1
50 190 1
51 190 1
52 191 1
53 191 1
54 191 1
55 191 1
56 191 1
57 192 1
58 192 1
.PEN_UP
.PEN_DOWN
44 187 1
44 186 1
43 185 1
43 184 1
43 183 1
43 182 1
42 181 1
42 180 1
42 179 1
42 178 1
42 177 1
43 176 1
44 175 1
45 174 1
46 173 1
47 172 1
48 171 1
49 171 1
50 171 1
51 171 1
52 171 1
53 171 1
54 171 1
55 171 1
56 171 1
57 172 1
58 172 1
59 173 1
60 173 1
61 174 1
.PEN_UP
.PEN_DOWN
26 188 1
25 190 1
25 191 1
25 192 1
25 193 1
26 194 1
26 195 1
26 196 1
26 197 1
26 198 1
26 199 1
26 200 1
26 201 1
26 202 1
26 203 1
26 204 1
26 205 1
26 206 1
26 207 1
26 208 1
26 209 1
.PEN_UP
.PEN_DOWN
39 52 1
41 53 1
42 53 1
43 53 1
44 53 1
45 53 1
46 53 1
47 53 1
48 53 1
49 53 1
50 54 1
51 54 1
52 54 1
53 55 1
54 56 1
55 56 1
56 57 1
.PEN_UP
.PEN_DOWN
85 43 1
86 43 1
87 43 1
88 44 1
89 45 1
90 46 1
90 47 1
91 48 1
91 49 1
91 50 1
92 51 1
92 52 1
93 53 1
93 54 1
93 55 1
94 56 1
94 57 1
94 58 1
95 59 1
95 60 1
95 61 1
95 62 1
96 63 1
96 64 1
96 65 1
96 66 1
96 67 1
97 68 1
97 69 1
97 70 1
97 71 1
97 72 1
97 73 1
97 74 1
97 75 1
97 76 1
98 77 1
98 78 1
98 79 1
98 80 1
98 81 1
98 82 1
98 83 1
98 84 1
98 85 1
97 86 1
97 87 1
97 88 1
97 89 1
97 90 1
97 91 1
97 92 1
96 93 1
96 94 1
96 95 1
96 96 1
96 97 1
95 98 1
95 99 1
95 100 1
94 101 1
94 102 1
94 103 1
94 104 1
93 105 1
93 106 1
92 107 1
91 108 1
91 109 1
90 110 1
89 111 1
88 112 1
87 113 1
86 114 1
85 115 1
84 116 1
83 116 1
82 116 1
81 116 1
80 117 1
79 117 1
78 118 1
77 118 1
76 118 1
75 118 1
74 118 1
73 118 1
72 118 1
71 118 1
70 117 1
69 117 1
68 117 1
67 116 1
66 115 1
65 114 1
64 113 1
64 112 1
64 111 1
64 110 1
64 109 1
64 108 1
64 107 1
65 106 1
65 105 1
66 104 1
66 103 1
67 102 1
68 102 1
69 101 1
70 101 1
71 101 1
72 101 1
73 101 1
74 102 1
75 103 1
76 104 1
77 105 1
78 106 1
78 107 1
78 108 1
78 109 1
79 110 1
78 111 1
78 112 1
78 113 1
78 114 1
78 115 1
78 116 1
.PEN_UP
