.PEN_DOWN
43 4 1
43 5 1
44 6 1
44 7 1
44 8 1
44 9 1
44 10 1
44 11 1
44 12 1
44 13 1
44 14 1
44 15 1
44 16 1
45 17 1
44 18 1
44 19 1
44 20 1
44 21 1
44 22 1
44 23 1
44 24 1
44 25 1
44 26 1
44 27 1
44 28 1
44 29 1
44 30 1
44 31 1
44 32 1
44 33 1
44 34 1
45 35 1
46 35 1
47 35 1
48 35 1
49 35 1
50 36 1
51 36 1
52 36 1
53 36 1
54 36 1
55 36 1
56 37 1
57 37 1
58 37 1
59 37 1
60 37 1
61 37 1
62 37 1
63 38 1
64 38 1
65 38 1
66 38 1
67 38 1
68 39 1
69 39 1
70 39 1
71 39 1
72 39 1
73 39 1
74 39 1
75 39 1
76 39 1
79 40 1
80 40 1
81 40 1
82 41 1
83 41 1
84 41 1
85 41 1
86 41 1
87 41 1
88 41 1
89 42 1
90 42 1
91 42 1
92 42 1
93 42 1
94 43 1
94 44 1
.PEN_UP
.PEN_DOWN
77 38 1
75 35 1
74 34 1
74 33 1
73 32 1
72 31 1
71 30 1
70 29 1
69 28 1
69 27 1
68 26 1
68 25 1
67 24 1
67 23 1
67 22 1
66 21 1
65 19 1
64 18 1
64 17 1
63 16 1
63 15 1
63 14 1
63 13 1
63 12 1
63 11 1
63 10 1
63 9 1
63 8 1
64 7 1
64 6 1
65 5 1
66 4 1
67 3 1
68 2 1
69 2 1
70 1 1
71 1 1
72 1 1
73 1 1
74 1 1
75 2 1
76 3 1
77 4 1
78 5 1
79 6 1
79 7 1
79 8 1
80 9 1
80 10 1
80 11 1
82 13 1
83 14 1
83 15 1
83 16 1
84 17 1
84 18 1
84 19 1
84 20 1
85 21 1
84 22 1
84 23 1
84 24 1
84 25 1
83 26 1
83 27 1
82 28 1
82 29 1
81 30 1
81 31 1
80 32 1
79 33 1
79 34 1
78 35 1
77 36 1
.PEN_UP
.PEN_DOWN
79 12 1
78 12 1
77 13 1
76 13 1
75 14 1
74 14 1
73 15 1
72 15 1
71 16 1
71 17 1
70 18 1
69 19 1
68 20 1
67 20 1
.PEN_UP
.PEN_DOWN
44 36 1
44 37 1
44 38 1
44 39 1
44 40 1
44 41 1
42 42 1
41 42 1
40 41 1
39 41 1
38 40 1
37 40 1
36 39 1
35 39 1
34 38 1
33 38 1
32 37 1
31 36 1
30 35 1
29 35 1
28 35 1
27 34 1
26 34 1
25 33 1
24 33 1
23 32 1
22 31 1
21 31 1
20 30 1
19 29 1
18 28 1
17 28 1
16 27 1
15 26 1
14 25 1
12 24 1
11 24 1
10 23 1
9 22 1
8 21 1
7 20 1
6 19 1
5 18 1
5 17 1
4 16 1
3 15 1
2 14 1
2 13 1
2 12 1
1 11 1
1 10 1
1 9 1
1 8 1
2 7 1
2 6 1
3 5 1
4 4 1
5 3 1
6 3 1
7 3 1
8 2 1
9 2 1
10 3 1
11 3 1
12 3 1
13 4 1
14 5 1
15 6 1
15 7 1
15 8 1
16 9 1
16 10 1
16 11 1
16 12 1
16 13 1
16 14 1
16 15 1
16 16 1
16 17 1
16 18 1
16 19 1
15 20 1
15 21 1
14 22 1
14 23 1
.PEN_UP
.PEN_DOWN
43 42 1
44 44 1
44 45 1
44 46 1
44 47 1
44 48 1
44 49 1
44 50 1
44 51 1
44 52 1
44 53 1
44 54 1
44 55 1
45 56 1
45 57 1
45 58 1
45 59 1
45 60 1
45 61 1
45 62 1
45 63 1
45 64 1
45 65 1
45 66 1
45 67 1
45 68 1
46 69 1
46 70 1
46 71 1
46 72 1
46 73 1
46 74 1
46 75 1
46 76 1
46 77 1
46 78 1
46 79 1
45 81 1
45 82 1
45 83 1
45 84 1
45 85 1
45 86 1
45 87 1
45 88 1
45 89 1
45 90 1
45 91 1
45 92 1
45 93 1
45 94 1
45 95 1
45 96 1
45 97 1
45 98 1
45 99 1
45 100 1
45 101 1
45 102 1
45 103 1
45 104 1
46 105 1
46 106 1
46 107 1
46 108 1
46 109 1
46 110 1
46 111 1
46 112 1
46 113 1
46 114 1
46 115 1
46 116 1
46 117 1
46 118 1
46 119 1
46 120 1
46 121 1
46 122 1
46 123 1
46 124 1
46 125 1
46 126 1
46 127 1
46 128 1
46 129 1
46 130 1
46 131 1
46 132 1
46 133 1
46 134 1
46 135 1
47 136 1
47 137 1
47 138 1
47 139 1
47 140 1
47 141 1
47 142 1
47 143 1
47 144 1
47 145 1
47 146 1
47 147 1
47 148 1
47 149 1
47 150 1
48 151 1
48 152 1
48 153 1
48 154 1
48 155 1
48 156 1
48 157 1
48 158 1
48 159 1
48 160 1
49 161 1
49 163 1
50 164 1
50 165 1
50 166 1
50 167 1
50 168 1
50 169 1
50 170 1
50 171 1
50 172 1
50 173 1
50 174 1
50 175 1
52 177 1
53 177 1
54 177 1
55 177 1
56 177 1
57 177 1
58 177 1
59 177 1
60 177 1
61 176 1
62 176 1
63 176 1
64 175 1
65 174 1
66 174 1
67 173 1
68 173 1
69 173 1
71 174 1
72 175 1
73 175 1
74 176 1
75 177 1
76 178 1
77 178 1
78 179 1
79 179 1
80 180 1
81 180 1
82 180 1
83 180 1
84 181 1
85 181 1
86 181 1
87 181 1
88 182 1
89 183 1
90 184 1
90 185 1
90 186 1
90 187 1
90 188 1
90 189 1
.PEN_UP
.PEN_DOWN
70 172 1
70 171 1
70 170 1
70 169 1
70 168 1
71 167 1
72 166 1
.PEN_UP
.PEN_DOWN
50 176 1
50 179 1
50 180 1
50 181 1
50 182 1
50 183 1
50 184 1
50 185 1
51 186 1
51 187 1
51 188 1
51 189 1
51 190 1
51 191 1
51 192 1
51 193 1
51 194 1
50 195 1
50 196 1
50 197 1
50 198 1
50 199 1
50 200 1
50 201 1
50 202 1
49 203 1
52 205 1
53 205 1
54 206 1
55 206 1
56 206 1
57 206 1
58 206 1
59 207 1
60 207 1
61 207 1
62 208 1
63 208 1
64 208 1
65 208 1
66 208 1
67 208 1
68 209 1
69 209 1
70 209 1
71 209 1
72 210 1
73 210 1
74 210 1
75 210 1
76 210 1
77 210 1
78 210 1
79 210 1
80 210 1
81 211 1
82 211 1
83 211 1
84 211 1
85 211 1
86 211 1
87 210 1
88 210 1
89 210 1
90 210 1
91 211 1
92 211 1
.PEN_UP
.PEN_DOWN
48 203 1
47 202 1
46 202 1
45 202 1
44 202 1
43 202 1
42 201 1
41 201 1
40 200 1
39 200 1
38 199 1
37 199 1
36 198 1
35 198 1
34 198 1
33 197 1
32 197 1
31 196 1
30 196 1
29 195 1
28 195 1
27 194 1
26 194 1
25 194 1
24 193 1
23 193 1
22 192 1
21 192 1
20 191 1
19 191 1
18 190 1
17 189 1
16 189 1
15 188 1
14 187 1
13 187 1
12 186 1
11 185 1
10 185 1
9 184 1
8 183 1
7 182 1
6 182 1
5 181 1
5 180 1
4 179 1
4 178 1
4 177 1
5 176 1
6 175 1
7 175 1
8 174 1
9 174 1
10 173 1
11 173 1
12 173 1
13 173 1
14 173 1
15 173 1
16 173 1
17 173 1
18 173 1
19 173 1
20 173 1
21 173 1
22 173 1
23 173 1
24 173 1
25 173 1
26 173 1
27 174 1
28 174 1
29 174 1
30 174 1
31 174 1
32 174 1
33 174 1
34 175 1
35 175 1
36 175 1
37 175 1
38 175 1
39 175 1
40 175 1
41 175 1
42 175 1
43 176 1
44 176 1
45 176 1
46 176 1
47 176 1
48 177 1
49 177 1
.PEN_UP
.PEN_DOWN
50 204 1
49 207 1
49 208 1
49 209 1
49 210 1
49 211 1
49 212 1
49 213 1
49 214 1
49 215 1
49 216 1
50 217 1
50 218 1
50 219 1
50 220 1
50 221 1
50 222 1
50 223 1
50 224 1
50 225 1
50 226 1
50 227 1
50 228 1
50 229 1
50 230 1
51 231 1
51 232 1
51 233 1
51 234 1
51 235 1
51 236 1
51 237 1
51 238 1
51 239 1
51 240 1
51 241 1
52 242 1
52 243 1
52 244 1
52 245 1
52 246 1
52 247 1
52 248 1
52 249 1
52 250 1
53 251 1
53 252 1
53 253 1
53 254 1
54 255 1
55 254 1
56 254 1
57 254 1
58 254 1
59 254 1
60 254 1
61 255 1
62 255 1
63 255 1
64 255 1
65 255 1
66 255 1
67 255 1
68 255 1
69 256 1
70 256 1
71 256 1
72 256 1
74 257 1
75 257 1
76 257 1
77 257 1
78 257 1
79 257 1
80 257 1
81 257 1
82 258 1
83 258 1
84 258 1
85 258 1
86 258 1
87 258 1
88 258 1
89 258 1
90 258 1
91 258 1
92 259 1
93 260 1
.PEN_UP
.PEN_DOWN
73 255 1
73 254 1
73 253 1
73 252 1
73 251 1
73 250 1
73 249 1
73 248 1
73 247 1
73 246 1
73 245 1
73 244 1
73 243 1
73 242 1
73 241 1
73 240 1
73 239 1
73 238 1
74 237 1
74 235 1
74 234 1
74 233 1
74 232 1
74 231 1
74 230 1
75 229 1
76 229 1
77 228 1
78 228 1
79 228 1
80 228 1
81 228 1
82 228 1
83 228 1
84 228 1
85 228 1
86 228 1
87 229 1
88 230 1
89 231 1
89 232 1
89 233 1
89 234 1
89 235 1
89 236 1
88 237 1
87 238 1
86 238 1
85 238 1
84 238 1
83 238 1
82 238 1
81 238 1
80 238 1
79 237 1
78 237 1
77 237 1
76 237 1
75 237 1
.PEN_UP
.PEN_DOWN
54 256 1
54 257 1
54 258 1
54 259 1
54 260 1
54 261 1
54 262 1
54 263 1
54 264 1
54 265 1
54 266 1
.PEN_UP
.PEN_DOWN
50 161 1
51 161 1
52 161 1
53 160 1
.PEN_UP
.PEN_DOWN
46 80 1
48 81 1
49 81 1
50 81 1
51 81 1
52 82 1
53 82 1
54 82 1
55 82 1
56 83 1
57 83 1
58 83 1
59 83 1
60 84 1
61 84 1
63 85 1
64 86 1
65 87 1
.PEN_UP
.PEN_DOWN
62 83 1
62 82 1
62 81 1
62 80 1
62 79 1
62 78 1
62 77 1
63 76 1
64 75 1
65 74 1
66 74 1
67 74 1
68 74 1
69 75 1
70 76 1
70 77 1
71 78 1
72 79 1
73 80 1
74 81 1
75 82 1
76 84 1
76 85 1
76 86 1
77 87 1
77 88 1
78 89 1
79 90 1
80 91 1
81 92 1
82 93 1
83 93 1
84 94 1
85 94 1
86 94 1
87 94 1
88 94 1
89 95 1
90 94 1
91 93 1
91 92 1
91 91 1
91 90 1
91 89 1
92 88 1
92 87 1
92 86 1
92 85 1
92 84 1
92 83 1
92 82 1
92 81 1
92 80 1
92 79 1
91 78 1
91 77 1
91 76 1
91 75 1
91 74 1
91 73 1
91 72 1
93 71 1
94 71 1
95 71 1
96 71 1
97 71 1
98 71 1
99 71 1
100 72 1
101 72 1
102 73 1
103 74 1
104 75 1
105 76 1
106 77 1
107 78 1
108 79 1
109 80 1
110 81 1
110 82 1
111 83 1
111 84 1
111 85 1
112 86 1
112 87 1
113 88 1
113 89 1
113 90 1
113 91 1
113 92 1
113 93 1
113 94 1
113 95 1
113 96 1
113 97 1
113 98 1
113 99 1
113 100 1
112 101 1
112 102 1
111 103 1
111 104 1
111 105 1
110 106 1
109 107 1
108 108 1
.PEN_UP
.PEN_DOWN
90 71 1
89 72 1
88 72 1
87 72 1
86 72 1
85 73 1
84 73 1
83 73 1
82 74 1
81 75 1
80 76 1
79 77 1
79 78 1
78 79 1
78 80 1
77 81 1
.PEN_UP
.PEN_DOWN
55 137 1
56 137 1
57 138 1
58 138 1
59 138 1
60 138 1
61 138 1
62 138 1
63 138 1
64 138 1
65 138 1
66 139 1
67 139 1
68 139 1
69 139 1
70 139 1
71 139 1
72 140 1
73 140 1
74 140 1
75 140 1
76 141 1
77 141 1
78 141 1
79 140 1
81 140 1
82 140 1
83 140 1
84 140 1
85 140 1
86 140 1
87 140 1
88 141 1
89 141 1
90 141 1
91 141 1
.PEN_UP
.PEN_DOWN
79 139 1
79 138 1
79 137 1
78 136 1
77 135 1
77 134 1
76 133 1
75 132 1
74 131 1
74 130 1
74 129 1
74 128 1
74 127 1
74 126 1
74 125 1
75 124 1
75 123 1
76 122 1
77 121 1
78 121 1
79 120 1
80 120 1
81 120 1
82 120 1
83 120 1
84 120 1
85 120 1
86 120 1
87 120 1
88 120 1
89 120 1
90 121 1
91 121 1
92 121 1
93 122 1
94 122 1
95 123 1
96 123 1
97 124 1
.PEN_UP
