.PEN_DOWN
2 1 1
1 2 1
1 3 1
1 4 1
1 5 1
1 6 1
1 7 1
1 8 1
1 9 1
1 10 1
1 11 1
2 12 1
2 13 1
2 14 1
2 15 1
2 16 1
2 17 1
2 18 1
2 19 1
2 20 1
2 21 1
2 22 1
2 23 1
2 24 1
2 25 1
1 26 1
1 27 1
1 28 1
1 29 1
1 30 1
1 31 1
1 32 1
2 33 1
2 34 1
1 37 1
1 38 1
1 39 1
1 40 1
1 41 1
1 42 1
1 43 1
1 44 1
1 45 1
1 46 1
1 47 1
1 48 1
1 49 1
1 50 1
1 51 1
1 52 1
1 53 1
1 54 1
1 55 1
1 56 1
1 57 1
1 58 1
1 59 1
1 60 1
1 61 1
1 62 1
1 63 1
1 64 1
1 65 1
1 66 1
1 67 1
1 68 1
1 69 1
1 70 1
1 71 1
1 72 1
1 73 1
1 74 1
1 75 1
1 76 1
2 77 1
2 78 1
2 79 1
2 80 1
2 81 1
2 82 1
2 83 1
2 84 1
2 85 1
2 86 1
2 89 1
2 90 1
2 91 1
2 92 1
2 93 1
1 94 1
1 95 1
1 96 1
1 97 1
1 98 1
1 99 1
1 100 1
1 101 1
1 102 1
1 103 1
1 104 1
1 105 1
1 106 1
1 107 1
1 108 1
1 109 1
1 110 1
2 111 1
2 112 1
2 113 1
2 114 1
2 115 1
2 116 1
3 117 1
5 117 1
6 117 1
7 117 1
8 117 1
9 117 1
10 117 1
11 118 1
12 118 1
13 118 1
14 118 1
15 118 1
16 119 1
17 119 1
18 119 1
19 119 1
20 119 1
21 120 1
22 120 1
23 120 1
24 120 1
25 120 1
26 120 1
27 120 1
28 120 1
29 120 1
30 120 1
31 121 1
32 121 1
33 121 1
34 121 1
35 122 1
36 122 1
37 122 1
38 122 1
39 123 1
40 123 1
.PEN_UP
.PEN_DOWN
4 117 1
2 119 1
2 120 1
2 121 1
2 122 1
2 123 1
2 124 1
3 125 1
3 126 1
3 127 1
3 128 1
3 129 1
3 130 1
3 131 1
3 132 1
3 133 1
3 134 1
3 135 1
3 136 1
4 137 1
4 138 1
.PEN_UP
.PEN_DOWN
2 87 1
4 88 1
5 88 1
6 88 1
7 88 1
8 88 1
9 89 1
10 89 1
11 89 1
12 90 1
13 91 1
14 91 1
15 91 1
16 92 1
17 92 1
19 94 1
20 95 1
20 96 1
.PEN_UP
.PEN_DOWN
18 91 1
18 90 1
18 89 1
18 88 1
18 87 1
18 86 1
18 85 1
18 84 1
18 83 1
19 82 1
19 81 1
19 80 1
19 79 1
20 78 1
20 77 1
21 76 1
22 75 1
23 75 1
24 75 1
25 76 1
26 77 1
27 77 1
28 78 1
29 79 1
31 78 1
32 77 1
32 76 1
32 75 1
32 74 1
32 73 1
33 72 1
34 71 1
35 70 1
36 70 1
37 69 1
38 69 1
39 68 1
40 68 1
41 67 1
42 67 1
43 67 1
44 67 1
45 67 1
46 67 1
47 67 1
48 68 1
49 68 1
50 68 1
51 69 1
52 69 1
53 70 1
54 71 1
55 72 1
55 73 1
.PEN_UP
.PEN_DOWN
30 79 1
31 81 1
31 82 1
31 83 1
31 84 1
32 85 1
32 86 1
33 87 1
33 88 1
34 89 1
35 90 1
35 91 1
36 92 1
37 93 1
38 93 1
39 94 1
40 94 1
41 93 1
42 93 1
43 93 1
44 92 1
44 91 1
44 90 1
44 89 1
44 88 1
44 87 1
44 86 1
44 85 1
44 84 1
44 83 1
44 82 1
44 81 1
44 80 1
44 79 1
44 78 1
44 77 1
43 76 1
43 75 1
42 74 1
.PEN_UP
.PEN_DOWN
2 35 1
4 35 1
5 35 1
6 35 1
7 35 1
8 35 1
9 36 1
10 36 1
11 36 1
12 36 1
13 36 1
14 36 1
15 36 1
16 36 1
17 37 1
18 37 1
19 37 1
20 37 1
21 37 1
22 37 1
23 39 1
22 40 1
22 41 1
22 42 1
21 43 1
21 44 1
21 45 1
21 46 1
20 47 1
20 48 1
19 49 1
19 50 1
19 51 1
19 52 1
20 53 1
21 54 1
22 55 1
23 56 1
24 57 1
25 57 1
26 57 1
27 57 1
28 57 1
29 58 1
30 58 1
31 58 1
32 58 1
33 57 1
34 57 1
35 57 1
36 56 1
.PEN_UP
.PEN_DOWN
23 37 1
27 37 1
28 38 1
29 38 1
30 38 1
31 38 1
32 39 1
33 39 1
34 39 1
35 40 1
36 40 1
37 40 1
38 41 1
.PEN_UP
.PEN_DOWN
24 37 1
24 33 1
23 32 1
23 31 1
22 30 1
21 29 1
21 28 1
20 27 1
20 26 1
19 25 1
19 24 1
18 23 1
18 22 1
18 21 1
18 20 1
19 19 1
19 18 1
20 17 1
21 16 1
22 16 1
23 16 1
24 15 1
25 15 1
26 15 1
27 15 1
28 16 1
29 17 1
30 18 1
31 19 1
31 20 1
31 21 1
31 22 1
31 23 1
31 24 1
31 25 1
30 26 1
30 27 1
30 28 1
29 29 1
29 30 1
29 31 1
28 32 1
27 33 1
26 34 1
.PEN_UP
