.PEN_DOWN
51 11 1
51 12 1
51 13 1
51 14 1
50 15 1
50 16 1
50 17 1
50 18 1
50 19 1
50 20 1
50 21 1
50 22 1
50 23 1
49 24 1
49 25 1
49 26 1
49 27 1
49 28 1
49 29 1
49 30 1
47 31 1
46 31 1
45 31 1
44 31 1
43 31 1
42 30 1
41 30 1
40 30 1
39 29 1
38 28 1
37 28 1
36 27 1
35 27 1
34 26 1
33 26 1
32 25 1
31 24 1
30 24 1
29 23 1
29 22 1
27 20 1
26 20 1
25 19 1
24 18 1
23 17 1
22 16 1
21 15 1
20 14 1
19 13 1
19 12 1
18 11 1
18 10 1
17 9 1
17 8 1
17 7 1
17 6 1
17 5 1
17 4 1
18 3 1
19 2 1
20 2 1
21 1 1
22 1 1
23 1 1
24 1 1
25 1 1
26 2 1
27 3 1
28 3 1
29 4 1
29 5 1
30 6 1
30 7 1
30 8 1
30 9 1
30 10 1
30 11 1
30 12 1
30 13 1
30 14 1
30 15 1
30 16 1
30 17 1
30 18 1
30 19 1
29 20 1
.PEN_UP
.PEN_DOWN
48 31 1
52 34 1
53 34 1
54 34 1
55 35 1
56 35 1
57 35 1
58 36 1
59 36 1
60 37 1
61 37 1
62 38 1
63 38 1
64 38 1
65 38 1
66 39 1
67 39 1
68 39 1
69 40 1
70 40 1
71 40 1
72 40 1
73 38 1
73 37 1
72 36 1
72 35 1
72 34 1
72 33 1
71 32 1
71 31 1
70 30 1
70 29 1
70 28 1
71 27 1
71 26 1
72 25 1
73 24 1
74 23 1
75 23 1
76 23 1
77 23 1
78 23 1
79 24 1
80 25 1
80 26 1
81 27 1
81 28 1
81 29 1
81 30 1
81 31 1
81 32 1
81 33 1
81 34 1
80 35 1
80 36 1
80 37 1
80 38 1
79 39 1
78 40 1
75 43 1
75 44 1
75 45 1
74 46 1
74 47 1
73 48 1
73 49 1
73 50 1
72 51 1
72 52 1
72 53 1
72 54 1
71 55 1
71 56 1
71 57 1
71 58 1
71 59 1
71 60 1
71 61 1
72 62 1
73 63 1
74 64 1
75 65 1
76 65 1
77 66 1
78 66 1
79 66 1
80 66 1
81 67 1
82 67 1
83 67 1
84 67 1
85 67 1
86 68 1
87 68 1
.PEN_UP
.PEN_DOWN
77 41 1
79 42 1
80 42 1
81 43 1
82 43 1
83 43 1
84 43 1
85 44 1
86 44 1
87 45 1
.PEN_UP
.PEN_DOWN
49 32 1
49 36 1
49 37 1
49 38 1
49 39 1
49 40 1
49 41 1
49 42 1
49 43 1
49 44 1
49 45 1
49 46 1
49 47 1
49 48 1
49 49 1
49 50 1
49 51 1
49 52 1
49 53 1
49 54 1
49 55 1
49 56 1
49 57 1
49 58 1
49 59 1
49 60 1
49 61 1
49 62 1
49 63 1
49 64 1
49 65 1
49 66 1
49 67 1
49 68 1
49 69 1
50 70 1
50 71 1
50 72 1
50 73 1
50 74 1
50 75 1
50 76 1
50 77 1
50 78 1
50 79 1
50 80 1
50 81 1
50 82 1
49 83 1
49 84 1
49 85 1
49 86 1
49 87 1
49 88 1
49 89 1
50 90 1
50 91 1
50 92 1
50 93 1
50 94 1
50 95 1
49 96 1
49 97 1
49 98 1
49 99 1
49 100 1
49 101 1
49 102 1
49 103 1
50 104 1
50 105 1
50 106 1
50 107 1
50 108 1
50 109 1
50 110 1
50 111 1
50 112 1
50 113 1
50 114 1
50 115 1
50 116 1
50 117 1
50 118 1
50 119 1
50 120 1
50 121 1
51 122 1
51 123 1
51 124 1
51 125 1
51 126 1
51 127 1
51 128 1
51 129 1
51 130 1
51 131 1
51 132 1
51 133 1
51 134 1
51 135 1
51 136 1
51 137 1
51 138 1
53 139 1
54 139 1
55 140 1
56 140 1
57 140 1
58 140 1
59 141 1
60 141 1
61 141 1
62 141 1
63 142 1
64 142 1
65 142 1
66 142 1
67 142 1
68 143 1
69 143 1
70 144 1
71 145 1
.PEN_UP
.PEN_DOWN
68 141 1
68 140 1
67 139 1
67 138 1
67 137 1
67 136 1
67 135 1
67 134 1
67 133 1
67 132 1
68 131 1
69 130 1
70 129 1
71 128 1
72 127 1
73 127 1
74 127 1
75 127 1
76 127 1
77 127 1
78 127 1
79 127 1
80 127 1
81 127 1
82 128 1
83 128 1
84 128 1
85 129 1
86 130 1
87 130 1
88 131 1
89 132 1
90 133 1
91 134 1
91 135 1
92 136 1
92 137 1
92 138 1
92 139 1
92 140 1
90 141 1
89 141 1
88 141 1
87 141 1
86 141 1
85 142 1
84 143 1
83 144 1
83 145 1
83 146 1
83 147 1
84 148 1
85 148 1
86 148 1
87 148 1
88 148 1
89 148 1
90 148 1
91 147 1
92 146 1
93 145 1
94 144 1
95 143 1
96 140 1
97 140 1
98 139 1
99 139 1
100 138 1
101 137 1
102 136 1
103 135 1
104 134 1
105 134 1
106 133 1
107 133 1
108 132 1
109 131 1
110 130 1
111 130 1
112 130 1
113 129 1
114 129 1
.PEN_UP
.PEN_DOWN
95 142 1
96 144 1
97 145 1
98 145 1
99 146 1
100 147 1
101 148 1
102 148 1
103 149 1
104 149 1
.PEN_UP
.PEN_DOWN
51 139 1
51 142 1
51 143 1
51 144 1
51 145 1
51 146 1
51 147 1
51 148 1
51 149 1
51 150 1
51 151 1
51 152 1
51 153 1
51 154 1
51 155 1
51 156 1
51 157 1
51 158 1
51 159 1
51 160 1
51 161 1
51 162 1
51 163 1
51 164 1
51 165 1
51 166 1
50 167 1
49 166 1
48 166 1
47 166 1
46 166 1
45 165 1
44 165 1
43 164 1
42 163 1
41 163 1
40 162 1
39 162 1
38 161 1
37 160 1
36 160 1
35 159 1
34 159 1
33 158 1
32 158 1
31 157 1
30 156 1
29 156 1
28 156 1
27 155 1
26 155 1
25 154 1
24 154 1
23 153 1
22 153 1
21 152 1
20 151 1
19 150 1
18 150 1
17 149 1
16 148 1
15 148 1
14 147 1
13 146 1
12 145 1
11 145 1
10 144 1
9 143 1
8 142 1
7 141 1
6 140 1
5 139 1
5 138 1
3 136 1
2 136 1
1 136 1
.PEN_UP
.PEN_DOWN
4 137 1
6 135 1
7 135 1
8 135 1
9 135 1
10 135 1
11 135 1
12 135 1
13 135 1
14 135 1
15 135 1
16 135 1
17 135 1
18 135 1
19 135 1
20 135 1
21 135 1
22 135 1
23 135 1
24 136 1
25 136 1
26 136 1
27 136 1
28 136 1
29 136 1
30 136 1
31 136 1
32 136 1
33 136 1
34 137 1
35 137 1
36 137 1
37 137 1
38 137 1
39 137 1
40 138 1
41 138 1
42 138 1
43 139 1
44 139 1
45 140 1
46 140 1
47 140 1
48 140 1
49 140 1
.PEN_UP
.PEN_DOWN
51 168 1
52 169 1
54 169 1
55 169 1
56 169 1
57 169 1
58 169 1
59 170 1
60 170 1
61 170 1
62 171 1
63 171 1
64 171 1
65 171 1
66 171 1
67 172 1
68 172 1
69 173 1
70 173 1
71 173 1
72 173 1
73 174 1
74 174 1
75 174 1
76 174 1
77 175 1
78 175 1
79 175 1
80 175 1
81 175 1
82 176 1
83 176 1
84 176 1
85 176 1
86 176 1
87 176 1
88 176 1
89 177 1
90 177 1
.PEN_UP
.PEN_DOWN
53 169 1
51 171 1
51 172 1
51 173 1
51 174 1
51 175 1
51 176 1
51 177 1
51 178 1
51 179 1
51 180 1
51 181 1
51 182 1
51 183 1
51 184 1
51 185 1
51 186 1
51 187 1
51 188 1
51 189 1
51 190 1
51 191 1
51 192 1
51 193 1
52 194 1
52 195 1
51 196 1
51 197 1
51 198 1
51 199 1
51 200 1
51 201 1
51 202 1
51 203 1
51 204 1
51 205 1
52 206 1
52 207 1
52 208 1
54 209 1
55 210 1
56 210 1
57 210 1
58 209 1
59 209 1
60 209 1
61 209 1
62 209 1
63 209 1
64 209 1
65 208 1
66 206 1
67 205 1
67 204 1
67 203 1
68 202 1
69 201 1
69 200 1
70 199 1
71 198 1
71 197 1
71 196 1
.PEN_UP
.PEN_DOWN
66 207 1
67 209 1
67 210 1
67 211 1
68 212 1
68 213 1
69 214 1
70 215 1
71 216 1
71 217 1
72 218 1
72 219 1
72 220 1
72 221 1
71 222 1
71 223 1
71 224 1
70 225 1
70 226 1
70 227 1
70 228 1
69 229 1
68 229 1
67 229 1
66 229 1
65 229 1
64 229 1
63 229 1
62 229 1
61 229 1
60 229 1
59 229 1
58 229 1
57 229 1
56 229 1
55 228 1
54 228 1
53 228 1
52 230 1
51 231 1
51 232 1
51 233 1
51 234 1
51 235 1
51 236 1
51 237 1
51 238 1
51 239 1
51 240 1
51 241 1
51 242 1
51 243 1
51 244 1
51 245 1
51 246 1
51 247 1
51 248 1
51 249 1
52 250 1
.PEN_UP
.PEN_DOWN
52 227 1
52 226 1
52 225 1
52 224 1
52 223 1
52 222 1
51 221 1
51 220 1
52 219 1
52 218 1
52 217 1
52 216 1
52 215 1
52 214 1
52 213 1
52 212 1
52 211 1
52 210 1
.PEN_UP
.PEN_DOWN
70 230 1
71 230 1
72 230 1
73 231 1
74 231 1
75 231 1
76 231 1
77 231 1
78 231 1
79 231 1
80 231 1
81 231 1
82 231 1
83 232 1
84 232 1
85 232 1
86 232 1
.PEN_UP
.PEN_DOWN
72 118 1
72 117 1
71 116 1
71 115 1
71 114 1
71 113 1
71 112 1
71 111 1
70 110 1
70 109 1
70 108 1
70 107 1
70 106 1
70 105 1
70 104 1
70 103 1
70 102 1
70 101 1
70 100 1
70 99 1
70 98 1
70 97 1
71 96 1
72 94 1
72 93 1
72 92 1
72 91 1
72 90 1
72 89 1
72 88 1
73 87 1
74 87 1
75 87 1
76 87 1
77 87 1
78 87 1
79 87 1
80 88 1
81 88 1
82 88 1
83 89 1
84 90 1
85 91 1
86 92 1
86 93 1
86 94 1
86 95 1
86 96 1
85 97 1
84 98 1
83 98 1
82 98 1
81 98 1
80 98 1
79 98 1
78 98 1
77 98 1
76 97 1
75 97 1
74 97 1
73 96 1
.PEN_UP
