.PEN_DOWN
4 1 1
4 2 1
4 3 1
4 4 1
3 5 1
3 6 1
3 7 1
3 8 1
2 9 1
2 10 1
2 11 1
2 12 1
2 13 1
2 14 1
2 15 1
2 16 1
2 17 1
2 18 1
2 19 1
2 20 1
2 21 1
2 22 1
2 23 1
2 24 1
2 25 1
3 26 1
3 27 1
3 28 1
5 30 1
6 30 1
7 30 1
8 30 1
9 30 1
10 31 1
11 31 1
12 31 1
13 31 1
14 31 1
15 31 1
16 29 1
16 28 1
16 27 1
15 26 1
15 25 1
15 24 1
15 23 1
15 22 1
15 21 1
15 20 1
16 19 1
16 18 1
16 17 1
17 16 1
17 15 1
18 14 1
19 13 1
20 13 1
21 13 1
22 14 1
23 15 1
23 16 1
23 17 1
23 18 1
23 19 1
23 20 1
24 21 1
24 22 1
24 23 1
24 24 1
25 25 1
25 26 1
26 27 1
26 28 1
26 29 1
27 30 1
27 31 1
28 32 1
29 33 1
30 34 1
31 35 1
32 35 1
33 35 1
34 35 1
35 35 1
36 35 1
37 35 1
38 34 1
39 34 1
40 33 1
41 32 1
42 31 1
43 30 1
44 29 1
45 30 1
46 30 1
47 30 1
48 30 1
49 31 1
50 31 1
51 32 1
52 33 1
53 33 1
54 33 1
55 34 1
56 34 1
57 35 1
58 35 1
59 36 1
60 37 1
61 37 1
62 38 1
63 39 1
64 40 1
65 41 1
65 42 1
66 43 1
67 44 1
67 45 1
67 46 1
67 47 1
67 48 1
67 49 1
67 50 1
67 51 1
67 52 1
67 53 1
67 54 1
.PEN_UP
.PEN_DOWN
44 28 1
44 27 1
44 26 1
44 25 1
44 24 1
44 23 1
43 22 1
43 21 1
43 20 1
43 19 1
43 18 1
43 17 1
43 16 1
42 15 1
42 14 1
.PEN_UP
.PEN_DOWN
3 29 1
2 31 1
2 32 1
2 33 1
2 34 1
2 35 1
2 36 1
2 37 1
2 38 1
2 39 1
2 40 1
2 41 1
1 42 1
1 43 1
1 44 1
1 45 1
1 46 1
1 47 1
1 48 1
1 49 1
1 50 1
1 51 1
1 52 1
1 53 1
1 54 1
1 55 1
1 56 1
1 57 1
1 58 1
1 59 1
1 60 1
1 61 1
1 62 1
1 63 1
1 64 1
2 65 1
3 66 1
5 68 1
6 69 1
7 70 1
8 71 1
9 72 1
10 72 1
11 72 1
12 72 1
13 72 1
14 71 1
15 71 1
16 71 1
17 71 1
18 71 1
19 71 1
20 71 1
22 70 1
23 70 1
24 69 1
26 70 1
27 70 1
28 70 1
29 71 1
30 71 1
31 72 1
32 72 1
33 73 1
34 74 1
35 74 1
36 74 1
37 75 1
38 75 1
39 76 1
40 76 1
41 76 1
42 77 1
43 78 1
43 79 1
44 80 1
44 81 1
43 82 1
43 83 1
43 84 1
42 85 1
.PEN_UP
.PEN_DOWN
24 68 1
24 67 1
25 66 1
25 65 1
25 64 1
26 63 1
27 62 1
.PEN_UP
.PEN_DOWN
21 71 1
21 73 1
21 74 1
21 75 1
21 76 1
21 77 1
21 78 1
21 79 1
21 80 1
21 81 1
21 82 1
21 83 1
21 84 1
21 85 1
21 86 1
21 87 1
21 88 1
21 89 1
21 90 1
21 91 1
21 92 1
21 93 1
21 94 1
21 95 1
21 96 1
19 97 1
18 97 1
17 97 1
16 97 1
15 97 1
14 97 1
13 97 1
12 97 1
11 97 1
10 97 1
9 97 1
8 97 1
7 97 1
6 97 1
5 97 1
4 97 1
2 96 1
2 95 1
2 94 1
2 93 1
2 92 1
2 91 1
2 90 1
2 89 1
2 88 1
2 87 1
2 86 1
2 85 1
2 84 1
2 83 1
2 82 1
2 81 1
2 80 1
2 79 1
2 78 1
2 77 1
2 76 1
2 75 1
2 74 1
1 73 1
1 72 1
1 71 1
1 70 1
2 69 1
3 68 1
5 65 1
6 64 1
7 63 1
8 62 1
8 61 1
8 60 1
9 59 1
10 58 1
11 57 1
12 57 1
13 57 1
14 57 1
15 57 1
.PEN_UP
.PEN_DOWN
3 97 1
2 99 1
2 100 1
2 101 1
2 102 1
2 103 1
2 104 1
2 105 1
2 106 1
2 107 1
2 108 1
2 109 1
2 110 1
3 111 1
3 112 1
3 113 1
3 114 1
3 115 1
3 116 1
3 117 1
3 118 1
3 119 1
3 120 1
.PEN_UP
