.PEN_DOWN
28 43 1
28 42 1
28 41 1
29 40 1
31 39 1
32 40 1
33 40 1
34 40 1
35 41 1
36 41 1
37 42 1
38 42 1
39 42 1
40 43 1
41 44 1
42 44 1
43 44 1
44 45 1
45 45 1
46 45 1
47 45 1
48 45 1
49 45 1
50 46 1
51 46 1
52 46 1
53 46 1
54 47 1
55 49 1
56 50 1
56 51 1
56 52 1
56 53 1
56 54 1
56 55 1
56 56 1
56 57 1
56 58 1
56 59 1
57 60 1
58 59 1
59 59 1
60 59 1
61 59 1
62 59 1
63 59 1
64 59 1
65 59 1
66 59 1
67 60 1
68 60 1
69 60 1
70 60 1
71 60 1
72 60 1
73 60 1
74 60 1
75 60 1
76 60 1
77 60 1
79 61 1
80 61 1
81 61 1
82 61 1
83 62 1
84 62 1
85 62 1
86 62 1
87 62 1
88 63 1
89 63 1
90 64 1
91 64 1
92 64 1
93 65 1
.PEN_UP
.PEN_DOWN
78 59 1
78 58 1
78 57 1
79 56 1
79 55 1
80 54 1
80 53 1
80 52 1
80 51 1
80 50 1
80 49 1
80 48 1
80 47 1
80 46 1
80 45 1
80 44 1
80 43 1
80 42 1
80 41 1
80 40 1
80 39 1
80 38 1
80 37 1
80 36 1
80 35 1
78 33 1
77 33 1
76 33 1
75 32 1
74 32 1
73 32 1
72 32 1
71 31 1
70 31 1
69 31 1
68 31 1
67 30 1
66 30 1
65 30 1
64 30 1
63 30 1
62 30 1
61 30 1
60 29 1
59 29 1
58 29 1
56 27 1
55 26 1
55 25 1
55 24 1
55 23 1
55 22 1
55 21 1
55 20 1
55 19 1
55 18 1
55 17 1
55 16 1
55 15 1
55 14 1
55 13 1
55 12 1
55 11 1
55 10 1
55 9 1
55 8 1
55 7 1
56 6 1
56 5 1
56 4 1
56 3 1
56 2 1
57 1 1
58 1 1
.PEN_UP
.PEN_DOWN
57 28 1
56 31 1
56 32 1
56 33 1
56 34 1
56 35 1
56 36 1
56 37 1
56 38 1
56 39 1
56 40 1
56 41 1
56 42 1
56 43 1
56 44 1
56 45 1
55 46 1
.PEN_UP
.PEN_DOWN
80 34 1
82 34 1
83 34 1
84 34 1
85 34 1
86 34 1
87 34 1
88 34 1
89 34 1
90 33 1
91 33 1
92 33 1
93 32 1
93 31 1
93 30 1
93 29 1
93 28 1
92 27 1
92 26 1
91 25 1
90 24 1
89 23 1
88 22 1
87 21 1
86 20 1
85 20 1
84 20 1
83 20 1
82 20 1
81 21 1
81 22 1
81 23 1
80 24 1
80 25 1
80 26 1
80 27 1
80 28 1
80 29 1
80 30 1
80 31 1
80 32 1
79 33 1
.PEN_UP
.PEN_DOWN
56 61 1
56 62 1
56 63 1
55 64 1
55 65 1
55 66 1
55 67 1
55 68 1
55 69 1
55 70 1
55 71 1
55 72 1
55 73 1
55 74 1
55 75 1
55 76 1
55 77 1
55 78 1
55 79 1
55 80 1
55 81 1
55 82 1
56 83 1
56 84 1
57 85 1
58 84 1
59 83 1
60 83 1
61 82 1
62 81 1
.PEN_UP
.PEN_DOWN
57 86 1
57 87 1
57 88 1
57 89 1
57 90 1
57 91 1
57 92 1
57 93 1
57 94 1
56 97 1
55 98 1
55 99 1
55 100 1
55 101 1
55 102 1
55 103 1
55 104 1
54 105 1
54 106 1
54 107 1
54 108 1
54 109 1
54 110 1
54 111 1
54 112 1
53 113 1
53 114 1
53 115 1
53 116 1
53 117 1
53 118 1
53 119 1
52 120 1
55 121 1
56 121 1
57 121 1
58 121 1
59 121 1
60 122 1
61 122 1
62 123 1
63 123 1
64 123 1
65 124 1
66 124 1
67 124 1
68 125 1
69 125 1
70 125 1
71 125 1
72 126 1
73 126 1
74 126 1
75 126 1
76 126 1
77 126 1
78 127 1
79 127 1
80 127 1
81 127 1
82 127 1
83 127 1
84 128 1
85 128 1
86 128 1
87 128 1
88 128 1
89 128 1
90 128 1
91 128 1
.PEN_UP
.PEN_DOWN
51 119 1
50 119 1
49 119 1
48 119 1
47 119 1
46 119 1
45 118 1
44 118 1
43 118 1
42 117 1
41 117 1
40 117 1
39 117 1
38 116 1
37 116 1
36 115 1
35 115 1
34 115 1
33 114 1
32 114 1
31 114 1
30 113 1
29 113 1
28 112 1
27 112 1
26 111 1
25 111 1
24 111 1
23 111 1
22 110 1
21 110 1
20 109 1
19 109 1
18 108 1
17 108 1
16 107 1
15 106 1
14 106 1
13 105 1
12 104 1
11 104 1
10 103 1
9 102 1
8 101 1
7 100 1
6 99 1
5 98 1
4 97 1
3 96 1
2 95 1
2 94 1
1 93 1
1 92 1
2 91 1
3 90 1
4 89 1
5 89 1
6 89 1
7 88 1
8 88 1
9 88 1
10 88 1
11 88 1
12 88 1
13 88 1
14 88 1
15 88 1
16 88 1
17 88 1
18 89 1
19 89 1
20 89 1
21 89 1
22 89 1
23 89 1
24 90 1
25 90 1
26 90 1
27 90 1
28 90 1
29 90 1
30 91 1
31 91 1
32 91 1
33 92 1
34 92 1
35 92 1
36 93 1
37 93 1
38 93 1
39 93 1
40 93 1
41 94 1
42 94 1
43 94 1
44 94 1
45 95 1
46 95 1
47 95 1
48 95 1
49 95 1
50 95 1
51 95 1
52 95 1
53 95 1
54 95 1
55 95 1
58 96 1
59 97 1
60 97 1
61 98 1
62 99 1
63 99 1
64 99 1
65 99 1
66 100 1
67 99 1
68 99 1
69 98 1
70 98 1
71 97 1
72 97 1
75 98 1
76 99 1
77 100 1
78 101 1
79 101 1
80 102 1
81 103 1
82 103 1
83 104 1
84 104 1
85 105 1
86 105 1
87 106 1
88 106 1
89 107 1
90 108 1
91 109 1
92 110 1
92 111 1
92 112 1
92 113 1
92 114 1
91 115 1
91 116 1
90 117 1
90 118 1
.PEN_UP
.PEN_DOWN
73 96 1
73 95 1
73 94 1
73 93 1
73 92 1
73 91 1
73 90 1
73 89 1
74 88 1
.PEN_UP
.PEN_DOWN
53 121 1
53 123 1
53 124 1
53 125 1
53 126 1
53 127 1
53 128 1
53 129 1
53 130 1
53 131 1
53 132 1
53 133 1
53 134 1
53 135 1
53 136 1
53 137 1
53 138 1
53 139 1
53 140 1
53 141 1
53 142 1
53 143 1
53 144 1
53 145 1
53 146 1
53 147 1
54 148 1
54 149 1
.PEN_UP
.PEN_DOWN
29 39 1
27 36 1
26 36 1
25 36 1
24 35 1
23 35 1
22 34 1
21 33 1
20 33 1
19 32 1
18 31 1
17 30 1
16 29 1
15 28 1
14 27 1
14 26 1
14 25 1
14 24 1
13 23 1
13 22 1
13 21 1
14 20 1
14 19 1
15 18 1
16 17 1
17 17 1
18 16 1
19 16 1
20 16 1
21 16 1
22 16 1
23 16 1
24 17 1
25 18 1
26 19 1
27 20 1
28 21 1
28 22 1
28 23 1
28 24 1
29 25 1
29 26 1
29 27 1
29 28 1
29 29 1
29 30 1
29 31 1
29 32 1
29 33 1
29 34 1
29 35 1
.PEN_UP
