.PEN_DOWN
7 2 1
6 2 1
5 1 1
4 1 1
3 1 1
2 1 1
1 2 1
1 3 1
1 4 1
1 5 1
1 6 1
1 7 1
1 8 1
1 9 1
1 10 1
1 11 1
1 12 1
1 13 1
1 14 1
1 15 1
1 16 1
1 17 1
2 18 1
2 19 1
2 20 1
2 21 1
2 22 1
4 23 1
5 23 1
6 24 1
7 24 1
8 25 1
9 25 1
10 25 1
11 25 1
12 25 1
13 25 1
14 25 1
15 25 1
16 24 1
17 24 1
18 23 1
19 23 1
20 22 1
20 21 1
21 20 1
21 19 1
22 18 1
23 17 1
24 16 1
27 17 1
28 18 1
29 18 1
30 19 1
31 19 1
32 20 1
33 21 1
34 21 1
35 22 1
36 23 1
37 23 1
38 24 1
39 24 1
40 24 1
41 25 1
42 26 1
42 27 1
43 28 1
44 29 1
44 30 1
45 31 1
45 32 1
45 33 1
45 34 1
45 35 1
45 36 1
45 37 1
45 38 1
45 39 1
44 40 1
.PEN_UP
.PEN_DOWN
25 15 1
25 14 1
25 13 1
25 12 1
25 11 1
25 10 1
25 9 1
25 8 1
25 7 1
26 6 1
26 5 1
26 4 1
27 3 1
27 2 1
.PEN_UP
.PEN_DOWN
2 23 1
1 24 1
1 25 1
1 26 1
1 27 1
1 28 1
1 29 1
1 30 1
1 31 1
1 32 1
1 33 1
1 34 1
1 35 1
1 36 1
1 37 1
1 38 1
1 39 1
1 40 1
1 41 1
1 42 1
1 43 1
1 44 1
2 45 1
2 46 1
2 47 1
2 48 1
2 49 1
2 50 1
1 51 1
1 52 1
1 53 1
1 54 1
1 55 1
1 56 1
1 57 1
1 58 1
1 59 1
1 60 1
1 61 1
1 62 1
1 63 1
1 64 1
1 65 1
2 66 1
2 67 1
2 68 1
2 69 1
2 70 1
2 71 1
3 72 1
5 73 1
6 73 1
7 73 1
8 73 1
9 73 1
10 73 1
11 73 1
12 73 1
13 73 1
14 73 1
15 74 1
16 74 1
17 74 1
18 74 1
19 74 1
20 74 1
21 74 1
22 75 1
23 75 1
24 75 1
25 75 1
26 75 1
27 76 1
28 76 1
29 76 1
30 76 1
31 76 1
32 76 1
33 75 1
34 74 1
35 74 1
36 74 1
37 74 1
38 74 1
39 74 1
40 74 1
41 74 1
42 73 1
43 73 1
.PEN_UP
.PEN_DOWN
33 73 1
33 72 1
33 71 1
33 70 1
33 69 1
33 68 1
33 67 1
33 66 1
33 65 1
33 64 1
33 63 1
33 62 1
32 61 1
32 60 1
31 59 1
30 58 1
29 57 1
28 56 1
27 56 1
26 56 1
25 56 1
24 56 1
23 55 1
22 55 1
21 55 1
20 55 1
19 55 1
18 54 1
17 53 1
17 52 1
17 51 1
17 50 1
17 49 1
17 48 1
18 47 1
17 46 1
17 45 1
17 44 1
17 43 1
17 42 1
17 41 1
.PEN_UP
.PEN_DOWN
3 73 1
3 75 1
3 76 1
3 77 1
3 78 1
3 79 1
3 80 1
3 81 1
3 82 1
3 83 1
3 84 1
3 85 1
3 86 1
3 87 1
3 88 1
3 89 1
3 90 1
3 91 1
3 92 1
3 93 1
3 94 1
3 95 1
3 96 1
3 97 1
3 98 1
3 99 1
3 100 1
3 101 1
3 102 1
3 103 1
3 104 1
3 105 1
3 106 1
3 107 1
3 108 1
3 109 1
3 110 1
3 111 1
3 112 1
3 113 1
3 114 1
3 115 1
3 116 1
3 117 1
3 118 1
3 119 1
3 120 1
5 121 1
6 121 1
7 121 1
8 121 1
9 121 1
10 121 1
11 121 1
12 121 1
13 121 1
14 121 1
15 121 1
16 121 1
17 121 1
18 121 1
19 121 1
20 121 1
21 121 1
22 122 1
23 122 1
24 122 1
25 122 1
26 122 1
27 122 1
28 123 1
29 123 1
30 123 1
31 123 1
32 123 1
33 123 1
34 123 1
35 123 1
36 124 1
37 124 1
38 124 1
39 124 1
40 124 1
41 125 1
42 125 1
43 125 1
.PEN_UP
.PEN_DOWN
3 121 1
3 123 1
3 124 1
3 125 1
3 126 1
3 127 1
3 128 1
3 129 1
3 130 1
3 131 1
3 132 1
3 133 1
3 134 1
3 135 1
3 136 1
3 137 1
2 138 1
2 139 1
2 140 1
3 141 1
3 143 1
3 144 1
3 145 1
3 146 1
3 147 1
2 148 1
2 149 1
2 150 1
2 151 1
2 152 1
2 153 1
2 154 1
2 155 1
2 156 1
2 157 1
2 158 1
2 159 1
3 160 1
3 161 1
3 162 1
3 163 1
3 164 1
3 165 1
3 166 1
3 167 1
3 168 1
3 169 1
3 170 1
3 171 1
3 172 1
3 173 1
3 174 1
3 175 1
3 176 1
3 177 1
3 178 1
3 179 1
3 180 1
3 181 1
3 182 1
3 183 1
3 184 1
4 185 1
4 186 1
4 187 1
4 188 1
4 189 1
4 190 1
4 191 1
4 192 1
4 193 1
4 194 1
4 195 1
4 196 1
4 197 1
4 198 1
5 199 1
5 200 1
5 201 1
5 202 1
6 203 1
7 203 1
8 203 1
9 203 1
10 203 1
11 203 1
12 204 1
13 204 1
14 204 1
15 204 1
16 205 1
17 205 1
18 205 1
19 205 1
20 205 1
21 205 1
22 205 1
23 205 1
24 206 1
25 206 1
26 206 1
27 206 1
30 206 1
31 206 1
32 206 1
33 206 1
34 206 1
35 206 1
36 206 1
37 206 1
38 206 1
39 205 1
40 205 1
41 205 1
42 204 1
42 203 1
42 202 1
42 201 1
41 200 1
40 199 1
39 198 1
38 197 1
37 196 1
36 195 1
35 194 1
34 193 1
33 193 1
32 193 1
31 192 1
30 192 1
29 193 1
28 194 1
28 195 1
28 196 1
28 197 1
28 198 1
28 199 1
28 200 1
28 201 1
28 202 1
28 203 1
28 204 1
28 205 1
28 208 1
28 209 1
28 210 1
28 211 1
28 212 1
28 213 1
28 214 1
28 215 1
28 216 1
28 217 1
28 218 1
28 219 1
28 220 1
28 221 1
28 222 1
28 223 1
28 224 1
28 225 1
28 226 1
28 227 1
27 228 1
25 229 1
24 229 1
23 229 1
22 229 1
21 229 1
20 228 1
19 228 1
18 228 1
17 228 1
16 228 1
15 227 1
14 227 1
.PEN_UP
.PEN_DOWN
26 229 1
28 230 1
29 230 1
30 231 1
31 231 1
32 231 1
33 231 1
34 231 1
35 231 1
36 231 1
37 232 1
38 232 1
39 232 1
40 232 1
41 232 1
42 232 1
43 232 1
44 233 1
.PEN_UP
.PEN_DOWN
5 204 1
5 205 1
5 206 1
5 207 1
5 208 1
5 209 1
5 210 1
5 211 1
5 212 1
5 213 1
5 214 1
5 215 1
5 216 1
6 217 1
6 218 1
6 219 1
6 220 1
6 221 1
6 222 1
7 223 1
7 224 1
7 225 1
7 226 1
7 227 1
7 228 1
7 229 1
7 230 1
7 231 1
7 232 1
7 233 1
7 234 1
7 235 1
7 236 1
7 237 1
7 238 1
7 239 1
7 240 1
7 241 1
7 242 1
7 243 1
6 244 1
6 245 1
6 246 1
6 247 1
6 248 1
6 249 1
6 250 1
6 251 1
6 252 1
6 253 1
6 254 1
6 255 1
6 256 1
6 257 1
6 258 1
6 259 1
8 260 1
9 260 1
10 260 1
11 260 1
12 260 1
13 261 1
14 261 1
15 261 1
16 261 1
17 262 1
18 262 1
19 262 1
20 262 1
21 262 1
22 262 1
23 262 1
24 262 1
25 262 1
26 263 1
27 263 1
28 263 1
29 263 1
30 262 1
30 260 1
29 259 1
29 258 1
29 257 1
28 256 1
28 255 1
27 254 1
27 253 1
27 252 1
27 251 1
26 250 1
27 249 1
27 248 1
27 247 1
27 246 1
28 245 1
28 244 1
29 243 1
30 243 1
31 243 1
32 243 1
33 242 1
34 243 1
35 244 1
36 245 1
37 246 1
38 247 1
38 248 1
38 249 1
39 250 1
39 251 1
39 252 1
39 253 1
39 254 1
39 255 1
39 256 1
39 257 1
38 258 1
38 259 1
38 260 1
38 261 1
38 262 1
36 263 1
35 263 1
34 263 1
33 263 1
32 264 1
32 265 1
31 266 1
31 267 1
31 268 1
30 269 1
29 270 1
28 271 1
28 272 1
28 273 1
28 274 1
28 275 1
28 276 1
27 277 1
28 278 1
28 279 1
29 280 1
29 281 1
30 282 1
31 283 1
32 283 1
33 283 1
34 284 1
35 284 1
36 284 1
37 284 1
38 284 1
39 284 1
40 284 1
41 284 1
42 284 1
43 284 1
44 284 1
45 283 1
.PEN_UP
.PEN_DOWN
37 263 1
39 264 1
40 264 1
41 263 1
42 263 1
43 263 1
44 263 1
45 263 1
46 263 1
47 263 1
48 264 1
49 265 1
.PEN_UP
.PEN_DOWN
6 260 1
6 262 1
6 263 1
6 264 1
6 265 1
6 266 1
6 267 1
6 268 1
7 269 1
7 270 1
7 271 1
7 272 1
7 273 1
8 274 1
8 275 1
8 276 1
8 277 1
8 278 1
8 279 1
9 280 1
9 281 1
9 282 1
9 283 1
9 284 1
9 285 1
9 286 1
10 287 1
10 288 1
.PEN_UP
.PEN_DOWN
4 141 1
5 141 1
6 141 1
7 141 1
8 142 1
9 142 1
10 142 1
11 143 1
12 143 1
13 143 1
14 143 1
15 143 1
16 143 1
17 143 1
18 143 1
19 143 1
20 143 1
21 144 1
22 144 1
23 144 1
24 144 1
25 144 1
26 144 1
27 144 1
28 144 1
29 144 1
30 144 1
31 144 1
32 145 1
33 145 1
34 145 1
35 145 1
36 145 1
37 145 1
38 145 1
39 145 1
40 145 1
41 145 1
42 146 1
.PEN_UP
.PEN_DOWN
22 116 1
22 115 1
21 114 1
22 113 1
22 112 1
22 111 1
22 110 1
22 109 1
22 108 1
22 107 1
22 106 1
22 105 1
22 104 1
22 103 1
22 102 1
22 101 1
23 100 1
23 98 1
23 97 1
23 96 1
23 95 1
23 94 1
24 93 1
24 92 1
25 91 1
26 90 1
27 90 1
28 90 1
29 90 1
30 90 1
31 89 1
32 90 1
33 90 1
34 90 1
35 90 1
36 90 1
37 91 1
38 92 1
39 93 1
39 94 1
39 95 1
39 96 1
39 97 1
39 98 1
38 99 1
37 100 1
36 101 1
35 101 1
34 101 1
33 102 1
32 102 1
31 102 1
30 101 1
29 101 1
28 101 1
27 100 1
26 100 1
25 100 1
24 100 1
.PEN_UP
