.PEN_DOWN
29 1 1
29 2 1
29 3 1
29 4 1
29 5 1
30 6 1
32 6 1
33 5 1
34 5 1
35 6 1
36 6 1
.PEN_UP
.PEN_DOWN
30 7 1
30 8 1
30 9 1
30 10 1
30 11 1
30 12 1
30 13 1
30 14 1
30 15 1
30 16 1
30 17 1
30 18 1
30 19 1
30 20 1
30 21 1
30 22 1
30 23 1
29 24 1
28 25 1
28 26 1
28 27 1
28 28 1
28 29 1
28 30 1
28 31 1
28 32 1
28 33 1
28 34 1
28 35 1
28 36 1
28 37 1
28 38 1
28 39 1
28 40 1
27 41 1
27 42 1
27 43 1
27 44 1
27 45 1
27 46 1
27 47 1
27 48 1
27 49 1
27 50 1
26 51 1
26 52 1
27 53 1
29 54 1
30 54 1
31 54 1
32 54 1
33 54 1
34 54 1
35 54 1
36 54 1
37 54 1
38 54 1
39 54 1
40 55 1
41 55 1
42 55 1
43 55 1
44 55 1
45 55 1
46 55 1
47 55 1
48 54 1
49 55 1
50 55 1
51 55 1
52 55 1
53 56 1
54 56 1
55 56 1
56 57 1
57 57 1
58 57 1
59 57 1
60 57 1
61 58 1
62 58 1
63 58 1
64 58 1
65 58 1
66 59 1
67 59 1
68 59 1
.PEN_UP
.PEN_DOWN
49 53 1
49 52 1
49 51 1
49 50 1
49 49 1
50 48 1
50 47 1
50 46 1
50 45 1
50 44 1
50 43 1
50 42 1
50 41 1
50 40 1
49 39 1
49 38 1
49 37 1
49 36 1
49 35 1
49 34 1
49 33 1
49 32 1
49 31 1
50 30 1
52 31 1
53 31 1
54 31 1
55 32 1
56 32 1
57 33 1
58 33 1
59 33 1
60 33 1
61 34 1
62 33 1
63 33 1
64 32 1
65 31 1
66 30 1
67 29 1
67 28 1
68 27 1
68 26 1
68 25 1
68 24 1
68 23 1
68 22 1
68 21 1
67 20 1
67 19 1
67 18 1
67 17 1
66 16 1
65 15 1
64 14 1
63 13 1
62 12 1
61 12 1
.PEN_UP
.PEN_DOWN
50 29 1
50 28 1
50 27 1
49 26 1
49 25 1
48 24 1
46 25 1
45 25 1
44 25 1
43 26 1
42 27 1
41 27 1
40 27 1
39 27 1
38 27 1
37 27 1
36 27 1
35 26 1
34 25 1
33 24 1
32 24 1
31 24 1
.PEN_UP
.PEN_DOWN
27 54 1
27 56 1
27 57 1
27 58 1
27 59 1
27 60 1
27 61 1
27 62 1
27 63 1
27 64 1
27 65 1
27 66 1
27 67 1
26 68 1
26 69 1
26 70 1
27 71 1
27 72 1
27 73 1
27 74 1
27 75 1
27 76 1
27 77 1
27 78 1
27 79 1
27 80 1
27 81 1
27 82 1
27 83 1
27 84 1
28 85 1
28 86 1
28 87 1
28 88 1
28 89 1
28 90 1
28 91 1
28 92 1
28 93 1
28 94 1
28 95 1
28 96 1
28 97 1
28 98 1
28 99 1
28 100 1
28 101 1
28 102 1
29 103 1
29 104 1
29 105 1
29 106 1
30 107 1
32 109 1
33 109 1
34 109 1
35 109 1
36 109 1
37 109 1
38 109 1
39 109 1
40 109 1
41 109 1
42 109 1
43 110 1
44 110 1
45 110 1
46 110 1
47 110 1
48 110 1
49 110 1
51 111 1
52 111 1
53 111 1
54 111 1
55 111 1
56 111 1
57 111 1
58 111 1
59 112 1
60 112 1
61 112 1
62 112 1
63 112 1
64 112 1
65 112 1
66 112 1
67 112 1
68 112 1
69 113 1
70 113 1
.PEN_UP
.PEN_DOWN
50 109 1
50 108 1
50 107 1
50 106 1
50 105 1
50 104 1
50 103 1
51 102 1
51 101 1
51 100 1
51 99 1
51 98 1
51 97 1
51 96 1
51 95 1
51 94 1
52 93 1
53 92 1
54 92 1
55 92 1
56 92 1
57 92 1
58 92 1
59 92 1
60 91 1
61 91 1
62 90 1
63 90 1
64 89 1
65 88 1
66 87 1
67 86 1
67 85 1
67 84 1
67 83 1
67 82 1
66 81 1
66 80 1
65 79 1
64 78 1
63 78 1
62 77 1
61 77 1
60 77 1
59 77 1
58 77 1
57 76 1
56 76 1
55 76 1
54 76 1
53 76 1
52 76 1
51 75 1
50 75 1
49 75 1
48 75 1
47 75 1
46 75 1
45 75 1
.PEN_UP
.PEN_DOWN
30 108 1
30 110 1
29 111 1
29 112 1
29 113 1
29 114 1
29 115 1
29 116 1
29 117 1
29 118 1
29 119 1
29 120 1
29 121 1
29 122 1
29 123 1
29 124 1
29 125 1
29 126 1
29 127 1
30 128 1
32 129 1
33 129 1
34 129 1
35 129 1
36 129 1
37 129 1
38 130 1
39 130 1
40 130 1
41 130 1
42 131 1
43 131 1
44 131 1
45 131 1
46 131 1
47 131 1
48 132 1
49 132 1
50 132 1
51 132 1
52 132 1
53 132 1
54 132 1
55 132 1
56 132 1
57 132 1
58 133 1
59 133 1
60 133 1
61 133 1
62 133 1
63 133 1
64 133 1
65 133 1
66 133 1
67 133 1
68 133 1
69 133 1
70 133 1
71 133 1
72 133 1
.PEN_UP
.PEN_DOWN
30 129 1
30 131 1
30 132 1
30 133 1
30 134 1
30 135 1
30 136 1
30 137 1
30 138 1
30 139 1
30 140 1
30 141 1
30 142 1
30 143 1
30 144 1
30 145 1
30 146 1
30 147 1
30 148 1
30 149 1
31 150 1
31 151 1
31 152 1
31 153 1
31 154 1
31 155 1
31 156 1
31 157 1
31 158 1
31 159 1
31 160 1
31 161 1
31 162 1
31 163 1
32 164 1
33 164 1
34 164 1
35 164 1
36 164 1
37 164 1
38 164 1
39 165 1
40 165 1
41 165 1
42 165 1
43 165 1
44 166 1
45 166 1
46 166 1
47 166 1
48 166 1
49 166 1
50 166 1
51 167 1
52 167 1
53 167 1
57 167 1
58 167 1
59 167 1
60 167 1
61 167 1
62 167 1
63 167 1
64 167 1
65 167 1
66 167 1
67 167 1
68 166 1
69 165 1
69 164 1
69 163 1
69 162 1
68 161 1
68 160 1
67 159 1
66 158 1
65 157 1
64 156 1
63 155 1
62 154 1
61 153 1
60 153 1
59 152 1
58 152 1
57 152 1
56 152 1
55 153 1
54 154 1
54 155 1
54 156 1
54 157 1
54 158 1
54 159 1
54 160 1
54 161 1
54 162 1
54 163 1
54 164 1
54 165 1
54 166 1
55 169 1
55 170 1
55 171 1
55 172 1
55 173 1
55 174 1
55 175 1
55 176 1
54 177 1
54 178 1
54 179 1
54 180 1
54 181 1
54 182 1
54 183 1
53 184 1
53 185 1
53 186 1
51 187 1
50 187 1
49 187 1
48 187 1
47 187 1
46 187 1
45 187 1
44 187 1
43 186 1
42 186 1
41 186 1
40 186 1
39 186 1
38 186 1
37 185 1
36 185 1
35 185 1
34 185 1
33 185 1
31 184 1
31 183 1
31 182 1
31 181 1
31 180 1
31 179 1
31 178 1
31 177 1
31 176 1
31 175 1
31 174 1
31 173 1
31 172 1
31 171 1
31 170 1
31 169 1
31 168 1
31 167 1
31 166 1
31 165 1
.PEN_UP
.PEN_DOWN
32 185 1
32 187 1
32 188 1
32 189 1
32 190 1
32 191 1
32 192 1
32 193 1
32 194 1
32 195 1
32 196 1
.PEN_UP
.PEN_DOWN
52 187 1
54 188 1
55 188 1
56 188 1
57 189 1
58 189 1
59 189 1
60 189 1
61 189 1
62 189 1
63 190 1
64 190 1
65 190 1
66 190 1
67 190 1
68 190 1
69 191 1
.PEN_UP
