.PEN_DOWN
2 14 1
2 15 1
2 16 1
3 17 1
3 18 1
3 19 1
4 20 1
4 21 1
4 22 1
4 23 1
4 24 1
4 25 1
4 26 1
4 27 1
4 28 1
4 29 1
4 30 1
4 31 1
4 32 1
4 33 1
4 34 1
4 35 1
4 36 1
3 37 1
3 38 1
3 39 1
3 40 1
3 41 1
3 42 1
3 43 1
4 44 1
4 45 1
3 48 1
3 49 1
3 50 1
3 51 1
3 52 1
3 53 1
3 54 1
3 55 1
3 56 1
3 57 1
3 58 1
3 59 1
3 60 1
3 61 1
3 62 1
3 63 1
3 64 1
3 65 1
3 66 1
3 67 1
3 68 1
3 69 1
3 70 1
3 71 1
3 72 1
3 73 1
3 74 1
3 75 1
3 76 1
3 77 1
3 78 1
3 79 1
3 80 1
3 81 1
3 82 1
3 83 1
3 84 1
2 87 1
2 88 1
2 89 1
2 90 1
2 91 1
2 92 1
2 93 1
2 94 1
2 95 1
2 96 1
2 97 1
2 98 1
2 99 1
2 100 1
2 101 1
2 102 1
2 103 1
2 104 1
2 105 1
2 106 1
2 107 1
2 108 1
3 109 1
3 110 1
5 111 1
6 110 1
7 110 1
8 110 1
9 110 1
10 110 1
11 110 1
12 110 1
13 111 1
14 111 1
15 111 1
16 111 1
17 111 1
18 111 1
19 112 1
20 112 1
21 112 1
22 112 1
23 112 1
24 112 1
25 112 1
26 113 1
27 113 1
28 113 1
29 113 1
30 113 1
31 114 1
32 114 1
33 114 1
34 114 1
35 114 1
36 114 1
37 115 1
38 115 1
39 115 1
40 115 1
41 115 1
42 115 1
.PEN_UP
.PEN_DOWN
3 111 1
3 113 1
3 114 1
3 115 1
2 116 1
2 117 1
2 118 1
2 119 1
2 120 1
2 121 1
2 122 1
2 123 1
2 124 1
2 125 1
2 126 1
2 127 1
2 128 1
2 129 1
3 130 1
3 131 1
3 132 1
3 133 1
5 134 1
6 134 1
7 134 1
8 135 1
9 135 1
10 135 1
11 135 1
12 136 1
13 136 1
14 136 1
15 136 1
16 136 1
17 136 1
18 136 1
19 136 1
20 136 1
21 136 1
22 136 1
23 136 1
24 137 1
25 137 1
26 137 1
27 137 1
28 137 1
29 138 1
30 138 1
31 138 1
32 138 1
33 138 1
34 138 1
35 138 1
36 138 1
37 138 1
38 138 1
39 138 1
40 139 1
41 139 1
42 139 1
43 139 1
44 140 1
.PEN_UP
.PEN_DOWN
3 134 1
3 136 1
3 137 1
3 138 1
3 139 1
3 140 1
3 141 1
3 142 1
3 143 1
3 144 1
3 145 1
3 146 1
3 147 1
3 148 1
3 149 1
3 150 1
3 151 1
3 152 1
3 153 1
3 154 1
3 155 1
3 156 1
3 157 1
3 158 1
3 159 1
3 160 1
2 161 1
2 162 1
2 163 1
2 164 1
2 165 1
2 166 1
2 167 1
2 168 1
2 169 1
2 170 1
2 171 1
2 172 1
2 173 1
2 174 1
2 175 1
2 176 1
2 177 1
4 178 1
5 177 1
6 177 1
7 177 1
8 177 1
9 177 1
10 178 1
11 178 1
12 178 1
13 178 1
14 178 1
15 179 1
16 179 1
17 179 1
18 179 1
19 180 1
20 180 1
21 180 1
22 180 1
23 180 1
24 180 1
27 180 1
28 181 1
29 181 1
30 181 1
31 181 1
32 181 1
34 182 1
35 183 1
36 183 1
37 183 1
38 183 1
39 183 1
40 183 1
41 183 1
42 184 1
43 184 1
44 184 1
45 184 1
46 185 1
47 186 1
47 187 1
.PEN_UP
.PEN_DOWN
33 180 1
34 179 1
34 178 1
35 177 1
35 176 1
35 175 1
36 174 1
36 173 1
37 172 1
37 171 1
37 170 1
37 169 1
37 168 1
37 167 1
36 166 1
36 165 1
36 164 1
35 163 1
34 162 1
33 161 1
32 161 1
31 160 1
30 160 1
29 160 1
28 160 1
27 160 1
26 161 1
25 161 1
24 162 1
23 163 1
23 164 1
23 165 1
22 166 1
22 167 1
22 168 1
22 169 1
22 170 1
22 171 1
23 172 1
23 173 1
23 174 1
24 175 1
24 176 1
24 177 1
24 178 1
25 179 1
.PEN_UP
.PEN_DOWN
2 178 1
1 180 1
1 181 1
1 182 1
1 183 1
1 184 1
2 185 1
2 186 1
.PEN_UP
.PEN_DOWN
3 85 1
5 85 1
6 85 1
7 85 1
8 85 1
9 85 1
10 86 1
11 86 1
12 86 1
13 87 1
14 87 1
15 88 1
16 88 1
17 88 1
18 88 1
19 88 1
20 89 1
21 89 1
22 89 1
23 89 1
24 89 1
25 90 1
26 90 1
27 90 1
28 90 1
29 89 1
30 90 1
31 90 1
32 91 1
33 91 1
34 91 1
35 91 1
36 91 1
37 90 1
38 90 1
39 89 1
39 88 1
39 87 1
39 86 1
39 85 1
38 84 1
38 83 1
38 82 1
38 81 1
38 80 1
37 79 1
36 78 1
35 77 1
34 77 1
33 77 1
32 76 1
31 77 1
30 77 1
29 78 1
29 79 1
29 80 1
28 81 1
29 82 1
29 83 1
29 84 1
29 85 1
29 86 1
29 87 1
29 88 1
.PEN_UP
.PEN_DOWN
4 46 1
6 46 1
7 47 1
8 47 1
9 47 1
10 47 1
11 48 1
12 48 1
13 48 1
14 48 1
15 48 1
16 49 1
17 49 1
18 49 1
19 49 1
20 49 1
21 49 1
22 49 1
23 49 1
24 49 1
25 49 1
28 49 1
29 50 1
30 51 1
31 51 1
32 52 1
33 52 1
34 52 1
35 52 1
36 52 1
37 53 1
38 53 1
39 54 1
40 54 1
.PEN_UP
.PEN_DOWN
26 48 1
26 47 1
26 46 1
26 45 1
26 44 1
25 43 1
25 42 1
25 41 1
25 40 1
25 39 1
25 38 1
26 37 1
26 36 1
26 35 1
27 34 1
28 33 1
29 32 1
30 31 1
31 30 1
33 30 1
34 30 1
35 30 1
36 30 1
37 30 1
38 31 1
39 31 1
.PEN_UP
.PEN_DOWN
31 29 1
31 28 1
31 27 1
30 26 1
30 25 1
30 24 1
29 23 1
28 22 1
28 21 1
27 20 1
27 19 1
27 18 1
26 17 1
26 16 1
26 15 1
26 14 1
26 13 1
26 12 1
26 11 1
26 10 1
26 9 1
26 8 1
26 7 1
27 6 1
28 5 1
29 4 1
30 3 1
31 2 1
32 2 1
33 1 1
34 1 1
35 1 1
36 1 1
37 1 1
38 1 1
39 1 1
40 1 1
41 1 1
42 2 1
43 3 1
44 4 1
45 5 1
45 6 1
45 7 1
44 8 1
.PEN_UP
