.PEN_DOWN
46 11 1
47 11 1
48 11 1
49 11 1
50 11 1
51 11 1
52 12 1
53 13 1
54 13 1
55 13 1
56 13 1
57 13 1
58 14 1
59 14 1
60 14 1
61 14 1
62 14 1
63 14 1
64 14 1
65 14 1
66 14 1
67 14 1
68 13 1
70 13 1
71 14 1
72 14 1
73 14 1
74 14 1
75 15 1
76 15 1
77 15 1
78 15 1
79 15 1
80 15 1
81 16 1
82 17 1
83 17 1
.PEN_UP
.PEN_DOWN
68 12 1
67 11 1
66 10 1
65 9 1
64 9 1
63 8 1
62 8 1
61 8 1
60 7 1
59 7 1
58 7 1
57 6 1
56 6 1
55 6 1
54 5 1
53 5 1
52 5 1
51 5 1
50 4 1
49 4 1
48 4 1
47 4 1
46 3 1
45 3 1
44 3 1
43 2 1
42 2 1
41 2 1
40 2 1
39 2 1
36 1 1
35 1 1
34 1 1
33 1 1
32 1 1
31 1 1
30 1 1
29 1 1
28 1 1
27 1 1
26 1 1
25 1 1
24 1 1
23 1 1
22 2 1
21 2 1
20 3 1
19 3 1
18 4 1
17 4 1
16 5 1
15 6 1
14 6 1
13 7 1
12 8 1
12 9 1
11 10 1
11 11 1
10 12 1
10 13 1
9 14 1
9 15 1
9 16 1
9 17 1
9 18 1
9 19 1
9 20 1
9 21 1
9 22 1
10 23 1
10 24 1
10 25 1
10 26 1
10 27 1
11 28 1
11 29 1
12 30 1
13 31 1
14 32 1
15 33 1
16 34 1
17 35 1
18 35 1
19 36 1
20 37 1
21 37 1
22 38 1
23 38 1
24 38 1
25 39 1
26 39 1
27 39 1
28 39 1
29 39 1
30 39 1
31 39 1
32 39 1
33 39 1
34 39 1
38 39 1
39 39 1
40 39 1
41 39 1
42 39 1
43 39 1
44 39 1
45 39 1
.PEN_UP
.PEN_DOWN
35 39 1
35 41 1
35 42 1
35 43 1
35 44 1
35 45 1
35 46 1
35 47 1
35 48 1
35 49 1
35 50 1
35 51 1
35 52 1
35 53 1
35 54 1
35 55 1
35 56 1
35 57 1
35 58 1
35 59 1
35 60 1
35 61 1
35 62 1
35 63 1
34 64 1
34 65 1
34 66 1
34 67 1
34 68 1
34 69 1
34 70 1
34 71 1
34 72 1
34 73 1
34 74 1
34 75 1
34 76 1
34 77 1
34 78 1
35 79 1
35 80 1
35 81 1
35 82 1
35 83 1
35 84 1
35 85 1
35 86 1
35 87 1
35 88 1
34 89 1
34 90 1
34 91 1
34 92 1
34 93 1
34 94 1
34 95 1
34 96 1
34 97 1
34 98 1
34 99 1
34 100 1
34 101 1
34 102 1
34 103 1
34 104 1
34 105 1
34 106 1
35 107 1
36 108 1
37 107 1
38 107 1
39 106 1
40 106 1
41 105 1
42 104 1
43 104 1
44 103 1
45 103 1
46 102 1
47 102 1
48 102 1
49 102 1
50 102 1
51 102 1
52 102 1
.PEN_UP
.PEN_DOWN
36 109 1
36 110 1
35 111 1
35 112 1
35 113 1
35 114 1
35 115 1
35 116 1
35 117 1
35 118 1
35 119 1
35 120 1
35 121 1
35 122 1
36 123 1
36 124 1
36 125 1
37 126 1
38 126 1
39 127 1
40 128 1
41 128 1
42 129 1
43 130 1
44 131 1
45 131 1
46 132 1
47 132 1
48 132 1
49 132 1
50 132 1
51 132 1
52 132 1
53 132 1
54 131 1
55 131 1
56 130 1
57 130 1
58 129 1
59 129 1
60 127 1
61 126 1
62 125 1
62 124 1
63 123 1
64 122 1
64 121 1
65 120 1
65 119 1
66 118 1
67 117 1
69 118 1
70 119 1
71 120 1
72 121 1
72 122 1
73 123 1
74 124 1
75 125 1
75 126 1
76 127 1
77 128 1
77 129 1
78 130 1
78 131 1
.PEN_UP
.PEN_DOWN
67 116 1
67 115 1
67 114 1
67 113 1
67 112 1
67 111 1
67 110 1
66 109 1
65 108 1
.PEN_UP
.PEN_DOWN
60 128 1
61 130 1
61 131 1
61 132 1
62 133 1
62 134 1
62 135 1
63 136 1
63 137 1
63 138 1
64 139 1
64 140 1
65 141 1
65 142 1
65 143 1
65 144 1
65 145 1
64 146 1
.PEN_UP
.PEN_DOWN
35 126 1
34 127 1
34 128 1
34 129 1
34 130 1
34 131 1
34 132 1
34 133 1
34 134 1
34 135 1
34 136 1
34 137 1
34 138 1
34 139 1
34 140 1
34 141 1
34 142 1
34 143 1
34 144 1
34 145 1
34 146 1
34 147 1
34 148 1
34 149 1
34 150 1
34 151 1
34 152 1
36 153 1
37 153 1
38 153 1
39 154 1
40 154 1
41 154 1
42 154 1
43 154 1
44 154 1
45 155 1
46 155 1
47 155 1
48 155 1
49 156 1
50 156 1
51 156 1
52 156 1
53 156 1
54 157 1
55 157 1
56 157 1
57 157 1
58 157 1
59 157 1
60 158 1
61 158 1
62 158 1
63 158 1
64 158 1
65 158 1
66 158 1
67 159 1
68 159 1
69 159 1
70 159 1
71 159 1
72 159 1
73 159 1
74 159 1
75 160 1
76 160 1
77 160 1
78 161 1
79 161 1
.PEN_UP
.PEN_DOWN
34 153 1
34 155 1
34 156 1
34 157 1
34 158 1
34 159 1
34 160 1
34 161 1
34 162 1
34 163 1
34 164 1
34 165 1
34 166 1
34 167 1
34 168 1
34 169 1
34 170 1
34 171 1
34 172 1
34 173 1
34 174 1
34 175 1
34 176 1
34 177 1
34 178 1
34 179 1
35 180 1
35 181 1
35 182 1
35 183 1
35 184 1
35 185 1
34 186 1
34 187 1
34 188 1
34 189 1
34 190 1
34 191 1
34 192 1
34 193 1
35 194 1
35 195 1
35 196 1
35 197 1
35 198 1
35 199 1
35 200 1
35 201 1
35 202 1
35 203 1
35 204 1
35 205 1
35 206 1
35 207 1
35 208 1
35 209 1
35 210 1
36 211 1
36 212 1
37 213 1
34 215 1
33 214 1
32 214 1
31 214 1
30 214 1
29 214 1
28 214 1
27 214 1
26 214 1
25 214 1
24 213 1
23 213 1
22 213 1
21 213 1
20 212 1
19 212 1
18 212 1
17 211 1
16 211 1
15 211 1
14 210 1
13 210 1
12 209 1
11 209 1
10 208 1
9 208 1
8 207 1
7 207 1
6 206 1
5 205 1
4 204 1
3 203 1
2 202 1
1 201 1
1 200 1
1 199 1
1 198 1
1 197 1
1 196 1
1 195 1
1 194 1
2 193 1
2 192 1
2 191 1
3 190 1
4 189 1
4 188 1
5 187 1
6 187 1
7 186 1
8 186 1
9 186 1
10 186 1
11 186 1
12 187 1
13 188 1
14 189 1
14 190 1
15 191 1
15 192 1
16 193 1
16 194 1
16 195 1
16 196 1
16 197 1
17 198 1
17 199 1
17 200 1
17 201 1
18 202 1
18 203 1
18 204 1
19 205 1
19 206 1
19 207 1
.PEN_UP
.PEN_DOWN
38 213 1
36 217 1
36 218 1
36 219 1
36 220 1
37 221 1
37 222 1
38 223 1
38 224 1
37 225 1
37 226 1
37 227 1
.PEN_UP
.PEN_DOWN
39 213 1
40 213 1
41 213 1
42 213 1
44 215 1
45 215 1
46 215 1
47 215 1
48 215 1
49 215 1
50 215 1
51 215 1
52 216 1
53 216 1
54 216 1
55 216 1
56 216 1
57 216 1
58 215 1
57 213 1
57 212 1
57 211 1
56 210 1
55 209 1
55 208 1
54 207 1
54 206 1
54 205 1
53 204 1
53 203 1
53 202 1
53 201 1
53 200 1
53 199 1
53 198 1
53 197 1
53 196 1
54 195 1
55 194 1
55 193 1
56 192 1
57 191 1
58 190 1
59 189 1
60 188 1
61 188 1
62 188 1
63 187 1
64 187 1
65 187 1
66 187 1
67 187 1
68 187 1
69 187 1
70 188 1
71 188 1
72 189 1
73 190 1
74 191 1
74 192 1
74 193 1
74 194 1
74 195 1
74 196 1
74 197 1
74 198 1
74 199 1
74 200 1
73 201 1
73 202 1
72 203 1
72 204 1
71 205 1
71 206 1
70 207 1
69 208 1
69 209 1
68 210 1
68 211 1
67 212 1
66 213 1
65 214 1
64 215 1
65 218 1
66 218 1
67 218 1
68 218 1
69 218 1
70 218 1
71 218 1
72 219 1
73 219 1
74 220 1
75 220 1
76 220 1
77 220 1
78 220 1
79 220 1
80 221 1
.PEN_UP
.PEN_DOWN
63 216 1
60 218 1
59 219 1
59 220 1
59 221 1
59 222 1
59 223 1
59 224 1
58 225 1
58 226 1
58 227 1
58 228 1
57 229 1
58 230 1
58 231 1
58 232 1
58 233 1
59 234 1
59 235 1
60 236 1
61 237 1
62 238 1
63 239 1
64 240 1
65 240 1
66 241 1
67 241 1
68 242 1
69 243 1
70 243 1
71 243 1
72 243 1
73 243 1
74 242 1
75 242 1
.PEN_UP
.PEN_DOWN
43 212 1
44 211 1
45 210 1
46 209 1
.PEN_UP
.PEN_DOWN
36 38 1
36 37 1
36 36 1
36 35 1
36 34 1
36 33 1
36 32 1
36 31 1
36 30 1
36 29 1
36 28 1
36 27 1
37 26 1
37 25 1
37 24 1
37 23 1
37 22 1
37 21 1
37 20 1
37 19 1
37 18 1
37 17 1
37 16 1
37 15 1
37 14 1
37 13 1
37 12 1
38 11 1
38 10 1
38 9 1
38 8 1
38 7 1
38 6 1
38 5 1
38 4 1
38 3 1
.PEN_UP
.PEN_DOWN
53 38 1
54 37 1
55 37 1
56 37 1
57 37 1
58 37 1
59 36 1
60 36 1
61 36 1
62 36 1
63 36 1
64 36 1
65 36 1
66 36 1
67 36 1
68 36 1
69 36 1
70 36 1
71 36 1
72 36 1
73 36 1
74 36 1
75 37 1
76 37 1
77 38 1
78 39 1
79 40 1
80 41 1
81 42 1
81 43 1
81 44 1
81 45 1
81 46 1
81 47 1
81 48 1
81 49 1
81 50 1
81 51 1
81 52 1
81 53 1
81 54 1
80 55 1
80 56 1
79 57 1
78 58 1
77 59 1
76 59 1
75 60 1
74 61 1
73 61 1
72 61 1
71 61 1
70 61 1
69 61 1
68 61 1
67 61 1
66 60 1
65 60 1
64 60 1
63 58 1
62 57 1
62 56 1
61 55 1
60 54 1
60 53 1
59 52 1
.PEN_UP
.PEN_DOWN
63 59 1
62 61 1
62 62 1
62 63 1
62 64 1
62 65 1
62 66 1
62 67 1
62 68 1
61 69 1
61 70 1
61 71 1
61 72 1
61 73 1
61 74 1
60 75 1
60 76 1
60 77 1
60 78 1
60 79 1
60 80 1
58 81 1
57 81 1
56 81 1
55 81 1
54 81 1
53 82 1
52 81 1
51 81 1
50 81 1
49 81 1
48 81 1
47 81 1
46 81 1
45 81 1
44 81 1
.PEN_UP
.PEN_DOWN
59 81 1
62 81 1
63 81 1
64 81 1
65 81 1
66 81 1
67 81 1
68 81 1
69 81 1
70 81 1
71 82 1
72 82 1
73 82 1
74 83 1
75 84 1
75 85 1
.PEN_UP
