.PEN_DOWN
4 1 1
3 2 1
3 3 1
3 4 1
2 5 1
1 6 1
1 7 1
1 8 1
1 9 1
1 10 1
1 11 1
1 12 1
1 13 1
1 14 1
1 15 1
1 16 1
1 17 1
1 18 1
1 19 1
1 20 1
1 21 1
1 22 1
1 23 1
1 24 1
1 25 1
1 26 1
1 27 1
1 28 1
1 29 1
1 30 1
1 31 1
1 32 1
2 33 1
3 34 1
4 34 1
5 34 1
6 34 1
7 34 1
8 34 1
9 35 1
10 35 1
11 35 1
12 35 1
13 35 1
14 36 1
15 36 1
16 36 1
17 36 1
18 36 1
19 36 1
20 36 1
21 37 1
22 37 1
23 37 1
24 37 1
25 37 1
26 36 1
28 37 1
29 37 1
30 37 1
31 38 1
32 38 1
33 38 1
34 39 1
38 40 1
39 40 1
40 40 1
41 41 1
42 41 1
43 41 1
44 42 1
45 43 1
45 44 1
.PEN_UP
.PEN_DOWN
35 39 1
34 41 1
33 42 1
33 43 1
32 44 1
32 45 1
31 46 1
30 47 1
29 48 1
29 49 1
28 50 1
28 51 1
28 52 1
28 53 1
28 54 1
29 55 1
30 56 1
31 57 1
32 58 1
33 58 1
34 59 1
35 59 1
36 59 1
37 59 1
38 60 1
39 60 1
40 60 1
41 60 1
42 61 1
43 61 1
44 61 1
.PEN_UP
.PEN_DOWN
34 40 1
38 37 1
38 36 1
38 35 1
39 34 1
39 33 1
39 32 1
39 31 1
39 30 1
40 29 1
40 28 1
40 27 1
39 26 1
39 25 1
39 24 1
39 23 1
39 22 1
39 21 1
38 20 1
37 19 1
36 18 1
35 17 1
34 16 1
33 15 1
32 15 1
31 15 1
30 15 1
29 15 1
28 16 1
27 16 1
26 16 1
25 17 1
24 18 1
24 19 1
23 20 1
23 21 1
22 22 1
22 23 1
22 24 1
22 25 1
22 26 1
22 27 1
23 28 1
24 29 1
24 30 1
25 31 1
25 32 1
26 33 1
26 34 1
26 35 1
.PEN_UP
.PEN_DOWN
2 35 1
2 36 1
2 37 1
2 38 1
2 39 1
2 40 1
2 41 1
2 42 1
2 43 1
2 44 1
2 45 1
2 46 1
2 47 1
2 48 1
2 49 1
2 50 1
2 51 1
2 52 1
2 53 1
2 54 1
2 55 1
3 56 1
3 57 1
3 58 1
3 59 1
3 60 1
3 61 1
3 62 1
3 63 1
3 64 1
3 65 1
3 66 1
3 67 1
3 68 1
3 69 1
3 70 1
4 71 1
4 72 1
4 73 1
4 74 1
5 75 1
6 76 1
7 76 1
9 79 1
10 80 1
11 81 1
12 82 1
13 82 1
14 83 1
15 83 1
16 83 1
17 83 1
18 83 1
19 83 1
20 83 1
21 82 1
22 82 1
23 82 1
24 81 1
25 81 1
27 82 1
28 83 1
29 84 1
30 84 1
31 85 1
32 86 1
33 86 1
34 87 1
35 88 1
36 88 1
37 89 1
38 89 1
39 90 1
40 90 1
41 91 1
42 91 1
43 92 1
44 92 1
45 93 1
46 94 1
47 95 1
48 96 1
48 97 1
48 98 1
48 99 1
48 100 1
48 101 1
49 102 1
49 103 1
48 104 1
.PEN_UP
.PEN_DOWN
26 80 1
26 79 1
26 78 1
26 77 1
27 76 1
.PEN_UP
.PEN_DOWN
8 76 1
9 75 1
10 74 1
10 73 1
10 72 1
11 71 1
11 70 1
12 69 1
13 68 1
13 67 1
.PEN_UP
.PEN_DOWN
8 77 1
7 79 1
6 80 1
5 81 1
5 82 1
6 83 1
6 84 1
6 85 1
.PEN_UP
