.PEN_DOWN
42 2 1
41 3 1
41 4 1
42 5 1
42 6 1
41 7 1
41 8 1
41 9 1
41 10 1
41 11 1
41 12 1
41 13 1
41 14 1
41 15 1
41 16 1
41 17 1
41 18 1
41 19 1
41 20 1
41 21 1
41 22 1
41 23 1
41 24 1
41 25 1
41 26 1
42 27 1
43 27 1
44 27 1
45 27 1
46 28 1
47 28 1
48 28 1
49 28 1
50 28 1
51 28 1
52 28 1
53 29 1
54 29 1
55 29 1
56 29 1
57 30 1
58 30 1
59 30 1
60 30 1
61 30 1
62 30 1
63 28 1
62 27 1
62 26 1
62 25 1
61 24 1
60 23 1
60 22 1
59 21 1
58 20 1
58 19 1
57 18 1
57 17 1
57 16 1
56 15 1
56 14 1
55 13 1
55 12 1
56 11 1
56 10 1
56 9 1
57 8 1
57 7 1
57 6 1
58 5 1
58 4 1
59 3 1
60 2 1
61 2 1
62 2 1
63 1 1
64 1 1
65 1 1
66 1 1
67 2 1
68 2 1
69 3 1
70 3 1
71 4 1
72 5 1
73 6 1
73 7 1
73 8 1
74 9 1
74 10 1
74 11 1
75 12 1
75 13 1
75 14 1
75 15 1
75 16 1
75 17 1
74 18 1
74 19 1
74 20 1
74 21 1
74 22 1
74 23 1
73 24 1
73 25 1
73 26 1
72 27 1
71 28 1
71 29 1
70 30 1
69 31 1
67 32 1
66 32 1
65 32 1
64 33 1
64 34 1
64 35 1
63 36 1
63 37 1
63 38 1
63 39 1
62 40 1
62 41 1
62 42 1
62 43 1
62 44 1
63 45 1
64 46 1
65 47 1
66 48 1
67 49 1
68 49 1
69 49 1
70 49 1
71 50 1
72 50 1
73 50 1
74 50 1
75 49 1
76 49 1
77 49 1
78 49 1
.PEN_UP
.PEN_DOWN
68 32 1
70 33 1
71 33 1
72 33 1
73 34 1
74 34 1
75 34 1
76 35 1
77 35 1
78 35 1
79 36 1
80 37 1
81 37 1
.PEN_UP
.PEN_DOWN
41 28 1
41 29 1
41 30 1
41 31 1
41 32 1
41 33 1
41 34 1
41 35 1
41 36 1
41 37 1
41 38 1
41 39 1
41 40 1
41 41 1
41 42 1
41 43 1
40 44 1
40 45 1
40 46 1
40 47 1
40 48 1
40 49 1
40 50 1
40 51 1
41 52 1
41 53 1
41 54 1
41 55 1
41 56 1
41 57 1
41 58 1
41 59 1
41 60 1
41 61 1
41 62 1
41 63 1
41 64 1
41 65 1
42 66 1
42 67 1
42 68 1
42 69 1
44 70 1
45 70 1
46 70 1
47 70 1
48 70 1
49 70 1
50 70 1
51 71 1
52 71 1
53 71 1
54 71 1
55 71 1
56 72 1
57 72 1
58 72 1
59 72 1
60 72 1
61 72 1
62 72 1
63 72 1
64 72 1
65 72 1
66 73 1
67 73 1
68 73 1
69 73 1
70 73 1
71 73 1
72 74 1
73 74 1
74 74 1
75 74 1
76 75 1
77 75 1
78 75 1
79 76 1
80 76 1
.PEN_UP
.PEN_DOWN
42 70 1
41 72 1
41 73 1
41 74 1
41 75 1
41 76 1
41 77 1
41 78 1
41 79 1
42 80 1
42 81 1
42 82 1
42 83 1
42 84 1
42 85 1
42 86 1
42 87 1
42 88 1
42 89 1
42 90 1
42 91 1
42 92 1
42 93 1
42 94 1
43 95 1
45 94 1
46 93 1
47 92 1
48 91 1
49 90 1
.PEN_UP
.PEN_DOWN
44 95 1
44 97 1
44 98 1
44 99 1
43 101 1
43 102 1
43 103 1
43 104 1
43 105 1
43 106 1
43 107 1
43 108 1
43 109 1
43 110 1
43 111 1
42 112 1
40 113 1
39 113 1
38 112 1
37 112 1
36 111 1
35 111 1
34 110 1
33 109 1
32 108 1
31 107 1
30 106 1
29 105 1
28 105 1
27 104 1
26 103 1
25 102 1
24 101 1
23 100 1
22 99 1
21 99 1
20 98 1
19 97 1
18 97 1
17 96 1
16 95 1
15 95 1
14 95 1
13 94 1
12 94 1
11 94 1
10 93 1
9 93 1
8 93 1
7 93 1
6 92 1
5 93 1
4 94 1
3 95 1
2 96 1
2 97 1
1 98 1
1 99 1
1 100 1
1 101 1
1 102 1
1 103 1
1 104 1
1 105 1
1 106 1
1 107 1
1 108 1
2 109 1
2 110 1
2 111 1
2 112 1
2 113 1
3 114 1
3 115 1
3 116 1
3 117 1
3 118 1
3 119 1
3 120 1
3 121 1
3 122 1
3 123 1
3 124 1
3 125 1
3 126 1
4 127 1
4 128 1
4 129 1
4 130 1
4 131 1
4 132 1
4 133 1
4 134 1
4 135 1
4 136 1
5 137 1
5 138 1
5 139 1
5 140 1
.PEN_UP
.PEN_DOWN
41 113 1
42 115 1
43 116 1
43 117 1
43 118 1
43 119 1
43 120 1
43 121 1
44 122 1
44 123 1
44 124 1
46 125 1
47 124 1
48 124 1
49 124 1
50 124 1
51 124 1
52 124 1
53 124 1
54 124 1
55 124 1
56 124 1
57 124 1
58 124 1
59 124 1
60 124 1
61 124 1
62 124 1
63 125 1
64 126 1
65 126 1
66 126 1
67 126 1
68 126 1
69 126 1
70 126 1
71 126 1
72 126 1
73 126 1
74 126 1
75 126 1
76 126 1
77 127 1
78 127 1
79 127 1
80 127 1
81 127 1
82 127 1
83 127 1
84 127 1
85 128 1
86 128 1
.PEN_UP
.PEN_DOWN
63 123 1
63 122 1
63 121 1
64 120 1
65 119 1
66 118 1
66 117 1
66 116 1
66 115 1
67 114 1
67 113 1
66 112 1
66 111 1
65 110 1
64 109 1
64 108 1
63 107 1
62 106 1
61 105 1
60 104 1
60 103 1
58 102 1
57 102 1
56 102 1
55 103 1
54 103 1
53 103 1
52 103 1
51 103 1
50 103 1
49 102 1
48 102 1
47 101 1
46 101 1
45 100 1
.PEN_UP
.PEN_DOWN
59 102 1
60 100 1
60 99 1
61 98 1
61 97 1
62 96 1
.PEN_UP
.PEN_DOWN
44 125 1
44 127 1
44 128 1
44 129 1
44 130 1
44 131 1
44 132 1
44 133 1
44 134 1
44 135 1
44 136 1
44 137 1
44 138 1
44 139 1
44 140 1
44 141 1
44 142 1
44 143 1
44 144 1
44 145 1
44 146 1
44 147 1
44 148 1
44 149 1
44 150 1
44 151 1
44 152 1
44 153 1
44 154 1
44 155 1
44 156 1
44 157 1
44 158 1
44 159 1
44 160 1
44 161 1
44 162 1
44 163 1
44 164 1
44 165 1
44 166 1
44 167 1
44 168 1
44 169 1
44 170 1
44 171 1
44 172 1
44 173 1
44 174 1
44 175 1
44 176 1
43 177 1
43 178 1
43 179 1
43 180 1
43 181 1
43 182 1
44 183 1
46 184 1
47 185 1
48 185 1
49 185 1
50 185 1
51 185 1
52 185 1
53 185 1
54 186 1
55 186 1
56 186 1
57 186 1
58 187 1
59 187 1
60 187 1
61 187 1
62 188 1
63 188 1
64 188 1
65 189 1
66 189 1
67 189 1
68 189 1
69 188 1
71 189 1
72 189 1
73 189 1
74 190 1
75 190 1
76 190 1
77 189 1
78 189 1
79 189 1
80 189 1
81 189 1
82 189 1
83 189 1
84 190 1
85 190 1
86 190 1
87 190 1
88 189 1
89 189 1
.PEN_UP
.PEN_DOWN
70 187 1
71 186 1
71 185 1
71 184 1
71 183 1
71 182 1
72 181 1
72 180 1
72 179 1
72 178 1
72 177 1
73 176 1
73 175 1
73 174 1
73 173 1
73 172 1
73 171 1
73 170 1
73 169 1
73 168 1
73 167 1
73 166 1
73 165 1
73 164 1
73 163 1
72 159 1
72 158 1
72 157 1
71 156 1
71 155 1
70 154 1
69 153 1
68 152 1
68 151 1
67 150 1
66 149 1
65 149 1
64 148 1
63 148 1
62 148 1
61 148 1
60 148 1
59 148 1
58 148 1
57 149 1
56 150 1
55 151 1
55 152 1
55 153 1
55 154 1
54 155 1
54 156 1
55 157 1
55 158 1
56 159 1
57 160 1
58 161 1
59 162 1
60 162 1
61 162 1
62 162 1
63 163 1
64 163 1
65 163 1
66 163 1
67 162 1
68 162 1
69 162 1
70 162 1
71 162 1
75 161 1
76 161 1
77 160 1
78 160 1
79 160 1
80 160 1
81 160 1
82 159 1
83 159 1
84 159 1
85 159 1
86 159 1
87 159 1
88 160 1
89 160 1
90 161 1
91 162 1
92 163 1
92 164 1
92 165 1
92 166 1
92 167 1
92 168 1
92 169 1
92 170 1
93 172 1
94 172 1
95 172 1
96 172 1
97 172 1
98 172 1
99 172 1
100 172 1
101 172 1
102 172 1
.PEN_UP
.PEN_DOWN
91 171 1
90 172 1
89 172 1
88 172 1
87 172 1
86 173 1
85 173 1
.PEN_UP
.PEN_DOWN
44 184 1
44 186 1
44 187 1
43 188 1
43 189 1
43 190 1
43 191 1
43 192 1
43 193 1
44 194 1
44 195 1
44 196 1
44 197 1
44 198 1
44 199 1
44 200 1
44 201 1
44 202 1
44 203 1
44 204 1
44 205 1
44 206 1
44 207 1
44 208 1
44 209 1
44 210 1
44 211 1
44 212 1
44 213 1
44 214 1
44 215 1
44 216 1
44 217 1
44 218 1
44 219 1
44 220 1
44 221 1
46 222 1
47 222 1
48 222 1
49 222 1
50 222 1
51 222 1
52 223 1
53 224 1
54 224 1
55 224 1
56 224 1
57 224 1
58 225 1
59 225 1
60 225 1
61 225 1
62 225 1
63 225 1
64 225 1
65 225 1
66 225 1
67 226 1
71 226 1
72 226 1
73 226 1
74 226 1
75 226 1
76 225 1
77 225 1
78 225 1
79 225 1
80 225 1
81 224 1
82 223 1
82 222 1
83 221 1
82 220 1
82 219 1
82 218 1
81 217 1
81 216 1
80 215 1
79 214 1
78 213 1
77 212 1
76 211 1
75 210 1
74 210 1
73 210 1
72 210 1
71 210 1
70 210 1
69 211 1
68 212 1
68 213 1
68 214 1
68 215 1
68 216 1
68 217 1
68 218 1
68 219 1
68 220 1
68 221 1
68 222 1
68 223 1
68 224 1
68 225 1
69 228 1
69 229 1
69 230 1
69 231 1
69 232 1
69 233 1
69 234 1
69 235 1
69 236 1
69 237 1
69 238 1
68 239 1
68 240 1
67 241 1
67 242 1
67 243 1
66 244 1
66 245 1
66 246 1
64 247 1
63 247 1
62 247 1
61 247 1
60 247 1
59 247 1
58 247 1
57 247 1
56 246 1
55 246 1
54 246 1
53 246 1
52 246 1
.PEN_UP
.PEN_DOWN
65 247 1
67 248 1
68 248 1
69 248 1
70 248 1
71 248 1
72 248 1
73 248 1
74 248 1
75 248 1
76 249 1
77 249 1
78 249 1
79 249 1
80 249 1
81 249 1
82 249 1
83 250 1
84 251 1
85 252 1
.PEN_UP
.PEN_DOWN
44 222 1
43 224 1
43 225 1
43 226 1
43 227 1
43 228 1
44 229 1
44 230 1
44 231 1
44 232 1
44 233 1
44 234 1
44 235 1
44 236 1
44 237 1
44 238 1
44 239 1
44 240 1
44 241 1
44 242 1
44 243 1
45 244 1
45 245 1
45 246 1
45 247 1
45 248 1
45 249 1
45 250 1
45 251 1
45 252 1
45 253 1
45 254 1
45 255 1
45 256 1
45 257 1
45 258 1
45 259 1
45 260 1
45 261 1
45 262 1
46 263 1
46 264 1
46 265 1
46 266 1
46 267 1
46 268 1
46 269 1
46 270 1
46 271 1
46 272 1
46 273 1
46 274 1
46 275 1
46 276 1
46 277 1
46 278 1
46 279 1
46 280 1
46 281 1
46 282 1
46 283 1
47 284 1
47 285 1
47 286 1
47 287 1
47 288 1
47 289 1
48 290 1
48 291 1
50 292 1
51 292 1
52 292 1
53 292 1
54 292 1
55 292 1
56 292 1
57 292 1
58 293 1
59 293 1
60 293 1
61 293 1
62 293 1
63 294 1
64 294 1
65 294 1
66 294 1
67 294 1
68 294 1
69 293 1
71 294 1
72 294 1
73 294 1
74 295 1
75 295 1
76 295 1
77 295 1
78 295 1
79 295 1
80 295 1
81 295 1
82 295 1
83 295 1
84 295 1
.PEN_UP
.PEN_DOWN
69 292 1
69 291 1
68 290 1
68 289 1
68 288 1
67 287 1
67 286 1
67 285 1
66 284 1
66 283 1
65 282 1
65 281 1
65 280 1
65 279 1
66 278 1
66 277 1
66 276 1
67 275 1
68 274 1
69 273 1
70 272 1
71 272 1
72 272 1
73 272 1
74 272 1
75 272 1
76 272 1
77 272 1
78 272 1
79 272 1
80 273 1
81 273 1
82 273 1
83 273 1
84 274 1
85 274 1
86 274 1
87 275 1
88 276 1
89 277 1
.PEN_UP
.PEN_DOWN
48 292 1
47 293 1
47 294 1
47 295 1
47 296 1
47 297 1
47 298 1
47 299 1
47 300 1
47 301 1
48 302 1
48 303 1
48 304 1
48 305 1
48 306 1
48 307 1
48 308 1
48 309 1
48 310 1
48 311 1
48 312 1
48 313 1
48 314 1
48 315 1
48 316 1
48 317 1
49 318 1
51 319 1
52 319 1
53 319 1
54 319 1
55 319 1
56 320 1
57 320 1
58 320 1
59 320 1
60 320 1
61 320 1
62 320 1
63 321 1
64 321 1
65 321 1
66 321 1
67 321 1
68 321 1
69 321 1
70 321 1
71 321 1
72 321 1
73 322 1
74 322 1
75 322 1
76 322 1
77 322 1
78 322 1
79 322 1
80 322 1
81 322 1
82 322 1
83 322 1
84 322 1
85 322 1
86 322 1
87 322 1
88 322 1
.PEN_UP
.PEN_DOWN
49 319 1
48 321 1
48 322 1
48 323 1
48 324 1
48 325 1
48 326 1
48 327 1
48 328 1
48 329 1
49 330 1
49 331 1
49 332 1
.PEN_UP
