.PEN_DOWN
33 6 1
34 7 1
35 7 1
36 8 1
37 8 1
38 9 1
39 9 1
40 9 1
41 10 1
42 11 1
43 11 1
44 12 1
45 12 1
46 12 1
47 13 1
48 13 1
49 13 1
50 14 1
51 14 1
52 14 1
53 14 1
54 15 1
55 15 1
56 15 1
57 16 1
58 16 1
59 16 1
60 16 1
61 17 1
62 17 1
63 17 1
64 17 1
65 17 1
66 17 1
67 16 1
69 16 1
70 16 1
71 17 1
72 17 1
73 17 1
74 17 1
75 18 1
76 18 1
.PEN_UP
.PEN_DOWN
73 39 1
72 38 1
71 37 1
70 36 1
69 35 1
68 34 1
67 34 1
66 33 1
65 32 1
64 31 1
63 31 1
62 30 1
61 29 1
60 29 1
59 29 1
58 28 1
57 28 1
56 28 1
55 28 1
54 28 1
53 28 1
52 29 1
51 29 1
50 30 1
49 31 1
48 32 1
48 33 1
48 34 1
47 35 1
47 36 1
47 37 1
47 38 1
47 39 1
47 40 1
47 41 1
47 42 1
47 43 1
47 44 1
48 45 1
48 46 1
49 47 1
49 48 1
50 49 1
51 50 1
51 51 1
52 52 1
52 53 1
54 54 1
55 54 1
56 54 1
57 54 1
58 54 1
59 55 1
60 55 1
61 55 1
62 56 1
63 56 1
64 56 1
.PEN_UP
.PEN_DOWN
52 54 1
51 55 1
50 56 1
50 57 1
49 58 1
49 59 1
50 60 1
50 61 1
51 62 1
51 63 1
51 64 1
51 65 1
52 66 1
52 67 1
53 69 1
54 70 1
55 70 1
56 70 1
57 70 1
58 71 1
59 71 1
60 71 1
61 72 1
62 72 1
63 72 1
64 72 1
65 72 1
66 73 1
67 73 1
68 73 1
69 74 1
70 74 1
71 74 1
72 74 1
.PEN_UP
.PEN_DOWN
51 68 1
50 68 1
49 68 1
48 68 1
47 68 1
46 68 1
45 68 1
44 67 1
43 67 1
42 67 1
41 67 1
40 67 1
39 66 1
38 66 1
37 66 1
36 66 1
35 66 1
34 66 1
33 66 1
32 66 1
31 66 1
30 66 1
29 66 1
28 65 1
27 65 1
25 63 1
25 62 1
24 61 1
24 60 1
24 59 1
24 58 1
22 57 1
21 57 1
20 57 1
19 56 1
18 56 1
17 55 1
16 54 1
15 54 1
14 53 1
13 53 1
12 52 1
11 51 1
10 51 1
9 50 1
8 49 1
7 48 1
6 47 1
5 46 1
5 45 1
4 44 1
4 43 1
3 42 1
3 41 1
2 40 1
2 39 1
2 38 1
1 37 1
1 36 1
1 35 1
1 34 1
1 33 1
1 32 1
1 31 1
1 30 1
1 29 1
1 28 1
1 27 1
1 26 1
1 25 1
2 24 1
2 23 1
2 22 1
3 21 1
3 20 1
3 19 1
3 18 1
3 17 1
4 16 1
4 15 1
4 14 1
5 13 1
5 12 1
5 11 1
6 10 1
6 9 1
7 8 1
8 7 1
9 6 1
10 5 1
11 4 1
12 4 1
13 3 1
14 3 1
15 2 1
16 2 1
17 2 1
18 2 1
19 2 1
20 2 1
21 1 1
22 2 1
23 3 1
23 4 1
22 5 1
22 6 1
22 7 1
22 8 1
22 9 1
22 10 1
22 11 1
22 12 1
22 13 1
22 14 1
22 15 1
22 16 1
22 17 1
22 18 1
22 19 1
22 20 1
22 21 1
22 22 1
22 23 1
22 24 1
22 25 1
22 26 1
22 27 1
22 28 1
23 29 1
23 30 1
23 31 1
23 32 1
23 33 1
23 34 1
23 35 1
23 36 1
23 37 1
23 38 1
23 39 1
23 40 1
23 41 1
23 42 1
23 43 1
23 44 1
24 45 1
24 46 1
24 47 1
24 48 1
24 49 1
24 50 1
24 51 1
24 52 1
24 53 1
24 54 1
24 55 1
24 56 1
.PEN_UP
.PEN_DOWN
26 64 1
26 67 1
25 68 1
25 69 1
25 70 1
25 71 1
25 72 1
25 73 1
25 74 1
25 75 1
25 76 1
25 77 1
25 78 1
25 79 1
25 80 1
25 81 1
25 82 1
25 83 1
26 84 1
26 85 1
26 86 1
26 87 1
26 88 1
26 89 1
26 90 1
26 91 1
26 92 1
27 93 1
28 93 1
29 93 1
30 93 1
31 93 1
32 94 1
33 95 1
34 95 1
35 96 1
36 97 1
37 97 1
38 98 1
39 98 1
40 99 1
41 99 1
42 100 1
43 100 1
44 101 1
45 101 1
46 102 1
47 102 1
48 102 1
49 103 1
50 103 1
51 103 1
52 104 1
53 104 1
54 105 1
55 105 1
56 105 1
57 106 1
58 106 1
59 107 1
60 107 1
61 107 1
62 108 1
63 108 1
64 109 1
65 109 1
66 110 1
67 110 1
68 111 1
69 112 1
70 113 1
71 114 1
72 115 1
72 116 1
73 117 1
74 118 1
75 119 1
76 120 1
77 121 1
78 122 1
79 123 1
79 124 1
80 125 1
81 126 1
81 127 1
82 128 1
83 129 1
84 130 1
84 131 1
85 132 1
.PEN_UP
.PEN_DOWN
26 94 1
26 95 1
27 96 1
27 97 1
27 98 1
27 99 1
27 100 1
27 101 1
27 102 1
27 103 1
27 104 1
27 105 1
27 106 1
27 107 1
27 108 1
27 109 1
27 110 1
27 111 1
27 112 1
27 113 1
27 114 1
27 115 1
28 116 1
28 117 1
28 118 1
28 119 1
28 120 1
28 121 1
28 122 1
.PEN_UP
.PEN_DOWN
28 125 1
28 126 1
28 129 1
27 130 1
27 131 1
27 132 1
.PEN_UP
.PEN_DOWN
28 127 1
30 128 1
31 128 1
32 128 1
33 128 1
34 129 1
35 129 1
36 130 1
37 130 1
38 131 1
39 131 1
40 132 1
41 132 1
42 133 1
43 133 1
44 134 1
45 135 1
46 135 1
47 135 1
48 136 1
49 135 1
50 134 1
51 133 1
51 132 1
51 131 1
51 130 1
52 129 1
52 128 1
53 127 1
53 126 1
53 125 1
53 124 1
52 123 1
52 122 1
52 121 1
52 120 1
52 119 1
52 118 1
52 117 1
.PEN_UP
