.PEN_DOWN
7 29 1
7 28 1
6 27 1
6 26 1
5 25 1
7 24 1
8 24 1
9 24 1
10 23 1
11 23 1
12 23 1
15 23 1
16 23 1
17 23 1
18 23 1
19 23 1
20 23 1
21 23 1
22 24 1
23 24 1
24 24 1
25 24 1
26 25 1
27 25 1
28 26 1
28 27 1
29 28 1
29 29 1
.PEN_UP
.PEN_DOWN
13 22 1
13 21 1
13 20 1
13 19 1
14 18 1
14 17 1
14 16 1
15 15 1
16 14 1
16 13 1
17 12 1
17 11 1
17 10 1
18 9 1
18 8 1
18 7 1
18 6 1
19 5 1
19 4 1
19 3 1
19 2 1
18 1 1
17 1 1
16 1 1
15 2 1
14 2 1
13 2 1
12 3 1
11 3 1
10 4 1
9 5 1
8 6 1
7 7 1
6 8 1
5 9 1
5 10 1
4 11 1
4 12 1
3 13 1
3 14 1
2 15 1
2 16 1
2 17 1
1 18 1
1 19 1
1 20 1
1 21 1
2 22 1
2 23 1
3 24 1
4 24 1
.PEN_UP
