.PEN_DOWN
44 1 1
45 2 1
45 3 1
46 4 1
47 5 1
47 6 1
48 7 1
48 8 1
48 9 1
48 10 1
48 11 1
49 12 1
49 13 1
49 14 1
50 15 1
50 16 1
50 17 1
50 18 1
50 19 1
50 20 1
51 21 1
51 22 1
51 23 1
51 24 1
51 25 1
51 26 1
51 27 1
51 28 1
51 29 1
51 30 1
51 31 1
51 32 1
51 33 1
50 34 1
50 35 1
50 36 1
50 37 1
50 38 1
50 39 1
49 40 1
49 41 1
49 42 1
49 43 1
49 44 1
48 45 1
48 46 1
48 47 1
47 48 1
47 49 1
47 50 1
46 51 1
45 51 1
44 52 1
43 52 1
42 51 1
41 51 1
40 50 1
39 49 1
39 48 1
38 47 1
38 46 1
37 45 1
37 44 1
37 43 1
37 42 1
36 41 1
36 40 1
36 39 1
35 38 1
35 37 1
35 36 1
35 35 1
35 34 1
35 33 1
35 32 1
34 31 1
34 30 1
34 29 1
34 28 1
34 27 1
34 26 1
34 25 1
33 24 1
33 23 1
33 22 1
33 21 1
33 20 1
33 19 1
33 18 1
32 17 1
32 16 1
32 15 1
32 14 1
32 13 1
31 12 1
31 11 1
31 10 1
31 9 1
31 8 1
30 7 1
30 6 1
29 5 1
29 4 1
28 3 1
27 2 1
26 1 1
25 1 1
24 1 1
23 1 1
22 2 1
21 3 1
20 4 1
20 5 1
20 6 1
20 7 1
19 8 1
19 9 1
19 10 1
19 11 1
19 12 1
19 13 1
19 14 1
19 15 1
19 16 1
19 17 1
19 18 1
19 19 1
19 20 1
19 21 1
19 22 1
20 23 1
20 24 1
20 25 1
20 26 1
20 27 1
20 28 1
21 29 1
21 30 1
21 31 1
22 32 1
22 33 1
22 34 1
22 35 1
23 36 1
23 37 1
24 38 1
24 39 1
25 40 1
25 41 1
26 42 1
26 43 1
26 44 1
27 45 1
27 46 1
.PEN_UP
.PEN_DOWN
18 108 1
19 107 1
20 107 1
21 107 1
22 107 1
23 106 1
24 106 1
25 106 1
26 106 1
27 106 1
28 106 1
29 106 1
30 106 1
31 105 1
33 105 1
34 105 1
35 106 1
36 106 1
37 106 1
39 107 1
40 108 1
41 109 1
42 109 1
43 110 1
44 111 1
45 112 1
45 113 1
46 114 1
46 115 1
46 116 1
46 117 1
46 118 1
46 119 1
46 120 1
46 121 1
45 122 1
45 123 1
45 124 1
44 125 1
44 126 1
44 127 1
44 128 1
43 129 1
43 130 1
43 131 1
43 132 1
42 133 1
41 134 1
41 135 1
41 136 1
41 137 1
40 138 1
40 139 1
39 140 1
39 141 1
38 142 1
37 143 1
37 144 1
36 145 1
36 146 1
36 147 1
36 148 1
34 149 1
33 150 1
32 150 1
31 150 1
30 150 1
29 151 1
28 151 1
.PEN_UP
.PEN_DOWN
35 149 1
38 150 1
39 151 1
39 152 1
40 153 1
40 154 1
40 155 1
39 156 1
38 157 1
37 157 1
36 157 1
35 158 1
34 158 1
33 158 1
32 158 1
31 158 1
30 158 1
29 158 1
28 158 1
27 158 1
26 159 1
25 160 1
24 161 1
23 162 1
22 163 1
21 164 1
21 165 1
20 166 1
19 167 1
19 168 1
19 169 1
18 170 1
18 171 1
18 172 1
17 173 1
17 174 1
17 175 1
17 176 1
16 177 1
16 178 1
16 179 1
16 180 1
16 181 1
16 182 1
16 183 1
16 184 1
17 185 1
17 186 1
17 187 1
17 188 1
18 189 1
19 190 1
20 191 1
20 192 1
21 193 1
22 194 1
23 195 1
24 196 1
25 196 1
26 197 1
27 197 1
28 198 1
29 199 1
31 200 1
32 199 1
33 199 1
34 199 1
35 199 1
36 199 1
37 199 1
38 199 1
39 199 1
40 199 1
41 199 1
42 201 1
43 202 1
43 203 1
43 204 1
44 205 1
44 206 1
44 207 1
45 208 1
45 209 1
45 210 1
45 211 1
45 212 1
45 213 1
46 214 1
46 215 1
45 216 1
45 217 1
45 218 1
45 219 1
45 220 1
45 221 1
44 222 1
44 223 1
44 224 1
44 225 1
43 226 1
43 227 1
43 228 1
42 229 1
42 230 1
42 231 1
41 232 1
41 233 1
41 234 1
40 235 1
40 236 1
40 237 1
39 238 1
39 239 1
38 240 1
38 241 1
37 242 1
36 243 1
36 244 1
36 245 1
35 246 1
35 247 1
34 248 1
32 249 1
31 249 1
30 249 1
29 249 1
28 249 1
27 249 1
26 249 1
25 249 1
24 249 1
23 249 1
22 249 1
21 249 1
20 249 1
19 249 1
18 249 1
17 249 1
16 249 1
15 249 1
14 248 1
13 248 1
12 248 1
11 248 1
10 247 1
9 247 1
8 247 1
7 247 1
6 246 1
5 246 1
4 246 1
3 246 1
2 246 1
1 246 1
.PEN_UP
.PEN_DOWN
33 249 1
35 250 1
36 251 1
37 251 1
38 252 1
39 252 1
40 252 1
41 252 1
42 253 1
43 253 1
.PEN_UP
.PEN_DOWN
29 200 1
28 202 1
28 203 1
27 204 1
27 205 1
26 206 1
25 207 1
24 208 1
24 209 1
23 210 1
23 211 1
22 212 1
22 213 1
21 214 1
21 215 1
21 216 1
20 217 1
20 218 1
20 219 1
20 220 1
20 221 1
20 222 1
20 223 1
20 224 1
20 225 1
20 226 1
20 227 1
20 228 1
20 229 1
20 230 1
21 231 1
21 232 1
21 233 1
21 234 1
21 235 1
22 236 1
23 237 1
24 238 1
24 239 1
24 240 1
25 241 1
25 242 1
26 243 1
.PEN_UP
.PEN_DOWN
38 105 1
39 104 1
40 103 1
40 102 1
41 101 1
42 100 1
43 99 1
43 98 1
44 97 1
44 96 1
44 95 1
45 94 1
45 93 1
45 92 1
45 91 1
46 90 1
46 89 1
46 88 1
46 87 1
46 86 1
47 85 1
47 84 1
47 83 1
47 82 1
47 81 1
47 80 1
47 79 1
47 78 1
47 77 1
47 76 1
47 75 1
47 74 1
47 73 1
46 72 1
46 71 1
46 70 1
46 69 1
46 68 1
45 67 1
44 66 1
44 65 1
43 64 1
42 63 1
41 62 1
40 62 1
39 61 1
38 61 1
37 61 1
36 61 1
35 61 1
34 61 1
33 61 1
32 61 1
31 61 1
30 62 1
29 62 1
28 63 1
27 64 1
26 65 1
25 66 1
24 67 1
23 68 1
22 69 1
21 70 1
21 71 1
20 72 1
20 73 1
20 74 1
19 75 1
19 76 1
19 77 1
19 78 1
19 79 1
19 80 1
19 81 1
19 82 1
19 83 1
20 84 1
20 85 1
20 86 1
21 87 1
21 88 1
22 89 1
23 90 1
24 91 1
25 92 1
26 93 1
27 94 1
28 95 1
28 96 1
29 97 1
29 98 1
29 99 1
30 100 1
30 101 1
30 102 1
31 103 1
31 104 1
.PEN_UP
