.PEN_DOWN
30 23 1
30 22 1
30 21 1
30 20 1
30 19 1
30 18 1
30 17 1
31 16 1
31 15 1
32 14 1
32 13 1
33 12 1
34 11 1
34 10 1
35 9 1
36 8 1
37 8 1
38 7 1
39 6 1
40 5 1
41 5 1
42 4 1
43 4 1
44 4 1
45 3 1
46 2 1
47 2 1
48 2 1
49 1 1
50 1 1
51 1 1
52 1 1
53 1 1
54 2 1
55 3 1
55 4 1
55 5 1
55 6 1
55 7 1
55 8 1
54 9 1
54 10 1
53 11 1
53 12 1
52 13 1
52 14 1
51 15 1
50 16 1
50 17 1
49 18 1
48 19 1
48 20 1
47 21 1
46 22 1
45 23 1
45 24 1
44 25 1
43 26 1
42 27 1
41 28 1
40 29 1
39 30 1
38 31 1
37 32 1
37 33 1
36 34 1
36 35 1
36 36 1
35 37 1
33 38 1
32 39 1
31 39 1
30 40 1
29 40 1
28 41 1
27 41 1
26 42 1
25 42 1
24 42 1
23 43 1
22 43 1
21 43 1
20 44 1
19 44 1
18 44 1
17 44 1
16 45 1
15 45 1
14 45 1
13 46 1
12 46 1
11 46 1
10 47 1
9 47 1
8 47 1
7 47 1
6 48 1
5 48 1
4 48 1
3 48 1
.PEN_UP
.PEN_DOWN
34 38 1
37 38 1
38 38 1
39 38 1
40 38 1
41 38 1
42 38 1
43 38 1
44 38 1
45 38 1
46 39 1
46 40 1
46 41 1
45 42 1
45 43 1
45 44 1
44 45 1
44 46 1
43 47 1
42 48 1
41 49 1
40 50 1
39 51 1
38 52 1
37 53 1
36 54 1
35 55 1
35 56 1
35 57 1
35 58 1
36 59 1
37 60 1
38 60 1
39 60 1
40 60 1
41 60 1
42 60 1
43 60 1
44 60 1
45 60 1
46 60 1
47 60 1
48 61 1
49 61 1
50 62 1
51 62 1
52 62 1
53 62 1
.PEN_UP
.PEN_DOWN
53 69 1
53 70 1
52 71 1
51 72 1
51 73 1
51 74 1
51 75 1
50 76 1
50 77 1
49 79 1
48 80 1
47 80 1
46 81 1
45 81 1
44 81 1
43 82 1
42 82 1
.PEN_UP
.PEN_DOWN
50 78 1
52 78 1
53 78 1
54 78 1
55 78 1
56 77 1
57 77 1
58 78 1
59 78 1
.PEN_UP
.PEN_DOWN
42 98 1
42 99 1
41 100 1
40 101 1
39 101 1
38 101 1
37 102 1
36 103 1
35 104 1
35 105 1
33 106 1
32 107 1
32 108 1
31 109 1
31 110 1
30 111 1
29 113 1
28 113 1
27 114 1
26 114 1
25 115 1
24 116 1
23 116 1
22 117 1
21 118 1
20 119 1
19 119 1
18 119 1
17 120 1
16 121 1
15 122 1
.PEN_UP
.PEN_DOWN
30 112 1
32 112 1
33 112 1
34 112 1
35 111 1
36 111 1
37 111 1
38 110 1
39 110 1
40 109 1
41 109 1
42 109 1
43 108 1
44 108 1
45 108 1
46 108 1
47 108 1
48 108 1
49 108 1
50 108 1
51 108 1
52 109 1
53 109 1
54 110 1
54 111 1
54 112 1
54 113 1
54 114 1
54 115 1
55 116 1
55 117 1
55 118 1
54 119 1
54 120 1
54 121 1
54 122 1
54 123 1
53 124 1
53 125 1
52 126 1
52 127 1
51 128 1
51 129 1
50 130 1
50 131 1
49 132 1
49 133 1
48 134 1
48 135 1
48 136 1
48 137 1
48 138 1
46 139 1
45 139 1
44 139 1
43 140 1
42 140 1
41 141 1
40 142 1
39 143 1
39 144 1
38 145 1
39 146 1
39 147 1
40 148 1
41 149 1
42 150 1
42 152 1
41 153 1
40 154 1
39 154 1
38 155 1
37 155 1
36 155 1
35 156 1
34 156 1
33 156 1
32 157 1
31 157 1
30 157 1
29 158 1
28 158 1
27 158 1
26 159 1
25 159 1
24 160 1
23 160 1
22 160 1
21 160 1
19 162 1
18 162 1
17 162 1
16 162 1
15 163 1
14 163 1
13 164 1
12 164 1
11 164 1
10 164 1
9 164 1
8 164 1
7 164 1
6 164 1
5 164 1
4 162 1
5 161 1
5 160 1
.PEN_UP
.PEN_DOWN
20 160 1
19 159 1
19 158 1
18 157 1
17 157 1
16 157 1
.PEN_UP
.PEN_DOWN
43 150 1
44 150 1
45 149 1
46 149 1
47 148 1
48 148 1
49 148 1
50 147 1
51 146 1
51 145 1
52 144 1
52 143 1
52 142 1
52 141 1
51 140 1
50 139 1
49 139 1
.PEN_UP
.PEN_DOWN
37 177 1
38 177 1
39 177 1
40 176 1
41 176 1
42 176 1
43 176 1
44 175 1
45 175 1
46 175 1
47 175 1
48 175 1
49 175 1
50 174 1
51 174 1
52 174 1
53 173 1
54 173 1
55 173 1
56 172 1
57 172 1
58 173 1
59 173 1
.PEN_UP
.PEN_DOWN
45 182 1
44 183 1
43 184 1
42 185 1
42 186 1
41 187 1
40 188 1
39 189 1
39 190 1
39 191 1
38 192 1
38 193 1
37 194 1
37 195 1
37 196 1
37 197 1
37 198 1
37 199 1
37 200 1
37 201 1
38 202 1
39 202 1
40 203 1
42 205 1
42 206 1
42 207 1
42 208 1
.PEN_UP
.PEN_DOWN
41 203 1
43 203 1
44 202 1
45 202 1
46 201 1
47 200 1
48 200 1
49 200 1
50 199 1
51 198 1
52 198 1
53 197 1
54 197 1
55 197 1
56 197 1
57 197 1
58 198 1
59 199 1
60 200 1
60 201 1
60 202 1
60 203 1
60 204 1
60 205 1
60 206 1
60 207 1
60 208 1
60 209 1
60 210 1
60 211 1
59 212 1
58 213 1
58 214 1
58 215 1
57 216 1
57 217 1
57 218 1
57 219 1
57 220 1
57 221 1
57 222 1
56 223 1
55 224 1
54 225 1
53 227 1
53 228 1
52 229 1
52 230 1
51 231 1
51 232 1
50 233 1
49 234 1
49 235 1
48 236 1
48 237 1
48 238 1
47 239 1
48 240 1
49 241 1
50 241 1
51 241 1
52 241 1
53 241 1
54 241 1
55 241 1
56 241 1
57 240 1
58 240 1
59 240 1
60 240 1
61 240 1
62 239 1
63 239 1
64 238 1
65 238 1
66 238 1
67 237 1
68 237 1
69 237 1
70 236 1
71 236 1
72 236 1
73 235 1
74 234 1
75 234 1
76 234 1
77 233 1
78 233 1
79 232 1
80 231 1
.PEN_UP
.PEN_DOWN
53 225 1
51 225 1
50 225 1
49 225 1
48 226 1
47 226 1
.PEN_UP
