.PEN_DOWN
26 28 1
26 27 1
27 26 1
27 25 1
28 24 1
28 23 1
29 22 1
29 21 1
30 20 1
30 19 1
31 18 1
31 17 1
31 16 1
32 15 1
34 12 1
34 11 1
34 10 1
35 9 1
36 8 1
37 8 1
38 7 1
39 7 1
40 6 1
41 6 1
42 5 1
43 5 1
44 4 1
45 4 1
46 3 1
47 3 1
48 2 1
48 1 1
.PEN_UP
.PEN_DOWN
31 14 1
34 15 1
35 15 1
36 15 1
37 15 1
38 15 1
39 15 1
40 15 1
41 15 1
42 15 1
43 16 1
44 16 1
45 17 1
46 18 1
47 19 1
48 20 1
49 21 1
49 22 1
49 23 1
50 24 1
50 25 1
49 26 1
49 27 1
48 28 1
47 29 1
46 30 1
45 30 1
44 31 1
43 32 1
42 32 1
41 33 1
40 34 1
39 34 1
38 35 1
37 35 1
36 36 1
35 36 1
34 37 1
33 37 1
32 38 1
31 38 1
30 38 1
29 39 1
28 40 1
27 40 1
26 41 1
25 41 1
24 41 1
23 42 1
22 42 1
21 42 1
20 42 1
19 43 1
18 43 1
17 44 1
16 44 1
15 44 1
14 45 1
13 45 1
12 45 1
11 45 1
10 45 1
9 46 1
8 46 1
7 46 1
6 46 1
5 46 1
4 46 1
3 46 1
2 45 1
1 44 1
1 43 1
1 42 1
1 41 1
1 40 1
1 39 1
1 38 1
2 37 1
3 36 1
3 35 1
4 34 1
5 33 1
5 32 1
6 31 1
7 30 1
8 29 1
9 29 1
10 28 1
11 27 1
12 26 1
13 26 1
14 25 1
15 24 1
16 23 1
17 23 1
18 22 1
19 21 1
20 21 1
21 20 1
22 19 1
23 18 1
24 17 1
25 16 1
26 16 1
27 15 1
28 15 1
29 14 1
30 14 1
.PEN_UP
.PEN_DOWN
32 47 1
32 48 1
32 49 1
32 50 1
32 51 1
32 52 1
32 53 1
32 54 1
33 55 1
35 55 1
36 54 1
37 54 1
38 54 1
39 54 1
40 54 1
41 55 1
42 55 1
43 55 1
44 56 1
45 56 1
46 57 1
47 58 1
47 59 1
47 60 1
47 61 1
47 62 1
47 63 1
46 64 1
46 65 1
45 66 1
45 67 1
44 68 1
44 69 1
44 70 1
43 71 1
43 72 1
43 73 1
43 74 1
42 75 1
42 76 1
42 77 1
41 78 1
40 78 1
39 78 1
38 78 1
37 78 1
36 79 1
35 79 1
.PEN_UP
.PEN_DOWN
34 55 1
32 57 1
31 58 1
31 59 1
30 60 1
29 61 1
28 61 1
27 62 1
26 63 1
25 64 1
24 65 1
23 66 1
22 67 1
20 67 1
19 67 1
18 67 1
17 68 1
16 68 1
15 68 1
14 68 1
13 69 1
12 70 1
11 71 1
10 72 1
9 73 1
8 74 1
8 75 1
7 76 1
7 77 1
7 78 1
7 79 1
8 80 1
9 79 1
10 79 1
11 79 1
12 79 1
13 78 1
14 78 1
15 78 1
16 77 1
17 76 1
18 75 1
19 74 1
20 73 1
21 72 1
21 71 1
21 70 1
22 69 1
22 68 1
.PEN_UP
.PEN_DOWN
22 83 1
22 84 1
21 85 1
22 86 1
22 87 1
.PEN_UP
.PEN_DOWN
35 97 1
36 96 1
36 95 1
37 94 1
38 93 1
39 92 1
40 91 1
41 90 1
42 90 1
43 89 1
44 89 1
45 89 1
46 90 1
47 90 1
48 91 1
49 92 1
50 93 1
51 94 1
51 95 1
51 96 1
51 97 1
51 98 1
51 99 1
51 100 1
50 101 1
50 102 1
50 103 1
49 104 1
49 105 1
49 106 1
48 107 1
48 108 1
47 109 1
46 110 1
46 111 1
45 112 1
43 113 1
42 113 1
41 114 1
40 114 1
39 115 1
38 116 1
37 116 1
36 117 1
35 117 1
34 118 1
33 118 1
.PEN_UP
.PEN_DOWN
44 113 1
46 114 1
47 115 1
47 116 1
.PEN_UP
