.PEN_DOWN
35 1 1
34 2 1
33 3 1
32 4 1
31 5 1
30 6 1
29 7 1
28 8 1
27 9 1
26 10 1
25 11 1
24 12 1
23 13 1
23 14 1
22 15 1
21 16 1
20 17 1
19 18 1
18 19 1
18 20 1
17 21 1
16 22 1
16 23 1
15 24 1
15 25 1
14 26 1
14 27 1
13 28 1
13 29 1
12 30 1
12 31 1
12 32 1
12 33 1
12 34 1
12 35 1
12 36 1
12 37 1
12 38 1
12 39 1
12 40 1
13 41 1
13 42 1
13 43 1
13 44 1
14 45 1
14 46 1
14 47 1
15 48 1
16 49 1
17 50 1
18 51 1
19 52 1
20 53 1
21 54 1
22 54 1
23 55 1
24 55 1
25 55 1
26 55 1
27 55 1
28 55 1
29 55 1
30 54 1
31 54 1
32 53 1
33 53 1
34 53 1
35 52 1
36 52 1
37 51 1
38 50 1
39 50 1
40 50 1
41 49 1
42 48 1
43 47 1
44 47 1
45 46 1
46 45 1
46 44 1
47 43 1
48 42 1
48 41 1
49 40 1
50 39 1
51 38 1
51 37 1
52 36 1
52 35 1
52 34 1
53 33 1
53 32 1
54 31 1
55 30 1
55 29 1
55 28 1
55 27 1
55 26 1
55 25 1
55 24 1
55 23 1
55 22 1
55 21 1
55 20 1
55 19 1
54 18 1
54 17 1
53 16 1
52 15 1
51 15 1
50 14 1
49 14 1
48 14 1
47 14 1
46 15 1
45 16 1
.PEN_UP
.PEN_DOWN
38 88 1
38 89 1
38 90 1
38 91 1
38 92 1
38 93 1
38 94 1
38 95 1
39 96 1
40 97 1
42 97 1
43 96 1
44 96 1
45 96 1
46 96 1
49 96 1
50 96 1
51 96 1
52 97 1
53 97 1
54 98 1
55 99 1
56 100 1
56 101 1
57 102 1
57 103 1
57 104 1
56 105 1
.PEN_UP
.PEN_DOWN
47 95 1
47 94 1
47 93 1
47 92 1
48 91 1
48 90 1
48 89 1
48 88 1
49 87 1
49 86 1
50 85 1
50 84 1
51 83 1
52 82 1
52 81 1
53 80 1
53 79 1
53 78 1
54 77 1
54 76 1
54 75 1
55 74 1
55 73 1
56 72 1
56 71 1
56 70 1
57 69 1
57 68 1
57 67 1
57 66 1
57 65 1
57 64 1
57 63 1
57 62 1
57 61 1
57 60 1
56 59 1
55 58 1
54 58 1
53 58 1
52 58 1
51 58 1
50 58 1
49 58 1
48 58 1
47 58 1
46 59 1
45 59 1
44 60 1
43 60 1
42 61 1
41 61 1
40 62 1
39 62 1
38 63 1
37 64 1
36 65 1
35 65 1
34 66 1
33 67 1
32 67 1
31 68 1
30 69 1
29 70 1
28 71 1
27 72 1
26 73 1
25 74 1
24 74 1
23 75 1
22 76 1
21 77 1
20 78 1
19 79 1
18 80 1
17 81 1
16 82 1
15 83 1
15 84 1
14 85 1
13 86 1
12 87 1
11 88 1
10 89 1
10 90 1
9 91 1
8 92 1
8 93 1
7 94 1
7 95 1
6 96 1
5 97 1
5 98 1
4 99 1
4 100 1
4 101 1
3 102 1
2 103 1
2 104 1
2 105 1
2 106 1
1 107 1
1 108 1
1 109 1
1 110 1
1 111 1
1 112 1
1 113 1
1 114 1
2 115 1
3 116 1
4 117 1
5 117 1
6 118 1
7 118 1
8 118 1
9 118 1
10 119 1
11 119 1
12 119 1
13 119 1
14 119 1
15 119 1
16 119 1
17 119 1
18 118 1
19 118 1
20 118 1
21 118 1
22 117 1
23 116 1
24 115 1
25 114 1
26 113 1
27 112 1
28 111 1
29 110 1
30 109 1
31 108 1
32 107 1
32 106 1
33 105 1
34 104 1
35 103 1
36 102 1
37 101 1
38 100 1
39 99 1
40 98 1
.PEN_UP
.PEN_DOWN
63 117 1
62 117 1
61 118 1
60 119 1
59 120 1
58 121 1
57 122 1
56 123 1
55 124 1
54 125 1
53 125 1
52 126 1
51 127 1
50 128 1
49 129 1
48 130 1
47 131 1
46 132 1
45 132 1
44 133 1
43 134 1
42 135 1
41 135 1
40 136 1
39 137 1
38 137 1
37 138 1
36 139 1
35 139 1
34 140 1
33 140 1
32 141 1
31 142 1
30 142 1
29 142 1
28 143 1
27 143 1
25 145 1
25 146 1
25 147 1
24 148 1
24 149 1
23 150 1
22 151 1
22 152 1
21 153 1
20 154 1
19 155 1
19 156 1
18 157 1
18 158 1
17 159 1
17 160 1
16 161 1
16 162 1
15 163 1
15 164 1
15 165 1
15 166 1
15 167 1
16 168 1
17 169 1
18 169 1
19 169 1
20 169 1
21 169 1
22 168 1
23 168 1
24 168 1
25 168 1
26 168 1
27 168 1
28 167 1
29 167 1
30 167 1
32 166 1
33 165 1
34 165 1
35 164 1
36 163 1
37 162 1
38 162 1
39 161 1
40 160 1
41 160 1
42 159 1
43 158 1
44 157 1
45 156 1
46 155 1
47 154 1
48 153 1
49 152 1
50 151 1
51 150 1
52 149 1
53 149 1
54 148 1
55 147 1
55 146 1
56 145 1
57 144 1
58 143 1
59 142 1
59 141 1
.PEN_UP
.PEN_DOWN
31 167 1
30 169 1
30 170 1
30 171 1
30 172 1
29 173 1
29 174 1
28 175 1
28 176 1
27 177 1
27 178 1
26 179 1
25 180 1
25 181 1
24 182 1
24 183 1
23 184 1
23 185 1
22 186 1
21 187 1
21 188 1
21 189 1
20 190 1
20 191 1
19 192 1
19 193 1
18 194 1
18 195 1
17 196 1
17 197 1
17 198 1
17 199 1
16 200 1
16 201 1
17 202 1
18 202 1
19 202 1
20 202 1
21 202 1
22 201 1
23 201 1
24 201 1
25 200 1
26 199 1
27 198 1
28 198 1
29 197 1
30 197 1
31 196 1
32 195 1
33 195 1
34 194 1
35 193 1
36 192 1
37 192 1
38 192 1
39 192 1
40 191 1
41 190 1
42 190 1
43 189 1
44 189 1
45 188 1
46 187 1
47 187 1
48 186 1
49 186 1
50 186 1
51 186 1
52 186 1
53 186 1
54 186 1
55 187 1
56 188 1
56 189 1
56 190 1
56 191 1
57 192 1
57 193 1
57 194 1
57 195 1
57 196 1
57 197 1
57 198 1
57 199 1
57 200 1
57 201 1
56 202 1
56 203 1
56 204 1
56 205 1
56 206 1
55 207 1
55 208 1
54 209 1
54 210 1
54 211 1
54 212 1
54 213 1
53 214 1
53 215 1
52 216 1
52 217 1
52 218 1
52 219 1
52 220 1
51 221 1
51 222 1
51 223 1
51 224 1
49 225 1
48 225 1
47 225 1
46 227 1
45 228 1
45 229 1
45 230 1
45 231 1
44 232 1
44 233 1
43 234 1
42 235 1
42 236 1
41 237 1
40 238 1
39 239 1
38 240 1
37 241 1
36 242 1
35 242 1
34 243 1
33 244 1
32 245 1
31 246 1
30 247 1
29 247 1
28 247 1
27 247 1
26 248 1
25 249 1
24 249 1
23 249 1
22 249 1
21 249 1
20 249 1
19 248 1
19 247 1
18 246 1
18 245 1
18 244 1
18 243 1
19 242 1
19 241 1
19 240 1
20 239 1
21 238 1
22 237 1
23 236 1
24 235 1
25 234 1
26 233 1
27 232 1
28 231 1
29 230 1
30 229 1
31 229 1
32 228 1
33 227 1
34 227 1
35 226 1
36 226 1
37 225 1
38 225 1
39 225 1
40 225 1
41 225 1
42 224 1
43 224 1
44 224 1
45 225 1
.PEN_UP
.PEN_DOWN
50 225 1
53 226 1
54 226 1
55 226 1
56 227 1
57 228 1
58 229 1
58 230 1
59 231 1
59 232 1
59 233 1
60 234 1
60 235 1
60 236 1
60 237 1
60 238 1
60 239 1
60 240 1
60 241 1
60 242 1
.PEN_UP
