.PEN_DOWN
1 34 1
2 34 1
3 35 1
4 34 1
5 34 1
6 33 1
7 33 1
8 32 1
9 32 1
10 31 1
11 31 1
12 30 1
13 30 1
14 29 1
15 29 1
16 29 1
17 28 1
18 27 1
19 27 1
20 27 1
21 26 1
22 26 1
23 25 1
24 25 1
25 25 1
26 24 1
27 24 1
28 23 1
29 23 1
30 23 1
31 22 1
32 22 1
33 21 1
34 21 1
35 21 1
36 20 1
37 20 1
38 20 1
39 20 1
40 19 1
41 19 1
42 19 1
43 19 1
44 19 1
45 19 1
46 18 1
47 18 1
48 18 1
49 17 1
50 17 1
51 17 1
52 17 1
55 20 1
56 20 1
57 20 1
58 20 1
59 20 1
60 20 1
61 20 1
62 20 1
63 20 1
64 21 1
65 21 1
66 21 1
67 21 1
68 20 1
.PEN_UP
.PEN_DOWN
53 17 1
54 16 1
55 15 1
55 14 1
55 13 1
56 12 1
56 11 1
57 10 1
57 9 1
57 8 1
58 7 1
58 6 1
59 5 1
60 4 1
61 3 1
62 2 1
63 1 1
.PEN_UP
.PEN_DOWN
53 18 1
52 20 1
52 21 1
52 22 1
52 23 1
52 24 1
52 25 1
52 26 1
52 27 1
52 28 1
52 29 1
52 30 1
52 31 1
52 32 1
52 33 1
52 34 1
52 35 1
51 37 1
50 38 1
49 39 1
48 40 1
47 41 1
46 42 1
45 43 1
.PEN_UP
.PEN_DOWN
52 36 1
54 37 1
55 37 1
56 37 1
57 37 1
58 38 1
59 38 1
60 38 1
61 38 1
62 39 1
63 40 1
64 41 1
64 42 1
65 43 1
65 44 1
66 45 1
66 46 1
66 47 1
66 48 1
.PEN_UP
