.PEN_DOWN
1 32 1
2 31 1
3 30 1
4 29 1
5 29 1
6 28 1
7 28 1
8 27 1
9 27 1
10 26 1
11 25 1
12 25 1
13 25 1
14 25 1
15 25 1
16 25 1
18 24 1
18 23 1
19 22 1
20 21 1
21 20 1
22 19 1
24 18 1
25 18 1
26 18 1
27 18 1
28 18 1
29 18 1
30 18 1
31 17 1
32 17 1
33 17 1
34 17 1
35 16 1
36 16 1
37 16 1
38 16 1
39 16 1
40 15 1
41 15 1
42 15 1
43 15 1
44 15 1
45 15 1
46 15 1
47 15 1
48 14 1
49 14 1
50 14 1
51 14 1
52 14 1
53 14 1
54 14 1
55 13 1
56 13 1
57 13 1
58 13 1
59 13 1
60 13 1
61 13 1
62 14 1
63 14 1
.PEN_UP
.PEN_DOWN
22 18 1
23 16 1
23 15 1
23 14 1
23 13 1
23 12 1
23 11 1
23 10 1
24 9 1
24 8 1
24 7 1
25 6 1
26 5 1
27 4 1
28 3 1
29 2 1
30 1 1
31 1 1
32 1 1
33 1 1
34 1 1
35 2 1
36 2 1
.PEN_UP
.PEN_DOWN
17 25 1
17 27 1
17 28 1
17 29 1
17 30 1
17 31 1
17 32 1
17 33 1
17 34 1
16 35 1
16 36 1
16 37 1
15 38 1
15 39 1
15 40 1
14 41 1
14 42 1
14 43 1
14 44 1
13 45 1
13 46 1
12 47 1
12 48 1
12 49 1
12 50 1
11 51 1
11 52 1
11 53 1
11 54 1
11 55 1
10 56 1
10 57 1
9 60 1
9 61 1
8 62 1
7 63 1
.PEN_UP
.PEN_DOWN
10 58 1
12 58 1
13 58 1
14 58 1
15 57 1
16 57 1
17 57 1
18 57 1
19 57 1
20 57 1
21 56 1
22 56 1
23 55 1
24 55 1
25 55 1
26 54 1
27 54 1
28 54 1
29 54 1
30 54 1
31 53 1
32 53 1
33 53 1
34 52 1
35 52 1
36 52 1
37 52 1
38 51 1
39 51 1
40 51 1
41 50 1
42 50 1
43 50 1
44 50 1
45 49 1
46 49 1
47 49 1
48 49 1
49 49 1
50 49 1
51 49 1
52 49 1
53 49 1
54 49 1
55 49 1
56 48 1
57 49 1
58 49 1
59 50 1
60 51 1
59 52 1
59 53 1
59 54 1
58 55 1
58 56 1
58 57 1
57 58 1
57 59 1
56 60 1
55 61 1
54 62 1
53 63 1
53 64 1
52 65 1
51 66 1
50 67 1
49 68 1
48 69 1
47 70 1
47 71 1
46 72 1
45 73 1
44 74 1
44 75 1
43 76 1
42 77 1
41 78 1
41 79 1
40 80 1
39 81 1
39 82 1
38 83 1
38 84 1
37 85 1
37 86 1
36 87 1
35 88 1
35 89 1
35 90 1
34 91 1
34 92 1
34 93 1
34 94 1
34 95 1
34 96 1
34 97 1
34 98 1
35 99 1
36 100 1
37 101 1
38 101 1
39 102 1
40 102 1
41 102 1
42 102 1
43 102 1
44 102 1
45 102 1
46 102 1
47 102 1
48 102 1
49 102 1
50 101 1
51 101 1
52 101 1
53 101 1
54 100 1
55 100 1
56 100 1
57 100 1
58 100 1
59 100 1
60 100 1
61 99 1
62 99 1
63 100 1
63 101 1
62 102 1
62 103 1
62 104 1
62 105 1
62 106 1
61 107 1
61 108 1
61 109 1
60 110 1
60 111 1
59 112 1
59 113 1
58 114 1
58 115 1
58 116 1
57 117 1
57 118 1
57 119 1
57 120 1
56 121 1
56 122 1
56 123 1
56 124 1
56 125 1
56 126 1
55 127 1
54 127 1
53 128 1
52 129 1
51 130 1
50 131 1
49 131 1
48 132 1
48 133 1
47 134 1
46 135 1
45 136 1
44 137 1
44 138 1
43 139 1
42 140 1
41 141 1
41 142 1
40 143 1
39 144 1
39 145 1
38 146 1
38 147 1
37 148 1
.PEN_UP
.PEN_DOWN
57 127 1
58 127 1
59 127 1
60 127 1
61 128 1
61 129 1
62 130 1
61 131 1
61 132 1
61 133 1
61 134 1
61 135 1
60 136 1
60 137 1
60 138 1
59 139 1
59 140 1
59 141 1
58 142 1
58 143 1
57 144 1
57 145 1
56 146 1
56 147 1
55 148 1
54 149 1
54 150 1
54 151 1
54 152 1
53 153 1
53 154 1
53 155 1
51 157 1
50 157 1
49 158 1
48 158 1
47 159 1
.PEN_UP
.PEN_DOWN
52 156 1
55 156 1
56 156 1
57 156 1
58 156 1
59 156 1
60 156 1
61 156 1
62 156 1
63 157 1
64 157 1
65 157 1
66 158 1
67 158 1
68 159 1
69 159 1
70 160 1
71 161 1
72 162 1
73 163 1
73 164 1
74 165 1
74 166 1
75 167 1
75 168 1
75 169 1
75 170 1
75 171 1
75 172 1
75 173 1
75 174 1
75 175 1
74 176 1
74 177 1
74 178 1
74 179 1
73 180 1
73 181 1
73 182 1
72 183 1
72 184 1
71 185 1
71 186 1
71 187 1
70 188 1
69 189 1
68 190 1
68 191 1
67 192 1
67 193 1
66 194 1
65 195 1
64 196 1
63 196 1
62 197 1
61 198 1
60 199 1
.PEN_UP
.PEN_DOWN
46 194 1
45 195 1
45 196 1
45 197 1
46 198 1
46 199 1
46 200 1
47 201 1
47 202 1
47 203 1
48 204 1
48 205 1
48 206 1
48 207 1
49 208 1
49 209 1
49 210 1
51 212 1
52 212 1
53 212 1
54 213 1
55 213 1
56 213 1
57 213 1
58 214 1
59 214 1
60 214 1
61 214 1
62 215 1
63 215 1
64 216 1
.PEN_UP
.PEN_DOWN
49 211 1
46 213 1
45 213 1
44 213 1
43 213 1
42 213 1
41 213 1
40 213 1
39 213 1
38 213 1
37 213 1
36 213 1
35 213 1
34 214 1
33 214 1
32 214 1
31 214 1
30 214 1
29 214 1
28 215 1
27 215 1
26 215 1
25 215 1
24 215 1
23 216 1
22 216 1
21 216 1
20 216 1
19 217 1
18 217 1
17 217 1
16 217 1
15 218 1
14 218 1
13 219 1
12 219 1
11 219 1
10 220 1
9 221 1
8 222 1
.PEN_UP
.PEN_DOWN
50 211 1
48 215 1
48 216 1
48 217 1
48 218 1
48 219 1
48 220 1
48 221 1
48 222 1
48 223 1
48 224 1
48 225 1
48 226 1
48 227 1
48 228 1
48 229 1
48 230 1
48 231 1
48 232 1
48 233 1
48 234 1
48 235 1
48 236 1
48 237 1
48 238 1
48 239 1
48 240 1
48 241 1
48 242 1
48 243 1
48 244 1
48 245 1
48 246 1
48 247 1
48 248 1
48 249 1
48 250 1
48 251 1
48 252 1
48 253 1
48 254 1
48 255 1
48 256 1
48 257 1
48 258 1
48 259 1
48 260 1
48 261 1
48 262 1
48 263 1
48 264 1
48 265 1
48 266 1
48 267 1
48 268 1
48 269 1
48 270 1
48 271 1
48 272 1
48 273 1
47 274 1
47 275 1
47 276 1
47 277 1
47 278 1
47 279 1
47 280 1
46 281 1
46 282 1
46 283 1
46 284 1
46 285 1
46 286 1
46 287 1
46 288 1
46 289 1
46 290 1
46 291 1
46 292 1
46 293 1
46 294 1
45 295 1
.PEN_UP
