.PEN_DOWN
24 1 1
25 1 1
26 2 1
27 3 1
29 3 1
30 3 1
31 3 1
32 2 1
33 2 1
34 2 1
35 2 1
36 2 1
37 2 1
38 2 1
39 2 1
40 2 1
41 2 1
42 3 1
43 3 1
44 3 1
45 3 1
48 3 1
49 3 1
50 3 1
51 3 1
52 3 1
53 3 1
54 3 1
55 3 1
56 3 1
57 3 1
58 3 1
59 3 1
60 3 1
61 3 1
62 3 1
63 4 1
64 4 1
65 4 1
66 4 1
67 4 1
68 4 1
69 5 1
70 5 1
71 4 1
.PEN_UP
.PEN_DOWN
46 3 1
46 5 1
47 6 1
47 7 1
47 8 1
47 9 1
47 10 1
47 11 1
48 12 1
48 13 1
48 14 1
49 15 1
49 16 1
49 17 1
49 18 1
49 19 1
49 20 1
49 21 1
49 22 1
49 23 1
49 24 1
49 25 1
48 26 1
48 27 1
48 28 1
48 29 1
48 30 1
47 31 1
47 32 1
47 33 1
46 34 1
46 35 1
45 36 1
45 37 1
44 38 1
43 39 1
42 39 1
41 40 1
40 40 1
39 40 1
38 40 1
37 40 1
36 40 1
35 40 1
34 40 1
33 40 1
32 39 1
31 39 1
30 38 1
29 37 1
28 36 1
27 35 1
27 34 1
26 33 1
26 32 1
26 31 1
26 30 1
25 29 1
25 28 1
24 27 1
24 26 1
24 25 1
24 24 1
24 23 1
23 22 1
23 21 1
23 20 1
23 19 1
23 18 1
23 17 1
23 16 1
24 15 1
24 14 1
24 13 1
24 12 1
24 11 1
24 10 1
25 9 1
26 8 1
26 7 1
26 6 1
27 5 1
27 4 1
.PEN_UP
.PEN_DOWN
20 51 1
21 51 1
22 51 1
23 52 1
24 52 1
25 53 1
26 53 1
27 54 1
29 55 1
30 55 1
31 55 1
32 55 1
33 55 1
34 55 1
35 55 1
36 55 1
37 55 1
38 55 1
39 55 1
40 55 1
41 55 1
42 55 1
43 55 1
44 55 1
45 55 1
46 56 1
47 56 1
48 56 1
49 56 1
.PEN_UP
.PEN_DOWN
27 55 1
26 56 1
26 57 1
26 58 1
25 59 1
25 60 1
24 61 1
23 62 1
23 63 1
22 64 1
21 65 1
21 66 1
20 67 1
20 68 1
20 69 1
20 70 1
20 71 1
19 72 1
19 73 1
19 74 1
19 75 1
.PEN_UP
.PEN_DOWN
27 111 1
27 110 1
26 109 1
26 108 1
26 107 1
25 106 1
25 105 1
25 104 1
25 103 1
24 102 1
24 101 1
24 100 1
22 99 1
21 98 1
20 97 1
19 96 1
19 95 1
19 94 1
19 93 1
19 92 1
19 91 1
20 90 1
21 89 1
22 89 1
23 88 1
24 86 1
25 85 1
25 84 1
26 83 1
26 82 1
27 81 1
28 80 1
29 79 1
30 79 1
31 79 1
32 79 1
33 79 1
34 79 1
35 80 1
36 80 1
37 80 1
38 81 1
39 81 1
40 82 1
41 83 1
42 84 1
43 85 1
44 86 1
45 87 1
45 88 1
46 89 1
46 90 1
46 91 1
46 92 1
47 93 1
47 94 1
47 95 1
48 96 1
48 97 1
48 98 1
49 99 1
49 100 1
49 101 1
49 102 1
49 103 1
49 104 1
49 105 1
49 106 1
49 107 1
49 108 1
49 109 1
49 110 1
49 111 1
49 112 1
49 113 1
49 114 1
49 115 1
49 116 1
48 117 1
48 118 1
48 119 1
47 120 1
.PEN_UP
.PEN_DOWN
24 87 1
25 89 1
26 90 1
26 91 1
26 92 1
26 93 1
26 94 1
26 95 1
26 96 1
26 97 1
25 98 1
24 99 1
.PEN_UP
.PEN_DOWN
24 145 1
24 146 1
25 147 1
25 148 1
25 149 1
25 150 1
25 151 1
25 152 1
25 153 1
25 154 1
25 155 1
25 156 1
25 157 1
26 158 1
26 159 1
26 160 1
26 161 1
.PEN_UP
.PEN_DOWN
22 238 1
21 238 1
20 237 1
19 236 1
18 235 1
18 234 1
18 233 1
18 232 1
18 231 1
18 230 1
18 229 1
18 228 1
18 227 1
19 226 1
19 225 1
19 224 1
19 223 1
20 222 1
20 221 1
20 220 1
21 219 1
21 218 1
21 217 1
22 216 1
22 215 1
23 214 1
23 213 1
24 212 1
25 211 1
26 210 1
27 209 1
28 208 1
29 207 1
30 206 1
31 206 1
32 206 1
33 205 1
34 205 1
35 205 1
36 205 1
37 206 1
38 206 1
39 206 1
40 206 1
41 207 1
42 207 1
43 208 1
44 209 1
45 210 1
46 211 1
47 212 1
47 213 1
48 214 1
49 215 1
49 216 1
50 217 1
50 218 1
51 219 1
51 220 1
51 221 1
51 222 1
51 223 1
51 224 1
51 225 1
52 226 1
52 227 1
52 228 1
52 229 1
52 230 1
52 231 1
52 232 1
51 233 1
51 234 1
51 235 1
51 236 1
51 237 1
50 238 1
50 239 1
50 240 1
49 241 1
49 242 1
48 243 1
48 244 1
48 245 1
47 246 1
47 247 1
46 248 1
46 249 1
45 250 1
44 251 1
.PEN_UP
.PEN_DOWN
23 303 1
24 304 1
25 304 1
26 304 1
27 304 1
28 304 1
29 304 1
30 304 1
31 304 1
32 304 1
33 305 1
34 305 1
35 305 1
36 305 1
39 306 1
40 307 1
41 308 1
42 308 1
43 308 1
44 308 1
45 308 1
46 308 1
47 308 1
48 308 1
49 308 1
50 309 1
51 309 1
.PEN_UP
.PEN_DOWN
37 305 1
36 302 1
35 301 1
34 300 1
34 299 1
33 298 1
32 297 1
31 296 1
30 295 1
29 294 1
28 293 1
27 292 1
26 291 1
25 290 1
25 289 1
24 288 1
24 287 1
24 286 1
23 285 1
23 284 1
23 283 1
23 282 1
23 281 1
23 280 1
23 279 1
23 278 1
23 277 1
23 276 1
24 275 1
24 274 1
24 273 1
24 272 1
24 271 1
25 270 1
25 269 1
26 268 1
26 267 1
27 266 1
28 265 1
29 264 1
30 263 1
31 263 1
32 263 1
33 263 1
34 262 1
35 262 1
36 262 1
37 262 1
38 262 1
39 262 1
40 262 1
41 263 1
42 263 1
43 263 1
44 264 1
45 265 1
46 266 1
46 267 1
47 268 1
47 269 1
48 270 1
49 271 1
49 272 1
50 273 1
50 274 1
51 275 1
51 276 1
51 277 1
51 278 1
51 279 1
51 280 1
51 281 1
51 282 1
51 283 1
51 284 1
51 285 1
51 286 1
51 287 1
50 288 1
50 289 1
50 290 1
49 291 1
49 292 1
48 293 1
47 294 1
47 295 1
46 296 1
46 297 1
45 298 1
44 299 1
43 300 1
42 300 1
41 300 1
40 301 1
39 302 1
38 303 1
37 307 1
36 308 1
35 309 1
35 310 1
34 311 1
34 312 1
33 313 1
32 314 1
32 315 1
31 316 1
31 317 1
30 318 1
30 319 1
29 320 1
29 321 1
29 322 1
28 323 1
28 324 1
28 325 1
28 326 1
28 327 1
28 328 1
28 329 1
28 330 1
28 331 1
28 332 1
28 333 1
29 334 1
29 335 1
29 336 1
30 337 1
30 338 1
31 339 1
32 340 1
32 341 1
33 342 1
34 343 1
35 343 1
36 344 1
37 344 1
38 345 1
39 346 1
40 346 1
41 347 1
42 347 1
43 347 1
44 347 1
45 347 1
46 346 1
47 346 1
.PEN_UP
.PEN_DOWN
26 400 1
25 399 1
25 398 1
24 397 1
24 396 1
23 395 1
23 394 1
22 393 1
22 392 1
22 391 1
22 390 1
22 389 1
22 388 1
22 387 1
22 386 1
22 385 1
22 384 1
21 383 1
21 382 1
21 381 1
21 380 1
21 379 1
22 378 1
22 377 1
22 376 1
22 375 1
22 374 1
23 373 1
23 372 1
24 371 1
24 370 1
25 369 1
25 368 1
26 367 1
27 366 1
28 365 1
29 364 1
30 363 1
31 362 1
32 362 1
33 362 1
34 361 1
35 361 1
36 361 1
37 362 1
38 362 1
39 362 1
40 363 1
41 364 1
41 365 1
42 366 1
43 367 1
44 368 1
44 369 1
45 370 1
45 371 1
46 372 1
46 373 1
47 374 1
47 375 1
47 376 1
47 377 1
47 378 1
47 379 1
47 380 1
48 381 1
48 382 1
48 383 1
48 384 1
48 385 1
48 386 1
48 387 1
48 388 1
48 389 1
48 390 1
48 391 1
48 392 1
48 393 1
48 394 1
48 395 1
47 396 1
47 397 1
47 398 1
46 399 1
46 400 1
46 401 1
45 402 1
45 403 1
44 404 1
.PEN_UP
.PEN_DOWN
23 457 1
23 456 1
23 455 1
22 454 1
22 453 1
22 452 1
22 451 1
22 450 1
22 449 1
22 448 1
22 447 1
22 446 1
22 445 1
22 444 1
22 443 1
22 442 1
22 441 1
22 440 1
22 439 1
22 438 1
22 437 1
22 436 1
22 435 1
22 434 1
22 433 1
22 432 1
22 431 1
22 430 1
22 429 1
22 428 1
22 427 1
23 426 1
23 425 1
23 424 1
23 423 1
24 422 1
24 421 1
25 420 1
26 419 1
27 418 1
28 417 1
29 417 1
30 417 1
31 417 1
32 417 1
33 418 1
34 418 1
35 418 1
36 418 1
37 419 1
38 419 1
39 419 1
40 420 1
41 421 1
42 422 1
43 423 1
44 424 1
45 425 1
45 426 1
46 427 1
47 428 1
47 429 1
48 430 1
48 431 1
49 432 1
49 433 1
50 434 1
50 435 1
50 436 1
51 437 1
51 438 1
51 439 1
51 440 1
51 441 1
51 442 1
51 443 1
51 444 1
51 445 1
51 446 1
51 447 1
51 448 1
51 449 1
51 450 1
51 451 1
51 452 1
51 453 1
51 454 1
50 455 1
50 456 1
50 457 1
50 458 1
50 459 1
49 460 1
49 461 1
48 462 1
48 463 1
47 464 1
46 465 1
46 466 1
45 467 1
44 467 1
43 467 1
.PEN_UP
.PEN_DOWN
21 474 1
22 474 1
23 473 1
24 473 1
25 473 1
26 473 1
27 473 1
28 473 1
29 473 1
30 473 1
31 473 1
32 473 1
33 473 1
34 473 1
35 473 1
36 473 1
37 473 1
38 473 1
39 473 1
40 473 1
41 473 1
42 473 1
43 474 1
44 474 1
45 474 1
46 474 1
.PEN_UP
.PEN_DOWN
23 490 1
24 490 1
25 490 1
26 491 1
27 491 1
28 491 1
29 492 1
30 492 1
31 493 1
32 493 1
33 494 1
34 494 1
35 494 1
36 494 1
37 494 1
38 495 1
39 495 1
40 495 1
41 496 1
42 496 1
43 497 1
44 498 1
44 499 1
46 500 1
47 500 1
48 500 1
49 501 1
50 501 1
.PEN_UP
.PEN_DOWN
44 500 1
43 502 1
42 503 1
41 504 1
40 505 1
39 505 1
38 506 1
37 506 1
36 507 1
35 507 1
34 508 1
33 508 1
32 509 1
31 510 1
30 510 1
29 511 1
28 512 1
27 512 1
26 513 1
25 514 1
.PEN_UP
.PEN_DOWN
24 572 1
24 571 1
23 570 1
23 569 1
23 568 1
23 567 1
23 566 1
23 565 1
23 564 1
22 563 1
22 562 1
20 560 1
19 560 1
18 559 1
18 558 1
18 557 1
18 556 1
18 555 1
18 554 1
18 553 1
18 552 1
18 551 1
17 550 1
17 549 1
17 548 1
17 547 1
17 546 1
17 545 1
17 544 1
17 543 1
17 542 1
17 541 1
18 540 1
19 539 1
20 538 1
21 538 1
22 537 1
23 537 1
24 537 1
26 535 1
27 535 1
28 534 1
29 534 1
30 534 1
31 533 1
32 533 1
33 533 1
34 533 1
35 533 1
36 534 1
37 534 1
38 534 1
39 535 1
40 535 1
41 535 1
42 536 1
43 537 1
43 538 1
44 539 1
44 540 1
45 541 1
45 542 1
45 543 1
45 544 1
46 545 1
46 546 1
46 547 1
46 548 1
46 549 1
46 550 1
46 551 1
46 552 1
46 553 1
46 554 1
46 555 1
46 556 1
46 557 1
46 558 1
46 559 1
46 560 1
46 561 1
46 562 1
46 563 1
46 564 1
45 565 1
45 566 1
45 567 1
45 568 1
45 569 1
45 570 1
45 571 1
44 572 1
44 573 1
44 574 1
44 575 1
44 576 1
44 577 1
44 578 1
44 579 1
44 580 1
44 581 1
.PEN_UP
.PEN_DOWN
25 536 1
25 539 1
25 540 1
25 541 1
25 542 1
25 543 1
25 544 1
25 545 1
25 546 1
25 547 1
25 548 1
25 549 1
25 550 1
25 551 1
25 552 1
25 553 1
25 554 1
25 555 1
25 556 1
25 557 1
25 558 1
24 559 1
23 560 1
22 561 1
.PEN_UP
.PEN_DOWN
8 632 1
9 632 1
10 633 1
11 633 1
12 633 1
13 633 1
14 633 1
15 633 1
16 632 1
17 632 1
18 632 1
19 632 1
20 632 1
23 632 1
24 632 1
25 632 1
26 632 1
27 632 1
28 632 1
29 631 1
30 631 1
31 631 1
32 631 1
33 631 1
34 631 1
35 631 1
36 631 1
38 632 1
39 633 1
40 633 1
41 634 1
42 634 1
.PEN_UP
.PEN_DOWN
37 630 1
38 629 1
38 628 1
38 627 1
39 626 1
40 625 1
40 624 1
41 623 1
41 622 1
42 621 1
42 620 1
43 619 1
43 618 1
44 617 1
44 616 1
44 615 1
45 614 1
45 613 1
45 612 1
46 611 1
46 610 1
46 609 1
46 608 1
46 607 1
46 606 1
46 605 1
47 604 1
47 603 1
46 602 1
46 601 1
46 600 1
46 599 1
46 598 1
45 597 1
44 596 1
44 595 1
43 594 1
42 593 1
41 592 1
40 591 1
39 590 1
38 590 1
37 590 1
36 589 1
35 589 1
34 589 1
33 589 1
32 588 1
31 588 1
30 588 1
29 588 1
28 589 1
27 589 1
26 589 1
25 590 1
24 591 1
23 592 1
22 593 1
22 594 1
21 595 1
20 596 1
20 597 1
19 598 1
19 599 1
19 600 1
19 601 1
19 602 1
19 603 1
18 604 1
18 605 1
18 606 1
18 607 1
18 608 1
18 609 1
18 610 1
19 611 1
19 612 1
19 613 1
19 614 1
19 615 1
19 616 1
19 617 1
19 618 1
19 619 1
19 620 1
19 621 1
19 622 1
19 623 1
19 624 1
20 625 1
20 626 1
20 627 1
20 628 1
21 629 1
21 630 1
21 631 1
.PEN_UP
