.PEN_DOWN
70 1 1
69 2 1
68 3 1
67 3 1
66 4 1
65 5 1
65 6 1
64 7 1
64 8 1
64 9 1
62 10 1
61 10 1
60 10 1
59 10 1
58 10 1
57 10 1
56 10 1
55 10 1
54 9 1
53 9 1
52 8 1
51 8 1
50 8 1
49 8 1
48 8 1
47 7 1
46 7 1
45 7 1
44 7 1
43 7 1
42 7 1
41 7 1
40 7 1
39 7 1
38 8 1
37 8 1
36 8 1
35 8 1
34 8 1
33 8 1
32 9 1
31 9 1
30 9 1
29 9 1
28 9 1
27 9 1
26 10 1
25 10 1
24 10 1
23 11 1
22 11 1
21 12 1
20 12 1
19 12 1
18 13 1
17 14 1
16 15 1
15 16 1
14 17 1
13 18 1
13 19 1
14 20 1
14 21 1
14 22 1
15 23 1
16 24 1
17 25 1
18 25 1
19 26 1
20 26 1
21 26 1
22 26 1
23 26 1
24 26 1
25 26 1
26 26 1
27 26 1
28 26 1
29 26 1
30 26 1
31 25 1
32 25 1
33 25 1
34 25 1
35 24 1
36 24 1
37 23 1
38 23 1
39 22 1
40 22 1
41 21 1
42 21 1
43 20 1
44 19 1
45 19 1
46 18 1
47 18 1
48 17 1
49 17 1
50 16 1
51 16 1
52 15 1
53 14 1
53 13 1
54 12 1
54 11 1
.PEN_UP
.PEN_DOWN
63 10 1
65 11 1
66 12 1
67 12 1
68 12 1
69 13 1
70 14 1
71 14 1
72 15 1
73 16 1
74 17 1
75 18 1
76 19 1
77 20 1
77 21 1
78 22 1
79 23 1
79 24 1
80 25 1
80 26 1
80 27 1
80 28 1
80 29 1
80 30 1
80 31 1
80 32 1
80 33 1
79 34 1
79 35 1
78 36 1
77 37 1
76 37 1
75 38 1
74 37 1
73 37 1
72 36 1
71 36 1
70 35 1
69 35 1
68 35 1
67 35 1
66 35 1
65 35 1
64 35 1
63 35 1
62 35 1
61 35 1
60 36 1
59 36 1
58 36 1
57 37 1
56 38 1
55 39 1
54 40 1
54 41 1
54 42 1
54 43 1
55 44 1
56 45 1
57 46 1
58 47 1
59 47 1
60 47 1
61 47 1
62 47 1
63 47 1
64 46 1
65 46 1
66 46 1
67 46 1
68 45 1
69 45 1
70 44 1
71 44 1
72 44 1
73 43 1
74 42 1
77 43 1
77 44 1
78 45 1
78 46 1
79 47 1
79 48 1
79 49 1
79 50 1
79 51 1
80 52 1
79 53 1
79 54 1
79 55 1
79 56 1
.PEN_UP
.PEN_DOWN
1 97 1
2 97 1
3 97 1
4 97 1
5 96 1
6 96 1
7 96 1
8 96 1
9 96 1
10 96 1
11 96 1
12 96 1
13 96 1
14 96 1
15 96 1
16 96 1
17 96 1
18 96 1
19 96 1
20 96 1
21 96 1
22 96 1
23 96 1
24 96 1
25 96 1
26 96 1
27 96 1
28 96 1
29 96 1
30 96 1
31 96 1
32 96 1
33 96 1
34 95 1
35 95 1
36 95 1
37 95 1
38 95 1
39 95 1
40 95 1
41 95 1
42 95 1
43 95 1
44 93 1
44 92 1
44 91 1
44 90 1
44 89 1
44 88 1
44 87 1
45 86 1
46 85 1
47 85 1
48 85 1
49 85 1
50 85 1
51 85 1
52 85 1
53 85 1
54 85 1
55 85 1
56 85 1
57 86 1
58 86 1
59 86 1
60 87 1
61 87 1
62 87 1
63 88 1
64 88 1
65 88 1
66 89 1
67 89 1
68 90 1
69 91 1
69 92 1
70 93 1
70 94 1
72 95 1
73 95 1
74 95 1
75 96 1
76 96 1
77 96 1
78 96 1
79 96 1
80 96 1
81 96 1
82 96 1
83 96 1
84 97 1
85 97 1
86 97 1
87 97 1
.PEN_UP
.PEN_DOWN
70 95 1
69 96 1
68 96 1
67 96 1
66 96 1
65 96 1
64 96 1
63 96 1
62 96 1
61 96 1
60 96 1
59 96 1
58 96 1
57 96 1
56 96 1
55 96 1
54 96 1
53 96 1
52 95 1
51 95 1
50 95 1
49 95 1
48 95 1
47 96 1
47 98 1
47 99 1
48 100 1
48 101 1
48 102 1
48 103 1
48 104 1
49 105 1
49 106 1
50 107 1
50 108 1
51 109 1
51 110 1
51 111 1
52 112 1
52 113 1
52 114 1
53 115 1
53 116 1
53 117 1
53 118 1
54 119 1
.PEN_UP
.PEN_DOWN
65 73 1
64 73 1
63 73 1
62 73 1
61 73 1
60 73 1
59 74 1
58 74 1
57 74 1
56 74 1
55 75 1
54 75 1
53 75 1
52 75 1
51 76 1
50 76 1
49 76 1
48 76 1
47 76 1
46 77 1
45 77 1
44 77 1
43 77 1
42 78 1
41 78 1
40 78 1
39 79 1
38 79 1
37 80 1
36 80 1
35 80 1
34 80 1
33 80 1
32 80 1
31 81 1
30 81 1
29 81 1
28 81 1
27 81 1
26 81 1
25 81 1
24 81 1
23 81 1
22 81 1
21 81 1
20 81 1
19 81 1
18 81 1
17 81 1
16 81 1
15 80 1
14 80 1
13 80 1
12 80 1
11 79 1
10 79 1
9 78 1
8 77 1
7 76 1
6 75 1
5 74 1
5 73 1
5 72 1
6 71 1
7 70 1
8 69 1
9 69 1
10 68 1
11 68 1
12 68 1
13 68 1
14 67 1
15 67 1
16 67 1
17 67 1
18 67 1
19 66 1
20 66 1
21 66 1
22 66 1
23 66 1
24 66 1
25 66 1
26 65 1
27 65 1
28 65 1
29 65 1
30 65 1
31 65 1
32 65 1
33 65 1
34 65 1
35 65 1
36 64 1
37 64 1
38 64 1
39 64 1
40 64 1
41 64 1
42 64 1
43 64 1
44 64 1
45 64 1
46 64 1
47 64 1
48 63 1
49 63 1
50 63 1
51 63 1
52 63 1
53 63 1
54 63 1
55 63 1
56 63 1
57 63 1
58 63 1
59 63 1
60 63 1
61 63 1
62 63 1
63 63 1
64 63 1
65 63 1
66 63 1
67 63 1
68 63 1
69 63 1
70 63 1
71 63 1
72 63 1
73 63 1
74 62 1
75 62 1
76 62 1
77 62 1
78 62 1
79 62 1
80 62 1
81 62 1
82 62 1
83 62 1
84 62 1
85 63 1
86 63 1
87 63 1
88 63 1
89 63 1
90 63 1
91 63 1
92 63 1
93 63 1
94 63 1
95 63 1
96 63 1
97 63 1
98 63 1
99 63 1
100 63 1
101 63 1
102 63 1
103 63 1
104 63 1
105 63 1
106 63 1
107 63 1
108 63 1
109 63 1
110 63 1
111 63 1
112 63 1
113 63 1
114 63 1
115 63 1
116 63 1
117 63 1
118 63 1
119 63 1
120 63 1
121 63 1
122 63 1
123 63 1
124 64 1
125 64 1
126 64 1
127 64 1
128 64 1
129 64 1
130 64 1
131 64 1
132 64 1
133 64 1
134 64 1
135 64 1
136 64 1
137 64 1
138 64 1
139 64 1
140 64 1
141 64 1
142 65 1
143 65 1
144 65 1
145 65 1
146 65 1
147 65 1
148 65 1
149 65 1
150 65 1
151 65 1
152 65 1
153 65 1
154 65 1
155 65 1
156 65 1
157 65 1
158 65 1
159 65 1
160 65 1
161 65 1
162 66 1
163 66 1
164 66 1
165 66 1
166 66 1
167 66 1
168 67 1
169 67 1
170 67 1
171 67 1
172 67 1
173 68 1
174 68 1
175 68 1
176 68 1
177 68 1
178 68 1
179 68 1
180 69 1
182 71 1
182 72 1
183 73 1
184 74 1
185 75 1
185 76 1
186 77 1
187 78 1
188 79 1
189 79 1
190 80 1
191 81 1
192 81 1
193 82 1
194 82 1
195 82 1
196 82 1
197 82 1
198 83 1
199 83 1
200 83 1
201 83 1
202 84 1
203 84 1
204 84 1
205 84 1
206 84 1
207 84 1
208 83 1
209 83 1
210 83 1
211 83 1
212 83 1
213 83 1
214 82 1
215 82 1
216 82 1
217 81 1
218 81 1
219 81 1
220 81 1
221 80 1
222 80 1
223 80 1
224 79 1
225 79 1
226 79 1
227 78 1
228 78 1
229 78 1
230 77 1
231 77 1
232 77 1
233 76 1
234 76 1
235 75 1
236 74 1
239 74 1
240 74 1
241 74 1
242 74 1
243 74 1
244 74 1
246 72 1
247 71 1
248 70 1
249 70 1
250 69 1
251 69 1
252 68 1
253 68 1
254 67 1
255 67 1
256 66 1
257 65 1
258 64 1
.PEN_UP
.PEN_DOWN
245 73 1
246 76 1
247 77 1
248 78 1
249 79 1
250 80 1
251 80 1
252 81 1
253 82 1
254 83 1
254 84 1
255 85 1
256 86 1
257 87 1
258 88 1
258 89 1
259 90 1
259 91 1
260 92 1
261 93 1
261 94 1
261 95 1
261 96 1
262 97 1
262 98 1
262 99 1
262 100 1
262 101 1
262 102 1
262 103 1
262 104 1
262 105 1
262 106 1
262 107 1
262 108 1
261 109 1
260 110 1
260 111 1
259 112 1
258 113 1
257 114 1
256 115 1
255 115 1
254 116 1
253 116 1
252 117 1
251 117 1
250 117 1
249 118 1
248 118 1
247 118 1
246 118 1
245 119 1
244 119 1
243 119 1
242 119 1
241 119 1
240 119 1
239 119 1
238 119 1
237 119 1
236 119 1
235 119 1
234 120 1
.PEN_UP
.PEN_DOWN
237 73 1
236 72 1
236 71 1
235 70 1
234 70 1
233 69 1
232 69 1
231 68 1
230 68 1
229 67 1
228 67 1
227 66 1
226 66 1
225 66 1
224 65 1
223 65 1
222 65 1
221 64 1
220 64 1
219 64 1
218 63 1
217 63 1
216 63 1
215 63 1
214 63 1
213 62 1
212 62 1
211 62 1
210 62 1
209 62 1
208 62 1
207 62 1
206 61 1
205 61 1
204 61 1
203 61 1
202 61 1
201 61 1
200 60 1
199 60 1
198 60 1
197 60 1
196 60 1
195 60 1
194 60 1
193 60 1
192 60 1
191 60 1
190 60 1
189 61 1
188 61 1
187 62 1
186 62 1
185 63 1
184 63 1
183 64 1
182 65 1
181 66 1
181 67 1
181 68 1
.PEN_UP
.PEN_DOWN
77 134 1
77 135 1
78 136 1
79 137 1
79 138 1
80 139 1
80 140 1
81 141 1
81 142 1
82 143 1
82 144 1
83 145 1
84 145 1
.PEN_UP
.PEN_DOWN
189 124 1
189 125 1
190 126 1
191 127 1
192 128 1
193 128 1
196 128 1
197 129 1
198 129 1
199 129 1
200 130 1
201 130 1
202 131 1
203 132 1
204 132 1
205 133 1
206 134 1
.PEN_UP
.PEN_DOWN
194 128 1
194 130 1
194 131 1
194 132 1
.PEN_UP
