.PEN_DOWN
52 1 1
51 2 1
51 3 1
50 4 1
50 5 1
49 6 1
48 7 1
47 8 1
47 9 1
46 10 1
46 11 1
45 12 1
45 13 1
44 14 1
43 15 1
42 15 1
41 16 1
40 17 1
40 18 1
39 19 1
38 20 1
37 21 1
36 22 1
36 23 1
35 24 1
34 25 1
34 26 1
33 27 1
32 28 1
31 29 1
30 30 1
30 31 1
29 32 1
28 33 1
27 34 1
26 35 1
25 36 1
25 37 1
25 38 1
25 39 1
24 41 1
23 42 1
22 43 1
21 44 1
20 45 1
19 46 1
18 47 1
17 48 1
16 49 1
15 50 1
14 51 1
13 52 1
12 53 1
11 54 1
10 55 1
9 56 1
8 57 1
7 58 1
6 59 1
5 60 1
4 61 1
3 62 1
2 63 1
1 64 1
.PEN_UP
.PEN_DOWN
25 40 1
27 40 1
28 39 1
29 39 1
30 38 1
31 38 1
32 37 1
33 36 1
34 35 1
35 35 1
36 34 1
37 33 1
38 32 1
39 32 1
40 31 1
41 30 1
42 29 1
43 29 1
44 28 1
45 27 1
46 27 1
47 26 1
48 26 1
49 25 1
50 24 1
51 24 1
52 24 1
.PEN_UP
.PEN_DOWN
36 40 1
36 41 1
36 42 1
36 43 1
36 44 1
35 45 1
35 46 1
35 47 1
35 48 1
34 49 1
34 50 1
34 51 1
34 52 1
35 53 1
34 54 1
33 55 1
33 56 1
32 57 1
32 58 1
31 59 1
31 62 1
31 63 1
30 64 1
30 65 1
29 66 1
28 67 1
27 68 1
27 69 1
26 70 1
25 71 1
25 72 1
24 73 1
24 74 1
24 75 1
25 76 1
26 76 1
27 76 1
28 75 1
29 75 1
30 74 1
31 74 1
32 73 1
33 72 1
34 72 1
35 71 1
36 71 1
37 70 1
38 70 1
39 69 1
40 68 1
41 67 1
42 67 1
43 67 1
44 66 1
45 65 1
46 64 1
47 64 1
48 64 1
49 64 1
50 66 1
50 67 1
50 68 1
49 69 1
49 70 1
48 71 1
48 72 1
47 73 1
46 74 1
45 75 1
45 76 1
44 77 1
44 78 1
44 79 1
43 80 1
43 81 1
42 83 1
41 84 1
40 85 1
39 86 1
39 87 1
38 88 1
37 89 1
36 90 1
35 90 1
34 91 1
34 92 1
.PEN_UP
.PEN_DOWN
43 82 1
45 82 1
46 82 1
47 81 1
48 81 1
.PEN_UP
.PEN_DOWN
30 60 1
29 60 1
28 60 1
27 60 1
26 61 1
25 62 1
24 63 1
23 64 1
22 64 1
21 65 1
20 66 1
19 67 1
18 68 1
17 69 1
16 70 1
15 71 1
14 72 1
13 73 1
12 74 1
12 75 1
11 76 1
10 77 1
9 78 1
8 79 1
.PEN_UP
.PEN_DOWN
36 52 1
37 52 1
38 52 1
39 51 1
40 50 1
41 49 1
42 48 1
.PEN_UP
.PEN_DOWN
48 95 1
48 96 1
47 97 1
47 98 1
46 99 1
45 100 1
44 101 1
44 102 1
43 103 1
43 104 1
42 105 1
42 106 1
42 107 1
41 108 1
41 109 1
41 110 1
40 111 1
40 112 1
39 113 1
39 114 1
39 115 1
39 116 1
39 117 1
39 118 1
39 119 1
40 120 1
41 119 1
42 119 1
43 118 1
44 117 1
45 116 1
45 115 1
.PEN_UP
