.PEN_DOWN
1 37 1
2 36 1
3 36 1
4 36 1
5 36 1
6 36 1
7 36 1
8 36 1
9 36 1
10 36 1
11 36 1
12 36 1
13 37 1
14 37 1
15 37 1
16 37 1
17 37 1
18 37 1
19 37 1
20 37 1
21 38 1
22 38 1
23 38 1
24 38 1
25 38 1
26 38 1
27 38 1
28 38 1
29 38 1
30 38 1
31 38 1
32 39 1
33 39 1
34 39 1
35 39 1
36 40 1
37 40 1
38 40 1
39 40 1
40 40 1
41 40 1
42 41 1
45 41 1
46 41 1
47 41 1
48 42 1
49 42 1
50 42 1
51 42 1
52 42 1
53 42 1
54 43 1
55 43 1
56 43 1
57 43 1
58 43 1
59 43 1
60 43 1
61 44 1
62 44 1
63 44 1
64 44 1
65 44 1
66 44 1
67 44 1
68 45 1
69 45 1
70 45 1
71 45 1
72 45 1
73 46 1
74 46 1
75 46 1
76 46 1
77 47 1
78 47 1
79 47 1
.PEN_UP
.PEN_DOWN
41 42 1
41 43 1
41 44 1
41 45 1
41 46 1
41 47 1
41 48 1
.PEN_UP
.PEN_DOWN
43 40 1
43 39 1
43 38 1
43 37 1
43 36 1
43 35 1
43 34 1
43 33 1
44 32 1
44 31 1
44 30 1
44 29 1
44 28 1
44 27 1
44 26 1
44 25 1
44 24 1
44 23 1
44 22 1
45 21 1
45 20 1
45 19 1
45 18 1
45 17 1
45 16 1
45 15 1
45 14 1
45 13 1
45 12 1
45 11 1
45 10 1
45 9 1
45 8 1
45 7 1
44 6 1
44 5 1
44 4 1
44 3 1
44 2 1
44 1 1
.PEN_UP
.PEN_DOWN
14 62 1
15 61 1
16 61 1
17 61 1
18 62 1
19 62 1
20 62 1
21 62 1
22 62 1
23 62 1
24 63 1
25 63 1
26 63 1
27 63 1
28 63 1
29 63 1
30 63 1
31 63 1
32 63 1
33 63 1
34 63 1
35 63 1
36 64 1
37 64 1
38 64 1
39 64 1
40 64 1
41 64 1
42 64 1
43 64 1
44 64 1
45 64 1
46 64 1
47 64 1
48 64 1
49 64 1
50 64 1
51 64 1
52 64 1
53 64 1
54 64 1
55 65 1
55 66 1
55 67 1
55 68 1
54 69 1
54 70 1
54 71 1
53 72 1
53 73 1
52 74 1
51 75 1
50 76 1
49 77 1
48 78 1
48 79 1
47 80 1
46 81 1
46 82 1
46 83 1
45 84 1
45 85 1
46 86 1
46 87 1
46 88 1
46 89 1
47 90 1
48 91 1
49 92 1
50 92 1
51 93 1
52 94 1
53 94 1
54 94 1
55 95 1
56 95 1
57 96 1
58 96 1
59 96 1
60 97 1
61 97 1
62 97 1
63 98 1
64 98 1
65 98 1
66 98 1
67 98 1
68 99 1
69 99 1
70 100 1
71 100 1
.PEN_UP
.PEN_DOWN
70 144 1
69 143 1
69 142 1
68 141 1
67 140 1
67 139 1
67 138 1
66 137 1
66 136 1
65 135 1
64 134 1
63 133 1
62 132 1
60 130 1
59 129 1
58 129 1
57 128 1
56 128 1
55 127 1
54 127 1
53 127 1
52 128 1
51 128 1
50 128 1
49 128 1
48 129 1
47 129 1
46 130 1
45 130 1
44 131 1
43 131 1
42 132 1
41 133 1
40 134 1
39 135 1
39 136 1
38 137 1
38 138 1
37 139 1
37 140 1
37 141 1
37 142 1
37 143 1
37 144 1
37 145 1
38 146 1
39 147 1
40 148 1
41 149 1
42 149 1
43 149 1
44 149 1
45 149 1
46 149 1
47 149 1
48 149 1
49 148 1
50 147 1
51 146 1
52 145 1
53 144 1
54 143 1
54 142 1
55 141 1
56 140 1
56 139 1
57 138 1
57 137 1
58 136 1
59 135 1
59 134 1
60 133 1
61 132 1
.PEN_UP
