.PEN_DOWN
53 4 1
54 3 1
55 3 1
56 3 1
57 3 1
58 2 1
59 2 1
60 2 1
61 1 1
62 1 1
63 1 1
64 2 1
65 2 1
66 2 1
67 3 1
67 4 1
67 5 1
67 6 1
67 7 1
66 8 1
65 9 1
64 10 1
64 11 1
64 12 1
63 13 1
64 14 1
65 15 1
65 16 1
65 17 1
65 18 1
64 19 1
64 20 1
63 21 1
62 22 1
61 23 1
60 24 1
.PEN_UP
.PEN_DOWN
33 47 1
34 47 1
35 47 1
36 47 1
37 46 1
38 46 1
39 46 1
.PEN_UP
.PEN_DOWN
54 39 1
55 39 1
56 38 1
57 38 1
58 38 1
59 37 1
60 37 1
61 37 1
62 36 1
63 36 1
64 35 1
65 35 1
66 35 1
67 34 1
68 33 1
69 32 1
70 32 1
71 31 1
.PEN_UP
.PEN_DOWN
54 56 1
55 57 1
56 57 1
57 58 1
58 59 1
60 59 1
61 59 1
62 59 1
63 59 1
64 59 1
65 59 1
66 58 1
67 58 1
68 58 1
69 58 1
70 58 1
71 58 1
72 57 1
73 57 1
74 56 1
75 56 1
76 56 1
77 56 1
78 56 1
.PEN_UP
.PEN_DOWN
58 62 1
57 63 1
55 64 1
54 65 1
53 65 1
52 65 1
51 65 1
50 66 1
49 66 1
48 67 1
47 67 1
46 67 1
45 68 1
44 68 1
43 69 1
42 69 1
41 70 1
40 70 1
39 71 1
38 71 1
37 71 1
36 72 1
35 73 1
34 73 1
33 74 1
32 74 1
31 75 1
30 76 1
29 76 1
28 77 1
27 78 1
26 78 1
25 78 1
24 79 1
23 80 1
22 81 1
21 81 1
20 82 1
19 83 1
18 83 1
17 83 1
16 84 1
15 84 1
14 85 1
13 85 1
12 86 1
11 87 1
10 87 1
9 87 1
8 88 1
7 89 1
6 89 1
5 90 1
4 91 1
3 91 1
2 92 1
1 93 1
.PEN_UP
.PEN_DOWN
56 64 1
57 66 1
57 67 1
56 68 1
56 69 1
56 70 1
55 71 1
55 72 1
54 73 1
53 74 1
53 75 1
52 76 1
51 77 1
50 78 1
49 79 1
48 80 1
47 81 1
46 82 1
46 83 1
46 84 1
45 85 1
45 86 1
44 88 1
43 88 1
42 89 1
41 89 1
40 90 1
39 91 1
38 91 1
37 92 1
36 93 1
35 93 1
34 94 1
33 94 1
32 95 1
31 95 1
30 96 1
29 96 1
28 97 1
27 98 1
26 98 1
25 99 1
24 100 1
23 100 1
22 100 1
21 101 1
20 101 1
19 101 1
18 102 1
17 102 1
16 103 1
15 103 1
14 103 1
13 104 1
12 105 1
11 105 1
10 106 1
.PEN_UP
.PEN_DOWN
45 87 1
47 86 1
48 86 1
49 86 1
50 86 1
51 86 1
52 85 1
53 85 1
54 84 1
55 84 1
56 83 1
57 82 1
58 82 1
59 81 1
60 81 1
61 81 1
62 80 1
63 80 1
64 80 1
65 79 1
66 79 1
67 78 1
68 78 1
69 78 1
70 78 1
71 78 1
72 80 1
72 81 1
72 82 1
71 83 1
70 84 1
69 85 1
68 85 1
67 86 1
66 87 1
65 88 1
64 89 1
64 90 1
63 91 1
62 91 1
61 92 1
60 93 1
59 94 1
58 95 1
58 96 1
57 97 1
57 98 1
57 99 1
55 101 1
54 101 1
53 102 1
52 103 1
51 103 1
50 104 1
.PEN_UP
.PEN_DOWN
56 100 1
59 99 1
60 99 1
61 99 1
62 99 1
63 98 1
64 98 1
65 98 1
66 97 1
67 96 1
68 96 1
69 96 1
.PEN_UP
