.PEN_DOWN
12 14 1
13 13 1
14 13 1
15 13 1
16 14 1
17 14 1
18 14 1
19 14 1
20 14 1
21 14 1
22 14 1
23 14 1
24 14 1
25 14 1
26 14 1
27 14 1
28 14 1
29 14 1
30 14 1
31 14 1
32 14 1
33 14 1
34 14 1
35 13 1
36 13 1
37 13 1
38 13 1
39 13 1
40 13 1
41 13 1
42 13 1
43 13 1
44 13 1
45 13 1
46 13 1
47 12 1
48 12 1
49 12 1
50 12 1
51 12 1
52 12 1
53 12 1
54 12 1
55 12 1
56 12 1
57 12 1
58 12 1
59 12 1
60 12 1
61 12 1
62 12 1
63 12 1
64 12 1
65 12 1
66 12 1
69 12 1
70 11 1
71 11 1
72 10 1
75 10 1
76 10 1
77 10 1
78 10 1
79 10 1
80 10 1
81 9 1
82 9 1
83 8 1
84 7 1
84 6 1
84 5 1
84 4 1
84 3 1
83 2 1
82 1 1
81 1 1
80 1 1
79 1 1
78 1 1
77 1 1
76 1 1
75 2 1
74 3 1
74 4 1
74 5 1
73 6 1
73 7 1
73 8 1
73 9 1
.PEN_UP
.PEN_DOWN
67 12 1
67 14 1
67 15 1
66 16 1
66 17 1
66 18 1
66 19 1
65 20 1
65 21 1
64 22 1
64 23 1
64 24 1
64 25 1
64 26 1
63 27 1
63 28 1
62 29 1
61 29 1
60 30 1
59 30 1
58 30 1
57 30 1
56 31 1
55 32 1
54 33 1
53 34 1
52 34 1
51 35 1
50 36 1
49 37 1
48 37 1
47 38 1
46 39 1
45 40 1
44 41 1
43 41 1
42 42 1
.PEN_UP
.PEN_DOWN
64 29 1
65 29 1
66 30 1
67 31 1
68 32 1
69 33 1
70 34 1
70 35 1
70 36 1
71 37 1
72 38 1
72 39 1
72 40 1
72 41 1
72 42 1
72 43 1
72 44 1
72 45 1
72 46 1
72 47 1
72 48 1
71 49 1
71 50 1
71 51 1
70 52 1
70 53 1
70 54 1
70 55 1
69 56 1
69 57 1
68 58 1
67 58 1
66 59 1
.PEN_UP
.PEN_DOWN
70 58 1
71 59 1
71 60 1
71 61 1
72 62 1
73 63 1
74 64 1
75 63 1
76 63 1
77 63 1
78 62 1
.PEN_UP
.PEN_DOWN
73 65 1
72 66 1
71 66 1
70 66 1
69 66 1
68 67 1
67 67 1
66 68 1
65 69 1
64 69 1
63 70 1
62 71 1
61 72 1
60 72 1
59 73 1
58 74 1
57 74 1
56 75 1
55 76 1
53 76 1
52 76 1
51 76 1
49 78 1
48 79 1
47 80 1
46 81 1
45 82 1
44 83 1
43 83 1
42 84 1
41 85 1
40 86 1
39 87 1
39 88 1
38 89 1
37 90 1
36 91 1
35 92 1
.PEN_UP
.PEN_DOWN
50 75 1
49 74 1
49 73 1
48 72 1
47 71 1
46 70 1
45 69 1
44 69 1
43 68 1
42 68 1
41 68 1
40 68 1
.PEN_UP
.PEN_DOWN
54 76 1
56 78 1
56 79 1
56 80 1
57 81 1
58 82 1
58 83 1
59 84 1
60 85 1
61 86 1
61 87 1
62 88 1
63 89 1
64 90 1
.PEN_UP
.PEN_DOWN
1 114 1
2 114 1
3 114 1
4 114 1
5 114 1
6 114 1
7 114 1
8 113 1
9 113 1
10 113 1
11 113 1
12 113 1
13 113 1
14 112 1
15 112 1
16 112 1
17 112 1
18 112 1
19 112 1
20 111 1
21 111 1
22 111 1
23 111 1
24 111 1
25 111 1
26 111 1
27 111 1
28 111 1
29 111 1
30 110 1
31 110 1
32 110 1
33 110 1
34 110 1
35 110 1
36 110 1
37 110 1
38 110 1
39 110 1
40 109 1
41 109 1
42 109 1
43 109 1
44 109 1
45 109 1
46 109 1
47 109 1
48 109 1
49 108 1
50 108 1
51 108 1
52 108 1
53 108 1
54 108 1
55 108 1
56 108 1
57 108 1
58 109 1
59 108 1
60 107 1
61 106 1
63 107 1
64 107 1
65 107 1
66 107 1
67 107 1
68 107 1
69 107 1
70 107 1
71 106 1
72 106 1
73 106 1
74 106 1
77 106 1
78 106 1
79 106 1
80 105 1
81 105 1
82 104 1
83 104 1
84 104 1
.PEN_UP
.PEN_DOWN
75 105 1
75 104 1
75 103 1
75 102 1
74 101 1
73 100 1
.PEN_UP
.PEN_DOWN
58 110 1
58 111 1
58 112 1
58 113 1
58 114 1
57 115 1
57 116 1
57 117 1
57 118 1
57 119 1
57 120 1
57 121 1
57 122 1
57 123 1
57 124 1
56 125 1
56 126 1
56 127 1
56 128 1
55 129 1
55 130 1
54 131 1
.PEN_UP
