.PEN_DOWN
1 2 1
2 1 1
3 2 1
4 2 1
5 3 1
6 3 1
7 3 1
8 4 1
9 4 1
10 5 1
11 5 1
12 6 1
13 7 1
14 8 1
15 9 1
16 10 1
17 11 1
17 12 1
18 13 1
18 14 1
18 15 1
18 16 1
18 17 1
18 18 1
18 19 1
18 20 1
17 21 1
17 22 1
17 23 1
17 24 1
17 25 1
17 26 1
16 27 1
17 28 1
17 29 1
18 30 1
19 31 1
20 32 1
21 33 1
22 34 1
23 35 1
24 36 1
25 37 1
26 38 1
26 39 1
26 40 1
27 41 1
27 42 1
27 43 1
28 44 1
28 45 1
28 46 1
.PEN_UP
.PEN_DOWN
26 100 1
26 99 1
26 98 1
26 97 1
26 96 1
25 95 1
25 94 1
24 93 1
24 92 1
24 91 1
24 90 1
24 89 1
23 88 1
23 87 1
22 86 1
22 85 1
21 84 1
21 83 1
21 82 1
20 81 1
18 80 1
17 80 1
16 79 1
15 79 1
14 78 1
14 77 1
14 76 1
13 75 1
13 74 1
12 73 1
12 72 1
12 71 1
12 70 1
11 69 1
11 68 1
11 67 1
10 66 1
10 65 1
10 64 1
10 63 1
10 62 1
11 61 1
11 60 1
12 59 1
13 58 1
14 57 1
15 57 1
16 56 1
17 56 1
18 55 1
19 55 1
20 55 1
21 55 1
22 55 1
23 55 1
24 55 1
25 56 1
26 57 1
27 58 1
28 59 1
28 60 1
28 61 1
29 62 1
29 63 1
29 64 1
29 65 1
28 66 1
28 67 1
28 68 1
28 69 1
28 70 1
27 71 1
27 72 1
27 73 1
26 74 1
26 75 1
25 76 1
25 77 1
24 78 1
23 78 1
22 79 1
21 79 1
20 80 1
.PEN_UP
.PEN_DOWN
14 111 1
15 111 1
16 111 1
17 112 1
18 112 1
19 112 1
20 112 1
21 113 1
22 113 1
23 114 1
24 115 1
25 116 1
26 117 1
27 118 1
27 119 1
27 120 1
27 121 1
27 122 1
27 123 1
27 124 1
27 125 1
27 126 1
27 127 1
27 128 1
26 129 1
26 130 1
25 131 1
24 132 1
23 133 1
22 133 1
21 134 1
20 134 1
19 134 1
18 134 1
15 134 1
14 133 1
13 133 1
12 132 1
11 131 1
10 130 1
9 129 1
8 128 1
7 127 1
.PEN_UP
.PEN_DOWN
17 134 1
17 136 1
17 137 1
18 138 1
18 139 1
18 140 1
19 141 1
.PEN_UP
.PEN_DOWN
34 206 1
34 205 1
34 204 1
34 203 1
33 202 1
33 201 1
33 200 1
33 199 1
32 198 1
32 197 1
32 196 1
32 195 1
31 194 1
31 193 1
30 192 1
30 191 1
30 190 1
30 189 1
30 188 1
30 187 1
29 186 1
29 185 1
28 184 1
28 183 1
28 182 1
28 181 1
28 180 1
28 179 1
27 178 1
27 177 1
27 176 1
26 175 1
26 174 1
26 173 1
25 172 1
25 171 1
25 170 1
24 169 1
24 168 1
24 167 1
23 166 1
23 165 1
23 164 1
22 163 1
22 162 1
21 161 1
20 160 1
20 158 1
19 157 1
19 156 1
19 155 1
18 154 1
18 153 1
17 152 1
16 151 1
15 150 1
14 149 1
13 148 1
12 147 1
11 146 1
10 146 1
9 146 1
8 146 1
7 147 1
6 147 1
5 147 1
4 148 1
3 149 1
2 150 1
2 151 1
2 152 1
1 153 1
1 154 1
1 155 1
1 156 1
1 157 1
1 158 1
1 159 1
2 160 1
2 161 1
3 162 1
4 163 1
5 164 1
6 164 1
7 164 1
8 165 1
9 164 1
10 164 1
11 164 1
12 164 1
13 163 1
14 162 1
15 162 1
16 161 1
17 161 1
18 161 1
19 160 1
.PEN_UP
