.PEN_DOWN
6 33 1
5 32 1
4 32 1
3 31 1
3 30 1
2 29 1
2 28 1
1 27 1
1 26 1
1 25 1
1 24 1
1 23 1
1 22 1
1 21 1
1 20 1
1 19 1
2 18 1
3 17 1
4 16 1
5 15 1
6 15 1
7 14 1
8 13 1
9 12 1
10 12 1
11 12 1
12 12 1
13 11 1
14 11 1
15 11 1
16 11 1
17 11 1
18 11 1
19 11 1
20 11 1
21 11 1
22 12 1
23 12 1
24 12 1
25 12 1
26 12 1
27 12 1
28 12 1
29 12 1
30 12 1
34 13 1
35 13 1
36 13 1
37 14 1
38 14 1
39 14 1
40 14 1
41 15 1
42 15 1
43 15 1
44 15 1
45 15 1
46 16 1
47 16 1
48 16 1
49 16 1
50 16 1
51 16 1
52 17 1
53 17 1
54 17 1
55 17 1
56 17 1
57 18 1
58 18 1
59 18 1
60 18 1
61 18 1
62 18 1
63 18 1
64 18 1
65 18 1
66 18 1
67 18 1
68 18 1
69 18 1
70 18 1
71 19 1
72 19 1
73 19 1
.PEN_UP
.PEN_DOWN
31 12 1
32 10 1
33 9 1
33 8 1
33 7 1
33 6 1
33 5 1
33 4 1
34 3 1
34 2 1
35 1 1
.PEN_UP
.PEN_DOWN
31 13 1
31 15 1
31 16 1
30 17 1
30 18 1
30 19 1
30 20 1
30 21 1
30 22 1
30 23 1
30 24 1
30 25 1
30 26 1
29 27 1
29 28 1
29 29 1
28 30 1
.PEN_UP
.PEN_DOWN
21 45 1
22 45 1
23 45 1
24 45 1
25 45 1
26 45 1
27 45 1
28 45 1
29 45 1
30 46 1
31 46 1
32 46 1
33 46 1
34 46 1
35 46 1
36 46 1
37 47 1
38 47 1
39 47 1
40 47 1
41 47 1
42 47 1
43 47 1
44 48 1
45 48 1
46 48 1
47 48 1
48 48 1
49 48 1
50 48 1
51 48 1
52 49 1
53 49 1
54 49 1
55 49 1
.PEN_UP
.PEN_DOWN
50 55 1
51 56 1
52 57 1
52 58 1
52 59 1
53 60 1
53 61 1
53 62 1
53 63 1
54 64 1
54 65 1
54 66 1
54 67 1
54 68 1
54 69 1
54 70 1
54 71 1
55 72 1
55 73 1
55 74 1
55 75 1
55 76 1
56 77 1
56 78 1
56 79 1
56 80 1
56 81 1
56 82 1
56 83 1
56 84 1
56 85 1
56 86 1
56 87 1
55 88 1
55 89 1
54 90 1
53 91 1
52 91 1
51 91 1
50 92 1
49 92 1
48 92 1
47 93 1
46 93 1
45 93 1
44 93 1
43 93 1
42 93 1
41 93 1
40 92 1
39 92 1
38 91 1
37 90 1
36 89 1
35 88 1
34 87 1
34 86 1
34 85 1
34 84 1
34 83 1
33 82 1
33 81 1
33 80 1
33 79 1
33 78 1
33 77 1
33 76 1
33 75 1
33 74 1
32 73 1
32 72 1
32 71 1
32 70 1
31 69 1
30 68 1
29 68 1
28 68 1
27 68 1
26 69 1
25 70 1
24 71 1
23 72 1
23 73 1
22 74 1
22 75 1
22 76 1
21 77 1
21 78 1
20 79 1
20 80 1
20 81 1
19 82 1
19 83 1
18 84 1
18 85 1
17 86 1
18 87 1
18 88 1
.PEN_UP
.PEN_DOWN
13 104 1
14 104 1
15 104 1
16 105 1
17 105 1
18 105 1
19 105 1
20 105 1
21 106 1
22 106 1
23 106 1
24 106 1
25 106 1
26 106 1
27 106 1
28 106 1
29 106 1
30 106 1
31 107 1
32 107 1
33 107 1
34 107 1
35 107 1
36 107 1
37 107 1
38 107 1
39 107 1
40 107 1
41 108 1
43 109 1
44 109 1
45 109 1
46 109 1
47 109 1
48 109 1
49 109 1
50 109 1
51 109 1
52 109 1
.PEN_UP
.PEN_DOWN
41 109 1
41 111 1
40 112 1
40 113 1
40 114 1
39 115 1
39 116 1
38 117 1
37 118 1
36 119 1
36 120 1
35 121 1
35 122 1
34 123 1
34 124 1
34 125 1
34 126 1
34 127 1
34 128 1
34 129 1
34 130 1
34 131 1
34 132 1
34 133 1
34 134 1
35 135 1
36 136 1
36 137 1
37 138 1
38 139 1
39 140 1
40 141 1
41 141 1
42 142 1
43 142 1
44 143 1
45 143 1
46 143 1
47 143 1
48 143 1
49 143 1
50 144 1
51 144 1
52 144 1
.PEN_UP
.PEN_DOWN
32 192 1
32 191 1
32 190 1
31 189 1
31 188 1
31 187 1
30 186 1
30 185 1
30 184 1
30 183 1
30 182 1
30 181 1
28 179 1
27 179 1
26 178 1
26 177 1
26 176 1
26 175 1
26 174 1
26 173 1
26 172 1
26 171 1
26 170 1
26 169 1
26 168 1
26 167 1
27 166 1
27 165 1
28 164 1
29 163 1
30 162 1
31 162 1
32 161 1
34 159 1
34 158 1
35 157 1
35 156 1
36 155 1
37 154 1
38 154 1
39 154 1
40 154 1
41 155 1
42 155 1
43 155 1
44 156 1
45 156 1
46 157 1
47 158 1
48 158 1
49 159 1
50 160 1
51 161 1
52 162 1
52 163 1
53 164 1
53 165 1
54 166 1
54 167 1
54 168 1
55 169 1
55 170 1
55 171 1
55 172 1
55 173 1
55 174 1
56 175 1
56 176 1
56 177 1
56 178 1
56 179 1
55 180 1
55 181 1
55 182 1
55 183 1
55 184 1
54 185 1
54 186 1
54 187 1
53 188 1
53 189 1
53 190 1
52 191 1
52 192 1
51 193 1
51 194 1
50 195 1
49 196 1
49 197 1
48 198 1
47 199 1
46 200 1
46 201 1
45 202 1
45 203 1
44 204 1
42 205 1
41 205 1
40 205 1
39 205 1
38 206 1
37 208 1
36 209 1
36 210 1
35 211 1
35 212 1
34 213 1
33 214 1
32 215 1
32 216 1
31 217 1
31 218 1
30 219 1
29 220 1
29 221 1
29 222 1
29 223 1
28 224 1
28 225 1
29 226 1
29 227 1
.PEN_UP
.PEN_DOWN
37 205 1
36 204 1
35 204 1
34 204 1
33 204 1
32 204 1
31 203 1
30 203 1
29 203 1
.PEN_UP
.PEN_DOWN
43 205 1
46 205 1
47 205 1
48 205 1
49 205 1
50 205 1
51 205 1
52 205 1
53 205 1
54 205 1
55 206 1
56 206 1
57 206 1
58 206 1
.PEN_UP
.PEN_DOWN
33 160 1
34 162 1
34 163 1
34 164 1
34 165 1
34 166 1
34 167 1
34 168 1
34 169 1
34 170 1
34 171 1
33 172 1
33 173 1
33 174 1
33 175 1
33 176 1
33 177 1
32 178 1
31 179 1
30 180 1
.PEN_UP
.PEN_DOWN
26 241 1
27 241 1
28 242 1
29 242 1
30 242 1
31 242 1
32 242 1
33 242 1
34 242 1
35 242 1
36 242 1
37 242 1
38 242 1
39 242 1
40 242 1
41 242 1
42 242 1
43 242 1
44 242 1
45 242 1
46 242 1
47 242 1
48 242 1
49 242 1
50 242 1
51 242 1
52 242 1
53 243 1
54 243 1
55 243 1
56 243 1
.PEN_UP
.PEN_DOWN
33 294 1
33 293 1
32 292 1
32 291 1
31 290 1
31 289 1
29 288 1
28 287 1
27 286 1
26 285 1
26 284 1
26 283 1
26 282 1
26 281 1
26 280 1
26 279 1
26 278 1
26 277 1
26 276 1
26 275 1
26 274 1
26 273 1
26 272 1
26 271 1
26 270 1
26 269 1
27 268 1
28 267 1
29 267 1
30 266 1
32 264 1
32 263 1
32 262 1
33 261 1
34 260 1
34 259 1
35 258 1
36 257 1
37 257 1
38 256 1
39 256 1
40 256 1
41 256 1
42 257 1
43 257 1
44 257 1
45 258 1
46 258 1
47 259 1
48 259 1
49 260 1
50 261 1
51 262 1
52 263 1
53 264 1
53 265 1
54 266 1
55 267 1
55 268 1
56 269 1
56 270 1
56 271 1
56 272 1
57 273 1
57 274 1
57 275 1
58 276 1
58 277 1
58 278 1
58 279 1
58 280 1
58 281 1
58 282 1
58 283 1
58 284 1
58 285 1
58 286 1
57 287 1
57 288 1
57 289 1
56 290 1
56 291 1
56 292 1
55 293 1
55 294 1
54 295 1
54 296 1
54 297 1
54 298 1
54 299 1
52 300 1
51 301 1
50 302 1
50 303 1
49 304 1
.PEN_UP
.PEN_DOWN
53 300 1
56 301 1
57 302 1
58 303 1
59 304 1
59 305 1
59 306 1
60 307 1
60 308 1
60 309 1
61 310 1
61 311 1
61 312 1
62 313 1
62 314 1
62 315 1
62 316 1
63 317 1
63 318 1
63 319 1
63 320 1
63 321 1
63 322 1
64 323 1
64 324 1
64 325 1
64 326 1
64 327 1
64 328 1
64 329 1
64 330 1
63 331 1
63 332 1
63 333 1
63 334 1
62 335 1
62 336 1
61 337 1
61 338 1
60 339 1
59 339 1
58 340 1
57 340 1
56 340 1
55 340 1
54 340 1
53 340 1
52 340 1
51 340 1
50 339 1
49 339 1
48 338 1
47 337 1
46 336 1
46 335 1
45 334 1
45 333 1
44 332 1
44 331 1
43 330 1
43 329 1
42 328 1
42 327 1
42 326 1
41 325 1
41 324 1
40 323 1
40 322 1
39 321 1
39 320 1
38 319 1
37 318 1
36 317 1
35 317 1
34 317 1
33 318 1
32 319 1
31 320 1
31 321 1
30 322 1
30 323 1
29 324 1
29 325 1
28 326 1
28 327 1
28 328 1
28 329 1
27 330 1
27 331 1
27 332 1
26 333 1
26 334 1
26 335 1
26 336 1
25 337 1
25 338 1
25 339 1
26 340 1
26 341 1
27 342 1
28 343 1
.PEN_UP
.PEN_DOWN
31 265 1
33 267 1
33 268 1
33 269 1
33 270 1
33 271 1
33 272 1
33 273 1
33 274 1
33 275 1
33 276 1
33 277 1
33 278 1
33 279 1
33 280 1
33 281 1
33 282 1
33 283 1
33 284 1
33 285 1
33 286 1
33 287 1
32 288 1
.PEN_UP
