.PEN_DOWN
30 10 1
29 10 1
28 10 1
27 11 1
26 11 1
25 12 1
24 12 1
23 13 1
22 13 1
21 14 1
20 15 1
19 16 1
18 17 1
17 18 1
16 19 1
15 20 1
14 21 1
14 22 1
13 23 1
12 24 1
11 25 1
11 26 1
10 27 1
9 28 1
8 29 1
8 30 1
7 31 1
6 32 1
6 33 1
5 34 1
5 35 1
4 36 1
4 37 1
4 38 1
4 39 1
3 40 1
3 41 1
3 42 1
3 43 1
3 44 1
3 45 1
2 46 1
2 47 1
2 48 1
1 49 1
1 50 1
1 51 1
1 52 1
1 53 1
1 54 1
1 55 1
1 56 1
1 57 1
2 58 1
2 59 1
2 60 1
3 61 1
3 62 1
3 63 1
4 64 1
4 65 1
5 66 1
5 67 1
6 68 1
6 69 1
7 70 1
8 71 1
9 71 1
10 72 1
11 72 1
12 72 1
13 72 1
14 72 1
15 72 1
16 72 1
17 72 1
18 71 1
19 70 1
20 70 1
21 69 1
22 69 1
23 69 1
24 68 1
25 67 1
26 66 1
27 65 1
28 64 1
29 63 1
30 62 1
31 61 1
31 60 1
32 59 1
32 58 1
33 57 1
34 56 1
34 55 1
35 54 1
35 53 1
36 52 1
36 51 1
37 50 1
38 49 1
38 48 1
38 47 1
39 46 1
39 45 1
40 44 1
40 43 1
41 42 1
41 41 1
42 40 1
42 39 1
42 38 1
43 37 1
43 36 1
43 35 1
44 34 1
44 33 1
44 32 1
43 31 1
43 30 1
43 29 1
42 28 1
40 28 1
39 28 1
38 29 1
37 29 1
36 30 1
35 30 1
34 30 1
33 31 1
32 31 1
31 32 1
.PEN_UP
.PEN_DOWN
41 28 1
43 26 1
44 25 1
45 25 1
46 24 1
47 24 1
48 23 1
49 23 1
50 22 1
51 22 1
52 21 1
53 20 1
54 19 1
55 19 1
56 18 1
57 17 1
58 17 1
59 16 1
60 16 1
61 15 1
62 14 1
63 14 1
64 13 1
65 12 1
66 12 1
67 11 1
68 11 1
69 10 1
70 10 1
71 9 1
72 9 1
73 8 1
74 8 1
75 7 1
76 7 1
77 6 1
78 5 1
79 5 1
80 4 1
81 4 1
82 3 1
83 3 1
84 3 1
85 2 1
85 1 1
.PEN_UP
.PEN_DOWN
79 79 1
79 80 1
79 81 1
78 82 1
77 82 1
76 83 1
75 83 1
74 84 1
73 84 1
72 84 1
71 85 1
70 85 1
69 86 1
69 87 1
69 88 1
68 89 1
67 90 1
66 91 1
65 92 1
65 93 1
64 94 1
64 95 1
63 96 1
63 97 1
63 98 1
63 99 1
63 100 1
63 101 1
63 102 1
63 103 1
63 104 1
63 105 1
63 106 1
63 107 1
63 108 1
62 109 1
62 110 1
62 111 1
61 112 1
61 113 1
61 114 1
61 115 1
61 116 1
62 117 1
63 117 1
64 118 1
65 118 1
66 118 1
67 118 1
68 117 1
69 117 1
70 117 1
71 117 1
72 116 1
73 116 1
74 116 1
75 115 1
76 114 1
77 113 1
78 113 1
79 112 1
80 111 1
81 110 1
82 109 1
83 108 1
84 107 1
84 106 1
84 105 1
85 104 1
85 103 1
85 102 1
84 101 1
83 101 1
82 101 1
81 101 1
80 102 1
79 102 1
.PEN_UP
.PEN_DOWN
69 84 1
69 83 1
68 82 1
68 81 1
68 80 1
68 79 1
69 78 1
69 77 1
69 76 1
69 75 1
69 74 1
69 73 1
70 72 1
70 71 1
70 70 1
71 69 1
71 68 1
71 67 1
72 66 1
72 65 1
73 64 1
73 63 1
74 62 1
75 61 1
76 60 1
76 59 1
77 58 1
78 57 1
78 56 1
78 55 1
79 54 1
80 53 1
80 52 1
81 51 1
81 50 1
82 49 1
82 48 1
82 47 1
83 46 1
83 45 1
84 44 1
84 43 1
84 42 1
84 41 1
84 40 1
84 39 1
84 38 1
84 37 1
83 36 1
82 36 1
81 35 1
80 35 1
79 35 1
78 35 1
77 35 1
76 35 1
75 35 1
74 35 1
73 36 1
72 36 1
71 37 1
70 37 1
69 38 1
68 39 1
67 39 1
66 40 1
66 41 1
65 42 1
64 43 1
64 44 1
63 45 1
63 46 1
61 47 1
60 48 1
59 48 1
58 48 1
57 49 1
56 50 1
55 51 1
54 52 1
54 53 1
53 54 1
53 55 1
52 56 1
52 57 1
52 58 1
52 59 1
52 60 1
52 61 1
52 62 1
52 63 1
53 64 1
54 65 1
55 65 1
56 66 1
57 66 1
58 65 1
59 65 1
60 65 1
61 64 1
62 63 1
62 62 1
63 61 1
63 60 1
63 59 1
63 58 1
64 57 1
64 56 1
64 55 1
64 54 1
64 53 1
64 52 1
64 51 1
64 50 1
64 49 1
64 48 1
63 47 1
.PEN_UP
.PEN_DOWN
80 160 1
79 161 1
79 162 1
78 163 1
77 164 1
76 164 1
75 165 1
74 166 1
73 166 1
72 168 1
72 169 1
72 170 1
71 171 1
71 172 1
71 173 1
70 174 1
70 175 1
69 176 1
69 177 1
68 178 1
68 179 1
68 180 1
67 181 1
67 182 1
67 183 1
67 184 1
67 185 1
68 186 1
69 187 1
70 188 1
71 189 1
72 189 1
73 189 1
74 189 1
75 190 1
76 190 1
77 190 1
78 190 1
79 191 1
79 192 1
78 193 1
78 194 1
78 195 1
78 196 1
78 197 1
77 198 1
77 199 1
77 200 1
76 201 1
76 202 1
76 203 1
75 204 1
75 205 1
75 206 1
75 207 1
75 208 1
75 209 1
75 210 1
74 211 1
73 212 1
72 213 1
72 214 1
72 215 1
72 216 1
72 217 1
71 218 1
71 219 1
72 220 1
72 221 1
73 222 1
74 222 1
75 223 1
76 224 1
77 225 1
77 226 1
77 227 1
76 228 1
76 229 1
76 230 1
76 231 1
75 232 1
75 233 1
74 234 1
73 235 1
73 236 1
72 237 1
72 238 1
72 239 1
72 240 1
72 241 1
71 242 1
71 243 1
71 244 1
71 245 1
70 247 1
69 247 1
68 248 1
67 249 1
66 250 1
65 251 1
64 252 1
63 253 1
62 254 1
61 255 1
60 256 1
59 257 1
58 258 1
57 258 1
56 259 1
55 260 1
54 261 1
53 261 1
52 262 1
51 263 1
50 263 1
49 264 1
48 265 1
47 265 1
46 266 1
45 267 1
44 267 1
43 268 1
42 269 1
41 269 1
40 270 1
39 271 1
38 272 1
37 273 1
36 273 1
35 274 1
34 275 1
33 275 1
32 276 1
31 277 1
30 278 1
29 279 1
28 279 1
27 280 1
27 281 1
26 282 1
25 283 1
24 284 1
23 285 1
22 286 1
.PEN_UP
.PEN_DOWN
71 246 1
73 246 1
74 245 1
75 245 1
76 245 1
77 244 1
78 244 1
79 244 1
80 243 1
81 243 1
82 242 1
83 242 1
84 242 1
85 242 1
86 242 1
87 242 1
88 242 1
89 242 1
90 243 1
91 244 1
92 245 1
92 246 1
92 247 1
92 248 1
92 249 1
92 250 1
92 251 1
91 252 1
91 253 1
90 254 1
89 255 1
89 256 1
88 257 1
87 258 1
.PEN_UP
.PEN_DOWN
72 166 1
70 165 1
69 165 1
68 164 1
68 163 1
68 162 1
68 161 1
68 160 1
68 159 1
68 158 1
68 157 1
68 156 1
69 155 1
69 154 1
70 153 1
71 153 1
72 153 1
73 152 1
74 151 1
75 150 1
76 149 1
77 148 1
78 147 1
79 146 1
80 145 1
80 144 1
81 143 1
81 142 1
81 141 1
82 140 1
82 139 1
82 138 1
83 137 1
82 136 1
81 135 1
80 136 1
79 136 1
78 136 1
77 136 1
76 137 1
75 137 1
74 137 1
73 138 1
72 139 1
71 140 1
70 141 1
69 142 1
68 143 1
68 144 1
67 145 1
66 146 1
66 147 1
66 148 1
66 149 1
66 150 1
66 151 1
67 152 1
68 153 1
.PEN_UP
