.PEN_DOWN
22 90 1
23 89 1
24 89 1
25 88 1
26 88 1
27 88 1
28 87 1
29 87 1
30 86 1
31 86 1
32 85 1
33 84 1
34 83 1
35 83 1
36 82 1
37 81 1
40 81 1
41 81 1
42 80 1
43 80 1
44 79 1
45 78 1
46 77 1
46 76 1
47 75 1
47 74 1
47 73 1
45 72 1
44 73 1
43 73 1
42 73 1
41 74 1
40 75 1
39 76 1
39 77 1
39 78 1
39 79 1
38 80 1
.PEN_UP
.PEN_DOWN
48 71 1
49 70 1
52 67 1
53 66 1
54 65 1
55 64 1
55 63 1
56 62 1
57 61 1
58 60 1
59 60 1
60 59 1
61 58 1
61 57 1
62 56 1
63 55 1
64 54 1
65 53 1
65 52 1
66 51 1
67 51 1
68 50 1
69 49 1
70 48 1
71 47 1
72 46 1
73 45 1
74 44 1
75 43 1
76 42 1
77 41 1
78 40 1
78 39 1
79 38 1
82 38 1
83 38 1
84 37 1
85 37 1
86 37 1
87 36 1
88 35 1
89 35 1
90 34 1
91 34 1
92 34 1
93 34 1
94 33 1
95 33 1
96 33 1
97 33 1
98 33 1
99 33 1
100 34 1
101 35 1
101 36 1
101 37 1
100 38 1
100 39 1
100 40 1
99 41 1
99 42 1
99 43 1
98 44 1
98 45 1
98 46 1
97 47 1
97 48 1
96 49 1
96 50 1
95 51 1
95 52 1
94 53 1
94 54 1
93 55 1
93 56 1
92 57 1
92 58 1
91 59 1
90 60 1
90 61 1
89 62 1
89 63 1
89 64 1
89 65 1
87 67 1
86 67 1
85 68 1
84 69 1
83 70 1
82 71 1
81 72 1
80 73 1
79 74 1
78 75 1
.PEN_UP
.PEN_DOWN
88 66 1
90 67 1
91 68 1
91 69 1
91 70 1
91 71 1
90 72 1
90 73 1
90 74 1
89 75 1
89 76 1
88 77 1
88 78 1
88 79 1
87 80 1
86 81 1
86 82 1
86 83 1
86 84 1
86 85 1
85 86 1
85 87 1
85 88 1
86 89 1
88 91 1
88 92 1
88 93 1
88 94 1
88 95 1
87 96 1
87 97 1
87 98 1
87 99 1
86 100 1
86 101 1
85 102 1
85 103 1
85 104 1
85 105 1
85 106 1
86 107 1
87 107 1
88 108 1
89 109 1
90 110 1
90 111 1
90 112 1
90 113 1
90 114 1
90 115 1
90 116 1
90 117 1
89 118 1
89 119 1
89 120 1
89 121 1
89 124 1
88 125 1
87 126 1
87 127 1
87 128 1
86 129 1
85 130 1
85 131 1
84 132 1
83 133 1
83 134 1
83 135 1
.PEN_UP
.PEN_DOWN
89 122 1
91 122 1
92 122 1
93 122 1
94 121 1
95 121 1
96 121 1
97 120 1
98 120 1
99 120 1
100 120 1
101 120 1
102 120 1
103 121 1
104 122 1
104 123 1
104 124 1
104 125 1
103 126 1
103 127 1
103 128 1
103 129 1
102 130 1
102 131 1
101 132 1
101 133 1
101 134 1
100 135 1
100 136 1
99 137 1
99 138 1
98 139 1
98 140 1
98 141 1
98 142 1
98 143 1
98 144 1
97 145 1
96 146 1
95 147 1
94 148 1
93 149 1
92 149 1
91 150 1
91 151 1
90 152 1
89 153 1
88 154 1
88 155 1
87 156 1
86 157 1
85 158 1
84 159 1
83 160 1
82 161 1
82 162 1
81 163 1
81 164 1
80 165 1
79 166 1
.PEN_UP
.PEN_DOWN
98 146 1
99 146 1
100 146 1
101 146 1
102 147 1
103 148 1
103 149 1
103 150 1
103 151 1
103 152 1
103 153 1
103 154 1
102 155 1
102 156 1
102 157 1
101 158 1
101 159 1
100 160 1
100 161 1
100 162 1
99 163 1
99 164 1
98 165 1
97 166 1
97 167 1
97 168 1
96 169 1
96 170 1
96 171 1
95 172 1
95 173 1
95 174 1
95 175 1
95 176 1
94 177 1
94 178 1
94 179 1
94 180 1
93 181 1
93 182 1
93 183 1
92 184 1
91 185 1
91 186 1
90 187 1
89 188 1
88 189 1
88 190 1
87 191 1
87 192 1
86 193 1
86 194 1
84 195 1
83 196 1
82 196 1
81 196 1
80 197 1
79 198 1
78 199 1
77 200 1
76 201 1
75 201 1
74 202 1
73 203 1
73 204 1
72 205 1
71 206 1
70 207 1
69 208 1
68 209 1
67 210 1
66 211 1
65 212 1
64 212 1
63 213 1
62 214 1
61 215 1
60 216 1
59 217 1
58 218 1
57 219 1
56 219 1
55 220 1
54 221 1
53 222 1
52 223 1
51 224 1
50 225 1
49 226 1
48 227 1
47 228 1
46 229 1
45 230 1
44 231 1
43 232 1
42 233 1
41 233 1
40 234 1
39 235 1
38 236 1
37 237 1
36 238 1
35 239 1
34 240 1
33 240 1
32 241 1
31 242 1
30 243 1
29 244 1
28 245 1
27 246 1
26 247 1
25 248 1
24 248 1
23 249 1
22 250 1
21 251 1
20 252 1
19 253 1
18 254 1
17 255 1
16 256 1
15 256 1
14 257 1
13 258 1
12 258 1
11 259 1
10 260 1
9 261 1
8 262 1
.PEN_UP
.PEN_DOWN
85 195 1
87 196 1
88 197 1
88 198 1
87 199 1
87 200 1
87 201 1
87 202 1
87 203 1
87 204 1
87 205 1
87 206 1
87 207 1
87 208 1
87 209 1
87 212 1
87 213 1
87 214 1
86 215 1
86 216 1
86 217 1
85 218 1
85 219 1
84 220 1
83 221 1
83 222 1
83 223 1
83 224 1
83 225 1
83 226 1
83 227 1
83 228 1
83 229 1
83 230 1
83 231 1
83 232 1
.PEN_UP
.PEN_DOWN
87 210 1
89 210 1
90 209 1
91 209 1
92 209 1
93 208 1
94 208 1
95 207 1
96 206 1
97 206 1
98 205 1
99 205 1
100 204 1
101 204 1
102 204 1
103 204 1
104 204 1
105 204 1
106 205 1
107 206 1
107 207 1
107 208 1
108 209 1
108 210 1
108 211 1
109 212 1
109 213 1
109 214 1
109 215 1
109 216 1
109 217 1
109 218 1
109 219 1
109 220 1
109 221 1
108 222 1
108 223 1
108 224 1
108 225 1
107 226 1
107 227 1
107 228 1
106 229 1
106 230 1
106 231 1
105 232 1
105 233 1
105 234 1
104 235 1
104 236 1
104 237 1
104 238 1
104 239 1
104 240 1
103 242 1
102 242 1
101 243 1
100 244 1
99 245 1
98 246 1
98 247 1
97 248 1
96 249 1
95 250 1
94 251 1
94 252 1
93 253 1
92 254 1
92 255 1
91 256 1
90 257 1
90 258 1
89 259 1
89 260 1
88 261 1
88 262 1
88 263 1
87 264 1
87 265 1
87 266 1
87 267 1
87 268 1
87 269 1
87 270 1
87 271 1
88 272 1
88 273 1
.PEN_UP
.PEN_DOWN
104 241 1
106 241 1
107 242 1
108 242 1
109 243 1
110 244 1
111 245 1
111 246 1
111 247 1
111 248 1
111 249 1
111 250 1
110 251 1
110 252 1
109 253 1
109 254 1
109 255 1
108 256 1
108 257 1
107 258 1
106 259 1
106 260 1
105 261 1
105 262 1
104 263 1
103 264 1
103 265 1
103 266 1
103 267 1
102 268 1
102 269 1
100 271 1
99 271 1
98 272 1
97 273 1
97 274 1
.PEN_UP
.PEN_DOWN
101 270 1
104 270 1
105 270 1
106 271 1
107 272 1
107 273 1
107 274 1
107 275 1
106 276 1
106 277 1
106 278 1
106 279 1
105 280 1
105 281 1
104 282 1
104 283 1
103 284 1
103 285 1
102 286 1
102 287 1
101 288 1
100 289 1
100 290 1
99 291 1
99 292 1
98 293 1
98 294 1
97 295 1
96 296 1
96 297 1
95 298 1
95 299 1
95 300 1
95 301 1
94 302 1
94 303 1
94 304 1
93 306 1
92 307 1
92 308 1
91 309 1
.PEN_UP
.PEN_DOWN
94 305 1
96 305 1
97 305 1
98 305 1
99 305 1
100 304 1
101 304 1
102 303 1
103 303 1
104 303 1
105 303 1
106 303 1
107 302 1
109 303 1
110 304 1
110 305 1
110 306 1
110 307 1
110 308 1
110 309 1
110 310 1
110 311 1
110 312 1
110 313 1
110 314 1
109 315 1
109 316 1
109 317 1
108 318 1
108 319 1
108 320 1
108 321 1
107 322 1
107 323 1
106 324 1
106 325 1
105 326 1
105 327 1
105 328 1
105 329 1
105 330 1
104 331 1
104 332 1
103 334 1
102 334 1
101 335 1
100 336 1
99 337 1
98 338 1
98 339 1
97 340 1
96 341 1
95 342 1
94 343 1
92 344 1
91 345 1
90 345 1
89 345 1
88 346 1
87 347 1
86 348 1
85 349 1
85 350 1
85 351 1
85 352 1
84 353 1
84 354 1
85 355 1
86 355 1
87 354 1
88 354 1
89 354 1
90 353 1
91 353 1
92 352 1
92 351 1
93 350 1
93 349 1
93 348 1
94 347 1
94 346 1
94 345 1
.PEN_UP
.PEN_DOWN
104 333 1
106 334 1
107 334 1
108 335 1
109 336 1
110 337 1
111 338 1
111 339 1
112 340 1
112 341 1
112 342 1
112 343 1
112 344 1
112 345 1
112 346 1
112 347 1
111 348 1
111 349 1
111 350 1
110 351 1
110 352 1
109 353 1
109 354 1
108 355 1
108 356 1
107 357 1
107 358 1
106 359 1
106 360 1
105 361 1
105 362 1
104 363 1
103 364 1
103 365 1
102 366 1
102 367 1
101 368 1
100 369 1
100 370 1
99 371 1
98 372 1
98 373 1
97 374 1
97 375 1
96 376 1
96 377 1
95 378 1
94 379 1
.PEN_UP
.PEN_DOWN
107 301 1
107 300 1
107 299 1
106 298 1
106 297 1
106 296 1
.PEN_UP
.PEN_DOWN
94 184 1
95 184 1
96 184 1
97 183 1
98 183 1
99 183 1
100 183 1
101 183 1
102 182 1
103 182 1
104 181 1
105 181 1
106 180 1
107 179 1
108 178 1
109 177 1
110 176 1
111 176 1
112 175 1
113 175 1
114 175 1
115 174 1
116 173 1
117 172 1
118 172 1
119 172 1
120 171 1
121 170 1
122 170 1
123 169 1
124 168 1
125 168 1
.PEN_UP
.PEN_DOWN
86 90 1
85 91 1
84 91 1
83 92 1
82 93 1
81 93 1
80 94 1
.PEN_UP
.PEN_DOWN
87 90 1
88 89 1
89 89 1
90 88 1
91 88 1
92 88 1
93 87 1
94 86 1
95 85 1
96 84 1
97 83 1
98 82 1
99 81 1
100 80 1
101 79 1
102 79 1
103 78 1
.PEN_UP
.PEN_DOWN
80 37 1
80 36 1
81 35 1
81 34 1
81 33 1
81 32 1
81 31 1
82 30 1
83 29 1
83 28 1
84 27 1
85 26 1
85 25 1
86 24 1
86 23 1
87 22 1
88 21 1
88 20 1
89 19 1
89 18 1
90 17 1
90 16 1
91 15 1
91 14 1
92 13 1
93 12 1
93 11 1
94 10 1
94 9 1
94 8 1
94 7 1
95 6 1
95 5 1
95 4 1
95 3 1
95 2 1
94 1 1
.PEN_UP
.PEN_DOWN
25 154 1
24 154 1
23 153 1
22 153 1
21 152 1
20 151 1
19 151 1
18 151 1
17 151 1
16 152 1
15 152 1
14 153 1
13 153 1
12 154 1
11 155 1
10 156 1
9 157 1
8 157 1
7 158 1
6 159 1
6 160 1
5 161 1
4 162 1
4 163 1
3 164 1
2 165 1
1 166 1
1 167 1
1 168 1
.PEN_UP
