.PEN_DOWN
16 34 1
16 33 1
15 32 1
15 31 1
13 30 1
12 30 1
11 30 1
10 30 1
9 30 1
8 30 1
7 30 1
5 28 1
5 27 1
4 26 1
3 25 1
2 24 1
2 23 1
2 22 1
1 21 1
1 20 1
2 19 1
2 18 1
2 17 1
2 16 1
3 15 1
3 14 1
4 13 1
5 12 1
5 11 1
6 10 1
7 9 1
8 9 1
9 8 1
10 7 1
11 6 1
12 5 1
13 4 1
14 3 1
15 3 1
16 3 1
17 2 1
18 2 1
19 2 1
20 2 1
21 2 1
22 2 1
23 1 1
24 1 1
25 2 1
26 2 1
27 2 1
28 3 1
29 4 1
30 5 1
31 6 1
32 7 1
33 8 1
33 9 1
34 10 1
34 11 1
34 12 1
34 13 1
34 14 1
34 15 1
34 16 1
34 17 1
33 18 1
33 19 1
33 20 1
33 21 1
32 22 1
32 23 1
31 24 1
30 25 1
29 26 1
28 26 1
27 27 1
26 28 1
25 28 1
24 28 1
23 28 1
22 28 1
21 28 1
20 28 1
19 28 1
18 29 1
17 29 1
16 29 1
15 30 1
.PEN_UP
.PEN_DOWN
6 29 1
6 32 1
5 33 1
5 34 1
5 35 1
5 36 1
5 37 1
5 38 1
5 39 1
5 40 1
5 41 1
5 42 1
4 43 1
4 44 1
4 45 1
4 46 1
4 47 1
3 48 1
3 49 1
3 50 1
3 51 1
3 52 1
3 53 1
3 54 1
3 55 1
3 56 1
3 57 1
3 58 1
3 59 1
4 60 1
5 61 1
6 62 1
7 62 1
8 63 1
9 64 1
10 65 1
11 65 1
12 66 1
13 66 1
14 67 1
15 67 1
16 68 1
16 69 1
18 70 1
19 70 1
20 70 1
21 70 1
22 70 1
23 70 1
24 70 1
25 70 1
26 70 1
27 70 1
28 70 1
29 71 1
30 71 1
31 71 1
32 71 1
.PEN_UP
.PEN_DOWN
16 70 1
15 72 1
15 73 1
14 74 1
13 74 1
12 75 1
11 76 1
10 77 1
9 78 1
8 79 1
7 80 1
6 81 1
5 82 1
4 83 1
3 84 1
2 85 1
2 86 1
2 87 1
2 88 1
1 89 1
1 90 1
1 91 1
1 92 1
1 93 1
1 94 1
1 95 1
1 96 1
2 97 1
2 98 1
2 99 1
3 100 1
4 101 1
5 102 1
6 102 1
7 103 1
8 103 1
9 104 1
10 104 1
11 105 1
12 105 1
13 105 1
14 105 1
15 105 1
16 105 1
17 105 1
18 105 1
19 105 1
20 106 1
21 106 1
22 106 1
23 106 1
24 106 1
25 106 1
26 106 1
27 106 1
28 106 1
29 107 1
30 107 1
31 107 1
32 107 1
33 107 1
34 107 1
35 107 1
36 107 1
37 108 1
38 108 1
.PEN_UP
