.PEN_DOWN
10 15 1
11 15 1
12 15 1
13 16 1
15 16 1
16 15 1
17 15 1
18 14 1
19 13 1
20 13 1
21 12 1
22 11 1
23 11 1
24 10 1
25 10 1
26 9 1
27 8 1
28 8 1
29 7 1
30 7 1
31 6 1
32 5 1
33 5 1
34 4 1
35 3 1
36 2 1
37 1 1
.PEN_UP
.PEN_DOWN
14 16 1
13 18 1
12 19 1
12 20 1
12 21 1
11 22 1
11 23 1
10 24 1
10 25 1
9 26 1
8 27 1
7 28 1
7 29 1
6 30 1
6 31 1
6 32 1
5 33 1
5 34 1
5 35 1
6 36 1
7 36 1
8 36 1
9 36 1
10 36 1
11 36 1
12 36 1
13 36 1
14 35 1
15 35 1
16 35 1
17 35 1
18 36 1
19 35 1
20 35 1
21 34 1
22 34 1
23 33 1
24 32 1
25 32 1
26 31 1
27 30 1
.PEN_UP
.PEN_DOWN
17 37 1
17 38 1
17 39 1
16 40 1
16 41 1
16 42 1
15 43 1
14 44 1
14 45 1
13 46 1
12 47 1
11 48 1
10 49 1
10 50 1
9 51 1
9 52 1
8 53 1
8 54 1
8 55 1
8 56 1
10 57 1
11 57 1
12 57 1
13 58 1
16 58 1
17 57 1
18 57 1
19 56 1
20 55 1
21 55 1
22 54 1
23 54 1
24 53 1
25 53 1
26 53 1
27 53 1
.PEN_UP
.PEN_DOWN
14 58 1
14 60 1
13 61 1
13 62 1
13 63 1
12 64 1
12 65 1
11 66 1
10 67 1
9 68 1
8 69 1
7 70 1
6 71 1
6 72 1
5 73 1
4 74 1
3 75 1
2 76 1
2 77 1
2 78 1
1 79 1
1 80 1
1 81 1
1 82 1
2 83 1
3 83 1
4 83 1
5 83 1
6 83 1
7 83 1
8 83 1
9 83 1
10 83 1
11 83 1
12 83 1
13 82 1
14 82 1
15 82 1
16 82 1
17 82 1
18 81 1
19 81 1
20 81 1
21 80 1
22 80 1
23 80 1
24 80 1
25 79 1
26 79 1
27 79 1
28 78 1
29 78 1
30 78 1
31 77 1
.PEN_UP
.PEN_DOWN
8 99 1
8 100 1
9 101 1
10 101 1
11 102 1
12 103 1
13 104 1
12 106 1
11 107 1
10 108 1
10 109 1
10 110 1
9 111 1
9 112 1
9 113 1
8 114 1
8 115 1
7 116 1
7 117 1
6 118 1
6 119 1
6 120 1
5 121 1
5 122 1
6 123 1
6 124 1
6 125 1
7 126 1
8 126 1
9 126 1
10 126 1
11 126 1
12 126 1
13 126 1
14 126 1
15 126 1
16 125 1
17 124 1
18 124 1
19 123 1
19 122 1
19 121 1
19 120 1
19 119 1
20 118 1
20 117 1
20 116 1
20 115 1
20 114 1
20 113 1
20 112 1
20 111 1
20 110 1
20 109 1
20 108 1
20 107 1
19 106 1
18 106 1
17 105 1
18 102 1
19 101 1
19 100 1
19 99 1
20 98 1
21 97 1
22 97 1
23 97 1
24 96 1
25 96 1
26 96 1
27 97 1
28 97 1
29 98 1
30 99 1
31 100 1
31 101 1
32 102 1
32 103 1
32 104 1
32 105 1
32 106 1
32 107 1
32 108 1
32 109 1
32 110 1
32 111 1
32 112 1
32 113 1
32 114 1
32 115 1
31 116 1
31 117 1
31 118 1
30 119 1
30 120 1
29 121 1
28 122 1
27 122 1
.PEN_UP
