.PEN_DOWN
1 23 1
1 24 1
2 25 1
3 25 1
4 25 1
5 26 1
6 26 1
7 26 1
8 26 1
9 27 1
10 27 1
11 27 1
12 27 1
13 28 1
14 28 1
15 28 1
16 28 1
17 28 1
18 29 1
19 29 1
20 29 1
21 29 1
22 29 1
23 29 1
24 30 1
25 28 1
25 27 1
25 26 1
25 25 1
25 24 1
25 23 1
26 22 1
.PEN_UP
.PEN_DOWN
26 31 1
27 32 1
29 32 1
30 32 1
31 32 1
32 32 1
33 32 1
34 32 1
35 32 1
36 33 1
37 33 1
38 33 1
39 34 1
40 34 1
41 34 1
42 34 1
43 35 1
44 35 1
45 35 1
46 36 1
47 36 1
48 36 1
49 37 1
50 37 1
51 38 1
.PEN_UP
.PEN_DOWN
28 32 1
27 34 1
27 35 1
27 36 1
27 37 1
27 38 1
27 39 1
27 40 1
27 41 1
28 42 1
28 43 1
28 44 1
27 45 1
.PEN_UP
.PEN_DOWN
23 1 1
24 1 1
25 1 1
26 1 1
27 1 1
28 2 1
29 2 1
30 2 1
31 2 1
32 2 1
33 2 1
34 2 1
35 2 1
36 3 1
37 3 1
38 3 1
39 3 1
40 4 1
41 4 1
42 4 1
43 4 1
44 5 1
45 5 1
46 6 1
47 6 1
48 7 1
49 7 1
50 8 1
.PEN_UP
