.PEN_DOWN
1 5 1
2 4 1
3 4 1
4 3 1
5 3 1
6 2 1
7 2 1
8 1 1
.PEN_UP
.PEN_DOWN
1 14 1
1 15 1
2 16 1
3 17 1
4 18 1
5 19 1
6 20 1
7 21 1
8 22 1
9 23 1
10 23 1
11 24 1
12 24 1
13 25 1
14 25 1
15 26 1
16 27 1
17 27 1
18 28 1
19 28 1
20 28 1
21 28 1
22 29 1
23 29 1
24 29 1
25 29 1
26 30 1
27 30 1
28 30 1
29 30 1
30 30 1
31 30 1
32 31 1
33 31 1
34 31 1
35 31 1
36 31 1
37 31 1
38 31 1
39 30 1
40 30 1
41 30 1
42 30 1
.PEN_UP
.PEN_DOWN
20 9 1
21 9 1
22 8 1
23 7 1
24 6 1
25 5 1
26 4 1
27 3 1
28 3 1
29 2 1
30 1 1
31 1 1
32 1 1
.PEN_UP
.PEN_DOWN
54 7 1
54 8 1
55 9 1
55 10 1
56 11 1
56 12 1
57 13 1
.PEN_UP
.PEN_DOWN
41 92 1
42 91 1
43 91 1
44 90 1
45 90 1
46 90 1
47 89 1
48 89 1
49 90 1
50 90 1
51 90 1
52 90 1
53 90 1
54 90 1
55 91 1
56 91 1
57 91 1
58 91 1
59 92 1
60 92 1
61 93 1
62 94 1
62 95 1
63 96 1
62 97 1
62 98 1
61 99 1
60 99 1
59 100 1
58 100 1
57 101 1
56 101 1
55 102 1
54 102 1
53 102 1
52 103 1
51 103 1
50 103 1
49 104 1
48 105 1
47 105 1
46 105 1
45 106 1
44 107 1
43 107 1
.PEN_UP
.PEN_DOWN
49 88 1
49 87 1
49 86 1
50 85 1
51 84 1
52 83 1
53 82 1
54 82 1
55 81 1
56 80 1
57 79 1
58 78 1
59 77 1
60 76 1
61 75 1
61 74 1
61 73 1
62 72 1
61 71 1
61 70 1
60 69 1
59 69 1
58 68 1
57 68 1
56 67 1
55 67 1
54 67 1
53 67 1
52 67 1
49 68 1
48 68 1
47 68 1
46 69 1
45 69 1
44 70 1
43 70 1
42 70 1
41 70 1
40 70 1
39 70 1
38 69 1
37 68 1
36 67 1
35 66 1
34 65 1
33 64 1
32 63 1
32 62 1
31 61 1
31 60 1
31 59 1
31 58 1
32 57 1
32 56 1
32 55 1
33 54 1
33 53 1
34 52 1
34 51 1
35 50 1
35 49 1
35 48 1
36 47 1
37 46 1
38 45 1
39 45 1
40 44 1
41 44 1
42 43 1
43 43 1
44 42 1
45 42 1
46 42 1
47 42 1
48 41 1
49 42 1
50 42 1
51 42 1
52 43 1
53 43 1
54 44 1
55 45 1
56 46 1
56 47 1
57 48 1
57 49 1
57 50 1
57 51 1
57 52 1
57 53 1
56 54 1
56 55 1
56 56 1
55 57 1
55 58 1
54 59 1
54 60 1
53 61 1
52 62 1
52 63 1
51 64 1
51 65 1
51 66 1
.PEN_UP
.PEN_DOWN
50 124 1
51 123 1
52 122 1
53 121 1
54 120 1
55 120 1
56 119 1
57 119 1
58 118 1
59 118 1
60 117 1
61 117 1
62 116 1
63 116 1
64 115 1
65 115 1
66 116 1
67 116 1
.PEN_UP
.PEN_DOWN
34 130 1
33 130 1
32 131 1
31 131 1
30 131 1
29 132 1
28 132 1
27 132 1
.PEN_UP
.PEN_DOWN
68 299 1
67 299 1
66 299 1
65 298 1
64 297 1
63 297 1
62 297 1
61 296 1
60 296 1
59 296 1
58 295 1
57 295 1
56 295 1
55 294 1
54 294 1
53 294 1
52 293 1
51 293 1
50 293 1
49 292 1
48 292 1
47 291 1
46 290 1
46 289 1
46 288 1
47 287 1
47 286 1
48 285 1
49 284 1
50 283 1
51 282 1
51 281 1
52 280 1
53 279 1
53 278 1
54 277 1
55 276 1
56 276 1
57 275 1
58 274 1
59 274 1
60 273 1
61 272 1
62 271 1
62 270 1
62 269 1
61 268 1
60 267 1
59 267 1
58 267 1
57 267 1
56 267 1
55 267 1
54 267 1
53 267 1
52 267 1
51 267 1
50 267 1
49 267 1
48 267 1
47 266 1
46 266 1
45 265 1
44 265 1
43 264 1
42 263 1
41 262 1
40 261 1
40 260 1
39 259 1
38 258 1
38 257 1
38 256 1
38 255 1
37 254 1
37 253 1
38 252 1
38 251 1
39 250 1
40 249 1
41 249 1
42 249 1
43 249 1
44 249 1
45 249 1
46 249 1
47 249 1
48 249 1
51 250 1
52 250 1
53 250 1
54 250 1
55 250 1
56 250 1
57 250 1
58 249 1
59 249 1
60 248 1
61 247 1
62 246 1
62 245 1
63 244 1
64 243 1
64 242 1
65 241 1
65 240 1
65 239 1
65 238 1
65 237 1
64 236 1
63 235 1
62 235 1
61 235 1
60 235 1
57 235 1
56 236 1
55 237 1
54 238 1
53 239 1
52 240 1
51 241 1
50 242 1
49 243 1
49 244 1
49 245 1
49 246 1
49 247 1
49 248 1
.PEN_UP
.PEN_DOWN
59 234 1
59 233 1
59 232 1
59 231 1
59 230 1
59 229 1
60 228 1
60 227 1
60 226 1
60 225 1
61 224 1
61 223 1
61 222 1
61 221 1
61 220 1
61 219 1
61 218 1
61 217 1
61 216 1
61 215 1
61 214 1
61 213 1
60 212 1
60 210 1
60 209 1
60 208 1
60 207 1
61 206 1
61 205 1
61 204 1
60 203 1
60 202 1
59 201 1
59 200 1
58 199 1
57 198 1
56 197 1
55 197 1
54 196 1
53 197 1
52 197 1
51 198 1
51 199 1
50 200 1
49 201 1
49 202 1
48 203 1
47 204 1
47 205 1
46 206 1
46 207 1
45 208 1
45 209 1
45 210 1
45 211 1
46 212 1
47 212 1
48 213 1
49 213 1
50 213 1
51 213 1
52 213 1
53 213 1
54 213 1
55 213 1
56 212 1
57 212 1
58 212 1
59 212 1
.PEN_UP
.PEN_DOWN
55 195 1
55 194 1
55 193 1
56 192 1
57 191 1
57 190 1
58 189 1
58 188 1
59 187 1
59 186 1
60 185 1
60 184 1
60 183 1
60 182 1
60 181 1
60 180 1
60 179 1
59 178 1
58 177 1
57 176 1
56 176 1
55 175 1
54 174 1
53 173 1
51 171 1
50 170 1
49 169 1
48 168 1
47 167 1
47 166 1
46 165 1
46 164 1
45 163 1
45 162 1
44 161 1
44 160 1
43 159 1
43 158 1
43 157 1
43 156 1
43 155 1
43 154 1
43 153 1
43 152 1
44 151 1
44 150 1
44 149 1
44 148 1
45 147 1
45 146 1
46 145 1
46 144 1
47 143 1
48 142 1
49 141 1
50 140 1
51 140 1
52 139 1
53 139 1
54 139 1
55 139 1
56 139 1
57 140 1
58 141 1
59 142 1
60 143 1
61 144 1
61 145 1
61 146 1
61 147 1
61 148 1
61 149 1
61 150 1
61 151 1
61 152 1
61 153 1
61 154 1
61 155 1
61 156 1
60 157 1
59 158 1
59 159 1
58 160 1
58 161 1
57 162 1
57 163 1
56 164 1
55 165 1
55 166 1
54 167 1
54 168 1
54 169 1
54 170 1
56 170 1
57 170 1
58 170 1
59 170 1
60 169 1
61 168 1
61 167 1
62 166 1
62 165 1
63 164 1
63 163 1
63 162 1
63 161 1
63 160 1
63 159 1
63 158 1
62 157 1
.PEN_UP
.PEN_DOWN
54 171 1
51 173 1
50 174 1
49 175 1
48 175 1
47 175 1
46 175 1
45 175 1
44 176 1
43 176 1
42 176 1
41 176 1
40 177 1
39 177 1
38 178 1
37 178 1
36 179 1
35 180 1
35 181 1
34 182 1
33 183 1
32 184 1
31 185 1
30 185 1
29 186 1
28 186 1
27 186 1
26 187 1
25 187 1
24 188 1
23 188 1
22 188 1
21 188 1
20 188 1
19 188 1
18 189 1
17 189 1
16 188 1
16 187 1
16 186 1
16 185 1
16 184 1
17 183 1
18 182 1
19 182 1
20 182 1
21 181 1
22 181 1
23 180 1
24 180 1
25 180 1
26 179 1
27 179 1
28 179 1
29 179 1
30 178 1
31 178 1
32 178 1
33 178 1
34 178 1
35 178 1
.PEN_UP
