.PEN_DOWN
1 5 1
2 5 1
3 6 1
4 6 1
5 7 1
6 7 1
7 7 1
8 7 1
9 7 1
10 7 1
11 7 1
12 8 1
13 8 1
14 8 1
15 8 1
16 8 1
17 8 1
18 9 1
19 9 1
20 9 1
21 9 1
22 9 1
23 9 1
24 9 1
25 9 1
26 9 1
27 9 1
28 9 1
29 9 1
30 9 1
31 9 1
32 9 1
33 10 1
34 10 1
35 10 1
38 12 1
39 13 1
40 13 1
41 13 1
42 13 1
43 13 1
44 13 1
45 13 1
46 13 1
47 13 1
48 14 1
49 14 1
50 14 1
51 14 1
52 14 1
53 15 1
54 15 1
55 15 1
56 15 1
57 16 1
58 16 1
59 17 1
60 17 1
61 17 1
62 17 1
63 17 1
64 17 1
65 18 1
66 18 1
67 18 1
68 19 1
69 19 1
70 20 1
71 20 1
.PEN_UP
.PEN_DOWN
36 9 1
35 13 1
35 14 1
35 15 1
35 16 1
35 17 1
35 18 1
35 19 1
35 20 1
35 21 1
34 22 1
34 23 1
34 24 1
34 25 1
34 26 1
34 27 1
34 28 1
34 29 1
34 30 1
34 31 1
34 32 1
34 33 1
34 34 1
34 35 1
34 36 1
34 37 1
34 38 1
33 39 1
33 40 1
33 41 1
33 42 1
33 43 1
33 44 1
33 45 1
33 46 1
33 47 1
33 48 1
34 49 1
35 50 1
37 50 1
38 50 1
39 49 1
40 49 1
41 49 1
42 49 1
43 48 1
44 48 1
45 47 1
46 47 1
47 47 1
48 46 1
49 45 1
50 45 1
51 44 1
52 44 1
53 44 1
54 44 1
55 44 1
56 44 1
57 44 1
58 44 1
59 45 1
60 46 1
60 47 1
61 48 1
60 49 1
60 50 1
60 51 1
60 52 1
60 53 1
60 54 1
59 55 1
59 56 1
59 57 1
58 58 1
57 59 1
57 60 1
57 61 1
56 62 1
55 63 1
55 64 1
54 65 1
54 66 1
53 67 1
53 68 1
52 69 1
51 70 1
50 70 1
49 71 1
47 70 1
46 69 1
45 69 1
44 69 1
43 68 1
42 68 1
41 68 1
40 67 1
39 67 1
38 67 1
37 67 1
36 66 1
35 66 1
34 67 1
33 67 1
31 68 1
31 69 1
31 70 1
30 71 1
30 72 1
29 73 1
28 74 1
28 75 1
27 76 1
27 77 1
26 78 1
26 79 1
26 80 1
26 81 1
26 82 1
26 83 1
26 84 1
27 85 1
27 86 1
28 87 1
29 88 1
30 89 1
31 89 1
32 89 1
33 89 1
34 89 1
35 89 1
36 89 1
37 89 1
38 89 1
39 88 1
40 87 1
41 86 1
42 85 1
43 84 1
44 83 1
45 82 1
45 81 1
46 80 1
47 79 1
47 78 1
47 77 1
47 76 1
48 75 1
48 74 1
48 73 1
48 72 1
.PEN_UP
.PEN_DOWN
32 66 1
32 65 1
32 64 1
32 63 1
33 62 1
33 61 1
33 60 1
33 59 1
33 58 1
33 57 1
33 56 1
33 55 1
33 54 1
34 53 1
34 52 1
35 51 1
.PEN_UP
.PEN_DOWN
36 8 1
37 7 1
37 6 1
37 5 1
37 4 1
36 3 1
36 2 1
36 1 1
.PEN_UP
