.PEN_DOWN
64 1 1
63 2 1
63 3 1
62 4 1
61 5 1
60 6 1
59 7 1
59 8 1
58 9 1
57 10 1
57 11 1
56 12 1
55 13 1
54 14 1
54 15 1
53 16 1
52 17 1
51 18 1
51 19 1
50 20 1
49 21 1
48 22 1
47 23 1
47 24 1
46 25 1
45 26 1
44 27 1
43 28 1
43 29 1
42 30 1
41 31 1
40 32 1
39 33 1
38 34 1
38 35 1
38 36 1
37 37 1
36 38 1
35 39 1
34 40 1
34 41 1
33 42 1
32 43 1
32 44 1
31 45 1
30 46 1
29 47 1
28 48 1
27 49 1
27 50 1
26 51 1
26 52 1
25 53 1
24 54 1
23 55 1
22 56 1
21 57 1
20 58 1
20 59 1
20 60 1
19 61 1
19 62 1
19 63 1
18 64 1
18 65 1
17 67 1
16 67 1
15 68 1
14 69 1
13 69 1
12 70 1
11 71 1
10 72 1
9 73 1
8 73 1
7 74 1
6 74 1
5 75 1
4 76 1
3 76 1
2 77 1
1 78 1
.PEN_UP
.PEN_DOWN
18 66 1
20 65 1
21 65 1
22 65 1
23 65 1
24 65 1
25 64 1
26 64 1
27 64 1
28 64 1
29 63 1
30 63 1
31 62 1
32 61 1
33 61 1
34 60 1
35 59 1
36 59 1
37 58 1
38 58 1
39 57 1
40 57 1
41 56 1
42 55 1
43 55 1
44 54 1
45 54 1
46 53 1
47 53 1
48 52 1
49 52 1
50 51 1
51 51 1
52 50 1
53 50 1
54 49 1
55 49 1
56 48 1
57 48 1
58 47 1
59 47 1
60 47 1
61 46 1
62 46 1
63 46 1
64 47 1
65 47 1
66 47 1
.PEN_UP
