.PEN_DOWN
60 1 1
60 2 1
60 3 1
60 4 1
59 5 1
59 6 1
59 7 1
58 8 1
57 9 1
57 10 1
56 11 1
56 12 1
55 13 1
55 14 1
54 15 1
54 16 1
53 17 1
52 18 1
52 19 1
51 20 1
51 21 1
50 22 1
50 23 1
49 24 1
49 25 1
48 26 1
48 27 1
47 28 1
47 29 1
46 30 1
46 31 1
46 32 1
46 33 1
45 34 1
44 36 1
44 37 1
43 38 1
42 38 1
41 39 1
40 40 1
39 41 1
38 42 1
37 43 1
36 44 1
35 44 1
34 45 1
33 46 1
32 47 1
31 48 1
30 49 1
29 50 1
28 51 1
27 51 1
26 52 1
25 53 1
23 53 1
22 54 1
21 54 1
20 54 1
19 54 1
18 55 1
17 55 1
16 56 1
15 57 1
14 58 1
13 59 1
12 59 1
11 60 1
10 60 1
9 61 1
9 62 1
8 63 1
8 64 1
8 65 1
7 66 1
7 67 1
5 69 1
4 69 1
3 70 1
2 70 1
1 71 1
.PEN_UP
.PEN_DOWN
6 68 1
9 68 1
10 68 1
11 68 1
12 67 1
13 67 1
14 67 1
15 67 1
16 66 1
17 65 1
18 64 1
19 64 1
20 63 1
21 62 1
22 61 1
23 60 1
23 59 1
23 58 1
24 57 1
24 56 1
24 55 1
25 54 1
.PEN_UP
.PEN_DOWN
45 35 1
47 35 1
48 35 1
49 35 1
50 35 1
51 34 1
52 34 1
53 34 1
54 34 1
55 34 1
56 33 1
57 33 1
58 32 1
59 32 1
60 32 1
61 32 1
62 32 1
63 31 1
64 31 1
65 31 1
66 31 1
67 31 1
68 31 1
69 31 1
70 31 1
71 31 1
72 31 1
73 31 1
74 31 1
75 31 1
76 31 1
77 31 1
78 31 1
79 31 1
80 32 1
81 32 1
82 32 1
83 33 1
84 34 1
85 34 1
86 35 1
87 36 1
88 37 1
89 38 1
89 39 1
89 40 1
89 41 1
90 42 1
90 43 1
90 44 1
89 45 1
89 46 1
89 47 1
89 48 1
88 49 1
87 50 1
87 51 1
86 52 1
86 53 1
85 54 1
84 55 1
83 56 1
82 56 1
81 57 1
80 57 1
79 58 1
78 58 1
77 58 1
76 58 1
75 59 1
74 59 1
73 59 1
72 59 1
71 59 1
70 60 1
69 60 1
66 59 1
65 58 1
64 57 1
63 56 1
.PEN_UP
.PEN_DOWN
68 60 1
68 62 1
68 63 1
68 64 1
68 65 1
68 66 1
68 67 1
68 68 1
68 69 1
68 70 1
68 71 1
68 72 1
67 73 1
67 74 1
67 75 1
67 76 1
67 77 1
67 78 1
67 79 1
67 80 1
67 81 1
67 82 1
67 83 1
67 84 1
66 86 1
65 86 1
64 87 1
63 90 1
63 91 1
63 92 1
63 93 1
63 94 1
63 95 1
62 96 1
62 97 1
62 98 1
61 99 1
61 100 1
60 101 1
60 102 1
59 103 1
59 104 1
59 105 1
59 106 1
58 107 1
58 108 1
57 109 1
56 110 1
56 111 1
55 112 1
54 113 1
53 113 1
52 113 1
51 113 1
50 113 1
49 113 1
48 112 1
47 111 1
46 110 1
46 109 1
46 108 1
46 107 1
45 106 1
45 105 1
45 104 1
45 103 1
46 102 1
46 101 1
46 100 1
47 99 1
47 98 1
48 97 1
48 96 1
49 95 1
50 94 1
51 93 1
52 92 1
53 91 1
54 90 1
55 90 1
56 89 1
57 89 1
58 89 1
59 89 1
60 89 1
61 88 1
62 88 1
.PEN_UP
.PEN_DOWN
67 85 1
69 86 1
70 86 1
71 86 1
72 86 1
73 86 1
74 87 1
75 87 1
76 88 1
77 88 1
78 89 1
79 90 1
80 90 1
81 91 1
82 92 1
83 93 1
83 94 1
84 95 1
84 96 1
85 97 1
85 98 1
86 99 1
86 100 1
86 101 1
86 102 1
86 103 1
87 104 1
87 105 1
87 106 1
87 107 1
87 108 1
87 109 1
87 110 1
87 111 1
87 112 1
87 113 1
87 114 1
87 115 1
87 116 1
86 117 1
86 118 1
86 119 1
86 120 1
85 121 1
85 122 1
85 123 1
85 124 1
85 125 1
.PEN_UP
