.PEN_DOWN
39 38 1
38 39 1
37 40 1
36 40 1
35 40 1
34 41 1
33 41 1
32 42 1
31 43 1
30 43 1
29 43 1
28 43 1
27 43 1
26 44 1
25 44 1
24 44 1
23 43 1
23 42 1
23 41 1
23 40 1
23 39 1
23 38 1
24 37 1
24 36 1
25 35 1
26 34 1
27 33 1
27 32 1
28 31 1
29 30 1
30 29 1
31 28 1
32 27 1
33 26 1
34 25 1
35 24 1
36 23 1
37 22 1
38 21 1
39 21 1
40 20 1
41 19 1
42 18 1
43 17 1
44 17 1
45 16 1
46 15 1
47 14 1
48 13 1
49 12 1
50 11 1
51 11 1
52 10 1
53 9 1
54 9 1
55 8 1
56 8 1
57 7 1
58 6 1
59 5 1
60 5 1
61 5 1
62 4 1
63 3 1
64 3 1
65 2 1
66 2 1
67 1 1
68 1 1
69 1 1
70 1 1
71 1 1
72 1 1
73 1 1
74 1 1
75 1 1
76 1 1
77 1 1
78 1 1
79 2 1
80 3 1
81 4 1
82 5 1
83 6 1
84 7 1
84 8 1
84 9 1
84 10 1
84 11 1
84 12 1
84 13 1
84 14 1
84 15 1
84 16 1
.PEN_UP
.PEN_DOWN
26 77 1
25 77 1
24 77 1
23 76 1
22 76 1
21 76 1
20 75 1
19 75 1
18 75 1
17 74 1
16 74 1
15 73 1
14 72 1
13 71 1
13 70 1
14 69 1
14 68 1
14 67 1
15 66 1
16 65 1
17 64 1
18 63 1
19 62 1
20 61 1
21 60 1
22 59 1
23 58 1
24 57 1
25 57 1
26 56 1
27 55 1
28 55 1
29 54 1
30 53 1
31 52 1
32 52 1
33 52 1
34 51 1
35 50 1
36 50 1
37 49 1
38 49 1
39 49 1
40 48 1
41 48 1
42 48 1
43 48 1
44 48 1
45 48 1
46 48 1
47 48 1
48 48 1
49 48 1
50 48 1
51 48 1
52 48 1
53 48 1
54 49 1
55 49 1
56 50 1
57 51 1
58 52 1
59 52 1
60 53 1
61 54 1
61 55 1
62 56 1
63 57 1
63 58 1
64 59 1
65 60 1
66 61 1
67 61 1
68 62 1
69 62 1
70 62 1
71 61 1
72 61 1
73 60 1
74 60 1
75 59 1
76 58 1
77 57 1
78 56 1
79 55 1
80 54 1
81 53 1
81 52 1
82 51 1
83 50 1
84 49 1
85 48 1
86 47 1
87 46 1
88 45 1
89 44 1
89 43 1
.PEN_UP
.PEN_DOWN
76 77 1
75 78 1
74 79 1
73 80 1
72 81 1
72 82 1
71 83 1
71 84 1
70 85 1
70 86 1
70 87 1
70 88 1
69 89 1
69 90 1
69 91 1
69 92 1
70 93 1
71 94 1
72 95 1
73 95 1
74 95 1
75 95 1
76 95 1
77 94 1
78 94 1
79 93 1
80 93 1
81 92 1
82 92 1
83 91 1
84 91 1
85 90 1
86 89 1
87 88 1
88 88 1
89 87 1
90 86 1
91 85 1
92 84 1
93 83 1
94 82 1
.PEN_UP
.PEN_DOWN
60 117 1
61 118 1
62 118 1
63 119 1
64 119 1
65 119 1
66 120 1
67 120 1
68 121 1
69 121 1
70 122 1
71 122 1
72 123 1
73 123 1
74 124 1
75 124 1
76 124 1
.PEN_UP
.PEN_DOWN
74 114 1
75 113 1
76 112 1
77 112 1
78 111 1
79 111 1
80 111 1
81 111 1
82 111 1
83 111 1
84 111 1
85 111 1
86 112 1
87 112 1
88 113 1
88 114 1
89 115 1
89 116 1
89 117 1
.PEN_UP
.PEN_DOWN
89 132 1
90 131 1
91 130 1
92 129 1
93 129 1
94 129 1
95 128 1
96 128 1
97 129 1
98 130 1
98 131 1
98 132 1
98 133 1
98 134 1
98 135 1
98 136 1
97 137 1
97 138 1
97 139 1
97 140 1
96 141 1
96 142 1
95 143 1
94 144 1
93 145 1
92 146 1
91 147 1
90 147 1
89 147 1
88 147 1
87 147 1
86 147 1
85 147 1
84 147 1
83 147 1
82 146 1
81 145 1
80 144 1
79 143 1
78 142 1
77 141 1
76 140 1
75 140 1
74 139 1
73 139 1
72 138 1
71 138 1
70 138 1
69 138 1
68 138 1
67 138 1
66 138 1
65 138 1
64 138 1
63 139 1
62 140 1
61 141 1
60 142 1
60 143 1
60 144 1
60 145 1
59 146 1
60 147 1
60 148 1
60 149 1
61 150 1
62 151 1
63 151 1
64 152 1
65 152 1
66 153 1
67 153 1
.PEN_UP
.PEN_DOWN
83 170 1
82 170 1
81 171 1
80 171 1
79 172 1
77 172 1
76 172 1
75 172 1
74 172 1
73 172 1
72 172 1
71 173 1
70 173 1
69 173 1
68 173 1
67 174 1
66 174 1
65 175 1
64 175 1
63 175 1
62 175 1
61 176 1
60 177 1
59 177 1
58 177 1
57 177 1
56 178 1
55 178 1
54 178 1
53 179 1
52 179 1
51 180 1
50 180 1
49 180 1
48 181 1
47 181 1
46 181 1
45 182 1
44 182 1
43 182 1
42 183 1
41 183 1
40 184 1
39 184 1
38 185 1
37 185 1
36 185 1
35 185 1
34 186 1
33 187 1
32 187 1
31 187 1
30 188 1
29 188 1
28 189 1
27 189 1
26 190 1
25 190 1
24 190 1
23 191 1
22 192 1
21 192 1
20 193 1
19 193 1
18 194 1
17 194 1
16 195 1
15 196 1
14 196 1
13 197 1
12 198 1
11 199 1
10 199 1
9 200 1
8 201 1
7 202 1
6 202 1
5 203 1
4 203 1
3 204 1
3 205 1
2 206 1
2 207 1
2 208 1
2 209 1
3 210 1
4 211 1
5 211 1
6 211 1
7 211 1
8 212 1
9 212 1
.PEN_UP
.PEN_DOWN
71 207 1
71 206 1
72 205 1
73 204 1
74 203 1
75 202 1
76 201 1
77 200 1
78 200 1
79 199 1
80 199 1
81 198 1
82 198 1
83 198 1
84 198 1
85 198 1
86 199 1
87 200 1
87 201 1
.PEN_UP
.PEN_DOWN
67 215 1
66 215 1
65 214 1
64 214 1
63 213 1
62 212 1
61 212 1
60 212 1
59 212 1
58 212 1
57 212 1
56 212 1
55 211 1
54 211 1
53 212 1
52 212 1
51 212 1
50 212 1
49 213 1
48 214 1
47 215 1
47 216 1
47 217 1
48 218 1
48 219 1
48 220 1
49 221 1
50 222 1
50 223 1
51 224 1
52 225 1
53 226 1
54 226 1
.PEN_UP
.PEN_DOWN
88 244 1
87 243 1
86 242 1
85 241 1
85 240 1
85 239 1
85 238 1
83 237 1
82 237 1
81 237 1
80 237 1
79 237 1
78 237 1
77 237 1
75 238 1
74 239 1
73 240 1
73 241 1
72 242 1
73 243 1
73 244 1
73 245 1
73 246 1
73 247 1
74 248 1
75 249 1
76 249 1
77 249 1
78 249 1
79 248 1
80 247 1
.PEN_UP
.PEN_DOWN
76 236 1
76 235 1
76 234 1
76 233 1
76 232 1
76 231 1
76 230 1
75 229 1
75 228 1
75 227 1
76 226 1
77 226 1
78 226 1
79 225 1
80 226 1
81 226 1
82 226 1
83 226 1
84 227 1
85 228 1
85 229 1
85 230 1
86 231 1
86 232 1
86 233 1
86 234 1
86 235 1
85 236 1
.PEN_UP
.PEN_DOWN
94 254 1
93 255 1
93 256 1
92 257 1
91 258 1
91 259 1
90 260 1
89 261 1
88 262 1
88 263 1
87 264 1
86 265 1
86 266 1
85 267 1
84 268 1
84 269 1
83 270 1
82 271 1
82 272 1
81 273 1
81 274 1
81 275 1
80 276 1
80 277 1
80 278 1
80 279 1
80 280 1
78 282 1
77 282 1
76 283 1
75 284 1
74 285 1
.PEN_UP
.PEN_DOWN
79 281 1
82 282 1
82 283 1
82 284 1
82 285 1
82 286 1
81 287 1
81 288 1
81 289 1
81 290 1
81 291 1
81 292 1
81 293 1
81 294 1
81 295 1
81 296 1
81 297 1
82 298 1
83 299 1
84 299 1
85 299 1
86 299 1
87 298 1
88 298 1
89 297 1
.PEN_UP
.PEN_DOWN
95 310 1
95 311 1
94 312 1
94 313 1
93 314 1
92 315 1
91 316 1
90 317 1
89 317 1
88 318 1
87 319 1
.PEN_UP
.PEN_DOWN
70 335 1
70 334 1
69 333 1
69 332 1
69 331 1
68 330 1
67 329 1
66 328 1
65 327 1
64 327 1
63 327 1
62 326 1
61 327 1
60 327 1
59 328 1
58 329 1
58 330 1
57 331 1
57 332 1
57 333 1
57 334 1
56 335 1
56 336 1
57 337 1
57 338 1
58 339 1
.PEN_UP
.PEN_DOWN
77 380 1
77 379 1
77 378 1
76 377 1
76 376 1
75 375 1
75 374 1
74 373 1
74 372 1
74 371 1
74 370 1
73 369 1
73 368 1
73 367 1
73 366 1
71 365 1
70 365 1
69 365 1
68 365 1
67 365 1
66 366 1
65 366 1
64 367 1
63 367 1
62 367 1
61 367 1
60 368 1
59 368 1
58 369 1
57 369 1
56 370 1
55 370 1
54 370 1
53 371 1
52 371 1
51 371 1
50 372 1
49 372 1
48 372 1
47 373 1
46 373 1
45 374 1
44 374 1
43 374 1
42 374 1
41 375 1
40 375 1
39 376 1
38 376 1
37 377 1
36 377 1
35 377 1
34 378 1
33 378 1
32 379 1
31 379 1
30 379 1
29 380 1
28 380 1
27 381 1
26 381 1
25 382 1
24 382 1
23 382 1
22 383 1
21 383 1
20 383 1
19 384 1
18 384 1
17 384 1
16 385 1
15 386 1
14 386 1
13 386 1
12 386 1
11 387 1
10 387 1
9 387 1
8 388 1
7 388 1
6 388 1
5 389 1
4 389 1
3 389 1
2 389 1
1 390 1
.PEN_UP
.PEN_DOWN
72 365 1
73 363 1
73 362 1
74 361 1
74 359 1
74 358 1
74 357 1
74 356 1
75 355 1
75 354 1
76 353 1
77 352 1
78 352 1
79 352 1
80 352 1
81 352 1
82 353 1
83 354 1
83 355 1
84 356 1
83 357 1
83 358 1
82 359 1
81 360 1
80 360 1
79 360 1
78 361 1
77 361 1
76 361 1
75 361 1
.PEN_UP
.PEN_DOWN
71 393 1
71 394 1
71 395 1
72 396 1
73 397 1
74 398 1
74 399 1
75 400 1
75 401 1
75 402 1
75 403 1
75 404 1
75 405 1
76 406 1
76 407 1
76 408 1
76 409 1
76 410 1
78 411 1
79 412 1
80 412 1
81 413 1
82 413 1
83 414 1
85 413 1
86 412 1
87 411 1
87 410 1
88 409 1
89 408 1
89 407 1
90 406 1
90 405 1
91 404 1
92 403 1
93 402 1
93 401 1
94 400 1
95 399 1
96 398 1
97 397 1
98 396 1
99 395 1
100 395 1
101 394 1
102 393 1
103 392 1
104 392 1
105 392 1
106 391 1
107 390 1
108 390 1
109 389 1
110 389 1
111 389 1
112 388 1
113 388 1
114 388 1
115 387 1
116 387 1
117 387 1
118 387 1
119 388 1
120 388 1
.PEN_UP
.PEN_DOWN
84 414 1
83 416 1
83 417 1
83 418 1
83 419 1
83 420 1
83 421 1
82 422 1
82 423 1
82 424 1
81 425 1
81 426 1
81 429 1
80 430 1
80 431 1
80 432 1
80 433 1
80 434 1
80 435 1
80 436 1
.PEN_UP
.PEN_DOWN
80 427 1
79 427 1
78 427 1
77 428 1
.PEN_UP
.PEN_DOWN
76 411 1
75 412 1
74 413 1
74 414 1
74 415 1
74 416 1
74 417 1
74 418 1
73 419 1
.PEN_UP
