.PEN_DOWN
46 10 1
47 10 1
48 11 1
50 11 1
51 10 1
52 10 1
53 9 1
54 8 1
55 8 1
56 7 1
57 7 1
58 6 1
59 5 1
60 5 1
61 4 1
62 4 1
63 3 1
64 2 1
65 1 1
.PEN_UP
.PEN_DOWN
48 12 1
48 13 1
48 14 1
47 15 1
47 16 1
46 17 1
45 18 1
45 19 1
44 20 1
44 21 1
43 22 1
43 23 1
42 24 1
42 25 1
42 26 1
42 27 1
42 28 1
42 29 1
43 30 1
44 31 1
45 32 1
46 32 1
47 32 1
48 32 1
49 32 1
50 32 1
51 31 1
52 31 1
53 31 1
54 32 1
54 34 1
53 35 1
53 36 1
53 37 1
53 38 1
52 39 1
52 40 1
51 41 1
51 42 1
50 43 1
50 44 1
50 45 1
49 46 1
49 47 1
49 48 1
48 49 1
48 50 1
48 51 1
48 52 1
47 53 1
48 54 1
52 57 1
53 57 1
54 57 1
55 57 1
56 57 1
59 60 1
60 60 1
61 60 1
62 60 1
63 60 1
64 60 1
65 60 1
66 61 1
65 62 1
65 63 1
65 64 1
65 65 1
65 66 1
64 67 1
64 68 1
63 69 1
63 70 1
62 71 1
62 72 1
62 73 1
61 74 1
61 75 1
61 76 1
60 78 1
59 79 1
58 80 1
58 81 1
57 82 1
56 83 1
56 84 1
55 85 1
54 86 1
54 87 1
53 88 1
53 89 1
53 90 1
.PEN_UP
.PEN_DOWN
61 77 1
63 77 1
64 77 1
65 77 1
66 77 1
67 77 1
68 77 1
69 77 1
70 78 1
70 79 1
70 80 1
70 81 1
70 82 1
69 83 1
69 84 1
69 85 1
68 86 1
67 87 1
67 88 1
67 89 1
67 90 1
67 91 1
66 92 1
66 93 1
65 95 1
64 96 1
64 97 1
63 98 1
62 99 1
62 100 1
61 101 1
61 102 1
60 103 1
60 104 1
59 105 1
59 106 1
59 107 1
59 108 1
58 109 1
58 110 1
58 111 1
57 112 1
57 113 1
57 114 1
57 115 1
.PEN_UP
.PEN_DOWN
66 94 1
68 94 1
69 94 1
70 94 1
71 94 1
72 95 1
73 95 1
74 96 1
75 97 1
75 98 1
75 99 1
75 100 1
75 101 1
75 102 1
75 103 1
75 104 1
75 105 1
75 106 1
75 107 1
74 108 1
74 109 1
74 110 1
73 111 1
73 112 1
73 113 1
72 114 1
72 115 1
72 116 1
71 117 1
71 118 1
71 119 1
71 120 1
71 121 1
70 122 1
70 123 1
70 124 1
69 125 1
68 126 1
66 126 1
65 126 1
64 126 1
63 126 1
62 127 1
61 127 1
60 127 1
59 128 1
58 129 1
57 130 1
56 131 1
56 132 1
55 133 1
54 134 1
54 135 1
54 136 1
53 137 1
53 138 1
53 139 1
53 140 1
53 141 1
54 142 1
55 142 1
56 142 1
57 141 1
58 141 1
59 141 1
60 140 1
61 139 1
61 138 1
62 137 1
63 136 1
64 135 1
65 134 1
65 133 1
66 132 1
67 131 1
68 130 1
70 130 1
71 130 1
72 131 1
72 132 1
73 133 1
73 134 1
73 135 1
73 136 1
73 137 1
73 138 1
73 139 1
72 140 1
72 141 1
71 142 1
71 143 1
71 144 1
70 145 1
69 146 1
68 147 1
.PEN_UP
.PEN_DOWN
57 57 1
56 61 1
55 62 1
55 63 1
55 64 1
54 65 1
53 66 1
52 67 1
51 68 1
50 69 1
49 69 1
48 70 1
47 71 1
46 72 1
45 73 1
44 74 1
43 75 1
42 75 1
41 76 1
40 77 1
39 78 1
38 79 1
37 80 1
36 81 1
35 82 1
34 83 1
33 84 1
32 84 1
31 85 1
30 86 1
29 87 1
28 87 1
27 88 1
26 89 1
25 90 1
24 91 1
23 92 1
22 93 1
21 94 1
20 95 1
19 96 1
18 97 1
17 98 1
.PEN_UP
.PEN_DOWN
58 56 1
58 55 1
59 54 1
59 53 1
60 52 1
61 52 1
62 51 1
63 50 1
63 49 1
64 48 1
65 47 1
65 46 1
66 45 1
67 44 1
67 43 1
67 42 1
68 41 1
68 40 1
68 39 1
69 38 1
69 37 1
69 36 1
68 35 1
68 34 1
67 33 1
66 32 1
65 32 1
64 32 1
63 32 1
62 32 1
61 32 1
60 32 1
59 32 1
58 32 1
57 31 1
58 30 1
58 29 1
58 28 1
59 27 1
59 26 1
60 25 1
61 24 1
62 24 1
63 23 1
63 22 1
64 21 1
.PEN_UP
.PEN_DOWN
12 124 1
11 124 1
10 125 1
9 125 1
8 125 1
7 125 1
6 126 1
5 127 1
4 128 1
3 128 1
2 129 1
1 129 1
.PEN_UP
