.PEN_DOWN
42 41 1
41 41 1
40 40 1
39 40 1
38 39 1
37 38 1
36 38 1
35 37 1
34 36 1
33 35 1
31 34 1
30 34 1
29 34 1
28 34 1
27 34 1
26 34 1
25 34 1
24 34 1
23 33 1
22 33 1
21 33 1
20 33 1
19 33 1
18 33 1
17 33 1
16 33 1
15 32 1
14 31 1
13 30 1
12 30 1
11 29 1
10 29 1
9 29 1
8 28 1
7 28 1
6 27 1
5 26 1
4 25 1
3 24 1
3 23 1
2 22 1
2 21 1
1 20 1
1 19 1
1 18 1
1 17 1
1 16 1
1 15 1
1 14 1
2 13 1
2 12 1
3 11 1
4 10 1
5 9 1
6 8 1
7 7 1
8 6 1
9 5 1
10 5 1
11 4 1
12 4 1
13 3 1
14 3 1
15 2 1
16 2 1
17 1 1
18 1 1
19 1 1
20 1 1
21 1 1
22 1 1
23 1 1
24 1 1
25 1 1
26 1 1
27 1 1
28 1 1
29 2 1
30 3 1
31 3 1
32 3 1
33 3 1
34 4 1
35 4 1
36 5 1
37 5 1
38 6 1
39 7 1
40 8 1
41 9 1
41 10 1
42 11 1
42 12 1
43 13 1
43 14 1
44 15 1
44 16 1
44 17 1
44 18 1
44 19 1
44 20 1
44 21 1
44 22 1
44 23 1
44 24 1
43 25 1
43 26 1
43 27 1
42 28 1
41 29 1
40 29 1
39 30 1
38 30 1
37 31 1
36 31 1
35 31 1
34 32 1
33 33 1
.PEN_UP
