.PEN_DOWN
33 1 1
34 1 1
35 2 1
36 2 1
37 3 1
38 3 1
39 4 1
40 5 1
41 6 1
41 7 1
41 8 1
40 9 1
40 10 1
40 11 1
39 12 1
39 13 1
38 14 1
37 15 1
37 16 1
36 17 1
36 18 1
37 19 1
37 20 1
38 21 1
38 22 1
39 23 1
39 24 1
39 25 1
39 26 1
39 27 1
40 28 1
39 29 1
39 30 1
39 31 1
39 32 1
39 33 1
39 34 1
39 35 1
38 36 1
37 37 1
37 38 1
36 39 1
36 40 1
36 41 1
36 42 1
37 43 1
38 44 1
39 45 1
39 46 1
40 47 1
40 48 1
40 49 1
40 50 1
40 51 1
40 52 1
40 53 1
40 54 1
40 55 1
40 56 1
39 57 1
38 58 1
38 59 1
37 60 1
37 61 1
36 62 1
37 63 1
37 64 1
37 65 1
38 66 1
39 67 1
40 68 1
41 69 1
41 70 1
42 71 1
43 72 1
43 73 1
43 74 1
43 75 1
43 76 1
43 77 1
42 78 1
42 79 1
41 80 1
.PEN_UP
.PEN_DOWN
3 67 1
4 68 1
5 68 1
6 69 1
7 69 1
8 69 1
9 70 1
10 71 1
11 72 1
.PEN_UP
.PEN_DOWN
14 100 1
15 100 1
16 100 1
17 100 1
18 101 1
19 101 1
20 102 1
21 102 1
22 102 1
23 103 1
24 104 1
25 104 1
26 104 1
27 105 1
28 106 1
29 106 1
30 107 1
31 108 1
32 109 1
33 110 1
34 111 1
35 112 1
36 113 1
37 114 1
37 115 1
37 116 1
37 117 1
37 118 1
37 119 1
37 120 1
37 121 1
37 122 1
36 123 1
36 124 1
36 125 1
35 126 1
35 127 1
34 128 1
32 129 1
31 129 1
30 129 1
.PEN_UP
.PEN_DOWN
33 129 1
35 131 1
36 132 1
37 133 1
38 134 1
39 135 1
40 136 1
41 137 1
41 138 1
41 139 1
41 140 1
41 141 1
.PEN_UP
.PEN_DOWN
1 117 1
1 118 1
2 119 1
3 119 1
4 120 1
5 120 1
6 121 1
7 122 1
8 123 1
9 124 1
10 125 1
11 126 1
12 127 1
13 128 1
.PEN_UP
.PEN_DOWN
11 153 1
12 153 1
13 154 1
14 154 1
15 154 1
16 154 1
17 154 1
18 154 1
19 155 1
20 155 1
21 155 1
22 155 1
23 156 1
24 156 1
25 156 1
26 157 1
27 157 1
28 158 1
29 158 1
30 158 1
31 159 1
32 159 1
33 160 1
34 160 1
35 161 1
36 161 1
37 161 1
38 161 1
39 162 1
40 162 1
41 162 1
42 163 1
43 163 1
.PEN_UP
.PEN_DOWN
29 235 1
30 234 1
31 234 1
32 233 1
33 233 1
34 232 1
35 232 1
36 232 1
37 232 1
38 232 1
39 232 1
41 233 1
42 234 1
43 234 1
44 235 1
45 236 1
46 237 1
47 238 1
48 239 1
48 240 1
49 241 1
49 242 1
49 243 1
49 244 1
49 245 1
49 246 1
48 247 1
48 248 1
47 249 1
46 250 1
46 251 1
45 252 1
44 253 1
42 253 1
41 253 1
40 253 1
39 253 1
38 253 1
37 253 1
.PEN_UP
.PEN_DOWN
43 253 1
45 255 1
46 256 1
47 257 1
48 257 1
49 258 1
50 258 1
51 259 1
52 260 1
53 260 1
54 261 1
55 261 1
56 262 1
57 262 1
58 263 1
59 264 1
60 265 1
61 265 1
62 266 1
63 267 1
64 267 1
65 267 1
66 268 1
67 268 1
68 268 1
69 268 1
70 268 1
71 269 1
72 268 1
72 267 1
72 266 1
72 265 1
72 264 1
72 263 1
72 262 1
72 261 1
71 260 1
71 259 1
70 258 1
69 257 1
68 256 1
67 255 1
66 254 1
65 253 1
64 252 1
63 252 1
62 252 1
61 251 1
.PEN_UP
.PEN_DOWN
40 231 1
40 230 1
41 229 1
41 228 1
41 227 1
41 226 1
41 225 1
40 224 1
40 223 1
40 222 1
39 221 1
39 220 1
39 219 1
38 218 1
38 217 1
38 216 1
38 215 1
39 214 1
40 214 1
41 214 1
42 214 1
43 213 1
44 213 1
45 213 1
46 212 1
47 211 1
47 210 1
46 209 1
46 208 1
46 207 1
46 206 1
45 205 1
44 204 1
43 203 1
42 202 1
41 202 1
40 201 1
39 200 1
39 199 1
37 198 1
36 197 1
35 197 1
34 197 1
33 196 1
33 195 1
32 194 1
32 193 1
31 192 1
30 191 1
29 190 1
28 189 1
28 188 1
28 187 1
27 186 1
27 185 1
27 184 1
27 183 1
27 182 1
27 181 1
28 180 1
28 179 1
29 178 1
30 178 1
31 177 1
32 177 1
33 176 1
34 176 1
35 176 1
36 176 1
37 176 1
38 176 1
39 177 1
40 177 1
41 178 1
42 179 1
43 180 1
43 181 1
43 182 1
43 183 1
44 184 1
44 185 1
44 186 1
44 187 1
44 188 1
44 189 1
44 190 1
43 191 1
43 192 1
42 193 1
42 194 1
41 195 1
40 196 1
39 197 1
.PEN_UP
