.PEN_DOWN
26 47 1
27 46 1
28 45 1
29 44 1
30 43 1
31 43 1
32 42 1
33 42 1
34 42 1
37 43 1
38 43 1
39 44 1
40 45 1
40 46 1
41 47 1
42 48 1
42 49 1
43 50 1
43 51 1
43 52 1
44 53 1
44 54 1
.PEN_UP
.PEN_DOWN
35 41 1
36 40 1
36 39 1
36 38 1
36 37 1
37 36 1
37 35 1
37 34 1
37 33 1
38 32 1
38 31 1
38 30 1
38 29 1
38 28 1
38 27 1
38 26 1
38 25 1
37 24 1
37 23 1
36 22 1
35 21 1
34 20 1
33 19 1
33 18 1
34 17 1
34 16 1
35 15 1
36 14 1
36 13 1
37 12 1
38 11 1
39 10 1
39 9 1
40 8 1
41 7 1
41 6 1
41 5 1
41 4 1
41 3 1
40 2 1
39 2 1
38 1 1
37 1 1
36 1 1
35 1 1
34 1 1
33 1 1
32 1 1
31 1 1
30 1 1
29 1 1
28 1 1
27 1 1
26 2 1
25 3 1
24 3 1
23 4 1
22 5 1
21 5 1
20 6 1
19 6 1
18 7 1
17 8 1
16 9 1
14 9 1
13 9 1
12 10 1
11 10 1
10 11 1
9 12 1
8 12 1
7 13 1
6 14 1
5 15 1
4 16 1
3 17 1
2 18 1
2 19 1
1 20 1
1 21 1
1 22 1
1 23 1
2 24 1
3 23 1
4 23 1
5 23 1
6 23 1
7 22 1
8 21 1
9 20 1
10 19 1
11 18 1
12 17 1
13 16 1
14 15 1
15 14 1
16 13 1
16 12 1
16 11 1
16 10 1
.PEN_UP
