.PEN_DOWN
50 19 1
51 20 1
51 21 1
51 22 1
51 23 1
51 24 1
51 25 1
51 26 1
51 27 1
50 28 1
.PEN_UP
.PEN_DOWN
71 14 1
72 13 1
73 13 1
74 12 1
75 12 1
76 11 1
77 10 1
78 10 1
79 9 1
80 9 1
81 8 1
82 7 1
83 7 1
84 7 1
85 6 1
86 6 1
87 6 1
88 5 1
89 5 1
90 5 1
91 5 1
92 4 1
93 4 1
94 4 1
95 4 1
96 4 1
97 4 1
98 3 1
99 3 1
100 3 1
101 2 1
102 2 1
103 2 1
104 2 1
105 1 1
106 1 1
107 2 1
108 2 1
.PEN_UP
.PEN_DOWN
1 74 1
2 75 1
3 75 1
4 74 1
5 74 1
6 73 1
7 73 1
8 73 1
9 73 1
10 72 1
11 72 1
12 72 1
13 71 1
14 71 1
15 71 1
16 71 1
17 70 1
18 70 1
19 70 1
20 70 1
21 69 1
22 69 1
23 68 1
24 68 1
25 68 1
26 68 1
27 67 1
28 67 1
29 67 1
30 67 1
31 66 1
32 66 1
33 66 1
34 66 1
35 66 1
36 65 1
37 65 1
38 65 1
39 65 1
40 64 1
41 64 1
42 63 1
43 63 1
44 62 1
45 62 1
46 62 1
47 61 1
48 61 1
49 61 1
50 61 1
51 60 1
52 60 1
53 60 1
54 60 1
55 60 1
56 59 1
57 59 1
58 59 1
59 59 1
60 58 1
61 58 1
62 58 1
63 58 1
64 57 1
65 57 1
66 57 1
67 57 1
70 56 1
71 55 1
72 54 1
73 54 1
74 54 1
75 53 1
76 53 1
77 53 1
78 52 1
79 52 1
80 51 1
81 51 1
82 50 1
83 50 1
84 49 1
85 48 1
86 48 1
87 47 1
88 46 1
89 46 1
90 46 1
91 46 1
92 45 1
93 45 1
94 44 1
95 44 1
96 43 1
97 42 1
98 42 1
99 42 1
100 42 1
101 41 1
102 41 1
103 41 1
104 40 1
105 39 1
106 39 1
107 38 1
108 38 1
109 38 1
110 38 1
111 38 1
112 37 1
.PEN_UP
.PEN_DOWN
68 57 1
68 59 1
67 60 1
67 61 1
67 62 1
67 63 1
66 64 1
66 65 1
65 66 1
65 67 1
64 68 1
64 69 1
63 70 1
63 71 1
62 72 1
62 73 1
62 74 1
61 75 1
61 76 1
61 77 1
61 78 1
61 79 1
61 80 1
61 81 1
61 82 1
61 83 1
61 84 1
61 85 1
61 86 1
61 87 1
62 88 1
62 89 1
63 90 1
64 91 1
65 92 1
66 92 1
67 92 1
68 93 1
69 94 1
70 94 1
71 94 1
72 94 1
73 94 1
74 94 1
75 94 1
76 94 1
77 93 1
78 93 1
79 93 1
80 93 1
81 92 1
82 92 1
83 92 1
84 91 1
85 91 1
86 90 1
87 90 1
88 89 1
89 89 1
90 89 1
91 88 1
92 87 1
93 87 1
94 86 1
95 85 1
96 84 1
97 83 1
98 82 1
98 81 1
99 80 1
99 79 1
100 78 1
100 77 1
100 76 1
99 75 1
99 74 1
99 73 1
99 72 1
98 71 1
97 70 1
96 69 1
95 68 1
94 68 1
93 68 1
92 68 1
91 68 1
90 68 1
89 69 1
.PEN_UP
