.PEN_DOWN
38 14 1
39 13 1
40 13 1
41 12 1
42 11 1
43 10 1
44 9 1
45 8 1
46 7 1
47 7 1
48 6 1
49 6 1
50 5 1
51 5 1
52 4 1
53 4 1
54 4 1
55 3 1
56 3 1
57 3 1
58 2 1
59 2 1
60 2 1
61 2 1
62 1 1
63 1 1
64 1 1
65 2 1
65 3 1
64 4 1
64 5 1
64 6 1
63 7 1
62 8 1
61 9 1
60 9 1
59 10 1
58 11 1
57 12 1
56 13 1
55 14 1
54 15 1
54 16 1
53 17 1
54 18 1
54 19 1
55 20 1
56 21 1
57 22 1
58 22 1
59 23 1
60 23 1
61 23 1
62 23 1
63 23 1
64 24 1
65 24 1
66 24 1
67 24 1
68 24 1
69 24 1
70 24 1
71 25 1
72 25 1
73 25 1
74 25 1
75 25 1
76 25 1
77 25 1
78 26 1
79 26 1
80 26 1
81 26 1
82 26 1
83 26 1
84 26 1
85 26 1
86 26 1
87 27 1
88 27 1
89 27 1
90 27 1
91 27 1
92 27 1
93 27 1
94 28 1
95 28 1
96 28 1
97 28 1
98 28 1
99 28 1
100 28 1
101 29 1
102 29 1
103 29 1
104 29 1
105 30 1
106 30 1
107 30 1
108 30 1
109 30 1
110 30 1
111 30 1
112 30 1
113 30 1
114 30 1
115 30 1
116 31 1
117 31 1
118 31 1
119 31 1
120 31 1
121 31 1
122 31 1
123 31 1
124 30 1
125 29 1
126 28 1
126 27 1
125 26 1
125 25 1
125 24 1
124 23 1
124 22 1
123 21 1
123 20 1
122 19 1
121 18 1
120 17 1
119 16 1
118 15 1
117 15 1
.PEN_UP
.PEN_DOWN
1 91 1
2 91 1
3 90 1
4 90 1
5 90 1
6 89 1
7 89 1
8 89 1
9 89 1
10 89 1
11 88 1
12 88 1
13 88 1
14 88 1
15 88 1
16 88 1
17 88 1
18 88 1
19 88 1
20 88 1
21 87 1
22 87 1
23 87 1
24 87 1
25 87 1
26 87 1
27 87 1
28 87 1
29 87 1
30 87 1
31 86 1
32 86 1
33 86 1
34 86 1
35 86 1
36 86 1
40 86 1
41 86 1
42 86 1
43 86 1
44 86 1
45 86 1
46 86 1
47 86 1
48 86 1
49 86 1
50 86 1
51 86 1
52 86 1
53 86 1
54 86 1
55 86 1
56 86 1
57 86 1
58 86 1
59 86 1
60 85 1
62 86 1
63 86 1
64 86 1
65 86 1
66 86 1
67 87 1
68 87 1
69 87 1
70 88 1
71 88 1
72 88 1
73 89 1
74 89 1
75 90 1
76 90 1
77 91 1
78 91 1
79 92 1
80 93 1
81 93 1
.PEN_UP
.PEN_DOWN
60 84 1
59 83 1
59 82 1
59 81 1
58 80 1
57 80 1
56 79 1
55 78 1
54 78 1
53 77 1
52 76 1
51 76 1
50 75 1
49 75 1
48 74 1
47 74 1
46 73 1
45 73 1
44 72 1
43 72 1
42 72 1
41 72 1
40 71 1
39 72 1
38 73 1
37 74 1
37 75 1
36 76 1
36 77 1
37 78 1
37 79 1
37 80 1
37 81 1
37 82 1
37 83 1
37 84 1
37 85 1
39 89 1
39 90 1
39 91 1
39 92 1
39 93 1
.PEN_UP
