.PEN_DOWN
6 4 1
7 4 1
8 3 1
9 3 1
10 3 1
11 3 1
12 3 1
13 3 1
14 3 1
15 2 1
16 2 1
17 2 1
18 2 1
19 2 1
20 2 1
21 2 1
22 2 1
23 2 1
24 2 1
25 2 1
26 2 1
27 1 1
28 1 1
29 1 1
30 1 1
31 1 1
32 1 1
33 1 1
34 1 1
35 1 1
36 1 1
37 1 1
38 1 1
39 1 1
40 1 1
41 1 1
42 1 1
43 1 1
44 1 1
45 2 1
46 2 1
47 2 1
48 3 1
49 3 1
50 3 1
51 4 1
52 4 1
53 4 1
54 5 1
55 5 1
56 5 1
57 6 1
58 7 1
59 7 1
60 7 1
61 8 1
62 8 1
63 9 1
.PEN_UP
.PEN_DOWN
47 37 1
47 38 1
47 39 1
48 40 1
44 41 1
43 41 1
42 41 1
41 40 1
41 39 1
40 38 1
40 37 1
40 36 1
40 35 1
40 34 1
40 33 1
40 32 1
39 31 1
40 30 1
40 29 1
40 28 1
41 27 1
41 26 1
41 25 1
42 24 1
42 23 1
42 22 1
43 21 1
44 20 1
45 19 1
46 18 1
47 17 1
48 16 1
49 15 1
50 15 1
51 14 1
52 14 1
53 15 1
54 15 1
55 15 1
56 15 1
57 16 1
57 17 1
58 18 1
58 19 1
58 20 1
59 21 1
59 22 1
59 23 1
59 24 1
59 25 1
59 26 1
59 27 1
59 28 1
60 29 1
59 30 1
59 31 1
58 32 1
57 33 1
56 34 1
55 35 1
55 36 1
54 37 1
53 38 1
52 39 1
51 39 1
50 40 1
49 41 1
.PEN_UP
.PEN_DOWN
41 71 1
41 70 1
41 69 1
41 68 1
41 67 1
41 66 1
41 65 1
41 64 1
41 63 1
42 62 1
43 62 1
44 62 1
45 62 1
46 62 1
47 62 1
48 62 1
49 63 1
50 63 1
51 64 1
52 64 1
53 65 1
54 66 1
55 67 1
56 68 1
57 69 1
58 70 1
59 71 1
.PEN_UP
.PEN_DOWN
52 89 1
52 90 1
53 91 1
52 92 1
52 93 1
51 94 1
51 95 1
50 96 1
49 97 1
48 98 1
47 99 1
46 100 1
45 100 1
44 100 1
43 100 1
42 100 1
41 100 1
40 99 1
40 98 1
39 97 1
39 96 1
39 95 1
39 94 1
39 93 1
39 92 1
39 91 1
40 90 1
40 89 1
41 88 1
42 87 1
43 86 1
44 85 1
45 84 1
46 84 1
47 84 1
48 84 1
49 83 1
50 83 1
51 82 1
52 82 1
53 82 1
54 81 1
55 81 1
56 82 1
57 82 1
58 82 1
59 82 1
60 83 1
61 84 1
62 85 1
63 86 1
64 87 1
65 88 1
65 89 1
65 90 1
65 91 1
65 92 1
64 93 1
64 94 1
63 95 1
63 96 1
62 97 1
61 98 1
60 99 1
60 100 1
59 101 1
58 102 1
57 102 1
56 103 1
55 103 1
54 104 1
53 104 1
52 105 1
51 105 1
50 106 1
49 107 1
48 107 1
47 107 1
46 108 1
45 109 1
44 110 1
43 111 1
42 111 1
41 111 1
40 111 1
37 111 1
36 111 1
35 112 1
34 112 1
33 113 1
32 114 1
30 115 1
29 115 1
28 115 1
27 115 1
26 115 1
25 115 1
24 115 1
23 115 1
22 115 1
21 115 1
20 115 1
19 115 1
18 115 1
17 115 1
16 115 1
15 115 1
14 115 1
13 115 1
12 115 1
11 115 1
10 115 1
9 115 1
8 115 1
7 116 1
6 116 1
5 116 1
4 116 1
3 116 1
2 115 1
1 115 1
.PEN_UP
.PEN_DOWN
31 115 1
33 117 1
34 118 1
35 118 1
36 119 1
37 119 1
38 119 1
39 120 1
40 120 1
41 121 1
42 121 1
43 121 1
44 122 1
45 122 1
.PEN_UP
