.PEN_DOWN
1 47 1
1 48 1
1 49 1
1 50 1
1 51 1
.PEN_UP
.PEN_DOWN
36 32 1
37 31 1
38 31 1
39 30 1
40 29 1
41 29 1
42 28 1
43 28 1
44 27 1
45 26 1
46 26 1
47 25 1
49 25 1
50 25 1
51 25 1
52 25 1
53 24 1
54 24 1
55 24 1
56 24 1
57 23 1
58 23 1
59 23 1
60 23 1
61 23 1
62 23 1
63 23 1
64 24 1
65 25 1
65 26 1
66 27 1
65 28 1
65 29 1
65 30 1
64 31 1
63 32 1
62 33 1
62 34 1
61 35 1
60 36 1
59 37 1
58 38 1
57 39 1
56 40 1
55 41 1
54 42 1
53 43 1
52 44 1
51 45 1
50 46 1
49 47 1
48 48 1
47 49 1
46 50 1
46 51 1
45 52 1
45 53 1
45 54 1
46 56 1
47 56 1
48 56 1
49 56 1
50 55 1
51 55 1
52 55 1
53 55 1
54 55 1
55 55 1
56 55 1
57 56 1
58 57 1
58 58 1
58 59 1
57 60 1
57 61 1
57 62 1
56 63 1
56 64 1
55 65 1
54 66 1
53 67 1
52 68 1
52 69 1
52 70 1
51 71 1
50 72 1
50 73 1
50 74 1
50 75 1
51 76 1
51 77 1
52 78 1
53 78 1
54 78 1
55 78 1
56 78 1
57 78 1
58 78 1
59 78 1
60 79 1
61 79 1
62 79 1
63 80 1
64 80 1
65 81 1
66 82 1
67 83 1
68 84 1
68 85 1
68 86 1
68 87 1
68 88 1
67 89 1
67 90 1
66 91 1
66 92 1
65 93 1
65 94 1
64 95 1
63 96 1
62 97 1
61 98 1
.PEN_UP
.PEN_DOWN
47 24 1
47 23 1
48 22 1
48 21 1
48 20 1
49 19 1
50 18 1
51 17 1
52 16 1
53 16 1
54 15 1
54 14 1
55 13 1
56 12 1
57 11 1
58 10 1
59 9 1
60 8 1
61 7 1
62 6 1
63 5 1
64 4 1
64 3 1
65 2 1
66 1 1
.PEN_UP
.PEN_DOWN
25 139 1
26 139 1
27 138 1
28 138 1
29 138 1
30 138 1
31 137 1
32 137 1
33 137 1
34 137 1
35 136 1
36 136 1
37 135 1
38 135 1
39 135 1
40 135 1
41 135 1
42 134 1
43 134 1
44 134 1
46 132 1
47 132 1
48 131 1
49 131 1
50 130 1
51 130 1
52 130 1
53 129 1
54 129 1
55 129 1
56 128 1
57 128 1
58 127 1
59 127 1
60 127 1
61 127 1
62 126 1
63 126 1
64 125 1
65 125 1
66 125 1
67 124 1
68 124 1
69 124 1
70 123 1
71 123 1
72 123 1
73 122 1
74 122 1
75 122 1
76 122 1
77 121 1
78 121 1
79 121 1
80 121 1
81 121 1
82 121 1
83 120 1
84 120 1
85 120 1
86 120 1
87 120 1
88 120 1
89 120 1
.PEN_UP
.PEN_DOWN
45 133 1
45 136 1
45 137 1
45 138 1
45 139 1
46 140 1
46 141 1
46 142 1
46 143 1
45 144 1
45 145 1
45 146 1
44 147 1
43 148 1
42 149 1
42 150 1
41 151 1
41 152 1
40 153 1
39 154 1
38 155 1
37 156 1
36 157 1
35 158 1
34 159 1
33 160 1
32 161 1
31 162 1
30 163 1
30 164 1
29 165 1
29 166 1
29 167 1
29 168 1
27 170 1
26 171 1
25 171 1
24 172 1
23 173 1
.PEN_UP
.PEN_DOWN
28 169 1
31 169 1
32 169 1
33 169 1
34 169 1
35 168 1
36 168 1
37 168 1
38 167 1
39 167 1
40 167 1
41 166 1
42 166 1
43 165 1
44 165 1
45 165 1
46 164 1
47 164 1
48 164 1
49 164 1
50 163 1
51 163 1
52 163 1
53 163 1
54 163 1
55 163 1
56 163 1
57 163 1
58 164 1
58 165 1
57 166 1
57 167 1
57 168 1
56 169 1
56 170 1
55 171 1
54 172 1
53 173 1
52 174 1
51 175 1
50 176 1
49 177 1
48 178 1
48 179 1
47 180 1
46 181 1
45 182 1
44 183 1
43 184 1
42 185 1
42 186 1
42 187 1
41 188 1
40 189 1
40 190 1
40 191 1
40 192 1
39 193 1
39 194 1
40 195 1
41 195 1
42 195 1
43 195 1
44 195 1
45 195 1
46 195 1
47 194 1
48 194 1
49 194 1
50 194 1
51 194 1
52 193 1
53 193 1
54 193 1
55 194 1
56 195 1
55 196 1
55 197 1
55 198 1
55 199 1
55 200 1
54 201 1
53 202 1
53 203 1
52 204 1
51 205 1
50 206 1
49 207 1
48 208 1
47 209 1
47 210 1
47 211 1
47 212 1
46 213 1
46 214 1
46 215 1
47 216 1
48 216 1
49 216 1
50 216 1
51 216 1
52 216 1
53 216 1
54 216 1
55 217 1
56 218 1
57 219 1
58 220 1
58 221 1
59 222 1
60 223 1
60 224 1
60 225 1
60 226 1
60 227 1
60 228 1
60 229 1
60 230 1
59 231 1
59 232 1
58 233 1
58 234 1
58 235 1
58 236 1
57 237 1
56 238 1
56 239 1
55 240 1
55 241 1
54 242 1
54 243 1
54 244 1
54 245 1
53 246 1
53 247 1
52 248 1
51 249 1
50 249 1
49 250 1
48 250 1
47 251 1
46 252 1
45 253 1
44 254 1
43 255 1
42 256 1
41 257 1
40 258 1
39 259 1
38 260 1
37 261 1
36 262 1
36 263 1
.PEN_UP
.PEN_DOWN
54 248 1
55 249 1
56 249 1
57 249 1
58 249 1
59 250 1
60 251 1
60 252 1
60 253 1
60 254 1
60 255 1
60 256 1
60 257 1
59 258 1
59 259 1
59 260 1
58 261 1
58 262 1
57 263 1
56 264 1
56 265 1
55 266 1
54 267 1
54 268 1
53 269 1
53 270 1
52 271 1
51 272 1
51 273 1
50 274 1
50 275 1
49 276 1
49 277 1
48 278 1
47 279 1
46 280 1
46 281 1
46 282 1
46 283 1
45 284 1
45 285 1
45 286 1
45 287 1
46 288 1
47 288 1
48 288 1
49 288 1
50 287 1
51 287 1
52 287 1
53 287 1
54 287 1
55 287 1
56 287 1
57 286 1
58 286 1
59 286 1
60 288 1
60 289 1
59 290 1
59 291 1
59 292 1
58 293 1
58 294 1
57 295 1
56 296 1
56 297 1
55 298 1
55 299 1
55 300 1
55 301 1
54 302 1
54 303 1
54 304 1
55 305 1
56 306 1
57 307 1
58 307 1
59 307 1
60 307 1
61 307 1
62 307 1
63 308 1
64 309 1
65 309 1
66 310 1
67 311 1
67 312 1
67 313 1
68 314 1
68 315 1
67 316 1
67 317 1
67 318 1
66 319 1
66 320 1
66 321 1
65 322 1
65 323 1
64 324 1
63 325 1
63 326 1
62 327 1
61 328 1
61 329 1
60 330 1
59 331 1
.PEN_UP
.PEN_DOWN
64 351 1
63 351 1
62 350 1
61 350 1
60 351 1
59 351 1
58 351 1
57 352 1
56 352 1
55 352 1
54 353 1
53 353 1
52 353 1
51 354 1
50 354 1
49 355 1
48 356 1
47 356 1
46 356 1
45 356 1
44 357 1
43 358 1
42 359 1
41 360 1
40 360 1
39 359 1
38 359 1
37 360 1
36 360 1
35 360 1
34 361 1
.PEN_UP
.PEN_DOWN
42 361 1
42 362 1
42 363 1
42 364 1
42 365 1
42 366 1
42 367 1
42 368 1
42 369 1
42 370 1
42 371 1
42 372 1
42 373 1
42 374 1
42 375 1
42 376 1
42 377 1
42 378 1
42 379 1
42 380 1
42 381 1
41 382 1
41 383 1
41 384 1
41 385 1
42 386 1
42 387 1
42 388 1
42 389 1
42 390 1
43 391 1
44 392 1
45 393 1
46 393 1
47 393 1
48 393 1
49 392 1
50 392 1
51 392 1
52 391 1
53 391 1
54 391 1
55 390 1
56 390 1
57 390 1
58 389 1
59 389 1
60 389 1
61 389 1
62 388 1
63 387 1
64 386 1
.PEN_UP
.PEN_DOWN
53 418 1
52 419 1
51 419 1
50 417 1
50 416 1
50 415 1
50 414 1
50 413 1
50 412 1
50 411 1
51 410 1
50 409 1
49 409 1
48 409 1
47 409 1
46 409 1
45 409 1
44 410 1
43 411 1
42 412 1
41 413 1
40 413 1
39 414 1
38 415 1
37 416 1
36 417 1
35 418 1
35 419 1
34 420 1
34 421 1
34 422 1
34 423 1
35 424 1
36 425 1
37 425 1
38 426 1
39 426 1
40 426 1
41 426 1
42 426 1
43 426 1
44 426 1
45 425 1
46 424 1
47 424 1
48 423 1
50 424 1
51 425 1
52 425 1
53 425 1
54 425 1
55 425 1
56 425 1
57 425 1
58 425 1
59 425 1
60 425 1
61 426 1
62 427 1
63 428 1
63 429 1
63 430 1
63 431 1
63 432 1
63 433 1
63 434 1
63 435 1
63 436 1
62 437 1
62 438 1
61 439 1
61 440 1
60 441 1
60 442 1
59 443 1
58 444 1
57 445 1
57 446 1
56 447 1
56 448 1
55 449 1
54 450 1
53 451 1
53 452 1
52 453 1
51 454 1
50 455 1
50 456 1
50 457 1
49 458 1
48 459 1
47 460 1
47 461 1
46 462 1
45 463 1
44 464 1
44 465 1
43 466 1
42 467 1
42 468 1
41 469 1
41 470 1
41 471 1
40 472 1
40 473 1
40 474 1
39 475 1
38 477 1
37 478 1
36 478 1
35 479 1
34 480 1
33 480 1
32 481 1
31 482 1
30 483 1
29 484 1
28 485 1
27 486 1
26 487 1
25 488 1
24 489 1
23 490 1
22 491 1
22 493 1
21 494 1
21 495 1
21 496 1
20 497 1
19 498 1
18 498 1
17 499 1
16 499 1
15 498 1
14 497 1
14 496 1
15 495 1
15 494 1
16 493 1
17 493 1
18 492 1
19 492 1
20 492 1
21 491 1
.PEN_UP
.PEN_DOWN
39 476 1
41 476 1
42 476 1
43 476 1
44 476 1
45 476 1
46 476 1
47 476 1
48 476 1
49 476 1
50 476 1
51 476 1
52 475 1
53 475 1
54 476 1
55 476 1
56 476 1
57 476 1
58 476 1
59 477 1
60 477 1
61 477 1
62 478 1
63 479 1
64 480 1
65 481 1
65 482 1
65 483 1
66 484 1
65 485 1
65 486 1
65 487 1
65 488 1
64 489 1
64 490 1
63 491 1
63 492 1
63 493 1
63 494 1
62 495 1
62 496 1
.PEN_UP
