.PEN_DOWN
13 30 1
12 30 1
11 30 1
10 30 1
9 30 1
8 29 1
7 28 1
6 27 1
5 26 1
5 25 1
5 24 1
5 23 1
5 22 1
6 21 1
7 20 1
7 19 1
8 18 1
9 17 1
10 16 1
11 15 1
12 14 1
13 13 1
14 12 1
15 11 1
16 11 1
17 10 1
18 9 1
19 9 1
20 8 1
21 8 1
22 7 1
23 7 1
24 7 1
25 6 1
26 6 1
27 5 1
28 5 1
29 5 1
30 4 1
31 4 1
32 4 1
33 4 1
34 4 1
35 4 1
36 4 1
37 4 1
38 5 1
40 4 1
41 4 1
42 4 1
43 3 1
44 3 1
45 3 1
46 3 1
47 2 1
48 2 1
49 1 1
50 1 1
.PEN_UP
.PEN_DOWN
39 5 1
39 7 1
39 8 1
39 9 1
39 10 1
39 11 1
40 12 1
40 13 1
40 14 1
40 15 1
40 16 1
40 17 1
40 18 1
40 19 1
40 20 1
40 21 1
40 22 1
40 23 1
40 24 1
40 25 1
40 26 1
40 27 1
.PEN_UP
.PEN_DOWN
50 53 1
51 52 1
51 51 1
50 50 1
49 49 1
48 48 1
47 48 1
46 48 1
45 48 1
44 48 1
43 48 1
42 49 1
41 49 1
40 50 1
39 51 1
39 52 1
37 53 1
36 54 1
35 54 1
34 54 1
33 54 1
32 55 1
31 56 1
30 57 1
29 58 1
29 59 1
28 60 1
28 61 1
27 62 1
27 63 1
27 64 1
27 65 1
28 66 1
29 67 1
30 67 1
31 67 1
32 66 1
33 65 1
34 64 1
34 63 1
35 62 1
36 61 1
36 60 1
37 59 1
38 58 1
38 57 1
38 56 1
39 55 1
39 54 1
.PEN_UP
.PEN_DOWN
1 97 1
2 97 1
3 97 1
4 98 1
5 98 1
6 99 1
7 99 1
8 99 1
9 99 1
10 99 1
11 100 1
12 100 1
13 100 1
14 100 1
15 100 1
16 100 1
17 100 1
18 100 1
19 100 1
20 100 1
21 100 1
22 100 1
23 100 1
24 100 1
25 100 1
26 100 1
27 100 1
28 100 1
29 99 1
30 99 1
31 99 1
32 99 1
33 99 1
34 99 1
35 99 1
36 99 1
37 99 1
38 98 1
39 98 1
40 99 1
41 99 1
.PEN_UP
