.PEN_DOWN
1 28 1
2 27 1
3 26 1
4 26 1
5 25 1
6 25 1
7 25 1
8 24 1
9 23 1
9 22 1
10 21 1
11 20 1
11 19 1
12 18 1
13 17 1
14 16 1
15 15 1
15 14 1
16 13 1
17 12 1
18 11 1
19 11 1
20 10 1
21 9 1
22 8 1
23 7 1
24 6 1
25 5 1
26 4 1
27 3 1
28 3 1
29 2 1
30 2 1
31 1 1
32 1 1
33 1 1
34 2 1
35 2 1
36 3 1
36 4 1
36 5 1
36 6 1
36 7 1
36 8 1
36 9 1
36 10 1
35 11 1
34 12 1
34 13 1
34 14 1
33 15 1
33 16 1
32 17 1
31 18 1
30 19 1
30 20 1
29 21 1
28 22 1
28 23 1
27 24 1
26 25 1
25 26 1
24 27 1
23 28 1
22 29 1
21 29 1
20 30 1
19 30 1
18 31 1
17 31 1
16 31 1
15 31 1
14 31 1
13 31 1
12 30 1
11 29 1
10 28 1
10 27 1
10 26 1
9 25 1
.PEN_UP
.PEN_DOWN
13 51 1
14 50 1
15 50 1
16 49 1
17 48 1
18 48 1
19 48 1
20 47 1
21 46 1
22 45 1
23 45 1
24 45 1
25 44 1
26 44 1
27 44 1
28 43 1
29 43 1
30 43 1
31 43 1
32 44 1
32 45 1
32 46 1
31 47 1
31 48 1
31 49 1
30 50 1
30 51 1
29 52 1
28 53 1
28 54 1
27 55 1
26 56 1
26 57 1
26 58 1
.PEN_UP
.PEN_DOWN
33 82 1
32 83 1
31 84 1
31 85 1
30 86 1
29 87 1
29 88 1
29 89 1
28 90 1
26 92 1
25 92 1
24 92 1
23 93 1
22 93 1
21 94 1
20 95 1
19 96 1
18 97 1
15 97 1
14 98 1
13 98 1
12 98 1
11 99 1
10 99 1
9 100 1
9 101 1
8 102 1
8 103 1
8 104 1
7 105 1
7 106 1
8 107 1
9 106 1
10 106 1
11 106 1
12 106 1
13 105 1
14 105 1
15 104 1
15 103 1
16 102 1
16 101 1
16 100 1
17 99 1
17 98 1
.PEN_UP
.PEN_DOWN
27 91 1
29 92 1
30 93 1
31 94 1
32 95 1
32 96 1
32 97 1
32 98 1
32 99 1
32 100 1
31 101 1
31 102 1
31 103 1
30 104 1
30 105 1
29 106 1
29 107 1
28 108 1
28 109 1
27 110 1
27 111 1
26 112 1
26 113 1
25 114 1
25 115 1
24 116 1
23 117 1
22 118 1
22 119 1
21 120 1
20 121 1
19 122 1
18 123 1
17 124 1
16 125 1
15 126 1
15 127 1
14 128 1
13 129 1
13 130 1
12 131 1
11 132 1
10 133 1
10 134 1
9 135 1
8 136 1
7 137 1
7 138 1
6 139 1
.PEN_UP
