.PEN_DOWN
1 1 1
2 1 1
3 2 1
4 2 1
5 2 1
6 3 1
7 3 1
8 4 1
9 4 1
10 4 1
11 4 1
12 4 1
13 5 1
14 5 1
15 5 1
16 5 1
17 6 1
18 6 1
19 6 1
20 6 1
21 7 1
22 7 1
23 8 1
25 8 1
26 8 1
27 8 1
28 8 1
29 8 1
30 8 1
31 8 1
32 8 1
33 9 1
34 9 1
35 9 1
36 9 1
37 10 1
38 10 1
39 11 1
40 11 1
41 12 1
42 12 1
.PEN_UP
.PEN_DOWN
23 9 1
23 10 1
22 11 1
22 12 1
22 13 1
22 14 1
22 15 1
21 16 1
20 17 1
20 18 1
20 19 1
20 20 1
20 21 1
20 22 1
20 23 1
20 24 1
20 25 1
20 26 1
20 27 1
20 28 1
20 29 1
20 30 1
21 31 1
21 32 1
22 33 1
23 34 1
24 35 1
25 35 1
26 36 1
27 36 1
28 37 1
29 37 1
30 37 1
31 38 1
32 38 1
33 38 1
34 38 1
35 38 1
36 38 1
37 39 1
38 39 1
39 40 1
40 40 1
41 40 1
42 41 1
43 42 1
44 43 1
44 44 1
44 45 1
44 46 1
44 47 1
44 48 1
43 49 1
42 50 1
41 51 1
40 52 1
39 52 1
38 53 1
38 56 1
38 57 1
39 58 1
39 59 1
40 60 1
41 60 1
42 61 1
43 62 1
44 63 1
45 63 1
46 64 1
.PEN_UP
.PEN_DOWN
5 55 1
6 56 1
7 56 1
8 56 1
9 57 1
10 57 1
11 58 1
12 59 1
13 59 1
14 59 1
.PEN_UP
.PEN_DOWN
29 75 1
30 76 1
31 76 1
32 77 1
33 78 1
35 78 1
36 78 1
37 78 1
38 78 1
39 78 1
40 78 1
41 78 1
42 78 1
43 78 1
44 79 1
45 80 1
46 80 1
47 80 1
.PEN_UP
.PEN_DOWN
34 78 1
33 80 1
33 81 1
33 82 1
33 83 1
33 84 1
33 85 1
33 86 1
33 87 1
33 88 1
34 89 1
34 90 1
34 91 1
35 92 1
36 93 1
37 94 1
38 95 1
39 96 1
40 97 1
41 98 1
42 99 1
42 100 1
41 102 1
41 103 1
40 104 1
39 105 1
38 106 1
37 107 1
37 108 1
36 109 1
36 110 1
35 111 1
35 112 1
34 113 1
34 114 1
33 115 1
33 116 1
33 117 1
34 118 1
34 119 1
34 120 1
34 121 1
34 122 1
34 123 1
35 124 1
36 125 1
37 126 1
38 127 1
39 128 1
40 128 1
41 129 1
42 130 1
43 130 1
44 131 1
45 131 1
46 132 1
47 132 1
48 133 1
49 133 1
50 133 1
51 134 1
52 134 1
53 135 1
54 134 1
55 134 1
.PEN_UP
