.PEN_DOWN
1 3 1
2 4 1
3 4 1
4 4 1
5 3 1
6 3 1
7 2 1
8 2 1
9 2 1
10 1 1
11 1 1
12 1 1
13 1 1
14 1 1
15 1 1
16 1 1
17 1 1
.PEN_UP
.PEN_DOWN
35 19 1
36 19 1
37 19 1
38 18 1
39 18 1
40 18 1
41 17 1
42 17 1
43 17 1
44 16 1
45 16 1
46 15 1
47 15 1
48 15 1
49 14 1
50 14 1
51 13 1
52 13 1
53 13 1
54 12 1
55 12 1
56 12 1
57 11 1
58 11 1
59 11 1
60 10 1
61 10 1
62 10 1
63 9 1
64 9 1
65 9 1
66 9 1
67 9 1
68 9 1
69 9 1
70 9 1
71 9 1
72 9 1
73 9 1
74 10 1
75 10 1
76 11 1
76 12 1
77 13 1
77 14 1
76 15 1
76 16 1
75 17 1
74 18 1
73 18 1
72 19 1
71 19 1
70 20 1
69 20 1
68 21 1
67 21 1
66 22 1
65 22 1
64 23 1
63 23 1
62 23 1
61 23 1
60 24 1
59 24 1
58 25 1
57 25 1
56 25 1
55 25 1
54 26 1
.PEN_UP
.PEN_DOWN
73 50 1
73 49 1
72 48 1
72 47 1
72 46 1
71 45 1
70 44 1
69 43 1
68 42 1
67 41 1
66 41 1
65 41 1
64 41 1
63 41 1
62 41 1
61 42 1
60 42 1
59 43 1
58 44 1
57 45 1
56 46 1
54 46 1
53 46 1
52 46 1
51 46 1
50 47 1
49 47 1
48 48 1
47 49 1
46 50 1
45 51 1
45 52 1
45 53 1
44 54 1
44 55 1
45 56 1
46 56 1
47 56 1
48 56 1
49 55 1
50 55 1
51 54 1
52 53 1
53 52 1
54 51 1
55 50 1
55 49 1
55 48 1
56 47 1
.PEN_UP
