.PEN_DOWN
1 34 1
2 34 1
3 34 1
4 34 1
5 34 1
6 34 1
7 35 1
8 35 1
9 35 1
10 35 1
11 36 1
12 36 1
13 36 1
14 36 1
15 37 1
16 37 1
17 37 1
18 37 1
19 38 1
20 38 1
.PEN_UP
.PEN_DOWN
58 1 1
59 2 1
60 2 1
61 2 1
62 3 1
63 3 1
64 3 1
65 3 1
66 4 1
67 4 1
68 4 1
69 4 1
70 5 1
71 6 1
72 7 1
74 8 1
75 8 1
76 8 1
77 8 1
78 9 1
79 9 1
80 9 1
81 10 1
82 10 1
.PEN_UP
.PEN_DOWN
72 8 1
71 9 1
70 10 1
69 10 1
68 11 1
67 11 1
66 12 1
65 12 1
64 13 1
63 13 1
62 14 1
.PEN_UP
.PEN_DOWN
56 31 1
57 31 1
58 31 1
59 30 1
60 30 1
61 30 1
62 30 1
63 30 1
64 30 1
65 30 1
66 29 1
67 29 1
68 29 1
69 29 1
70 29 1
71 29 1
72 29 1
73 29 1
74 29 1
75 29 1
76 29 1
77 29 1
78 29 1
79 30 1
80 31 1
81 31 1
82 32 1
83 33 1
83 34 1
83 35 1
.PEN_UP
.PEN_DOWN
58 43 1
59 43 1
60 43 1
61 43 1
62 43 1
63 43 1
64 43 1
65 43 1
66 43 1
67 43 1
68 43 1
69 43 1
70 43 1
71 44 1
72 44 1
73 44 1
74 44 1
75 44 1
76 44 1
77 44 1
78 44 1
79 44 1
80 44 1
81 45 1
82 46 1
82 47 1
82 48 1
82 49 1
81 50 1
80 51 1
79 51 1
78 52 1
77 52 1
76 52 1
75 53 1
74 53 1
73 54 1
72 54 1
71 55 1
70 56 1
69 57 1
67 58 1
66 58 1
65 58 1
.PEN_UP
.PEN_DOWN
68 58 1
70 60 1
71 60 1
72 60 1
73 60 1
74 60 1
75 61 1
76 61 1
77 61 1
78 61 1
79 61 1
80 62 1
80 63 1
81 64 1
81 65 1
83 66 1
84 66 1
85 66 1
86 67 1
87 67 1
88 67 1
89 67 1
90 68 1
90 69 1
90 70 1
90 71 1
90 72 1
89 73 1
88 74 1
87 75 1
86 75 1
85 76 1
84 76 1
83 77 1
82 77 1
81 78 1
80 78 1
79 79 1
79 80 1
78 81 1
78 82 1
79 83 1
80 83 1
81 84 1
82 84 1
83 84 1
84 85 1
85 85 1
86 85 1
87 86 1
88 86 1
89 86 1
90 86 1
91 86 1
92 86 1
93 87 1
94 87 1
95 87 1
96 87 1
97 87 1
98 87 1
99 87 1
100 87 1
101 87 1
102 88 1
103 88 1
104 88 1
105 88 1
106 88 1
107 88 1
108 89 1
109 89 1
110 89 1
111 89 1
112 89 1
113 89 1
114 89 1
115 89 1
116 89 1
117 90 1
118 90 1
119 90 1
120 90 1
121 90 1
122 91 1
123 91 1
124 91 1
125 91 1
126 91 1
127 92 1
128 92 1
129 92 1
130 92 1
131 92 1
132 93 1
133 93 1
134 94 1
135 94 1
136 94 1
137 94 1
138 95 1
139 95 1
140 96 1
141 96 1
142 97 1
143 97 1
144 97 1
145 98 1
146 98 1
147 98 1
148 98 1
149 97 1
150 96 1
150 95 1
151 94 1
151 93 1
151 92 1
151 91 1
152 90 1
152 89 1
152 88 1
153 87 1
154 86 1
154 85 1
155 84 1
155 83 1
.PEN_UP
.PEN_DOWN
80 66 1
79 67 1
78 68 1
77 68 1
76 69 1
75 69 1
74 69 1
73 69 1
72 70 1
71 70 1
70 71 1
69 71 1
68 72 1
67 72 1
66 73 1
65 73 1
64 74 1
63 75 1
62 75 1
61 76 1
60 77 1
59 78 1
59 79 1
59 80 1
58 81 1
58 82 1
.PEN_UP
