.PEN_DOWN
5 15 1
6 14 1
7 14 1
8 14 1
9 13 1
10 12 1
11 12 1
12 11 1
13 11 1
14 11 1
15 10 1
16 10 1
17 9 1
18 9 1
19 9 1
20 8 1
21 8 1
22 7 1
23 7 1
24 6 1
25 6 1
26 6 1
27 6 1
28 5 1
29 5 1
30 4 1
31 3 1
32 3 1
33 2 1
34 2 1
35 1 1
36 1 1
37 1 1
38 1 1
39 1 1
40 1 1
41 1 1
42 1 1
43 1 1
44 1 1
45 1 1
46 1 1
47 1 1
48 1 1
49 1 1
50 1 1
51 2 1
52 2 1
53 3 1
54 4 1
55 5 1
55 6 1
55 7 1
55 8 1
55 9 1
55 10 1
54 11 1
54 12 1
54 13 1
53 14 1
52 15 1
51 16 1
50 17 1
50 18 1
49 19 1
48 20 1
47 21 1
46 22 1
45 23 1
44 24 1
43 25 1
42 26 1
41 27 1
40 28 1
39 29 1
38 30 1
38 31 1
37 32 1
37 33 1
35 35 1
34 35 1
33 35 1
32 36 1
31 36 1
30 37 1
29 37 1
28 38 1
27 38 1
26 39 1
25 39 1
24 40 1
23 40 1
22 41 1
21 41 1
20 42 1
19 42 1
18 43 1
17 43 1
16 43 1
15 44 1
14 44 1
13 45 1
12 45 1
11 46 1
10 46 1
9 46 1
8 47 1
7 47 1
.PEN_UP
.PEN_DOWN
36 34 1
38 35 1
39 35 1
40 35 1
41 35 1
42 35 1
43 36 1
44 36 1
45 36 1
46 36 1
47 36 1
48 36 1
49 36 1
50 37 1
51 38 1
51 39 1
52 40 1
52 41 1
53 42 1
53 43 1
53 44 1
53 45 1
53 46 1
53 47 1
52 48 1
52 49 1
52 50 1
51 51 1
51 52 1
51 53 1
50 54 1
49 55 1
49 56 1
48 57 1
48 58 1
47 59 1
46 60 1
45 61 1
44 62 1
43 63 1
42 64 1
42 65 1
41 66 1
40 67 1
39 68 1
38 69 1
37 69 1
36 70 1
35 71 1
34 72 1
33 73 1
32 73 1
31 74 1
30 75 1
29 76 1
28 77 1
26 78 1
25 79 1
24 79 1
23 79 1
22 79 1
21 80 1
20 80 1
19 80 1
18 80 1
17 80 1
16 80 1
15 79 1
14 79 1
13 78 1
12 77 1
12 76 1
13 75 1
13 74 1
14 73 1
14 72 1
.PEN_UP
.PEN_DOWN
27 78 1
28 80 1
28 81 1
29 82 1
31 82 1
32 82 1
33 82 1
34 81 1
35 81 1
36 81 1
37 80 1
38 80 1
39 80 1
40 80 1
41 80 1
42 79 1
43 79 1
44 79 1
45 79 1
46 79 1
47 79 1
48 79 1
49 80 1
50 81 1
51 82 1
52 83 1
52 84 1
52 85 1
52 86 1
52 87 1
52 88 1
52 89 1
51 90 1
51 91 1
51 92 1
50 93 1
50 94 1
49 95 1
48 96 1
47 97 1
46 98 1
46 99 1
45 100 1
44 101 1
44 102 1
44 103 1
43 104 1
43 105 1
43 106 1
41 107 1
40 108 1
39 108 1
38 109 1
37 110 1
36 111 1
35 112 1
34 113 1
34 114 1
33 115 1
32 115 1
31 115 1
30 116 1
29 117 1
28 117 1
27 117 1
26 118 1
25 119 1
24 119 1
23 120 1
22 120 1
21 121 1
20 122 1
19 122 1
18 122 1
17 122 1
16 122 1
15 122 1
14 122 1
13 122 1
12 122 1
11 122 1
10 122 1
9 122 1
8 122 1
7 121 1
6 121 1
5 120 1
4 120 1
3 119 1
2 118 1
2 117 1
1 116 1
1 115 1
1 114 1
1 113 1
1 112 1
1 111 1
2 110 1
2 109 1
3 108 1
3 107 1
4 106 1
5 105 1
6 104 1
6 103 1
7 102 1
7 101 1
8 100 1
9 99 1
10 98 1
11 97 1
12 96 1
13 95 1
14 95 1
15 94 1
16 93 1
17 92 1
18 91 1
19 90 1
20 89 1
21 88 1
22 88 1
23 87 1
24 86 1
25 86 1
26 85 1
27 85 1
28 84 1
29 83 1
.PEN_UP
.PEN_DOWN
42 107 1
45 107 1
46 107 1
47 107 1
48 107 1
49 107 1
50 107 1
51 107 1
52 106 1
53 106 1
54 107 1
55 107 1
56 107 1
57 108 1
58 109 1
59 110 1
59 111 1
59 112 1
59 113 1
59 114 1
59 115 1
59 116 1
58 117 1
58 118 1
57 119 1
56 120 1
56 121 1
55 122 1
54 123 1
54 124 1
53 125 1
52 126 1
51 127 1
50 128 1
49 129 1
49 130 1
48 131 1
47 132 1
46 133 1
45 134 1
44 135 1
43 136 1
42 137 1
41 138 1
40 139 1
39 140 1
38 141 1
37 142 1
36 143 1
35 144 1
34 145 1
34 146 1
33 147 1
32 148 1
31 149 1
31 150 1
30 151 1
29 152 1
29 153 1
28 154 1
28 155 1
28 156 1
28 157 1
28 158 1
28 159 1
28 160 1
29 161 1
30 162 1
31 163 1
32 164 1
33 164 1
34 165 1
35 165 1
36 165 1
37 165 1
38 165 1
39 165 1
40 165 1
41 165 1
42 165 1
43 164 1
44 164 1
45 164 1
46 163 1
47 162 1
48 162 1
49 161 1
50 160 1
51 159 1
52 158 1
53 157 1
53 156 1
54 155 1
54 154 1
54 153 1
55 152 1
55 151 1
55 150 1
54 149 1
53 148 1
52 147 1
.PEN_UP
