.PEN_DOWN
30 2 1
31 2 1
32 1 1
33 1 1
34 1 1
35 1 1
36 1 1
37 1 1
38 2 1
39 2 1
40 2 1
41 2 1
42 2 1
43 2 1
44 3 1
45 3 1
46 3 1
47 4 1
48 4 1
49 4 1
50 5 1
51 5 1
52 5 1
53 6 1
54 7 1
54 8 1
54 9 1
54 10 1
54 11 1
55 12 1
54 13 1
53 14 1
53 15 1
52 16 1
52 17 1
51 18 1
50 18 1
49 19 1
48 20 1
47 20 1
46 21 1
45 21 1
44 22 1
44 23 1
43 24 1
41 24 1
40 24 1
39 25 1
38 25 1
37 25 1
36 25 1
35 24 1
34 24 1
33 24 1
32 24 1
31 24 1
.PEN_UP
.PEN_DOWN
42 24 1
44 26 1
45 27 1
46 28 1
47 29 1
48 30 1
49 31 1
49 32 1
50 33 1
50 34 1
50 35 1
49 36 1
49 37 1
49 38 1
49 39 1
48 40 1
48 41 1
47 42 1
46 43 1
45 44 1
44 45 1
43 46 1
43 47 1
41 48 1
40 48 1
39 48 1
38 48 1
37 48 1
36 48 1
35 48 1
34 48 1
33 48 1
32 48 1
31 48 1
30 48 1
29 48 1
.PEN_UP
.PEN_DOWN
42 48 1
44 50 1
44 51 1
45 52 1
46 53 1
47 54 1
47 55 1
48 56 1
48 57 1
48 58 1
47 59 1
47 60 1
48 61 1
48 62 1
.PEN_UP
.PEN_DOWN
26 99 1
27 99 1
28 99 1
29 100 1
32 99 1
33 99 1
34 98 1
35 98 1
36 98 1
37 98 1
38 99 1
39 99 1
40 99 1
41 99 1
42 100 1
43 101 1
44 101 1
45 101 1
46 101 1
.PEN_UP
.PEN_DOWN
30 100 1
30 102 1
29 103 1
29 104 1
30 105 1
30 106 1
.PEN_UP
.PEN_DOWN
28 124 1
29 124 1
30 124 1
31 124 1
32 124 1
33 124 1
34 124 1
35 124 1
36 124 1
37 124 1
38 125 1
39 125 1
40 125 1
41 126 1
42 127 1
43 127 1
44 128 1
45 129 1
46 130 1
46 131 1
47 132 1
48 133 1
48 134 1
48 135 1
48 136 1
48 137 1
48 138 1
47 139 1
47 140 1
46 141 1
46 142 1
45 143 1
44 144 1
43 145 1
42 146 1
42 147 1
41 148 1
39 149 1
38 150 1
37 150 1
36 150 1
35 150 1
34 150 1
33 150 1
32 150 1
31 150 1
.PEN_UP
.PEN_DOWN
40 149 1
42 151 1
43 151 1
44 152 1
45 152 1
46 152 1
47 153 1
48 154 1
49 155 1
49 156 1
49 157 1
49 158 1
49 159 1
48 160 1
48 161 1
47 162 1
46 163 1
46 164 1
45 165 1
44 166 1
43 167 1
42 168 1
41 169 1
40 170 1
39 171 1
37 172 1
36 173 1
35 173 1
34 173 1
33 173 1
32 173 1
31 173 1
30 173 1
29 173 1
28 174 1
27 174 1
.PEN_UP
.PEN_DOWN
38 172 1
40 174 1
41 175 1
42 176 1
43 177 1
44 178 1
45 179 1
45 180 1
46 181 1
46 182 1
46 183 1
46 184 1
46 185 1
46 186 1
46 187 1
46 188 1
47 189 1
47 190 1
.PEN_UP
.PEN_DOWN
1 179 1
2 180 1
3 180 1
4 181 1
5 181 1
6 182 1
7 182 1
.PEN_UP
.PEN_DOWN
28 197 1
29 197 1
30 196 1
31 196 1
32 196 1
33 196 1
34 196 1
35 196 1
36 196 1
37 195 1
38 195 1
39 196 1
40 196 1
41 196 1
42 197 1
43 197 1
44 198 1
45 199 1
46 200 1
47 201 1
47 202 1
48 203 1
48 204 1
48 205 1
48 206 1
48 207 1
48 208 1
48 209 1
48 210 1
47 211 1
47 212 1
47 213 1
46 214 1
46 215 1
45 216 1
44 217 1
43 218 1
42 218 1
41 219 1
40 219 1
39 219 1
38 219 1
37 220 1
36 221 1
34 221 1
33 221 1
32 221 1
31 221 1
30 221 1
.PEN_UP
.PEN_DOWN
35 222 1
37 224 1
38 225 1
39 226 1
40 227 1
41 228 1
42 229 1
43 230 1
44 231 1
44 232 1
45 233 1
45 234 1
46 235 1
46 236 1
.PEN_UP
.PEN_DOWN
36 245 1
36 246 1
36 247 1
35 248 1
35 249 1
33 250 1
32 251 1
31 251 1
30 252 1
29 252 1
28 253 1
27 254 1
27 255 1
26 256 1
27 257 1
27 258 1
.PEN_UP
.PEN_DOWN
34 250 1
36 251 1
37 252 1
38 253 1
39 253 1
40 253 1
41 253 1
42 253 1
43 254 1
44 254 1
45 254 1
46 254 1
47 255 1
48 255 1
49 256 1
50 256 1
51 256 1
52 257 1
53 257 1
54 257 1
55 257 1
56 258 1
57 258 1
58 259 1
59 259 1
60 259 1
61 260 1
62 260 1
63 260 1
64 261 1
65 261 1
66 261 1
67 262 1
68 262 1
69 262 1
70 262 1
71 263 1
72 263 1
73 264 1
74 264 1
75 264 1
76 264 1
77 265 1
78 265 1
79 265 1
80 266 1
81 266 1
82 266 1
83 267 1
84 267 1
85 267 1
86 268 1
87 268 1
88 268 1
89 269 1
90 269 1
91 269 1
92 270 1
93 270 1
94 270 1
95 270 1
96 271 1
97 271 1
98 271 1
99 272 1
100 272 1
101 273 1
102 273 1
103 273 1
104 273 1
105 274 1
106 274 1
107 274 1
108 274 1
109 274 1
110 274 1
111 274 1
112 275 1
113 275 1
114 275 1
115 275 1
116 275 1
117 275 1
118 275 1
119 275 1
120 275 1
121 275 1
122 275 1
123 274 1
124 274 1
125 273 1
125 272 1
126 271 1
126 270 1
126 269 1
126 268 1
125 267 1
125 266 1
125 265 1
124 264 1
124 263 1
123 262 1
123 261 1
122 260 1
121 259 1
121 258 1
120 257 1
119 256 1
118 255 1
117 255 1
116 254 1
115 253 1
114 253 1
113 252 1
112 252 1
111 251 1
110 251 1
109 250 1
108 250 1
107 249 1
106 249 1
105 249 1
104 249 1
103 249 1
102 249 1
101 249 1
100 249 1
99 249 1
98 250 1
97 250 1
96 251 1
95 251 1
94 252 1
93 253 1
92 254 1
91 255 1
90 256 1
89 257 1
89 258 1
.PEN_UP
