.PEN_DOWN
1 1 1
2 1 1
3 2 1
4 2 1
5 2 1
6 3 1
7 3 1
8 4 1
9 4 1
10 4 1
11 4 1
12 4 1
13 5 1
14 5 1
15 6 1
16 6 1
17 6 1
18 6 1
19 7 1
20 7 1
21 8 1
22 8 1
23 9 1
24 9 1
25 10 1
26 10 1
27 10 1
28 11 1
29 11 1
30 12 1
31 12 1
32 13 1
33 14 1
35 14 1
36 14 1
37 14 1
38 14 1
39 14 1
40 14 1
41 14 1
42 15 1
43 15 1
44 15 1
45 15 1
46 16 1
47 16 1
48 16 1
49 16 1
50 16 1
51 17 1
52 17 1
53 18 1
54 18 1
55 18 1
.PEN_UP
.PEN_DOWN
33 15 1
32 16 1
32 17 1
32 18 1
31 19 1
30 20 1
30 21 1
30 22 1
29 23 1
29 24 1
29 25 1
28 26 1
28 27 1
28 28 1
28 29 1
28 30 1
28 31 1
28 32 1
28 33 1
28 34 1
28 35 1
29 36 1
29 37 1
29 38 1
29 39 1
30 40 1
30 41 1
31 42 1
32 43 1
33 44 1
34 45 1
35 46 1
36 46 1
37 46 1
38 46 1
39 46 1
40 46 1
41 46 1
42 46 1
43 45 1
44 45 1
45 45 1
46 45 1
47 45 1
48 45 1
49 45 1
50 45 1
51 45 1
52 45 1
53 44 1
54 44 1
55 43 1
56 43 1
57 42 1
58 41 1
.PEN_UP
.PEN_DOWN
26 118 1
26 119 1
27 120 1
27 121 1
27 122 1
27 123 1
28 124 1
28 125 1
28 126 1
28 127 1
29 128 1
29 129 1
31 131 1
32 131 1
33 131 1
34 132 1
35 132 1
36 132 1
37 132 1
38 133 1
39 134 1
40 134 1
41 135 1
42 135 1
43 136 1
44 137 1
45 137 1
46 137 1
47 138 1
48 139 1
49 140 1
50 141 1
51 142 1
.PEN_UP
.PEN_DOWN
29 130 1
28 132 1
28 133 1
28 134 1
28 135 1
28 136 1
28 137 1
28 138 1
28 139 1
28 140 1
28 141 1
28 142 1
28 143 1
27 144 1
26 145 1
.PEN_UP
.PEN_DOWN
44 126 1
45 125 1
46 124 1
47 123 1
47 122 1
48 121 1
49 120 1
50 119 1
50 118 1
50 117 1
51 116 1
52 115 1
52 114 1
52 113 1
53 112 1
53 111 1
53 110 1
54 109 1
54 108 1
54 107 1
54 106 1
55 105 1
55 104 1
55 103 1
55 102 1
56 101 1
56 100 1
56 99 1
56 98 1
56 97 1
56 96 1
56 95 1
56 94 1
56 93 1
56 92 1
56 91 1
56 90 1
55 89 1
55 88 1
54 87 1
54 86 1
54 85 1
53 84 1
52 83 1
51 83 1
50 82 1
48 80 1
48 79 1
48 78 1
48 77 1
47 76 1
47 75 1
47 74 1
47 73 1
46 72 1
45 71 1
44 70 1
43 69 1
42 68 1
41 68 1
40 68 1
39 68 1
38 67 1
37 67 1
36 67 1
35 66 1
34 66 1
33 66 1
32 67 1
31 67 1
30 67 1
29 68 1
28 68 1
27 69 1
26 70 1
25 71 1
24 72 1
24 73 1
24 74 1
23 75 1
23 76 1
23 77 1
23 78 1
22 79 1
22 80 1
22 81 1
22 82 1
22 83 1
22 84 1
22 85 1
23 86 1
23 87 1
23 88 1
23 89 1
24 90 1
24 91 1
24 92 1
25 93 1
25 94 1
25 95 1
26 96 1
26 97 1
27 98 1
28 99 1
29 100 1
30 101 1
31 102 1
32 103 1
33 103 1
34 104 1
35 104 1
36 104 1
37 104 1
38 104 1
39 103 1
40 102 1
40 101 1
41 100 1
42 99 1
43 98 1
43 97 1
43 96 1
44 95 1
44 94 1
44 93 1
45 92 1
45 91 1
45 90 1
45 89 1
46 88 1
46 87 1
46 86 1
46 85 1
46 84 1
47 83 1
48 82 1
.PEN_UP
