.PEN_DOWN
26 37 1
27 37 1
28 38 1
29 38 1
30 37 1
32 39 1
33 39 1
34 39 1
35 39 1
36 40 1
37 40 1
38 40 1
39 40 1
40 40 1
41 39 1
42 39 1
43 39 1
44 40 1
45 40 1
46 40 1
47 40 1
48 40 1
49 40 1
50 39 1
51 39 1
52 39 1
53 39 1
54 40 1
55 41 1
56 41 1
57 41 1
58 41 1
59 41 1
60 40 1
61 40 1
62 40 1
63 40 1
64 40 1
65 40 1
66 40 1
67 40 1
68 39 1
69 39 1
70 39 1
71 39 1
72 39 1
73 39 1
74 39 1
75 39 1
76 39 1
77 39 1
78 39 1
79 38 1
80 38 1
81 38 1
84 38 1
85 38 1
86 38 1
87 38 1
88 38 1
89 38 1
90 38 1
91 38 1
92 38 1
93 38 1
94 38 1
95 38 1
96 38 1
97 38 1
98 38 1
99 38 1
100 39 1
101 39 1
102 39 1
103 39 1
104 39 1
105 39 1
106 39 1
107 39 1
108 39 1
109 39 1
110 39 1
111 39 1
112 39 1
113 39 1
114 39 1
115 39 1
116 39 1
117 39 1
118 40 1
119 40 1
120 41 1
121 41 1
122 41 1
123 41 1
124 41 1
125 41 1
126 41 1
127 42 1
128 42 1
.PEN_UP
.PEN_DOWN
82 38 1
82 40 1
81 41 1
81 42 1
80 43 1
80 44 1
79 45 1
78 45 1
.PEN_UP
.PEN_DOWN
54 42 1
54 43 1
53 44 1
52 45 1
51 45 1
50 46 1
49 46 1
48 47 1
47 48 1
46 48 1
45 49 1
44 50 1
43 51 1
43 52 1
42 53 1
43 54 1
44 55 1
45 55 1
46 55 1
47 55 1
48 55 1
49 55 1
50 55 1
51 55 1
52 55 1
53 55 1
54 55 1
55 55 1
56 54 1
57 54 1
58 53 1
59 53 1
60 52 1
61 52 1
62 52 1
63 51 1
64 51 1
65 51 1
66 50 1
67 50 1
68 50 1
.PEN_UP
.PEN_DOWN
31 36 1
32 35 1
33 34 1
34 33 1
35 33 1
36 33 1
37 32 1
38 32 1
39 32 1
40 32 1
41 32 1
42 32 1
43 31 1
44 31 1
45 31 1
46 31 1
47 31 1
48 31 1
49 30 1
50 30 1
51 30 1
52 30 1
53 29 1
54 29 1
.PEN_UP
.PEN_DOWN
52 10 1
52 11 1
53 12 1
54 12 1
55 12 1
56 12 1
57 12 1
58 12 1
59 12 1
60 12 1
61 12 1
62 12 1
63 12 1
64 11 1
65 11 1
66 11 1
67 11 1
68 11 1
69 11 1
70 10 1
71 10 1
72 9 1
73 9 1
74 9 1
75 9 1
76 10 1
77 10 1
78 10 1
79 9 1
80 9 1
81 8 1
82 8 1
83 7 1
84 7 1
85 7 1
86 6 1
87 5 1
87 4 1
87 3 1
87 2 1
86 1 1
85 1 1
84 1 1
83 1 1
.PEN_UP
.PEN_DOWN
52 13 1
52 14 1
51 15 1
49 16 1
48 16 1
47 16 1
46 17 1
45 17 1
44 17 1
43 17 1
42 17 1
41 17 1
40 17 1
39 17 1
38 18 1
37 18 1
36 18 1
35 18 1
34 18 1
33 19 1
32 19 1
31 19 1
30 20 1
29 20 1
28 20 1
27 20 1
26 19 1
25 19 1
24 18 1
23 17 1
22 16 1
21 15 1
21 14 1
20 13 1
21 12 1
21 11 1
22 10 1
23 10 1
24 9 1
25 9 1
26 9 1
27 8 1
28 8 1
29 8 1
30 8 1
31 7 1
32 6 1
33 6 1
34 6 1
35 6 1
36 5 1
37 5 1
38 5 1
39 5 1
40 4 1
41 4 1
42 4 1
43 4 1
44 4 1
45 4 1
46 3 1
47 3 1
48 3 1
49 2 1
50 2 1
51 2 1
52 2 1
53 2 1
54 1 1
55 1 1
56 1 1
57 1 1
58 1 1
59 1 1
60 1 1
61 1 1
62 1 1
.PEN_UP
.PEN_DOWN
50 16 1
52 18 1
53 19 1
54 20 1
55 20 1
56 20 1
57 21 1
58 21 1
59 21 1
60 21 1
61 21 1
62 21 1
63 21 1
64 21 1
65 21 1
66 21 1
67 22 1
68 22 1
69 22 1
70 22 1
71 22 1
72 22 1
73 23 1
74 23 1
75 23 1
76 24 1
77 25 1
79 25 1
80 25 1
81 25 1
82 26 1
83 26 1
.PEN_UP
.PEN_DOWN
31 69 1
32 69 1
33 69 1
34 69 1
35 69 1
36 69 1
38 70 1
39 70 1
40 70 1
41 70 1
42 70 1
43 70 1
44 70 1
45 70 1
46 70 1
47 70 1
48 70 1
49 70 1
50 70 1
51 70 1
52 70 1
53 70 1
54 70 1
55 71 1
57 71 1
58 71 1
59 71 1
60 71 1
61 71 1
62 71 1
63 71 1
64 71 1
65 70 1
66 70 1
67 70 1
68 70 1
69 70 1
70 70 1
71 69 1
72 69 1
73 69 1
74 69 1
75 69 1
76 69 1
77 69 1
78 69 1
79 69 1
80 69 1
81 69 1
82 69 1
83 69 1
84 69 1
85 69 1
86 69 1
87 69 1
88 68 1
89 68 1
90 68 1
91 68 1
92 68 1
93 68 1
94 68 1
95 68 1
96 68 1
97 68 1
98 68 1
99 68 1
100 68 1
101 68 1
102 68 1
103 68 1
104 68 1
105 68 1
106 68 1
107 68 1
108 68 1
109 68 1
110 68 1
111 68 1
112 68 1
113 67 1
114 67 1
115 67 1
116 67 1
117 67 1
118 67 1
119 67 1
120 67 1
121 68 1
122 68 1
123 68 1
124 68 1
125 68 1
.PEN_UP
.PEN_DOWN
56 71 1
55 73 1
54 74 1
53 75 1
52 76 1
51 76 1
50 76 1
49 77 1
48 77 1
47 78 1
46 78 1
45 79 1
44 79 1
43 80 1
42 81 1
42 82 1
41 83 1
41 84 1
42 85 1
43 85 1
44 85 1
45 85 1
46 85 1
47 85 1
48 85 1
49 85 1
50 85 1
51 85 1
52 84 1
53 84 1
54 84 1
55 83 1
56 83 1
57 82 1
58 82 1
59 82 1
60 81 1
61 81 1
62 81 1
63 80 1
64 80 1
65 80 1
66 80 1
67 80 1
68 79 1
69 79 1
70 79 1
71 78 1
72 77 1
73 77 1
74 76 1
75 75 1
.PEN_UP
.PEN_DOWN
63 86 1
62 87 1
61 87 1
60 88 1
59 89 1
58 90 1
57 91 1
56 92 1
55 93 1
54 94 1
53 95 1
52 96 1
51 97 1
50 98 1
49 99 1
48 100 1
47 101 1
46 101 1
45 102 1
44 103 1
43 104 1
42 105 1
41 106 1
40 106 1
39 107 1
39 108 1
38 109 1
38 110 1
37 111 1
37 114 1
36 115 1
36 116 1
36 117 1
35 118 1
34 119 1
33 120 1
32 121 1
32 122 1
32 123 1
31 124 1
31 125 1
31 126 1
31 127 1
31 128 1
31 129 1
30 130 1
30 131 1
30 132 1
30 133 1
30 134 1
30 135 1
30 136 1
30 137 1
31 138 1
33 137 1
34 137 1
35 137 1
36 137 1
37 136 1
38 136 1
39 136 1
40 136 1
41 136 1
42 136 1
43 135 1
44 135 1
45 135 1
46 135 1
47 135 1
48 135 1
49 134 1
50 134 1
51 134 1
52 134 1
53 134 1
54 134 1
55 134 1
56 133 1
57 133 1
58 133 1
59 133 1
60 133 1
61 133 1
62 133 1
63 133 1
64 133 1
65 133 1
66 133 1
67 133 1
68 133 1
69 134 1
70 134 1
71 134 1
72 134 1
73 134 1
74 134 1
75 135 1
76 135 1
77 136 1
78 137 1
79 138 1
79 139 1
79 140 1
79 141 1
79 142 1
78 143 1
77 144 1
76 145 1
75 145 1
74 146 1
73 146 1
72 146 1
71 147 1
70 147 1
69 147 1
68 147 1
67 147 1
66 147 1
65 147 1
64 147 1
63 147 1
62 148 1
61 148 1
60 148 1
59 148 1
58 149 1
57 149 1
56 149 1
55 149 1
54 150 1
.PEN_UP
.PEN_DOWN
31 140 1
31 141 1
30 142 1
29 142 1
28 142 1
27 143 1
26 144 1
25 145 1
25 146 1
26 147 1
26 148 1
27 149 1
28 149 1
29 150 1
30 150 1
31 150 1
32 150 1
33 150 1
34 151 1
35 151 1
36 151 1
37 151 1
38 151 1
39 151 1
40 151 1
41 151 1
42 151 1
43 150 1
46 150 1
47 150 1
48 150 1
.PEN_UP
.PEN_DOWN
44 149 1
43 148 1
43 147 1
42 146 1
41 146 1
40 145 1
39 145 1
38 144 1
37 144 1
36 144 1
35 143 1
34 143 1
33 143 1
32 142 1
.PEN_UP
.PEN_DOWN
36 111 1
39 112 1
40 112 1
41 112 1
42 112 1
43 112 1
44 112 1
45 112 1
46 112 1
47 112 1
48 111 1
49 111 1
50 111 1
51 111 1
52 111 1
53 111 1
54 111 1
55 111 1
56 110 1
57 110 1
58 110 1
59 110 1
60 110 1
61 110 1
62 110 1
63 110 1
64 110 1
65 110 1
66 110 1
67 110 1
68 110 1
69 110 1
70 110 1
71 110 1
72 110 1
73 109 1
74 109 1
75 109 1
76 109 1
77 109 1
78 109 1
79 110 1
80 110 1
81 110 1
82 110 1
83 110 1
84 110 1
85 110 1
86 111 1
87 111 1
.PEN_UP
.PEN_DOWN
35 111 1
34 111 1
33 111 1
32 112 1
31 112 1
30 112 1
29 113 1
28 113 1
.PEN_UP
.PEN_DOWN
81 183 1
82 182 1
82 181 1
83 180 1
82 179 1
81 178 1
80 177 1
79 177 1
78 177 1
77 176 1
76 176 1
75 176 1
74 176 1
73 176 1
72 175 1
71 175 1
70 175 1
69 175 1
68 175 1
67 175 1
66 175 1
65 175 1
64 175 1
63 175 1
62 174 1
60 173 1
59 174 1
58 174 1
57 174 1
56 174 1
55 174 1
54 174 1
53 174 1
52 174 1
51 174 1
50 175 1
49 175 1
48 175 1
47 175 1
46 175 1
45 175 1
44 175 1
43 175 1
42 175 1
41 176 1
40 176 1
39 177 1
38 177 1
37 177 1
36 177 1
35 177 1
34 177 1
33 176 1
32 175 1
32 174 1
31 173 1
30 172 1
30 171 1
30 170 1
31 169 1
32 168 1
33 167 1
34 167 1
35 166 1
36 165 1
37 164 1
38 164 1
39 163 1
40 162 1
41 162 1
42 162 1
43 161 1
44 161 1
45 160 1
46 160 1
47 159 1
48 159 1
49 159 1
50 158 1
51 158 1
52 158 1
53 158 1
54 157 1
55 157 1
56 157 1
57 157 1
58 156 1
59 156 1
60 156 1
61 156 1
62 156 1
63 155 1
64 155 1
65 155 1
66 155 1
67 154 1
68 154 1
69 154 1
70 154 1
71 154 1
72 154 1
73 153 1
74 153 1
75 153 1
76 153 1
77 153 1
78 153 1
79 153 1
80 154 1
81 154 1
82 154 1
83 155 1
84 156 1
85 157 1
85 158 1
85 159 1
84 160 1
83 161 1
82 162 1
81 162 1
80 163 1
79 164 1
78 164 1
77 165 1
76 166 1
75 166 1
74 167 1
73 167 1
72 168 1
71 168 1
70 168 1
69 168 1
68 169 1
67 169 1
66 169 1
65 170 1
64 170 1
63 171 1
62 172 1
.PEN_UP
.PEN_DOWN
44 211 1
43 210 1
42 210 1
41 209 1
40 209 1
39 209 1
38 208 1
37 207 1
37 206 1
37 205 1
38 204 1
39 203 1
40 202 1
41 202 1
42 201 1
43 201 1
44 200 1
45 200 1
46 200 1
47 200 1
48 199 1
49 199 1
50 199 1
51 198 1
52 198 1
53 198 1
54 198 1
55 197 1
56 197 1
57 197 1
58 197 1
59 197 1
60 196 1
61 196 1
62 196 1
63 196 1
64 196 1
65 196 1
66 196 1
67 195 1
68 195 1
69 195 1
70 195 1
71 196 1
72 196 1
73 196 1
74 196 1
75 196 1
76 196 1
77 196 1
78 197 1
79 197 1
80 197 1
81 197 1
82 197 1
83 198 1
84 198 1
85 199 1
86 200 1
87 201 1
87 202 1
88 203 1
88 204 1
87 205 1
87 206 1
86 207 1
85 208 1
84 209 1
83 210 1
82 211 1
81 211 1
80 212 1
79 213 1
78 213 1
77 213 1
76 214 1
75 214 1
74 214 1
73 215 1
72 216 1
71 216 1
70 217 1
69 217 1
68 218 1
67 218 1
66 219 1
65 219 1
64 219 1
63 220 1
62 220 1
61 221 1
60 221 1
59 222 1
58 222 1
57 222 1
56 223 1
55 223 1
54 223 1
53 224 1
52 225 1
.PEN_UP
.PEN_DOWN
48 225 1
47 225 1
46 225 1
45 226 1
44 226 1
43 226 1
42 227 1
41 227 1
40 227 1
39 228 1
38 228 1
37 228 1
36 228 1
35 229 1
34 229 1
33 229 1
32 230 1
31 230 1
30 230 1
29 230 1
28 231 1
27 231 1
26 231 1
25 232 1
24 232 1
23 232 1
22 232 1
21 232 1
20 233 1
19 233 1
18 233 1
17 234 1
16 234 1
15 234 1
14 235 1
13 235 1
12 236 1
11 236 1
10 236 1
9 237 1
9 238 1
8 239 1
6 240 1
5 240 1
4 240 1
3 240 1
2 240 1
1 240 1
.PEN_UP
.PEN_DOWN
7 240 1
9 241 1
10 241 1
11 241 1
12 241 1
13 241 1
14 241 1
15 241 1
16 241 1
17 241 1
18 241 1
19 241 1
20 241 1
21 241 1
22 241 1
23 241 1
24 241 1
25 241 1
26 240 1
27 240 1
28 240 1
29 240 1
30 240 1
31 241 1
32 241 1
33 241 1
34 241 1
35 240 1
36 240 1
37 240 1
38 240 1
39 240 1
40 240 1
41 240 1
42 240 1
43 240 1
44 240 1
45 239 1
46 239 1
47 239 1
48 239 1
49 239 1
50 239 1
51 239 1
52 239 1
53 239 1
54 239 1
55 238 1
56 238 1
57 238 1
58 238 1
59 238 1
60 238 1
61 238 1
62 238 1
63 238 1
64 238 1
65 238 1
66 238 1
67 238 1
68 238 1
69 238 1
70 238 1
71 238 1
72 239 1
73 240 1
74 240 1
75 239 1
76 239 1
77 239 1
78 239 1
79 239 1
80 238 1
.PEN_UP
.PEN_DOWN
72 241 1
71 242 1
70 243 1
69 243 1
68 243 1
67 243 1
66 243 1
65 244 1
64 244 1
63 245 1
62 246 1
61 246 1
60 246 1
59 247 1
58 247 1
57 247 1
56 248 1
55 248 1
54 248 1
53 249 1
52 249 1
51 249 1
50 250 1
49 250 1
48 250 1
47 251 1
46 251 1
45 252 1
44 252 1
43 253 1
42 254 1
41 255 1
42 258 1
43 258 1
44 259 1
45 259 1
46 259 1
47 259 1
48 259 1
49 259 1
50 260 1
51 260 1
52 260 1
53 260 1
54 260 1
55 260 1
56 260 1
57 260 1
58 260 1
59 260 1
60 261 1
61 261 1
62 261 1
63 261 1
64 261 1
65 261 1
66 262 1
67 262 1
68 262 1
69 262 1
70 262 1
71 262 1
72 263 1
73 263 1
74 263 1
75 263 1
76 264 1
77 264 1
78 264 1
79 264 1
.PEN_UP
