.PEN_DOWN
1 10 1
1 9 1
2 8 1
3 7 1
4 7 1
5 6 1
6 5 1
7 5 1
8 4 1
9 4 1
10 4 1
11 4 1
12 6 1
12 7 1
12 8 1
13 9 1
13 10 1
14 11 1
15 12 1
14 13 1
14 14 1
14 15 1
13 16 1
13 17 1
12 18 1
11 18 1
10 19 1
9 19 1
8 20 1
7 20 1
6 20 1
5 21 1
5 22 1
5 23 1
5 24 1
6 25 1
6 26 1
6 27 1
6 28 1
6 29 1
7 30 1
9 30 1
10 29 1
11 29 1
12 29 1
13 29 1
14 28 1
15 28 1
16 29 1
16 30 1
16 31 1
16 32 1
16 33 1
15 34 1
15 35 1
14 36 1
14 37 1
14 38 1
14 39 1
14 42 1
14 43 1
14 44 1
14 45 1
14 46 1
14 47 1
14 48 1
13 49 1
13 50 1
12 51 1
12 52 1
11 53 1
11 54 1
11 55 1
10 56 1
10 57 1
9 58 1
9 59 1
9 60 1
8 61 1
8 62 1
8 63 1
8 64 1
8 65 1
8 66 1
9 67 1
10 68 1
11 68 1
12 68 1
13 68 1
14 68 1
15 67 1
16 66 1
17 66 1
18 66 1
19 65 1
19 64 1
20 63 1
19 62 1
19 61 1
19 60 1
.PEN_UP
.PEN_DOWN
13 40 1
12 40 1
11 40 1
10 41 1
9 41 1
7 40 1
6 40 1
5 40 1
4 39 1
4 37 1
5 36 1
5 35 1
6 34 1
6 33 1
7 32 1
7 31 1
.PEN_UP
