.PEN_DOWN
39 38 1
40 38 1
41 39 1
42 40 1
43 40 1
44 41 1
45 42 1
46 43 1
47 44 1
46 46 1
45 47 1
44 48 1
43 49 1
42 50 1
41 51 1
40 52 1
39 53 1
38 54 1
37 55 1
36 56 1
35 57 1
34 58 1
33 59 1
32 60 1
31 61 1
31 62 1
31 63 1
.PEN_UP
.PEN_DOWN
49 44 1
50 44 1
52 42 1
53 41 1
54 40 1
55 39 1
56 38 1
57 37 1
58 36 1
59 36 1
60 35 1
61 34 1
62 33 1
63 32 1
64 31 1
65 31 1
66 30 1
67 30 1
68 30 1
69 29 1
70 29 1
71 29 1
72 29 1
.PEN_UP
.PEN_DOWN
63 30 1
63 29 1
63 28 1
63 27 1
63 26 1
63 25 1
63 24 1
63 23 1
63 22 1
63 21 1
63 20 1
64 19 1
64 18 1
64 17 1
64 16 1
64 15 1
63 14 1
63 13 1
63 12 1
63 11 1
63 10 1
62 9 1
62 8 1
61 7 1
60 6 1
60 5 1
59 4 1
58 3 1
57 2 1
56 2 1
55 2 1
54 1 1
53 1 1
52 1 1
51 1 1
50 1 1
49 1 1
48 2 1
47 2 1
46 2 1
45 3 1
44 3 1
43 4 1
40 5 1
39 5 1
38 5 1
37 5 1
36 5 1
35 6 1
34 7 1
33 7 1
32 8 1
31 9 1
30 10 1
29 11 1
28 12 1
27 13 1
27 14 1
26 15 1
25 16 1
25 17 1
25 18 1
25 19 1
26 20 1
27 20 1
28 21 1
29 21 1
30 21 1
31 20 1
32 20 1
33 20 1
34 20 1
35 19 1
36 18 1
36 17 1
37 16 1
38 15 1
39 14 1
39 13 1
40 12 1
40 11 1
41 10 1
41 9 1
42 8 1
42 7 1
42 6 1
42 5 1
.PEN_UP
.PEN_DOWN
51 43 1
52 46 1
53 47 1
54 48 1
55 49 1
56 50 1
57 51 1
58 52 1
59 53 1
60 54 1
61 54 1
62 55 1
63 56 1
64 57 1
65 58 1
65 59 1
66 60 1
67 61 1
68 62 1
68 63 1
68 64 1
69 65 1
69 66 1
69 67 1
70 68 1
.PEN_UP
.PEN_DOWN
42 72 1
41 73 1
41 74 1
41 75 1
41 76 1
41 77 1
41 78 1
41 79 1
41 80 1
41 81 1
41 82 1
41 83 1
41 84 1
40 85 1
40 86 1
40 87 1
40 88 1
40 89 1
40 90 1
39 91 1
38 91 1
37 91 1
36 91 1
35 91 1
34 91 1
33 91 1
32 91 1
31 91 1
30 91 1
29 91 1
28 91 1
27 91 1
26 91 1
25 91 1
24 91 1
23 91 1
22 91 1
21 91 1
20 90 1
19 90 1
18 90 1
17 90 1
16 90 1
15 90 1
14 90 1
13 90 1
12 90 1
11 89 1
10 89 1
9 89 1
8 89 1
7 89 1
6 89 1
5 89 1
4 89 1
3 89 1
2 89 1
1 89 1
.PEN_UP
.PEN_DOWN
40 92 1
42 92 1
43 92 1
44 92 1
45 92 1
46 92 1
47 92 1
48 92 1
49 92 1
50 92 1
51 92 1
52 92 1
53 92 1
54 92 1
55 92 1
56 92 1
57 92 1
58 92 1
59 93 1
60 93 1
61 93 1
62 93 1
63 93 1
64 94 1
65 94 1
66 94 1
67 94 1
68 95 1
69 95 1
70 95 1
71 95 1
72 96 1
73 96 1
74 97 1
75 97 1
76 98 1
.PEN_UP
.PEN_DOWN
41 92 1
40 94 1
40 95 1
39 96 1
39 97 1
39 98 1
39 99 1
39 100 1
39 101 1
39 102 1
39 103 1
39 104 1
39 105 1
38 106 1
38 107 1
38 108 1
37 109 1
37 110 1
37 111 1
37 112 1
37 113 1
37 114 1
.PEN_UP
.PEN_DOWN
42 124 1
43 124 1
44 125 1
46 125 1
47 124 1
48 124 1
49 124 1
50 124 1
51 124 1
52 124 1
53 124 1
54 124 1
55 124 1
56 124 1
57 124 1
58 124 1
59 124 1
60 124 1
61 124 1
62 124 1
63 124 1
64 124 1
65 125 1
66 125 1
67 125 1
68 125 1
69 125 1
70 125 1
.PEN_UP
.PEN_DOWN
45 125 1
44 127 1
43 128 1
43 129 1
42 130 1
42 131 1
41 132 1
41 133 1
41 134 1
40 135 1
39 136 1
39 137 1
39 138 1
38 139 1
38 140 1
38 141 1
37 142 1
37 143 1
36 144 1
36 145 1
36 146 1
36 147 1
36 148 1
36 149 1
36 150 1
36 151 1
36 152 1
37 153 1
39 153 1
40 152 1
41 152 1
42 152 1
43 152 1
44 151 1
45 150 1
46 150 1
47 150 1
48 150 1
49 149 1
50 149 1
51 149 1
52 149 1
53 149 1
54 148 1
55 148 1
56 148 1
57 148 1
58 148 1
59 148 1
60 149 1
61 149 1
62 149 1
63 150 1
64 150 1
65 150 1
66 151 1
67 152 1
68 153 1
68 154 1
69 155 1
69 156 1
70 157 1
70 158 1
70 159 1
70 160 1
70 161 1
70 162 1
70 163 1
70 164 1
70 165 1
70 166 1
70 167 1
69 168 1
69 169 1
69 170 1
69 171 1
69 172 1
68 173 1
68 174 1
67 175 1
67 176 1
.PEN_UP
.PEN_DOWN
38 153 1
36 155 1
35 156 1
35 157 1
34 158 1
34 159 1
34 160 1
33 161 1
33 162 1
33 163 1
33 164 1
32 165 1
32 166 1
31 167 1
32 168 1
32 169 1
.PEN_UP
.PEN_DOWN
38 187 1
39 186 1
40 186 1
41 186 1
42 186 1
43 186 1
44 186 1
45 186 1
46 186 1
47 186 1
48 186 1
49 186 1
50 186 1
51 186 1
52 186 1
53 185 1
54 185 1
55 185 1
56 185 1
57 185 1
58 185 1
59 185 1
60 185 1
61 185 1
62 185 1
63 186 1
64 186 1
65 186 1
66 187 1
67 188 1
66 189 1
66 190 1
65 191 1
65 192 1
64 193 1
63 194 1
62 194 1
61 195 1
60 195 1
59 196 1
58 196 1
57 197 1
56 198 1
55 198 1
54 198 1
53 199 1
52 199 1
51 200 1
50 201 1
49 202 1
48 202 1
47 203 1
46 204 1
45 205 1
45 206 1
44 207 1
43 208 1
43 209 1
42 210 1
42 211 1
43 212 1
44 213 1
45 214 1
46 215 1
47 216 1
48 216 1
49 216 1
50 216 1
51 217 1
52 217 1
53 218 1
54 218 1
55 219 1
57 219 1
58 219 1
59 219 1
60 219 1
61 219 1
62 218 1
63 218 1
64 218 1
65 218 1
66 218 1
67 217 1
68 217 1
69 217 1
70 217 1
.PEN_UP
.PEN_DOWN
56 219 1
54 221 1
53 222 1
53 223 1
52 224 1
51 225 1
50 226 1
50 227 1
49 228 1
49 229 1
49 230 1
48 231 1
48 232 1
48 233 1
48 234 1
48 235 1
48 236 1
48 237 1
49 238 1
49 239 1
50 240 1
51 241 1
52 242 1
53 243 1
54 243 1
55 244 1
56 244 1
57 244 1
58 244 1
59 244 1
60 244 1
61 244 1
62 243 1
63 243 1
64 242 1
65 242 1
66 242 1
67 241 1
68 240 1
69 240 1
70 240 1
71 239 1
.PEN_UP
.PEN_DOWN
39 272 1
40 271 1
41 270 1
42 269 1
43 268 1
44 267 1
45 267 1
46 266 1
47 265 1
48 264 1
49 264 1
50 263 1
51 263 1
52 262 1
53 262 1
54 261 1
55 261 1
56 261 1
57 261 1
58 261 1
59 260 1
60 260 1
61 260 1
62 260 1
63 260 1
64 260 1
65 260 1
66 260 1
67 260 1
68 261 1
69 261 1
70 261 1
71 261 1
72 262 1
73 263 1
74 263 1
75 264 1
76 265 1
77 266 1
77 267 1
78 268 1
79 269 1
79 270 1
79 271 1
79 272 1
79 273 1
79 274 1
79 275 1
79 276 1
79 277 1
79 278 1
79 279 1
79 280 1
79 281 1
79 282 1
79 283 1
79 284 1
78 285 1
78 286 1
78 287 1
78 288 1
77 289 1
77 290 1
76 291 1
75 292 1
74 293 1
73 294 1
72 295 1
71 295 1
.PEN_UP
