.PEN_DOWN
63 74 1
62 74 1
61 73 1
60 73 1
59 73 1
58 73 1
57 73 1
56 73 1
55 73 1
54 73 1
53 73 1
52 73 1
51 73 1
50 73 1
49 73 1
48 73 1
47 73 1
46 73 1
45 72 1
44 72 1
43 72 1
42 72 1
41 72 1
38 72 1
37 72 1
36 72 1
35 72 1
34 72 1
33 72 1
32 72 1
31 72 1
30 72 1
29 72 1
28 72 1
27 73 1
26 72 1
25 72 1
24 72 1
23 72 1
22 73 1
21 73 1
20 73 1
19 73 1
18 72 1
17 72 1
16 72 1
15 71 1
14 71 1
13 70 1
12 69 1
11 68 1
10 67 1
9 66 1
8 65 1
8 64 1
7 63 1
7 62 1
6 61 1
5 60 1
4 59 1
4 58 1
3 57 1
3 56 1
3 55 1
2 54 1
2 53 1
2 52 1
2 51 1
2 50 1
2 49 1
2 48 1
2 47 1
1 46 1
1 45 1
1 44 1
1 43 1
1 42 1
1 41 1
1 40 1
1 39 1
1 38 1
2 37 1
2 36 1
2 35 1
3 34 1
3 33 1
4 32 1
4 31 1
5 30 1
6 29 1
7 28 1
7 27 1
8 26 1
9 25 1
10 24 1
11 23 1
12 22 1
12 21 1
13 20 1
14 19 1
15 18 1
16 17 1
17 17 1
18 16 1
19 15 1
20 15 1
21 14 1
22 13 1
23 12 1
24 12 1
25 11 1
26 11 1
27 10 1
28 10 1
29 9 1
30 9 1
31 8 1
32 8 1
33 7 1
34 6 1
35 6 1
36 6 1
37 6 1
38 5 1
39 4 1
40 4 1
41 4 1
42 3 1
43 3 1
44 3 1
45 2 1
46 2 1
47 2 1
48 2 1
49 2 1
50 2 1
51 1 1
52 1 1
53 1 1
54 1 1
55 1 1
56 1 1
57 2 1
58 2 1
59 2 1
60 2 1
61 3 1
62 3 1
63 3 1
64 4 1
64 5 1
65 6 1
66 7 1
66 8 1
67 9 1
67 10 1
68 11 1
68 12 1
68 13 1
68 14 1
69 15 1
69 16 1
69 17 1
69 18 1
69 19 1
69 20 1
69 21 1
69 22 1
69 23 1
69 24 1
69 25 1
69 26 1
68 27 1
68 28 1
68 29 1
67 30 1
67 31 1
66 32 1
66 33 1
66 34 1
65 35 1
65 36 1
65 37 1
64 38 1
64 39 1
63 40 1
63 41 1
62 42 1
62 43 1
61 44 1
60 45 1
60 46 1
59 47 1
58 48 1
58 49 1
57 50 1
57 51 1
56 52 1
55 53 1
54 54 1
53 55 1
53 56 1
52 57 1
51 58 1
50 59 1
49 60 1
48 60 1
47 61 1
46 62 1
45 63 1
44 64 1
43 65 1
42 66 1
41 67 1
41 68 1
41 69 1
40 70 1
40 71 1
.PEN_UP
