.PEN_DOWN
3 15 1
4 14 1
5 14 1
6 15 1
7 15 1
8 15 1
9 16 1
10 16 1
11 16 1
12 17 1
13 17 1
14 17 1
15 17 1
16 18 1
17 18 1
18 18 1
19 18 1
20 19 1
21 19 1
22 19 1
23 20 1
24 20 1
25 21 1
26 21 1
27 21 1
28 22 1
29 22 1
30 22 1
31 22 1
32 23 1
33 23 1
34 23 1
37 26 1
38 26 1
39 26 1
40 26 1
41 26 1
42 27 1
43 27 1
44 27 1
45 28 1
46 28 1
47 28 1
48 29 1
49 29 1
50 29 1
51 29 1
52 30 1
53 30 1
54 30 1
55 30 1
56 30 1
.PEN_UP
.PEN_DOWN
35 22 1
35 21 1
35 20 1
35 19 1
35 18 1
35 17 1
35 16 1
35 15 1
35 14 1
35 13 1
35 12 1
35 11 1
35 10 1
35 9 1
35 8 1
35 7 1
36 6 1
36 5 1
36 4 1
36 3 1
36 2 1
37 1 1
.PEN_UP
.PEN_DOWN
35 24 1
35 28 1
34 29 1
34 30 1
34 31 1
34 32 1
34 33 1
34 34 1
33 35 1
33 36 1
33 37 1
.PEN_UP
.PEN_DOWN
1 33 1
2 33 1
3 34 1
4 35 1
5 35 1
6 35 1
7 36 1
8 36 1
9 37 1
10 37 1
11 38 1
12 38 1
13 39 1
14 39 1
15 40 1
16 40 1
17 41 1
18 41 1
19 42 1
20 42 1
21 43 1
22 43 1
23 44 1
24 44 1
25 45 1
26 46 1
27 47 1
29 48 1
30 48 1
31 49 1
32 49 1
33 49 1
34 49 1
35 50 1
36 50 1
37 51 1
38 51 1
39 52 1
40 52 1
41 53 1
42 53 1
43 53 1
44 54 1
45 54 1
46 54 1
47 55 1
48 55 1
49 56 1
50 56 1
.PEN_UP
.PEN_DOWN
27 48 1
26 50 1
25 51 1
24 52 1
23 53 1
22 54 1
21 55 1
20 56 1
19 57 1
19 58 1
19 59 1
19 60 1
18 61 1
18 62 1
18 63 1
18 64 1
18 65 1
18 66 1
18 67 1
19 68 1
19 69 1
20 70 1
21 71 1
22 72 1
23 73 1
24 74 1
25 75 1
26 76 1
27 76 1
28 77 1
29 77 1
30 78 1
31 78 1
32 78 1
33 79 1
34 79 1
35 79 1
36 79 1
37 80 1
38 80 1
39 80 1
40 80 1
41 80 1
42 80 1
43 80 1
44 81 1
45 81 1
46 81 1
47 81 1
48 81 1
49 82 1
50 82 1
51 83 1
52 84 1
53 85 1
53 86 1
54 87 1
55 88 1
55 89 1
55 90 1
55 91 1
55 92 1
55 93 1
55 94 1
55 95 1
54 96 1
53 97 1
53 98 1
52 99 1
52 100 1
51 101 1
50 102 1
49 103 1
48 103 1
47 104 1
46 104 1
44 103 1
43 102 1
43 101 1
43 100 1
42 99 1
41 98 1
40 97 1
40 96 1
39 95 1
38 94 1
37 93 1
36 93 1
35 92 1
34 91 1
33 91 1
32 90 1
31 90 1
30 90 1
29 90 1
28 90 1
27 91 1
26 92 1
25 93 1
24 94 1
24 95 1
24 96 1
23 97 1
23 98 1
23 99 1
23 100 1
23 101 1
24 102 1
24 103 1
25 104 1
26 105 1
27 106 1
28 107 1
29 108 1
30 109 1
31 109 1
32 110 1
33 110 1
34 110 1
35 111 1
36 111 1
37 111 1
38 111 1
39 111 1
40 111 1
41 111 1
42 111 1
43 111 1
44 110 1
45 112 1
46 113 1
46 114 1
46 115 1
46 116 1
46 117 1
46 118 1
46 119 1
46 120 1
46 121 1
46 122 1
46 123 1
46 124 1
46 125 1
46 126 1
46 127 1
46 128 1
46 129 1
46 130 1
47 131 1
47 132 1
47 133 1
46 134 1
46 135 1
46 136 1
46 137 1
45 138 1
45 139 1
45 140 1
.PEN_UP
.PEN_DOWN
45 109 1
45 108 1
45 107 1
45 106 1
45 105 1
.PEN_UP
