.PEN_DOWN
4 1 1
5 1 1
6 1 1
7 1 1
8 1 1
9 1 1
10 1 1
11 1 1
12 1 1
13 1 1
14 1 1
15 1 1
16 1 1
17 1 1
18 1 1
19 1 1
20 1 1
21 1 1
22 1 1
23 1 1
24 1 1
25 1 1
26 1 1
27 1 1
28 1 1
29 1 1
30 1 1
31 1 1
32 1 1
33 1 1
34 1 1
35 1 1
36 1 1
37 1 1
38 1 1
39 1 1
40 1 1
41 2 1
42 2 1
43 2 1
44 2 1
45 2 1
46 2 1
47 3 1
48 3 1
49 3 1
50 3 1
51 3 1
52 4 1
53 4 1
54 4 1
55 5 1
56 5 1
57 5 1
58 5 1
59 6 1
60 6 1
61 6 1
62 7 1
63 7 1
64 8 1
65 8 1
66 9 1
67 9 1
68 10 1
69 10 1
70 10 1
71 11 1
72 11 1
73 12 1
74 12 1
75 13 1
76 13 1
77 14 1
77 15 1
77 16 1
77 17 1
77 18 1
77 19 1
77 20 1
77 21 1
77 22 1
77 23 1
77 24 1
77 25 1
77 26 1
77 27 1
77 28 1
77 29 1
78 30 1
78 31 1
78 32 1
79 33 1
79 34 1
79 35 1
80 36 1
80 37 1
80 38 1
80 39 1
80 40 1
80 41 1
80 42 1
79 43 1
78 44 1
77 45 1
76 46 1
74 47 1
73 47 1
72 47 1
71 47 1
69 49 1
68 50 1
68 51 1
67 52 1
66 52 1
65 53 1
64 53 1
63 54 1
62 54 1
61 54 1
60 55 1
59 55 1
58 56 1
57 56 1
56 56 1
55 57 1
54 57 1
53 57 1
52 58 1
51 58 1
50 58 1
49 59 1
48 59 1
47 59 1
46 59 1
45 59 1
44 58 1
43 57 1
43 56 1
43 55 1
43 54 1
44 53 1
44 52 1
45 51 1
46 50 1
47 50 1
48 49 1
49 48 1
50 48 1
51 48 1
52 47 1
53 47 1
54 47 1
55 46 1
56 46 1
57 46 1
58 45 1
59 45 1
60 45 1
61 44 1
62 44 1
63 44 1
64 44 1
65 44 1
66 44 1
67 44 1
68 45 1
69 46 1
70 47 1
.PEN_UP
.PEN_DOWN
75 47 1
77 49 1
78 50 1
78 51 1
79 52 1
79 53 1
80 54 1
80 55 1
81 56 1
81 57 1
81 58 1
81 59 1
82 60 1
82 61 1
82 62 1
83 63 1
83 64 1
83 65 1
83 66 1
84 67 1
84 68 1
84 69 1
84 70 1
85 71 1
86 72 1
86 73 1
86 74 1
86 75 1
86 76 1
86 77 1
85 78 1
84 79 1
83 81 1
83 82 1
83 83 1
83 84 1
83 85 1
83 86 1
83 87 1
83 88 1
82 89 1
82 90 1
81 91 1
80 92 1
79 93 1
78 93 1
77 94 1
76 94 1
75 95 1
74 96 1
73 96 1
72 97 1
71 97 1
70 98 1
69 98 1
68 98 1
67 98 1
66 99 1
65 100 1
64 101 1
64 102 1
63 103 1
61 103 1
60 102 1
59 102 1
58 102 1
57 101 1
56 101 1
55 100 1
54 100 1
53 100 1
52 100 1
51 100 1
50 100 1
49 100 1
48 100 1
47 99 1
46 98 1
45 97 1
46 96 1
46 95 1
47 94 1
47 93 1
48 92 1
49 91 1
50 90 1
51 90 1
52 89 1
53 88 1
54 87 1
55 86 1
56 86 1
57 85 1
58 85 1
59 85 1
60 84 1
61 84 1
62 83 1
63 83 1
64 82 1
65 82 1
66 82 1
67 81 1
68 81 1
69 81 1
70 80 1
71 80 1
72 80 1
73 80 1
74 79 1
75 79 1
76 79 1
77 79 1
78 79 1
79 79 1
80 79 1
81 79 1
82 79 1
.PEN_UP
.PEN_DOWN
62 103 1
64 105 1
65 106 1
66 107 1
67 107 1
68 107 1
69 108 1
70 108 1
71 108 1
72 109 1
73 109 1
74 110 1
75 111 1
76 112 1
77 113 1
77 114 1
77 115 1
77 116 1
77 117 1
77 118 1
77 119 1
76 120 1
75 121 1
74 122 1
73 122 1
72 123 1
71 124 1
70 124 1
69 125 1
68 125 1
67 126 1
66 126 1
65 127 1
65 128 1
64 129 1
62 130 1
61 130 1
60 130 1
59 130 1
58 130 1
57 131 1
.PEN_UP
.PEN_DOWN
63 130 1
65 132 1
66 133 1
67 133 1
68 133 1
69 134 1
70 134 1
71 135 1
72 135 1
73 136 1
73 137 1
75 138 1
76 138 1
77 138 1
78 138 1
79 139 1
80 139 1
81 139 1
82 140 1
83 141 1
84 142 1
85 143 1
85 144 1
86 145 1
87 146 1
.PEN_UP
.PEN_DOWN
73 138 1
72 140 1
72 141 1
71 142 1
70 143 1
70 144 1
69 145 1
68 146 1
67 147 1
66 148 1
66 149 1
65 150 1
64 151 1
63 152 1
62 153 1
61 154 1
61 155 1
61 156 1
60 157 1
60 158 1
59 159 1
59 160 1
59 161 1
59 162 1
59 163 1
59 164 1
59 165 1
59 166 1
60 168 1
60 169 1
60 170 1
61 171 1
.PEN_UP
.PEN_DOWN
1 47 1
1 48 1
1 49 1
1 50 1
.PEN_UP
