.PEN_DOWN
12 37 1
12 36 1
13 35 1
14 34 1
15 33 1
16 32 1
17 31 1
18 30 1
18 29 1
19 28 1
20 27 1
21 26 1
22 25 1
23 24 1
24 23 1
25 22 1
25 21 1
26 20 1
27 19 1
28 18 1
29 17 1
30 16 1
31 16 1
32 16 1
33 16 1
34 16 1
35 16 1
36 15 1
37 15 1
38 14 1
39 14 1
40 14 1
41 14 1
42 13 1
43 13 1
44 13 1
45 12 1
46 12 1
47 12 1
48 12 1
49 11 1
50 11 1
51 11 1
52 11 1
53 10 1
54 10 1
55 10 1
56 10 1
59 10 1
60 9 1
61 9 1
62 8 1
63 8 1
64 7 1
65 7 1
66 6 1
67 6 1
68 5 1
69 4 1
70 4 1
71 3 1
72 2 1
73 1 1
.PEN_UP
.PEN_DOWN
57 10 1
57 12 1
57 13 1
56 14 1
56 15 1
55 16 1
55 17 1
54 18 1
53 19 1
52 20 1
51 21 1
50 22 1
49 23 1
48 24 1
47 25 1
46 26 1
45 27 1
44 28 1
44 29 1
43 30 1
42 31 1
41 32 1
41 33 1
40 34 1
39 35 1
39 36 1
38 37 1
38 38 1
37 39 1
37 40 1
36 41 1
36 42 1
36 43 1
36 44 1
35 45 1
35 46 1
35 47 1
36 48 1
37 48 1
38 48 1
39 48 1
40 48 1
41 48 1
42 47 1
43 47 1
44 47 1
45 46 1
46 45 1
47 45 1
48 45 1
49 45 1
50 44 1
51 44 1
52 44 1
53 44 1
54 43 1
56 42 1
57 41 1
58 40 1
58 39 1
59 38 1
59 37 1
60 36 1
60 35 1
61 34 1
62 33 1
63 32 1
64 31 1
65 30 1
66 29 1
67 28 1
68 27 1
69 26 1
70 25 1
71 25 1
72 24 1
.PEN_UP
.PEN_DOWN
55 43 1
55 45 1
55 46 1
55 47 1
55 48 1
55 49 1
55 50 1
55 51 1
55 52 1
55 53 1
55 54 1
54 57 1
54 58 1
53 59 1
53 60 1
52 61 1
51 62 1
50 63 1
49 64 1
48 65 1
48 66 1
47 67 1
46 68 1
45 69 1
45 70 1
44 71 1
43 72 1
42 73 1
42 74 1
41 75 1
40 76 1
39 77 1
38 78 1
37 79 1
36 80 1
36 81 1
.PEN_UP
.PEN_DOWN
55 55 1
57 55 1
58 54 1
59 54 1
60 54 1
61 54 1
62 54 1
63 54 1
64 54 1
65 54 1
66 53 1
67 53 1
68 53 1
69 54 1
70 54 1
71 54 1
72 54 1
73 55 1
74 56 1
74 57 1
74 58 1
74 59 1
73 60 1
73 61 1
73 62 1
73 63 1
72 64 1
71 65 1
71 66 1
70 67 1
69 68 1
69 69 1
69 70 1
68 71 1
67 71 1
.PEN_UP
.PEN_DOWN
47 106 1
46 106 1
45 107 1
44 107 1
43 107 1
42 106 1
40 107 1
39 108 1
38 109 1
37 109 1
36 110 1
36 111 1
.PEN_UP
.PEN_DOWN
42 105 1
42 104 1
42 103 1
43 102 1
43 101 1
43 100 1
44 99 1
45 98 1
45 97 1
46 96 1
47 96 1
48 95 1
49 94 1
50 93 1
51 93 1
52 92 1
53 91 1
54 91 1
55 90 1
56 90 1
57 89 1
58 89 1
59 89 1
60 89 1
61 88 1
62 88 1
63 87 1
64 87 1
65 87 1
66 87 1
67 87 1
68 87 1
69 88 1
70 89 1
70 90 1
70 91 1
70 92 1
70 93 1
70 94 1
70 95 1
69 96 1
69 97 1
69 98 1
68 99 1
68 100 1
67 101 1
67 102 1
66 103 1
66 104 1
65 105 1
64 106 1
63 107 1
63 108 1
62 109 1
61 110 1
60 111 1
60 112 1
59 113 1
58 114 1
57 115 1
56 116 1
55 117 1
55 118 1
54 119 1
53 120 1
52 121 1
51 122 1
51 123 1
50 124 1
50 125 1
50 126 1
50 127 1
49 129 1
48 130 1
47 131 1
46 132 1
45 133 1
44 134 1
43 135 1
42 135 1
41 136 1
40 137 1
39 138 1
38 139 1
37 140 1
36 141 1
35 141 1
34 142 1
33 143 1
32 143 1
31 144 1
30 145 1
29 145 1
28 145 1
27 146 1
26 147 1
25 147 1
24 148 1
23 149 1
22 150 1
21 151 1
20 151 1
19 152 1
18 152 1
17 153 1
16 154 1
15 154 1
14 155 1
13 156 1
12 157 1
11 157 1
10 158 1
9 159 1
8 160 1
7 161 1
6 162 1
5 163 1
4 164 1
3 165 1
2 166 1
1 167 1
.PEN_UP
.PEN_DOWN
50 128 1
52 128 1
53 128 1
54 128 1
55 128 1
56 128 1
57 128 1
58 128 1
59 128 1
61 127 1
62 126 1
63 125 1
64 124 1
65 123 1
66 123 1
67 122 1
68 121 1
69 120 1
.PEN_UP
.PEN_DOWN
60 128 1
59 130 1
59 131 1
59 132 1
58 133 1
58 134 1
57 135 1
56 136 1
55 137 1
55 138 1
54 139 1
53 140 1
52 141 1
51 142 1
50 143 1
49 144 1
48 145 1
47 146 1
46 147 1
45 148 1
44 149 1
44 150 1
43 151 1
43 152 1
43 153 1
42 154 1
42 155 1
41 157 1
40 158 1
39 159 1
38 159 1
37 160 1
.PEN_UP
.PEN_DOWN
42 156 1
44 156 1
45 155 1
46 155 1
47 155 1
48 155 1
49 155 1
50 155 1
51 154 1
52 154 1
53 153 1
54 153 1
55 153 1
56 152 1
57 152 1
58 152 1
59 152 1
60 151 1
61 151 1
62 151 1
63 151 1
64 151 1
65 151 1
66 151 1
67 151 1
68 151 1
69 152 1
70 153 1
70 154 1
70 155 1
70 156 1
70 157 1
69 158 1
69 159 1
69 160 1
68 161 1
68 162 1
68 163 1
67 164 1
67 165 1
67 166 1
65 167 1
64 167 1
63 168 1
62 168 1
61 168 1
60 169 1
59 169 1
58 169 1
57 170 1
56 170 1
55 171 1
54 172 1
53 172 1
52 173 1
51 173 1
50 174 1
49 175 1
48 176 1
47 176 1
46 177 1
45 178 1
44 179 1
43 180 1
42 180 1
41 181 1
40 182 1
39 183 1
38 184 1
37 185 1
36 186 1
35 187 1
34 188 1
33 189 1
32 190 1
31 191 1
.PEN_UP
.PEN_DOWN
66 167 1
69 167 1
70 167 1
71 167 1
72 168 1
73 168 1
74 169 1
75 170 1
75 171 1
75 172 1
74 173 1
74 174 1
74 175 1
74 176 1
74 177 1
73 178 1
73 179 1
73 180 1
72 181 1
72 182 1
71 183 1
71 184 1
71 185 1
70 186 1
69 187 1
69 188 1
68 189 1
67 190 1
67 191 1
66 192 1
65 193 1
64 194 1
64 195 1
63 196 1
63 197 1
62 198 1
61 199 1
60 200 1
60 201 1
59 202 1
59 203 1
58 204 1
57 205 1
57 206 1
57 207 1
.PEN_UP
.PEN_DOWN
121 193 1
120 194 1
119 194 1
118 195 1
117 196 1
116 196 1
115 197 1
114 198 1
112 198 1
111 198 1
110 198 1
109 198 1
108 199 1
107 199 1
106 200 1
105 200 1
104 201 1
103 201 1
102 202 1
101 203 1
100 203 1
99 204 1
98 205 1
97 205 1
96 206 1
95 207 1
94 207 1
93 208 1
92 209 1
91 210 1
90 210 1
89 211 1
88 212 1
87 213 1
86 213 1
85 214 1
84 215 1
83 215 1
82 216 1
81 217 1
80 217 1
79 218 1
78 219 1
77 219 1
76 220 1
75 220 1
74 220 1
73 221 1
72 221 1
70 222 1
69 223 1
68 224 1
67 225 1
66 226 1
65 227 1
65 228 1
64 229 1
63 230 1
62 231 1
61 232 1
60 233 1
59 234 1
58 235 1
57 235 1
56 236 1
55 237 1
54 238 1
53 238 1
52 238 1
51 238 1
50 238 1
49 238 1
48 238 1
47 237 1
46 236 1
45 235 1
46 234 1
46 233 1
46 232 1
46 231 1
46 230 1
47 229 1
47 228 1
48 227 1
49 226 1
49 225 1
50 224 1
50 223 1
51 222 1
52 221 1
53 220 1
54 219 1
55 218 1
56 217 1
57 216 1
58 215 1
59 214 1
60 213 1
61 212 1
62 212 1
63 211 1
64 211 1
65 211 1
66 211 1
67 211 1
68 211 1
69 211 1
70 212 1
71 213 1
71 214 1
71 215 1
71 216 1
71 217 1
71 218 1
71 219 1
71 220 1
.PEN_UP
.PEN_DOWN
113 198 1
113 200 1
113 201 1
113 202 1
112 203 1
112 204 1
111 205 1
110 206 1
109 207 1
108 207 1
107 208 1
106 209 1
105 210 1
104 211 1
103 212 1
102 213 1
101 214 1
100 215 1
99 216 1
98 217 1
97 218 1
96 219 1
95 220 1
94 221 1
93 222 1
92 223 1
91 224 1
90 225 1
89 226 1
88 227 1
87 228 1
86 229 1
85 230 1
84 231 1
83 232 1
82 233 1
81 234 1
80 235 1
79 236 1
78 237 1
77 238 1
76 239 1
75 240 1
74 241 1
73 242 1
72 243 1
71 244 1
70 245 1
70 246 1
69 247 1
69 248 1
69 249 1
68 250 1
68 251 1
67 254 1
66 254 1
65 255 1
64 256 1
63 257 1
62 257 1
61 258 1
60 259 1
59 260 1
58 261 1
57 262 1
56 263 1
55 264 1
54 265 1
53 265 1
52 266 1
51 267 1
50 268 1
49 269 1
48 270 1
47 271 1
46 272 1
45 272 1
44 273 1
43 274 1
42 275 1
42 276 1
41 277 1
40 278 1
39 279 1
38 280 1
.PEN_UP
.PEN_DOWN
68 252 1
70 252 1
71 252 1
72 251 1
73 251 1
74 251 1
75 251 1
76 250 1
77 249 1
78 249 1
79 248 1
80 248 1
81 248 1
82 248 1
83 248 1
84 247 1
85 247 1
86 248 1
86 249 1
86 250 1
85 251 1
85 252 1
85 253 1
84 254 1
84 255 1
83 256 1
83 257 1
82 258 1
81 259 1
80 260 1
79 261 1
79 262 1
78 263 1
77 264 1
76 265 1
75 266 1
74 267 1
74 268 1
73 269 1
72 270 1
71 271 1
70 272 1
69 273 1
69 274 1
68 275 1
67 276 1
66 277 1
65 278 1
64 279 1
64 280 1
63 281 1
62 282 1
61 283 1
60 284 1
59 285 1
59 286 1
59 287 1
58 288 1
58 289 1
58 290 1
57 292 1
56 293 1
55 293 1
54 294 1
53 295 1
52 296 1
51 297 1
50 298 1
49 299 1
48 300 1
47 301 1
46 302 1
45 303 1
44 304 1
43 305 1
42 306 1
41 307 1
40 307 1
.PEN_UP
.PEN_DOWN
58 291 1
60 291 1
61 291 1
62 291 1
63 290 1
64 290 1
65 290 1
66 290 1
67 290 1
68 289 1
69 289 1
70 288 1
71 288 1
72 288 1
73 288 1
74 288 1
75 288 1
76 288 1
77 288 1
78 288 1
79 288 1
80 288 1
81 288 1
82 288 1
83 289 1
84 290 1
84 291 1
84 292 1
84 293 1
83 294 1
83 295 1
83 296 1
82 297 1
81 298 1
81 299 1
80 300 1
80 301 1
.PEN_UP
.PEN_DOWN
44 340 1
45 339 1
46 338 1
47 337 1
49 336 1
50 336 1
51 335 1
52 335 1
53 334 1
54 334 1
55 333 1
56 332 1
56 331 1
57 330 1
57 329 1
57 328 1
58 327 1
58 326 1
58 325 1
59 323 1
60 322 1
61 321 1
61 320 1
62 319 1
63 318 1
64 318 1
65 317 1
66 316 1
67 315 1
68 315 1
69 315 1
70 315 1
71 315 1
72 316 1
73 316 1
74 316 1
75 316 1
76 316 1
77 317 1
78 318 1
79 319 1
79 320 1
79 321 1
79 322 1
79 323 1
79 324 1
79 325 1
78 326 1
78 327 1
78 328 1
78 329 1
77 330 1
77 331 1
76 332 1
75 333 1
75 334 1
75 335 1
74 336 1
73 337 1
72 338 1
71 339 1
70 340 1
69 341 1
69 342 1
68 343 1
68 344 1
67 345 1
67 346 1
67 347 1
67 348 1
67 349 1
68 350 1
67 351 1
66 352 1
65 352 1
64 352 1
63 353 1
62 353 1
61 353 1
60 354 1
59 355 1
58 355 1
57 356 1
56 356 1
55 357 1
54 358 1
53 358 1
52 358 1
51 359 1
50 360 1
49 360 1
48 361 1
47 362 1
46 363 1
45 364 1
44 364 1
43 365 1
.PEN_UP
.PEN_DOWN
69 350 1
70 350 1
73 350 1
74 349 1
75 349 1
76 348 1
77 348 1
78 347 1
.PEN_UP
.PEN_DOWN
71 350 1
71 352 1
70 353 1
70 354 1
70 355 1
69 356 1
69 357 1
69 358 1
68 359 1
68 360 1
67 361 1
66 362 1
65 363 1
64 364 1
63 365 1
62 366 1
61 367 1
60 368 1
59 369 1
59 370 1
58 371 1
57 372 1
56 373 1
55 374 1
55 375 1
54 376 1
53 377 1
53 378 1
52 379 1
51 380 1
51 381 1
50 382 1
50 383 1
49 384 1
48 385 1
48 386 1
47 387 1
.PEN_UP
.PEN_DOWN
57 324 1
56 325 1
55 325 1
54 325 1
53 325 1
52 326 1
51 326 1
50 327 1
49 328 1
49 329 1
49 330 1
48 331 1
48 332 1
48 333 1
47 334 1
47 335 1
.PEN_UP
