.PEN_DOWN
57 75 1
57 76 1
57 77 1
56 78 1
56 79 1
54 80 1
53 80 1
52 80 1
51 80 1
50 80 1
49 80 1
48 81 1
47 83 1
46 84 1
45 85 1
44 85 1
43 86 1
42 86 1
41 86 1
40 86 1
39 86 1
38 87 1
37 87 1
36 87 1
35 87 1
34 88 1
33 88 1
32 88 1
31 88 1
30 88 1
29 89 1
28 89 1
27 89 1
26 89 1
25 89 1
24 90 1
23 90 1
22 90 1
21 90 1
20 90 1
19 90 1
18 90 1
17 90 1
16 90 1
15 90 1
14 90 1
13 90 1
12 90 1
11 90 1
10 90 1
9 89 1
8 89 1
7 89 1
6 89 1
5 88 1
4 88 1
3 87 1
2 87 1
1 86 1
1 85 1
1 84 1
1 83 1
2 82 1
3 82 1
4 82 1
5 81 1
6 81 1
7 80 1
8 80 1
9 80 1
10 80 1
11 80 1
12 79 1
13 79 1
14 79 1
15 79 1
16 79 1
17 79 1
18 79 1
19 79 1
20 79 1
21 79 1
22 79 1
23 79 1
24 79 1
25 78 1
26 78 1
27 78 1
28 78 1
29 78 1
30 78 1
31 78 1
32 78 1
33 78 1
34 78 1
35 78 1
36 78 1
37 78 1
38 78 1
39 78 1
40 78 1
41 79 1
42 79 1
43 79 1
44 79 1
45 79 1
46 79 1
47 80 1
.PEN_UP
.PEN_DOWN
55 80 1
57 81 1
58 81 1
59 82 1
60 82 1
61 83 1
62 84 1
63 85 1
64 86 1
64 87 1
64 88 1
64 89 1
64 90 1
64 91 1
64 92 1
64 93 1
64 94 1
64 95 1
64 96 1
64 97 1
64 98 1
.PEN_UP
.PEN_DOWN
103 12 1
102 12 1
101 12 1
100 12 1
99 11 1
98 11 1
97 11 1
96 10 1
95 10 1
94 9 1
93 9 1
92 9 1
91 8 1
90 8 1
89 8 1
88 8 1
87 8 1
86 7 1
84 5 1
83 4 1
82 3 1
81 3 1
80 3 1
79 3 1
78 3 1
76 2 1
75 2 1
74 2 1
73 2 1
71 1 1
70 1 1
69 1 1
68 1 1
67 2 1
64 3 1
63 3 1
62 2 1
61 2 1
60 2 1
59 2 1
58 2 1
57 2 1
56 2 1
55 1 1
54 1 1
53 1 1
52 1 1
51 1 1
50 1 1
49 1 1
48 1 1
47 1 1
46 1 1
45 1 1
44 1 1
43 1 1
42 1 1
41 1 1
40 2 1
39 2 1
38 2 1
37 2 1
36 2 1
35 2 1
34 2 1
33 2 1
32 2 1
31 3 1
31 4 1
31 5 1
30 6 1
30 7 1
31 8 1
31 9 1
32 10 1
33 11 1
34 12 1
35 13 1
36 14 1
37 15 1
38 16 1
39 16 1
40 17 1
41 17 1
42 17 1
43 18 1
44 18 1
45 18 1
46 19 1
47 19 1
48 19 1
49 19 1
50 19 1
51 19 1
52 19 1
53 19 1
54 19 1
55 19 1
56 19 1
57 18 1
58 17 1
59 17 1
60 17 1
61 17 1
62 16 1
63 16 1
64 15 1
65 15 1
66 14 1
67 13 1
68 13 1
69 12 1
70 11 1
70 10 1
70 9 1
71 8 1
74 7 1
75 7 1
76 7 1
78 8 1
79 8 1
80 8 1
81 8 1
82 8 1
83 8 1
84 8 1
85 7 1
.PEN_UP
.PEN_DOWN
71 7 1
69 6 1
68 6 1
67 5 1
67 4 1
66 3 1
.PEN_UP
.PEN_DOWN
4 111 1
5 111 1
6 111 1
7 112 1
8 112 1
9 112 1
.PEN_UP
.PEN_DOWN
41 117 1
42 117 1
43 117 1
44 117 1
45 117 1
46 117 1
47 117 1
48 118 1
49 118 1
50 118 1
51 118 1
52 118 1
53 119 1
54 119 1
55 119 1
56 119 1
57 120 1
58 120 1
59 120 1
60 120 1
61 121 1
62 121 1
63 121 1
64 121 1
65 122 1
66 122 1
67 122 1
68 122 1
.PEN_UP
.PEN_DOWN
40 146 1
40 145 1
40 144 1
40 143 1
40 142 1
41 141 1
42 140 1
43 139 1
44 138 1
45 138 1
46 137 1
47 137 1
48 136 1
49 136 1
50 136 1
51 135 1
52 135 1
53 135 1
54 135 1
55 135 1
56 135 1
57 135 1
58 136 1
59 137 1
60 138 1
61 139 1
62 140 1
63 141 1
63 142 1
64 143 1
64 144 1
64 145 1
64 146 1
64 147 1
64 148 1
64 149 1
64 150 1
64 151 1
63 152 1
.PEN_UP
.PEN_DOWN
60 183 1
61 182 1
61 181 1
61 180 1
61 179 1
61 178 1
61 177 1
61 176 1
61 175 1
61 174 1
60 173 1
60 172 1
60 171 1
60 170 1
60 169 1
59 168 1
58 167 1
57 166 1
56 165 1
55 164 1
54 164 1
53 164 1
52 164 1
50 163 1
49 163 1
48 163 1
47 164 1
46 164 1
45 164 1
44 164 1
43 165 1
42 165 1
41 166 1
40 167 1
39 168 1
38 169 1
37 170 1
36 171 1
36 172 1
35 173 1
35 174 1
35 175 1
35 176 1
35 177 1
35 178 1
35 179 1
36 180 1
37 181 1
38 182 1
39 182 1
40 183 1
41 182 1
42 182 1
43 182 1
44 182 1
45 182 1
46 181 1
47 180 1
48 179 1
49 178 1
49 177 1
50 176 1
50 175 1
51 174 1
51 173 1
51 172 1
51 171 1
51 170 1
51 169 1
51 168 1
51 167 1
51 166 1
51 165 1
.PEN_UP
