.PEN_DOWN
34 33 1
33 32 1
32 31 1
31 30 1
30 29 1
30 28 1
30 27 1
29 26 1
29 25 1
29 24 1
29 23 1
30 22 1
30 21 1
31 20 1
31 19 1
31 18 1
32 17 1
32 16 1
32 15 1
33 14 1
33 13 1
34 12 1
35 11 1
36 10 1
37 10 1
38 10 1
39 10 1
40 10 1
41 10 1
42 11 1
43 12 1
43 13 1
44 14 1
44 15 1
45 16 1
46 17 1
47 18 1
48 19 1
49 20 1
50 20 1
51 20 1
52 20 1
53 20 1
54 20 1
55 20 1
56 19 1
56 18 1
57 17 1
58 16 1
58 15 1
59 14 1
59 13 1
60 12 1
60 11 1
60 10 1
60 9 1
60 8 1
61 7 1
62 4 1
63 3 1
63 2 1
63 1 1
.PEN_UP
.PEN_DOWN
60 6 1
59 6 1
58 6 1
57 7 1
.PEN_UP
.PEN_DOWN
1 71 1
1 70 1
2 69 1
3 68 1
4 67 1
5 67 1
6 66 1
7 65 1
8 64 1
9 64 1
10 63 1
11 63 1
12 62 1
13 61 1
14 61 1
15 61 1
16 60 1
17 59 1
18 59 1
19 59 1
20 58 1
21 58 1
22 58 1
23 58 1
24 58 1
25 57 1
26 57 1
29 55 1
29 54 1
30 53 1
31 52 1
32 51 1
33 51 1
34 50 1
35 49 1
36 48 1
37 48 1
38 48 1
39 48 1
40 47 1
41 47 1
42 47 1
43 48 1
44 48 1
45 48 1
46 48 1
47 48 1
48 48 1
49 48 1
50 48 1
51 48 1
52 48 1
53 48 1
54 48 1
56 47 1
57 47 1
58 47 1
59 47 1
60 47 1
61 47 1
62 47 1
63 47 1
64 47 1
65 47 1
66 48 1
.PEN_UP
.PEN_DOWN
55 48 1
55 50 1
55 51 1
55 52 1
55 53 1
55 54 1
55 55 1
55 56 1
55 57 1
55 58 1
55 59 1
54 60 1
54 61 1
54 62 1
54 63 1
54 64 1
54 65 1
53 66 1
53 67 1
52 68 1
52 69 1
52 70 1
51 71 1
51 72 1
51 73 1
51 74 1
50 75 1
50 76 1
50 77 1
46 80 1
46 81 1
46 82 1
46 83 1
45 84 1
45 85 1
45 86 1
44 87 1
44 88 1
43 89 1
42 90 1
41 91 1
40 92 1
40 93 1
40 94 1
39 95 1
38 95 1
37 95 1
36 96 1
35 96 1
34 97 1
33 97 1
32 97 1
31 97 1
30 97 1
29 96 1
28 95 1
27 94 1
27 93 1
27 92 1
27 91 1
27 90 1
28 89 1
28 88 1
28 87 1
29 86 1
29 85 1
29 84 1
30 83 1
31 82 1
32 82 1
33 82 1
34 81 1
35 80 1
36 80 1
37 80 1
38 80 1
39 79 1
40 79 1
41 79 1
42 79 1
43 78 1
44 78 1
45 78 1
46 78 1
.PEN_UP
.PEN_DOWN
47 78 1
51 79 1
52 80 1
53 80 1
54 81 1
55 82 1
55 83 1
56 84 1
57 85 1
57 86 1
57 87 1
57 88 1
56 89 1
56 90 1
56 91 1
56 92 1
55 93 1
54 94 1
53 95 1
52 96 1
51 97 1
50 98 1
49 99 1
48 100 1
48 101 1
48 102 1
48 103 1
48 104 1
48 105 1
47 107 1
46 108 1
45 108 1
44 109 1
43 109 1
42 109 1
41 110 1
40 110 1
39 111 1
38 111 1
37 112 1
36 113 1
35 113 1
34 114 1
33 114 1
32 115 1
31 116 1
30 117 1
30 118 1
29 119 1
29 120 1
28 121 1
27 122 1
26 123 1
25 124 1
24 125 1
23 126 1
23 127 1
23 128 1
23 129 1
23 130 1
.PEN_UP
.PEN_DOWN
48 106 1
50 106 1
51 106 1
52 107 1
53 107 1
.PEN_UP
.PEN_DOWN
29 82 1
28 81 1
27 80 1
26 79 1
26 78 1
26 77 1
26 76 1
26 75 1
26 74 1
26 73 1
26 72 1
26 71 1
26 70 1
26 69 1
26 68 1
26 67 1
26 66 1
26 65 1
26 64 1
27 63 1
27 62 1
27 61 1
27 60 1
27 59 1
27 58 1
.PEN_UP
.PEN_DOWN
56 115 1
56 116 1
55 117 1
54 118 1
53 119 1
52 120 1
51 121 1
50 122 1
49 123 1
48 124 1
47 125 1
46 126 1
45 127 1
44 128 1
43 129 1
42 130 1
41 130 1
40 131 1
39 132 1
38 133 1
37 134 1
37 135 1
36 136 1
36 137 1
35 138 1
35 139 1
35 140 1
33 141 1
32 142 1
31 142 1
30 143 1
29 143 1
.PEN_UP
.PEN_DOWN
34 141 1
37 141 1
38 141 1
39 141 1
40 141 1
41 140 1
42 140 1
43 140 1
44 140 1
45 139 1
46 139 1
47 139 1
48 139 1
49 138 1
50 138 1
51 138 1
52 138 1
53 139 1
53 140 1
53 141 1
52 142 1
52 143 1
52 144 1
51 145 1
51 146 1
50 147 1
49 148 1
48 149 1
47 150 1
46 151 1
45 152 1
44 153 1
43 153 1
42 154 1
41 155 1
40 156 1
39 157 1
38 157 1
37 158 1
36 159 1
36 160 1
35 161 1
35 162 1
35 163 1
35 164 1
34 165 1
34 166 1
35 167 1
36 167 1
37 167 1
38 167 1
39 167 1
40 166 1
41 166 1
42 166 1
43 165 1
44 165 1
45 165 1
46 164 1
47 164 1
48 164 1
49 164 1
50 164 1
51 163 1
52 163 1
53 162 1
54 161 1
55 160 1
56 160 1
57 160 1
.PEN_UP
