.PEN_DOWN
1 73 1
2 72 1
3 72 1
4 72 1
5 71 1
6 71 1
7 70 1
8 70 1
9 69 1
10 69 1
11 69 1
12 68 1
13 68 1
14 67 1
15 67 1
16 66 1
17 66 1
18 65 1
19 65 1
20 64 1
21 64 1
22 64 1
23 63 1
24 63 1
25 62 1
26 62 1
27 62 1
28 62 1
29 61 1
30 61 1
31 61 1
32 60 1
33 60 1
34 60 1
35 60 1
36 59 1
37 59 1
38 59 1
39 59 1
40 58 1
41 58 1
42 58 1
43 58 1
44 57 1
45 57 1
46 57 1
47 57 1
48 57 1
49 57 1
50 58 1
51 58 1
.PEN_UP
.PEN_DOWN
81 1 1
80 1 1
79 2 1
78 3 1
77 3 1
76 3 1
75 4 1
74 4 1
73 5 1
72 5 1
71 5 1
70 6 1
69 6 1
68 7 1
67 7 1
66 7 1
65 7 1
64 8 1
63 8 1
62 9 1
61 9 1
60 10 1
59 10 1
58 10 1
57 11 1
56 11 1
55 11 1
54 12 1
53 12 1
52 12 1
.PEN_UP
.PEN_DOWN
48 15 1
47 16 1
45 17 1
44 17 1
43 17 1
42 18 1
41 18 1
40 18 1
39 19 1
38 19 1
37 20 1
36 21 1
35 22 1
34 23 1
33 24 1
33 25 1
33 26 1
32 27 1
31 28 1
31 29 1
30 30 1
30 31 1
30 32 1
30 33 1
30 34 1
30 35 1
31 36 1
32 37 1
33 37 1
34 37 1
35 37 1
36 37 1
37 36 1
38 36 1
39 35 1
40 35 1
41 34 1
42 33 1
43 32 1
44 31 1
44 30 1
45 29 1
46 28 1
46 27 1
47 26 1
47 25 1
47 24 1
48 23 1
48 22 1
48 21 1
48 20 1
48 19 1
48 18 1
47 17 1
.PEN_UP
.PEN_DOWN
33 81 1
32 80 1
32 79 1
32 78 1
31 77 1
32 76 1
32 75 1
33 74 1
34 73 1
35 72 1
36 71 1
37 71 1
38 70 1
39 69 1
40 69 1
41 69 1
42 68 1
43 68 1
44 68 1
45 69 1
46 69 1
47 69 1
48 70 1
49 71 1
49 72 1
49 73 1
49 74 1
49 75 1
48 76 1
48 77 1
48 78 1
47 79 1
46 80 1
46 81 1
45 82 1
44 83 1
44 84 1
43 85 1
42 86 1
42 87 1
42 88 1
42 89 1
41 90 1
41 91 1
43 92 1
44 93 1
45 93 1
46 93 1
.PEN_UP
.PEN_DOWN
42 106 1
43 105 1
44 105 1
45 105 1
46 106 1
47 107 1
47 108 1
47 109 1
46 110 1
46 111 1
46 112 1
46 113 1
45 114 1
44 115 1
44 116 1
43 117 1
43 118 1
42 119 1
42 120 1
42 121 1
42 122 1
42 123 1
41 124 1
42 125 1
43 126 1
43 127 1
43 128 1
43 129 1
43 130 1
43 131 1
43 132 1
44 134 1
45 134 1
46 134 1
47 134 1
48 135 1
48 136 1
48 137 1
47 138 1
47 139 1
46 140 1
45 141 1
44 142 1
43 142 1
42 143 1
41 143 1
40 144 1
39 144 1
38 145 1
37 145 1
36 145 1
35 145 1
34 146 1
31 147 1
30 148 1
29 148 1
28 148 1
27 149 1
26 149 1
25 149 1
24 150 1
23 150 1
22 151 1
21 151 1
20 151 1
19 152 1
18 152 1
17 152 1
16 152 1
15 153 1
14 153 1
13 153 1
12 153 1
11 154 1
10 154 1
9 154 1
8 154 1
7 155 1
.PEN_UP
.PEN_DOWN
33 146 1
31 145 1
31 144 1
31 143 1
30 142 1
30 141 1
30 140 1
30 139 1
30 138 1
30 137 1
30 136 1
29 134 1
28 134 1
27 134 1
.PEN_UP
.PEN_DOWN
30 135 1
32 135 1
33 134 1
34 134 1
35 134 1
36 134 1
37 134 1
38 134 1
39 134 1
40 134 1
41 133 1
42 133 1
.PEN_UP
.PEN_DOWN
32 146 1
34 148 1
34 149 1
34 150 1
34 151 1
35 152 1
35 153 1
35 154 1
36 155 1
36 156 1
36 157 1
36 158 1
.PEN_UP
.PEN_DOWN
50 156 1
50 157 1
50 158 1
51 159 1
51 160 1
51 161 1
50 162 1
50 163 1
50 164 1
50 165 1
49 166 1
48 167 1
47 167 1
46 168 1
45 168 1
44 168 1
43 168 1
42 168 1
41 168 1
40 168 1
39 168 1
38 167 1
37 167 1
36 167 1
35 167 1
34 166 1
33 166 1
32 166 1
31 166 1
30 167 1
29 167 1
28 167 1
27 168 1
27 169 1
27 170 1
27 171 1
26 172 1
27 173 1
27 174 1
27 175 1
28 176 1
29 176 1
.PEN_UP
