.PEN_DOWN
1 1 1
2 1 1
3 2 1
4 3 1
5 4 1
6 4 1
7 4 1
8 5 1
9 5 1
10 5 1
11 6 1
12 6 1
13 6 1
14 6 1
15 6 1
16 6 1
17 7 1
18 7 1
19 7 1
20 7 1
21 7 1
22 7 1
23 7 1
24 7 1
25 7 1
26 8 1
27 8 1
28 9 1
29 10 1
30 10 1
31 10 1
32 10 1
33 10 1
34 10 1
35 11 1
36 11 1
37 11 1
38 11 1
39 11 1
40 12 1
41 12 1
42 12 1
.PEN_UP
.PEN_DOWN
28 11 1
28 12 1
28 13 1
28 14 1
28 15 1
28 16 1
28 17 1
28 18 1
28 19 1
29 20 1
29 21 1
29 22 1
29 23 1
29 24 1
29 25 1
29 26 1
29 27 1
29 28 1
29 29 1
29 30 1
29 31 1
29 32 1
29 33 1
29 34 1
29 35 1
29 36 1
29 37 1
29 38 1
29 39 1
29 40 1
29 41 1
29 42 1
30 43 1
31 44 1
32 43 1
33 43 1
34 42 1
35 41 1
36 40 1
36 39 1
37 38 1
38 37 1
39 36 1
40 36 1
41 35 1
42 35 1
43 35 1
44 36 1
45 37 1
46 38 1
47 39 1
47 40 1
47 41 1
47 42 1
47 43 1
47 44 1
47 45 1
47 46 1
47 47 1
47 48 1
47 49 1
47 50 1
47 51 1
47 52 1
47 53 1
47 54 1
47 55 1
46 56 1
46 57 1
46 58 1
46 59 1
45 60 1
45 61 1
44 62 1
44 63 1
44 64 1
43 65 1
42 66 1
41 66 1
40 67 1
39 67 1
38 67 1
37 68 1
36 67 1
35 67 1
34 66 1
33 66 1
32 65 1
32 64 1
31 63 1
31 62 1
30 61 1
29 60 1
29 59 1
29 58 1
29 57 1
29 56 1
29 55 1
29 54 1
30 53 1
30 52 1
30 51 1
30 50 1
30 49 1
30 48 1
31 47 1
31 46 1
31 45 1
.PEN_UP
