.PEN_DOWN
1 48 1
2 47 1
3 46 1
4 46 1
5 46 1
6 46 1
7 46 1
8 45 1
9 45 1
10 44 1
11 44 1
12 43 1
13 43 1
14 43 1
15 42 1
16 42 1
17 42 1
18 41 1
19 41 1
20 40 1
21 40 1
22 40 1
23 39 1
24 39 1
25 39 1
26 38 1
27 37 1
28 37 1
29 37 1
30 36 1
31 36 1
32 35 1
33 35 1
36 35 1
37 35 1
38 35 1
39 35 1
40 35 1
41 35 1
42 34 1
43 34 1
44 34 1
45 34 1
46 34 1
47 34 1
48 35 1
49 35 1
50 35 1
51 36 1
52 37 1
52 38 1
52 39 1
52 40 1
52 41 1
52 42 1
52 43 1
51 44 1
51 45 1
51 46 1
50 47 1
49 48 1
49 49 1
49 50 1
48 51 1
48 52 1
48 53 1
48 54 1
47 55 1
47 58 1
46 59 1
46 60 1
45 61 1
44 61 1
43 62 1
43 63 1
42 64 1
42 65 1
41 66 1
40 67 1
39 68 1
38 69 1
37 70 1
36 70 1
35 71 1
34 72 1
33 73 1
32 74 1
31 75 1
30 76 1
29 76 1
.PEN_UP
.PEN_DOWN
42 61 1
42 60 1
41 59 1
40 60 1
39 60 1
38 60 1
37 61 1
36 61 1
35 62 1
34 62 1
33 62 1
32 62 1
31 63 1
30 63 1
29 62 1
29 61 1
29 60 1
30 59 1
30 58 1
30 57 1
31 56 1
32 55 1
33 54 1
34 54 1
35 53 1
36 52 1
37 51 1
38 50 1
39 50 1
40 49 1
41 49 1
42 48 1
43 48 1
44 48 1
45 47 1
46 47 1
47 47 1
48 47 1
.PEN_UP
.PEN_DOWN
42 58 1
43 57 1
44 57 1
45 56 1
46 56 1
.PEN_UP
.PEN_DOWN
34 34 1
35 33 1
35 32 1
35 31 1
35 30 1
35 29 1
36 28 1
36 27 1
36 26 1
38 25 1
39 25 1
40 24 1
41 24 1
42 24 1
43 23 1
44 22 1
45 21 1
46 20 1
47 19 1
47 18 1
48 17 1
48 16 1
49 15 1
49 14 1
50 13 1
51 12 1
52 11 1
52 10 1
52 9 1
53 8 1
53 7 1
54 6 1
54 5 1
54 4 1
54 3 1
54 2 1
53 1 1
52 1 1
51 1 1
50 1 1
49 1 1
48 1 1
47 2 1
46 2 1
45 3 1
44 3 1
43 4 1
42 5 1
41 5 1
40 6 1
39 7 1
38 7 1
37 8 1
36 9 1
35 10 1
34 11 1
33 12 1
32 13 1
32 14 1
31 15 1
31 16 1
30 17 1
30 18 1
30 19 1
30 20 1
30 21 1
30 22 1
31 23 1
32 24 1
33 24 1
34 25 1
35 25 1
.PEN_UP
