.PEN_DOWN
1 2 1
2 1 1
3 2 1
4 3 1
5 3 1
6 4 1
7 4 1
8 5 1
9 5 1
10 6 1
11 6 1
12 7 1
13 7 1
14 8 1
15 8 1
16 8 1
17 9 1
18 9 1
19 10 1
20 10 1
21 10 1
22 11 1
23 12 1
24 12 1
25 13 1
26 13 1
27 14 1
28 14 1
29 14 1
30 14 1
31 14 1
32 15 1
33 13 1
33 12 1
33 11 1
33 10 1
33 9 1
33 8 1
33 7 1
33 6 1
33 5 1
32 4 1
32 3 1
32 2 1
33 1 1
.PEN_UP
.PEN_DOWN
34 17 1
35 18 1
36 18 1
37 18 1
38 18 1
39 19 1
40 19 1
41 19 1
42 20 1
43 20 1
44 20 1
45 21 1
46 21 1
47 21 1
48 22 1
49 22 1
50 22 1
51 23 1
52 24 1
53 24 1
54 24 1
55 25 1
.PEN_UP
.PEN_DOWN
34 19 1
34 20 1
34 21 1
34 22 1
34 23 1
34 24 1
34 25 1
34 26 1
34 27 1
.PEN_UP
.PEN_DOWN
3 22 1
4 22 1
5 22 1
6 22 1
7 23 1
8 23 1
9 23 1
10 24 1
11 24 1
12 25 1
13 25 1
14 26 1
15 26 1
16 27 1
17 27 1
18 27 1
19 28 1
20 28 1
21 29 1
22 30 1
23 30 1
24 30 1
25 31 1
26 31 1
27 32 1
28 32 1
29 33 1
30 33 1
31 34 1
32 35 1
33 35 1
34 36 1
35 36 1
36 37 1
37 37 1
38 38 1
39 39 1
41 39 1
42 39 1
43 39 1
44 39 1
45 39 1
46 39 1
47 40 1
48 40 1
49 41 1
50 41 1
51 42 1
52 42 1
53 43 1
54 43 1
55 43 1
56 44 1
.PEN_UP
.PEN_DOWN
39 40 1
39 41 1
38 42 1
38 43 1
38 44 1
38 45 1
37 46 1
37 47 1
37 48 1
38 49 1
38 50 1
38 51 1
38 52 1
39 53 1
39 54 1
39 55 1
40 56 1
41 57 1
42 58 1
43 59 1
44 60 1
45 61 1
46 62 1
47 63 1
48 63 1
49 64 1
50 64 1
51 65 1
52 65 1
53 66 1
54 66 1
55 66 1
56 67 1
57 67 1
.PEN_UP
.PEN_DOWN
48 88 1
47 89 1
46 90 1
45 91 1
44 92 1
44 93 1
43 94 1
42 95 1
41 96 1
40 97 1
39 97 1
38 96 1
37 96 1
36 95 1
35 94 1
35 93 1
34 92 1
34 91 1
34 90 1
33 89 1
33 88 1
33 87 1
33 86 1
33 85 1
33 84 1
34 83 1
34 82 1
34 81 1
35 80 1
36 79 1
37 78 1
38 77 1
39 76 1
40 75 1
41 75 1
42 74 1
43 74 1
44 73 1
45 73 1
46 73 1
47 72 1
48 72 1
49 72 1
50 72 1
51 72 1
52 72 1
53 72 1
54 73 1
55 74 1
56 74 1
57 75 1
58 76 1
59 77 1
60 78 1
60 79 1
61 80 1
61 81 1
61 82 1
61 83 1
62 84 1
62 85 1
62 86 1
62 87 1
62 88 1
62 89 1
62 90 1
62 91 1
62 92 1
62 93 1
62 94 1
62 95 1
62 96 1
62 97 1
62 98 1
61 99 1
61 100 1
61 101 1
60 102 1
60 103 1
60 104 1
60 105 1
59 106 1
.PEN_UP
.PEN_DOWN
58 119 1
57 118 1
56 118 1
55 117 1
54 117 1
53 117 1
52 116 1
51 116 1
50 116 1
49 115 1
48 115 1
47 115 1
46 115 1
45 115 1
44 115 1
43 115 1
42 116 1
41 117 1
41 118 1
41 119 1
41 120 1
41 121 1
41 122 1
41 123 1
41 124 1
42 125 1
42 126 1
42 127 1
42 128 1
43 129 1
43 130 1
44 131 1
44 132 1
44 133 1
45 134 1
47 135 1
48 135 1
49 135 1
50 136 1
51 136 1
52 136 1
.PEN_UP
.PEN_DOWN
44 135 1
43 136 1
42 137 1
41 137 1
40 138 1
40 139 1
39 140 1
38 141 1
37 142 1
37 143 1
36 144 1
36 145 1
36 146 1
35 147 1
35 148 1
35 149 1
35 150 1
35 151 1
35 152 1
35 153 1
35 154 1
36 155 1
37 156 1
38 157 1
39 157 1
40 158 1
41 159 1
42 159 1
43 160 1
44 160 1
45 161 1
46 161 1
47 162 1
48 162 1
49 163 1
50 163 1
51 164 1
52 165 1
53 165 1
54 166 1
55 166 1
56 167 1
57 167 1
58 168 1
59 168 1
60 168 1
.PEN_UP
