.PEN_DOWN
5 9 1
5 10 1
4 11 1
4 12 1
4 13 1
4 14 1
4 15 1
3 16 1
3 17 1
3 18 1
3 19 1
3 20 1
2 21 1
2 22 1
2 23 1
2 24 1
2 25 1
2 26 1
2 27 1
2 28 1
2 29 1
3 30 1
3 31 1
3 32 1
3 33 1
4 34 1
4 35 1
5 36 1
.PEN_UP
.PEN_DOWN
14 15 1
15 14 1
16 13 1
17 13 1
18 12 1
19 12 1
20 12 1
21 12 1
22 12 1
23 12 1
24 12 1
25 12 1
26 12 1
27 11 1
28 11 1
29 11 1
30 11 1
31 10 1
32 10 1
33 10 1
34 10 1
35 10 1
36 10 1
37 9 1
38 9 1
39 9 1
40 9 1
41 9 1
42 9 1
43 8 1
44 7 1
45 7 1
46 7 1
47 7 1
48 6 1
49 6 1
50 5 1
51 4 1
51 3 1
52 2 1
51 1 1
50 1 1
.PEN_UP
.PEN_DOWN
41 16 1
41 17 1
41 18 1
41 19 1
41 20 1
41 21 1
41 22 1
41 23 1
41 24 1
41 25 1
41 26 1
41 27 1
40 28 1
40 29 1
40 30 1
40 31 1
40 32 1
39 33 1
39 34 1
39 35 1
39 36 1
39 37 1
37 39 1
36 39 1
35 40 1
34 40 1
33 41 1
32 42 1
31 42 1
30 43 1
29 43 1
28 44 1
27 45 1
26 46 1
26 47 1
25 48 1
25 49 1
24 50 1
23 51 1
22 51 1
21 52 1
20 53 1
19 53 1
18 54 1
17 55 1
16 55 1
15 55 1
14 56 1
13 56 1
12 56 1
11 56 1
10 56 1
9 56 1
8 56 1
7 56 1
6 55 1
6 54 1
5 53 1
4 53 1
3 53 1
2 53 1
1 54 1
.PEN_UP
.PEN_DOWN
6 52 1
6 51 1
7 50 1
8 50 1
9 49 1
10 49 1
11 49 1
12 48 1
13 48 1
14 48 1
15 47 1
16 47 1
17 46 1
18 46 1
19 46 1
20 45 1
21 45 1
22 44 1
23 44 1
24 44 1
25 44 1
26 44 1
.PEN_UP
.PEN_DOWN
38 38 1
41 37 1
42 37 1
43 37 1
44 37 1
45 37 1
46 37 1
47 37 1
48 38 1
49 39 1
48 40 1
48 41 1
48 42 1
47 43 1
46 44 1
46 45 1
45 46 1
45 47 1
44 48 1
44 49 1
43 50 1
42 51 1
42 52 1
42 53 1
41 54 1
41 55 1
41 56 1
41 57 1
41 58 1
42 59 1
42 60 1
42 61 1
43 62 1
43 63 1
44 64 1
45 65 1
45 66 1
46 67 1
46 68 1
47 69 1
47 70 1
48 71 1
48 72 1
48 73 1
49 74 1
49 75 1
49 76 1
49 77 1
49 78 1
50 79 1
50 80 1
50 81 1
52 82 1
53 82 1
54 83 1
55 83 1
56 84 1
57 85 1
57 86 1
57 87 1
57 88 1
57 89 1
57 90 1
57 91 1
57 92 1
56 93 1
56 94 1
56 95 1
55 96 1
55 97 1
54 98 1
54 99 1
53 100 1
53 101 1
52 102 1
.PEN_UP
.PEN_DOWN
49 82 1
48 82 1
47 83 1
46 83 1
45 83 1
44 84 1
43 84 1
42 84 1
41 85 1
41 86 1
41 87 1
41 88 1
41 89 1
41 90 1
42 91 1
43 91 1
44 91 1
45 91 1
46 91 1
47 90 1
48 89 1
49 88 1
49 87 1
49 86 1
49 85 1
50 84 1
50 83 1
.PEN_UP
