.PEN_DOWN
48 111 1
49 110 1
50 110 1
52 108 1
52 107 1
53 106 1
53 105 1
54 104 1
55 103 1
55 102 1
56 101 1
57 100 1
58 99 1
59 99 1
60 98 1
61 97 1
62 96 1
63 95 1
64 94 1
65 93 1
65 92 1
65 91 1
66 90 1
66 89 1
66 88 1
67 87 1
67 86 1
68 85 1
68 84 1
68 81 1
68 80 1
69 79 1
69 78 1
69 77 1
70 76 1
71 75 1
72 74 1
73 73 1
74 72 1
75 71 1
76 70 1
77 69 1
78 68 1
79 67 1
80 66 1
81 65 1
82 64 1
83 63 1
84 62 1
85 61 1
85 60 1
86 59 1
87 58 1
87 57 1
88 56 1
88 55 1
88 54 1
89 53 1
89 52 1
89 51 1
88 50 1
88 49 1
88 48 1
87 47 1
86 46 1
85 46 1
84 46 1
83 45 1
82 45 1
81 45 1
80 45 1
79 45 1
78 44 1
77 44 1
76 44 1
75 44 1
72 45 1
71 45 1
70 45 1
69 45 1
68 46 1
67 46 1
66 46 1
65 46 1
64 47 1
63 48 1
62 48 1
61 48 1
60 49 1
57 49 1
56 49 1
55 49 1
54 49 1
53 49 1
52 50 1
51 50 1
50 51 1
49 52 1
49 53 1
49 54 1
49 55 1
48 56 1
49 57 1
50 58 1
51 57 1
52 57 1
53 57 1
54 57 1
55 56 1
56 56 1
57 55 1
58 54 1
58 53 1
59 52 1
59 51 1
59 50 1
.PEN_UP
.PEN_DOWN
74 43 1
74 42 1
75 41 1
75 40 1
75 39 1
75 38 1
75 37 1
75 36 1
75 35 1
76 34 1
76 33 1
78 32 1
79 31 1
80 31 1
81 31 1
82 30 1
83 30 1
85 31 1
86 31 1
87 31 1
88 31 1
89 31 1
90 31 1
91 31 1
92 31 1
93 31 1
94 31 1
95 31 1
96 31 1
97 31 1
98 31 1
99 31 1
100 31 1
101 31 1
102 31 1
103 31 1
104 31 1
105 31 1
106 31 1
107 31 1
108 31 1
109 30 1
110 30 1
111 30 1
112 30 1
113 30 1
114 30 1
115 30 1
116 30 1
117 30 1
118 30 1
119 30 1
120 30 1
121 30 1
122 30 1
123 30 1
124 30 1
125 30 1
126 30 1
127 29 1
128 29 1
129 29 1
130 28 1
131 27 1
131 26 1
130 25 1
130 24 1
130 23 1
129 22 1
128 21 1
127 21 1
126 20 1
125 19 1
124 19 1
123 18 1
122 18 1
121 18 1
120 17 1
119 17 1
118 17 1
117 16 1
116 16 1
115 16 1
114 16 1
113 15 1
112 15 1
111 15 1
110 15 1
109 14 1
108 14 1
107 14 1
106 14 1
105 14 1
104 14 1
103 14 1
102 14 1
101 14 1
100 14 1
99 14 1
98 14 1
97 14 1
96 14 1
95 15 1
94 16 1
93 17 1
92 18 1
91 19 1
90 19 1
89 20 1
88 21 1
87 22 1
87 23 1
86 24 1
85 25 1
85 26 1
85 27 1
84 28 1
84 29 1
.PEN_UP
.PEN_DOWN
76 32 1
75 31 1
74 31 1
73 31 1
72 31 1
71 31 1
70 31 1
69 31 1
68 31 1
67 31 1
66 31 1
65 31 1
64 31 1
63 30 1
62 30 1
61 30 1
60 30 1
59 30 1
58 30 1
57 30 1
56 30 1
55 30 1
54 30 1
53 30 1
52 30 1
51 30 1
50 30 1
49 30 1
48 30 1
47 31 1
46 31 1
45 31 1
44 30 1
43 30 1
42 30 1
41 30 1
40 30 1
39 30 1
38 30 1
37 30 1
36 31 1
35 31 1
34 30 1
32 30 1
31 31 1
30 31 1
29 31 1
28 32 1
27 32 1
26 33 1
25 33 1
24 33 1
23 33 1
22 33 1
21 34 1
20 34 1
19 34 1
18 34 1
17 34 1
16 33 1
15 33 1
14 33 1
13 33 1
12 33 1
11 32 1
10 32 1
9 31 1
8 30 1
7 30 1
6 29 1
5 28 1
4 27 1
4 26 1
3 25 1
2 24 1
2 23 1
1 22 1
1 21 1
1 20 1
1 19 1
1 18 1
1 17 1
1 16 1
1 15 1
1 14 1
1 13 1
1 12 1
2 11 1
2 10 1
3 9 1
4 8 1
5 7 1
6 6 1
7 5 1
8 5 1
9 4 1
10 4 1
11 3 1
12 3 1
13 3 1
14 3 1
15 2 1
16 2 1
17 2 1
18 1 1
19 1 1
20 1 1
21 1 1
22 1 1
23 1 1
24 2 1
25 2 1
26 2 1
27 2 1
28 2 1
29 2 1
30 3 1
31 3 1
32 4 1
33 4 1
34 5 1
35 6 1
36 7 1
37 8 1
37 9 1
38 10 1
38 11 1
38 12 1
38 13 1
38 14 1
38 15 1
38 16 1
38 17 1
38 18 1
38 19 1
37 20 1
37 21 1
36 22 1
36 23 1
36 24 1
35 25 1
35 26 1
35 27 1
34 28 1
34 29 1
.PEN_UP
.PEN_DOWN
68 83 1
70 83 1
71 83 1
72 83 1
73 83 1
74 83 1
75 83 1
76 82 1
77 82 1
78 82 1
79 82 1
80 82 1
81 82 1
82 81 1
83 82 1
84 82 1
85 82 1
86 82 1
87 82 1
88 83 1
89 83 1
.PEN_UP
.PEN_DOWN
51 109 1
52 111 1
53 111 1
54 112 1
55 112 1
56 112 1
57 112 1
58 113 1
58 114 1
59 115 1
61 115 1
62 114 1
63 114 1
64 114 1
65 114 1
66 114 1
67 114 1
68 114 1
69 114 1
70 114 1
71 113 1
72 113 1
73 113 1
74 113 1
75 113 1
76 113 1
77 112 1
78 112 1
79 112 1
80 112 1
81 112 1
82 111 1
83 111 1
84 111 1
85 111 1
86 111 1
87 111 1
88 111 1
89 111 1
90 112 1
91 112 1
.PEN_UP
.PEN_DOWN
60 115 1
59 117 1
59 118 1
59 119 1
59 120 1
59 121 1
57 122 1
56 122 1
55 122 1
.PEN_UP
.PEN_DOWN
58 122 1
60 124 1
61 125 1
62 125 1
63 125 1
64 125 1
65 125 1
66 126 1
67 126 1
68 126 1
69 126 1
70 126 1
71 126 1
72 127 1
73 128 1
75 128 1
76 127 1
77 127 1
78 127 1
79 127 1
80 128 1
81 128 1
.PEN_UP
.PEN_DOWN
74 128 1
72 130 1
72 131 1
71 132 1
71 133 1
70 134 1
69 135 1
68 136 1
67 137 1
67 138 1
67 139 1
66 140 1
67 141 1
68 142 1
69 142 1
70 142 1
71 142 1
72 143 1
73 143 1
74 143 1
75 143 1
76 143 1
77 143 1
78 143 1
79 143 1
80 143 1
81 143 1
82 143 1
83 143 1
84 143 1
85 143 1
86 144 1
87 144 1
.PEN_UP
.PEN_DOWN
61 196 1
62 196 1
63 195 1
64 195 1
65 195 1
66 195 1
68 197 1
69 197 1
70 197 1
71 197 1
72 197 1
73 197 1
74 197 1
75 197 1
76 197 1
77 197 1
78 197 1
79 197 1
80 197 1
81 198 1
82 199 1
82 200 1
82 201 1
82 202 1
81 203 1
81 204 1
81 205 1
80 206 1
80 207 1
79 208 1
79 209 1
78 210 1
78 211 1
78 212 1
77 213 1
77 214 1
77 215 1
78 216 1
78 217 1
79 218 1
80 219 1
81 220 1
82 221 1
83 221 1
84 222 1
85 222 1
86 223 1
87 223 1
88 223 1
.PEN_UP
.PEN_DOWN
67 195 1
68 194 1
68 193 1
68 192 1
69 191 1
70 191 1
71 190 1
72 189 1
73 189 1
74 188 1
75 187 1
76 186 1
77 185 1
78 184 1
79 183 1
80 182 1
81 181 1
81 180 1
82 179 1
82 178 1
83 177 1
83 176 1
83 175 1
83 174 1
83 173 1
82 172 1
81 171 1
80 171 1
79 171 1
78 171 1
77 170 1
75 170 1
74 170 1
73 171 1
72 171 1
71 171 1
70 171 1
69 171 1
68 171 1
67 171 1
66 171 1
65 172 1
64 172 1
63 172 1
62 172 1
61 171 1
60 171 1
59 172 1
58 172 1
57 172 1
56 172 1
55 171 1
54 170 1
53 169 1
52 168 1
51 167 1
50 166 1
51 165 1
51 164 1
51 163 1
52 162 1
53 161 1
54 160 1
55 159 1
56 159 1
57 158 1
58 158 1
59 157 1
60 157 1
61 156 1
62 156 1
63 156 1
64 155 1
65 155 1
66 155 1
67 155 1
68 154 1
69 154 1
70 154 1
71 154 1
72 153 1
73 153 1
74 153 1
75 153 1
76 153 1
77 153 1
78 153 1
79 153 1
80 153 1
81 154 1
81 155 1
81 156 1
82 157 1
82 158 1
82 159 1
81 160 1
81 161 1
80 162 1
79 163 1
79 164 1
79 165 1
78 166 1
78 167 1
78 168 1
77 169 1
.PEN_UP
