.PEN_DOWN
30 46 1
30 47 1
30 48 1
30 49 1
31 50 1
31 51 1
31 52 1
33 54 1
34 54 1
35 54 1
36 55 1
37 55 1
38 55 1
39 56 1
40 56 1
41 56 1
42 56 1
43 56 1
44 56 1
45 55 1
46 55 1
47 55 1
48 55 1
49 55 1
50 55 1
51 54 1
52 54 1
.PEN_UP
.PEN_DOWN
31 53 1
30 54 1
29 54 1
28 54 1
27 54 1
26 54 1
25 55 1
24 55 1
23 55 1
22 56 1
21 56 1
20 56 1
19 56 1
18 56 1
17 57 1
16 57 1
15 57 1
14 58 1
13 58 1
12 59 1
11 59 1
10 59 1
9 60 1
8 61 1
7 61 1
6 62 1
5 62 1
4 63 1
3 64 1
2 65 1
1 66 1
1 67 1
1 68 1
1 69 1
1 70 1
1 71 1
2 72 1
3 72 1
4 73 1
5 73 1
6 73 1
7 73 1
8 73 1
9 73 1
10 73 1
11 73 1
12 73 1
13 73 1
14 73 1
15 73 1
16 73 1
17 72 1
18 72 1
19 71 1
20 71 1
21 70 1
22 69 1
23 68 1
.PEN_UP
