.PEN_DOWN
22 16 1
23 16 1
24 17 1
26 18 1
27 18 1
28 18 1
29 18 1
30 17 1
31 17 1
32 17 1
33 17 1
34 16 1
35 16 1
36 15 1
37 14 1
37 13 1
38 12 1
38 11 1
39 10 1
40 10 1
41 10 1
42 9 1
43 9 1
44 8 1
45 8 1
46 8 1
47 8 1
48 8 1
49 7 1
50 7 1
51 7 1
52 7 1
53 7 1
54 7 1
55 7 1
56 7 1
57 7 1
58 6 1
58 5 1
59 4 1
59 3 1
60 2 1
61 1 1
.PEN_UP
.PEN_DOWN
58 8 1
58 9 1
58 10 1
59 11 1
59 12 1
59 13 1
59 14 1
59 15 1
59 16 1
59 17 1
59 18 1
59 19 1
59 20 1
59 21 1
59 22 1
58 23 1
58 24 1
57 25 1
57 26 1
57 27 1
56 28 1
55 29 1
54 30 1
54 31 1
53 32 1
52 33 1
52 34 1
51 35 1
50 36 1
49 37 1
49 38 1
49 39 1
48 40 1
48 41 1
48 42 1
46 43 1
45 43 1
44 43 1
43 44 1
42 44 1
41 45 1
40 45 1
39 45 1
38 45 1
37 45 1
36 46 1
35 46 1
34 47 1
33 47 1
32 47 1
31 48 1
30 49 1
29 50 1
28 50 1
.PEN_UP
.PEN_DOWN
47 43 1
50 44 1
51 44 1
52 44 1
53 44 1
54 45 1
55 45 1
56 46 1
57 46 1
58 47 1
59 47 1
60 48 1
61 49 1
62 50 1
62 51 1
62 52 1
62 53 1
63 54 1
63 55 1
62 56 1
62 57 1
61 58 1
60 59 1
59 60 1
58 60 1
57 61 1
56 61 1
55 61 1
54 61 1
53 62 1
52 62 1
51 62 1
50 63 1
49 63 1
48 63 1
47 63 1
46 64 1
45 64 1
44 64 1
43 65 1
42 65 1
41 65 1
40 66 1
39 66 1
38 67 1
37 68 1
36 69 1
35 70 1
34 71 1
34 72 1
33 73 1
33 74 1
33 75 1
33 76 1
34 77 1
35 78 1
36 78 1
37 79 1
38 79 1
39 79 1
40 79 1
41 80 1
42 80 1
43 80 1
44 80 1
45 80 1
46 80 1
47 80 1
48 80 1
49 80 1
50 80 1
51 80 1
52 81 1
53 81 1
54 81 1
55 81 1
56 80 1
57 80 1
58 80 1
.PEN_UP
.PEN_DOWN
38 9 1
37 9 1
36 9 1
35 9 1
34 9 1
33 10 1
32 10 1
31 10 1
30 10 1
29 11 1
28 11 1
27 12 1
26 13 1
26 14 1
25 15 1
25 16 1
.PEN_UP
.PEN_DOWN
34 118 1
33 119 1
32 119 1
31 119 1
30 120 1
29 120 1
28 119 1
27 119 1
26 119 1
25 118 1
24 117 1
23 116 1
24 115 1
24 114 1
24 113 1
25 112 1
26 111 1
27 111 1
28 110 1
29 110 1
30 110 1
31 109 1
32 109 1
33 109 1
34 108 1
35 108 1
36 108 1
37 107 1
38 107 1
39 106 1
40 106 1
41 106 1
42 105 1
43 105 1
44 105 1
45 105 1
46 104 1
47 104 1
48 104 1
49 104 1
50 104 1
51 104 1
52 104 1
53 104 1
54 105 1
55 105 1
56 105 1
57 106 1
58 106 1
59 107 1
60 108 1
61 109 1
61 110 1
61 111 1
61 112 1
61 113 1
61 114 1
60 115 1
59 116 1
58 117 1
57 118 1
56 118 1
55 119 1
54 119 1
53 120 1
52 120 1
51 121 1
50 121 1
49 122 1
49 123 1
48 124 1
48 125 1
47 126 1
46 126 1
45 127 1
44 127 1
43 127 1
42 127 1
41 127 1
40 127 1
39 128 1
38 128 1
37 128 1
36 128 1
35 128 1
34 128 1
33 128 1
32 128 1
31 128 1
30 128 1
29 128 1
28 128 1
27 128 1
26 129 1
25 129 1
24 129 1
23 129 1
22 129 1
21 129 1
20 129 1
19 130 1
18 130 1
17 130 1
16 130 1
15 130 1
14 131 1
13 131 1
12 131 1
11 131 1
10 131 1
9 131 1
8 131 1
7 132 1
6 132 1
5 133 1
4 133 1
.PEN_UP
.PEN_DOWN
48 127 1
49 128 1
50 129 1
51 129 1
52 130 1
53 131 1
54 132 1
55 133 1
56 134 1
56 135 1
56 136 1
56 137 1
57 138 1
57 139 1
57 140 1
57 141 1
57 142 1
57 143 1
56 144 1
55 146 1
54 146 1
53 146 1
52 146 1
51 147 1
50 148 1
49 150 1
48 151 1
48 152 1
48 153 1
47 154 1
47 155 1
46 156 1
45 157 1
44 157 1
43 158 1
42 159 1
41 159 1
40 160 1
39 160 1
38 160 1
37 160 1
36 161 1
35 161 1
34 161 1
33 161 1
32 161 1
31 161 1
30 160 1
29 159 1
30 158 1
30 157 1
30 156 1
31 155 1
32 154 1
33 153 1
34 152 1
35 151 1
36 150 1
37 150 1
38 149 1
39 149 1
40 149 1
41 148 1
42 148 1
43 148 1
44 148 1
45 147 1
46 147 1
47 147 1
48 148 1
.PEN_UP
.PEN_DOWN
56 145 1
58 146 1
59 146 1
60 147 1
60 148 1
61 149 1
61 150 1
61 151 1
61 152 1
60 153 1
60 154 1
60 155 1
60 156 1
59 157 1
59 158 1
58 159 1
57 160 1
57 161 1
56 162 1
55 163 1
54 164 1
53 165 1
52 166 1
51 167 1
50 168 1
49 169 1
48 170 1
48 171 1
47 172 1
46 173 1
45 174 1
45 175 1
44 176 1
44 177 1
44 178 1
45 179 1
46 179 1
47 179 1
48 179 1
49 179 1
50 179 1
51 179 1
52 179 1
53 180 1
54 181 1
54 182 1
55 183 1
55 184 1
54 185 1
54 186 1
54 187 1
54 188 1
54 189 1
54 190 1
54 191 1
54 192 1
54 193 1
54 194 1
55 195 1
56 196 1
57 196 1
58 197 1
59 197 1
60 197 1
61 198 1
62 198 1
63 198 1
64 199 1
65 199 1
66 199 1
.PEN_UP
.PEN_DOWN
22 206 1
22 207 1
22 208 1
22 209 1
22 210 1
22 211 1
22 212 1
21 213 1
21 214 1
21 215 1
21 216 1
19 219 1
19 220 1
19 221 1
19 222 1
18 223 1
18 224 1
18 225 1
18 226 1
18 227 1
18 228 1
.PEN_UP
.PEN_DOWN
20 217 1
18 217 1
17 217 1
16 217 1
15 217 1
14 217 1
13 217 1
12 217 1
11 217 1
10 217 1
9 217 1
8 217 1
7 217 1
6 217 1
5 217 1
4 217 1
3 217 1
2 217 1
1 218 1
.PEN_UP
.PEN_DOWN
21 217 1
23 217 1
24 216 1
25 216 1
26 216 1
27 216 1
28 216 1
29 216 1
30 216 1
31 216 1
32 216 1
33 216 1
34 216 1
35 216 1
36 216 1
37 216 1
38 216 1
39 215 1
40 215 1
41 215 1
42 215 1
43 215 1
44 215 1
45 215 1
46 215 1
47 214 1
48 214 1
49 214 1
50 213 1
51 213 1
52 213 1
53 212 1
54 212 1
55 211 1
.PEN_UP
.PEN_DOWN
58 232 1
57 233 1
56 233 1
55 234 1
54 235 1
54 236 1
53 237 1
53 238 1
53 239 1
52 240 1
51 241 1
50 241 1
49 241 1
48 241 1
47 242 1
46 242 1
45 242 1
44 242 1
43 242 1
42 242 1
41 243 1
40 243 1
39 244 1
38 244 1
37 244 1
36 244 1
35 245 1
34 245 1
33 245 1
32 246 1
31 246 1
30 246 1
29 246 1
27 245 1
26 245 1
25 245 1
24 245 1
23 246 1
22 246 1
21 246 1
20 246 1
19 246 1
18 247 1
17 247 1
16 247 1
15 248 1
14 248 1
13 249 1
12 249 1
11 250 1
11 251 1
10 252 1
10 253 1
9 254 1
8 254 1
7 254 1
6 255 1
5 255 1
4 256 1
3 256 1
2 256 1
.PEN_UP
.PEN_DOWN
10 255 1
11 256 1
12 256 1
13 256 1
14 256 1
15 256 1
16 256 1
17 255 1
18 255 1
19 255 1
20 254 1
21 254 1
22 253 1
23 253 1
24 253 1
25 252 1
26 251 1
26 250 1
27 249 1
27 248 1
28 247 1
.PEN_UP
.PEN_DOWN
53 241 1
54 242 1
55 243 1
56 244 1
57 245 1
57 246 1
58 247 1
58 248 1
58 249 1
58 250 1
57 251 1
57 252 1
57 253 1
57 254 1
56 255 1
56 256 1
55 257 1
55 258 1
54 259 1
53 260 1
52 261 1
52 262 1
52 263 1
51 264 1
51 265 1
51 266 1
50 267 1
48 269 1
47 269 1
46 270 1
45 270 1
44 271 1
43 271 1
42 272 1
41 272 1
40 272 1
39 273 1
38 273 1
37 273 1
.PEN_UP
.PEN_DOWN
49 268 1
52 269 1
53 269 1
54 269 1
55 270 1
56 271 1
56 272 1
56 273 1
56 274 1
56 275 1
55 276 1
55 277 1
55 278 1
54 279 1
54 280 1
53 281 1
53 282 1
52 283 1
51 284 1
50 285 1
49 286 1
48 287 1
47 288 1
46 289 1
45 290 1
44 291 1
44 292 1
43 293 1
43 294 1
43 295 1
43 296 1
44 297 1
45 297 1
46 297 1
47 298 1
48 298 1
49 298 1
50 298 1
51 298 1
52 298 1
53 298 1
54 298 1
55 298 1
56 298 1
57 298 1
58 298 1
59 298 1
60 298 1
61 298 1
62 298 1
63 298 1
64 298 1
65 298 1
66 298 1
67 298 1
.PEN_UP
.PEN_DOWN
69 297 1
70 296 1
71 297 1
72 297 1
73 297 1
74 297 1
75 297 1
76 297 1
77 296 1
78 296 1
79 296 1
80 296 1
81 296 1
82 296 1
83 296 1
84 296 1
85 296 1
86 296 1
87 296 1
88 295 1
89 295 1
90 295 1
91 295 1
92 295 1
93 295 1
94 294 1
95 294 1
96 294 1
97 294 1
98 293 1
99 292 1
100 291 1
101 290 1
101 289 1
101 288 1
102 287 1
102 286 1
102 285 1
102 284 1
102 283 1
102 282 1
102 281 1
102 280 1
102 279 1
102 278 1
102 277 1
102 276 1
101 275 1
101 274 1
100 273 1
99 272 1
99 271 1
98 270 1
97 269 1
96 268 1
95 267 1
94 267 1
93 266 1
92 266 1
91 266 1
90 266 1
89 266 1
88 266 1
87 266 1
86 266 1
85 267 1
84 267 1
83 267 1
82 268 1
81 269 1
80 270 1
79 271 1
79 272 1
78 273 1
77 274 1
77 275 1
76 276 1
76 277 1
75 278 1
75 279 1
74 280 1
74 281 1
74 282 1
73 283 1
73 284 1
73 285 1
73 286 1
72 287 1
72 288 1
72 289 1
71 290 1
71 291 1
71 292 1
71 293 1
70 294 1
70 295 1
.PEN_UP
