.PEN_DOWN
12 34 1
13 34 1
14 33 1
15 33 1
16 32 1
17 32 1
18 31 1
19 31 1
20 31 1
21 30 1
22 30 1
23 30 1
24 30 1
25 29 1
27 28 1
28 27 1
28 26 1
29 25 1
29 24 1
30 23 1
30 22 1
31 21 1
32 20 1
33 19 1
34 18 1
35 17 1
36 16 1
37 16 1
38 15 1
39 14 1
40 14 1
41 13 1
42 13 1
43 12 1
44 11 1
45 11 1
46 10 1
47 10 1
48 10 1
49 9 1
50 9 1
51 8 1
52 7 1
53 7 1
54 7 1
55 6 1
56 5 1
57 5 1
58 5 1
59 4 1
60 4 1
61 3 1
62 3 1
63 3 1
64 3 1
65 2 1
66 2 1
67 1 1
.PEN_UP
.PEN_DOWN
26 29 1
26 31 1
26 32 1
26 33 1
26 34 1
25 35 1
25 36 1
25 37 1
25 38 1
25 39 1
25 40 1
25 41 1
25 42 1
24 43 1
24 44 1
25 45 1
24 47 1
23 48 1
23 49 1
22 50 1
21 51 1
21 52 1
20 53 1
19 54 1
18 54 1
17 55 1
16 56 1
15 56 1
14 57 1
13 58 1
12 59 1
11 60 1
10 60 1
9 61 1
8 62 1
7 63 1
6 64 1
5 65 1
4 66 1
3 67 1
2 68 1
1 69 1
.PEN_UP
.PEN_DOWN
26 45 1
27 44 1
28 44 1
29 44 1
30 43 1
31 43 1
32 43 1
33 43 1
34 42 1
35 41 1
36 41 1
37 40 1
38 40 1
39 39 1
40 39 1
41 38 1
42 38 1
43 37 1
44 37 1
45 37 1
46 37 1
47 37 1
48 37 1
50 36 1
51 35 1
52 34 1
53 33 1
54 32 1
55 31 1
.PEN_UP
.PEN_DOWN
49 37 1
48 39 1
48 40 1
48 41 1
47 42 1
47 43 1
46 44 1
45 45 1
44 46 1
43 47 1
42 48 1
41 49 1
41 50 1
40 51 1
39 52 1
38 53 1
37 54 1
36 55 1
36 56 1
36 57 1
35 58 1
35 59 1
35 60 1
34 62 1
33 63 1
32 63 1
31 64 1
30 65 1
29 66 1
28 67 1
27 67 1
.PEN_UP
.PEN_DOWN
35 61 1
37 61 1
38 61 1
39 61 1
40 61 1
41 61 1
42 60 1
43 60 1
44 59 1
45 59 1
46 58 1
47 58 1
48 57 1
49 57 1
50 57 1
51 57 1
52 57 1
53 56 1
54 56 1
55 56 1
56 55 1
57 55 1
58 55 1
59 55 1
60 55 1
61 56 1
62 56 1
63 56 1
64 57 1
64 58 1
64 59 1
64 60 1
64 61 1
63 62 1
63 63 1
62 64 1
62 65 1
61 66 1
60 67 1
60 68 1
60 69 1
59 70 1
59 71 1
59 72 1
58 73 1
58 74 1
56 76 1
55 76 1
54 76 1
53 76 1
52 76 1
51 76 1
50 77 1
49 77 1
48 78 1
47 78 1
46 79 1
45 80 1
44 80 1
43 81 1
42 81 1
41 82 1
40 82 1
39 83 1
38 84 1
37 84 1
36 85 1
35 85 1
34 86 1
33 87 1
32 88 1
31 89 1
30 89 1
29 90 1
28 91 1
27 92 1
26 93 1
25 93 1
24 94 1
23 95 1
22 96 1
21 97 1
.PEN_UP
.PEN_DOWN
57 75 1
59 76 1
59 77 1
59 78 1
59 79 1
58 80 1
58 81 1
58 82 1
57 83 1
57 84 1
57 85 1
56 86 1
55 87 1
54 88 1
54 89 1
53 90 1
52 91 1
51 92 1
50 93 1
50 94 1
49 95 1
48 96 1
47 97 1
.PEN_UP
