.PEN_DOWN
29 29 1
30 28 1
31 27 1
31 26 1
32 25 1
33 24 1
34 23 1
34 22 1
35 21 1
36 20 1
37 19 1
38 18 1
39 17 1
39 16 1
40 15 1
41 14 1
41 13 1
42 12 1
43 11 1
44 10 1
44 9 1
45 8 1
46 7 1
47 6 1
49 4 1
50 4 1
51 3 1
52 3 1
53 5 1
53 6 1
52 7 1
50 8 1
49 7 1
48 6 1
.PEN_UP
.PEN_DOWN
51 8 1
51 10 1
51 11 1
51 12 1
50 13 1
50 14 1
49 15 1
49 16 1
48 17 1
48 18 1
47 19 1
47 20 1
46 21 1
46 22 1
46 23 1
45 24 1
45 25 1
45 26 1
45 27 1
45 28 1
44 30 1
43 31 1
42 32 1
41 33 1
41 34 1
40 35 1
.PEN_UP
.PEN_DOWN
45 29 1
47 29 1
48 29 1
49 29 1
50 29 1
51 30 1
51 31 1
51 32 1
50 33 1
50 34 1
50 35 1
49 36 1
49 37 1
49 38 1
48 39 1
48 40 1
47 41 1
47 42 1
46 43 1
46 44 1
45 45 1
45 46 1
44 47 1
43 48 1
43 49 1
43 50 1
42 51 1
42 52 1
43 53 1
43 54 1
44 55 1
44 56 1
44 57 1
43 58 1
43 59 1
42 60 1
42 61 1
41 62 1
41 63 1
40 64 1
39 65 1
38 66 1
.PEN_UP
.PEN_DOWN
46 76 1
46 77 1
45 78 1
44 79 1
43 80 1
42 81 1
41 82 1
40 83 1
40 84 1
39 85 1
38 86 1
37 87 1
36 88 1
35 89 1
34 90 1
34 91 1
33 92 1
33 93 1
33 94 1
32 95 1
32 96 1
31 97 1
29 99 1
28 99 1
27 100 1
26 101 1
26 102 1
25 103 1
24 104 1
23 105 1
23 106 1
22 107 1
21 108 1
21 109 1
20 110 1
19 111 1
18 112 1
17 113 1
17 114 1
16 115 1
15 116 1
15 117 1
14 118 1
13 119 1
13 120 1
12 121 1
11 122 1
10 123 1
10 124 1
9 125 1
8 126 1
7 127 1
6 128 1
6 129 1
5 130 1
4 131 1
4 132 1
3 133 1
2 134 1
2 135 1
1 136 1
1 137 1
1 138 1
.PEN_UP
.PEN_DOWN
30 98 1
32 99 1
32 100 1
32 101 1
32 102 1
32 103 1
32 104 1
31 105 1
31 106 1
31 107 1
30 108 1
30 109 1
30 110 1
30 111 1
30 112 1
29 113 1
29 114 1
29 115 1
28 116 1
28 117 1
27 118 1
27 119 1
27 120 1
27 121 1
26 122 1
26 123 1
25 124 1
25 125 1
26 126 1
27 127 1
26 129 1
26 130 1
25 131 1
25 132 1
24 133 1
24 134 1
23 135 1
22 136 1
21 137 1
21 138 1
20 139 1
20 140 1
19 141 1
18 142 1
17 143 1
17 144 1
16 145 1
15 146 1
14 147 1
13 148 1
13 149 1
13 150 1
12 151 1
11 152 1
10 153 1
9 154 1
9 155 1
8 156 1
8 157 1
7 158 1
6 159 1
6 160 1
5 161 1
5 162 1
4 163 1
3 164 1
3 165 1
.PEN_UP
.PEN_DOWN
28 127 1
29 126 1
30 126 1
31 125 1
32 124 1
33 123 1
33 122 1
34 121 1
35 120 1
36 120 1
37 119 1
38 119 1
39 119 1
40 121 1
40 122 1
40 123 1
39 124 1
39 125 1
39 126 1
39 127 1
39 128 1
38 129 1
38 130 1
38 131 1
38 132 1
38 133 1
38 134 1
38 135 1
37 136 1
37 137 1
37 138 1
36 139 1
36 140 1
36 141 1
36 142 1
35 143 1
35 144 1
36 145 1
36 146 1
36 147 1
37 148 1
38 149 1
39 149 1
40 149 1
41 148 1
42 148 1
43 147 1
43 146 1
44 145 1
44 144 1
45 143 1
45 142 1
46 141 1
46 140 1
46 139 1
47 138 1
47 137 1
48 136 1
48 135 1
.PEN_UP
.PEN_DOWN
4 95 1
5 94 1
5 93 1
6 92 1
7 92 1
8 91 1
9 91 1
10 91 1
11 92 1
11 93 1
11 94 1
10 95 1
.PEN_UP
