.PEN_DOWN
43 1 1
42 2 1
42 3 1
42 4 1
41 5 1
41 6 1
41 7 1
39 8 1
38 8 1
37 8 1
36 8 1
35 8 1
34 8 1
32 7 1
31 7 1
30 7 1
29 7 1
28 7 1
27 7 1
26 7 1
25 7 1
24 7 1
23 7 1
22 7 1
21 7 1
20 7 1
19 7 1
18 7 1
17 7 1
16 7 1
15 7 1
14 7 1
13 7 1
12 7 1
11 8 1
10 8 1
9 8 1
8 9 1
7 9 1
6 10 1
5 11 1
4 12 1
3 13 1
2 14 1
2 15 1
2 16 1
1 17 1
1 18 1
1 19 1
2 20 1
2 21 1
3 22 1
4 22 1
5 23 1
6 23 1
7 24 1
8 24 1
9 24 1
10 24 1
11 24 1
12 24 1
13 23 1
14 23 1
15 23 1
16 23 1
17 22 1
18 22 1
19 22 1
20 21 1
21 21 1
22 20 1
23 19 1
24 19 1
25 18 1
26 18 1
27 17 1
28 17 1
29 16 1
30 15 1
31 14 1
32 13 1
32 12 1
32 11 1
32 10 1
33 9 1
.PEN_UP
.PEN_DOWN
40 8 1
43 10 1
44 10 1
45 10 1
46 11 1
47 11 1
48 11 1
49 11 1
50 12 1
51 12 1
52 12 1
53 12 1
54 13 1
55 13 1
56 13 1
57 14 1
58 14 1
59 14 1
60 14 1
61 14 1
62 14 1
63 14 1
64 14 1
.PEN_UP
.PEN_DOWN
41 8 1
40 12 1
40 13 1
40 14 1
40 15 1
40 16 1
40 17 1
40 18 1
40 19 1
40 20 1
40 21 1
40 22 1
40 23 1
40 24 1
40 25 1
39 26 1
39 27 1
39 28 1
39 29 1
39 30 1
39 31 1
40 32 1
39 36 1
39 37 1
39 38 1
39 39 1
38 40 1
38 41 1
38 42 1
38 43 1
38 44 1
38 45 1
38 46 1
38 47 1
37 48 1
37 49 1
36 50 1
36 51 1
35 52 1
34 53 1
33 53 1
32 53 1
31 53 1
30 53 1
29 53 1
28 53 1
27 52 1
26 52 1
25 51 1
24 50 1
23 49 1
22 48 1
22 47 1
23 46 1
23 45 1
23 44 1
23 43 1
24 42 1
24 41 1
25 40 1
26 39 1
27 38 1
28 37 1
29 37 1
30 36 1
31 36 1
32 36 1
33 35 1
34 35 1
35 35 1
36 35 1
37 35 1
38 34 1
42 34 1
43 34 1
44 34 1
45 34 1
46 34 1
47 35 1
48 35 1
49 35 1
50 36 1
51 37 1
52 38 1
53 39 1
53 40 1
53 41 1
54 42 1
54 43 1
54 44 1
54 45 1
54 46 1
54 47 1
53 48 1
53 49 1
53 50 1
53 51 1
52 52 1
52 53 1
52 54 1
52 55 1
51 56 1
51 57 1
50 58 1
50 59 1
49 60 1
48 61 1
48 62 1
47 63 1
47 64 1
47 65 1
46 66 1
46 67 1
44 69 1
43 69 1
42 69 1
41 69 1
40 69 1
39 69 1
38 69 1
37 69 1
36 69 1
.PEN_UP
.PEN_DOWN
45 68 1
47 69 1
48 69 1
49 70 1
50 71 1
51 72 1
52 73 1
53 74 1
53 75 1
53 76 1
54 77 1
54 78 1
54 79 1
54 80 1
54 81 1
54 82 1
54 83 1
54 84 1
54 85 1
53 86 1
52 87 1
52 88 1
51 89 1
51 90 1
51 91 1
50 92 1
49 93 1
49 94 1
48 95 1
48 96 1
47 97 1
47 98 1
47 99 1
49 101 1
50 102 1
51 103 1
52 104 1
53 105 1
53 106 1
54 107 1
54 108 1
54 109 1
55 110 1
55 111 1
55 112 1
55 113 1
55 114 1
55 115 1
55 116 1
55 117 1
54 118 1
53 119 1
52 119 1
51 119 1
50 119 1
49 119 1
48 119 1
47 119 1
46 119 1
45 119 1
44 119 1
43 119 1
42 119 1
41 118 1
40 117 1
39 117 1
38 116 1
37 116 1
36 115 1
35 114 1
34 113 1
33 112 1
32 112 1
31 111 1
30 111 1
.PEN_UP
