.PEN_DOWN
4 19 1
5 18 1
6 17 1
7 17 1
8 17 1
9 17 1
10 17 1
11 16 1
12 16 1
13 16 1
14 15 1
15 15 1
16 15 1
17 15 1
18 16 1
19 15 1
20 15 1
21 14 1
22 14 1
23 13 1
24 12 1
25 12 1
26 11 1
27 11 1
28 10 1
29 10 1
30 9 1
31 9 1
32 8 1
33 8 1
34 8 1
35 7 1
36 7 1
37 6 1
38 6 1
39 5 1
40 5 1
41 4 1
42 4 1
43 4 1
44 3 1
45 2 1
46 2 1
47 2 1
48 1 1
49 1 1
.PEN_UP
.PEN_DOWN
17 17 1
17 18 1
16 19 1
16 20 1
16 21 1
16 22 1
15 23 1
15 24 1
14 25 1
13 26 1
13 27 1
12 28 1
11 29 1
11 30 1
10 31 1
10 32 1
9 33 1
9 34 1
9 35 1
8 36 1
8 37 1
7 38 1
7 39 1
7 40 1
7 41 1
6 42 1
6 43 1
6 44 1
6 45 1
7 46 1
7 47 1
.PEN_UP
.PEN_DOWN
5 80 1
6 80 1
7 80 1
8 79 1
9 79 1
10 78 1
11 78 1
12 78 1
13 77 1
14 77 1
15 76 1
16 76 1
17 75 1
18 75 1
19 74 1
20 74 1
21 73 1
22 73 1
23 72 1
24 72 1
25 71 1
26 70 1
27 70 1
28 69 1
29 69 1
30 68 1
31 68 1
32 67 1
33 67 1
34 67 1
35 66 1
36 66 1
37 66 1
38 66 1
39 66 1
40 67 1
39 68 1
39 69 1
39 70 1
39 71 1
39 72 1
38 73 1
38 74 1
37 75 1
36 76 1
36 77 1
35 78 1
35 79 1
34 80 1
34 81 1
33 82 1
32 83 1
32 84 1
32 85 1
31 86 1
31 87 1
31 88 1
30 91 1
29 91 1
28 92 1
27 93 1
26 94 1
25 94 1
24 95 1
23 96 1
22 97 1
21 97 1
20 98 1
19 98 1
18 98 1
17 99 1
16 99 1
15 100 1
14 101 1
13 101 1
12 101 1
11 101 1
10 102 1
9 102 1
8 103 1
7 104 1
6 104 1
5 105 1
4 106 1
3 106 1
2 107 1
1 107 1
.PEN_UP
.PEN_DOWN
31 89 1
33 89 1
34 89 1
35 88 1
36 88 1
37 88 1
38 88 1
39 88 1
40 88 1
41 87 1
42 87 1
43 86 1
44 86 1
.PEN_UP
.PEN_DOWN
45 121 1
44 122 1
43 122 1
42 123 1
41 123 1
40 123 1
39 124 1
38 124 1
37 124 1
36 125 1
35 125 1
34 126 1
33 126 1
32 127 1
31 127 1
30 127 1
29 128 1
28 129 1
27 129 1
26 130 1
25 130 1
24 131 1
23 131 1
22 132 1
21 132 1
20 133 1
17 133 1
16 133 1
15 133 1
14 133 1
13 133 1
12 134 1
11 134 1
10 134 1
9 134 1
8 134 1
.PEN_UP
.PEN_DOWN
19 133 1
19 135 1
18 136 1
18 137 1
18 138 1
17 139 1
17 140 1
16 141 1
15 142 1
14 143 1
14 144 1
13 145 1
12 146 1
11 147 1
10 148 1
9 149 1
8 150 1
8 151 1
8 152 1
7 153 1
7 154 1
7 155 1
7 156 1
8 157 1
9 157 1
10 157 1
11 157 1
12 157 1
13 157 1
14 157 1
15 157 1
16 156 1
17 156 1
18 156 1
19 156 1
20 156 1
21 156 1
22 155 1
23 155 1
24 155 1
25 154 1
26 154 1
27 154 1
28 154 1
29 153 1
30 153 1
31 153 1
32 152 1
33 152 1
34 152 1
35 151 1
36 151 1
37 151 1
38 151 1
39 150 1
40 150 1
41 150 1
42 149 1
.PEN_UP
