.PEN_DOWN
1 61 1
2 60 1
3 60 1
4 59 1
5 59 1
6 58 1
7 57 1
8 57 1
9 56 1
10 55 1
11 54 1
12 53 1
13 53 1
14 52 1
15 51 1
16 50 1
17 50 1
18 49 1
19 48 1
20 48 1
21 47 1
22 46 1
23 46 1
24 45 1
25 45 1
27 43 1
28 43 1
29 43 1
30 42 1
31 42 1
32 41 1
33 40 1
34 40 1
35 39 1
37 39 1
38 39 1
39 39 1
40 39 1
41 39 1
42 38 1
43 38 1
44 38 1
45 38 1
46 38 1
47 37 1
48 37 1
49 37 1
50 36 1
51 36 1
52 36 1
53 36 1
54 36 1
55 36 1
56 36 1
57 36 1
58 36 1
59 37 1
60 37 1
61 37 1
62 37 1
63 37 1
64 38 1
65 39 1
65 40 1
65 41 1
65 42 1
64 43 1
64 44 1
63 45 1
62 45 1
61 45 1
60 46 1
59 47 1
58 47 1
57 47 1
56 48 1
55 49 1
54 49 1
53 49 1
52 50 1
51 50 1
50 50 1
49 51 1
48 51 1
47 51 1
46 51 1
45 51 1
44 52 1
43 52 1
42 52 1
41 52 1
40 52 1
39 52 1
38 53 1
35 52 1
34 52 1
33 52 1
32 51 1
31 50 1
30 49 1
29 48 1
28 48 1
27 47 1
27 46 1
26 45 1
.PEN_UP
.PEN_DOWN
37 53 1
38 55 1
38 56 1
38 57 1
38 58 1
38 59 1
38 60 1
38 61 1
38 62 1
38 63 1
38 64 1
39 65 1
39 66 1
39 67 1
39 68 1
39 69 1
39 70 1
39 71 1
39 72 1
39 73 1
39 74 1
39 75 1
39 76 1
39 77 1
39 78 1
39 79 1
39 80 1
39 81 1
39 82 1
40 83 1
41 82 1
42 82 1
43 82 1
44 82 1
45 82 1
46 82 1
47 82 1
48 82 1
49 81 1
50 81 1
51 81 1
52 83 1
52 84 1
52 85 1
52 86 1
52 87 1
52 88 1
52 89 1
52 90 1
51 91 1
51 92 1
50 93 1
49 94 1
48 94 1
47 94 1
46 94 1
45 94 1
44 94 1
43 94 1
42 94 1
41 94 1
40 94 1
39 92 1
39 91 1
39 90 1
39 89 1
39 88 1
39 87 1
39 86 1
40 85 1
40 84 1
.PEN_UP
.PEN_DOWN
52 93 1
53 93 1
54 93 1
55 93 1
56 93 1
57 93 1
58 93 1
59 93 1
60 94 1
61 94 1
62 94 1
63 95 1
64 96 1
65 97 1
65 98 1
64 99 1
64 100 1
64 101 1
63 102 1
62 103 1
61 104 1
60 105 1
59 106 1
58 107 1
58 108 1
57 109 1
56 110 1
55 111 1
54 112 1
53 113 1
52 114 1
51 115 1
51 116 1
50 117 1
50 118 1
49 119 1
48 120 1
47 121 1
47 122 1
47 123 1
47 124 1
46 125 1
46 126 1
45 127 1
45 128 1
45 129 1
45 130 1
45 131 1
45 132 1
45 133 1
46 134 1
47 135 1
48 136 1
49 136 1
50 136 1
51 137 1
52 137 1
53 138 1
54 138 1
55 138 1
56 138 1
57 138 1
58 138 1
59 138 1
60 138 1
61 138 1
62 138 1
63 138 1
63 140 1
63 141 1
63 142 1
63 143 1
63 144 1
62 145 1
62 146 1
61 147 1
61 148 1
60 149 1
59 150 1
59 151 1
58 152 1
57 153 1
57 154 1
56 155 1
55 156 1
55 157 1
54 158 1
54 159 1
54 160 1
54 161 1
53 162 1
52 163 1
51 163 1
50 164 1
49 165 1
48 165 1
.PEN_UP
.PEN_DOWN
54 163 1
55 163 1
56 163 1
57 163 1
58 163 1
59 163 1
60 163 1
61 162 1
62 162 1
63 162 1
64 162 1
65 161 1
66 161 1
67 161 1
68 162 1
69 162 1
70 162 1
71 163 1
71 164 1
71 165 1
71 166 1
71 167 1
71 168 1
71 169 1
70 170 1
69 171 1
68 172 1
67 173 1
66 174 1
66 175 1
65 176 1
64 177 1
63 178 1
63 179 1
62 180 1
61 181 1
60 182 1
59 183 1
59 184 1
58 185 1
57 186 1
56 187 1
56 188 1
56 189 1
55 190 1
54 191 1
53 192 1
53 193 1
53 194 1
52 195 1
52 196 1
52 197 1
52 198 1
51 199 1
51 200 1
51 201 1
51 202 1
51 203 1
51 204 1
51 205 1
51 206 1
52 207 1
53 208 1
54 209 1
55 209 1
56 209 1
57 209 1
58 209 1
59 209 1
60 209 1
61 209 1
62 209 1
63 209 1
64 209 1
65 208 1
66 208 1
67 207 1
68 206 1
69 206 1
70 205 1
71 205 1
72 204 1
.PEN_UP
.PEN_DOWN
64 138 1
65 137 1
65 136 1
65 135 1
66 134 1
66 133 1
66 132 1
66 131 1
65 130 1
65 129 1
65 128 1
64 127 1
63 126 1
.PEN_UP
.PEN_DOWN
35 38 1
35 37 1
36 36 1
36 35 1
37 34 1
38 33 1
39 32 1
40 31 1
41 30 1
42 29 1
43 28 1
43 27 1
44 26 1
45 26 1
46 25 1
47 25 1
48 24 1
49 23 1
50 22 1
51 21 1
52 21 1
53 20 1
54 19 1
54 18 1
55 17 1
56 16 1
57 16 1
58 15 1
59 14 1
60 13 1
61 12 1
62 11 1
63 10 1
64 9 1
64 8 1
65 7 1
66 6 1
67 5 1
68 4 1
68 3 1
68 2 1
68 1 1
.PEN_UP
.PEN_DOWN
18 182 1
18 183 1
19 184 1
19 185 1
20 186 1
.PEN_UP
