.PEN_DOWN
17 1 1
18 1 1
19 1 1
20 1 1
21 1 1
22 1 1
23 1 1
24 1 1
25 1 1
26 1 1
27 1 1
28 1 1
29 1 1
30 2 1
31 2 1
32 3 1
33 4 1
34 5 1
35 6 1
35 7 1
36 8 1
36 9 1
36 10 1
36 11 1
36 12 1
36 13 1
36 14 1
36 15 1
35 16 1
35 17 1
34 18 1
34 19 1
33 20 1
32 21 1
31 22 1
30 23 1
29 24 1
28 24 1
27 24 1
26 25 1
25 25 1
24 25 1
23 26 1
22 26 1
21 26 1
20 26 1
19 25 1
18 25 1
17 25 1
16 25 1
15 24 1
.PEN_UP
.PEN_DOWN
27 92 1
27 91 1
26 90 1
26 89 1
27 88 1
28 87 1
29 86 1
30 85 1
31 84 1
32 84 1
33 84 1
34 83 1
35 83 1
36 83 1
37 83 1
38 83 1
39 82 1
39 81 1
40 80 1
40 79 1
40 78 1
40 77 1
40 76 1
40 75 1
40 74 1
39 73 1
39 72 1
39 71 1
38 70 1
38 69 1
38 68 1
38 67 1
37 66 1
37 65 1
36 64 1
35 63 1
34 63 1
33 62 1
31 62 1
30 62 1
29 62 1
28 62 1
27 62 1
26 62 1
25 62 1
24 62 1
23 62 1
22 61 1
22 60 1
22 59 1
22 58 1
21 57 1
20 56 1
19 55 1
19 54 1
19 53 1
19 52 1
19 51 1
20 50 1
20 49 1
20 48 1
21 47 1
21 46 1
22 45 1
23 44 1
24 43 1
25 42 1
26 41 1
27 41 1
28 41 1
29 41 1
30 41 1
31 41 1
32 41 1
33 42 1
34 43 1
35 44 1
36 45 1
36 46 1
36 47 1
36 48 1
36 49 1
36 50 1
36 51 1
36 52 1
36 53 1
36 54 1
35 55 1
35 56 1
35 57 1
34 58 1
34 59 1
33 60 1
.PEN_UP
.PEN_DOWN
24 111 1
25 111 1
26 111 1
27 111 1
28 110 1
29 110 1
30 110 1
31 110 1
32 110 1
33 110 1
34 110 1
35 110 1
.PEN_UP
.PEN_DOWN
24 149 1
24 148 1
24 147 1
23 146 1
22 145 1
22 144 1
22 143 1
23 142 1
23 141 1
24 140 1
24 139 1
25 138 1
26 138 1
27 137 1
28 137 1
29 137 1
30 137 1
31 137 1
32 138 1
33 138 1
34 139 1
35 140 1
36 141 1
36 142 1
36 143 1
37 144 1
37 145 1
37 146 1
37 147 1
37 148 1
37 149 1
37 150 1
37 151 1
37 152 1
37 153 1
37 154 1
36 155 1
36 156 1
36 157 1
36 158 1
36 159 1
36 160 1
35 161 1
35 162 1
35 163 1
35 164 1
35 165 1
34 166 1
34 167 1
33 168 1
33 169 1
32 170 1
31 171 1
30 171 1
29 171 1
28 171 1
27 171 1
26 171 1
25 171 1
24 170 1
23 169 1
22 168 1
21 167 1
20 166 1
19 165 1
19 164 1
19 163 1
19 162 1
20 161 1
21 160 1
22 160 1
.PEN_UP
.PEN_DOWN
21 193 1
22 192 1
23 192 1
24 191 1
25 191 1
26 190 1
27 190 1
28 190 1
29 190 1
30 190 1
31 190 1
32 190 1
33 190 1
34 191 1
35 192 1
36 193 1
37 194 1
38 195 1
38 196 1
39 197 1
39 198 1
39 199 1
39 200 1
39 201 1
40 202 1
40 203 1
40 204 1
39 205 1
39 206 1
39 207 1
39 208 1
39 209 1
38 210 1
38 211 1
37 212 1
37 213 1
36 214 1
35 215 1
35 216 1
34 217 1
32 218 1
31 218 1
30 218 1
29 218 1
28 218 1
27 218 1
26 218 1
25 218 1
24 218 1
23 218 1
.PEN_UP
.PEN_DOWN
33 218 1
35 219 1
36 220 1
36 221 1
37 222 1
38 223 1
39 224 1
39 225 1
39 226 1
39 227 1
39 228 1
39 229 1
39 230 1
39 231 1
.PEN_UP
.PEN_DOWN
41 264 1
42 265 1
42 266 1
42 267 1
43 268 1
43 269 1
43 270 1
43 271 1
43 272 1
43 273 1
42 274 1
41 275 1
40 275 1
39 275 1
38 274 1
37 274 1
36 274 1
35 273 1
34 272 1
33 271 1
32 270 1
32 269 1
31 268 1
30 267 1
29 266 1
28 265 1
28 264 1
27 263 1
26 262 1
25 262 1
24 261 1
23 261 1
22 261 1
21 261 1
20 262 1
19 263 1
19 264 1
18 265 1
18 266 1
18 267 1
18 268 1
18 269 1
18 270 1
19 271 1
19 272 1
20 273 1
20 274 1
21 275 1
22 276 1
.PEN_UP
