.PEN_DOWN
42 44 1
43 43 1
44 43 1
45 42 1
46 42 1
47 42 1
48 41 1
49 40 1
50 40 1
51 39 1
52 39 1
53 38 1
54 38 1
55 37 1
56 36 1
57 35 1
59 34 1
60 34 1
61 34 1
62 34 1
63 34 1
64 34 1
65 33 1
66 34 1
67 34 1
68 34 1
69 34 1
70 35 1
71 35 1
72 36 1
73 37 1
74 38 1
.PEN_UP
.PEN_DOWN
66 32 1
66 31 1
66 30 1
66 29 1
66 28 1
67 27 1
67 26 1
68 25 1
69 24 1
70 23 1
71 22 1
71 21 1
71 20 1
72 19 1
72 18 1
73 17 1
73 16 1
73 15 1
74 14 1
74 13 1
74 12 1
74 11 1
74 10 1
74 9 1
73 8 1
73 7 1
72 6 1
71 5 1
70 4 1
69 3 1
68 3 1
67 2 1
66 2 1
65 1 1
64 1 1
63 2 1
62 2 1
61 2 1
60 2 1
59 2 1
58 3 1
57 3 1
56 4 1
55 4 1
54 4 1
53 5 1
52 6 1
51 7 1
50 8 1
49 9 1
48 10 1
47 11 1
46 12 1
45 13 1
44 14 1
43 15 1
43 16 1
42 17 1
41 18 1
41 19 1
41 20 1
41 21 1
41 22 1
41 23 1
41 24 1
41 25 1
42 26 1
42 27 1
43 28 1
44 29 1
45 30 1
46 31 1
47 31 1
48 32 1
49 32 1
50 32 1
51 32 1
52 32 1
53 32 1
54 32 1
55 32 1
56 33 1
57 34 1
.PEN_UP
.PEN_DOWN
44 63 1
45 63 1
46 63 1
47 62 1
48 61 1
49 60 1
50 60 1
51 60 1
52 59 1
53 59 1
54 58 1
55 58 1
56 57 1
57 57 1
58 57 1
59 56 1
60 56 1
61 56 1
62 56 1
63 56 1
64 56 1
65 56 1
66 56 1
66 58 1
66 59 1
66 60 1
65 61 1
65 62 1
64 63 1
64 64 1
63 65 1
62 66 1
61 67 1
60 68 1
59 69 1
58 70 1
57 71 1
56 72 1
55 73 1
54 74 1
53 75 1
53 76 1
52 77 1
52 78 1
52 79 1
52 80 1
51 81 1
50 82 1
49 83 1
48 83 1
47 84 1
46 84 1
45 85 1
44 86 1
.PEN_UP
.PEN_DOWN
52 82 1
53 82 1
54 82 1
55 81 1
56 81 1
57 81 1
58 81 1
59 81 1
60 81 1
61 80 1
62 79 1
63 79 1
64 79 1
65 79 1
66 79 1
67 78 1
68 78 1
69 78 1
.PEN_UP
.PEN_DOWN
41 114 1
41 113 1
42 112 1
42 111 1
43 110 1
43 109 1
43 108 1
44 107 1
45 106 1
45 105 1
46 104 1
47 103 1
48 102 1
49 101 1
50 100 1
51 99 1
52 98 1
53 97 1
54 96 1
55 95 1
56 95 1
57 94 1
58 93 1
59 93 1
60 92 1
61 91 1
62 91 1
63 90 1
64 90 1
65 90 1
66 90 1
67 90 1
68 90 1
69 91 1
69 92 1
69 93 1
70 94 1
70 95 1
70 96 1
69 97 1
69 98 1
69 99 1
68 100 1
68 101 1
67 102 1
67 103 1
66 104 1
65 105 1
64 106 1
63 107 1
63 108 1
62 109 1
61 110 1
60 111 1
59 112 1
58 113 1
57 114 1
56 114 1
55 115 1
54 116 1
52 115 1
51 114 1
50 114 1
49 113 1
48 113 1
47 113 1
46 113 1
45 113 1
44 113 1
43 113 1
.PEN_UP
.PEN_DOWN
53 116 1
54 118 1
54 119 1
54 120 1
54 121 1
56 122 1
57 122 1
58 122 1
59 122 1
60 122 1
61 122 1
62 122 1
63 122 1
64 122 1
65 122 1
66 122 1
67 122 1
68 122 1
69 122 1
70 122 1
71 123 1
72 123 1
73 123 1
74 123 1
75 123 1
.PEN_UP
.PEN_DOWN
53 122 1
52 122 1
51 122 1
50 123 1
49 123 1
48 124 1
47 124 1
46 124 1
45 125 1
44 125 1
43 125 1
42 126 1
41 126 1
40 126 1
39 127 1
38 127 1
37 127 1
36 128 1
35 128 1
34 129 1
33 129 1
32 129 1
31 130 1
30 130 1
29 131 1
28 131 1
27 132 1
26 133 1
25 133 1
24 133 1
23 133 1
22 134 1
21 134 1
20 134 1
19 135 1
18 135 1
17 135 1
16 136 1
15 136 1
14 136 1
13 136 1
12 136 1
11 137 1
10 137 1
9 137 1
8 137 1
7 138 1
6 138 1
5 139 1
4 139 1
3 140 1
2 140 1
1 140 1
.PEN_UP
