.PEN_DOWN
28 34 1
29 33 1
30 32 1
31 31 1
32 30 1
33 29 1
34 28 1
35 27 1
35 25 1
35 24 1
36 23 1
36 22 1
36 21 1
37 20 1
38 19 1
38 18 1
39 17 1
40 16 1
40 15 1
41 14 1
41 13 1
42 12 1
42 11 1
43 10 1
43 9 1
43 8 1
43 7 1
44 6 1
44 5 1
43 4 1
43 3 1
42 2 1
41 1 1
40 1 1
39 1 1
38 1 1
37 1 1
36 2 1
35 3 1
34 3 1
33 4 1
32 5 1
31 5 1
30 6 1
29 7 1
28 8 1
27 9 1
26 10 1
25 11 1
24 12 1
23 13 1
22 14 1
21 15 1
20 16 1
20 17 1
19 18 1
19 19 1
18 20 1
17 21 1
17 22 1
16 23 1
15 24 1
15 25 1
15 26 1
15 27 1
14 28 1
14 29 1
14 30 1
14 31 1
14 32 1
14 33 1
14 34 1
14 35 1
14 36 1
15 37 1
16 38 1
17 38 1
18 39 1
19 39 1
20 40 1
21 40 1
22 40 1
23 41 1
.PEN_UP
.PEN_DOWN
35 26 1
37 27 1
38 27 1
39 27 1
40 27 1
41 27 1
42 27 1
43 27 1
44 27 1
45 28 1
46 29 1
46 30 1
47 31 1
47 32 1
47 33 1
47 34 1
46 35 1
46 36 1
46 37 1
46 38 1
46 39 1
45 40 1
45 41 1
44 42 1
44 43 1
43 44 1
43 45 1
43 46 1
42 47 1
41 48 1
41 49 1
40 50 1
40 51 1
39 52 1
38 53 1
38 54 1
37 55 1
37 56 1
37 57 1
37 58 1
36 59 1
36 60 1
36 61 1
36 62 1
34 63 1
33 63 1
32 64 1
31 64 1
30 65 1
29 66 1
28 67 1
27 68 1
26 69 1
25 70 1
24 71 1
22 72 1
21 72 1
20 72 1
19 72 1
18 73 1
17 74 1
16 75 1
15 75 1
14 76 1
13 77 1
12 78 1
11 79 1
10 80 1
9 81 1
8 82 1
8 83 1
7 84 1
7 85 1
7 86 1
6 87 1
8 88 1
9 88 1
10 87 1
11 87 1
12 86 1
13 86 1
14 85 1
15 84 1
16 83 1
17 82 1
18 82 1
19 81 1
20 80 1
21 79 1
22 78 1
22 77 1
23 76 1
23 75 1
24 74 1
24 73 1
24 72 1
.PEN_UP
.PEN_DOWN
35 63 1
38 64 1
39 65 1
40 66 1
40 67 1
40 68 1
40 69 1
40 70 1
40 71 1
40 72 1
40 73 1
40 74 1
40 75 1
39 76 1
39 77 1
38 78 1
38 79 1
38 80 1
37 81 1
37 82 1
36 83 1
36 84 1
35 85 1
34 86 1
34 87 1
33 88 1
33 89 1
33 90 1
33 91 1
33 92 1
31 94 1
30 95 1
29 96 1
28 97 1
27 98 1
26 99 1
25 99 1
24 100 1
23 101 1
22 101 1
21 102 1
20 102 1
19 102 1
18 103 1
16 102 1
16 101 1
16 100 1
.PEN_UP
.PEN_DOWN
17 103 1
17 105 1
17 106 1
17 107 1
17 108 1
15 109 1
14 110 1
13 110 1
12 110 1
11 111 1
10 112 1
9 113 1
8 113 1
7 114 1
6 115 1
5 116 1
4 117 1
3 118 1
2 118 1
1 118 1
.PEN_UP
.PEN_DOWN
16 109 1
18 110 1
18 111 1
18 112 1
18 113 1
18 114 1
18 115 1
18 116 1
18 117 1
18 118 1
18 119 1
19 120 1
20 121 1
21 120 1
22 120 1
23 120 1
24 119 1
25 119 1
26 118 1
27 117 1
28 116 1
29 115 1
30 114 1
31 113 1
32 112 1
33 112 1
34 112 1
35 112 1
36 111 1
37 111 1
38 112 1
39 112 1
40 113 1
40 114 1
40 115 1
40 116 1
40 117 1
40 118 1
40 119 1
39 120 1
39 121 1
39 122 1
38 123 1
37 124 1
37 125 1
36 126 1
35 127 1
34 128 1
33 129 1
33 130 1
32 131 1
31 132 1
30 133 1
29 134 1
28 135 1
27 135 1
26 136 1
25 137 1
24 137 1
23 138 1
22 139 1
22 140 1
21 141 1
21 142 1
20 143 1
19 144 1
19 145 1
19 146 1
19 147 1
.PEN_UP
.PEN_DOWN
19 122 1
19 123 1
18 124 1
18 125 1
18 126 1
18 127 1
18 128 1
17 129 1
17 130 1
17 131 1
.PEN_UP
.PEN_DOWN
32 93 1
35 93 1
36 93 1
37 92 1
38 92 1
39 92 1
40 92 1
41 92 1
42 92 1
43 93 1
44 93 1
.PEN_UP
.PEN_DOWN
112 104 1
111 105 1
110 106 1
110 108 1
110 109 1
109 110 1
109 111 1
108 112 1
107 113 1
106 114 1
105 115 1
104 115 1
103 116 1
102 117 1
101 118 1
100 119 1
99 120 1
98 121 1
97 121 1
96 122 1
95 123 1
94 124 1
93 125 1
92 125 1
91 126 1
90 127 1
89 127 1
88 128 1
87 129 1
86 130 1
85 131 1
84 131 1
83 132 1
82 133 1
81 134 1
80 135 1
79 136 1
78 137 1
77 138 1
76 139 1
75 139 1
74 140 1
73 140 1
72 141 1
71 141 1
70 141 1
69 142 1
68 142 1
66 143 1
65 144 1
65 145 1
64 146 1
63 147 1
63 148 1
62 149 1
61 150 1
60 151 1
59 152 1
58 153 1
57 154 1
56 155 1
56 156 1
55 157 1
54 158 1
53 159 1
52 160 1
51 161 1
50 162 1
50 163 1
49 164 1
48 165 1
47 166 1
46 167 1
45 169 1
45 170 1
45 171 1
45 172 1
45 173 1
45 174 1
45 175 1
45 176 1
44 177 1
44 178 1
42 179 1
41 180 1
40 181 1
39 182 1
38 183 1
37 184 1
36 185 1
35 186 1
34 187 1
33 188 1
32 189 1
31 190 1
30 191 1
29 192 1
28 193 1
27 194 1
26 195 1
26 196 1
25 197 1
24 198 1
23 199 1
.PEN_UP
.PEN_DOWN
43 179 1
46 180 1
47 180 1
48 181 1
48 182 1
49 183 1
49 184 1
49 185 1
49 186 1
49 187 1
48 188 1
48 189 1
48 190 1
48 191 1
47 192 1
47 193 1
46 194 1
46 195 1
46 196 1
45 197 1
44 198 1
44 199 1
44 200 1
43 201 1
42 202 1
42 203 1
42 204 1
41 205 1
40 206 1
40 207 1
40 208 1
39 209 1
38 210 1
38 211 1
37 212 1
37 213 1
36 214 1
36 215 1
35 216 1
35 217 1
35 218 1
35 219 1
35 220 1
34 222 1
33 223 1
32 224 1
31 225 1
30 226 1
29 227 1
28 228 1
27 229 1
26 230 1
25 231 1
24 232 1
23 232 1
22 233 1
21 234 1
21 235 1
21 236 1
21 237 1
20 238 1
19 239 1
19 240 1
17 241 1
16 241 1
15 242 1
14 242 1
13 243 1
12 244 1
11 245 1
10 245 1
9 246 1
8 247 1
7 248 1
6 249 1
7 250 1
7 251 1
.PEN_UP
.PEN_DOWN
18 241 1
19 243 1
19 244 1
19 245 1
19 246 1
18 247 1
18 248 1
18 249 1
18 250 1
18 251 1
17 252 1
17 253 1
17 254 1
17 255 1
17 256 1
16 257 1
16 258 1
16 259 1
16 260 1
15 261 1
15 262 1
14 263 1
14 264 1
14 265 1
14 266 1
14 267 1
14 268 1
14 269 1
14 270 1
14 271 1
13 274 1
13 275 1
12 276 1
12 277 1
.PEN_UP
.PEN_DOWN
14 272 1
16 271 1
17 271 1
18 271 1
19 270 1
20 270 1
21 269 1
22 268 1
23 267 1
24 266 1
25 265 1
26 264 1
27 263 1
28 262 1
29 261 1
30 260 1
31 260 1
32 259 1
33 258 1
34 257 1
35 256 1
36 255 1
37 255 1
38 254 1
39 253 1
40 253 1
41 253 1
42 253 1
43 253 1
44 253 1
45 254 1
46 255 1
46 256 1
46 257 1
46 258 1
46 259 1
46 260 1
45 261 1
45 262 1
44 263 1
44 264 1
44 265 1
43 266 1
43 267 1
42 268 1
42 269 1
41 270 1
41 271 1
40 272 1
40 273 1
39 274 1
38 275 1
38 276 1
37 277 1
37 278 1
36 279 1
36 280 1
35 281 1
35 282 1
34 283 1
33 284 1
33 285 1
33 286 1
32 287 1
32 288 1
31 289 1
31 290 1
31 291 1
31 292 1
30 294 1
29 295 1
28 296 1
27 297 1
26 298 1
25 299 1
.PEN_UP
.PEN_DOWN
31 293 1
33 293 1
34 293 1
35 293 1
36 293 1
37 293 1
38 293 1
39 293 1
40 293 1
41 293 1
42 294 1
43 295 1
44 296 1
45 297 1
46 298 1
46 299 1
47 300 1
47 301 1
48 302 1
48 303 1
48 304 1
48 305 1
49 306 1
49 307 1
49 308 1
49 309 1
49 310 1
49 311 1
48 312 1
48 313 1
48 314 1
48 315 1
48 316 1
48 317 1
47 318 1
46 319 1
44 319 1
43 319 1
42 319 1
41 319 1
40 319 1
39 319 1
38 319 1
37 319 1
36 319 1
35 319 1
34 320 1
33 320 1
32 320 1
31 321 1
30 322 1
29 322 1
28 323 1
27 324 1
26 325 1
25 326 1
24 327 1
23 328 1
23 329 1
22 330 1
21 331 1
21 332 1
20 333 1
20 334 1
20 335 1
20 336 1
20 337 1
21 338 1
22 339 1
23 339 1
24 339 1
25 340 1
26 340 1
27 340 1
28 339 1
29 339 1
30 339 1
31 339 1
32 339 1
33 339 1
34 338 1
35 338 1
36 337 1
37 336 1
38 335 1
39 335 1
40 335 1
41 334 1
42 334 1
43 333 1
44 333 1
45 335 1
45 336 1
44 337 1
44 338 1
44 339 1
44 340 1
43 341 1
42 342 1
42 343 1
42 344 1
41 345 1
41 346 1
41 347 1
40 348 1
40 349 1
39 350 1
39 351 1
38 352 1
38 353 1
37 354 1
36 355 1
36 356 1
35 357 1
35 358 1
34 359 1
34 360 1
34 361 1
33 362 1
32 363 1
31 364 1
30 365 1
29 366 1
28 367 1
27 368 1
26 369 1
25 370 1
24 371 1
23 372 1
22 373 1
21 373 1
20 374 1
19 375 1
18 376 1
17 377 1
16 378 1
15 379 1
14 380 1
14 381 1
13 382 1
12 383 1
.PEN_UP
.PEN_DOWN
45 332 1
45 331 1
45 330 1
46 329 1
46 328 1
46 327 1
46 326 1
46 325 1
46 324 1
46 323 1
46 322 1
46 321 1
.PEN_UP
.PEN_DOWN
35 221 1
37 220 1
38 220 1
39 220 1
40 220 1
41 220 1
42 220 1
43 220 1
44 219 1
45 220 1
46 220 1
47 220 1
48 221 1
49 222 1
50 223 1
51 224 1
51 225 1
52 226 1
52 227 1
52 228 1
52 229 1
52 230 1
52 231 1
52 232 1
52 233 1
51 234 1
51 235 1
51 236 1
51 237 1
51 238 1
50 239 1
49 240 1
49 241 1
.PEN_UP
.PEN_DOWN
43 167 1
42 167 1
41 168 1
40 169 1
39 169 1
.PEN_UP
.PEN_DOWN
41 166 1
40 165 1
40 164 1
40 163 1
40 162 1
40 161 1
41 160 1
41 159 1
41 158 1
41 157 1
40 156 1
40 155 1
40 154 1
40 153 1
39 152 1
38 151 1
37 151 1
36 151 1
35 151 1
34 151 1
33 151 1
32 152 1
31 153 1
30 154 1
29 155 1
28 156 1
27 157 1
26 158 1
25 159 1
25 160 1
25 161 1
24 162 1
23 163 1
23 164 1
22 165 1
22 166 1
21 167 1
20 168 1
20 169 1
19 170 1
19 171 1
19 172 1
19 173 1
19 174 1
19 175 1
18 176 1
19 177 1
19 178 1
19 179 1
20 180 1
21 181 1
22 182 1
23 183 1
24 183 1
25 182 1
26 182 1
27 181 1
27 180 1
27 179 1
27 178 1
.PEN_UP
.PEN_DOWN
67 141 1
67 140 1
68 139 1
68 138 1
68 137 1
69 136 1
69 135 1
70 134 1
71 133 1
72 132 1
73 131 1
74 130 1
74 129 1
75 128 1
76 127 1
77 127 1
78 126 1
79 125 1
80 124 1
81 123 1
82 122 1
83 121 1
84 120 1
85 119 1
86 118 1
87 117 1
88 117 1
89 116 1
90 115 1
91 115 1
92 114 1
93 114 1
94 113 1
95 112 1
96 111 1
97 111 1
98 110 1
99 110 1
100 109 1
101 108 1
102 108 1
103 107 1
104 107 1
105 107 1
106 107 1
107 106 1
108 106 1
109 106 1
.PEN_UP
