.PEN_DOWN
68 21 1
69 21 1
70 22 1
71 23 1
72 24 1
73 24 1
74 25 1
75 26 1
78 26 1
79 25 1
80 25 1
81 25 1
82 24 1
83 24 1
84 24 1
85 23 1
86 23 1
87 22 1
87 21 1
87 20 1
88 19 1
88 18 1
88 17 1
87 16 1
86 15 1
85 14 1
84 14 1
83 13 1
82 13 1
81 13 1
80 12 1
79 12 1
78 12 1
77 11 1
76 11 1
75 11 1
74 11 1
73 11 1
72 11 1
71 10 1
69 10 1
68 10 1
67 10 1
66 10 1
65 10 1
64 10 1
63 10 1
62 10 1
61 10 1
60 10 1
59 10 1
57 9 1
56 9 1
55 9 1
54 9 1
53 9 1
52 9 1
51 9 1
50 9 1
49 9 1
48 9 1
47 9 1
46 9 1
45 9 1
44 9 1
43 8 1
42 8 1
41 8 1
40 8 1
39 8 1
38 8 1
37 8 1
36 8 1
35 8 1
34 8 1
33 8 1
32 8 1
31 8 1
30 8 1
29 8 1
28 8 1
27 8 1
26 8 1
25 8 1
24 8 1
23 8 1
22 8 1
21 9 1
20 9 1
19 9 1
18 9 1
17 9 1
16 9 1
15 9 1
14 9 1
13 8 1
12 9 1
11 9 1
10 9 1
9 9 1
8 9 1
7 9 1
6 10 1
5 10 1
4 10 1
3 11 1
2 12 1
2 13 1
1 14 1
1 15 1
1 16 1
2 17 1
2 18 1
3 19 1
4 20 1
5 20 1
6 21 1
7 22 1
8 22 1
9 22 1
10 22 1
11 22 1
12 23 1
13 23 1
14 24 1
15 24 1
16 24 1
17 24 1
18 24 1
19 24 1
20 24 1
21 25 1
22 25 1
23 25 1
24 25 1
25 25 1
26 25 1
27 25 1
28 25 1
29 25 1
30 25 1
31 25 1
32 25 1
33 24 1
34 24 1
35 24 1
36 23 1
37 23 1
38 23 1
39 23 1
40 22 1
41 22 1
42 21 1
43 21 1
44 21 1
45 20 1
46 20 1
47 19 1
48 19 1
49 19 1
50 18 1
51 18 1
52 18 1
53 17 1
54 16 1
55 16 1
56 15 1
57 14 1
57 13 1
58 12 1
58 11 1
.PEN_UP
.PEN_DOWN
70 10 1
71 8 1
71 7 1
72 6 1
73 5 1
74 4 1
75 3 1
76 2 1
77 1 1
.PEN_UP
.PEN_DOWN
76 26 1
77 28 1
77 29 1
77 30 1
77 31 1
77 32 1
77 33 1
77 34 1
77 35 1
78 36 1
79 36 1
80 36 1
81 36 1
82 37 1
83 38 1
84 39 1
85 40 1
85 41 1
85 42 1
85 43 1
84 44 1
84 45 1
84 46 1
83 47 1
83 48 1
82 49 1
81 49 1
80 49 1
79 49 1
78 49 1
77 50 1
.PEN_UP
.PEN_DOWN
83 50 1
84 50 1
85 50 1
86 51 1
87 51 1
88 51 1
91 51 1
92 51 1
93 50 1
94 50 1
95 50 1
96 50 1
97 50 1
98 50 1
101 50 1
102 50 1
103 50 1
104 50 1
105 50 1
106 50 1
107 50 1
108 49 1
109 49 1
110 49 1
111 48 1
112 48 1
113 48 1
114 48 1
115 48 1
116 48 1
117 48 1
118 48 1
119 47 1
120 47 1
121 47 1
122 46 1
123 46 1
124 46 1
125 45 1
126 45 1
127 44 1
127 43 1
128 42 1
128 41 1
127 40 1
126 39 1
125 39 1
124 39 1
123 39 1
122 38 1
121 38 1
120 38 1
119 38 1
118 38 1
117 39 1
116 39 1
115 39 1
114 39 1
113 39 1
112 39 1
111 39 1
110 40 1
109 40 1
108 40 1
107 41 1
106 41 1
105 42 1
104 42 1
103 43 1
102 43 1
101 44 1
100 45 1
100 46 1
99 47 1
99 48 1
99 49 1
.PEN_UP
