.PEN_DOWN
26 20 1
25 21 1
25 22 1
24 23 1
24 24 1
23 25 1
23 26 1
22 27 1
22 28 1
22 29 1
22 30 1
22 31 1
23 32 1
24 33 1
25 33 1
26 33 1
27 33 1
28 33 1
29 32 1
30 33 1
31 34 1
32 34 1
33 34 1
34 33 1
35 33 1
36 33 1
37 32 1
37 31 1
38 30 1
39 29 1
40 28 1
41 27 1
41 26 1
42 25 1
42 24 1
42 23 1
43 21 1
44 20 1
45 20 1
46 20 1
47 19 1
47 18 1
48 17 1
48 16 1
48 15 1
48 14 1
49 13 1
49 12 1
50 11 1
50 10 1
50 9 1
50 8 1
50 7 1
50 6 1
50 5 1
50 4 1
50 3 1
49 2 1
48 1 1
47 1 1
46 1 1
45 1 1
44 2 1
43 2 1
42 3 1
41 3 1
40 4 1
39 5 1
38 6 1
37 7 1
36 8 1
35 9 1
34 10 1
33 11 1
33 12 1
32 13 1
31 14 1
30 15 1
29 16 1
29 17 1
.PEN_UP
.PEN_DOWN
48 20 1
49 20 1
50 20 1
51 21 1
52 22 1
53 23 1
54 24 1
55 25 1
55 26 1
55 27 1
55 28 1
.PEN_UP
.PEN_DOWN
41 22 1
40 23 1
39 23 1
38 23 1
37 24 1
.PEN_UP
.PEN_DOWN
30 31 1
30 30 1
31 29 1
32 28 1
33 27 1
33 26 1
.PEN_UP
.PEN_DOWN
49 40 1
48 41 1
47 42 1
46 43 1
46 44 1
45 45 1
44 46 1
43 47 1
42 48 1
41 49 1
40 50 1
39 51 1
38 52 1
37 53 1
36 54 1
35 54 1
34 55 1
33 56 1
33 57 1
32 58 1
32 59 1
30 61 1
29 61 1
28 62 1
27 62 1
26 63 1
25 64 1
.PEN_UP
.PEN_DOWN
31 60 1
34 60 1
35 60 1
36 59 1
37 59 1
38 59 1
39 58 1
40 58 1
41 59 1
42 58 1
43 58 1
44 57 1
45 56 1
46 55 1
47 54 1
48 53 1
49 52 1
50 52 1
51 51 1
52 50 1
53 49 1
54 49 1
55 48 1
56 48 1
57 47 1
58 46 1
59 46 1
60 45 1
63 45 1
64 45 1
65 45 1
66 44 1
67 44 1
68 43 1
69 43 1
70 42 1
71 42 1
72 41 1
73 41 1
74 40 1
75 39 1
76 39 1
77 39 1
78 38 1
79 38 1
80 37 1
81 36 1
82 36 1
83 35 1
84 35 1
85 34 1
86 34 1
87 33 1
88 32 1
88 31 1
89 30 1
91 29 1
92 28 1
93 28 1
94 27 1
.PEN_UP
.PEN_DOWN
89 29 1
88 28 1
87 28 1
86 28 1
85 29 1
84 29 1
83 29 1
82 29 1
81 30 1
80 31 1
79 31 1
78 31 1
77 32 1
76 32 1
75 33 1
74 33 1
73 34 1
72 35 1
71 35 1
70 36 1
69 36 1
68 37 1
67 38 1
66 38 1
65 39 1
64 39 1
63 40 1
62 41 1
62 42 1
61 43 1
61 44 1
.PEN_UP
.PEN_DOWN
41 60 1
40 61 1
40 62 1
40 63 1
39 64 1
39 65 1
38 66 1
38 67 1
38 68 1
38 69 1
38 70 1
37 71 1
38 72 1
38 73 1
38 74 1
39 75 1
40 76 1
41 76 1
42 76 1
43 76 1
44 76 1
45 75 1
46 74 1
47 73 1
48 72 1
49 71 1
50 70 1
51 69 1
51 67 1
51 66 1
51 65 1
52 64 1
53 63 1
54 62 1
55 61 1
55 60 1
56 59 1
56 58 1
56 57 1
56 56 1
.PEN_UP
.PEN_DOWN
51 68 1
53 70 1
53 71 1
53 72 1
53 73 1
53 74 1
53 75 1
53 76 1
53 77 1
52 78 1
52 79 1
52 80 1
51 81 1
51 82 1
51 83 1
50 84 1
50 85 1
50 86 1
50 87 1
49 90 1
48 91 1
47 92 1
46 93 1
45 94 1
44 95 1
43 96 1
42 97 1
41 98 1
40 99 1
39 100 1
38 101 1
37 101 1
36 102 1
35 103 1
34 104 1
32 105 1
31 105 1
30 106 1
.PEN_UP
.PEN_DOWN
33 104 1
34 106 1
34 107 1
34 108 1
34 109 1
34 110 1
34 111 1
33 112 1
33 113 1
33 114 1
33 115 1
34 116 1
35 117 1
36 117 1
37 118 1
38 118 1
39 119 1
40 119 1
41 119 1
42 119 1
43 119 1
44 119 1
45 118 1
46 118 1
47 118 1
48 117 1
49 117 1
50 117 1
52 116 1
52 115 1
53 114 1
54 113 1
54 112 1
54 111 1
54 110 1
54 109 1
55 108 1
56 108 1
57 108 1
58 107 1
58 106 1
59 105 1
60 104 1
60 103 1
61 102 1
62 101 1
62 100 1
62 99 1
62 98 1
62 97 1
62 96 1
61 95 1
61 94 1
.PEN_UP
.PEN_DOWN
51 117 1
51 119 1
51 120 1
51 121 1
51 122 1
51 123 1
49 126 1
49 127 1
49 128 1
49 129 1
49 130 1
49 131 1
48 132 1
48 133 1
47 134 1
47 135 1
47 136 1
46 137 1
45 138 1
45 139 1
44 140 1
44 141 1
43 142 1
42 143 1
41 143 1
40 144 1
39 144 1
38 143 1
37 142 1
36 142 1
35 141 1
34 140 1
33 139 1
33 138 1
32 137 1
32 136 1
32 135 1
33 134 1
33 133 1
34 132 1
.PEN_UP
.PEN_DOWN
50 124 1
53 124 1
54 124 1
55 125 1
56 126 1
57 127 1
57 128 1
58 129 1
58 130 1
58 131 1
58 132 1
58 133 1
58 134 1
58 135 1
58 136 1
57 137 1
57 138 1
57 139 1
56 140 1
56 141 1
56 142 1
56 143 1
.PEN_UP
.PEN_DOWN
51 124 1
48 124 1
47 124 1
46 125 1
45 125 1
44 125 1
43 125 1
42 126 1
41 126 1
40 127 1
39 128 1
38 129 1
.PEN_UP
.PEN_DOWN
50 88 1
52 88 1
53 88 1
54 88 1
55 87 1
56 87 1
57 87 1
58 86 1
59 85 1
60 85 1
61 84 1
62 84 1
63 83 1
64 83 1
65 82 1
66 82 1
67 81 1
68 81 1
69 80 1
70 80 1
71 79 1
72 79 1
73 78 1
74 77 1
75 77 1
76 76 1
77 76 1
78 76 1
79 75 1
80 75 1
81 75 1
82 74 1
83 74 1
84 73 1
85 73 1
86 72 1
.PEN_UP
.PEN_DOWN
40 171 1
39 172 1
38 172 1
37 172 1
36 170 1
36 169 1
36 168 1
37 167 1
37 166 1
37 165 1
38 164 1
39 163 1
39 162 1
40 161 1
41 160 1
41 159 1
42 158 1
43 158 1
44 157 1
45 156 1
46 155 1
47 154 1
48 153 1
49 153 1
50 152 1
51 152 1
52 152 1
53 152 1
54 153 1
55 154 1
55 155 1
55 156 1
55 157 1
55 158 1
54 159 1
54 160 1
54 161 1
54 162 1
54 163 1
54 164 1
52 165 1
51 166 1
50 167 1
49 167 1
48 168 1
47 169 1
47 170 1
47 171 1
47 172 1
46 173 1
45 174 1
44 175 1
43 176 1
42 176 1
41 176 1
40 177 1
39 177 1
38 179 1
37 180 1
36 181 1
35 181 1
34 180 1
34 179 1
33 178 1
33 177 1
34 176 1
35 176 1
36 175 1
.PEN_UP
.PEN_DOWN
53 165 1
56 165 1
57 165 1
58 166 1
59 167 1
59 168 1
59 169 1
59 170 1
59 171 1
59 172 1
59 173 1
58 174 1
58 175 1
57 176 1
57 177 1
56 178 1
.PEN_UP
.PEN_DOWN
13 221 1
14 220 1
15 220 1
16 219 1
17 218 1
18 217 1
19 216 1
20 215 1
21 214 1
22 213 1
23 212 1
24 211 1
25 210 1
26 210 1
27 209 1
28 208 1
29 208 1
30 207 1
31 206 1
32 206 1
33 205 1
34 204 1
35 204 1
36 203 1
37 203 1
38 202 1
39 201 1
40 200 1
41 200 1
42 200 1
43 200 1
44 199 1
45 199 1
46 199 1
47 199 1
48 199 1
49 200 1
50 200 1
51 200 1
52 201 1
53 202 1
54 203 1
54 204 1
55 205 1
55 206 1
55 207 1
55 208 1
55 209 1
55 210 1
55 211 1
55 212 1
55 213 1
55 214 1
55 215 1
.PEN_UP
.PEN_DOWN
4 232 1
3 233 1
2 234 1
1 235 1
1 236 1
.PEN_UP
