.PEN_DOWN
1 22 1
2 23 1
2 24 1
2 25 1
2 26 1
2 27 1
.PEN_UP
.PEN_DOWN
35 1 1
36 1 1
37 1 1
38 1 1
39 2 1
40 2 1
41 3 1
42 4 1
42 5 1
43 6 1
43 7 1
42 8 1
42 9 1
42 10 1
42 11 1
41 12 1
41 13 1
40 14 1
39 15 1
39 16 1
39 17 1
38 18 1
38 19 1
37 20 1
37 22 1
38 23 1
39 24 1
40 25 1
40 26 1
41 27 1
41 28 1
42 29 1
42 30 1
42 31 1
42 32 1
42 33 1
42 34 1
42 35 1
41 36 1
41 37 1
41 38 1
41 39 1
41 40 1
41 41 1
40 42 1
40 43 1
40 44 1
40 45 1
41 46 1
41 47 1
42 48 1
42 49 1
43 50 1
44 51 1
44 52 1
44 53 1
44 54 1
44 55 1
44 56 1
44 57 1
44 58 1
44 59 1
44 60 1
45 61 1
45 62 1
.PEN_UP
