.PEN_DOWN
24 2 1
23 2 1
22 2 1
21 2 1
20 2 1
19 3 1
19 4 1
19 5 1
19 6 1
19 7 1
18 8 1
18 9 1
17 10 1
17 11 1
17 12 1
17 13 1
17 14 1
17 15 1
17 16 1
17 17 1
17 18 1
18 19 1
18 20 1
19 21 1
19 22 1
20 23 1
20 24 1
20 25 1
21 26 1
21 27 1
21 28 1
21 29 1
21 30 1
21 31 1
21 32 1
21 33 1
22 34 1
24 35 1
25 35 1
26 35 1
27 35 1
28 35 1
29 35 1
30 35 1
31 35 1
32 35 1
33 36 1
34 36 1
35 36 1
36 36 1
37 37 1
38 37 1
39 37 1
40 38 1
41 38 1
42 38 1
43 39 1
44 39 1
45 39 1
46 40 1
47 40 1
48 40 1
49 41 1
50 41 1
51 41 1
52 41 1
53 41 1
54 41 1
55 41 1
56 41 1
57 41 1
58 40 1
59 40 1
60 40 1
61 39 1
62 38 1
62 37 1
63 36 1
63 35 1
64 34 1
64 33 1
64 32 1
64 31 1
64 30 1
65 29 1
65 28 1
65 27 1
65 26 1
64 25 1
64 24 1
64 23 1
64 22 1
64 21 1
63 20 1
63 19 1
62 18 1
61 17 1
60 16 1
59 15 1
58 14 1
.PEN_UP
.PEN_DOWN
21 35 1
20 36 1
19 37 1
18 37 1
17 38 1
16 39 1
15 39 1
14 40 1
13 41 1
12 41 1
11 42 1
10 43 1
8 43 1
7 42 1
6 42 1
.PEN_UP
.PEN_DOWN
9 43 1
10 45 1
10 46 1
9 47 1
.PEN_UP
.PEN_DOWN
53 1 1
54 2 1
55 3 1
56 3 1
57 4 1
.PEN_UP
.PEN_DOWN
48 61 1
47 61 1
46 61 1
45 62 1
44 62 1
43 63 1
42 64 1
42 65 1
41 66 1
41 67 1
41 70 1
42 71 1
43 72 1
44 73 1
45 73 1
46 74 1
47 74 1
48 75 1
49 75 1
50 75 1
51 75 1
52 75 1
53 76 1
54 77 1
56 77 1
57 77 1
58 76 1
59 76 1
60 76 1
61 76 1
62 76 1
63 75 1
64 75 1
65 74 1
66 74 1
.PEN_UP
.PEN_DOWN
55 77 1
54 79 1
54 80 1
53 81 1
53 82 1
53 83 1
53 84 1
53 85 1
52 86 1
52 87 1
52 88 1
52 89 1
52 90 1
52 91 1
51 92 1
51 93 1
50 94 1
50 95 1
49 96 1
49 97 1
49 98 1
47 99 1
46 100 1
45 100 1
44 100 1
43 101 1
42 102 1
41 103 1
40 104 1
40 105 1
39 106 1
.PEN_UP
.PEN_DOWN
48 99 1
50 100 1
51 101 1
52 102 1
53 103 1
53 104 1
53 105 1
53 106 1
52 107 1
52 108 1
52 109 1
52 110 1
52 111 1
51 112 1
51 113 1
51 114 1
50 115 1
49 116 1
48 117 1
47 118 1
46 119 1
45 120 1
44 121 1
43 122 1
41 123 1
40 123 1
39 123 1
38 123 1
37 123 1
36 123 1
35 123 1
34 123 1
33 123 1
32 123 1
31 122 1
30 122 1
29 122 1
28 122 1
27 121 1
26 121 1
25 120 1
24 120 1
23 120 1
22 119 1
21 119 1
20 119 1
19 119 1
18 118 1
17 118 1
16 117 1
15 117 1
14 117 1
13 116 1
12 116 1
.PEN_UP
.PEN_DOWN
42 123 1
43 125 1
43 126 1
44 127 1
44 128 1
45 129 1
46 130 1
47 131 1
47 132 1
48 133 1
48 134 1
48 135 1
48 136 1
48 137 1
48 138 1
48 139 1
48 140 1
47 141 1
47 142 1
46 143 1
45 143 1
44 143 1
43 143 1
42 144 1
42 145 1
41 146 1
41 147 1
39 148 1
38 148 1
37 148 1
36 148 1
35 148 1
34 148 1
33 150 1
32 151 1
32 152 1
31 153 1
30 154 1
29 155 1
28 155 1
27 156 1
26 156 1
25 156 1
24 156 1
23 156 1
22 156 1
21 156 1
20 156 1
19 155 1
18 155 1
17 155 1
16 155 1
15 155 1
14 154 1
13 153 1
13 152 1
12 151 1
12 150 1
10 149 1
9 149 1
8 149 1
7 149 1
6 149 1
5 149 1
4 149 1
3 149 1
2 149 1
1 150 1
.PEN_UP
.PEN_DOWN
11 149 1
13 147 1
13 146 1
14 145 1
15 145 1
16 145 1
17 145 1
18 144 1
19 144 1
20 145 1
21 145 1
22 145 1
23 145 1
24 145 1
25 145 1
26 145 1
27 145 1
28 145 1
29 145 1
30 146 1
31 146 1
32 147 1
33 148 1
.PEN_UP
.PEN_DOWN
40 148 1
42 149 1
43 150 1
44 151 1
44 152 1
45 153 1
45 154 1
46 155 1
47 156 1
48 157 1
48 158 1
49 159 1
50 160 1
50 161 1
51 162 1
51 163 1
51 164 1
50 165 1
50 166 1
50 167 1
49 168 1
49 169 1
48 170 1
48 171 1
47 172 1
46 173 1
45 174 1
44 175 1
43 175 1
42 176 1
41 176 1
40 177 1
39 177 1
38 178 1
36 178 1
35 177 1
34 177 1
33 177 1
.PEN_UP
.PEN_DOWN
37 178 1
38 180 1
38 181 1
38 182 1
38 183 1
38 184 1
38 185 1
38 186 1
38 187 1
38 188 1
38 189 1
38 190 1
38 191 1
38 192 1
38 193 1
38 194 1
38 195 1
39 196 1
41 197 1
42 197 1
43 197 1
44 197 1
.PEN_UP
.PEN_DOWN
39 197 1
38 198 1
37 199 1
36 200 1
35 201 1
34 202 1
33 203 1
33 204 1
33 205 1
33 206 1
33 207 1
34 208 1
34 209 1
34 210 1
35 211 1
35 212 1
36 213 1
37 214 1
38 215 1
38 216 1
39 217 1
40 218 1
40 219 1
40 220 1
40 221 1
40 222 1
40 223 1
40 224 1
40 225 1
40 226 1
40 227 1
39 228 1
39 229 1
39 230 1
38 231 1
38 232 1
38 233 1
37 234 1
37 235 1
37 236 1
36 237 1
36 238 1
36 239 1
35 241 1
34 242 1
34 243 1
33 244 1
.PEN_UP
.PEN_DOWN
36 240 1
38 241 1
39 241 1
40 241 1
41 241 1
42 241 1
43 241 1
44 241 1
45 241 1
46 241 1
47 241 1
48 241 1
49 241 1
50 241 1
51 241 1
52 241 1
53 241 1
54 241 1
55 241 1
56 241 1
57 241 1
58 240 1
59 240 1
60 240 1
61 240 1
62 240 1
63 240 1
64 239 1
65 239 1
66 239 1
67 239 1
68 239 1
69 239 1
70 239 1
71 239 1
72 238 1
73 238 1
74 238 1
75 238 1
76 238 1
77 238 1
78 238 1
79 237 1
80 237 1
81 237 1
82 237 1
83 237 1
84 237 1
85 237 1
86 236 1
87 236 1
88 236 1
89 236 1
90 236 1
91 235 1
92 235 1
93 235 1
94 235 1
95 235 1
96 235 1
97 236 1
99 235 1
100 234 1
101 234 1
102 234 1
103 233 1
104 232 1
105 232 1
106 232 1
107 231 1
108 230 1
109 229 1
110 229 1
111 228 1
112 227 1
113 227 1
114 227 1
115 226 1
116 225 1
117 225 1
118 225 1
119 224 1
120 223 1
121 223 1
122 222 1
123 222 1
124 221 1
124 220 1
125 219 1
125 218 1
126 217 1
127 216 1
128 216 1
129 216 1
130 215 1
131 215 1
132 215 1
133 215 1
134 215 1
135 216 1
137 216 1
138 215 1
139 215 1
140 215 1
141 215 1
142 215 1
143 214 1
144 214 1
145 214 1
146 213 1
147 213 1
148 212 1
149 212 1
150 212 1
151 212 1
.PEN_UP
.PEN_DOWN
136 216 1
135 218 1
134 219 1
134 220 1
133 221 1
132 222 1
131 223 1
130 223 1
129 223 1
128 223 1
127 223 1
126 223 1
125 223 1
124 223 1
.PEN_UP
.PEN_DOWN
98 236 1
97 238 1
96 239 1
96 240 1
96 241 1
95 242 1
95 243 1
95 244 1
94 245 1
94 246 1
93 247 1
92 248 1
92 249 1
91 250 1
91 251 1
90 252 1
90 253 1
89 254 1
89 255 1
88 256 1
88 257 1
87 258 1
86 259 1
86 260 1
85 261 1
85 262 1
85 263 1
84 264 1
84 265 1
84 266 1
83 267 1
83 268 1
83 269 1
82 270 1
81 271 1
.PEN_UP
.PEN_DOWN
1 176 1
1 177 1
2 178 1
2 179 1
.PEN_UP
