.PEN_DOWN
23 6 1
24 5 1
25 5 1
26 5 1
27 5 1
28 4 1
29 4 1
30 4 1
31 3 1
32 3 1
33 2 1
34 2 1
35 2 1
36 2 1
37 1 1
38 1 1
39 2 1
39 3 1
39 4 1
38 5 1
38 6 1
37 7 1
36 8 1
35 9 1
34 9 1
33 10 1
32 11 1
32 12 1
31 13 1
31 14 1
31 15 1
30 16 1
29 16 1
28 15 1
27 15 1
.PEN_UP
.PEN_DOWN
31 17 1
32 17 1
33 17 1
34 17 1
35 18 1
36 18 1
37 19 1
38 20 1
39 21 1
39 22 1
39 23 1
38 24 1
38 25 1
38 26 1
37 27 1
37 28 1
36 29 1
35 30 1
35 31 1
34 32 1
33 33 1
33 34 1
33 35 1
32 36 1
32 37 1
32 38 1
32 39 1
33 40 1
34 40 1
35 40 1
36 40 1
37 41 1
38 41 1
39 41 1
40 42 1
41 43 1
.PEN_UP
.PEN_DOWN
42 122 1
42 121 1
41 120 1
40 119 1
40 118 1
39 117 1
38 116 1
38 115 1
37 114 1
37 113 1
37 112 1
37 111 1
37 110 1
37 109 1
38 108 1
38 107 1
38 106 1
39 105 1
39 104 1
39 103 1
38 102 1
37 101 1
37 100 1
36 99 1
35 98 1
34 97 1
33 96 1
33 95 1
33 94 1
33 93 1
34 92 1
34 91 1
35 90 1
36 89 1
36 88 1
37 87 1
38 86 1
38 85 1
38 84 1
39 83 1
39 82 1
39 81 1
40 80 1
39 79 1
39 78 1
39 77 1
38 76 1
37 75 1
36 74 1
35 73 1
33 73 1
32 73 1
31 72 1
30 71 1
29 70 1
28 69 1
28 68 1
28 67 1
28 66 1
28 65 1
29 64 1
29 63 1
30 62 1
31 61 1
32 60 1
33 59 1
34 59 1
35 58 1
36 58 1
37 57 1
38 57 1
39 58 1
40 58 1
41 59 1
41 60 1
41 61 1
41 62 1
41 63 1
41 64 1
40 65 1
40 66 1
39 67 1
38 68 1
38 69 1
37 70 1
36 71 1
35 72 1
.PEN_UP
.PEN_DOWN
37 166 1
38 165 1
37 164 1
36 163 1
35 162 1
34 161 1
33 160 1
32 159 1
31 159 1
30 158 1
28 157 1
27 156 1
26 155 1
25 154 1
25 153 1
24 152 1
24 151 1
24 150 1
24 149 1
24 148 1
25 147 1
25 146 1
26 145 1
26 144 1
27 143 1
28 142 1
29 141 1
30 140 1
31 140 1
32 139 1
33 139 1
34 139 1
35 140 1
36 141 1
37 142 1
37 143 1
37 144 1
37 145 1
37 146 1
36 147 1
36 148 1
36 149 1
35 150 1
35 151 1
34 152 1
33 153 1
32 154 1
32 155 1
31 156 1
30 157 1
.PEN_UP
.PEN_DOWN
88 175 1
89 174 1
89 173 1
88 172 1
87 172 1
86 172 1
85 172 1
84 172 1
83 173 1
82 173 1
81 173 1
80 174 1
79 174 1
78 175 1
77 175 1
76 175 1
75 176 1
74 176 1
73 177 1
72 177 1
71 178 1
70 178 1
69 179 1
68 179 1
67 180 1
66 181 1
65 182 1
65 183 1
64 184 1
64 185 1
62 186 1
61 187 1
60 187 1
59 187 1
58 188 1
57 189 1
56 189 1
55 190 1
54 191 1
53 191 1
52 192 1
51 192 1
48 192 1
47 193 1
46 193 1
45 193 1
44 193 1
43 193 1
42 194 1
41 194 1
40 194 1
39 195 1
38 195 1
37 195 1
36 196 1
35 196 1
34 196 1
33 196 1
32 196 1
29 195 1
28 195 1
27 194 1
26 193 1
25 192 1
25 191 1
25 190 1
25 189 1
25 188 1
26 187 1
26 186 1
27 185 1
27 184 1
27 183 1
28 182 1
29 182 1
30 182 1
31 181 1
32 181 1
33 182 1
34 183 1
34 184 1
34 185 1
34 186 1
34 187 1
33 188 1
33 189 1
32 190 1
32 191 1
32 192 1
32 193 1
31 194 1
31 195 1
.PEN_UP
.PEN_DOWN
50 192 1
50 194 1
49 195 1
49 196 1
49 197 1
48 198 1
47 199 1
46 200 1
46 201 1
45 202 1
44 203 1
43 204 1
43 205 1
42 206 1
41 206 1
40 207 1
39 208 1
38 209 1
37 210 1
36 211 1
32 214 1
32 215 1
31 216 1
31 217 1
30 218 1
29 219 1
28 220 1
27 221 1
26 221 1
25 221 1
24 222 1
23 222 1
22 222 1
21 221 1
21 220 1
21 219 1
22 218 1
22 217 1
23 216 1
23 215 1
24 214 1
25 213 1
26 212 1
27 212 1
28 212 1
29 211 1
30 211 1
31 211 1
32 211 1
33 212 1
37 213 1
38 214 1
39 215 1
40 216 1
40 217 1
41 218 1
41 219 1
42 220 1
42 221 1
42 222 1
43 223 1
43 224 1
43 225 1
42 226 1
.PEN_UP
.PEN_DOWN
63 186 1
66 186 1
67 186 1
68 185 1
69 185 1
70 184 1
71 184 1
72 183 1
73 183 1
74 183 1
75 182 1
76 181 1
77 181 1
78 181 1
79 180 1
80 180 1
.PEN_UP
.PEN_DOWN
1 286 1
2 285 1
3 284 1
4 283 1
5 282 1
6 281 1
7 280 1
8 279 1
9 278 1
10 278 1
11 277 1
12 276 1
13 276 1
14 275 1
15 275 1
16 274 1
17 274 1
18 274 1
19 273 1
20 273 1
21 273 1
22 273 1
23 273 1
25 274 1
26 274 1
27 274 1
28 274 1
29 274 1
30 275 1
31 275 1
32 275 1
33 276 1
34 276 1
35 277 1
36 278 1
37 278 1
38 279 1
39 280 1
40 281 1
41 282 1
42 283 1
42 284 1
.PEN_UP
.PEN_DOWN
24 272 1
25 271 1
25 270 1
25 269 1
25 268 1
25 267 1
26 266 1
28 264 1
29 264 1
30 263 1
31 262 1
32 261 1
33 260 1
34 259 1
34 258 1
35 257 1
36 256 1
36 255 1
37 254 1
38 253 1
38 252 1
38 251 1
38 250 1
38 249 1
38 248 1
37 247 1
36 246 1
35 245 1
34 245 1
33 245 1
32 246 1
31 246 1
30 247 1
29 247 1
28 248 1
27 249 1
26 250 1
26 251 1
25 252 1
24 253 1
24 254 1
23 255 1
23 256 1
23 257 1
22 258 1
22 259 1
22 260 1
22 261 1
22 262 1
23 263 1
24 264 1
25 264 1
26 265 1
.PEN_UP
