.PEN_DOWN
20 1 1
20 2 1
20 3 1
20 4 1
21 5 1
21 6 1
21 7 1
21 8 1
21 9 1
22 10 1
24 9 1
25 9 1
26 9 1
27 8 1
28 8 1
29 8 1
30 7 1
31 7 1
32 6 1
33 6 1
34 5 1
35 5 1
36 4 1
37 4 1
38 3 1
39 3 1
40 2 1
.PEN_UP
.PEN_DOWN
22 11 1
22 12 1
22 13 1
21 14 1
19 15 1
18 16 1
17 16 1
16 16 1
15 16 1
14 16 1
13 17 1
12 18 1
11 18 1
10 19 1
9 19 1
8 19 1
7 20 1
6 21 1
5 21 1
4 21 1
3 22 1
2 22 1
1 23 1
.PEN_UP
.PEN_DOWN
20 15 1
22 16 1
22 17 1
22 18 1
22 19 1
21 20 1
21 21 1
22 22 1
22 23 1
22 24 1
22 25 1
21 26 1
21 27 1
21 28 1
.PEN_UP
.PEN_DOWN
38 29 1
38 30 1
38 31 1
37 32 1
36 33 1
35 33 1
34 34 1
33 34 1
32 35 1
31 36 1
30 37 1
29 38 1
28 38 1
27 39 1
26 40 1
25 41 1
24 42 1
23 43 1
20 44 1
19 44 1
18 44 1
17 44 1
16 44 1
15 44 1
14 45 1
13 45 1
12 45 1
11 46 1
10 46 1
9 47 1
8 47 1
7 48 1
6 48 1
5 49 1
4 49 1
3 50 1
2 51 1
.PEN_UP
.PEN_DOWN
22 43 1
22 45 1
22 46 1
22 47 1
22 48 1
22 49 1
22 50 1
22 51 1
22 52 1
22 53 1
22 54 1
23 55 1
23 56 1
23 57 1
24 58 1
25 58 1
26 59 1
27 58 1
28 58 1
29 58 1
30 58 1
31 58 1
32 57 1
33 57 1
34 56 1
35 55 1
36 54 1
37 53 1
38 52 1
.PEN_UP
.PEN_DOWN
41 97 1
41 96 1
42 95 1
42 94 1
42 93 1
42 92 1
42 91 1
42 90 1
42 89 1
42 88 1
42 87 1
42 86 1
42 85 1
42 84 1
42 83 1
42 82 1
41 81 1
41 80 1
41 79 1
40 78 1
40 77 1
39 76 1
38 75 1
37 74 1
36 74 1
35 73 1
34 73 1
33 73 1
32 73 1
31 73 1
30 73 1
29 74 1
28 75 1
27 76 1
27 77 1
27 78 1
27 79 1
26 80 1
26 81 1
26 82 1
26 83 1
24 85 1
23 86 1
22 87 1
22 88 1
21 89 1
21 90 1
21 91 1
21 92 1
21 93 1
21 94 1
21 95 1
21 96 1
22 97 1
23 98 1
24 99 1
25 99 1
26 99 1
27 98 1
28 97 1
29 96 1
29 95 1
29 94 1
29 93 1
30 92 1
30 91 1
30 90 1
30 89 1
30 88 1
30 87 1
29 86 1
28 85 1
27 84 1
.PEN_UP
