.PEN_DOWN
27 10 1
26 9 1
25 8 1
25 7 1
25 6 1
25 5 1
26 4 1
27 3 1
28 2 1
29 1 1
30 1 1
31 1 1
32 1 1
33 1 1
34 1 1
35 1 1
36 1 1
37 1 1
38 2 1
39 3 1
40 4 1
41 5 1
42 6 1
43 7 1
44 7 1
45 8 1
46 8 1
47 8 1
48 7 1
49 7 1
50 6 1
51 6 1
52 5 1
52 4 1
53 3 1
53 2 1
54 1 1
.PEN_UP
.PEN_DOWN
56 14 1
56 15 1
56 16 1
55 17 1
55 18 1
55 19 1
54 20 1
53 21 1
52 22 1
51 23 1
50 24 1
49 25 1
49 26 1
48 27 1
47 28 1
46 29 1
45 30 1
45 31 1
45 32 1
44 33 1
43 33 1
42 33 1
41 33 1
40 33 1
39 33 1
38 33 1
37 34 1
35 33 1
34 33 1
33 33 1
32 33 1
31 33 1
30 33 1
29 33 1
28 33 1
27 33 1
26 33 1
25 34 1
24 34 1
23 34 1
22 34 1
21 34 1
20 35 1
19 35 1
18 35 1
17 36 1
16 36 1
15 37 1
14 37 1
13 38 1
12 39 1
11 39 1
10 39 1
9 40 1
9 41 1
8 42 1
8 43 1
9 44 1
10 45 1
11 45 1
12 45 1
13 45 1
14 45 1
15 45 1
16 45 1
17 45 1
18 45 1
19 45 1
20 45 1
21 45 1
22 44 1
23 44 1
24 44 1
25 43 1
26 43 1
27 43 1
28 42 1
29 42 1
30 41 1
31 41 1
32 40 1
33 39 1
34 39 1
35 38 1
35 37 1
36 36 1
36 35 1
.PEN_UP
.PEN_DOWN
45 34 1
46 34 1
47 34 1
48 34 1
49 35 1
50 36 1
51 36 1
52 36 1
53 37 1
54 38 1
54 39 1
.PEN_UP
.PEN_DOWN
36 67 1
37 67 1
38 67 1
39 66 1
40 66 1
41 66 1
42 66 1
43 66 1
44 66 1
45 66 1
46 65 1
47 65 1
48 65 1
49 65 1
50 65 1
51 66 1
52 66 1
.PEN_UP
.PEN_DOWN
75 91 1
76 91 1
77 90 1
78 89 1
79 89 1
80 88 1
81 88 1
82 87 1
83 87 1
84 86 1
85 86 1
86 85 1
87 85 1
88 85 1
89 85 1
90 84 1
91 84 1
92 84 1
93 84 1
94 83 1
95 83 1
96 83 1
97 83 1
98 83 1
99 83 1
100 83 1
101 83 1
102 83 1
103 83 1
104 83 1
105 83 1
106 83 1
107 84 1
108 85 1
109 86 1
108 87 1
108 88 1
108 89 1
107 90 1
106 91 1
105 92 1
104 93 1
103 93 1
102 94 1
101 94 1
100 95 1
99 95 1
98 96 1
97 96 1
96 97 1
95 97 1
94 98 1
93 98 1
92 99 1
91 99 1
90 99 1
89 100 1
88 100 1
87 101 1
86 101 1
85 101 1
84 102 1
83 102 1
82 102 1
81 102 1
80 103 1
79 103 1
78 103 1
77 103 1
76 103 1
75 103 1
74 104 1
73 104 1
72 104 1
71 104 1
70 104 1
69 104 1
68 104 1
67 104 1
66 104 1
65 104 1
64 104 1
63 104 1
62 104 1
61 103 1
60 103 1
59 103 1
58 103 1
57 103 1
56 103 1
55 103 1
54 103 1
53 103 1
52 103 1
51 103 1
50 103 1
49 102 1
47 101 1
46 101 1
45 101 1
44 101 1
43 101 1
42 101 1
41 101 1
40 101 1
39 101 1
38 100 1
37 99 1
38 98 1
38 97 1
38 96 1
39 95 1
40 94 1
41 93 1
42 92 1
43 92 1
44 92 1
45 92 1
46 92 1
47 92 1
48 92 1
49 92 1
50 92 1
51 93 1
51 94 1
51 95 1
50 96 1
50 97 1
50 98 1
50 99 1
50 100 1
49 101 1
.PEN_UP
.PEN_DOWN
12 147 1
13 147 1
14 147 1
15 148 1
16 148 1
17 147 1
18 147 1
19 147 1
20 147 1
21 147 1
22 147 1
23 147 1
24 147 1
25 147 1
26 147 1
27 147 1
28 146 1
29 146 1
30 146 1
31 146 1
32 146 1
33 145 1
34 145 1
35 145 1
36 145 1
37 145 1
38 145 1
39 145 1
40 145 1
41 145 1
42 145 1
43 144 1
44 144 1
45 144 1
46 144 1
47 145 1
46 147 1
46 148 1
46 149 1
45 150 1
45 151 1
44 152 1
43 153 1
42 154 1
42 155 1
41 156 1
40 157 1
39 158 1
39 159 1
39 160 1
38 161 1
38 162 1
38 163 1
39 164 1
40 164 1
41 164 1
42 165 1
43 165 1
44 165 1
45 165 1
46 165 1
47 165 1
48 165 1
49 165 1
50 165 1
51 165 1
52 164 1
53 164 1
54 164 1
55 163 1
56 163 1
57 163 1
58 162 1
59 162 1
.PEN_UP
.PEN_DOWN
37 190 1
36 191 1
35 192 1
34 193 1
34 194 1
33 195 1
33 196 1
32 197 1
32 198 1
31 199 1
31 200 1
31 201 1
30 202 1
30 203 1
30 204 1
29 205 1
29 206 1
29 207 1
28 209 1
27 209 1
26 210 1
25 210 1
24 210 1
23 210 1
22 211 1
21 211 1
20 211 1
19 212 1
18 212 1
17 212 1
16 213 1
15 213 1
14 213 1
13 213 1
12 214 1
11 214 1
10 214 1
9 214 1
8 215 1
7 215 1
6 215 1
5 216 1
4 216 1
3 217 1
2 217 1
1 217 1
.PEN_UP
.PEN_DOWN
29 208 1
31 208 1
32 208 1
33 208 1
34 207 1
35 207 1
36 207 1
37 207 1
38 206 1
39 206 1
40 205 1
41 205 1
42 205 1
43 205 1
44 205 1
45 204 1
46 204 1
47 204 1
48 204 1
49 203 1
50 203 1
51 203 1
52 203 1
53 203 1
54 203 1
55 204 1
56 204 1
.PEN_UP
.PEN_DOWN
62 229 1
61 230 1
60 231 1
59 231 1
58 231 1
57 232 1
56 233 1
55 234 1
54 235 1
53 236 1
52 236 1
51 237 1
51 238 1
50 239 1
50 240 1
49 241 1
47 243 1
46 243 1
45 243 1
44 243 1
43 244 1
42 244 1
41 245 1
40 245 1
39 245 1
38 245 1
37 246 1
36 246 1
35 246 1
34 246 1
33 246 1
32 247 1
31 247 1
30 248 1
29 249 1
28 249 1
27 250 1
26 250 1
25 250 1
24 251 1
23 251 1
22 252 1
21 252 1
20 253 1
19 253 1
18 254 1
17 254 1
16 254 1
15 255 1
14 255 1
13 255 1
12 256 1
11 256 1
.PEN_UP
.PEN_DOWN
48 242 1
50 243 1
51 243 1
52 243 1
53 244 1
54 244 1
55 245 1
.PEN_UP
.PEN_DOWN
51 264 1
52 264 1
53 264 1
54 265 1
55 265 1
56 265 1
57 266 1
57 267 1
58 268 1
57 269 1
57 270 1
57 271 1
56 272 1
55 273 1
54 274 1
53 275 1
52 276 1
51 277 1
51 278 1
50 279 1
50 280 1
50 281 1
49 282 1
47 283 1
46 283 1
45 283 1
44 283 1
43 283 1
42 283 1
.PEN_UP
.PEN_DOWN
48 283 1
51 283 1
52 284 1
53 284 1
54 284 1
55 284 1
56 284 1
57 284 1
58 284 1
59 284 1
60 284 1
61 284 1
62 284 1
63 284 1
64 284 1
65 284 1
66 284 1
67 284 1
68 284 1
69 284 1
70 284 1
71 284 1
72 284 1
73 284 1
74 284 1
75 284 1
76 284 1
77 284 1
78 284 1
79 284 1
80 283 1
81 283 1
82 283 1
83 283 1
84 283 1
85 282 1
86 282 1
87 282 1
88 282 1
89 281 1
90 281 1
91 281 1
92 281 1
93 280 1
94 280 1
95 279 1
96 279 1
97 278 1
98 278 1
99 278 1
100 277 1
101 276 1
102 275 1
102 274 1
103 273 1
103 272 1
104 271 1
104 270 1
105 269 1
105 268 1
105 267 1
105 266 1
105 265 1
105 264 1
106 263 1
106 262 1
105 261 1
105 260 1
105 259 1
104 258 1
104 257 1
.PEN_UP
