.PEN_DOWN
18 16 1
17 16 1
16 16 1
15 16 1
14 16 1
13 16 1
12 16 1
11 16 1
10 16 1
9 17 1
8 17 1
7 17 1
6 16 1
5 16 1
4 16 1
3 15 1
2 14 1
2 13 1
1 12 1
1 11 1
1 10 1
2 9 1
2 8 1
3 7 1
4 6 1
4 5 1
5 4 1
6 4 1
7 3 1
8 3 1
9 3 1
10 3 1
11 3 1
12 3 1
13 3 1
14 3 1
15 3 1
16 3 1
17 3 1
18 2 1
19 2 1
20 2 1
21 2 1
22 2 1
23 2 1
24 1 1
25 1 1
26 1 1
27 1 1
.PEN_UP
.PEN_DOWN
6 18 1
6 19 1
5 20 1
5 21 1
4 22 1
3 23 1
2 24 1
2 25 1
2 26 1
2 27 1
3 28 1
4 29 1
5 29 1
6 30 1
7 30 1
8 30 1
9 31 1
10 31 1
11 31 1
12 31 1
13 31 1
14 31 1
15 31 1
16 31 1
17 31 1
18 31 1
19 31 1
20 31 1
21 30 1
22 30 1
23 30 1
.PEN_UP
.PEN_DOWN
26 70 1
25 70 1
24 69 1
23 68 1
22 68 1
21 68 1
20 68 1
19 68 1
18 68 1
17 68 1
16 67 1
15 67 1
14 67 1
13 67 1
12 67 1
11 67 1
10 67 1
9 67 1
8 67 1
7 67 1
6 67 1
5 68 1
4 69 1
3 70 1
2 71 1
2 72 1
2 73 1
1 74 1
1 75 1
1 76 1
1 77 1
2 78 1
2 79 1
2 80 1
2 81 1
3 82 1
3 83 1
4 84 1
5 85 1
.PEN_UP
.PEN_DOWN
24 109 1
24 108 1
24 107 1
24 106 1
24 105 1
25 104 1
25 103 1
25 102 1
25 101 1
25 100 1
26 99 1
26 98 1
26 97 1
26 96 1
26 95 1
26 94 1
26 93 1
25 92 1
24 91 1
23 90 1
22 89 1
21 88 1
20 88 1
19 87 1
18 87 1
17 87 1
16 87 1
15 87 1
14 88 1
13 88 1
12 88 1
11 89 1
9 90 1
8 90 1
7 90 1
6 91 1
5 92 1
5 93 1
4 94 1
4 95 1
4 96 1
3 97 1
3 98 1
2 99 1
2 100 1
1 101 1
1 102 1
2 103 1
2 104 1
3 105 1
4 106 1
5 106 1
6 105 1
7 104 1
8 103 1
9 102 1
9 101 1
10 100 1
10 99 1
11 98 1
11 97 1
11 96 1
11 95 1
11 94 1
11 93 1
11 92 1
11 91 1
.PEN_UP
