.PEN_DOWN
26 10 1
27 11 1
28 12 1
29 13 1
30 14 1
31 15 1
32 16 1
33 17 1
34 16 1
35 16 1
36 15 1
37 15 1
38 14 1
39 13 1
40 12 1
41 11 1
42 11 1
43 10 1
44 9 1
45 8 1
46 8 1
47 7 1
48 6 1
49 5 1
50 4 1
51 4 1
52 3 1
53 2 1
54 1 1
.PEN_UP
.PEN_DOWN
33 18 1
33 19 1
33 20 1
31 22 1
30 22 1
29 23 1
28 23 1
27 24 1
26 25 1
25 26 1
24 26 1
23 27 1
22 28 1
21 29 1
20 30 1
19 31 1
18 32 1
17 32 1
16 33 1
15 34 1
14 34 1
13 35 1
12 36 1
11 37 1
10 37 1
9 38 1
8 39 1
7 40 1
6 41 1
5 42 1
4 43 1
3 43 1
2 44 1
2 45 1
1 46 1
.PEN_UP
.PEN_DOWN
32 21 1
34 22 1
34 23 1
34 24 1
34 25 1
34 26 1
35 27 1
35 28 1
35 29 1
35 30 1
35 31 1
35 32 1
35 33 1
35 34 1
35 35 1
35 36 1
35 37 1
35 38 1
35 39 1
35 40 1
35 41 1
35 42 1
35 43 1
36 44 1
36 45 1
38 46 1
39 46 1
40 46 1
41 46 1
42 46 1
43 47 1
44 48 1
45 49 1
45 50 1
45 51 1
46 52 1
46 53 1
46 54 1
45 55 1
45 56 1
45 57 1
45 58 1
45 59 1
44 60 1
44 61 1
44 62 1
43 63 1
42 64 1
42 65 1
41 66 1
40 67 1
40 68 1
39 69 1
38 70 1
37 71 1
36 72 1
35 73 1
34 73 1
33 73 1
32 73 1
31 73 1
30 73 1
29 73 1
28 73 1
27 72 1
26 71 1
25 70 1
25 69 1
25 68 1
25 67 1
25 66 1
25 65 1
25 64 1
25 63 1
25 62 1
25 61 1
25 60 1
26 59 1
26 58 1
27 57 1
27 56 1
28 55 1
28 54 1
29 53 1
30 52 1
31 51 1
32 50 1
33 49 1
34 48 1
35 47 1
36 46 1
.PEN_UP
