.PEN_DOWN
1 71 1
2 70 1
3 69 1
4 68 1
5 67 1
6 66 1
7 65 1
8 64 1
9 64 1
10 63 1
13 62 1
14 62 1
15 62 1
16 61 1
17 61 1
18 61 1
19 60 1
20 60 1
21 59 1
22 58 1
23 57 1
24 57 1
25 56 1
26 55 1
27 54 1
28 53 1
29 53 1
30 52 1
31 51 1
32 50 1
33 49 1
34 48 1
35 47 1
36 46 1
37 45 1
38 44 1
39 43 1
39 42 1
39 41 1
40 40 1
40 39 1
41 38 1
41 37 1
41 36 1
42 34 1
43 33 1
44 33 1
45 32 1
46 31 1
47 31 1
48 30 1
49 29 1
50 29 1
51 28 1
52 28 1
53 27 1
54 26 1
55 26 1
56 25 1
57 25 1
58 24 1
59 24 1
60 24 1
61 23 1
63 24 1
64 24 1
65 24 1
66 24 1
67 25 1
68 25 1
69 25 1
70 26 1
71 26 1
72 27 1
73 27 1
74 28 1
75 28 1
76 29 1
77 30 1
78 31 1
79 32 1
.PEN_UP
.PEN_DOWN
62 22 1
63 21 1
63 20 1
63 19 1
64 18 1
64 17 1
65 16 1
66 15 1
67 14 1
67 13 1
68 12 1
69 11 1
70 10 1
71 9 1
72 8 1
73 7 1
74 6 1
75 5 1
75 4 1
76 3 1
77 2 1
78 1 1
.PEN_UP
.PEN_DOWN
40 35 1
39 36 1
38 36 1
37 36 1
36 36 1
35 37 1
34 37 1
33 37 1
32 37 1
31 38 1
30 38 1
29 39 1
28 40 1
27 41 1
26 41 1
25 42 1
25 43 1
24 44 1
23 45 1
22 46 1
21 47 1
20 48 1
19 49 1
18 50 1
17 50 1
16 51 1
16 52 1
15 53 1
15 54 1
14 55 1
13 56 1
12 57 1
12 58 1
12 59 1
11 60 1
11 61 1
11 62 1
.PEN_UP
.PEN_DOWN
75 77 1
76 76 1
76 75 1
76 74 1
77 73 1
77 72 1
76 71 1
75 70 1
74 69 1
73 69 1
72 69 1
71 69 1
70 69 1
69 68 1
68 68 1
67 68 1
65 69 1
65 70 1
64 71 1
63 72 1
62 73 1
61 74 1
60 75 1
59 76 1
58 77 1
57 78 1
56 78 1
55 78 1
54 78 1
53 78 1
52 78 1
51 78 1
50 78 1
49 78 1
48 78 1
47 78 1
46 77 1
45 77 1
44 76 1
44 75 1
43 74 1
43 73 1
43 72 1
43 71 1
44 70 1
44 69 1
44 68 1
45 67 1
45 66 1
46 65 1
47 64 1
48 63 1
48 62 1
49 61 1
50 60 1
51 59 1
52 58 1
53 57 1
54 56 1
55 56 1
56 55 1
57 54 1
58 53 1
59 52 1
60 52 1
61 51 1
62 51 1
63 51 1
64 51 1
65 51 1
66 52 1
67 53 1
67 54 1
68 55 1
68 56 1
68 57 1
68 58 1
67 59 1
67 60 1
67 61 1
67 62 1
67 63 1
67 64 1
67 65 1
66 66 1
66 67 1
.PEN_UP
.PEN_DOWN
74 108 1
73 108 1
72 107 1
71 107 1
70 108 1
69 108 1
68 108 1
67 109 1
66 109 1
65 110 1
64 110 1
63 110 1
62 111 1
61 111 1
60 111 1
59 112 1
58 112 1
57 113 1
56 113 1
55 113 1
54 114 1
53 115 1
52 115 1
51 116 1
50 117 1
49 118 1
48 118 1
47 119 1
46 120 1
45 120 1
44 121 1
43 122 1
42 123 1
41 123 1
40 124 1
39 125 1
38 126 1
38 127 1
37 128 1
36 129 1
35 130 1
33 130 1
32 131 1
31 131 1
30 131 1
29 131 1
28 131 1
27 132 1
26 132 1
25 133 1
24 134 1
23 134 1
22 135 1
21 135 1
20 136 1
19 137 1
18 137 1
17 138 1
16 138 1
15 139 1
14 139 1
13 140 1
12 140 1
11 141 1
10 142 1
9 142 1
8 143 1
7 143 1
6 143 1
5 144 1
.PEN_UP
.PEN_DOWN
34 130 1
35 132 1
35 133 1
34 134 1
34 135 1
34 136 1
34 137 1
34 138 1
33 139 1
32 140 1
32 141 1
31 142 1
31 143 1
30 144 1
30 145 1
30 146 1
29 147 1
29 148 1
29 149 1
29 150 1
28 151 1
28 152 1
27 155 1
26 156 1
25 157 1
24 158 1
23 158 1
22 159 1
21 160 1
20 161 1
19 162 1
19 163 1
.PEN_UP
.PEN_DOWN
28 153 1
30 153 1
31 152 1
32 152 1
33 152 1
34 152 1
35 152 1
36 151 1
37 151 1
38 151 1
39 150 1
40 149 1
41 148 1
42 148 1
43 148 1
44 148 1
45 148 1
46 148 1
47 147 1
48 147 1
49 147 1
50 147 1
51 146 1
52 146 1
53 145 1
53 144 1
53 143 1
53 142 1
54 141 1
55 140 1
56 139 1
57 139 1
58 138 1
59 138 1
60 137 1
61 137 1
62 137 1
63 136 1
64 136 1
65 136 1
66 136 1
67 136 1
68 135 1
69 135 1
70 134 1
71 134 1
72 134 1
73 133 1
74 133 1
75 133 1
76 133 1
.PEN_UP
.PEN_DOWN
53 147 1
53 148 1
54 149 1
54 150 1
54 151 1
54 152 1
54 153 1
54 154 1
54 155 1
54 156 1
54 157 1
54 158 1
54 159 1
55 160 1
57 160 1
58 160 1
59 160 1
60 160 1
61 160 1
62 160 1
63 160 1
64 160 1
65 161 1
66 161 1
67 162 1
67 163 1
68 164 1
68 165 1
69 166 1
69 167 1
69 168 1
69 169 1
69 170 1
69 171 1
70 172 1
70 173 1
70 174 1
70 175 1
70 176 1
70 177 1
70 178 1
70 179 1
70 180 1
69 181 1
68 182 1
67 182 1
66 183 1
65 183 1
64 184 1
63 184 1
62 184 1
61 185 1
60 185 1
59 186 1
58 187 1
57 187 1
56 188 1
56 189 1
55 190 1
55 191 1
54 192 1
53 192 1
52 193 1
51 194 1
50 195 1
49 196 1
49 197 1
48 198 1
47 199 1
46 200 1
.PEN_UP
.PEN_DOWN
56 160 1
55 162 1
54 163 1
54 164 1
54 165 1
54 166 1
53 167 1
53 168 1
52 169 1
52 170 1
51 171 1
50 172 1
.PEN_UP
.PEN_DOWN
48 236 1
48 237 1
49 238 1
49 239 1
49 240 1
49 241 1
49 242 1
49 243 1
49 244 1
50 245 1
50 246 1
50 247 1
50 248 1
50 249 1
50 250 1
50 251 1
50 252 1
49 253 1
49 254 1
49 255 1
49 256 1
49 257 1
49 258 1
50 259 1
50 260 1
.PEN_UP
.PEN_DOWN
80 313 1
79 312 1
78 311 1
77 310 1
76 310 1
75 309 1
74 309 1
73 309 1
72 309 1
71 309 1
70 308 1
69 308 1
68 308 1
67 307 1
65 307 1
64 307 1
63 307 1
62 307 1
61 308 1
60 308 1
59 309 1
58 309 1
57 309 1
56 310 1
55 311 1
54 311 1
53 312 1
52 312 1
51 312 1
50 312 1
49 313 1
48 313 1
47 313 1
46 314 1
45 314 1
44 315 1
44 316 1
43 317 1
43 318 1
42 319 1
41 320 1
40 320 1
39 321 1
38 322 1
37 322 1
36 323 1
35 323 1
34 324 1
33 325 1
32 325 1
31 326 1
30 326 1
29 327 1
28 328 1
27 329 1
26 330 1
25 331 1
24 331 1
23 331 1
22 332 1
21 333 1
20 333 1
19 334 1
18 335 1
17 335 1
16 336 1
15 337 1
14 338 1
13 338 1
12 339 1
11 340 1
10 341 1
.PEN_UP
.PEN_DOWN
44 313 1
43 312 1
43 311 1
42 310 1
41 309 1
41 308 1
41 307 1
42 306 1
42 305 1
42 304 1
43 303 1
43 302 1
44 301 1
45 300 1
46 299 1
47 298 1
48 297 1
49 297 1
50 296 1
51 295 1
52 294 1
53 293 1
54 292 1
55 291 1
56 291 1
57 290 1
58 289 1
59 289 1
60 288 1
61 288 1
62 288 1
63 287 1
64 287 1
65 286 1
66 286 1
67 286 1
68 286 1
69 286 1
70 286 1
71 286 1
72 286 1
73 286 1
74 287 1
74 288 1
75 289 1
74 290 1
74 291 1
74 292 1
74 293 1
74 294 1
73 295 1
72 296 1
71 297 1
70 298 1
69 299 1
69 300 1
68 301 1
68 302 1
67 303 1
67 304 1
67 305 1
67 306 1
.PEN_UP
.PEN_DOWN
49 369 1
50 368 1
51 367 1
52 366 1
53 365 1
53 364 1
53 363 1
54 362 1
54 361 1
55 360 1
56 359 1
57 359 1
58 359 1
59 358 1
60 358 1
61 358 1
62 357 1
63 356 1
64 356 1
65 355 1
66 355 1
67 354 1
68 354 1
69 353 1
70 352 1
71 351 1
73 351 1
74 351 1
75 351 1
76 352 1
77 352 1
78 352 1
79 353 1
79 354 1
80 355 1
80 356 1
79 357 1
79 358 1
79 359 1
79 360 1
79 361 1
78 362 1
78 363 1
77 364 1
77 365 1
76 366 1
76 367 1
75 368 1
75 369 1
74 370 1
74 371 1
74 372 1
73 373 1
72 374 1
71 375 1
71 376 1
70 377 1
68 379 1
67 380 1
67 381 1
66 382 1
66 383 1
65 384 1
64 385 1
63 386 1
62 387 1
61 388 1
60 389 1
60 390 1
59 391 1
58 392 1
57 392 1
.PEN_UP
.PEN_DOWN
69 377 1
71 378 1
72 378 1
73 378 1
76 377 1
77 376 1
78 376 1
79 376 1
80 376 1
81 376 1
82 376 1
83 376 1
84 376 1
85 376 1
86 375 1
88 373 1
89 372 1
90 371 1
91 370 1
92 369 1
93 368 1
94 367 1
95 367 1
96 366 1
97 365 1
98 366 1
99 366 1
100 365 1
101 365 1
102 365 1
103 365 1
104 365 1
105 365 1
106 365 1
107 365 1
108 364 1
109 364 1
110 364 1
111 364 1
112 364 1
113 363 1
114 363 1
115 362 1
116 362 1
117 362 1
118 362 1
119 362 1
120 361 1
121 360 1
121 359 1
121 358 1
121 357 1
122 356 1
122 355 1
122 354 1
122 353 1
120 352 1
119 352 1
118 352 1
117 352 1
116 352 1
115 352 1
114 352 1
113 352 1
112 352 1
111 353 1
110 353 1
109 353 1
108 353 1
107 353 1
106 353 1
105 354 1
104 354 1
103 355 1
102 355 1
101 356 1
100 357 1
99 358 1
99 359 1
98 360 1
98 361 1
98 362 1
97 363 1
97 364 1
.PEN_UP
.PEN_DOWN
121 352 1
124 351 1
125 351 1
126 351 1
127 351 1
128 351 1
129 351 1
130 351 1
131 351 1
132 351 1
133 352 1
134 353 1
134 354 1
134 355 1
.PEN_UP
.PEN_DOWN
87 374 1
87 377 1
87 378 1
86 379 1
86 380 1
86 381 1
86 382 1
86 383 1
86 384 1
85 385 1
85 386 1
85 387 1
85 388 1
85 389 1
84 390 1
84 391 1
84 392 1
84 393 1
84 394 1
84 395 1
84 396 1
83 397 1
83 398 1
83 399 1
83 400 1
82 401 1
82 402 1
82 403 1
.PEN_UP
.PEN_DOWN
74 377 1
75 379 1
76 380 1
77 381 1
78 382 1
78 383 1
.PEN_UP
.PEN_DOWN
68 377 1
66 377 1
65 377 1
64 377 1
63 378 1
62 378 1
61 378 1
60 378 1
59 379 1
58 379 1
57 379 1
56 380 1
55 381 1
54 382 1
53 383 1
52 384 1
51 385 1
50 386 1
49 387 1
49 388 1
.PEN_UP
.PEN_DOWN
71 350 1
71 349 1
71 348 1
71 347 1
71 346 1
71 345 1
71 344 1
71 343 1
70 342 1
70 341 1
70 340 1
69 339 1
68 339 1
67 338 1
66 338 1
65 338 1
64 338 1
63 338 1
62 339 1
61 339 1
60 340 1
59 341 1
58 341 1
57 342 1
56 343 1
55 343 1
54 344 1
53 345 1
52 345 1
51 346 1
50 347 1
49 348 1
49 349 1
48 350 1
48 351 1
48 352 1
47 353 1
47 354 1
47 355 1
48 356 1
49 357 1
50 357 1
51 357 1
52 357 1
53 358 1
54 359 1
.PEN_UP
