.PEN_DOWN
23 1 1
23 2 1
23 3 1
23 4 1
24 5 1
24 6 1
24 7 1
24 8 1
24 9 1
24 10 1
24 11 1
24 12 1
24 13 1
23 14 1
22 15 1
21 15 1
20 15 1
19 14 1
18 14 1
17 14 1
16 13 1
15 13 1
14 12 1
13 11 1
12 11 1
11 11 1
10 10 1
9 10 1
8 10 1
7 10 1
6 10 1
5 11 1
5 12 1
4 13 1
4 14 1
4 15 1
3 16 1
3 17 1
2 18 1
1 19 1
1 20 1
1 21 1
1 22 1
1 23 1
2 24 1
2 25 1
.PEN_UP
.PEN_DOWN
24 68 1
23 69 1
23 70 1
22 71 1
21 72 1
21 73 1
20 74 1
19 75 1
20 76 1
20 77 1
20 78 1
20 79 1
20 80 1
20 81 1
20 82 1
20 83 1
20 84 1
21 85 1
22 86 1
23 87 1
25 87 1
26 87 1
27 87 1
.PEN_UP
.PEN_DOWN
24 87 1
23 89 1
22 90 1
22 91 1
21 92 1
21 93 1
21 94 1
21 95 1
21 96 1
21 97 1
20 98 1
20 99 1
20 100 1
20 101 1
20 102 1
20 103 1
20 104 1
20 105 1
20 106 1
20 107 1
20 108 1
20 109 1
21 110 1
22 111 1
23 111 1
26 111 1
27 111 1
28 111 1
29 111 1
.PEN_UP
.PEN_DOWN
20 140 1
20 141 1
20 142 1
20 143 1
18 145 1
17 146 1
16 147 1
17 148 1
17 149 1
.PEN_UP
.PEN_DOWN
19 144 1
22 145 1
23 145 1
24 145 1
25 146 1
26 146 1
27 147 1
28 147 1
29 148 1
30 149 1
31 150 1
31 151 1
32 152 1
32 153 1
32 154 1
32 155 1
32 156 1
32 157 1
32 158 1
32 159 1
32 160 1
33 161 1
33 162 1
34 163 1
34 164 1
35 165 1
36 166 1
36 167 1
36 168 1
36 169 1
36 170 1
37 171 1
37 172 1
37 173 1
37 174 1
37 175 1
37 176 1
37 177 1
37 178 1
.PEN_UP
