.PEN_DOWN
39 2 1
40 1 1
41 1 1
42 1 1
43 1 1
44 1 1
45 1 1
46 1 1
47 1 1
48 1 1
49 1 1
50 1 1
51 2 1
52 2 1
53 2 1
54 2 1
55 3 1
56 4 1
56 5 1
56 6 1
56 7 1
56 8 1
56 9 1
56 10 1
55 11 1
56 13 1
57 14 1
57 15 1
58 16 1
59 17 1
59 18 1
60 19 1
60 20 1
59 21 1
59 22 1
59 23 1
59 24 1
58 25 1
58 26 1
57 27 1
56 28 1
56 29 1
55 30 1
54 31 1
53 31 1
52 31 1
51 32 1
50 33 1
49 33 1
48 33 1
47 33 1
46 33 1
45 33 1
44 33 1
43 33 1
42 32 1
41 32 1
40 32 1
39 31 1
.PEN_UP
.PEN_DOWN
54 12 1
53 13 1
52 13 1
51 13 1
50 13 1
49 14 1
48 14 1
47 15 1
46 15 1
45 16 1
.PEN_UP
.PEN_DOWN
8 75 1
9 75 1
10 76 1
11 76 1
12 76 1
13 76 1
14 76 1
15 76 1
16 76 1
17 76 1
18 77 1
19 77 1
20 77 1
21 77 1
22 77 1
23 77 1
24 77 1
25 77 1
26 77 1
27 77 1
28 77 1
29 77 1
30 77 1
31 77 1
32 77 1
33 77 1
34 77 1
35 77 1
36 77 1
37 77 1
38 77 1
39 77 1
40 77 1
41 77 1
42 78 1
43 78 1
44 78 1
45 78 1
46 78 1
47 78 1
48 79 1
49 79 1
50 79 1
51 79 1
52 79 1
53 79 1
54 79 1
56 80 1
57 81 1
58 81 1
59 82 1
60 83 1
60 84 1
59 85 1
59 86 1
58 87 1
58 88 1
57 89 1
56 89 1
55 90 1
.PEN_UP
.PEN_DOWN
55 78 1
55 77 1
56 76 1
56 75 1
56 74 1
56 73 1
57 72 1
57 71 1
57 70 1
58 69 1
58 68 1
58 67 1
59 66 1
59 65 1
59 64 1
59 63 1
60 62 1
60 61 1
60 60 1
60 59 1
60 58 1
60 57 1
60 56 1
60 55 1
60 54 1
60 53 1
59 52 1
59 51 1
59 50 1
58 49 1
57 48 1
57 47 1
56 46 1
55 45 1
54 45 1
53 45 1
52 45 1
51 44 1
50 44 1
49 45 1
48 45 1
47 45 1
46 45 1
45 45 1
44 46 1
44 47 1
43 48 1
42 48 1
41 49 1
40 49 1
39 49 1
38 50 1
37 51 1
37 52 1
36 53 1
36 54 1
36 55 1
35 56 1
35 57 1
35 58 1
35 59 1
35 60 1
35 61 1
35 62 1
35 63 1
36 64 1
37 64 1
38 65 1
39 64 1
40 64 1
41 63 1
42 62 1
43 61 1
43 60 1
43 59 1
44 58 1
44 57 1
44 56 1
44 55 1
45 54 1
44 53 1
44 52 1
44 51 1
44 50 1
44 49 1
.PEN_UP
.PEN_DOWN
8 94 1
9 94 1
10 94 1
11 94 1
12 94 1
13 94 1
14 94 1
15 94 1
16 94 1
17 94 1
18 94 1
19 94 1
20 94 1
21 94 1
22 94 1
23 94 1
24 94 1
25 94 1
26 94 1
27 95 1
28 95 1
29 95 1
30 95 1
31 95 1
32 95 1
33 95 1
34 95 1
35 95 1
36 95 1
37 96 1
38 96 1
39 96 1
40 96 1
41 97 1
42 97 1
43 97 1
44 97 1
45 98 1
46 98 1
47 98 1
48 98 1
49 99 1
50 99 1
51 99 1
52 99 1
53 100 1
54 100 1
55 100 1
56 101 1
57 101 1
58 101 1
59 101 1
60 102 1
61 102 1
62 103 1
63 104 1
64 105 1
.PEN_UP
.PEN_DOWN
53 118 1
53 119 1
53 120 1
53 121 1
52 122 1
52 123 1
52 124 1
52 125 1
52 126 1
52 127 1
52 128 1
52 129 1
53 130 1
53 131 1
53 132 1
54 133 1
54 134 1
54 135 1
.PEN_UP
.PEN_DOWN
40 157 1
41 156 1
42 156 1
43 156 1
44 156 1
45 156 1
46 156 1
47 156 1
48 156 1
49 156 1
50 156 1
51 156 1
52 156 1
53 156 1
54 156 1
55 156 1
56 156 1
57 157 1
58 158 1
58 159 1
59 160 1
59 161 1
59 162 1
58 163 1
58 164 1
57 165 1
56 166 1
56 167 1
55 168 1
55 169 1
53 170 1
52 170 1
51 170 1
50 171 1
49 171 1
48 171 1
47 171 1
46 171 1
45 172 1
44 172 1
43 172 1
42 172 1
41 173 1
40 174 1
.PEN_UP
.PEN_DOWN
54 170 1
56 171 1
57 171 1
58 172 1
59 173 1
59 174 1
59 175 1
59 176 1
59 177 1
59 178 1
59 179 1
59 180 1
58 181 1
58 182 1
58 183 1
57 184 1
57 185 1
57 186 1
57 187 1
56 188 1
55 190 1
54 190 1
53 191 1
52 191 1
51 191 1
50 192 1
49 192 1
48 192 1
47 193 1
46 193 1
45 193 1
44 193 1
.PEN_UP
.PEN_DOWN
56 189 1
58 190 1
59 190 1
60 190 1
61 191 1
62 192 1
62 193 1
63 194 1
63 195 1
63 196 1
63 197 1
63 198 1
63 199 1
63 200 1
63 201 1
.PEN_UP
.PEN_DOWN
40 228 1
41 228 1
42 228 1
43 229 1
44 229 1
45 229 1
46 229 1
47 229 1
48 229 1
49 228 1
50 228 1
51 228 1
52 227 1
53 226 1
54 225 1
56 226 1
57 227 1
57 228 1
57 229 1
58 230 1
58 231 1
59 232 1
59 233 1
60 234 1
61 235 1
61 236 1
61 237 1
61 238 1
61 239 1
61 240 1
61 241 1
59 242 1
58 242 1
57 242 1
56 242 1
55 242 1
54 243 1
53 244 1
52 244 1
51 245 1
50 246 1
49 247 1
49 248 1
48 249 1
48 250 1
47 251 1
47 252 1
47 253 1
47 254 1
47 255 1
48 256 1
48 257 1
49 258 1
49 259 1
50 260 1
50 261 1
51 262 1
52 263 1
56 265 1
57 266 1
58 267 1
59 267 1
60 268 1
60 269 1
61 270 1
61 271 1
61 272 1
61 273 1
61 274 1
61 275 1
62 277 1
63 277 1
64 277 1
65 278 1
66 279 1
67 280 1
67 281 1
68 282 1
68 283 1
69 284 1
69 285 1
70 286 1
71 287 1
71 288 1
72 289 1
72 290 1
72 291 1
72 292 1
73 293 1
73 294 1
73 295 1
73 296 1
73 297 1
73 298 1
73 299 1
73 300 1
73 301 1
73 302 1
73 303 1
73 304 1
73 305 1
73 306 1
72 307 1
72 308 1
72 309 1
72 310 1
71 311 1
71 312 1
71 313 1
71 314 1
70 315 1
70 316 1
69 317 1
68 318 1
67 319 1
.PEN_UP
.PEN_DOWN
60 276 1
59 276 1
58 276 1
57 277 1
56 277 1
55 277 1
54 278 1
53 278 1
52 278 1
51 279 1
48 283 1
47 284 1
46 284 1
45 285 1
44 286 1
43 287 1
43 288 1
42 289 1
42 290 1
42 291 1
42 292 1
42 293 1
42 294 1
42 295 1
43 296 1
44 297 1
45 297 1
46 297 1
47 297 1
48 296 1
49 295 1
49 294 1
50 293 1
50 292 1
51 291 1
51 290 1
51 289 1
51 288 1
51 287 1
51 286 1
51 285 1
51 284 1
51 283 1
50 282 1
49 278 1
48 277 1
48 276 1
48 275 1
48 274 1
48 273 1
48 272 1
48 271 1
48 270 1
47 269 1
46 268 1
44 267 1
43 267 1
42 267 1
41 266 1
40 266 1
39 266 1
38 266 1
37 265 1
36 265 1
35 265 1
34 265 1
33 265 1
32 265 1
31 264 1
30 264 1
29 264 1
28 264 1
27 264 1
26 264 1
25 263 1
24 263 1
23 263 1
22 263 1
21 263 1
20 263 1
19 263 1
18 263 1
17 263 1
16 264 1
15 264 1
14 264 1
13 264 1
12 264 1
11 264 1
10 264 1
9 264 1
8 265 1
7 265 1
6 265 1
5 265 1
4 265 1
3 266 1
2 266 1
1 266 1
.PEN_UP
.PEN_DOWN
45 267 1
47 266 1
48 266 1
49 266 1
50 266 1
51 265 1
52 264 1
56 262 1
57 261 1
58 261 1
59 260 1
60 259 1
61 258 1
61 257 1
61 256 1
62 255 1
62 254 1
62 253 1
62 252 1
63 251 1
63 250 1
63 249 1
63 248 1
63 247 1
63 246 1
63 245 1
63 244 1
62 243 1
61 242 1
.PEN_UP
