.PEN_DOWN
80 74 1
79 74 1
78 75 1
77 76 1
76 76 1
75 77 1
74 77 1
71 77 1
70 77 1
69 77 1
68 77 1
67 77 1
66 76 1
66 75 1
66 74 1
67 73 1
67 72 1
67 71 1
67 70 1
68 69 1
69 68 1
69 67 1
70 66 1
71 65 1
72 64 1
73 63 1
73 62 1
74 61 1
75 60 1
75 59 1
76 58 1
76 57 1
77 56 1
77 55 1
78 54 1
78 53 1
79 52 1
79 51 1
79 50 1
79 49 1
79 48 1
79 47 1
79 46 1
78 45 1
77 44 1
76 43 1
75 42 1
73 42 1
72 42 1
71 42 1
70 42 1
69 42 1
68 43 1
67 43 1
66 44 1
65 44 1
64 44 1
63 45 1
62 45 1
61 46 1
60 45 1
59 45 1
58 46 1
57 46 1
56 46 1
55 46 1
54 47 1
53 47 1
52 48 1
52 49 1
52 50 1
51 51 1
51 52 1
51 53 1
52 54 1
53 54 1
54 53 1
55 53 1
56 53 1
57 52 1
58 52 1
59 51 1
59 50 1
59 49 1
60 48 1
60 47 1
.PEN_UP
.PEN_DOWN
74 42 1
75 40 1
76 39 1
76 38 1
77 37 1
78 36 1
79 35 1
79 34 1
80 33 1
81 32 1
82 31 1
83 30 1
83 29 1
83 28 1
84 27 1
84 26 1
84 25 1
86 24 1
87 23 1
88 22 1
89 21 1
90 20 1
91 19 1
92 18 1
93 18 1
94 17 1
95 16 1
96 16 1
97 15 1
98 14 1
99 14 1
100 13 1
101 12 1
102 12 1
103 11 1
104 11 1
105 10 1
106 9 1
107 8 1
108 8 1
109 7 1
110 7 1
111 6 1
112 5 1
113 5 1
114 4 1
115 4 1
116 4 1
117 3 1
117 2 1
118 1 1
.PEN_UP
.PEN_DOWN
83 24 1
82 24 1
81 24 1
80 25 1
79 25 1
78 25 1
77 25 1
76 26 1
75 27 1
74 28 1
73 28 1
72 28 1
71 29 1
70 29 1
69 30 1
68 30 1
67 30 1
66 31 1
65 31 1
64 31 1
63 31 1
62 31 1
61 31 1
60 29 1
60 28 1
61 27 1
61 26 1
62 25 1
63 24 1
64 23 1
65 22 1
66 21 1
67 20 1
68 19 1
69 18 1
69 17 1
70 16 1
70 15 1
71 14 1
71 13 1
71 12 1
71 11 1
72 10 1
71 9 1
70 9 1
69 9 1
68 9 1
67 10 1
66 10 1
65 11 1
64 11 1
63 12 1
62 13 1
61 14 1
60 15 1
60 16 1
59 17 1
58 18 1
57 19 1
56 20 1
55 21 1
55 22 1
54 23 1
53 24 1
53 25 1
53 26 1
53 27 1
53 28 1
53 29 1
54 30 1
55 31 1
56 31 1
57 31 1
58 31 1
59 31 1
.PEN_UP
.PEN_DOWN
73 77 1
73 79 1
72 80 1
72 81 1
72 82 1
71 83 1
71 84 1
71 85 1
70 86 1
69 87 1
68 88 1
67 89 1
66 89 1
.PEN_UP
.PEN_DOWN
64 96 1
64 97 1
64 98 1
65 99 1
66 99 1
67 100 1
68 100 1
69 100 1
70 101 1
71 101 1
72 101 1
73 102 1
74 103 1
75 103 1
76 104 1
77 105 1
78 106 1
79 107 1
80 108 1
81 109 1
82 110 1
82 111 1
82 112 1
82 113 1
82 114 1
82 115 1
82 116 1
82 117 1
81 118 1
81 119 1
80 120 1
79 121 1
78 122 1
77 123 1
76 123 1
75 124 1
74 124 1
73 125 1
70 128 1
69 129 1
68 129 1
67 130 1
66 130 1
65 131 1
64 131 1
63 132 1
62 132 1
61 132 1
60 133 1
59 133 1
58 134 1
57 134 1
56 134 1
55 134 1
54 134 1
53 134 1
52 134 1
51 134 1
50 134 1
49 133 1
48 133 1
47 133 1
46 132 1
45 131 1
44 130 1
44 129 1
44 128 1
44 127 1
45 126 1
45 125 1
46 124 1
47 123 1
48 122 1
49 121 1
50 120 1
51 119 1
52 119 1
53 118 1
54 118 1
55 118 1
56 118 1
57 118 1
58 118 1
59 118 1
60 118 1
61 118 1
62 118 1
63 118 1
64 118 1
65 119 1
66 119 1
67 120 1
68 121 1
69 122 1
70 123 1
70 124 1
71 125 1
73 128 1
74 129 1
74 130 1
74 131 1
74 132 1
74 133 1
74 134 1
74 135 1
75 136 1
76 137 1
77 138 1
78 138 1
79 138 1
80 138 1
81 139 1
83 138 1
84 137 1
85 136 1
86 136 1
.PEN_UP
.PEN_DOWN
82 139 1
81 141 1
80 142 1
80 143 1
80 144 1
79 145 1
79 146 1
78 147 1
77 148 1
76 149 1
75 149 1
.PEN_UP
.PEN_DOWN
70 158 1
69 159 1
69 160 1
68 161 1
67 162 1
66 163 1
66 164 1
65 165 1
65 166 1
64 167 1
64 168 1
63 169 1
63 170 1
63 171 1
63 172 1
62 173 1
62 174 1
62 175 1
63 176 1
64 177 1
63 178 1
62 179 1
61 179 1
60 180 1
59 181 1
59 182 1
59 183 1
59 184 1
59 185 1
60 186 1
59 189 1
58 190 1
57 190 1
56 191 1
56 192 1
55 193 1
55 194 1
54 195 1
.PEN_UP
.PEN_DOWN
61 185 1
63 189 1
64 189 1
65 189 1
66 189 1
69 189 1
70 189 1
71 189 1
72 189 1
73 189 1
74 189 1
75 188 1
76 188 1
77 188 1
78 189 1
79 189 1
80 190 1
81 191 1
82 192 1
83 193 1
83 194 1
83 195 1
83 196 1
83 197 1
83 198 1
83 199 1
83 200 1
82 201 1
82 202 1
82 203 1
82 204 1
81 205 1
81 206 1
80 207 1
80 208 1
79 209 1
79 210 1
78 211 1
77 212 1
76 213 1
76 214 1
75 215 1
74 216 1
73 217 1
72 218 1
71 219 1
70 220 1
69 221 1
68 221 1
67 222 1
66 223 1
67 225 1
68 226 1
69 227 1
69 228 1
69 229 1
70 230 1
70 231 1
70 232 1
70 233 1
70 234 1
70 235 1
70 236 1
69 237 1
69 238 1
69 239 1
68 240 1
68 241 1
67 242 1
67 243 1
67 244 1
66 245 1
65 246 1
64 247 1
63 248 1
62 249 1
62 250 1
61 251 1
60 252 1
59 253 1
58 254 1
57 255 1
57 256 1
57 257 1
56 258 1
56 259 1
56 260 1
55 261 1
54 261 1
53 262 1
52 262 1
51 263 1
50 264 1
49 264 1
48 264 1
47 265 1
46 265 1
45 265 1
44 266 1
43 266 1
42 266 1
41 267 1
40 267 1
39 268 1
38 268 1
37 268 1
36 269 1
35 269 1
34 270 1
33 270 1
32 271 1
31 271 1
30 271 1
29 272 1
28 272 1
27 273 1
26 273 1
25 274 1
24 274 1
23 275 1
22 275 1
21 275 1
20 276 1
19 277 1
18 277 1
17 277 1
16 277 1
15 278 1
14 278 1
13 278 1
12 279 1
11 279 1
10 280 1
9 280 1
8 280 1
7 280 1
6 281 1
5 281 1
4 282 1
3 282 1
2 283 1
1 284 1
.PEN_UP
.PEN_DOWN
56 262 1
57 262 1
58 262 1
59 262 1
60 262 1
61 262 1
62 262 1
63 263 1
64 263 1
65 264 1
66 264 1
67 265 1
67 266 1
67 267 1
67 268 1
67 269 1
67 270 1
67 271 1
66 272 1
65 273 1
65 274 1
64 275 1
64 276 1
63 277 1
63 278 1
63 279 1
62 280 1
62 281 1
62 282 1
60 283 1
59 283 1
58 284 1
57 285 1
56 285 1
55 286 1
54 286 1
53 287 1
52 288 1
51 289 1
50 289 1
49 289 1
48 290 1
47 291 1
46 291 1
45 292 1
44 292 1
43 293 1
42 293 1
41 294 1
40 295 1
39 296 1
.PEN_UP
.PEN_DOWN
61 283 1
64 283 1
65 284 1
66 284 1
67 284 1
68 284 1
69 285 1
70 286 1
71 286 1
72 287 1
73 288 1
74 289 1
74 290 1
75 291 1
75 292 1
75 293 1
75 294 1
75 295 1
75 296 1
75 297 1
75 298 1
74 299 1
74 300 1
74 301 1
73 302 1
73 303 1
73 304 1
72 305 1
72 306 1
71 307 1
71 308 1
70 309 1
70 310 1
69 311 1
68 312 1
68 313 1
67 314 1
67 315 1
67 316 1
66 317 1
66 318 1
65 320 1
64 321 1
63 322 1
62 322 1
61 323 1
60 323 1
59 324 1
58 325 1
57 326 1
56 327 1
55 327 1
54 328 1
53 329 1
52 330 1
51 330 1
50 331 1
49 331 1
.PEN_UP
.PEN_DOWN
66 319 1
68 319 1
69 318 1
70 318 1
71 318 1
72 318 1
73 318 1
74 317 1
75 317 1
76 317 1
77 316 1
78 316 1
79 315 1
80 315 1
81 314 1
82 314 1
83 313 1
84 312 1
85 312 1
86 311 1
87 311 1
88 310 1
89 310 1
90 309 1
91 309 1
92 309 1
93 308 1
94 308 1
95 308 1
96 308 1
97 307 1
98 307 1
99 307 1
100 306 1
101 306 1
102 306 1
103 306 1
104 305 1
105 305 1
106 305 1
107 305 1
108 305 1
109 304 1
110 304 1
111 304 1
112 303 1
113 303 1
114 303 1
115 303 1
116 302 1
117 302 1
118 302 1
119 302 1
120 301 1
121 301 1
122 301 1
123 300 1
124 300 1
125 300 1
126 299 1
127 299 1
128 299 1
129 298 1
130 298 1
131 297 1
132 297 1
133 296 1
134 295 1
134 294 1
134 293 1
134 292 1
134 291 1
134 290 1
134 289 1
133 288 1
133 287 1
132 286 1
131 285 1
130 284 1
129 284 1
128 283 1
127 283 1
126 282 1
125 282 1
124 282 1
123 281 1
122 281 1
121 280 1
120 279 1
119 279 1
118 279 1
117 279 1
116 279 1
115 279 1
114 280 1
113 280 1
112 280 1
111 280 1
110 280 1
109 280 1
108 281 1
107 281 1
106 281 1
105 282 1
104 283 1
103 284 1
102 285 1
101 286 1
100 287 1
99 288 1
99 289 1
.PEN_UP
.PEN_DOWN
64 224 1
63 224 1
61 223 1
60 222 1
59 222 1
58 222 1
57 222 1
56 222 1
55 222 1
54 222 1
53 222 1
52 222 1
51 222 1
50 222 1
49 222 1
48 222 1
47 222 1
46 223 1
45 223 1
44 223 1
43 223 1
42 223 1
41 224 1
40 224 1
39 224 1
38 224 1
37 225 1
36 225 1
35 225 1
34 226 1
33 226 1
32 226 1
31 226 1
30 227 1
29 227 1
28 227 1
27 228 1
26 228 1
25 229 1
24 229 1
23 229 1
22 230 1
21 230 1
20 231 1
19 232 1
18 232 1
17 232 1
16 233 1
15 234 1
14 235 1
13 235 1
12 236 1
11 237 1
10 237 1
9 238 1
8 238 1
7 239 1
6 240 1
5 241 1
4 242 1
4 243 1
4 244 1
4 245 1
4 246 1
4 247 1
5 248 1
6 249 1
7 249 1
8 249 1
9 250 1
10 250 1
11 250 1
12 250 1
13 250 1
14 250 1
15 250 1
16 250 1
17 249 1
18 249 1
19 249 1
20 249 1
21 249 1
22 249 1
23 249 1
24 249 1
25 248 1
26 248 1
27 248 1
28 247 1
29 247 1
30 246 1
31 246 1
32 246 1
33 246 1
34 245 1
35 245 1
36 244 1
37 244 1
38 243 1
39 243 1
40 242 1
41 241 1
42 241 1
43 240 1
44 240 1
45 239 1
46 239 1
47 238 1
48 237 1
49 237 1
50 236 1
51 235 1
52 234 1
53 234 1
54 233 1
55 233 1
56 232 1
57 231 1
58 230 1
59 229 1
60 228 1
61 227 1
61 226 1
62 225 1
.PEN_UP
.PEN_DOWN
67 188 1
67 187 1
67 186 1
67 185 1
67 184 1
67 183 1
67 182 1
68 181 1
68 180 1
68 179 1
68 178 1
69 176 1
70 176 1
71 175 1
72 175 1
73 174 1
74 173 1
75 172 1
.PEN_UP
