.PEN_DOWN
67 1 1
67 2 1
67 3 1
68 4 1
68 5 1
68 6 1
68 7 1
68 8 1
67 9 1
67 10 1
66 11 1
66 12 1
65 13 1
65 14 1
64 15 1
64 16 1
63 17 1
62 18 1
61 19 1
61 20 1
60 21 1
59 22 1
59 23 1
58 24 1
57 25 1
57 26 1
56 27 1
55 28 1
55 29 1
54 30 1
53 31 1
52 32 1
52 33 1
51 34 1
50 35 1
50 36 1
49 37 1
48 38 1
47 39 1
47 40 1
46 41 1
45 42 1
45 43 1
44 44 1
43 45 1
42 46 1
42 47 1
41 48 1
41 49 1
41 50 1
40 51 1
40 52 1
39 55 1
38 56 1
37 57 1
36 58 1
35 59 1
34 60 1
33 60 1
32 61 1
32 62 1
31 63 1
30 64 1
29 65 1
28 66 1
27 67 1
26 68 1
25 69 1
24 70 1
23 71 1
22 72 1
22 73 1
21 74 1
20 75 1
19 76 1
18 77 1
17 78 1
16 79 1
15 80 1
14 81 1
13 82 1
12 83 1
11 84 1
11 85 1
10 86 1
9 87 1
8 88 1
7 89 1
6 90 1
5 91 1
4 92 1
3 92 1
2 93 1
1 94 1
.PEN_UP
.PEN_DOWN
40 53 1
42 53 1
43 53 1
44 53 1
45 52 1
46 52 1
47 51 1
48 50 1
49 50 1
50 49 1
51 49 1
52 48 1
53 48 1
54 48 1
55 47 1
56 47 1
57 46 1
58 46 1
59 46 1
60 45 1
61 45 1
62 45 1
63 46 1
63 47 1
63 48 1
63 49 1
62 50 1
62 51 1
62 52 1
61 53 1
61 54 1
60 55 1
60 56 1
59 57 1
59 58 1
58 59 1
58 60 1
57 61 1
57 62 1
56 63 1
56 64 1
56 65 1
56 66 1
56 67 1
55 68 1
55 69 1
55 70 1
54 72 1
53 72 1
52 73 1
52 74 1
.PEN_UP
.PEN_DOWN
55 71 1
57 71 1
58 72 1
59 72 1
60 73 1
60 74 1
60 75 1
60 76 1
60 77 1
59 78 1
59 79 1
59 80 1
59 81 1
59 82 1
59 83 1
59 84 1
59 85 1
58 86 1
57 87 1
57 88 1
56 89 1
55 90 1
55 91 1
54 92 1
54 93 1
54 94 1
53 95 1
53 96 1
52 97 1
51 98 1
51 99 1
51 100 1
50 101 1
50 102 1
49 103 1
49 104 1
48 105 1
48 106 1
48 107 1
47 108 1
47 109 1
46 110 1
46 111 1
47 112 1
47 113 1
.PEN_UP
.PEN_DOWN
60 86 1
61 86 1
62 86 1
63 86 1
64 86 1
65 86 1
66 87 1
67 88 1
68 89 1
69 90 1
69 91 1
69 92 1
69 93 1
69 94 1
69 95 1
69 96 1
69 97 1
69 98 1
69 99 1
68 100 1
68 101 1
68 102 1
68 103 1
67 104 1
67 105 1
66 106 1
66 107 1
66 108 1
65 109 1
65 110 1
64 111 1
64 112 1
63 113 1
63 114 1
62 115 1
62 116 1
62 117 1
62 118 1
62 119 1
61 120 1
60 122 1
59 123 1
58 124 1
58 125 1
57 126 1
57 127 1
56 128 1
55 129 1
55 130 1
54 131 1
54 132 1
53 133 1
52 134 1
52 135 1
51 136 1
51 137 1
51 138 1
50 139 1
49 140 1
49 141 1
48 142 1
48 143 1
47 144 1
46 145 1
46 146 1
46 147 1
45 148 1
45 149 1
.PEN_UP
.PEN_DOWN
61 121 1
63 122 1
64 122 1
65 122 1
66 123 1
67 124 1
67 125 1
68 126 1
68 127 1
68 128 1
68 129 1
68 130 1
68 131 1
68 132 1
68 133 1
68 134 1
67 135 1
67 136 1
67 137 1
66 138 1
66 139 1
66 140 1
65 141 1
65 142 1
65 143 1
64 144 1
63 145 1
63 146 1
62 147 1
62 148 1
61 149 1
61 150 1
60 151 1
60 152 1
59 153 1
59 154 1
58 155 1
58 156 1
57 157 1
57 158 1
56 159 1
55 160 1
55 161 1
54 162 1
53 163 1
53 164 1
53 165 1
53 166 1
53 167 1
52 168 1
52 169 1
52 170 1
52 171 1
53 172 1
51 174 1
50 174 1
49 175 1
48 175 1
47 176 1
46 177 1
45 178 1
45 179 1
44 180 1
.PEN_UP
.PEN_DOWN
54 171 1
55 171 1
56 170 1
57 170 1
58 170 1
59 169 1
60 168 1
61 167 1
62 166 1
62 165 1
63 164 1
64 163 1
65 162 1
.PEN_UP
.PEN_DOWN
52 173 1
54 174 1
55 175 1
55 176 1
55 177 1
55 178 1
55 179 1
54 180 1
54 181 1
53 182 1
53 183 1
52 184 1
52 185 1
51 186 1
51 187 1
50 188 1
50 189 1
49 190 1
48 191 1
48 192 1
48 193 1
47 194 1
47 195 1
46 196 1
46 197 1
46 198 1
46 199 1
46 200 1
46 201 1
46 202 1
47 203 1
48 203 1
49 202 1
50 202 1
51 202 1
52 202 1
53 201 1
54 200 1
55 200 1
56 200 1
57 199 1
58 198 1
59 198 1
60 197 1
61 196 1
62 195 1
63 194 1
64 194 1
65 193 1
66 192 1
67 192 1
68 192 1
69 192 1
70 193 1
71 193 1
.PEN_UP
