.PEN_DOWN
32 1 1
32 2 1
33 3 1
33 4 1
34 5 1
35 6 1
35 7 1
36 8 1
36 9 1
36 10 1
36 11 1
37 12 1
37 13 1
38 14 1
38 15 1
38 16 1
38 17 1
39 18 1
39 19 1
40 20 1
41 21 1
41 22 1
42 23 1
42 24 1
43 25 1
43 26 1
44 27 1
44 28 1
45 29 1
45 30 1
46 31 1
47 32 1
48 33 1
49 34 1
50 35 1
51 35 1
52 35 1
53 35 1
54 34 1
55 33 1
55 32 1
55 31 1
56 30 1
56 29 1
56 28 1
56 27 1
56 26 1
56 25 1
57 24 1
57 23 1
57 22 1
57 21 1
57 20 1
57 19 1
58 18 1
58 17 1
58 16 1
59 15 1
59 14 1
59 13 1
59 12 1
59 11 1
59 10 1
59 9 1
59 8 1
60 7 1
62 6 1
63 6 1
64 6 1
65 6 1
66 6 1
67 6 1
68 6 1
69 6 1
70 6 1
71 6 1
72 7 1
73 7 1
74 7 1
75 7 1
76 7 1
77 7 1
78 7 1
79 8 1
80 8 1
81 8 1
82 8 1
83 8 1
84 8 1
85 8 1
86 8 1
87 9 1
88 9 1
89 9 1
90 9 1
91 10 1
92 10 1
93 10 1
94 10 1
95 11 1
96 11 1
97 12 1
98 12 1
99 11 1
.PEN_UP
.PEN_DOWN
59 6 1
58 5 1
57 5 1
56 5 1
55 5 1
54 5 1
53 5 1
52 5 1
51 5 1
50 4 1
49 4 1
48 4 1
47 4 1
46 4 1
45 4 1
44 4 1
43 4 1
42 4 1
41 5 1
40 5 1
39 5 1
38 5 1
37 5 1
36 5 1
.PEN_UP
.PEN_DOWN
30 52 1
31 52 1
32 51 1
33 50 1
34 50 1
35 49 1
36 49 1
37 48 1
38 48 1
39 48 1
40 48 1
41 47 1
42 47 1
43 47 1
44 47 1
45 47 1
46 47 1
47 47 1
48 47 1
49 48 1
50 49 1
.PEN_UP
.PEN_DOWN
50 50 1
50 51 1
48 53 1
47 54 1
47 55 1
46 56 1
45 56 1
44 57 1
43 58 1
42 59 1
41 60 1
40 60 1
39 61 1
38 61 1
37 62 1
36 62 1
35 63 1
34 63 1
33 63 1
32 63 1
31 63 1
30 63 1
29 63 1
28 63 1
.PEN_UP
.PEN_DOWN
49 52 1
52 52 1
53 52 1
54 53 1
55 54 1
55 55 1
56 56 1
56 57 1
57 58 1
57 59 1
57 60 1
57 61 1
57 62 1
57 63 1
58 64 1
58 65 1
.PEN_UP
.PEN_DOWN
11 101 1
12 100 1
13 99 1
14 98 1
15 98 1
16 97 1
17 97 1
18 97 1
19 97 1
20 96 1
21 96 1
22 95 1
23 95 1
24 95 1
25 95 1
26 95 1
27 94 1
28 94 1
29 94 1
30 94 1
31 94 1
32 94 1
33 94 1
34 94 1
35 94 1
36 93 1
39 93 1
40 94 1
41 94 1
42 94 1
43 94 1
44 94 1
45 95 1
46 95 1
47 95 1
48 96 1
49 97 1
50 98 1
51 99 1
52 100 1
53 101 1
53 102 1
54 103 1
54 104 1
54 105 1
54 106 1
54 107 1
54 108 1
54 109 1
54 110 1
54 111 1
54 112 1
53 113 1
53 114 1
52 115 1
51 116 1
50 117 1
48 120 1
47 121 1
46 122 1
45 123 1
44 123 1
43 123 1
42 124 1
41 124 1
40 124 1
39 124 1
38 124 1
37 124 1
36 124 1
35 123 1
34 123 1
33 122 1
32 121 1
32 120 1
32 119 1
32 118 1
33 117 1
34 116 1
35 115 1
36 115 1
37 115 1
38 115 1
39 115 1
40 114 1
41 115 1
42 115 1
43 115 1
44 115 1
45 115 1
46 116 1
47 116 1
48 117 1
49 118 1
51 120 1
52 121 1
53 122 1
53 123 1
54 124 1
54 125 1
55 126 1
55 127 1
56 128 1
56 129 1
56 130 1
57 131 1
57 132 1
57 133 1
58 134 1
58 135 1
58 136 1
58 137 1
58 138 1
58 139 1
58 140 1
58 141 1
58 142 1
58 143 1
58 144 1
58 145 1
58 146 1
57 147 1
57 148 1
57 149 1
57 150 1
56 151 1
55 153 1
55 154 1
55 155 1
.PEN_UP
.PEN_DOWN
37 92 1
36 91 1
36 90 1
36 89 1
36 88 1
36 87 1
36 86 1
36 85 1
36 84 1
37 83 1
37 82 1
38 81 1
38 80 1
39 79 1
40 78 1
41 77 1
42 76 1
43 75 1
44 74 1
45 73 1
46 73 1
47 72 1
48 72 1
49 72 1
50 71 1
51 71 1
52 72 1
53 72 1
54 73 1
55 74 1
56 75 1
56 76 1
56 77 1
57 78 1
57 79 1
57 80 1
57 81 1
57 82 1
57 83 1
57 84 1
57 85 1
.PEN_UP
.PEN_DOWN
47 149 1
47 148 1
47 147 1
47 146 1
47 145 1
46 144 1
46 143 1
46 142 1
45 141 1
44 141 1
43 141 1
42 141 1
41 141 1
40 142 1
39 143 1
38 144 1
37 145 1
37 146 1
36 147 1
36 148 1
35 149 1
35 150 1
35 151 1
35 152 1
35 153 1
35 154 1
35 155 1
35 156 1
.PEN_UP
.PEN_DOWN
1 174 1
2 173 1
3 173 1
4 173 1
5 173 1
6 173 1
7 173 1
8 173 1
9 173 1
10 173 1
11 173 1
12 173 1
13 173 1
14 173 1
15 173 1
16 173 1
17 173 1
18 174 1
19 174 1
20 174 1
21 174 1
22 174 1
23 174 1
24 174 1
25 173 1
26 173 1
27 173 1
28 173 1
29 174 1
30 174 1
31 174 1
32 174 1
33 174 1
34 174 1
35 174 1
36 175 1
39 175 1
40 174 1
41 174 1
42 174 1
43 174 1
44 175 1
45 175 1
46 175 1
47 176 1
48 176 1
49 177 1
50 177 1
51 178 1
52 178 1
53 179 1
54 179 1
55 179 1
56 180 1
57 180 1
58 180 1
59 181 1
60 182 1
61 182 1
.PEN_UP
.PEN_DOWN
37 175 1
37 177 1
37 178 1
37 179 1
37 180 1
37 181 1
37 182 1
37 183 1
37 184 1
37 185 1
37 186 1
37 187 1
38 188 1
38 189 1
38 190 1
39 191 1
39 192 1
40 193 1
41 194 1
41 195 1
42 196 1
43 197 1
44 198 1
44 199 1
44 200 1
44 201 1
45 202 1
47 203 1
48 203 1
49 203 1
50 203 1
51 203 1
52 203 1
53 203 1
.PEN_UP
.PEN_DOWN
45 203 1
44 204 1
43 204 1
42 204 1
41 204 1
40 205 1
39 205 1
38 206 1
37 207 1
36 208 1
35 209 1
35 210 1
35 211 1
35 212 1
35 213 1
35 214 1
36 215 1
36 216 1
36 217 1
37 218 1
37 219 1
38 220 1
39 221 1
40 222 1
41 222 1
42 223 1
43 223 1
44 223 1
45 223 1
46 224 1
47 224 1
48 224 1
49 224 1
50 225 1
51 225 1
52 225 1
53 225 1
54 225 1
.PEN_UP
.PEN_DOWN
10 213 1
11 214 1
12 215 1
13 216 1
14 217 1
14 218 1
15 219 1
16 220 1
17 221 1
.PEN_UP
.PEN_DOWN
34 279 1
35 279 1
36 279 1
37 279 1
38 279 1
39 279 1
40 279 1
41 279 1
42 279 1
43 279 1
44 279 1
45 279 1
46 279 1
47 279 1
49 278 1
50 277 1
50 276 1
51 275 1
52 274 1
53 273 1
54 272 1
54 271 1
55 270 1
55 269 1
56 268 1
56 267 1
56 266 1
56 265 1
56 264 1
56 263 1
55 262 1
55 261 1
55 260 1
54 259 1
53 258 1
52 257 1
51 256 1
50 255 1
49 254 1
48 254 1
47 254 1
46 255 1
45 255 1
44 255 1
43 255 1
42 255 1
41 255 1
40 255 1
39 255 1
38 255 1
37 256 1
36 256 1
35 255 1
34 254 1
33 253 1
33 252 1
33 251 1
34 250 1
34 249 1
34 248 1
35 247 1
36 246 1
37 245 1
38 244 1
39 243 1
40 242 1
41 242 1
42 241 1
43 240 1
44 240 1
45 239 1
46 239 1
47 238 1
48 238 1
49 238 1
50 238 1
51 238 1
52 238 1
53 239 1
54 240 1
55 241 1
55 242 1
55 243 1
55 244 1
54 245 1
54 246 1
53 247 1
52 248 1
51 249 1
51 250 1
50 251 1
50 252 1
50 253 1
.PEN_UP
.PEN_DOWN
48 279 1
49 281 1
49 282 1
50 283 1
51 284 1
51 285 1
51 286 1
52 287 1
51 288 1
51 289 1
51 290 1
51 291 1
51 292 1
51 293 1
50 294 1
50 295 1
49 296 1
48 297 1
48 298 1
47 299 1
46 300 1
44 300 1
43 300 1
42 300 1
41 300 1
40 300 1
39 301 1
38 301 1
.PEN_UP
.PEN_DOWN
45 300 1
47 302 1
47 303 1
48 304 1
49 305 1
50 306 1
50 307 1
51 308 1
51 309 1
.PEN_UP
.PEN_DOWN
40 316 1
40 317 1
39 318 1
38 319 1
37 319 1
36 320 1
35 321 1
34 322 1
34 323 1
33 324 1
33 325 1
32 326 1
31 327 1
31 328 1
30 329 1
31 330 1
31 331 1
.PEN_UP
.PEN_DOWN
57 316 1
56 317 1
56 318 1
56 319 1
56 320 1
55 321 1
55 322 1
55 323 1
55 324 1
54 325 1
54 326 1
54 327 1
53 328 1
53 329 1
52 330 1
51 331 1
51 332 1
50 333 1
50 334 1
49 335 1
.PEN_UP
