.PEN_DOWN
2 13 1
2 12 1
2 11 1
3 10 1
4 9 1
5 8 1
6 7 1
7 6 1
8 6 1
9 5 1
10 4 1
11 3 1
12 3 1
13 2 1
14 2 1
15 2 1
16 1 1
17 2 1
18 2 1
19 3 1
19 4 1
18 5 1
18 6 1
18 7 1
18 8 1
17 9 1
16 10 1
15 11 1
14 12 1
13 13 1
12 14 1
11 15 1
11 16 1
11 17 1
11 18 1
11 19 1
11 20 1
11 21 1
11 22 1
9 24 1
8 25 1
8 26 1
7 27 1
6 28 1
6 29 1
5 30 1
5 31 1
4 32 1
3 33 1
2 33 1
1 34 1
.PEN_UP
.PEN_DOWN
10 23 1
13 23 1
14 23 1
15 24 1
16 25 1
17 26 1
17 27 1
17 28 1
18 29 1
18 30 1
18 31 1
18 32 1
18 33 1
18 34 1
18 35 1
18 36 1
18 37 1
17 38 1
16 39 1
15 39 1
14 39 1
13 39 1
12 40 1
11 40 1
10 40 1
9 41 1
8 42 1
8 43 1
8 44 1
8 45 1
8 46 1
8 47 1
8 48 1
8 49 1
8 50 1
9 51 1
9 52 1
9 53 1
9 54 1
10 55 1
10 56 1
10 57 1
10 58 1
10 59 1
10 60 1
10 61 1
9 62 1
9 63 1
9 64 1
9 67 1
8 68 1
8 69 1
7 70 1
7 71 1
7 72 1
6 73 1
.PEN_UP
.PEN_DOWN
9 65 1
11 65 1
12 65 1
13 64 1
14 64 1
15 63 1
16 62 1
17 61 1
18 60 1
19 59 1
20 58 1
21 57 1
22 56 1
23 56 1
24 55 1
25 54 1
26 53 1
27 52 1
28 52 1
29 51 1
30 51 1
31 51 1
33 49 1
34 48 1
35 48 1
36 47 1
37 46 1
37 45 1
38 44 1
39 43 1
41 43 1
42 42 1
43 42 1
44 42 1
45 42 1
46 41 1
47 40 1
48 40 1
49 39 1
50 39 1
51 38 1
52 38 1
53 37 1
54 36 1
55 35 1
55 34 1
55 33 1
56 32 1
55 31 1
54 30 1
53 30 1
52 30 1
51 30 1
50 30 1
49 30 1
48 30 1
47 30 1
46 30 1
45 31 1
44 31 1
43 32 1
42 33 1
41 34 1
41 35 1
41 36 1
40 37 1
40 38 1
40 39 1
40 40 1
39 41 1
39 42 1
.PEN_UP
