.PEN_DOWN
18 60 1
18 59 1
17 58 1
17 57 1
17 56 1
17 55 1
17 54 1
17 53 1
17 52 1
17 51 1
17 50 1
17 49 1
17 48 1
17 47 1
17 46 1
18 45 1
18 44 1
18 43 1
19 42 1
19 41 1
19 40 1
20 39 1
20 38 1
21 37 1
21 36 1
22 35 1
22 34 1
22 33 1
23 32 1
24 31 1
25 30 1
25 29 1
26 28 1
27 27 1
28 26 1
29 25 1
29 24 1
30 23 1
31 22 1
32 21 1
33 20 1
34 19 1
35 18 1
36 18 1
37 17 1
38 16 1
39 15 1
40 15 1
41 14 1
42 14 1
43 13 1
44 12 1
45 12 1
46 11 1
47 10 1
48 10 1
49 10 1
50 9 1
51 9 1
52 8 1
53 8 1
54 7 1
55 7 1
56 6 1
57 6 1
58 5 1
59 5 1
60 5 1
61 4 1
62 4 1
63 4 1
64 3 1
65 3 1
66 3 1
67 3 1
68 2 1
69 2 1
70 2 1
71 2 1
72 2 1
73 1 1
74 1 1
75 1 1
76 1 1
77 1 1
78 1 1
79 1 1
80 1 1
81 1 1
82 1 1
83 2 1
84 2 1
85 2 1
86 2 1
87 2 1
88 2 1
89 2 1
90 3 1
91 3 1
92 3 1
93 3 1
94 4 1
95 4 1
96 4 1
97 5 1
98 5 1
99 5 1
100 6 1
101 6 1
102 7 1
103 7 1
104 8 1
105 8 1
106 9 1
107 10 1
108 11 1
109 12 1
110 13 1
110 14 1
111 15 1
111 16 1
112 17 1
112 18 1
113 19 1
113 20 1
113 21 1
113 22 1
113 23 1
113 24 1
112 25 1
112 26 1
111 27 1
111 28 1
111 29 1
110 30 1
109 31 1
109 32 1
108 33 1
107 34 1
106 35 1
105 35 1
104 36 1
103 37 1
102 37 1
101 38 1
100 39 1
99 39 1
98 40 1
98 41 1
97 42 1
97 43 1
95 44 1
94 44 1
93 44 1
92 44 1
91 44 1
90 44 1
89 44 1
88 44 1
87 44 1
86 44 1
85 44 1
84 44 1
83 44 1
82 44 1
81 44 1
80 44 1
79 44 1
78 44 1
77 44 1
76 45 1
75 45 1
74 45 1
73 46 1
72 47 1
72 48 1
71 49 1
70 50 1
69 51 1
69 52 1
68 53 1
67 54 1
67 55 1
67 56 1
67 57 1
67 58 1
67 59 1
68 60 1
68 61 1
69 62 1
69 63 1
70 64 1
70 65 1
70 66 1
70 67 1
71 68 1
71 69 1
72 70 1
74 71 1
75 71 1
76 71 1
77 71 1
78 71 1
79 71 1
80 71 1
81 71 1
82 71 1
83 71 1
84 71 1
85 70 1
86 70 1
87 70 1
88 70 1
89 70 1
90 70 1
91 70 1
92 70 1
94 69 1
94 68 1
95 67 1
96 66 1
97 65 1
98 64 1
98 63 1
99 62 1
99 61 1
100 60 1
101 59 1
101 58 1
101 57 1
102 56 1
102 55 1
102 54 1
102 53 1
102 52 1
102 51 1
101 50 1
101 49 1
100 48 1
99 47 1
98 46 1
97 45 1
.PEN_UP
.PEN_DOWN
93 70 1
94 72 1
94 73 1
95 74 1
96 75 1
97 76 1
97 77 1
98 78 1
98 79 1
98 80 1
98 81 1
98 82 1
97 83 1
97 84 1
97 85 1
96 86 1
95 87 1
.PEN_UP
.PEN_DOWN
64 94 1
65 94 1
66 95 1
67 96 1
68 96 1
69 97 1
70 97 1
71 97 1
72 97 1
73 97 1
74 98 1
75 98 1
76 98 1
77 98 1
78 98 1
79 99 1
80 100 1
82 101 1
83 101 1
84 101 1
85 101 1
86 101 1
87 101 1
88 102 1
89 102 1
90 102 1
91 102 1
92 102 1
93 102 1
94 102 1
95 102 1
96 102 1
97 102 1
98 103 1
99 103 1
100 103 1
101 103 1
102 103 1
103 104 1
104 104 1
.PEN_UP
.PEN_DOWN
80 101 1
79 102 1
78 103 1
77 104 1
76 104 1
75 104 1
74 105 1
73 105 1
72 105 1
71 105 1
70 106 1
69 107 1
68 107 1
67 108 1
66 109 1
65 109 1
64 110 1
63 111 1
63 112 1
62 113 1
62 114 1
62 115 1
62 116 1
62 117 1
63 118 1
64 119 1
.PEN_UP
.PEN_DOWN
61 129 1
62 129 1
63 130 1
64 130 1
65 131 1
66 132 1
67 132 1
68 133 1
69 133 1
70 133 1
71 134 1
72 135 1
73 136 1
75 137 1
76 137 1
77 137 1
78 137 1
79 137 1
80 137 1
81 137 1
82 137 1
83 137 1
84 137 1
85 137 1
86 138 1
87 138 1
88 138 1
89 138 1
90 138 1
91 138 1
92 138 1
93 138 1
94 138 1
95 139 1
96 139 1
97 139 1
98 139 1
99 139 1
100 140 1
.PEN_UP
.PEN_DOWN
73 137 1
72 139 1
71 140 1
70 140 1
69 140 1
68 141 1
67 142 1
66 142 1
65 143 1
64 144 1
63 145 1
62 146 1
61 147 1
60 148 1
60 149 1
60 150 1
60 151 1
61 152 1
61 153 1
62 154 1
63 155 1
.PEN_UP
.PEN_DOWN
86 218 1
87 217 1
88 217 1
89 217 1
90 217 1
91 218 1
91 219 1
92 220 1
91 221 1
91 222 1
91 223 1
90 224 1
89 225 1
88 226 1
87 227 1
86 228 1
85 228 1
84 229 1
83 230 1
82 231 1
82 232 1
81 233 1
80 233 1
79 233 1
78 233 1
77 233 1
76 233 1
75 233 1
74 233 1
73 234 1
71 232 1
70 232 1
69 231 1
68 231 1
67 231 1
66 230 1
65 230 1
64 230 1
63 230 1
62 230 1
61 230 1
60 230 1
59 231 1
58 230 1
57 230 1
56 230 1
55 230 1
54 230 1
53 230 1
52 230 1
51 230 1
50 231 1
49 231 1
48 231 1
47 231 1
46 231 1
45 231 1
44 231 1
43 231 1
42 231 1
41 231 1
40 231 1
39 231 1
38 231 1
37 232 1
36 232 1
35 232 1
34 232 1
33 232 1
32 232 1
31 232 1
30 232 1
29 232 1
28 232 1
27 233 1
26 233 1
25 233 1
24 233 1
23 233 1
22 234 1
21 234 1
20 234 1
19 235 1
18 235 1
17 236 1
16 236 1
15 236 1
14 237 1
13 237 1
12 238 1
11 238 1
10 239 1
9 239 1
8 240 1
7 241 1
6 242 1
5 243 1
5 244 1
5 245 1
5 246 1
5 247 1
6 248 1
7 249 1
8 250 1
9 250 1
10 250 1
11 251 1
12 251 1
13 251 1
14 251 1
15 252 1
16 252 1
17 252 1
18 252 1
19 252 1
20 252 1
21 252 1
22 252 1
23 251 1
24 251 1
25 251 1
26 251 1
27 251 1
28 251 1
29 251 1
30 251 1
31 251 1
32 251 1
33 250 1
34 250 1
35 250 1
36 250 1
37 250 1
38 250 1
39 249 1
40 249 1
41 249 1
42 249 1
43 249 1
44 249 1
45 248 1
46 248 1
47 247 1
48 247 1
49 247 1
50 246 1
51 246 1
52 246 1
53 245 1
54 244 1
55 244 1
56 244 1
57 243 1
58 243 1
59 242 1
60 242 1
61 241 1
62 241 1
63 241 1
64 240 1
65 240 1
66 240 1
67 239 1
68 238 1
69 238 1
70 237 1
71 236 1
71 235 1
72 234 1
.PEN_UP
.PEN_DOWN
82 234 1
82 235 1
83 236 1
83 237 1
84 238 1
84 239 1
85 240 1
85 241 1
85 242 1
85 243 1
85 244 1
85 245 1
85 246 1
85 247 1
85 248 1
84 249 1
83 250 1
83 251 1
82 252 1
81 253 1
80 254 1
79 255 1
78 255 1
77 256 1
76 257 1
75 258 1
74 258 1
73 259 1
72 260 1
71 260 1
70 261 1
69 262 1
68 262 1
67 263 1
66 263 1
65 264 1
64 265 1
64 266 1
63 267 1
61 268 1
60 268 1
59 268 1
58 269 1
57 269 1
56 269 1
55 269 1
54 269 1
53 269 1
52 269 1
51 270 1
50 270 1
49 270 1
48 270 1
47 270 1
46 270 1
45 271 1
44 271 1
43 270 1
42 270 1
41 270 1
40 270 1
39 270 1
38 269 1
37 269 1
36 269 1
35 269 1
34 269 1
33 269 1
32 270 1
31 270 1
30 270 1
29 270 1
28 270 1
27 270 1
26 270 1
25 270 1
24 270 1
23 270 1
22 270 1
21 271 1
20 271 1
19 271 1
18 272 1
17 272 1
16 272 1
15 272 1
14 272 1
13 272 1
12 272 1
11 272 1
10 272 1
9 272 1
8 272 1
7 272 1
6 272 1
5 272 1
4 273 1
3 273 1
2 274 1
2 275 1
1 276 1
1 277 1
2 278 1
2 279 1
3 280 1
4 280 1
5 280 1
6 280 1
7 280 1
8 280 1
9 280 1
10 280 1
11 280 1
12 280 1
13 280 1
14 280 1
15 280 1
16 280 1
17 280 1
18 280 1
19 280 1
20 280 1
21 280 1
22 280 1
23 280 1
24 280 1
25 280 1
26 280 1
27 279 1
28 279 1
29 279 1
30 279 1
31 279 1
32 279 1
33 278 1
34 278 1
35 278 1
36 277 1
37 277 1
38 276 1
39 276 1
40 276 1
41 275 1
42 274 1
43 273 1
43 272 1
.PEN_UP
.PEN_DOWN
62 268 1
64 269 1
65 269 1
66 270 1
67 270 1
68 270 1
69 270 1
70 270 1
71 271 1
72 271 1
73 271 1
74 271 1
75 272 1
76 272 1
77 273 1
78 273 1
79 274 1
80 274 1
81 275 1
82 276 1
83 277 1
84 278 1
85 279 1
85 280 1
85 281 1
85 282 1
85 283 1
85 284 1
85 285 1
84 286 1
.PEN_UP
