.PEN_DOWN
1 49 1
2 48 1
3 48 1
4 47 1
5 47 1
6 47 1
7 46 1
8 46 1
9 46 1
10 45 1
11 45 1
12 44 1
13 44 1
14 43 1
15 43 1
16 42 1
17 42 1
18 41 1
19 41 1
20 41 1
21 40 1
22 40 1
23 39 1
24 39 1
25 38 1
26 38 1
27 37 1
28 37 1
29 37 1
30 36 1
31 36 1
32 36 1
33 35 1
34 35 1
35 34 1
36 34 1
37 33 1
38 33 1
39 32 1
40 32 1
41 31 1
42 31 1
43 30 1
44 30 1
45 29 1
46 29 1
47 29 1
48 29 1
49 28 1
50 28 1
51 27 1
52 26 1
53 26 1
54 25 1
55 25 1
56 24 1
57 24 1
58 23 1
59 22 1
60 22 1
61 22 1
62 22 1
63 21 1
64 21 1
65 20 1
66 20 1
67 20 1
68 19 1
69 18 1
70 18 1
71 18 1
72 17 1
73 17 1
74 17 1
75 17 1
76 16 1
77 16 1
78 16 1
79 16 1
81 15 1
82 15 1
83 14 1
84 14 1
85 13 1
86 12 1
87 12 1
88 12 1
89 11 1
90 10 1
91 10 1
92 10 1
93 9 1
94 8 1
95 8 1
96 7 1
97 7 1
98 6 1
99 6 1
100 5 1
101 5 1
102 4 1
103 4 1
104 3 1
105 3 1
106 2 1
107 2 1
108 1 1
109 1 1
110 1 1
.PEN_UP
.PEN_DOWN
80 16 1
80 18 1
79 19 1
79 20 1
79 21 1
79 22 1
79 23 1
79 24 1
79 25 1
79 26 1
80 27 1
81 27 1
82 27 1
83 27 1
84 27 1
85 27 1
86 26 1
87 26 1
88 25 1
89 25 1
90 25 1
91 24 1
92 24 1
93 23 1
94 23 1
95 22 1
96 22 1
97 21 1
98 20 1
99 20 1
100 19 1
101 19 1
102 18 1
103 17 1
104 17 1
105 17 1
106 16 1
107 15 1
108 15 1
109 14 1
110 13 1
111 13 1
112 13 1
113 12 1
114 12 1
115 11 1
116 11 1
117 10 1
118 10 1
119 9 1
120 9 1
121 9 1
.PEN_UP
.PEN_DOWN
86 51 1
87 52 1
88 53 1
89 53 1
90 53 1
91 53 1
92 53 1
93 53 1
94 53 1
95 53 1
96 53 1
97 53 1
98 53 1
99 52 1
100 52 1
101 52 1
102 52 1
103 52 1
104 51 1
105 51 1
106 51 1
107 51 1
108 51 1
109 51 1
109 53 1
109 54 1
108 55 1
108 56 1
108 57 1
107 58 1
106 58 1
105 59 1
104 60 1
103 61 1
102 61 1
101 62 1
100 63 1
99 64 1
99 65 1
98 66 1
97 67 1
96 68 1
95 69 1
94 70 1
94 71 1
93 72 1
93 73 1
93 74 1
92 75 1
92 76 1
92 77 1
92 78 1
91 81 1
90 82 1
89 83 1
88 84 1
87 85 1
87 86 1
86 87 1
85 88 1
84 88 1
83 89 1
82 90 1
81 90 1
80 91 1
79 91 1
78 92 1
77 92 1
76 93 1
75 94 1
74 94 1
73 94 1
72 95 1
71 96 1
70 96 1
69 96 1
68 97 1
67 97 1
66 98 1
65 99 1
64 99 1
63 100 1
62 100 1
61 101 1
60 102 1
59 102 1
58 103 1
57 103 1
56 104 1
55 105 1
54 105 1
53 106 1
52 106 1
51 107 1
50 108 1
49 108 1
48 109 1
47 109 1
46 110 1
45 111 1
44 111 1
43 112 1
42 113 1
41 114 1
40 115 1
.PEN_UP
.PEN_DOWN
92 79 1
94 79 1
95 79 1
96 79 1
97 79 1
98 79 1
99 79 1
101 80 1
102 80 1
103 80 1
104 80 1
105 80 1
106 79 1
107 79 1
108 79 1
109 79 1
110 79 1
111 79 1
112 79 1
113 79 1
114 79 1
115 79 1
116 79 1
117 79 1
118 79 1
119 80 1
120 80 1
.PEN_UP
.PEN_DOWN
100 78 1
101 77 1
102 76 1
103 75 1
103 74 1
104 73 1
105 72 1
106 71 1
107 71 1
108 70 1
109 70 1
110 69 1
111 68 1
112 67 1
113 66 1
114 65 1
115 65 1
116 64 1
117 63 1
118 62 1
119 61 1
120 60 1
120 59 1
121 58 1
121 57 1
121 56 1
121 55 1
121 54 1
120 53 1
119 53 1
118 53 1
117 52 1
116 52 1
115 52 1
114 51 1
115 49 1
115 48 1
115 47 1
115 46 1
115 45 1
113 43 1
113 42 1
113 41 1
113 40 1
113 39 1
113 38 1
113 37 1
112 36 1
112 35 1
112 34 1
113 33 1
113 32 1
113 31 1
113 30 1
113 29 1
114 28 1
114 27 1
115 26 1
116 25 1
116 24 1
117 23 1
118 23 1
119 23 1
120 23 1
121 22 1
122 22 1
123 22 1
124 22 1
125 23 1
126 23 1
127 23 1
128 24 1
129 25 1
130 26 1
130 27 1
130 28 1
130 29 1
130 30 1
130 31 1
130 32 1
129 33 1
129 34 1
128 35 1
127 36 1
127 37 1
126 38 1
125 38 1
124 39 1
123 40 1
122 41 1
121 41 1
120 42 1
119 43 1
118 43 1
117 43 1
116 44 1
.PEN_UP
