.PEN_DOWN
1 44 1
1 43 1
2 42 1
3 41 1
4 41 1
5 40 1
6 40 1
7 39 1
8 38 1
9 37 1
10 37 1
11 36 1
12 36 1
13 35 1
14 34 1
15 33 1
16 33 1
17 32 1
18 31 1
19 31 1
20 31 1
21 30 1
22 29 1
23 28 1
24 28 1
25 27 1
26 26 1
27 25 1
28 24 1
29 24 1
30 23 1
31 23 1
32 22 1
33 22 1
34 22 1
35 22 1
36 21 1
37 20 1
37 19 1
38 18 1
38 17 1
38 16 1
38 15 1
40 13 1
41 13 1
42 13 1
43 13 1
44 12 1
45 11 1
46 10 1
47 9 1
49 7 1
50 7 1
51 7 1
52 6 1
53 5 1
53 4 1
54 3 1
54 2 1
55 1 1
56 1 1
.PEN_UP
.PEN_DOWN
47 8 1
46 7 1
45 6 1
44 5 1
43 5 1
42 5 1
41 5 1
40 6 1
39 7 1
38 8 1
38 9 1
37 10 1
37 11 1
37 12 1
37 13 1
38 14 1
.PEN_UP
.PEN_DOWN
37 22 1
37 23 1
37 24 1
37 25 1
37 26 1
37 27 1
37 28 1
37 29 1
37 30 1
37 31 1
37 32 1
37 33 1
37 34 1
37 35 1
37 38 1
37 39 1
36 40 1
36 41 1
36 42 1
35 43 1
35 44 1
35 45 1
35 46 1
34 47 1
34 48 1
35 49 1
35 50 1
.PEN_UP
.PEN_DOWN
37 36 1
39 36 1
40 35 1
41 35 1
42 35 1
43 35 1
44 35 1
45 35 1
46 34 1
47 34 1
48 34 1
49 34 1
50 35 1
51 35 1
52 36 1
53 37 1
53 38 1
54 39 1
54 40 1
54 41 1
54 42 1
54 43 1
54 44 1
54 45 1
54 46 1
54 47 1
54 48 1
54 49 1
54 50 1
54 51 1
53 52 1
53 53 1
53 54 1
52 55 1
52 56 1
52 57 1
52 58 1
51 59 1
51 60 1
51 61 1
50 62 1
50 63 1
49 64 1
49 65 1
48 66 1
48 67 1
48 68 1
47 69 1
46 70 1
45 70 1
44 70 1
43 70 1
42 70 1
41 70 1
40 70 1
39 69 1
38 68 1
37 67 1
36 66 1
36 65 1
36 64 1
.PEN_UP
