.PEN_DOWN
39 33 1
40 33 1
41 32 1
42 31 1
43 31 1
44 30 1
45 29 1
46 29 1
47 28 1
48 27 1
49 27 1
50 26 1
51 25 1
52 25 1
55 25 1
56 25 1
57 25 1
58 25 1
59 25 1
60 25 1
61 25 1
62 25 1
63 26 1
64 27 1
68 25 1
68 24 1
69 23 1
70 23 1
71 22 1
72 21 1
73 21 1
74 20 1
75 20 1
76 19 1
77 18 1
78 18 1
79 17 1
80 16 1
81 16 1
82 16 1
83 15 1
84 14 1
85 14 1
86 13 1
87 13 1
88 13 1
89 12 1
90 11 1
91 10 1
92 10 1
93 10 1
94 9 1
95 9 1
96 8 1
97 7 1
98 7 1
99 7 1
100 6 1
101 5 1
102 5 1
103 5 1
104 4 1
105 4 1
106 5 1
107 5 1
.PEN_UP
.PEN_DOWN
64 28 1
68 29 1
69 30 1
70 31 1
71 32 1
71 33 1
72 34 1
72 35 1
72 36 1
72 37 1
72 38 1
72 39 1
72 40 1
72 41 1
71 42 1
71 43 1
70 44 1
70 45 1
69 46 1
68 47 1
68 48 1
68 49 1
68 50 1
67 51 1
65 53 1
64 53 1
63 53 1
62 54 1
61 54 1
60 55 1
59 56 1
58 57 1
57 57 1
56 58 1
55 58 1
54 59 1
53 59 1
52 60 1
51 60 1
50 60 1
49 60 1
48 61 1
47 61 1
46 61 1
45 61 1
44 61 1
43 61 1
42 61 1
41 60 1
41 59 1
41 58 1
41 57 1
41 56 1
41 55 1
41 54 1
41 53 1
42 52 1
43 51 1
44 50 1
45 49 1
46 48 1
47 47 1
48 46 1
49 45 1
50 44 1
51 43 1
52 42 1
53 41 1
54 40 1
55 39 1
56 38 1
57 37 1
58 36 1
59 36 1
60 35 1
60 34 1
61 33 1
61 32 1
62 31 1
62 30 1
63 29 1
.PEN_UP
.PEN_DOWN
66 52 1
68 53 1
69 53 1
70 54 1
71 55 1
70 56 1
70 57 1
70 58 1
70 59 1
69 60 1
69 61 1
68 62 1
67 63 1
67 64 1
66 65 1
65 66 1
65 67 1
64 68 1
63 69 1
63 70 1
63 71 1
63 72 1
62 73 1
62 74 1
62 75 1
62 76 1
60 77 1
59 78 1
58 79 1
57 80 1
56 81 1
55 82 1
54 83 1
54 84 1
53 85 1
52 86 1
52 87 1
51 88 1
50 89 1
50 90 1
49 91 1
48 92 1
48 93 1
47 94 1
47 95 1
46 96 1
45 97 1
44 98 1
44 99 1
43 100 1
43 101 1
42 102 1
42 103 1
42 104 1
41 105 1
41 106 1
41 107 1
41 108 1
41 109 1
39 110 1
38 111 1
37 111 1
36 112 1
35 113 1
.PEN_UP
.PEN_DOWN
40 110 1
42 111 1
43 111 1
44 111 1
45 111 1
46 112 1
47 112 1
48 112 1
51 111 1
52 111 1
53 110 1
54 110 1
55 109 1
56 108 1
57 108 1
58 107 1
59 106 1
60 105 1
61 104 1
62 103 1
63 102 1
64 101 1
65 100 1
66 99 1
67 98 1
68 97 1
68 96 1
69 95 1
70 94 1
71 93 1
71 92 1
71 91 1
72 90 1
73 89 1
73 88 1
73 87 1
74 86 1
74 85 1
74 84 1
74 83 1
73 82 1
73 81 1
73 80 1
72 79 1
71 78 1
70 78 1
69 78 1
68 77 1
67 77 1
66 77 1
65 77 1
64 77 1
63 77 1
.PEN_UP
.PEN_DOWN
49 112 1
49 114 1
49 115 1
49 116 1
49 117 1
48 118 1
48 119 1
48 120 1
48 121 1
47 122 1
47 123 1
46 124 1
45 125 1
45 126 1
44 127 1
44 128 1
43 129 1
42 130 1
42 131 1
41 132 1
41 133 1
41 134 1
41 135 1
40 136 1
40 137 1
40 138 1
42 139 1
43 139 1
44 139 1
45 138 1
46 138 1
47 138 1
48 138 1
49 138 1
50 137 1
51 137 1
52 136 1
53 135 1
54 135 1
55 134 1
56 134 1
57 133 1
58 133 1
59 133 1
60 132 1
61 132 1
62 132 1
63 132 1
64 132 1
65 131 1
66 131 1
69 130 1
70 129 1
71 129 1
72 128 1
73 127 1
73 126 1
73 125 1
73 124 1
73 123 1
73 122 1
73 121 1
73 120 1
72 119 1
72 118 1
71 117 1
71 116 1
70 115 1
69 114 1
68 113 1
.PEN_UP
.PEN_DOWN
67 131 1
67 133 1
67 134 1
67 135 1
67 136 1
67 137 1
67 138 1
67 139 1
67 140 1
65 142 1
64 142 1
63 143 1
62 144 1
61 145 1
60 146 1
60 147 1
59 148 1
59 149 1
58 150 1
57 151 1
56 152 1
55 153 1
55 154 1
54 155 1
53 156 1
53 157 1
52 158 1
52 159 1
52 160 1
51 161 1
51 162 1
51 163 1
51 164 1
50 165 1
49 167 1
48 167 1
47 168 1
46 169 1
45 169 1
44 169 1
43 170 1
.PEN_UP
.PEN_DOWN
50 166 1
52 166 1
53 166 1
54 165 1
55 165 1
56 165 1
57 165 1
58 165 1
59 165 1
60 165 1
61 165 1
62 165 1
63 165 1
64 165 1
67 164 1
68 163 1
69 162 1
70 161 1
71 160 1
72 159 1
73 158 1
74 157 1
75 156 1
75 155 1
76 154 1
77 153 1
77 152 1
77 151 1
77 150 1
77 149 1
77 148 1
77 147 1
76 146 1
75 145 1
74 144 1
73 143 1
72 143 1
71 143 1
70 143 1
69 142 1
68 142 1
67 141 1
.PEN_UP
.PEN_DOWN
65 165 1
64 167 1
64 168 1
64 169 1
63 170 1
63 171 1
63 172 1
62 173 1
62 174 1
62 175 1
61 176 1
60 177 1
59 178 1
58 179 1
57 180 1
57 181 1
56 182 1
56 183 1
56 184 1
55 185 1
55 186 1
55 187 1
55 188 1
53 189 1
52 190 1
51 191 1
50 191 1
49 192 1
48 193 1
47 193 1
46 194 1
45 195 1
44 196 1
43 197 1
42 198 1
41 198 1
40 199 1
39 200 1
38 201 1
.PEN_UP
.PEN_DOWN
54 189 1
56 190 1
57 190 1
58 189 1
59 189 1
60 189 1
61 189 1
62 189 1
63 189 1
64 189 1
65 189 1
66 189 1
67 189 1
68 189 1
69 189 1
70 190 1
71 191 1
70 192 1
70 193 1
70 194 1
70 195 1
70 196 1
69 197 1
69 198 1
69 199 1
68 200 1
67 201 1
66 202 1
66 203 1
65 204 1
64 205 1
63 206 1
63 207 1
62 208 1
61 209 1
60 210 1
60 211 1
59 212 1
59 213 1
58 214 1
58 215 1
58 216 1
57 217 1
55 219 1
54 219 1
53 219 1
52 220 1
51 220 1
50 221 1
49 221 1
48 222 1
47 222 1
46 223 1
45 224 1
44 224 1
43 224 1
42 225 1
41 225 1
40 226 1
39 227 1
38 227 1
37 228 1
36 227 1
35 227 1
34 227 1
33 227 1
32 227 1
31 227 1
30 227 1
29 228 1
28 228 1
27 229 1
26 229 1
25 230 1
24 230 1
23 231 1
22 232 1
21 232 1
20 233 1
19 234 1
18 234 1
17 235 1
16 236 1
15 236 1
14 237 1
13 238 1
12 239 1
11 240 1
11 241 1
11 242 1
10 243 1
10 244 1
10 245 1
9 246 1
10 247 1
11 247 1
12 247 1
13 247 1
14 246 1
15 246 1
16 246 1
17 246 1
18 246 1
19 245 1
20 244 1
21 244 1
22 244 1
23 243 1
24 242 1
25 241 1
26 241 1
27 240 1
28 240 1
29 239 1
30 239 1
31 238 1
32 237 1
33 236 1
34 235 1
35 234 1
35 233 1
35 232 1
36 231 1
36 230 1
36 229 1
.PEN_UP
.PEN_DOWN
56 218 1
58 219 1
59 220 1
60 220 1
61 220 1
62 220 1
63 220 1
64 221 1
65 221 1
66 221 1
67 222 1
68 223 1
69 223 1
70 224 1
70 225 1
70 226 1
71 227 1
71 228 1
71 229 1
70 230 1
70 231 1
69 232 1
69 233 1
68 234 1
67 235 1
66 236 1
65 237 1
64 238 1
63 238 1
62 238 1
61 239 1
60 239 1
59 239 1
58 239 1
57 240 1
56 240 1
54 239 1
53 238 1
52 237 1
51 236 1
.PEN_UP
.PEN_DOWN
55 240 1
55 242 1
55 243 1
55 244 1
55 245 1
55 246 1
55 247 1
55 248 1
54 249 1
54 250 1
54 251 1
52 253 1
51 254 1
50 255 1
49 256 1
48 256 1
47 257 1
46 258 1
45 259 1
44 259 1
43 260 1
42 261 1
41 261 1
38 261 1
37 262 1
36 262 1
35 262 1
34 262 1
33 262 1
32 263 1
31 263 1
30 264 1
29 264 1
28 265 1
27 266 1
26 266 1
25 267 1
24 267 1
23 268 1
22 268 1
21 269 1
20 270 1
19 271 1
18 271 1
17 272 1
16 273 1
15 273 1
14 274 1
13 274 1
12 275 1
12 276 1
11 277 1
10 278 1
9 278 1
8 279 1
7 280 1
6 281 1
5 281 1
4 282 1
4 283 1
3 284 1
3 285 1
2 286 1
2 287 1
2 288 1
1 289 1
2 290 1
3 290 1
4 290 1
5 290 1
6 290 1
7 290 1
8 290 1
9 290 1
10 289 1
11 289 1
12 289 1
13 289 1
14 288 1
15 287 1
16 287 1
17 287 1
18 286 1
19 285 1
20 285 1
21 284 1
22 284 1
23 283 1
24 282 1
25 281 1
26 280 1
27 280 1
28 279 1
29 278 1
30 277 1
31 276 1
32 275 1
33 274 1
34 273 1
35 273 1
36 272 1
37 271 1
38 270 1
38 269 1
38 268 1
39 267 1
39 266 1
39 265 1
40 264 1
40 263 1
40 262 1
.PEN_UP
.PEN_DOWN
53 252 1
55 253 1
56 253 1
57 253 1
58 253 1
59 253 1
60 253 1
61 253 1
62 253 1
63 253 1
64 253 1
65 254 1
66 254 1
67 255 1
68 256 1
68 257 1
68 258 1
69 259 1
69 260 1
68 261 1
68 262 1
68 263 1
68 264 1
67 265 1
67 266 1
66 267 1
66 268 1
65 269 1
65 270 1
64 271 1
64 272 1
64 273 1
64 274 1
63 275 1
63 276 1
61 277 1
60 277 1
59 277 1
58 277 1
57 278 1
56 279 1
55 279 1
54 280 1
53 281 1
52 282 1
51 283 1
50 284 1
49 285 1
48 286 1
47 287 1
46 288 1
45 289 1
.PEN_UP
