.PEN_DOWN
12 1 1
12 2 1
13 3 1
14 4 1
14 5 1
15 6 1
16 7 1
17 8 1
18 9 1
18 10 1
19 11 1
20 12 1
21 13 1
22 14 1
23 15 1
24 16 1
25 17 1
26 18 1
27 19 1
28 20 1
29 21 1
30 22 1
30 23 1
31 24 1
32 25 1
32 26 1
33 27 1
34 28 1
34 29 1
35 30 1
35 31 1
35 32 1
36 33 1
36 34 1
35 35 1
34 36 1
33 35 1
32 35 1
31 35 1
30 35 1
29 35 1
28 35 1
27 35 1
26 35 1
25 35 1
22 34 1
21 34 1
20 33 1
19 33 1
18 32 1
17 32 1
16 31 1
15 30 1
14 30 1
.PEN_UP
.PEN_DOWN
24 35 1
24 37 1
25 38 1
25 39 1
25 40 1
25 41 1
26 42 1
27 43 1
28 44 1
29 45 1
29 46 1
30 47 1
31 48 1
31 49 1
32 50 1
32 51 1
33 52 1
33 53 1
33 54 1
33 55 1
33 56 1
33 57 1
32 58 1
31 58 1
30 59 1
29 59 1
28 59 1
27 58 1
26 58 1
25 58 1
24 58 1
23 57 1
22 57 1
21 57 1
20 57 1
19 56 1
18 56 1
17 55 1
16 55 1
15 54 1
14 54 1
13 53 1
12 52 1
11 52 1
10 51 1
9 51 1
8 50 1
7 49 1
6 49 1
5 48 1
4 47 1
3 47 1
2 46 1
1 45 1
.PEN_UP
.PEN_DOWN
15 84 1
15 83 1
15 82 1
15 81 1
14 80 1
15 79 1
16 78 1
17 79 1
18 79 1
19 79 1
20 79 1
21 79 1
22 80 1
23 80 1
24 81 1
25 82 1
26 83 1
27 84 1
28 85 1
29 86 1
30 87 1
31 88 1
31 89 1
32 90 1
32 91 1
33 92 1
33 93 1
33 94 1
33 95 1
33 96 1
34 97 1
34 98 1
33 99 1
33 100 1
33 101 1
32 102 1
31 102 1
30 102 1
29 102 1
28 103 1
27 103 1
26 103 1
23 102 1
22 101 1
21 100 1
20 100 1
19 99 1
18 98 1
17 98 1
16 97 1
15 96 1
14 95 1
13 94 1
12 92 1
11 91 1
11 90 1
11 89 1
11 88 1
10 87 1
10 86 1
10 85 1
9 84 1
10 83 1
10 82 1
11 81 1
12 81 1
13 81 1
.PEN_UP
.PEN_DOWN
25 103 1
26 105 1
26 106 1
26 107 1
26 108 1
27 109 1
27 110 1
28 111 1
28 112 1
29 113 1
30 114 1
30 115 1
31 116 1
32 117 1
32 118 1
33 119 1
33 120 1
34 121 1
35 122 1
35 123 1
36 124 1
37 125 1
38 126 1
39 127 1
.PEN_UP
.PEN_DOWN
9 136 1
8 136 1
7 135 1
6 135 1
5 135 1
4 134 1
3 133 1
3 132 1
3 131 1
3 130 1
3 129 1
4 128 1
5 128 1
6 127 1
7 128 1
8 128 1
9 128 1
10 128 1
11 129 1
12 130 1
13 131 1
14 132 1
14 133 1
15 134 1
16 135 1
16 136 1
17 137 1
18 138 1
19 139 1
20 140 1
21 141 1
21 142 1
22 143 1
23 144 1
24 145 1
25 146 1
26 147 1
27 148 1
28 149 1
29 150 1
30 151 1
31 152 1
32 153 1
33 154 1
34 155 1
35 155 1
36 156 1
37 157 1
38 158 1
39 158 1
40 158 1
41 158 1
42 157 1
43 157 1
44 157 1
45 156 1
45 155 1
46 154 1
46 153 1
46 152 1
45 151 1
45 150 1
.PEN_UP
