.PEN_DOWN
40 1 1
39 2 1
39 3 1
38 4 1
37 5 1
37 6 1
36 7 1
36 8 1
35 9 1
34 10 1
33 11 1
32 12 1
31 13 1
31 14 1
31 15 1
30 16 1
30 17 1
29 18 1
28 19 1
28 20 1
27 21 1
27 22 1
26 23 1
26 24 1
26 25 1
25 26 1
25 27 1
24 28 1
24 29 1
24 30 1
24 31 1
24 32 1
24 33 1
24 34 1
24 35 1
24 36 1
25 37 1
26 38 1
27 38 1
28 38 1
29 38 1
30 38 1
31 38 1
34 37 1
35 36 1
36 36 1
37 35 1
38 34 1
41 34 1
42 34 1
43 34 1
44 34 1
45 34 1
46 35 1
46 36 1
46 37 1
46 38 1
46 39 1
46 40 1
46 41 1
46 42 1
45 43 1
45 44 1
44 45 1
44 46 1
43 47 1
43 48 1
42 49 1
42 50 1
41 55 1
40 56 1
39 56 1
38 57 1
38 58 1
37 59 1
36 59 1
35 61 1
34 62 1
33 62 1
32 63 1
31 64 1
31 65 1
30 66 1
29 67 1
28 67 1
25 66 1
24 65 1
23 64 1
23 63 1
23 62 1
23 61 1
23 60 1
23 59 1
23 58 1
23 57 1
23 56 1
23 55 1
23 54 1
24 53 1
25 52 1
25 51 1
26 50 1
26 49 1
27 48 1
27 47 1
28 46 1
29 45 1
29 44 1
30 43 1
31 42 1
31 41 1
31 40 1
32 39 1
.PEN_UP
.PEN_DOWN
42 51 1
46 53 1
47 53 1
48 53 1
49 53 1
50 53 1
51 54 1
51 55 1
50 56 1
50 57 1
50 58 1
50 59 1
49 60 1
49 61 1
48 62 1
47 63 1
47 64 1
46 65 1
46 66 1
45 67 1
44 68 1
43 69 1
43 70 1
42 71 1
42 72 1
41 73 1
41 74 1
41 75 1
39 77 1
38 78 1
37 78 1
36 79 1
35 80 1
34 81 1
33 82 1
32 83 1
31 84 1
30 85 1
29 86 1
28 87 1
27 88 1
26 89 1
25 90 1
.PEN_UP
.PEN_DOWN
40 76 1
43 76 1
44 76 1
45 75 1
46 75 1
.PEN_UP
.PEN_DOWN
39 33 1
40 32 1
40 31 1
40 30 1
41 29 1
42 28 1
42 27 1
43 26 1
44 25 1
45 24 1
45 23 1
46 22 1
47 21 1
47 20 1
48 19 1
48 18 1
48 17 1
48 14 1
49 13 1
49 12 1
49 11 1
49 10 1
49 9 1
50 8 1
.PEN_UP
.PEN_DOWN
1 106 1
1 107 1
1 108 1
2 109 1
.PEN_UP
.PEN_DOWN
27 110 1
28 109 1
28 108 1
29 107 1
30 106 1
30 105 1
31 104 1
32 104 1
33 104 1
34 103 1
34 102 1
34 101 1
35 100 1
36 100 1
37 99 1
38 98 1
39 97 1
40 97 1
41 96 1
42 95 1
43 95 1
44 94 1
45 94 1
46 94 1
47 93 1
48 94 1
48 95 1
48 96 1
48 97 1
48 98 1
47 99 1
47 100 1
46 101 1
46 102 1
45 103 1
45 104 1
44 105 1
44 106 1
43 107 1
42 108 1
41 109 1
40 110 1
40 111 1
39 112 1
39 113 1
38 114 1
37 115 1
36 116 1
35 116 1
34 117 1
33 118 1
32 118 1
31 119 1
30 120 1
29 120 1
28 121 1
27 122 1
26 123 1
25 124 1
24 124 1
23 125 1
22 126 1
21 127 1
20 128 1
19 129 1
18 132 1
17 133 1
16 134 1
15 134 1
13 136 1
12 136 1
11 136 1
10 134 1
11 133 1
12 132 1
13 131 1
14 130 1
15 129 1
16 129 1
.PEN_UP
.PEN_DOWN
40 114 1
41 114 1
42 114 1
43 114 1
44 115 1
45 115 1
.PEN_UP
