.PEN_DOWN
20 39 1
19 40 1
18 40 1
17 40 1
16 40 1
15 40 1
14 40 1
13 40 1
12 40 1
11 40 1
10 40 1
9 40 1
8 40 1
7 39 1
6 38 1
5 37 1
4 36 1
3 35 1
3 34 1
2 33 1
2 32 1
2 31 1
2 30 1
1 29 1
1 28 1
1 27 1
1 26 1
2 25 1
2 24 1
2 23 1
3 22 1
3 21 1
4 20 1
5 19 1
6 18 1
7 17 1
8 16 1
9 16 1
10 15 1
11 14 1
12 13 1
13 12 1
14 12 1
15 12 1
16 11 1
17 10 1
18 10 1
19 9 1
20 9 1
21 8 1
22 8 1
23 8 1
24 7 1
25 6 1
26 6 1
27 6 1
28 5 1
29 5 1
30 5 1
31 5 1
32 4 1
33 4 1
34 4 1
35 4 1
36 4 1
37 3 1
38 3 1
39 3 1
40 3 1
41 3 1
42 2 1
43 2 1
44 2 1
45 2 1
46 1 1
47 1 1
48 2 1
49 2 1
50 2 1
51 2 1
52 2 1
53 2 1
54 2 1
55 2 1
56 2 1
57 2 1
58 2 1
59 2 1
60 2 1
61 2 1
62 3 1
63 3 1
64 3 1
65 3 1
66 3 1
67 4 1
68 4 1
69 5 1
70 5 1
71 6 1
72 7 1
73 8 1
74 9 1
75 10 1
76 11 1
77 12 1
77 13 1
78 14 1
78 15 1
78 16 1
78 17 1
78 18 1
78 19 1
78 20 1
78 21 1
77 22 1
77 23 1
76 24 1
76 25 1
75 26 1
75 27 1
74 28 1
73 29 1
73 30 1
72 31 1
71 32 1
70 33 1
69 33 1
68 34 1
67 35 1
66 35 1
65 36 1
64 36 1
63 37 1
62 37 1
61 37 1
60 37 1
59 37 1
58 38 1
57 38 1
56 39 1
57 42 1
57 43 1
58 44 1
59 44 1
60 44 1
61 44 1
62 44 1
63 44 1
64 44 1
65 44 1
66 44 1
67 44 1
68 44 1
69 44 1
70 44 1
71 44 1
72 44 1
73 44 1
74 44 1
75 44 1
76 44 1
77 44 1
78 44 1
79 45 1
80 45 1
81 45 1
82 46 1
.PEN_UP
.PEN_DOWN
55 40 1
54 39 1
53 39 1
52 38 1
51 37 1
50 36 1
49 35 1
49 34 1
48 33 1
48 32 1
47 31 1
47 30 1
47 29 1
46 28 1
46 27 1
45 26 1
45 25 1
45 24 1
45 23 1
.PEN_UP
.PEN_DOWN
76 56 1
76 57 1
76 58 1
75 59 1
74 60 1
74 61 1
73 62 1
72 63 1
72 64 1
72 65 1
71 66 1
70 67 1
67 70 1
66 71 1
66 72 1
65 73 1
65 74 1
64 75 1
63 75 1
62 76 1
61 77 1
60 78 1
59 79 1
58 79 1
57 80 1
56 81 1
55 81 1
54 82 1
53 83 1
52 83 1
51 83 1
50 83 1
49 83 1
48 83 1
47 82 1
46 82 1
45 81 1
44 80 1
44 79 1
44 78 1
44 77 1
44 76 1
44 75 1
45 74 1
46 73 1
47 72 1
48 71 1
49 70 1
50 70 1
51 69 1
52 68 1
53 68 1
54 67 1
55 67 1
56 67 1
57 66 1
58 66 1
59 66 1
60 65 1
61 65 1
62 65 1
63 65 1
64 66 1
65 66 1
66 66 1
67 67 1
68 68 1
71 70 1
72 70 1
73 71 1
74 71 1
75 72 1
76 73 1
76 74 1
77 75 1
77 76 1
77 77 1
78 78 1
78 79 1
78 80 1
78 81 1
78 82 1
78 83 1
78 84 1
.PEN_UP
.PEN_DOWN
34 161 1
34 160 1
34 159 1
33 158 1
33 157 1
33 156 1
33 155 1
33 154 1
33 153 1
33 152 1
34 151 1
35 150 1
36 149 1
37 149 1
38 149 1
39 149 1
40 148 1
41 148 1
42 148 1
43 148 1
44 147 1
45 147 1
46 147 1
47 147 1
48 147 1
49 146 1
50 146 1
51 146 1
52 146 1
53 146 1
54 146 1
55 146 1
56 146 1
57 146 1
58 146 1
59 146 1
60 146 1
61 146 1
62 146 1
63 146 1
64 146 1
65 146 1
66 147 1
67 147 1
68 147 1
69 147 1
70 147 1
71 147 1
72 147 1
73 147 1
74 147 1
75 147 1
76 148 1
77 148 1
78 148 1
79 148 1
80 148 1
.PEN_UP
.PEN_DOWN
69 242 1
69 241 1
70 240 1
70 239 1
71 238 1
71 237 1
71 236 1
72 235 1
72 234 1
73 233 1
73 232 1
73 231 1
73 230 1
73 229 1
73 228 1
73 227 1
73 226 1
73 225 1
73 224 1
73 223 1
72 222 1
72 221 1
72 220 1
72 219 1
71 218 1
71 217 1
70 216 1
69 215 1
68 214 1
67 213 1
66 213 1
65 212 1
62 210 1
61 209 1
60 209 1
59 209 1
58 210 1
57 210 1
56 210 1
55 210 1
54 210 1
53 210 1
52 210 1
51 210 1
50 211 1
49 212 1
48 213 1
47 214 1
46 215 1
45 216 1
44 217 1
44 218 1
44 219 1
43 220 1
44 221 1
44 222 1
45 223 1
46 223 1
47 223 1
48 223 1
49 223 1
50 223 1
51 222 1
52 222 1
53 222 1
54 222 1
55 221 1
56 220 1
57 219 1
58 218 1
59 218 1
60 217 1
60 216 1
61 215 1
61 214 1
62 213 1
63 212 1
66 209 1
67 208 1
68 207 1
68 206 1
69 205 1
70 204 1
70 203 1
70 202 1
71 201 1
71 200 1
71 199 1
72 198 1
74 197 1
75 197 1
76 197 1
77 195 1
78 194 1
78 193 1
78 192 1
79 191 1
79 190 1
80 189 1
81 188 1
82 187 1
82 186 1
83 185 1
83 184 1
84 183 1
85 182 1
86 181 1
87 180 1
88 179 1
89 178 1
90 178 1
91 177 1
92 177 1
93 177 1
94 177 1
95 177 1
96 177 1
97 177 1
98 178 1
99 178 1
100 178 1
101 179 1
102 179 1
103 180 1
104 181 1
105 182 1
106 183 1
106 184 1
107 185 1
108 186 1
108 187 1
109 188 1
109 189 1
110 190 1
110 191 1
110 192 1
110 193 1
110 194 1
110 195 1
109 196 1
108 197 1
107 197 1
106 197 1
105 198 1
104 198 1
103 198 1
102 198 1
101 198 1
100 198 1
99 198 1
98 198 1
97 198 1
96 198 1
95 198 1
94 198 1
93 198 1
92 198 1
91 198 1
90 198 1
89 198 1
88 198 1
87 198 1
86 198 1
85 198 1
84 198 1
83 198 1
82 198 1
81 198 1
80 198 1
79 198 1
78 197 1
.PEN_UP
.PEN_DOWN
72 197 1
71 196 1
70 196 1
69 196 1
68 196 1
67 196 1
66 196 1
65 196 1
64 195 1
63 195 1
62 194 1
61 193 1
59 192 1
58 192 1
57 192 1
56 192 1
55 192 1
54 192 1
53 192 1
52 192 1
51 193 1
50 193 1
49 193 1
48 193 1
47 193 1
46 193 1
45 193 1
44 193 1
43 193 1
42 192 1
41 191 1
40 190 1
39 189 1
39 188 1
39 187 1
39 186 1
39 185 1
39 184 1
39 183 1
39 182 1
39 181 1
39 180 1
40 179 1
40 178 1
41 177 1
42 176 1
43 175 1
44 174 1
45 173 1
46 172 1
47 172 1
48 172 1
49 172 1
50 171 1
51 171 1
52 171 1
53 171 1
54 171 1
55 171 1
56 170 1
57 170 1
58 170 1
59 171 1
60 171 1
61 171 1
62 171 1
63 172 1
64 173 1
65 174 1
66 175 1
67 176 1
67 177 1
68 178 1
68 179 1
68 180 1
68 181 1
68 182 1
68 183 1
67 184 1
67 185 1
66 186 1
66 187 1
65 188 1
64 189 1
63 190 1
62 191 1
61 192 1
.PEN_UP
