.PEN_DOWN
11 21 1
12 21 1
13 20 1
14 20 1
15 20 1
16 20 1
17 20 1
18 20 1
19 20 1
20 21 1
21 21 1
22 21 1
23 21 1
24 21 1
25 22 1
26 22 1
27 22 1
28 22 1
29 22 1
30 22 1
31 22 1
32 22 1
33 22 1
34 22 1
35 22 1
36 23 1
37 23 1
40 25 1
41 25 1
42 25 1
43 25 1
44 25 1
45 25 1
46 25 1
47 25 1
48 26 1
49 26 1
50 26 1
51 26 1
52 26 1
53 26 1
54 26 1
55 27 1
56 27 1
57 27 1
58 27 1
59 27 1
60 27 1
61 28 1
62 28 1
63 28 1
64 28 1
65 28 1
66 28 1
67 29 1
68 29 1
69 28 1
70 28 1
.PEN_UP
.PEN_DOWN
38 22 1
38 21 1
38 20 1
38 19 1
38 18 1
38 17 1
38 16 1
38 15 1
37 14 1
37 13 1
37 12 1
37 11 1
37 10 1
37 9 1
37 8 1
37 7 1
37 6 1
37 5 1
37 4 1
37 3 1
37 2 1
37 1 1
.PEN_UP
.PEN_DOWN
38 24 1
38 27 1
38 28 1
38 29 1
38 30 1
38 31 1
38 32 1
38 33 1
38 34 1
38 35 1
38 36 1
38 37 1
38 38 1
37 39 1
37 40 1
37 41 1
37 42 1
37 43 1
37 44 1
37 45 1
37 46 1
37 47 1
37 48 1
36 49 1
36 50 1
35 51 1
35 52 1
35 53 1
35 54 1
35 55 1
35 56 1
33 57 1
32 57 1
31 57 1
30 57 1
29 57 1
28 57 1
27 57 1
26 57 1
25 57 1
24 57 1
23 57 1
22 57 1
21 57 1
20 57 1
19 57 1
18 58 1
17 58 1
16 58 1
15 58 1
14 58 1
13 58 1
12 58 1
11 58 1
10 57 1
9 58 1
8 58 1
7 58 1
6 58 1
5 58 1
4 58 1
3 58 1
2 59 1
1 60 1
.PEN_UP
.PEN_DOWN
34 57 1
37 57 1
38 57 1
39 57 1
40 58 1
41 58 1
42 58 1
43 59 1
44 59 1
45 59 1
46 60 1
47 60 1
48 60 1
49 61 1
50 62 1
51 63 1
52 64 1
52 65 1
53 66 1
53 67 1
53 68 1
53 69 1
52 70 1
52 71 1
52 72 1
51 73 1
51 74 1
50 75 1
49 76 1
49 77 1
48 78 1
47 79 1
47 80 1
46 81 1
45 82 1
45 83 1
44 84 1
42 85 1
41 85 1
40 85 1
39 85 1
38 85 1
.PEN_UP
.PEN_DOWN
43 85 1
45 87 1
46 88 1
47 89 1
48 90 1
49 90 1
50 91 1
51 92 1
52 93 1
52 94 1
53 95 1
54 96 1
54 97 1
55 98 1
55 99 1
56 100 1
56 101 1
56 102 1
56 103 1
57 104 1
57 105 1
57 106 1
57 107 1
56 108 1
56 109 1
56 110 1
56 111 1
56 112 1
56 113 1
56 114 1
55 115 1
55 116 1
55 117 1
54 118 1
53 119 1
52 120 1
50 119 1
49 119 1
48 119 1
47 118 1
46 118 1
45 117 1
44 117 1
43 116 1
42 116 1
41 116 1
40 116 1
39 116 1
38 115 1
37 115 1
36 116 1
35 116 1
34 116 1
33 116 1
32 117 1
31 118 1
30 119 1
29 120 1
28 121 1
28 122 1
28 123 1
28 124 1
28 125 1
28 126 1
28 127 1
28 128 1
29 129 1
30 130 1
31 131 1
32 132 1
33 132 1
34 133 1
35 133 1
36 133 1
37 133 1
38 133 1
39 133 1
40 132 1
41 132 1
42 132 1
43 131 1
44 130 1
45 130 1
46 129 1
47 128 1
48 127 1
49 126 1
50 125 1
51 124 1
52 123 1
53 124 1
54 124 1
55 125 1
56 126 1
57 127 1
58 128 1
58 129 1
59 130 1
59 131 1
59 132 1
60 133 1
60 134 1
61 135 1
61 136 1
61 137 1
62 138 1
62 139 1
62 140 1
62 141 1
63 142 1
63 143 1
63 144 1
63 145 1
63 146 1
63 147 1
63 148 1
63 149 1
63 150 1
63 151 1
63 152 1
63 153 1
62 154 1
.PEN_UP
