.PEN_DOWN
32 59 1
32 58 1
32 57 1
32 56 1
33 55 1
34 54 1
35 54 1
36 53 1
36 52 1
37 51 1
37 50 1
38 49 1
38 48 1
39 47 1
39 46 1
40 45 1
40 44 1
40 43 1
41 42 1
41 41 1
42 40 1
42 39 1
42 38 1
43 37 1
44 36 1
44 35 1
44 34 1
45 33 1
45 32 1
45 31 1
45 30 1
46 29 1
46 28 1
46 27 1
46 26 1
47 25 1
47 24 1
47 23 1
48 22 1
48 21 1
46 19 1
45 19 1
44 18 1
44 17 1
45 16 1
46 15 1
47 15 1
48 14 1
49 15 1
49 16 1
49 17 1
49 18 1
49 19 1
48 20 1
.PEN_UP
.PEN_DOWN
48 13 1
49 12 1
49 11 1
49 10 1
50 9 1
50 8 1
50 7 1
50 6 1
50 5 1
50 4 1
49 3 1
49 2 1
48 1 1
47 1 1
46 1 1
45 2 1
44 2 1
43 2 1
42 3 1
41 4 1
41 5 1
40 6 1
39 7 1
39 8 1
38 9 1
37 10 1
37 11 1
37 12 1
36 13 1
35 14 1
34 15 1
34 16 1
33 17 1
32 18 1
32 19 1
32 20 1
31 21 1
31 22 1
30 23 1
30 24 1
29 25 1
29 26 1
28 27 1
28 28 1
28 29 1
28 30 1
27 31 1
27 32 1
27 33 1
27 34 1
27 35 1
28 36 1
29 37 1
30 36 1
31 36 1
32 36 1
33 35 1
34 34 1
35 33 1
36 32 1
36 31 1
37 30 1
38 29 1
39 28 1
39 27 1
40 26 1
40 25 1
41 24 1
41 23 1
41 22 1
42 21 1
42 20 1
43 19 1
.PEN_UP
.PEN_DOWN
37 54 1
37 55 1
37 56 1
37 57 1
37 58 1
37 59 1
36 60 1
36 61 1
36 62 1
35 63 1
35 64 1
35 65 1
35 66 1
35 67 1
35 68 1
35 69 1
35 70 1
35 71 1
35 72 1
34 73 1
34 74 1
34 77 1
34 78 1
34 79 1
35 80 1
36 80 1
37 79 1
38 78 1
38 77 1
37 76 1
36 75 1
35 75 1
.PEN_UP
.PEN_DOWN
39 76 1
40 75 1
41 74 1
41 73 1
41 72 1
41 71 1
42 70 1
42 69 1
42 68 1
43 67 1
43 66 1
44 65 1
44 64 1
44 63 1
45 62 1
45 61 1
46 60 1
46 59 1
46 58 1
47 57 1
47 56 1
47 55 1
.PEN_UP
.PEN_DOWN
46 83 1
46 84 1
45 85 1
44 86 1
43 87 1
43 88 1
43 89 1
42 90 1
41 91 1
41 92 1
40 93 1
40 94 1
39 95 1
38 96 1
37 97 1
36 98 1
36 99 1
35 100 1
33 101 1
32 101 1
31 101 1
.PEN_UP
.PEN_DOWN
34 101 1
35 103 1
35 104 1
35 105 1
35 106 1
37 108 1
37 109 1
37 110 1
37 111 1
37 112 1
37 113 1
37 114 1
37 115 1
37 116 1
37 117 1
37 118 1
37 119 1
36 120 1
36 121 1
36 122 1
36 123 1
36 124 1
36 125 1
37 126 1
38 127 1
37 128 1
37 129 1
37 130 1
36 131 1
36 132 1
36 133 1
35 134 1
35 135 1
.PEN_UP
.PEN_DOWN
34 107 1
33 108 1
32 109 1
31 109 1
30 110 1
29 111 1
29 112 1
28 113 1
27 114 1
27 115 1
26 116 1
26 117 1
25 118 1
24 119 1
24 120 1
23 121 1
22 122 1
22 123 1
21 124 1
20 125 1
19 126 1
19 127 1
18 128 1
17 129 1
16 130 1
16 131 1
15 132 1
14 133 1
13 134 1
12 135 1
11 136 1
10 137 1
9 138 1
8 139 1
7 140 1
6 141 1
5 141 1
4 142 1
3 143 1
3 144 1
2 145 1
2 146 1
2 147 1
3 148 1
.PEN_UP
.PEN_DOWN
41 143 1
41 144 1
40 145 1
39 146 1
38 147 1
38 148 1
37 149 1
36 150 1
35 151 1
35 152 1
34 153 1
33 154 1
32 155 1
32 156 1
31 157 1
30 158 1
30 159 1
29 160 1
28 161 1
28 162 1
27 163 1
27 164 1
26 165 1
26 166 1
26 167 1
26 168 1
26 169 1
26 170 1
26 171 1
26 172 1
26 173 1
26 174 1
26 175 1
26 176 1
26 177 1
26 178 1
26 179 1
26 180 1
.PEN_UP
.PEN_DOWN
6 171 1
5 171 1
4 170 1
3 171 1
2 172 1
2 173 1
2 174 1
1 175 1
1 176 1
1 177 1
.PEN_UP
.PEN_DOWN
92 170 1
92 171 1
91 172 1
90 173 1
89 174 1
88 175 1
87 176 1
87 177 1
86 178 1
85 179 1
84 180 1
83 181 1
82 182 1
82 183 1
81 184 1
80 185 1
79 186 1
79 187 1
78 188 1
77 189 1
77 190 1
76 191 1
76 192 1
75 193 1
74 194 1
74 195 1
73 196 1
73 197 1
72 198 1
72 199 1
71 200 1
70 201 1
70 202 1
69 203 1
68 204 1
68 205 1
67 206 1
66 207 1
66 208 1
65 209 1
65 210 1
64 211 1
64 212 1
63 213 1
63 214 1
62 215 1
61 216 1
61 217 1
60 218 1
59 219 1
59 220 1
58 221 1
58 222 1
57 223 1
56 224 1
56 225 1
55 226 1
54 227 1
54 228 1
53 229 1
52 230 1
52 231 1
51 232 1
50 233 1
49 234 1
49 235 1
48 236 1
48 237 1
47 238 1
46 239 1
45 240 1
45 241 1
44 242 1
43 243 1
42 244 1
42 245 1
41 246 1
40 247 1
40 248 1
40 249 1
39 250 1
39 251 1
38 252 1
38 253 1
38 254 1
.PEN_UP
.PEN_DOWN
41 243 1
40 242 1
40 241 1
40 240 1
39 239 1
39 238 1
39 237 1
39 236 1
38 235 1
38 234 1
37 233 1
36 232 1
35 232 1
34 232 1
33 232 1
32 232 1
31 232 1
30 232 1
29 233 1
28 234 1
27 235 1
26 236 1
.PEN_UP
.PEN_DOWN
44 205 1
43 206 1
42 206 1
41 207 1
40 207 1
39 208 1
39 209 1
38 210 1
37 211 1
36 212 1
36 213 1
35 214 1
34 215 1
33 216 1
33 217 1
32 218 1
31 219 1
31 220 1
30 221 1
29 222 1
28 223 1
27 224 1
27 225 1
26 226 1
25 227 1
24 228 1
23 229 1
23 230 1
22 231 1
21 232 1
20 233 1
20 234 1
19 235 1
18 236 1
17 237 1
16 238 1
16 239 1
15 240 1
14 241 1
13 242 1
12 243 1
12 244 1
11 245 1
10 246 1
9 247 1
8 248 1
7 249 1
6 250 1
5 251 1
5 252 1
4 253 1
.PEN_UP
.PEN_DOWN
39 206 1
39 205 1
39 204 1
39 203 1
39 202 1
40 201 1
40 200 1
40 199 1
40 198 1
41 197 1
41 196 1
41 195 1
42 194 1
42 193 1
42 192 1
43 191 1
43 190 1
43 189 1
43 188 1
43 187 1
43 186 1
44 185 1
44 184 1
44 183 1
45 182 1
45 181 1
45 180 1
45 179 1
45 178 1
45 177 1
45 176 1
45 175 1
45 174 1
45 173 1
44 172 1
43 171 1
42 169 1
42 168 1
41 167 1
40 168 1
39 168 1
38 169 1
37 169 1
36 169 1
35 170 1
34 171 1
34 172 1
33 173 1
33 174 1
32 175 1
32 176 1
32 177 1
31 178 1
31 179 1
30 180 1
30 181 1
30 182 1
30 183 1
29 184 1
29 185 1
29 186 1
28 187 1
28 188 1
28 189 1
28 190 1
28 191 1
28 192 1
28 193 1
28 194 1
28 195 1
28 196 1
28 197 1
29 198 1
30 198 1
31 198 1
32 197 1
33 197 1
34 196 1
34 195 1
35 194 1
35 193 1
36 192 1
36 191 1
36 190 1
36 189 1
37 188 1
37 187 1
37 186 1
38 185 1
38 184 1
38 183 1
39 182 1
39 181 1
39 180 1
39 179 1
39 178 1
40 177 1
40 176 1
40 175 1
40 174 1
41 173 1
42 172 1
.PEN_UP
