.PEN_DOWN
1 45 1
2 46 1
2 47 1
2 48 1
3 49 1
3 50 1
3 51 1
4 52 1
5 53 1
6 54 1
7 55 1
8 56 1
9 57 1
10 58 1
11 59 1
12 60 1
13 61 1
14 61 1
.PEN_UP
.PEN_DOWN
3 45 1
3 44 1
3 43 1
4 42 1
5 41 1
6 40 1
7 40 1
8 40 1
9 40 1
10 40 1
11 40 1
12 40 1
13 40 1
14 40 1
15 40 1
16 40 1
17 40 1
18 40 1
19 40 1
20 40 1
21 41 1
22 41 1
23 41 1
24 41 1
25 41 1
26 41 1
27 41 1
28 42 1
29 42 1
30 42 1
31 42 1
32 43 1
33 43 1
34 43 1
35 43 1
36 44 1
37 44 1
38 44 1
39 44 1
40 44 1
41 44 1
42 43 1
42 42 1
42 41 1
43 40 1
.PEN_UP
.PEN_DOWN
42 45 1
43 46 1
45 46 1
46 46 1
47 46 1
48 46 1
49 46 1
50 46 1
51 46 1
52 47 1
53 47 1
54 47 1
55 47 1
56 47 1
57 48 1
58 48 1
59 48 1
60 48 1
61 48 1
62 48 1
63 48 1
64 48 1
65 48 1
66 48 1
67 48 1
68 48 1
.PEN_UP
.PEN_DOWN
44 46 1
43 48 1
43 49 1
43 50 1
43 51 1
43 52 1
43 53 1
43 54 1
43 55 1
43 56 1
43 57 1
43 58 1
43 59 1
43 60 1
42 61 1
42 62 1
42 63 1
42 64 1
.PEN_UP
