.PEN_DOWN
16 37 1
17 36 1
18 35 1
18 34 1
19 33 1
20 33 1
21 32 1
22 32 1
23 31 1
24 31 1
25 31 1
26 30 1
27 30 1
28 30 1
29 30 1
30 30 1
31 30 1
32 30 1
33 30 1
34 30 1
35 31 1
37 31 1
38 31 1
39 31 1
40 30 1
41 29 1
42 28 1
44 28 1
45 28 1
46 28 1
47 28 1
48 28 1
49 28 1
51 26 1
52 25 1
53 24 1
54 24 1
55 23 1
56 23 1
57 22 1
58 21 1
59 20 1
60 19 1
61 18 1
61 17 1
62 16 1
62 15 1
62 14 1
63 13 1
63 12 1
63 11 1
63 10 1
62 9 1
62 8 1
62 7 1
62 6 1
61 5 1
61 4 1
60 3 1
59 2 1
58 2 1
57 1 1
56 1 1
55 1 1
54 1 1
53 1 1
52 1 1
51 1 1
50 1 1
49 1 1
48 1 1
47 2 1
46 2 1
45 3 1
44 3 1
43 4 1
42 4 1
41 5 1
40 5 1
39 6 1
38 7 1
38 8 1
37 9 1
37 10 1
36 11 1
36 12 1
36 13 1
36 14 1
36 15 1
36 16 1
36 17 1
37 18 1
37 19 1
38 20 1
39 21 1
39 22 1
40 23 1
40 24 1
40 25 1
41 26 1
42 27 1
.PEN_UP
.PEN_DOWN
50 27 1
51 30 1
51 31 1
52 32 1
53 33 1
54 34 1
55 35 1
55 36 1
56 37 1
56 38 1
56 39 1
56 40 1
55 41 1
55 42 1
55 43 1
55 44 1
54 45 1
53 46 1
53 47 1
52 48 1
51 49 1
51 50 1
50 51 1
50 52 1
50 53 1
49 54 1
49 56 1
50 57 1
50 58 1
51 59 1
52 60 1
53 61 1
53 62 1
54 63 1
54 64 1
54 65 1
54 66 1
53 67 1
.PEN_UP
.PEN_DOWN
35 32 1
34 33 1
34 34 1
33 35 1
33 36 1
32 37 1
31 38 1
30 38 1
29 38 1
28 38 1
27 39 1
26 39 1
25 39 1
24 39 1
23 39 1
22 39 1
21 39 1
20 39 1
19 39 1
18 38 1
18 37 1
.PEN_UP
.PEN_DOWN
20 57 1
19 58 1
20 59 1
21 60 1
22 61 1
22 62 1
22 63 1
23 64 1
23 65 1
24 66 1
25 67 1
25 68 1
26 69 1
27 70 1
27 71 1
28 72 1
28 73 1
28 74 1
29 75 1
.PEN_UP
.PEN_DOWN
6 110 1
7 110 1
8 111 1
9 111 1
10 111 1
11 111 1
12 111 1
13 111 1
14 111 1
15 111 1
16 111 1
17 111 1
18 111 1
19 111 1
20 111 1
21 111 1
22 111 1
23 111 1
24 112 1
25 112 1
26 112 1
27 112 1
28 111 1
29 111 1
30 111 1
31 111 1
32 111 1
33 110 1
35 110 1
36 110 1
37 110 1
38 109 1
39 109 1
40 109 1
41 109 1
42 109 1
43 109 1
44 109 1
45 109 1
46 109 1
48 111 1
49 111 1
50 112 1
51 112 1
52 113 1
53 114 1
54 115 1
55 116 1
55 117 1
55 118 1
55 119 1
55 120 1
56 121 1
56 122 1
56 123 1
56 124 1
56 125 1
56 126 1
55 127 1
54 128 1
53 128 1
52 129 1
51 129 1
50 130 1
49 130 1
48 131 1
47 131 1
45 130 1
44 130 1
43 130 1
42 130 1
41 130 1
40 130 1
39 130 1
38 130 1
37 130 1
36 130 1
35 130 1
34 130 1
33 130 1
32 130 1
31 131 1
30 131 1
29 132 1
28 132 1
.PEN_UP
.PEN_DOWN
46 131 1
46 133 1
45 134 1
45 135 1
44 136 1
44 137 1
43 138 1
42 139 1
41 140 1
40 141 1
39 142 1
38 143 1
38 144 1
37 145 1
37 146 1
37 147 1
37 148 1
36 149 1
36 150 1
37 151 1
38 152 1
39 152 1
40 152 1
41 152 1
42 153 1
43 153 1
44 153 1
45 153 1
46 153 1
47 153 1
48 154 1
49 154 1
50 154 1
51 154 1
52 154 1
53 155 1
54 155 1
55 155 1
56 156 1
57 157 1
56 158 1
.PEN_UP
.PEN_DOWN
47 108 1
48 107 1
48 106 1
49 105 1
49 104 1
50 103 1
51 102 1
52 101 1
52 100 1
53 99 1
54 98 1
54 97 1
55 96 1
56 95 1
56 94 1
57 93 1
57 92 1
57 91 1
57 90 1
57 89 1
57 88 1
57 87 1
57 86 1
58 85 1
58 84 1
58 83 1
57 82 1
56 81 1
55 80 1
54 80 1
53 80 1
52 80 1
51 80 1
50 80 1
49 80 1
48 80 1
47 81 1
46 81 1
45 82 1
44 83 1
43 83 1
42 84 1
41 84 1
40 85 1
39 86 1
38 87 1
38 88 1
37 89 1
36 90 1
36 91 1
35 92 1
35 93 1
34 94 1
33 95 1
33 96 1
33 97 1
33 98 1
33 99 1
33 100 1
33 101 1
33 102 1
33 103 1
32 104 1
32 105 1
32 106 1
32 107 1
33 108 1
33 109 1
.PEN_UP
.PEN_DOWN
1 165 1
2 165 1
3 165 1
4 165 1
5 166 1
6 166 1
7 166 1
8 167 1
9 167 1
10 167 1
11 168 1
12 169 1
12 170 1
13 171 1
.PEN_UP
.PEN_DOWN
40 187 1
39 188 1
39 189 1
39 190 1
39 191 1
38 192 1
38 193 1
39 194 1
41 195 1
42 195 1
43 195 1
44 195 1
45 195 1
46 196 1
47 196 1
48 196 1
49 196 1
50 197 1
51 197 1
52 197 1
53 197 1
54 198 1
55 198 1
56 199 1
57 200 1
58 201 1
59 202 1
60 203 1
61 204 1
61 205 1
62 206 1
62 207 1
62 208 1
62 209 1
63 210 1
63 211 1
64 212 1
64 213 1
64 214 1
64 215 1
64 216 1
64 217 1
64 218 1
63 219 1
63 220 1
63 221 1
63 222 1
63 223 1
63 224 1
63 225 1
63 226 1
63 227 1
63 228 1
62 229 1
62 230 1
62 231 1
61 232 1
61 233 1
.PEN_UP
.PEN_DOWN
38 196 1
37 197 1
34 198 1
33 198 1
32 198 1
31 199 1
30 199 1
29 199 1
28 199 1
27 199 1
26 200 1
25 200 1
24 200 1
23 201 1
22 201 1
21 202 1
20 202 1
19 202 1
18 202 1
17 203 1
16 203 1
15 203 1
14 204 1
13 204 1
12 205 1
11 205 1
.PEN_UP
.PEN_DOWN
36 197 1
36 200 1
36 201 1
36 202 1
36 203 1
36 204 1
36 205 1
36 206 1
36 207 1
36 208 1
35 209 1
35 210 1
35 211 1
35 212 1
35 213 1
35 214 1
35 215 1
35 216 1
34 217 1
34 218 1
33 219 1
33 220 1
33 221 1
34 222 1
34 223 1
.PEN_UP
