.PEN_DOWN
56 33 1
57 33 1
58 32 1
59 30 1
60 29 1
61 28 1
62 26 1
62 25 1
62 24 1
63 23 1
63 22 1
64 21 1
64 20 1
65 19 1
66 18 1
67 17 1
68 16 1
69 15 1
70 14 1
71 13 1
72 12 1
73 11 1
74 10 1
75 9 1
76 8 1
77 7 1
78 6 1
79 5 1
80 4 1
81 4 1
82 3 1
83 3 1
84 2 1
85 2 1
86 2 1
87 1 1
88 1 1
89 1 1
90 1 1
91 1 1
92 1 1
93 2 1
94 2 1
95 2 1
96 3 1
97 4 1
98 5 1
98 6 1
99 7 1
99 8 1
99 9 1
99 10 1
99 11 1
99 12 1
99 13 1
99 14 1
98 15 1
98 16 1
98 17 1
97 18 1
97 19 1
97 20 1
96 21 1
95 22 1
95 23 1
94 24 1
93 25 1
93 26 1
92 27 1
91 28 1
90 29 1
89 30 1
88 30 1
87 31 1
86 32 1
85 32 1
84 33 1
83 33 1
82 34 1
81 34 1
80 34 1
79 35 1
78 35 1
77 36 1
76 36 1
75 36 1
74 37 1
73 37 1
72 37 1
71 37 1
70 37 1
69 37 1
68 37 1
67 37 1
66 37 1
65 37 1
64 38 1
62 37 1
61 37 1
60 36 1
60 35 1
60 34 1
59 33 1
.PEN_UP
.PEN_DOWN
63 38 1
63 40 1
63 41 1
63 42 1
63 43 1
63 44 1
63 45 1
63 46 1
63 47 1
63 48 1
63 49 1
63 50 1
63 51 1
63 52 1
62 53 1
62 54 1
62 55 1
62 56 1
62 57 1
62 58 1
62 59 1
62 60 1
62 61 1
62 62 1
61 63 1
61 64 1
61 65 1
61 66 1
61 67 1
61 68 1
61 69 1
61 70 1
61 71 1
60 72 1
60 73 1
60 74 1
60 75 1
60 76 1
60 77 1
60 78 1
59 79 1
59 80 1
59 81 1
59 82 1
59 83 1
58 84 1
58 85 1
58 86 1
58 87 1
58 88 1
58 89 1
57 90 1
57 91 1
57 92 1
57 93 1
57 94 1
56 95 1
56 96 1
56 97 1
57 98 1
56 100 1
55 101 1
55 102 1
54 103 1
53 104 1
52 105 1
51 106 1
50 107 1
50 108 1
49 109 1
49 111 1
48 112 1
48 113 1
48 114 1
48 115 1
47 116 1
47 117 1
46 118 1
45 119 1
44 120 1
44 121 1
43 122 1
42 123 1
41 124 1
40 125 1
39 126 1
38 127 1
37 128 1
36 129 1
35 130 1
34 131 1
33 132 1
32 133 1
31 134 1
30 135 1
29 135 1
28 136 1
27 137 1
26 138 1
25 138 1
24 139 1
23 140 1
22 140 1
21 140 1
20 141 1
19 142 1
18 142 1
17 143 1
16 143 1
15 143 1
14 144 1
13 144 1
12 145 1
11 145 1
10 146 1
9 146 1
8 146 1
7 146 1
6 146 1
5 146 1
4 145 1
4 143 1
4 142 1
5 141 1
5 140 1
6 139 1
7 138 1
8 137 1
9 136 1
10 135 1
11 134 1
12 133 1
13 132 1
14 131 1
15 131 1
16 130 1
17 129 1
18 128 1
19 127 1
20 126 1
21 125 1
22 125 1
23 124 1
24 123 1
25 122 1
26 122 1
27 121 1
28 120 1
29 119 1
30 118 1
31 118 1
32 117 1
33 116 1
34 116 1
35 115 1
36 114 1
37 113 1
38 113 1
39 112 1
40 111 1
41 111 1
42 111 1
43 110 1
44 110 1
45 110 1
46 110 1
47 109 1
48 109 1
.PEN_UP
.PEN_DOWN
57 99 1
59 99 1
60 99 1
61 98 1
62 98 1
63 98 1
64 98 1
65 97 1
66 97 1
67 97 1
68 97 1
69 97 1
70 96 1
73 95 1
74 94 1
75 93 1
76 92 1
77 92 1
78 91 1
79 90 1
80 89 1
81 89 1
82 89 1
83 88 1
84 87 1
85 87 1
86 86 1
87 86 1
88 85 1
89 85 1
90 84 1
91 84 1
92 83 1
93 83 1
94 83 1
.PEN_UP
.PEN_DOWN
71 96 1
71 98 1
71 99 1
70 100 1
70 101 1
70 102 1
70 103 1
69 104 1
68 105 1
68 106 1
67 107 1
66 108 1
66 109 1
65 110 1
65 111 1
64 112 1
63 113 1
63 114 1
62 115 1
61 116 1
61 117 1
60 118 1
60 119 1
59 120 1
59 121 1
58 122 1
58 123 1
57 124 1
56 125 1
56 126 1
55 127 1
54 128 1
54 129 1
54 130 1
53 131 1
52 132 1
52 133 1
51 134 1
50 135 1
50 136 1
50 137 1
49 138 1
49 139 1
48 140 1
48 141 1
47 142 1
46 143 1
46 144 1
45 145 1
45 146 1
44 147 1
43 148 1
43 149 1
42 150 1
42 151 1
42 152 1
41 153 1
41 154 1
41 155 1
41 156 1
41 157 1
40 159 1
39 160 1
38 161 1
37 162 1
36 163 1
35 164 1
34 165 1
34 166 1
33 167 1
32 168 1
31 169 1
30 169 1
29 170 1
28 171 1
28 172 1
27 173 1
26 174 1
25 175 1
24 176 1
23 177 1
22 178 1
21 179 1
20 180 1
19 180 1
18 181 1
17 182 1
16 183 1
15 184 1
14 185 1
13 186 1
12 187 1
11 188 1
10 188 1
9 189 1
8 189 1
7 190 1
6 191 1
5 192 1
4 192 1
.PEN_UP
.PEN_DOWN
41 158 1
43 158 1
44 158 1
45 157 1
46 157 1
47 157 1
48 157 1
49 156 1
50 156 1
51 155 1
52 154 1
53 154 1
54 153 1
55 153 1
56 152 1
57 152 1
58 151 1
59 151 1
60 151 1
61 150 1
62 150 1
63 149 1
64 149 1
65 148 1
66 148 1
67 148 1
68 147 1
69 147 1
70 147 1
71 146 1
72 146 1
73 146 1
74 146 1
75 147 1
76 148 1
76 149 1
76 150 1
76 151 1
76 152 1
76 153 1
76 154 1
76 155 1
76 156 1
76 157 1
76 158 1
76 159 1
76 160 1
76 161 1
75 162 1
76 163 1
76 164 1
76 165 1
76 166 1
77 167 1
78 168 1
79 169 1
80 170 1
80 171 1
81 172 1
81 173 1
81 174 1
81 175 1
82 176 1
82 177 1
82 178 1
82 179 1
82 180 1
82 181 1
82 182 1
82 183 1
82 184 1
82 185 1
82 186 1
82 187 1
82 188 1
82 189 1
82 190 1
82 191 1
82 192 1
82 193 1
81 194 1
81 195 1
81 196 1
81 197 1
81 198 1
81 199 1
81 200 1
80 201 1
79 202 1
77 201 1
76 201 1
75 201 1
74 201 1
73 201 1
72 201 1
71 202 1
70 202 1
69 202 1
68 202 1
67 203 1
66 203 1
65 204 1
64 205 1
63 205 1
62 206 1
61 207 1
61 208 1
60 209 1
59 210 1
59 211 1
58 212 1
58 213 1
58 214 1
58 215 1
58 216 1
59 217 1
60 218 1
61 219 1
62 219 1
63 219 1
64 219 1
65 219 1
66 219 1
67 218 1
68 217 1
69 217 1
70 216 1
71 215 1
72 214 1
73 213 1
74 212 1
75 211 1
76 210 1
77 209 1
78 208 1
79 207 1
81 207 1
82 208 1
83 208 1
84 209 1
84 210 1
85 211 1
85 212 1
86 213 1
86 214 1
86 215 1
87 216 1
87 217 1
88 218 1
88 219 1
89 220 1
90 221 1
90 222 1
90 223 1
91 224 1
91 225 1
91 226 1
92 227 1
92 228 1
92 229 1
93 230 1
93 231 1
93 232 1
93 233 1
94 234 1
94 235 1
94 236 1
95 237 1
95 238 1
95 239 1
96 240 1
96 241 1
97 242 1
97 243 1
97 244 1
97 245 1
98 246 1
98 247 1
98 248 1
98 249 1
98 250 1
98 251 1
98 252 1
98 253 1
97 254 1
96 255 1
95 256 1
94 257 1
93 258 1
92 258 1
91 259 1
90 259 1
89 260 1
88 260 1
87 261 1
86 261 1
85 262 1
84 262 1
83 262 1
82 263 1
81 264 1
80 264 1
79 265 1
78 265 1
77 266 1
76 266 1
75 267 1
74 267 1
73 268 1
72 269 1
71 269 1
70 270 1
69 271 1
68 272 1
67 272 1
66 273 1
65 274 1
64 275 1
63 276 1
62 277 1
61 278 1
61 279 1
60 280 1
59 281 1
58 282 1
57 283 1
.PEN_UP
.PEN_DOWN
79 206 1
79 205 1
79 204 1
79 203 1
.PEN_UP
.PEN_DOWN
61 27 1
63 29 1
64 29 1
65 29 1
66 29 1
67 29 1
68 29 1
69 30 1
70 30 1
71 30 1
72 31 1
73 31 1
.PEN_UP
