.PEN_DOWN
66 1 1
66 2 1
66 3 1
65 4 1
64 5 1
64 6 1
63 7 1
62 8 1
61 9 1
60 10 1
59 11 1
58 12 1
58 13 1
56 14 1
55 14 1
54 14 1
53 14 1
52 14 1
51 14 1
50 14 1
49 14 1
47 16 1
46 17 1
45 18 1
44 19 1
43 19 1
42 19 1
41 20 1
40 20 1
39 21 1
38 21 1
37 21 1
36 22 1
35 22 1
34 23 1
33 23 1
32 23 1
31 24 1
30 24 1
29 25 1
28 25 1
27 26 1
26 26 1
25 26 1
24 27 1
23 27 1
22 27 1
21 27 1
20 28 1
19 28 1
18 28 1
17 28 1
16 28 1
15 28 1
14 28 1
13 28 1
12 28 1
11 28 1
10 28 1
9 28 1
8 28 1
7 28 1
6 28 1
5 28 1
4 28 1
3 27 1
2 26 1
2 25 1
1 24 1
2 23 1
2 22 1
3 21 1
4 20 1
5 20 1
6 19 1
7 18 1
8 18 1
9 17 1
10 16 1
11 16 1
12 16 1
13 15 1
14 15 1
15 15 1
16 14 1
17 14 1
18 14 1
19 13 1
20 13 1
21 13 1
22 13 1
23 12 1
24 12 1
25 12 1
26 12 1
27 12 1
28 12 1
29 12 1
30 11 1
31 11 1
32 11 1
33 11 1
34 11 1
35 11 1
36 11 1
37 11 1
38 11 1
39 11 1
40 11 1
41 11 1
42 11 1
43 11 1
44 11 1
45 11 1
46 12 1
47 12 1
48 13 1
.PEN_UP
.PEN_DOWN
57 14 1
59 15 1
59 16 1
60 17 1
60 18 1
61 19 1
62 20 1
62 21 1
63 22 1
63 23 1
64 24 1
65 25 1
65 26 1
65 27 1
65 28 1
65 29 1
65 30 1
65 31 1
65 32 1
65 33 1
65 34 1
65 35 1
65 36 1
65 37 1
65 38 1
65 39 1
64 40 1
64 41 1
63 42 1
62 43 1
60 42 1
59 42 1
58 41 1
57 41 1
56 41 1
55 41 1
54 40 1
53 40 1
52 41 1
51 41 1
50 41 1
49 42 1
48 42 1
47 43 1
46 44 1
45 45 1
44 46 1
43 47 1
42 48 1
41 49 1
41 50 1
40 51 1
40 52 1
40 53 1
40 54 1
41 55 1
42 56 1
43 57 1
44 56 1
45 56 1
46 56 1
47 56 1
48 56 1
49 55 1
50 55 1
51 55 1
52 54 1
53 54 1
54 53 1
55 52 1
56 52 1
57 51 1
58 50 1
59 49 1
60 48 1
61 47 1
62 46 1
63 47 1
64 47 1
65 48 1
65 49 1
66 50 1
66 51 1
66 52 1
67 53 1
67 54 1
67 55 1
67 56 1
67 57 1
68 58 1
68 59 1
.PEN_UP
.PEN_DOWN
9 94 1
10 94 1
11 93 1
12 93 1
13 93 1
14 93 1
15 93 1
16 93 1
17 93 1
18 93 1
19 93 1
20 93 1
21 93 1
22 92 1
23 92 1
24 92 1
25 92 1
26 92 1
27 92 1
28 92 1
29 91 1
30 91 1
31 91 1
32 91 1
33 91 1
34 91 1
35 91 1
36 91 1
37 91 1
38 90 1
39 90 1
40 90 1
41 90 1
42 90 1
43 90 1
44 90 1
45 90 1
46 89 1
47 88 1
48 87 1
50 86 1
51 86 1
52 86 1
53 86 1
54 86 1
55 86 1
57 84 1
58 83 1
59 82 1
60 81 1
61 80 1
62 79 1
63 78 1
63 77 1
64 76 1
64 75 1
64 74 1
64 73 1
64 72 1
64 71 1
63 70 1
62 69 1
61 68 1
60 67 1
59 67 1
58 67 1
57 67 1
56 67 1
55 67 1
54 67 1
53 67 1
52 68 1
51 68 1
50 68 1
49 69 1
48 69 1
47 70 1
46 70 1
45 71 1
44 72 1
43 73 1
42 74 1
41 75 1
41 76 1
40 77 1
40 78 1
40 79 1
41 80 1
41 81 1
42 82 1
43 82 1
44 82 1
45 83 1
46 83 1
47 84 1
48 85 1
.PEN_UP
