.PEN_DOWN
70 1 1
70 2 1
70 3 1
70 4 1
69 5 1
69 6 1
68 7 1
67 8 1
67 9 1
66 10 1
65 11 1
65 12 1
64 13 1
64 14 1
63 15 1
62 16 1
62 17 1
61 18 1
61 19 1
60 20 1
59 21 1
59 22 1
58 23 1
58 24 1
57 25 1
56 26 1
55 27 1
55 28 1
54 29 1
54 30 1
53 31 1
53 32 1
52 33 1
51 34 1
51 35 1
50 36 1
50 37 1
49 38 1
48 39 1
47 40 1
47 41 1
46 42 1
46 43 1
45 44 1
45 45 1
44 46 1
44 47 1
43 48 1
43 49 1
42 50 1
41 51 1
41 52 1
41 53 1
40 54 1
39 55 1
39 56 1
39 57 1
39 58 1
39 59 1
38 62 1
37 63 1
36 64 1
35 65 1
34 66 1
.PEN_UP
.PEN_DOWN
39 60 1
41 60 1
42 59 1
43 59 1
44 58 1
45 57 1
46 56 1
47 55 1
48 55 1
49 54 1
50 53 1
51 52 1
52 52 1
53 52 1
54 50 1
55 49 1
56 48 1
57 47 1
58 46 1
59 45 1
59 44 1
60 43 1
61 42 1
62 41 1
62 40 1
63 39 1
64 38 1
65 37 1
.PEN_UP
.PEN_DOWN
54 51 1
54 54 1
53 55 1
53 56 1
53 57 1
52 58 1
51 59 1
50 60 1
50 61 1
49 62 1
49 63 1
48 64 1
47 65 1
47 66 1
46 67 1
46 68 1
45 69 1
44 70 1
44 71 1
44 72 1
43 73 1
43 74 1
43 75 1
42 76 1
42 77 1
42 78 1
42 79 1
43 80 1
44 80 1
45 80 1
46 80 1
47 79 1
48 79 1
49 78 1
50 77 1
51 76 1
52 75 1
53 74 1
54 74 1
55 73 1
56 73 1
57 73 1
58 72 1
59 72 1
60 74 1
60 75 1
59 76 1
59 77 1
59 78 1
59 79 1
59 80 1
58 81 1
58 82 1
58 83 1
57 84 1
57 85 1
56 86 1
56 87 1
56 88 1
55 89 1
55 90 1
55 91 1
54 92 1
54 93 1
54 94 1
53 95 1
53 96 1
53 97 1
52 98 1
52 99 1
51 100 1
51 101 1
51 102 1
50 103 1
50 104 1
50 105 1
49 106 1
49 107 1
49 108 1
48 109 1
48 110 1
48 111 1
48 112 1
48 113 1
48 114 1
48 115 1
48 118 1
47 119 1
46 120 1
46 121 1
46 122 1
45 123 1
.PEN_UP
.PEN_DOWN
48 116 1
50 115 1
51 115 1
52 114 1
53 114 1
54 113 1
54 112 1
55 111 1
56 110 1
57 109 1
58 108 1
59 108 1
60 107 1
61 106 1
62 106 1
63 105 1
64 105 1
65 104 1
66 104 1
67 104 1
68 104 1
69 105 1
70 106 1
.PEN_UP
.PEN_DOWN
68 123 1
67 123 1
66 123 1
65 123 1
64 123 1
63 124 1
62 125 1
61 126 1
60 127 1
59 128 1
58 129 1
57 130 1
56 131 1
55 132 1
54 133 1
54 134 1
53 135 1
53 136 1
52 137 1
52 138 1
51 139 1
50 140 1
50 141 1
50 142 1
.PEN_UP
.PEN_DOWN
36 155 1
35 155 1
34 155 1
33 156 1
32 156 1
31 156 1
30 157 1
29 158 1
28 159 1
28 160 1
27 161 1
26 161 1
.PEN_UP
.PEN_DOWN
101 135 1
100 136 1
99 137 1
99 138 1
98 139 1
97 139 1
96 140 1
95 141 1
95 142 1
94 143 1
93 144 1
92 145 1
91 146 1
89 147 1
88 147 1
87 147 1
86 147 1
85 148 1
84 149 1
83 150 1
82 151 1
81 152 1
80 153 1
80 154 1
79 155 1
78 156 1
78 157 1
78 158 1
78 159 1
77 160 1
77 161 1
76 163 1
75 164 1
74 165 1
73 166 1
72 167 1
71 168 1
70 169 1
69 170 1
69 171 1
68 172 1
67 173 1
66 174 1
65 175 1
64 176 1
63 177 1
62 178 1
61 179 1
61 180 1
60 181 1
59 182 1
58 183 1
57 184 1
56 185 1
53 185 1
52 185 1
51 185 1
50 185 1
49 185 1
48 185 1
45 186 1
44 187 1
44 188 1
43 189 1
42 190 1
41 191 1
40 192 1
39 193 1
38 194 1
37 194 1
36 194 1
35 195 1
34 195 1
33 195 1
32 195 1
31 194 1
30 194 1
29 193 1
29 192 1
29 191 1
29 190 1
29 189 1
29 188 1
29 187 1
30 186 1
30 185 1
30 184 1
30 183 1
31 182 1
31 181 1
31 180 1
31 179 1
32 178 1
32 177 1
32 176 1
33 175 1
33 174 1
34 173 1
35 172 1
36 171 1
37 170 1
38 169 1
39 168 1
40 168 1
41 168 1
42 168 1
43 168 1
44 169 1
44 170 1
45 171 1
45 172 1
45 173 1
45 174 1
45 175 1
46 176 1
46 177 1
46 178 1
46 179 1
47 180 1
47 181 1
47 182 1
47 183 1
47 184 1
.PEN_UP
.PEN_DOWN
55 185 1
55 187 1
55 188 1
54 189 1
54 190 1
54 191 1
54 192 1
53 193 1
53 194 1
52 195 1
51 196 1
51 197 1
50 198 1
50 199 1
49 200 1
49 201 1
48 202 1
48 203 1
47 204 1
47 205 1
46 206 1
46 207 1
45 208 1
45 209 1
45 210 1
44 211 1
44 212 1
44 213 1
44 214 1
45 215 1
45 217 1
45 218 1
44 219 1
44 220 1
44 221 1
44 222 1
44 223 1
44 224 1
43 225 1
42 225 1
41 225 1
40 225 1
39 225 1
.PEN_UP
.PEN_DOWN
44 226 1
45 227 1
46 227 1
47 228 1
48 229 1
49 230 1
50 231 1
51 232 1
51 233 1
51 234 1
52 235 1
53 235 1
54 236 1
55 236 1
56 236 1
57 237 1
57 238 1
58 239 1
58 240 1
58 241 1
58 242 1
58 243 1
58 244 1
60 245 1
61 245 1
62 245 1
63 246 1
64 246 1
.PEN_UP
.PEN_DOWN
58 245 1
57 247 1
57 248 1
56 249 1
56 250 1
55 251 1
55 252 1
54 253 1
54 254 1
53 255 1
53 256 1
52 257 1
51 258 1
51 259 1
50 260 1
49 261 1
48 262 1
47 262 1
46 263 1
45 264 1
44 265 1
43 266 1
42 266 1
41 267 1
40 268 1
39 269 1
38 270 1
37 270 1
36 270 1
35 271 1
34 271 1
33 270 1
32 269 1
31 268 1
31 267 1
31 266 1
32 265 1
32 264 1
32 263 1
33 262 1
33 261 1
34 260 1
34 259 1
35 258 1
35 257 1
36 256 1
36 255 1
37 254 1
37 253 1
38 252 1
38 251 1
39 250 1
40 249 1
40 248 1
41 247 1
42 246 1
43 245 1
43 244 1
44 243 1
45 242 1
46 241 1
47 240 1
48 239 1
49 238 1
50 237 1
51 236 1
.PEN_UP
.PEN_DOWN
46 215 1
47 215 1
48 215 1
49 215 1
50 214 1
51 214 1
52 213 1
53 212 1
54 211 1
55 211 1
56 210 1
57 209 1
58 208 1
59 207 1
60 207 1
61 206 1
62 205 1
62 204 1
63 203 1
64 202 1
65 201 1
66 200 1
66 199 1
67 198 1
68 197 1
69 196 1
70 195 1
71 194 1
71 193 1
.PEN_UP
.PEN_DOWN
77 162 1
79 161 1
80 161 1
81 161 1
82 160 1
83 160 1
84 159 1
85 158 1
86 157 1
87 156 1
88 155 1
88 154 1
89 153 1
90 152 1
90 151 1
91 150 1
91 149 1
91 148 1
91 147 1
.PEN_UP
.PEN_DOWN
68 270 1
67 271 1
67 272 1
66 273 1
65 274 1
64 275 1
63 276 1
63 277 1
63 278 1
62 279 1
61 280 1
60 281 1
60 282 1
59 283 1
58 284 1
57 285 1
56 286 1
55 287 1
54 288 1
54 289 1
53 290 1
52 291 1
50 292 1
49 293 1
48 293 1
47 293 1
46 294 1
45 295 1
44 295 1
43 296 1
42 297 1
41 298 1
40 299 1
39 300 1
38 300 1
37 301 1
36 302 1
35 303 1
34 304 1
33 304 1
32 305 1
31 306 1
30 307 1
29 308 1
28 309 1
27 309 1
26 310 1
25 311 1
24 311 1
23 312 1
22 313 1
21 314 1
20 315 1
19 315 1
18 316 1
17 317 1
16 318 1
15 319 1
14 320 1
13 321 1
12 321 1
11 322 1
10 323 1
9 324 1
8 325 1
7 326 1
6 327 1
5 327 1
4 328 1
3 329 1
2 329 1
1 330 1
.PEN_UP
.PEN_DOWN
51 292 1
52 294 1
52 295 1
51 296 1
51 297 1
51 298 1
51 299 1
50 300 1
50 301 1
49 302 1
48 303 1
48 304 1
48 305 1
48 306 1
47 307 1
47 308 1
46 309 1
46 310 1
45 311 1
45 312 1
44 313 1
44 314 1
44 315 1
44 316 1
43 317 1
43 318 1
43 319 1
45 320 1
46 320 1
47 319 1
48 319 1
49 318 1
49 317 1
50 316 1
50 315 1
50 314 1
52 313 1
53 312 1
54 311 1
54 310 1
55 309 1
55 308 1
56 307 1
57 306 1
57 305 1
58 304 1
59 303 1
60 302 1
61 301 1
62 300 1
.PEN_UP
.PEN_DOWN
50 313 1
49 312 1
48 311 1
47 311 1
.PEN_UP
.PEN_DOWN
22 347 1
21 347 1
20 347 1
19 347 1
18 347 1
17 347 1
16 348 1
15 349 1
.PEN_UP
.PEN_DOWN
30 363 1
31 363 1
32 363 1
33 363 1
34 362 1
35 362 1
36 362 1
37 363 1
38 364 1
39 364 1
40 364 1
41 364 1
42 364 1
43 363 1
44 363 1
45 362 1
46 362 1
47 362 1
48 362 1
49 362 1
50 362 1
52 361 1
53 360 1
54 359 1
54 358 1
55 357 1
55 356 1
55 355 1
56 354 1
58 352 1
59 352 1
60 352 1
61 351 1
62 350 1
62 349 1
63 348 1
63 347 1
64 346 1
64 345 1
65 344 1
65 343 1
65 342 1
65 341 1
64 340 1
63 339 1
62 339 1
61 339 1
60 339 1
59 339 1
58 339 1
57 340 1
56 340 1
55 340 1
54 341 1
53 342 1
53 343 1
52 344 1
52 345 1
51 346 1
50 346 1
49 347 1
48 347 1
47 347 1
46 348 1
45 349 1
44 350 1
43 351 1
42 351 1
41 352 1
40 353 1
39 354 1
39 355 1
38 356 1
38 357 1
37 358 1
37 359 1
37 360 1
37 361 1
.PEN_UP
.PEN_DOWN
52 347 1
53 348 1
54 349 1
54 350 1
54 351 1
55 352 1
56 353 1
.PEN_UP
.PEN_DOWN
51 362 1
51 364 1
50 365 1
50 366 1
50 367 1
50 368 1
50 369 1
49 370 1
49 371 1
49 372 1
49 373 1
49 374 1
50 375 1
49 376 1
48 377 1
47 378 1
46 379 1
46 380 1
45 381 1
44 382 1
.PEN_UP
.PEN_DOWN
51 375 1
52 375 1
53 375 1
54 375 1
55 375 1
56 375 1
57 375 1
58 376 1
58 377 1
58 378 1
58 379 1
57 380 1
57 381 1
57 382 1
56 383 1
56 384 1
55 385 1
55 386 1
55 387 1
55 388 1
54 389 1
54 390 1
53 391 1
53 392 1
53 393 1
52 394 1
52 395 1
51 396 1
51 397 1
50 398 1
50 399 1
50 400 1
50 401 1
50 402 1
50 403 1
49 404 1
49 405 1
50 406 1
49 407 1
49 408 1
48 409 1
48 410 1
47 411 1
46 412 1
46 413 1
46 414 1
.PEN_UP
.PEN_DOWN
51 406 1
52 405 1
53 405 1
54 405 1
55 404 1
56 404 1
57 403 1
58 403 1
.PEN_UP
