.PEN_DOWN
22 1 1
22 2 1
22 3 1
21 5 1
21 6 1
21 7 1
20 8 1
20 9 1
20 10 1
19 11 1
19 12 1
19 13 1
18 14 1
18 15 1
18 16 1
18 17 1
18 18 1
18 19 1
18 20 1
18 21 1
18 22 1
18 23 1
18 24 1
18 25 1
17 27 1
16 28 1
16 29 1
15 30 1
15 33 1
15 34 1
14 35 1
14 36 1
14 37 1
14 38 1
14 39 1
14 40 1
14 41 1
13 42 1
13 43 1
13 44 1
13 45 1
13 46 1
12 47 1
12 48 1
12 49 1
11 50 1
11 51 1
11 52 1
11 53 1
11 54 1
11 55 1
11 56 1
11 57 1
10 58 1
10 59 1
10 60 1
10 61 1
10 62 1
10 63 1
10 64 1
10 65 1
10 66 1
10 67 1
10 68 1
10 69 1
10 70 1
.PEN_UP
.PEN_DOWN
14 31 1
13 31 1
12 31 1
11 31 1
10 31 1
9 31 1
8 31 1
7 31 1
6 32 1
5 32 1
4 32 1
3 32 1
2 31 1
1 31 1
.PEN_UP
.PEN_DOWN
18 26 1
20 26 1
21 26 1
22 26 1
23 26 1
24 26 1
25 26 1
26 26 1
27 25 1
28 25 1
29 25 1
30 25 1
31 25 1
32 25 1
33 25 1
34 24 1
35 24 1
36 24 1
37 24 1
41 21 1
42 21 1
43 21 1
44 21 1
45 21 1
46 21 1
47 21 1
48 21 1
49 20 1
50 20 1
51 20 1
52 20 1
53 20 1
54 20 1
55 20 1
56 20 1
57 20 1
58 20 1
59 20 1
60 19 1
61 19 1
62 19 1
63 18 1
64 18 1
65 18 1
66 18 1
67 18 1
68 18 1
69 17 1
70 17 1
71 17 1
72 16 1
73 15 1
73 14 1
74 13 1
.PEN_UP
.PEN_DOWN
38 23 1
39 19 1
39 18 1
39 17 1
39 16 1
39 15 1
39 14 1
39 13 1
39 12 1
39 11 1
38 10 1
38 9 1
37 8 1
36 7 1
35 6 1
34 5 1
33 5 1
32 5 1
31 4 1
30 4 1
29 4 1
28 4 1
27 4 1
26 4 1
25 4 1
24 4 1
23 4 1
.PEN_UP
.PEN_DOWN
39 22 1
38 26 1
38 27 1
38 28 1
38 29 1
37 30 1
37 31 1
37 32 1
38 33 1
38 34 1
38 35 1
38 36 1
38 37 1
37 38 1
37 39 1
37 40 1
37 41 1
37 42 1
37 43 1
37 44 1
37 45 1
37 46 1
37 47 1
37 48 1
38 49 1
40 49 1
41 49 1
42 49 1
43 49 1
44 49 1
45 49 1
46 49 1
47 49 1
48 49 1
49 49 1
50 49 1
51 49 1
52 50 1
53 50 1
54 50 1
55 51 1
56 51 1
57 52 1
58 52 1
59 53 1
60 54 1
61 55 1
62 56 1
62 57 1
62 58 1
62 59 1
62 60 1
62 61 1
62 62 1
62 63 1
62 64 1
62 65 1
61 66 1
61 67 1
60 68 1
59 68 1
58 69 1
57 70 1
56 71 1
55 70 1
54 69 1
53 69 1
52 68 1
51 68 1
50 68 1
49 68 1
48 68 1
47 68 1
46 68 1
45 67 1
44 67 1
43 67 1
42 66 1
41 66 1
40 65 1
39 65 1
38 64 1
37 64 1
36 63 1
35 62 1
35 61 1
34 60 1
34 59 1
34 58 1
34 57 1
35 56 1
35 55 1
36 54 1
37 53 1
37 52 1
38 51 1
38 50 1
.PEN_UP
.PEN_DOWN
56 72 1
56 73 1
56 74 1
56 75 1
56 76 1
57 77 1
58 78 1
59 79 1
60 80 1
61 81 1
60 82 1
60 83 1
60 84 1
60 85 1
59 86 1
59 87 1
59 88 1
59 89 1
59 90 1
59 91 1
59 92 1
58 93 1
58 94 1
58 95 1
58 96 1
58 97 1
57 98 1
58 99 1
59 100 1
60 101 1
61 101 1
62 102 1
63 103 1
63 104 1
64 105 1
64 106 1
63 107 1
63 108 1
63 109 1
63 110 1
62 111 1
62 112 1
62 113 1
61 114 1
61 115 1
60 116 1
60 117 1
59 118 1
58 119 1
58 120 1
58 121 1
57 122 1
57 123 1
57 124 1
57 125 1
56 126 1
57 127 1
58 128 1
59 129 1
60 130 1
60 131 1
60 132 1
59 133 1
59 134 1
59 135 1
59 136 1
59 137 1
58 138 1
57 139 1
57 140 1
57 141 1
56 142 1
56 143 1
56 144 1
56 145 1
55 146 1
55 147 1
56 148 1
57 148 1
58 149 1
59 149 1
60 150 1
61 151 1
62 152 1
62 153 1
62 154 1
62 155 1
62 156 1
62 157 1
61 158 1
61 159 1
61 160 1
61 161 1
61 162 1
61 163 1
60 164 1
60 165 1
60 166 1
59 167 1
59 168 1
58 169 1
58 170 1
57 171 1
56 172 1
56 173 1
55 174 1
55 175 1
54 176 1
54 177 1
54 178 1
54 179 1
53 180 1
53 181 1
53 182 1
53 183 1
53 184 1
51 186 1
50 186 1
49 187 1
48 188 1
47 188 1
46 189 1
.PEN_UP
.PEN_DOWN
52 185 1
54 186 1
55 186 1
56 186 1
57 186 1
58 187 1
59 188 1
60 189 1
60 190 1
60 191 1
60 192 1
60 193 1
60 194 1
60 195 1
59 196 1
59 197 1
59 198 1
59 199 1
58 200 1
57 201 1
56 202 1
56 203 1
55 204 1
55 205 1
54 206 1
54 207 1
53 208 1
53 209 1
52 210 1
52 211 1
51 212 1
51 213 1
51 214 1
50 215 1
50 216 1
49 217 1
49 218 1
48 219 1
48 220 1
47 221 1
47 222 1
47 223 1
47 224 1
47 225 1
47 226 1
46 227 1
45 228 1
44 228 1
43 228 1
42 228 1
41 228 1
40 229 1
39 230 1
38 230 1
37 230 1
36 231 1
35 232 1
34 232 1
33 233 1
32 234 1
31 235 1
30 236 1
29 237 1
28 237 1
27 238 1
26 239 1
25 240 1
24 240 1
23 241 1
22 242 1
21 243 1
20 243 1
19 244 1
19 245 1
.PEN_UP
.PEN_DOWN
47 228 1
48 228 1
49 228 1
50 228 1
51 228 1
52 229 1
53 230 1
53 231 1
52 232 1
52 233 1
52 234 1
52 235 1
51 236 1
51 237 1
51 238 1
51 239 1
51 240 1
50 241 1
50 242 1
50 243 1
49 244 1
49 245 1
49 246 1
47 247 1
46 248 1
45 248 1
44 248 1
43 249 1
.PEN_UP
.PEN_DOWN
48 247 1
51 247 1
52 247 1
53 248 1
54 249 1
54 250 1
54 251 1
54 252 1
53 253 1
53 254 1
53 255 1
53 256 1
53 257 1
52 258 1
52 259 1
52 260 1
51 261 1
51 262 1
50 263 1
50 264 1
49 265 1
48 266 1
48 267 1
47 268 1
47 269 1
46 270 1
46 271 1
46 272 1
45 273 1
45 274 1
45 275 1
45 276 1
44 277 1
45 278 1
46 278 1
47 279 1
48 279 1
49 278 1
50 278 1
51 278 1
52 278 1
53 278 1
54 278 1
55 278 1
56 277 1
57 277 1
58 277 1
59 277 1
60 277 1
61 277 1
62 276 1
63 276 1
64 276 1
65 276 1
66 276 1
67 276 1
68 276 1
69 276 1
70 276 1
71 275 1
72 275 1
73 275 1
74 275 1
75 275 1
76 275 1
77 274 1
78 274 1
79 274 1
80 274 1
83 273 1
84 273 1
85 272 1
86 271 1
86 270 1
87 269 1
88 268 1
89 267 1
90 266 1
92 265 1
93 265 1
94 265 1
95 265 1
96 264 1
97 264 1
98 264 1
99 263 1
100 263 1
101 262 1
102 261 1
102 260 1
103 259 1
103 258 1
104 257 1
104 256 1
104 255 1
104 254 1
105 253 1
105 252 1
105 251 1
105 250 1
106 249 1
105 248 1
104 248 1
103 248 1
102 249 1
101 249 1
100 249 1
99 249 1
98 250 1
97 250 1
96 251 1
95 252 1
94 253 1
94 254 1
93 255 1
92 256 1
92 257 1
92 258 1
92 259 1
91 260 1
91 261 1
91 262 1
91 263 1
90 264 1
90 265 1
.PEN_UP
.PEN_DOWN
81 274 1
81 276 1
81 277 1
81 278 1
81 279 1
81 280 1
80 281 1
80 282 1
80 283 1
80 284 1
79 285 1
79 286 1
79 287 1
79 288 1
78 289 1
78 290 1
78 291 1
78 292 1
78 293 1
77 294 1
77 295 1
77 296 1
76 297 1
76 298 1
75 299 1
75 300 1
75 301 1
75 302 1
74 303 1
74 304 1
74 305 1
73 306 1
73 307 1
72 308 1
.PEN_UP
.PEN_DOWN
21 201 1
22 202 1
23 202 1
24 203 1
25 204 1
25 205 1
26 206 1
27 207 1
27 208 1
28 209 1
29 209 1
30 209 1
.PEN_UP
