.PEN_DOWN
66 8 1
67 8 1
68 8 1
69 7 1
70 7 1
71 7 1
72 7 1
74 9 1
75 9 1
76 9 1
77 9 1
78 10 1
79 10 1
80 10 1
81 10 1
82 11 1
83 11 1
84 11 1
85 12 1
86 12 1
87 13 1
87 14 1
88 15 1
88 16 1
88 17 1
88 18 1
87 19 1
87 20 1
86 21 1
85 22 1
85 23 1
84 24 1
83 25 1
82 25 1
81 25 1
80 25 1
79 25 1
78 25 1
77 25 1
76 25 1
75 26 1
74 26 1
73 26 1
72 26 1
.PEN_UP
.PEN_DOWN
85 25 1
85 26 1
85 27 1
86 28 1
86 29 1
85 30 1
85 31 1
84 32 1
83 33 1
82 34 1
81 34 1
80 34 1
79 35 1
78 35 1
77 35 1
76 36 1
75 36 1
74 38 1
74 39 1
74 40 1
74 41 1
73 42 1
73 43 1
73 44 1
72 45 1
71 46 1
71 47 1
71 48 1
71 49 1
70 50 1
70 51 1
70 52 1
68 53 1
67 53 1
66 53 1
65 53 1
64 53 1
63 53 1
62 53 1
61 53 1
60 53 1
58 52 1
57 52 1
56 52 1
55 52 1
54 52 1
53 52 1
52 52 1
51 52 1
50 52 1
49 52 1
48 52 1
47 52 1
46 52 1
45 52 1
44 52 1
43 52 1
42 52 1
41 52 1
40 52 1
39 52 1
38 53 1
37 53 1
36 53 1
35 53 1
34 53 1
33 53 1
32 53 1
31 53 1
30 53 1
29 53 1
28 53 1
27 53 1
26 54 1
25 54 1
24 54 1
23 54 1
22 54 1
21 54 1
20 54 1
19 54 1
18 54 1
17 54 1
16 55 1
15 55 1
14 55 1
13 55 1
12 55 1
11 55 1
10 55 1
9 55 1
8 55 1
7 56 1
6 56 1
5 57 1
4 57 1
3 58 1
2 59 1
1 60 1
1 61 1
1 62 1
1 63 1
1 64 1
2 65 1
3 66 1
4 67 1
5 67 1
6 67 1
7 68 1
8 69 1
9 69 1
10 69 1
11 69 1
12 70 1
13 70 1
14 70 1
15 70 1
16 71 1
17 71 1
18 71 1
19 71 1
20 71 1
21 72 1
22 72 1
23 72 1
24 72 1
25 72 1
26 72 1
27 71 1
28 71 1
29 71 1
30 71 1
31 71 1
32 71 1
33 71 1
34 70 1
35 70 1
36 70 1
37 69 1
38 69 1
39 69 1
40 68 1
41 68 1
42 68 1
43 67 1
44 67 1
45 66 1
46 66 1
47 65 1
48 64 1
49 64 1
50 64 1
51 63 1
52 62 1
53 62 1
54 61 1
55 61 1
56 60 1
57 59 1
57 58 1
58 57 1
58 56 1
59 55 1
59 54 1
.PEN_UP
.PEN_DOWN
69 53 1
71 55 1
72 55 1
73 55 1
76 55 1
77 55 1
78 55 1
79 55 1
80 55 1
81 56 1
82 56 1
83 56 1
.PEN_UP
.PEN_DOWN
74 55 1
75 57 1
75 58 1
76 59 1
77 60 1
77 61 1
78 62 1
79 63 1
80 63 1
81 64 1
82 65 1
83 66 1
83 67 1
84 68 1
84 69 1
84 70 1
84 71 1
84 72 1
84 73 1
83 74 1
84 77 1
85 78 1
85 79 1
86 80 1
86 81 1
86 82 1
86 83 1
86 84 1
85 85 1
85 86 1
84 87 1
83 88 1
82 89 1
81 89 1
80 89 1
79 90 1
78 90 1
77 90 1
76 90 1
75 90 1
74 90 1
73 89 1
72 89 1
71 89 1
70 89 1
69 89 1
68 87 1
67 86 1
67 85 1
67 84 1
67 83 1
68 82 1
68 81 1
68 80 1
68 79 1
69 78 1
70 77 1
71 76 1
72 76 1
73 75 1
74 75 1
75 75 1
76 75 1
77 75 1
78 75 1
79 75 1
80 75 1
81 75 1
82 75 1
.PEN_UP
.PEN_DOWN
68 88 1
68 91 1
68 92 1
68 93 1
68 94 1
68 95 1
68 96 1
68 97 1
67 98 1
67 99 1
67 100 1
67 101 1
66 102 1
66 103 1
65 104 1
.PEN_UP
.PEN_DOWN
73 6 1
74 5 1
74 4 1
75 3 1
76 3 1
77 2 1
78 1 1
79 1 1
80 1 1
.PEN_UP
