.PEN_DOWN
5 1 1
5 2 1
6 3 1
6 4 1
6 5 1
5 6 1
5 7 1
5 8 1
4 9 1
4 10 1
4 11 1
4 12 1
4 13 1
4 14 1
4 15 1
4 16 1
4 17 1
4 18 1
4 19 1
4 20 1
3 21 1
3 22 1
3 25 1
2 26 1
2 27 1
2 28 1
2 29 1
2 30 1
2 31 1
2 32 1
2 33 1
2 34 1
2 35 1
1 36 1
1 37 1
1 38 1
1 39 1
1 40 1
1 41 1
1 42 1
1 43 1
2 44 1
2 45 1
2 46 1
2 47 1
2 48 1
2 49 1
3 50 1
3 51 1
3 52 1
4 53 1
4 54 1
5 55 1
5 56 1
5 57 1
6 58 1
6 59 1
.PEN_UP
.PEN_DOWN
3 23 1
5 23 1
6 23 1
7 23 1
8 23 1
9 23 1
10 23 1
11 23 1
12 23 1
13 24 1
14 24 1
15 24 1
16 25 1
17 25 1
18 25 1
19 25 1
20 25 1
21 24 1
22 24 1
23 24 1
24 24 1
25 24 1
26 24 1
27 24 1
28 23 1
29 23 1
30 23 1
31 23 1
32 23 1
33 23 1
34 22 1
35 22 1
36 22 1
37 22 1
38 21 1
39 21 1
40 21 1
41 21 1
42 21 1
43 21 1
44 21 1
45 21 1
47 20 1
48 20 1
49 19 1
49 18 1
50 17 1
51 17 1
54 17 1
55 17 1
56 17 1
57 17 1
58 17 1
59 16 1
60 16 1
61 16 1
62 16 1
63 16 1
64 15 1
65 15 1
66 15 1
67 15 1
68 14 1
69 14 1
70 14 1
71 14 1
72 14 1
73 14 1
74 13 1
75 14 1
76 14 1
.PEN_UP
.PEN_DOWN
52 16 1
52 15 1
52 14 1
52 13 1
53 12 1
53 11 1
53 10 1
54 9 1
54 8 1
55 7 1
56 6 1
56 5 1
57 4 1
58 3 1
59 2 1
60 1 1
61 1 1
62 1 1
.PEN_UP
.PEN_DOWN
46 21 1
46 23 1
46 24 1
46 25 1
46 26 1
47 27 1
47 28 1
47 29 1
47 30 1
47 31 1
48 32 1
48 33 1
48 34 1
49 35 1
49 36 1
49 37 1
.PEN_UP
.PEN_DOWN
47 41 1
46 42 1
45 43 1
44 44 1
44 45 1
44 46 1
43 47 1
43 48 1
43 49 1
43 50 1
44 51 1
45 52 1
46 52 1
47 53 1
48 53 1
49 53 1
50 53 1
51 53 1
52 54 1
53 54 1
54 54 1
55 54 1
56 54 1
57 54 1
58 55 1
60 54 1
61 54 1
62 53 1
63 53 1
64 52 1
65 52 1
66 52 1
67 52 1
68 51 1
.PEN_UP
.PEN_DOWN
58 56 1
57 57 1
57 58 1
56 59 1
56 60 1
55 61 1
54 61 1
53 62 1
52 63 1
51 64 1
50 64 1
49 65 1
48 66 1
47 67 1
46 68 1
45 69 1
45 70 1
45 71 1
45 72 1
46 73 1
47 73 1
.PEN_UP
.PEN_DOWN
53 89 1
53 88 1
52 87 1
53 85 1
54 84 1
55 83 1
56 83 1
57 83 1
58 83 1
59 83 1
60 83 1
61 83 1
62 83 1
63 83 1
64 83 1
65 84 1
66 85 1
67 86 1
68 87 1
68 88 1
69 89 1
69 90 1
69 91 1
69 92 1
69 93 1
68 94 1
67 95 1
67 96 1
66 97 1
66 98 1
65 99 1
64 100 1
63 100 1
62 101 1
61 102 1
60 103 1
59 104 1
58 105 1
57 106 1
56 106 1
55 106 1
54 107 1
53 108 1
52 108 1
51 108 1
50 108 1
49 109 1
48 109 1
47 109 1
46 109 1
45 109 1
44 109 1
43 109 1
42 108 1
41 107 1
41 106 1
40 105 1
40 104 1
40 103 1
40 102 1
40 101 1
40 100 1
40 99 1
40 98 1
41 97 1
42 96 1
42 95 1
42 94 1
42 93 1
42 92 1
43 91 1
44 90 1
45 89 1
46 88 1
47 87 1
48 87 1
49 87 1
50 87 1
51 87 1
.PEN_UP
.PEN_DOWN
43 97 1
44 97 1
45 98 1
46 98 1
47 98 1
48 99 1
.PEN_UP
.PEN_DOWN
37 123 1
38 123 1
39 123 1
40 122 1
41 122 1
42 122 1
43 122 1
44 122 1
45 121 1
46 121 1
47 121 1
48 120 1
49 120 1
50 120 1
51 120 1
52 120 1
53 120 1
54 120 1
55 120 1
56 120 1
57 120 1
58 120 1
59 120 1
60 120 1
61 120 1
62 121 1
63 121 1
64 121 1
65 122 1
66 123 1
67 124 1
67 125 1
67 126 1
67 127 1
67 128 1
66 129 1
66 130 1
66 131 1
65 132 1
64 133 1
64 134 1
63 135 1
62 136 1
61 137 1
60 138 1
59 139 1
58 140 1
57 141 1
57 142 1
57 143 1
56 144 1
56 145 1
54 147 1
53 147 1
52 148 1
51 149 1
50 149 1
49 150 1
48 150 1
47 151 1
46 151 1
.PEN_UP
.PEN_DOWN
55 146 1
58 146 1
59 146 1
60 146 1
61 146 1
62 146 1
63 146 1
64 146 1
65 146 1
66 146 1
67 146 1
68 146 1
69 147 1
70 148 1
70 149 1
70 150 1
70 151 1
70 152 1
69 153 1
69 154 1
69 155 1
68 156 1
67 157 1
66 158 1
65 159 1
64 160 1
63 161 1
62 162 1
61 163 1
60 164 1
59 165 1
58 166 1
57 167 1
56 168 1
55 169 1
55 170 1
55 171 1
55 172 1
54 173 1
54 174 1
55 175 1
56 175 1
57 176 1
58 177 1
59 178 1
59 179 1
60 180 1
60 181 1
60 182 1
60 183 1
60 184 1
60 185 1
60 186 1
60 187 1
60 188 1
60 189 1
60 190 1
60 191 1
60 192 1
60 193 1
59 194 1
.PEN_UP
