.PEN_DOWN
1 41 1
2 41 1
3 42 1
4 42 1
5 42 1
6 41 1
7 41 1
9 42 1
10 42 1
11 42 1
12 42 1
13 42 1
14 42 1
15 42 1
16 43 1
17 43 1
18 42 1
19 42 1
20 43 1
21 43 1
.PEN_UP
.PEN_DOWN
8 40 1
8 39 1
9 38 1
9 37 1
10 36 1
10 35 1
11 34 1
12 33 1
13 33 1
14 32 1
15 31 1
16 31 1
17 30 1
18 30 1
19 29 1
20 28 1
21 27 1
22 27 1
23 27 1
24 26 1
25 26 1
26 25 1
27 24 1
28 24 1
29 23 1
30 23 1
31 22 1
32 22 1
33 21 1
34 21 1
35 21 1
36 20 1
37 20 1
38 19 1
39 19 1
40 19 1
41 18 1
42 18 1
43 18 1
44 17 1
45 17 1
46 17 1
47 16 1
48 16 1
49 16 1
50 16 1
51 15 1
52 15 1
53 15 1
54 14 1
55 14 1
56 14 1
57 14 1
58 14 1
59 14 1
60 14 1
61 14 1
62 13 1
63 13 1
64 14 1
65 13 1
66 12 1
67 11 1
68 10 1
69 9 1
70 9 1
71 8 1
72 8 1
73 7 1
74 6 1
75 6 1
76 6 1
77 6 1
78 5 1
79 5 1
80 4 1
81 4 1
82 4 1
83 3 1
84 3 1
85 3 1
86 3 1
87 2 1
88 2 1
89 1 1
90 1 1
91 1 1
92 1 1
93 1 1
94 1 1
95 1 1
96 1 1
97 1 1
.PEN_UP
.PEN_DOWN
64 15 1
64 16 1
64 17 1
64 18 1
64 19 1
64 20 1
64 21 1
64 22 1
64 23 1
64 24 1
63 25 1
63 26 1
61 27 1
60 27 1
59 28 1
58 29 1
57 30 1
56 31 1
55 32 1
54 33 1
53 34 1
.PEN_UP
.PEN_DOWN
62 27 1
65 27 1
66 28 1
67 28 1
68 29 1
68 30 1
68 31 1
68 32 1
68 33 1
68 34 1
68 35 1
67 36 1
67 37 1
67 38 1
67 39 1
66 40 1
66 41 1
66 42 1
66 43 1
65 44 1
65 45 1
65 46 1
64 47 1
63 48 1
62 49 1
61 50 1
60 51 1
58 50 1
57 50 1
56 50 1
55 50 1
54 50 1
53 50 1
52 51 1
.PEN_UP
.PEN_DOWN
59 51 1
60 53 1
60 54 1
61 55 1
61 56 1
62 57 1
63 58 1
64 59 1
65 59 1
66 60 1
66 61 1
66 62 1
66 63 1
66 64 1
65 65 1
65 66 1
64 67 1
63 68 1
62 68 1
61 69 1
60 70 1
59 70 1
58 71 1
57 72 1
56 72 1
55 73 1
54 73 1
53 74 1
52 74 1
.PEN_UP
