.PEN_DOWN
57 1 1
57 2 1
58 3 1
58 4 1
58 5 1
58 6 1
58 7 1
57 8 1
57 9 1
57 10 1
56 11 1
56 12 1
55 13 1
55 14 1
55 15 1
54 16 1
54 17 1
53 18 1
53 19 1
53 20 1
52 21 1
52 22 1
51 23 1
51 24 1
51 25 1
50 26 1
50 27 1
49 28 1
49 29 1
49 30 1
48 31 1
48 32 1
48 33 1
47 34 1
47 35 1
47 36 1
46 37 1
46 38 1
46 39 1
46 40 1
46 41 1
45 42 1
45 43 1
46 44 1
45 45 1
44 46 1
43 47 1
43 48 1
42 49 1
41 50 1
40 51 1
39 52 1
39 53 1
38 54 1
37 55 1
36 56 1
35 56 1
34 57 1
33 58 1
32 59 1
31 60 1
30 60 1
29 61 1
28 62 1
27 63 1
26 64 1
25 65 1
24 66 1
23 67 1
22 68 1
21 69 1
20 70 1
19 70 1
18 71 1
17 72 1
16 73 1
15 74 1
14 75 1
13 76 1
12 77 1
11 78 1
10 78 1
9 79 1
8 80 1
7 81 1
6 82 1
5 83 1
4 84 1
3 85 1
2 86 1
1 87 1
.PEN_UP
.PEN_DOWN
47 44 1
48 44 1
49 43 1
50 43 1
51 43 1
52 43 1
53 42 1
54 42 1
55 41 1
56 41 1
57 40 1
58 39 1
59 39 1
60 38 1
61 38 1
62 38 1
63 37 1
64 37 1
65 37 1
66 36 1
69 35 1
69 34 1
70 33 1
71 32 1
72 31 1
73 30 1
74 29 1
75 29 1
76 28 1
77 27 1
78 26 1
79 25 1
80 25 1
81 24 1
82 23 1
83 22 1
.PEN_UP
.PEN_DOWN
67 36 1
67 38 1
67 39 1
66 40 1
66 41 1
66 42 1
66 43 1
65 44 1
65 45 1
64 46 1
63 47 1
63 48 1
62 49 1
62 50 1
61 51 1
61 52 1
60 53 1
59 54 1
58 55 1
58 56 1
57 57 1
56 58 1
56 59 1
55 60 1
55 61 1
54 62 1
53 63 1
53 64 1
52 65 1
51 66 1
51 67 1
50 68 1
50 69 1
50 70 1
49 71 1
49 72 1
49 73 1
50 74 1
51 75 1
52 75 1
53 75 1
54 75 1
55 74 1
56 74 1
57 74 1
58 74 1
59 73 1
60 72 1
61 72 1
62 71 1
63 70 1
64 70 1
65 69 1
66 68 1
67 67 1
68 67 1
69 66 1
70 65 1
71 64 1
72 64 1
73 63 1
74 63 1
75 62 1
76 62 1
77 62 1
78 62 1
79 62 1
80 62 1
81 63 1
82 64 1
82 65 1
82 66 1
82 67 1
82 68 1
82 69 1
82 70 1
81 71 1
81 72 1
80 73 1
80 74 1
79 75 1
79 76 1
78 77 1
78 78 1
77 79 1
77 80 1
76 81 1
75 82 1
75 83 1
75 84 1
75 85 1
74 86 1
74 87 1
74 88 1
73 90 1
72 90 1
71 91 1
70 92 1
69 93 1
68 93 1
67 94 1
66 95 1
65 96 1
64 97 1
63 98 1
62 99 1
61 100 1
60 101 1
60 102 1
59 103 1
58 104 1
57 105 1
56 106 1
55 107 1
54 108 1
53 109 1
52 110 1
51 111 1
50 112 1
49 113 1
49 114 1
48 115 1
47 116 1
46 116 1
45 117 1
44 118 1
43 119 1
42 120 1
42 121 1
.PEN_UP
.PEN_DOWN
74 89 1
76 89 1
77 89 1
78 89 1
79 89 1
80 89 1
81 89 1
82 89 1
83 89 1
84 89 1
85 89 1
86 90 1
87 90 1
88 90 1
89 91 1
90 92 1
91 93 1
91 94 1
91 95 1
91 96 1
91 97 1
91 98 1
91 99 1
91 100 1
91 101 1
90 102 1
90 103 1
90 104 1
90 105 1
90 106 1
89 107 1
89 108 1
88 109 1
88 110 1
87 111 1
87 112 1
86 113 1
85 114 1
85 115 1
84 116 1
84 117 1
83 118 1
82 119 1
82 120 1
81 121 1
80 122 1
80 123 1
79 124 1
78 125 1
77 126 1
76 126 1
75 127 1
.PEN_UP
