.PEN_DOWN
81 37 1
82 36 1
83 36 1
84 35 1
85 35 1
86 35 1
87 34 1
88 33 1
89 33 1
90 32 1
90 31 1
91 30 1
91 29 1
92 28 1
92 27 1
93 26 1
95 25 1
96 24 1
97 23 1
98 23 1
99 23 1
100 22 1
101 22 1
102 21 1
103 21 1
104 20 1
105 20 1
106 19 1
107 19 1
108 18 1
109 18 1
110 18 1
111 18 1
112 17 1
113 16 1
114 16 1
115 15 1
116 15 1
117 14 1
118 14 1
119 13 1
120 13 1
121 12 1
122 12 1
123 11 1
124 11 1
125 10 1
126 10 1
127 9 1
128 9 1
129 8 1
130 8 1
131 8 1
132 7 1
133 7 1
134 6 1
135 6 1
136 5 1
137 5 1
138 4 1
139 4 1
140 4 1
141 3 1
142 3 1
143 2 1
144 1 1
.PEN_UP
.PEN_DOWN
92 25 1
91 25 1
90 25 1
89 25 1
88 25 1
87 25 1
86 25 1
85 26 1
84 26 1
83 26 1
82 27 1
81 27 1
80 28 1
79 28 1
78 28 1
77 29 1
76 30 1
75 30 1
74 31 1
73 31 1
72 31 1
71 32 1
70 33 1
69 33 1
68 34 1
67 34 1
66 35 1
65 35 1
64 36 1
63 37 1
62 37 1
61 38 1
60 39 1
59 39 1
58 40 1
57 41 1
56 41 1
55 42 1
54 43 1
53 43 1
52 44 1
51 45 1
50 46 1
49 46 1
48 47 1
48 48 1
47 49 1
46 50 1
45 51 1
44 52 1
43 53 1
42 54 1
42 55 1
41 56 1
41 57 1
40 58 1
40 59 1
40 60 1
40 61 1
40 62 1
41 63 1
42 64 1
43 65 1
44 65 1
45 65 1
46 65 1
47 65 1
48 65 1
49 65 1
50 65 1
51 65 1
52 65 1
53 65 1
54 65 1
55 65 1
56 65 1
57 64 1
58 64 1
60 63 1
61 62 1
62 61 1
63 60 1
64 60 1
65 59 1
66 58 1
67 57 1
68 56 1
69 55 1
70 54 1
71 53 1
72 52 1
73 51 1
74 50 1
75 49 1
76 48 1
76 47 1
77 46 1
.PEN_UP
.PEN_DOWN
59 64 1
59 66 1
59 67 1
58 68 1
58 69 1
58 70 1
58 71 1
57 72 1
57 73 1
56 74 1
56 75 1
56 76 1
56 77 1
56 78 1
56 79 1
56 80 1
57 81 1
58 82 1
59 82 1
60 82 1
61 81 1
62 81 1
63 81 1
64 81 1
65 81 1
66 80 1
67 80 1
68 80 1
69 79 1
70 79 1
71 78 1
72 78 1
73 77 1
74 77 1
75 76 1
76 76 1
77 75 1
78 75 1
.PEN_UP
.PEN_DOWN
57 83 1
56 84 1
55 85 1
54 85 1
53 86 1
52 86 1
51 87 1
50 87 1
49 88 1
48 88 1
47 89 1
46 89 1
45 90 1
44 90 1
43 91 1
42 92 1
41 92 1
40 93 1
39 94 1
38 95 1
37 96 1
37 97 1
37 98 1
37 99 1
37 100 1
37 101 1
37 102 1
37 103 1
37 104 1
37 105 1
38 106 1
38 107 1
39 108 1
39 109 1
39 110 1
39 111 1
39 112 1
40 113 1
40 114 1
40 115 1
41 116 1
42 117 1
44 118 1
45 117 1
46 117 1
47 117 1
48 117 1
49 117 1
50 117 1
52 118 1
53 118 1
54 118 1
55 118 1
56 118 1
57 118 1
58 118 1
59 118 1
60 117 1
61 117 1
62 117 1
63 116 1
64 116 1
65 116 1
66 116 1
67 115 1
68 115 1
69 115 1
70 115 1
71 114 1
71 113 1
72 112 1
72 111 1
72 110 1
73 109 1
73 108 1
72 107 1
71 106 1
70 105 1
69 105 1
68 105 1
67 105 1
66 106 1
65 106 1
64 106 1
63 106 1
62 106 1
61 107 1
60 107 1
59 107 1
58 108 1
57 108 1
56 108 1
55 109 1
54 110 1
53 111 1
53 112 1
52 113 1
52 114 1
51 115 1
51 116 1
.PEN_UP
.PEN_DOWN
41 119 1
40 120 1
40 122 1
40 123 1
40 124 1
40 125 1
40 126 1
40 127 1
39 128 1
39 129 1
39 130 1
39 131 1
39 132 1
38 133 1
37 134 1
37 135 1
37 136 1
36 137 1
35 138 1
35 139 1
34 140 1
34 141 1
33 142 1
32 143 1
31 144 1
31 145 1
30 146 1
29 147 1
28 148 1
28 149 1
27 150 1
26 151 1
25 152 1
25 153 1
24 154 1
24 155 1
24 156 1
23 157 1
23 158 1
22 160 1
21 160 1
20 161 1
19 162 1
18 162 1
17 163 1
16 163 1
15 164 1
14 165 1
13 165 1
12 165 1
11 166 1
10 167 1
9 167 1
8 168 1
.PEN_UP
.PEN_DOWN
23 159 1
25 159 1
26 159 1
27 159 1
28 159 1
29 159 1
30 159 1
31 159 1
32 158 1
33 158 1
34 158 1
35 157 1
36 157 1
37 157 1
38 156 1
39 156 1
40 156 1
41 155 1
42 155 1
43 155 1
44 155 1
45 155 1
46 155 1
47 154 1
48 154 1
50 152 1
51 151 1
52 150 1
53 149 1
54 149 1
55 148 1
56 148 1
57 148 1
58 148 1
59 148 1
60 148 1
61 147 1
62 147 1
63 147 1
64 147 1
65 147 1
66 147 1
67 147 1
68 147 1
69 147 1
70 148 1
71 148 1
.PEN_UP
.PEN_DOWN
49 153 1
50 156 1
50 157 1
50 158 1
50 159 1
50 160 1
51 161 1
51 162 1
51 163 1
51 164 1
51 165 1
51 166 1
52 167 1
52 168 1
53 169 1
53 170 1
53 171 1
53 172 1
53 173 1
53 174 1
53 175 1
53 176 1
53 177 1
54 178 1
54 179 1
56 180 1
57 180 1
58 180 1
59 180 1
60 180 1
61 181 1
62 181 1
63 181 1
64 181 1
65 182 1
66 183 1
67 184 1
68 185 1
69 186 1
69 187 1
70 188 1
70 189 1
71 190 1
71 191 1
71 192 1
72 193 1
72 194 1
72 195 1
72 196 1
72 197 1
72 198 1
72 199 1
72 200 1
.PEN_UP
.PEN_DOWN
54 180 1
53 181 1
53 182 1
52 183 1
52 184 1
51 185 1
50 186 1
49 187 1
48 188 1
48 189 1
47 190 1
46 191 1
46 192 1
45 193 1
44 194 1
44 195 1
43 196 1
.PEN_UP
.PEN_DOWN
54 251 1
53 252 1
52 252 1
51 252 1
50 253 1
49 253 1
48 253 1
47 253 1
46 253 1
45 253 1
44 253 1
43 252 1
42 251 1
41 250 1
40 249 1
40 248 1
40 247 1
40 246 1
40 245 1
40 244 1
40 243 1
40 242 1
40 241 1
40 240 1
41 239 1
41 238 1
41 237 1
42 236 1
42 235 1
43 234 1
44 233 1
44 232 1
45 231 1
45 230 1
46 229 1
47 228 1
48 227 1
48 226 1
49 225 1
50 224 1
50 223 1
51 222 1
52 221 1
52 220 1
53 219 1
54 218 1
55 217 1
56 216 1
57 215 1
58 215 1
59 214 1
60 213 1
61 213 1
62 212 1
63 212 1
64 211 1
65 211 1
66 211 1
67 211 1
68 211 1
69 211 1
70 211 1
71 211 1
72 212 1
73 213 1
74 214 1
75 215 1
76 216 1
77 217 1
77 218 1
77 219 1
78 220 1
78 221 1
78 222 1
78 223 1
78 224 1
78 225 1
78 226 1
78 227 1
78 228 1
77 229 1
77 230 1
77 231 1
76 232 1
76 233 1
76 234 1
75 235 1
75 236 1
75 237 1
74 238 1
74 239 1
73 240 1
73 241 1
73 242 1
72 243 1
72 244 1
71 245 1
70 246 1
70 247 1
70 248 1
69 249 1
69 250 1
69 251 1
68 252 1
67 253 1
67 254 1
66 255 1
.PEN_UP
.PEN_DOWN
71 273 1
70 273 1
69 272 1
68 272 1
67 272 1
66 272 1
65 273 1
64 273 1
63 273 1
62 273 1
61 273 1
60 273 1
59 273 1
58 273 1
57 273 1
56 274 1
55 274 1
54 274 1
53 274 1
52 274 1
51 274 1
50 275 1
49 275 1
48 275 1
47 276 1
46 277 1
46 278 1
46 279 1
46 280 1
44 281 1
43 281 1
42 282 1
41 282 1
40 282 1
39 282 1
38 283 1
37 283 1
36 283 1
35 284 1
34 284 1
33 285 1
32 286 1
31 287 1
30 287 1
29 288 1
28 288 1
27 289 1
26 289 1
25 290 1
24 291 1
23 291 1
22 292 1
21 292 1
20 293 1
19 293 1
18 294 1
17 295 1
16 296 1
15 297 1
14 297 1
13 297 1
12 298 1
11 299 1
10 299 1
9 300 1
8 301 1
7 301 1
6 302 1
5 303 1
4 303 1
3 304 1
2 305 1
1 306 1
.PEN_UP
.PEN_DOWN
45 281 1
47 282 1
47 283 1
47 284 1
47 285 1
47 286 1
47 287 1
47 288 1
47 289 1
47 290 1
47 291 1
48 292 1
48 293 1
48 294 1
48 295 1
48 296 1
48 297 1
48 298 1
48 299 1
48 300 1
48 301 1
48 302 1
48 303 1
48 304 1
48 305 1
49 306 1
50 307 1
51 308 1
52 308 1
53 308 1
54 308 1
55 308 1
56 308 1
57 308 1
58 308 1
59 308 1
60 308 1
61 307 1
62 307 1
63 306 1
64 306 1
65 305 1
66 305 1
67 304 1
68 303 1
69 303 1
.PEN_UP
.PEN_DOWN
45 342 1
46 341 1
47 341 1
48 340 1
49 340 1
50 339 1
51 339 1
52 339 1
53 339 1
54 339 1
55 339 1
56 339 1
57 339 1
58 339 1
59 340 1
60 341 1
60 342 1
60 343 1
61 344 1
61 345 1
61 346 1
61 347 1
60 348 1
60 349 1
60 350 1
60 351 1
59 352 1
59 353 1
59 354 1
59 355 1
59 356 1
59 357 1
60 358 1
61 358 1
62 358 1
63 358 1
64 358 1
65 358 1
66 358 1
67 357 1
68 357 1
69 357 1
70 358 1
71 358 1
72 358 1
.PEN_UP
.PEN_DOWN
146 360 1
145 360 1
144 359 1
143 359 1
142 359 1
141 359 1
140 359 1
139 360 1
138 360 1
137 360 1
136 361 1
135 361 1
134 360 1
133 359 1
132 359 1
131 359 1
130 359 1
129 360 1
128 360 1
127 360 1
126 360 1
125 360 1
124 360 1
123 361 1
122 362 1
122 363 1
121 364 1
121 365 1
121 366 1
120 367 1
120 368 1
120 369 1
118 370 1
117 371 1
116 372 1
115 373 1
114 374 1
113 375 1
112 376 1
111 377 1
110 378 1
109 379 1
108 379 1
107 380 1
105 381 1
104 381 1
103 381 1
102 382 1
101 382 1
100 382 1
99 382 1
98 382 1
97 383 1
96 384 1
95 384 1
94 385 1
93 385 1
92 386 1
91 386 1
90 387 1
89 387 1
88 388 1
87 388 1
86 388 1
85 389 1
84 389 1
83 390 1
82 390 1
81 391 1
80 391 1
79 392 1
78 392 1
77 393 1
76 393 1
75 394 1
74 394 1
73 394 1
72 394 1
71 394 1
70 394 1
69 394 1
68 395 1
67 395 1
66 395 1
65 395 1
62 396 1
61 397 1
60 397 1
59 398 1
58 398 1
57 398 1
56 398 1
55 398 1
54 398 1
53 398 1
52 398 1
51 398 1
50 398 1
49 397 1
48 397 1
47 397 1
46 397 1
45 396 1
44 395 1
43 394 1
43 393 1
43 392 1
43 391 1
43 390 1
43 389 1
44 388 1
44 387 1
45 386 1
46 385 1
47 384 1
47 383 1
48 382 1
49 381 1
50 380 1
51 379 1
52 379 1
53 378 1
54 378 1
55 378 1
56 378 1
57 378 1
58 379 1
59 380 1
60 381 1
61 382 1
61 383 1
61 384 1
61 385 1
61 386 1
61 387 1
61 388 1
61 389 1
61 390 1
62 391 1
63 392 1
64 393 1
64 394 1
.PEN_UP
.PEN_DOWN
106 381 1
108 382 1
108 383 1
108 384 1
108 385 1
108 386 1
108 387 1
107 388 1
107 389 1
107 390 1
107 391 1
107 392 1
107 393 1
107 394 1
108 395 1
108 396 1
108 397 1
108 398 1
108 399 1
108 400 1
108 401 1
108 402 1
109 403 1
109 404 1
.PEN_UP
.PEN_DOWN
119 370 1
122 370 1
123 370 1
124 369 1
125 369 1
126 369 1
127 369 1
128 369 1
129 368 1
130 368 1
131 368 1
132 367 1
132 366 1
133 365 1
133 364 1
134 363 1
134 362 1
.PEN_UP
