.PEN_DOWN
42 1 1
42 2 1
42 3 1
42 4 1
42 5 1
41 6 1
41 7 1
41 8 1
41 9 1
40 10 1
39 11 1
39 12 1
39 13 1
38 14 1
37 15 1
37 16 1
36 17 1
36 18 1
36 19 1
35 20 1
34 21 1
34 22 1
34 23 1
33 24 1
33 25 1
33 26 1
33 27 1
33 28 1
33 29 1
32 31 1
31 32 1
31 33 1
30 34 1
29 35 1
28 36 1
27 37 1
26 38 1
25 39 1
25 40 1
24 41 1
23 42 1
22 43 1
21 44 1
20 45 1
19 46 1
18 47 1
17 48 1
16 48 1
15 49 1
14 49 1
13 50 1
12 51 1
11 51 1
10 52 1
9 52 1
8 53 1
7 53 1
6 54 1
5 54 1
4 55 1
3 55 1
2 54 1
1 54 1
.PEN_UP
.PEN_DOWN
33 30 1
35 30 1
36 30 1
37 29 1
38 29 1
39 29 1
40 29 1
41 28 1
42 28 1
43 27 1
44 27 1
45 26 1
46 26 1
47 25 1
48 25 1
49 25 1
50 25 1
51 25 1
52 26 1
53 26 1
54 27 1
54 28 1
55 29 1
55 30 1
55 31 1
55 32 1
55 33 1
55 34 1
55 35 1
55 36 1
55 37 1
55 38 1
55 39 1
55 40 1
54 41 1
54 42 1
53 43 1
53 44 1
52 45 1
51 46 1
51 47 1
50 48 1
49 49 1
49 50 1
48 51 1
47 52 1
47 53 1
46 54 1
45 55 1
45 56 1
44 57 1
44 58 1
44 59 1
43 60 1
43 61 1
43 62 1
41 64 1
40 64 1
39 65 1
38 66 1
37 66 1
36 67 1
35 68 1
34 69 1
33 70 1
32 71 1
31 72 1
30 73 1
29 73 1
28 74 1
27 75 1
26 76 1
25 77 1
24 77 1
23 78 1
22 78 1
21 79 1
20 80 1
19 81 1
18 82 1
17 83 1
16 84 1
15 84 1
14 85 1
13 86 1
12 87 1
11 87 1
10 88 1
.PEN_UP
.PEN_DOWN
42 63 1
45 63 1
46 64 1
47 64 1
48 64 1
49 64 1
50 64 1
51 65 1
52 65 1
53 66 1
54 67 1
54 68 1
55 69 1
55 70 1
55 71 1
55 72 1
55 73 1
55 74 1
55 75 1
55 76 1
55 77 1
55 78 1
55 79 1
54 80 1
54 81 1
54 82 1
53 83 1
53 84 1
52 85 1
52 86 1
51 87 1
50 88 1
50 89 1
49 90 1
48 91 1
47 92 1
47 93 1
46 94 1
45 95 1
44 96 1
43 97 1
42 98 1
41 99 1
41 100 1
41 101 1
40 102 1
40 103 1
40 104 1
39 105 1
39 106 1
39 107 1
39 108 1
39 112 1
39 113 1
39 114 1
38 115 1
38 116 1
37 117 1
37 118 1
37 119 1
36 120 1
36 121 1
35 122 1
34 123 1
33 124 1
32 125 1
31 125 1
30 126 1
29 127 1
28 128 1
27 128 1
26 129 1
25 130 1
24 131 1
23 132 1
22 133 1
21 134 1
20 135 1
19 136 1
18 137 1
17 138 1
17 139 1
16 140 1
15 141 1
15 142 1
14 143 1
14 144 1
14 145 1
14 146 1
14 147 1
14 148 1
15 149 1
15 150 1
15 151 1
16 152 1
16 153 1
17 154 1
18 155 1
19 155 1
20 156 1
21 156 1
22 156 1
23 156 1
24 156 1
25 157 1
26 157 1
27 157 1
28 157 1
29 157 1
30 156 1
31 156 1
32 155 1
33 155 1
34 154 1
35 154 1
36 153 1
37 153 1
38 153 1
39 153 1
40 152 1
41 152 1
42 152 1
43 151 1
44 151 1
45 151 1
47 149 1
47 148 1
48 147 1
49 146 1
49 145 1
50 144 1
50 143 1
51 142 1
51 141 1
51 140 1
51 139 1
51 138 1
51 137 1
50 136 1
50 135 1
50 134 1
50 133 1
50 132 1
49 131 1
49 130 1
49 129 1
48 128 1
47 127 1
46 127 1
.PEN_UP
.PEN_DOWN
46 150 1
46 153 1
46 154 1
46 155 1
46 156 1
46 157 1
46 158 1
46 159 1
46 160 1
45 162 1
44 163 1
43 164 1
42 165 1
41 166 1
40 167 1
39 167 1
38 168 1
37 169 1
36 170 1
35 171 1
34 172 1
33 173 1
32 174 1
31 175 1
30 176 1
30 177 1
29 178 1
28 179 1
27 180 1
26 181 1
25 182 1
24 183 1
23 184 1
22 185 1
22 186 1
21 187 1
20 188 1
20 189 1
19 190 1
19 191 1
18 192 1
18 193 1
17 194 1
17 195 1
17 196 1
17 197 1
17 198 1
17 199 1
17 200 1
17 201 1
17 202 1
18 203 1
19 204 1
20 205 1
21 206 1
22 207 1
23 207 1
26 206 1
27 206 1
28 206 1
29 206 1
30 205 1
31 205 1
32 204 1
33 204 1
34 203 1
35 203 1
36 202 1
37 202 1
38 201 1
39 201 1
40 200 1
41 200 1
42 199 1
43 198 1
44 198 1
45 197 1
46 197 1
47 196 1
48 195 1
49 195 1
50 194 1
51 194 1
52 193 1
53 192 1
53 191 1
54 190 1
55 189 1
56 188 1
56 187 1
57 186 1
57 185 1
57 184 1
58 183 1
58 182 1
58 181 1
58 180 1
59 179 1
59 178 1
59 177 1
59 176 1
59 175 1
59 174 1
59 173 1
59 172 1
59 171 1
59 170 1
59 169 1
59 168 1
59 167 1
58 166 1
57 165 1
56 164 1
55 163 1
54 162 1
53 162 1
52 162 1
51 162 1
50 162 1
49 162 1
48 161 1
47 161 1
.PEN_UP
.PEN_DOWN
24 207 1
24 209 1
24 210 1
24 211 1
25 212 1
25 213 1
25 214 1
25 215 1
25 216 1
25 217 1
25 218 1
25 219 1
26 220 1
26 221 1
26 222 1
26 223 1
26 224 1
26 225 1
26 226 1
26 227 1
26 228 1
26 229 1
26 230 1
26 231 1
26 232 1
26 233 1
25 234 1
25 235 1
25 236 1
25 237 1
25 238 1
25 239 1
25 240 1
25 241 1
26 242 1
25 244 1
25 245 1
25 246 1
24 247 1
24 248 1
24 249 1
24 250 1
23 251 1
23 252 1
23 253 1
22 254 1
22 255 1
21 256 1
21 257 1
21 258 1
20 259 1
20 260 1
20 261 1
20 262 1
20 263 1
19 264 1
19 265 1
19 266 1
19 267 1
20 268 1
20 269 1
20 270 1
20 271 1
21 272 1
22 273 1
23 274 1
24 275 1
25 275 1
26 275 1
27 275 1
28 275 1
29 274 1
30 274 1
31 274 1
32 273 1
33 273 1
34 272 1
35 272 1
36 271 1
37 271 1
38 270 1
39 269 1
40 268 1
41 268 1
42 267 1
43 266 1
44 265 1
45 264 1
46 263 1
47 262 1
48 261 1
49 260 1
50 260 1
51 259 1
52 258 1
53 257 1
54 256 1
55 256 1
56 256 1
57 256 1
58 256 1
59 257 1
60 258 1
61 259 1
62 260 1
62 261 1
62 262 1
62 263 1
62 264 1
62 265 1
63 266 1
63 267 1
63 268 1
63 269 1
63 270 1
62 271 1
62 272 1
62 273 1
62 274 1
62 275 1
62 276 1
62 277 1
61 278 1
61 279 1
60 280 1
60 281 1
60 282 1
59 283 1
58 284 1
57 285 1
56 286 1
.PEN_UP
.PEN_DOWN
27 242 1
28 241 1
29 241 1
30 241 1
31 240 1
32 240 1
33 240 1
34 240 1
35 239 1
36 238 1
37 238 1
38 237 1
39 236 1
40 235 1
41 234 1
42 233 1
43 233 1
44 232 1
45 231 1
46 230 1
47 230 1
48 229 1
49 228 1
50 227 1
51 226 1
52 226 1
53 225 1
54 224 1
55 223 1
56 222 1
57 222 1
58 221 1
59 220 1
60 220 1
.PEN_UP
.PEN_DOWN
39 109 1
41 109 1
42 109 1
43 109 1
44 108 1
45 108 1
46 108 1
47 107 1
48 107 1
49 107 1
50 107 1
51 106 1
52 105 1
53 104 1
54 104 1
55 103 1
56 102 1
57 102 1
58 101 1
59 100 1
60 99 1
61 99 1
62 98 1
63 97 1
64 97 1
65 96 1
66 95 1
67 94 1
68 94 1
69 93 1
70 92 1
71 91 1
72 91 1
73 90 1
74 89 1
75 89 1
76 88 1
77 87 1
78 87 1
79 86 1
80 85 1
81 85 1
.PEN_UP
.PEN_DOWN
40 109 1
37 111 1
36 111 1
35 111 1
34 111 1
33 112 1
32 112 1
31 112 1
30 113 1
29 113 1
28 113 1
27 114 1
26 114 1
25 115 1
24 115 1
.PEN_UP
