.PEN_DOWN
1 64 1
1 63 1
1 62 1
1 61 1
1 60 1
2 59 1
3 58 1
3 57 1
4 56 1
5 55 1
5 54 1
6 53 1
7 52 1
8 51 1
8 50 1
9 49 1
10 48 1
11 47 1
12 46 1
13 45 1
14 44 1
15 43 1
16 42 1
16 41 1
17 40 1
18 40 1
19 39 1
20 38 1
21 37 1
22 36 1
23 35 1
24 34 1
25 34 1
26 33 1
27 32 1
28 31 1
29 30 1
30 29 1
31 29 1
32 28 1
33 27 1
34 26 1
35 25 1
36 24 1
37 24 1
38 23 1
39 23 1
40 23 1
41 22 1
42 22 1
43 21 1
44 20 1
45 19 1
45 18 1
46 17 1
47 16 1
48 15 1
49 14 1
50 14 1
51 13 1
52 13 1
53 12 1
54 11 1
55 11 1
56 10 1
57 9 1
58 8 1
59 8 1
60 7 1
61 7 1
62 6 1
63 5 1
64 5 1
65 4 1
66 3 1
67 2 1
68 1 1
69 1 1
70 1 1
71 1 1
.PEN_UP
.PEN_DOWN
43 23 1
43 24 1
42 25 1
42 26 1
42 27 1
42 28 1
42 29 1
41 30 1
41 31 1
41 32 1
41 33 1
40 34 1
40 35 1
40 36 1
40 37 1
40 38 1
40 39 1
39 40 1
39 41 1
39 42 1
39 43 1
39 44 1
39 45 1
39 46 1
39 47 1
39 48 1
39 49 1
40 50 1
42 50 1
43 50 1
44 49 1
45 48 1
46 48 1
47 47 1
48 46 1
49 45 1
50 44 1
51 44 1
52 43 1
53 42 1
54 41 1
55 40 1
56 40 1
57 39 1
58 39 1
59 38 1
60 38 1
61 37 1
62 36 1
63 35 1
64 34 1
65 34 1
66 33 1
66 32 1
.PEN_UP
.PEN_DOWN
41 50 1
40 52 1
39 53 1
38 53 1
37 54 1
36 55 1
35 56 1
34 56 1
33 57 1
32 58 1
31 58 1
30 59 1
29 60 1
28 61 1
27 61 1
26 62 1
25 63 1
24 63 1
23 64 1
22 65 1
21 65 1
20 66 1
19 66 1
18 67 1
17 67 1
16 68 1
15 69 1
14 69 1
13 69 1
12 70 1
11 70 1
10 70 1
9 71 1
8 71 1
7 71 1
6 71 1
5 71 1
4 72 1
3 71 1
2 71 1
1 70 1
1 69 1
.PEN_UP
.PEN_DOWN
66 85 1
65 85 1
64 84 1
63 84 1
62 84 1
61 84 1
60 83 1
59 83 1
58 83 1
57 82 1
58 80 1
58 79 1
59 78 1
60 77 1
61 76 1
62 76 1
63 75 1
63 74 1
64 73 1
65 72 1
65 71 1
66 70 1
67 69 1
68 68 1
68 67 1
68 66 1
69 65 1
69 64 1
69 63 1
70 62 1
70 61 1
70 60 1
70 59 1
70 58 1
70 57 1
70 56 1
69 55 1
68 54 1
67 53 1
66 52 1
65 52 1
64 52 1
63 52 1
62 52 1
61 53 1
60 53 1
59 54 1
58 54 1
57 55 1
56 56 1
55 57 1
54 58 1
54 59 1
53 60 1
52 61 1
51 62 1
50 63 1
50 64 1
49 65 1
49 66 1
48 67 1
48 68 1
47 69 1
47 70 1
46 71 1
46 72 1
46 73 1
46 74 1
46 75 1
46 76 1
46 77 1
46 78 1
47 79 1
48 79 1
49 80 1
50 80 1
51 80 1
52 80 1
53 81 1
54 82 1
53 83 1
53 84 1
52 85 1
51 86 1
50 87 1
49 87 1
48 88 1
47 89 1
46 89 1
45 90 1
44 91 1
43 91 1
42 92 1
41 92 1
40 93 1
39 94 1
38 94 1
37 95 1
36 96 1
35 97 1
34 97 1
33 98 1
32 98 1
31 99 1
30 99 1
29 100 1
28 100 1
27 101 1
26 102 1
25 103 1
24 104 1
23 104 1
22 104 1
18 107 1
17 107 1
16 108 1
15 109 1
14 110 1
13 110 1
12 111 1
11 111 1
.PEN_UP
.PEN_DOWN
70 116 1
70 115 1
70 114 1
71 113 1
71 112 1
71 111 1
72 110 1
72 109 1
72 108 1
72 107 1
72 106 1
72 105 1
72 104 1
72 103 1
72 102 1
72 101 1
72 100 1
71 99 1
71 98 1
70 97 1
69 96 1
68 95 1
67 95 1
66 95 1
65 95 1
64 95 1
63 95 1
62 95 1
61 96 1
61 97 1
57 98 1
56 98 1
55 99 1
54 100 1
53 101 1
52 102 1
51 103 1
50 104 1
50 105 1
49 106 1
49 107 1
48 108 1
47 109 1
46 110 1
46 111 1
46 112 1
45 113 1
45 114 1
44 115 1
44 116 1
44 117 1
44 118 1
43 119 1
43 120 1
44 121 1
44 122 1
45 123 1
46 123 1
47 124 1
48 124 1
49 123 1
50 123 1
51 123 1
52 122 1
53 121 1
54 120 1
55 119 1
55 118 1
56 117 1
57 116 1
57 115 1
58 114 1
58 113 1
59 112 1
59 111 1
59 110 1
60 109 1
60 108 1
61 107 1
61 106 1
61 105 1
61 104 1
61 103 1
61 102 1
61 101 1
.PEN_UP
.PEN_DOWN
67 123 1
68 124 1
68 125 1
69 126 1
70 125 1
71 125 1
72 124 1
73 123 1
74 123 1
75 122 1
.PEN_UP
.PEN_DOWN
68 127 1
67 128 1
66 129 1
65 130 1
64 131 1
63 132 1
62 133 1
61 133 1
60 134 1
60 135 1
59 136 1
59 137 1
59 138 1
58 139 1
57 140 1
56 141 1
56 142 1
55 143 1
55 144 1
54 145 1
53 146 1
53 147 1
53 148 1
52 149 1
52 150 1
52 151 1
51 152 1
51 153 1
51 154 1
51 155 1
51 156 1
51 157 1
51 158 1
51 159 1
52 160 1
53 160 1
54 161 1
55 161 1
56 160 1
57 160 1
58 160 1
59 159 1
60 159 1
61 158 1
62 157 1
63 156 1
64 155 1
65 154 1
66 153 1
67 153 1
68 152 1
69 151 1
70 150 1
71 149 1
72 149 1
73 148 1
74 147 1
.PEN_UP
.PEN_DOWN
50 206 1
51 205 1
52 204 1
53 203 1
54 202 1
54 201 1
56 200 1
57 200 1
58 200 1
59 199 1
60 198 1
61 197 1
62 197 1
63 197 1
64 196 1
65 196 1
66 195 1
67 194 1
68 193 1
69 193 1
70 193 1
71 193 1
72 191 1
73 190 1
73 189 1
73 188 1
74 187 1
75 186 1
76 185 1
77 184 1
77 183 1
78 182 1
79 181 1
79 180 1
80 179 1
80 178 1
80 177 1
80 176 1
80 175 1
80 174 1
80 173 1
80 172 1
79 171 1
78 170 1
77 169 1
76 169 1
75 168 1
74 168 1
73 168 1
72 168 1
71 169 1
70 169 1
69 169 1
68 170 1
67 170 1
66 171 1
65 172 1
64 172 1
63 173 1
62 173 1
61 174 1
60 175 1
59 176 1
58 177 1
57 178 1
56 179 1
55 180 1
55 181 1
54 182 1
53 183 1
53 184 1
52 185 1
52 186 1
52 187 1
51 188 1
51 189 1
51 190 1
50 191 1
50 192 1
50 193 1
51 194 1
51 195 1
51 196 1
52 197 1
52 198 1
53 199 1
54 200 1
.PEN_UP
.PEN_DOWN
72 192 1
74 194 1
75 195 1
75 196 1
75 197 1
75 198 1
76 199 1
76 200 1
75 201 1
75 202 1
75 203 1
75 204 1
74 205 1
74 206 1
73 207 1
72 208 1
71 209 1
71 210 1
70 211 1
69 212 1
69 213 1
69 214 1
68 215 1
68 216 1
66 217 1
65 218 1
64 218 1
63 219 1
62 220 1
61 220 1
60 221 1
59 222 1
58 223 1
57 224 1
.PEN_UP
.PEN_DOWN
67 217 1
70 217 1
71 218 1
72 218 1
73 219 1
74 220 1
74 221 1
74 222 1
74 223 1
74 224 1
74 225 1
73 226 1
73 227 1
72 228 1
71 229 1
71 230 1
70 231 1
69 232 1
68 233 1
67 234 1
66 235 1
65 236 1
65 237 1
64 238 1
63 239 1
63 240 1
62 241 1
62 242 1
62 243 1
60 244 1
59 245 1
58 246 1
57 246 1
56 247 1
55 248 1
54 249 1
53 250 1
52 250 1
51 251 1
.PEN_UP
.PEN_DOWN
61 244 1
64 244 1
65 244 1
66 244 1
67 244 1
68 244 1
69 244 1
70 244 1
71 245 1
72 245 1
73 246 1
74 247 1
75 247 1
.PEN_UP
.PEN_DOWN
49 283 1
49 282 1
51 281 1
52 281 1
53 281 1
54 281 1
55 281 1
56 280 1
57 279 1
58 278 1
59 278 1
60 277 1
61 276 1
62 275 1
63 274 1
64 273 1
64 272 1
65 271 1
66 270 1
66 269 1
66 268 1
67 267 1
67 266 1
67 265 1
67 264 1
67 263 1
67 262 1
66 261 1
66 260 1
66 259 1
68 257 1
69 257 1
70 257 1
71 257 1
72 258 1
73 259 1
74 260 1
75 261 1
75 262 1
75 263 1
75 264 1
75 265 1
75 266 1
75 267 1
75 268 1
75 269 1
75 270 1
75 271 1
75 272 1
74 273 1
74 274 1
73 275 1
73 276 1
72 277 1
72 278 1
71 279 1
71 280 1
70 281 1
70 282 1
69 283 1
69 284 1
68 285 1
67 286 1
66 287 1
66 288 1
66 289 1
66 290 1
67 291 1
66 293 1
65 294 1
64 295 1
63 296 1
62 297 1
61 298 1
60 299 1
60 300 1
59 301 1
58 302 1
58 303 1
57 304 1
56 305 1
56 306 1
55 307 1
55 308 1
54 309 1
54 310 1
54 311 1
53 312 1
53 313 1
53 314 1
52 315 1
52 316 1
52 317 1
52 318 1
53 319 1
.PEN_UP
.PEN_DOWN
68 291 1
69 291 1
70 291 1
71 290 1
72 290 1
73 289 1
74 288 1
.PEN_UP
.PEN_DOWN
65 258 1
64 258 1
63 258 1
62 259 1
61 259 1
60 260 1
59 261 1
58 262 1
57 263 1
56 264 1
55 265 1
54 266 1
53 267 1
52 268 1
51 269 1
50 270 1
50 271 1
49 272 1
49 273 1
48 274 1
48 275 1
48 276 1
47 277 1
47 278 1
47 279 1
48 280 1
49 281 1
.PEN_UP
.PEN_DOWN
70 326 1
71 326 1
72 326 1
73 326 1
74 326 1
75 326 1
76 326 1
77 327 1
78 328 1
78 329 1
79 330 1
79 331 1
79 332 1
79 333 1
79 334 1
79 335 1
79 336 1
79 337 1
79 338 1
78 339 1
78 340 1
78 341 1
78 342 1
77 343 1
77 344 1
76 345 1
75 346 1
74 347 1
73 348 1
72 348 1
71 348 1
70 348 1
69 348 1
68 348 1
67 348 1
66 347 1
65 346 1
64 346 1
63 345 1
62 344 1
61 343 1
60 342 1
59 341 1
58 341 1
57 340 1
56 340 1
55 341 1
54 342 1
53 343 1
53 344 1
52 345 1
52 346 1
52 347 1
51 348 1
51 349 1
51 350 1
50 351 1
50 352 1
50 353 1
50 354 1
50 355 1
50 356 1
50 357 1
50 358 1
.PEN_UP
.PEN_DOWN
28 343 1
27 344 1
26 344 1
25 345 1
24 345 1
23 346 1
22 346 1
21 347 1
20 348 1
19 348 1
18 349 1
17 349 1
16 350 1
15 350 1
14 351 1
13 351 1
12 352 1
11 353 1
10 353 1
9 354 1
8 354 1
7 355 1
6 355 1
5 356 1
4 356 1
3 357 1
2 358 1
2 359 1
1 360 1
.PEN_UP
