.PEN_DOWN
55 57 1
55 56 1
53 55 1
52 55 1
51 55 1
50 55 1
49 56 1
48 56 1
47 56 1
46 56 1
45 57 1
44 57 1
43 57 1
42 58 1
41 58 1
40 58 1
39 59 1
38 59 1
37 59 1
36 60 1
35 60 1
34 60 1
33 60 1
32 60 1
31 60 1
30 60 1
29 60 1
28 60 1
27 61 1
26 61 1
25 61 1
24 61 1
23 60 1
22 60 1
21 60 1
20 59 1
19 59 1
18 59 1
17 58 1
16 58 1
15 57 1
14 57 1
13 56 1
12 55 1
11 54 1
10 53 1
9 52 1
8 51 1
7 50 1
6 49 1
6 48 1
5 47 1
5 46 1
4 45 1
4 44 1
3 43 1
3 42 1
3 41 1
2 40 1
2 39 1
2 38 1
2 37 1
2 36 1
1 35 1
1 34 1
1 33 1
1 32 1
1 31 1
2 30 1
2 29 1
2 28 1
2 27 1
3 26 1
3 25 1
3 24 1
4 23 1
4 22 1
5 21 1
5 20 1
6 19 1
7 18 1
7 17 1
8 16 1
9 15 1
9 14 1
10 13 1
11 12 1
12 12 1
13 11 1
14 10 1
15 9 1
16 8 1
17 8 1
18 7 1
19 6 1
20 6 1
21 5 1
22 5 1
23 4 1
24 4 1
25 4 1
26 3 1
27 3 1
28 2 1
29 1 1
30 1 1
31 1 1
32 1 1
33 1 1
34 1 1
35 1 1
36 1 1
37 1 1
38 1 1
39 1 1
40 2 1
41 2 1
42 2 1
43 3 1
44 4 1
45 4 1
46 5 1
47 6 1
48 7 1
49 8 1
50 9 1
51 10 1
52 11 1
52 12 1
53 13 1
54 14 1
54 15 1
55 16 1
55 17 1
56 18 1
56 19 1
56 20 1
56 21 1
57 22 1
57 23 1
57 24 1
57 25 1
57 26 1
57 27 1
58 28 1
58 29 1
58 30 1
58 31 1
57 32 1
57 33 1
57 34 1
57 35 1
57 36 1
57 37 1
57 38 1
57 39 1
57 40 1
57 41 1
57 42 1
57 43 1
57 44 1
56 45 1
56 46 1
56 47 1
56 48 1
55 49 1
55 50 1
55 51 1
55 52 1
55 53 1
55 54 1
.PEN_UP
.PEN_DOWN
33 77 1
34 76 1
35 76 1
36 76 1
37 76 1
38 75 1
39 75 1
40 75 1
41 74 1
42 74 1
43 74 1
44 74 1
45 74 1
46 74 1
47 74 1
48 74 1
49 74 1
50 74 1
51 74 1
52 75 1
53 76 1
54 77 1
55 78 1
55 79 1
56 80 1
56 81 1
56 82 1
57 83 1
57 84 1
57 85 1
57 86 1
58 87 1
58 88 1
58 89 1
58 90 1
58 91 1
59 92 1
59 93 1
59 94 1
59 95 1
59 96 1
60 97 1
60 98 1
60 99 1
60 100 1
61 101 1
61 102 1
61 103 1
61 104 1
61 105 1
61 106 1
61 107 1
61 108 1
61 109 1
61 110 1
61 111 1
61 112 1
61 113 1
61 114 1
61 115 1
61 116 1
.PEN_UP
