.PEN_DOWN
9 1 1
8 1 1
7 2 1
6 3 1
5 3 1
4 4 1
4 5 1
3 6 1
2 7 1
2 8 1
2 9 1
2 10 1
1 11 1
1 12 1
1 13 1
1 14 1
1 15 1
1 16 1
1 17 1
1 18 1
1 19 1
1 20 1
2 21 1
2 22 1
2 23 1
2 24 1
3 25 1
3 26 1
3 27 1
3 28 1
5 29 1
6 29 1
7 29 1
8 29 1
9 29 1
10 29 1
11 29 1
12 30 1
13 30 1
14 30 1
15 30 1
16 29 1
17 29 1
18 29 1
19 29 1
20 29 1
21 29 1
22 29 1
23 29 1
24 29 1
25 29 1
26 29 1
27 29 1
28 29 1
29 29 1
30 29 1
31 29 1
32 29 1
33 29 1
34 29 1
35 29 1
36 29 1
37 29 1
38 29 1
39 29 1
40 29 1
41 29 1
42 29 1
43 29 1
44 29 1
45 29 1
46 29 1
47 29 1
48 29 1
49 29 1
50 29 1
51 29 1
52 29 1
53 29 1
54 29 1
55 29 1
56 29 1
57 29 1
58 29 1
59 30 1
60 31 1
.PEN_UP
.PEN_DOWN
3 29 1
3 31 1
3 32 1
3 33 1
3 34 1
3 35 1
3 36 1
3 37 1
3 38 1
3 39 1
3 40 1
3 41 1
4 42 1
4 43 1
4 44 1
4 45 1
5 46 1
5 47 1
5 48 1
5 49 1
5 50 1
6 51 1
6 52 1
6 53 1
7 54 1
7 55 1
7 56 1
8 57 1
8 58 1
9 59 1
9 60 1
.PEN_UP
