.PEN_DOWN
5 16 1
6 16 1
7 16 1
8 15 1
9 15 1
10 15 1
11 15 1
12 15 1
13 15 1
14 15 1
15 15 1
16 15 1
17 15 1
18 15 1
19 16 1
20 16 1
21 16 1
22 16 1
23 16 1
24 17 1
25 17 1
26 17 1
27 17 1
28 17 1
29 17 1
30 17 1
32 18 1
33 19 1
34 19 1
35 20 1
36 21 1
37 22 1
39 23 1
40 23 1
41 23 1
42 23 1
43 23 1
44 24 1
45 24 1
46 25 1
47 25 1
48 26 1
49 26 1
50 27 1
51 27 1
52 28 1
53 29 1
54 29 1
55 30 1
56 30 1
57 31 1
58 31 1
59 32 1
60 32 1
61 32 1
62 32 1
63 33 1
64 33 1
65 34 1
66 35 1
67 35 1
.PEN_UP
.PEN_DOWN
37 23 1
37 25 1
37 26 1
37 27 1
37 28 1
38 29 1
38 30 1
39 31 1
39 32 1
39 33 1
40 34 1
40 35 1
40 36 1
40 37 1
41 38 1
40 39 1
.PEN_UP
.PEN_DOWN
31 16 1
31 15 1
31 14 1
31 13 1
31 12 1
31 11 1
31 10 1
31 9 1
30 8 1
30 7 1
30 6 1
30 5 1
29 4 1
29 3 1
29 2 1
30 1 1
.PEN_UP
.PEN_DOWN
5 53 1
4 52 1
4 51 1
3 50 1
3 49 1
3 48 1
2 47 1
2 46 1
2 45 1
2 44 1
1 43 1
1 42 1
1 41 1
2 40 1
3 39 1
4 39 1
5 39 1
6 39 1
7 39 1
8 39 1
9 39 1
10 39 1
11 39 1
12 40 1
13 40 1
14 40 1
15 41 1
16 41 1
17 41 1
18 42 1
19 42 1
20 42 1
21 42 1
22 43 1
23 43 1
24 43 1
25 44 1
26 44 1
27 44 1
28 45 1
29 45 1
30 46 1
31 46 1
32 46 1
33 47 1
34 47 1
35 48 1
36 48 1
37 49 1
38 49 1
39 50 1
40 50 1
41 51 1
42 52 1
43 52 1
44 53 1
45 53 1
46 54 1
47 54 1
48 55 1
49 55 1
50 56 1
51 57 1
52 57 1
53 58 1
53 59 1
54 60 1
54 61 1
54 62 1
53 64 1
52 64 1
51 64 1
50 64 1
49 64 1
48 65 1
47 65 1
46 66 1
45 67 1
44 67 1
43 68 1
42 69 1
42 70 1
41 71 1
42 72 1
42 73 1
42 74 1
42 75 1
43 76 1
44 77 1
45 78 1
46 79 1
47 80 1
48 81 1
49 82 1
50 83 1
51 83 1
52 84 1
53 84 1
54 85 1
55 86 1
56 86 1
57 87 1
58 88 1
59 89 1
60 90 1
61 91 1
62 92 1
63 92 1
64 93 1
65 94 1
65 95 1
66 96 1
66 97 1
.PEN_UP
.PEN_DOWN
10 156 1
11 156 1
12 157 1
13 157 1
14 158 1
15 159 1
16 159 1
17 160 1
18 160 1
19 160 1
20 161 1
21 161 1
22 162 1
23 162 1
24 162 1
25 163 1
26 163 1
27 164 1
28 164 1
29 164 1
30 164 1
31 165 1
32 165 1
33 165 1
34 165 1
35 165 1
36 165 1
37 164 1
38 164 1
39 165 1
40 166 1
41 167 1
41 168 1
43 169 1
44 169 1
45 170 1
46 170 1
47 170 1
48 171 1
49 171 1
50 171 1
51 172 1
52 172 1
53 173 1
54 174 1
55 174 1
56 174 1
57 175 1
58 175 1
59 176 1
60 177 1
61 177 1
.PEN_UP
.PEN_DOWN
41 169 1
41 171 1
40 172 1
40 173 1
40 174 1
40 175 1
40 176 1
40 177 1
40 178 1
40 179 1
40 180 1
40 181 1
40 182 1
40 183 1
40 184 1
40 185 1
41 186 1
41 187 1
42 188 1
42 189 1
42 190 1
43 191 1
43 192 1
.PEN_UP
.PEN_DOWN
61 152 1
61 151 1
61 150 1
61 149 1
62 148 1
62 147 1
62 146 1
62 145 1
62 144 1
62 143 1
62 142 1
62 141 1
61 140 1
61 139 1
61 138 1
61 137 1
60 136 1
60 135 1
60 134 1
59 133 1
58 132 1
57 131 1
56 130 1
56 129 1
55 128 1
54 127 1
53 126 1
51 126 1
50 126 1
49 126 1
48 126 1
47 126 1
46 126 1
45 125 1
44 125 1
43 125 1
42 125 1
41 125 1
40 124 1
40 123 1
39 122 1
39 121 1
39 120 1
39 119 1
38 118 1
38 117 1
38 116 1
38 115 1
38 114 1
38 113 1
38 112 1
39 111 1
39 110 1
39 109 1
40 108 1
40 107 1
40 106 1
41 105 1
42 104 1
43 104 1
44 103 1
45 102 1
46 101 1
47 101 1
48 101 1
49 101 1
50 101 1
51 101 1
52 101 1
53 102 1
54 102 1
55 103 1
56 104 1
57 105 1
57 106 1
57 107 1
57 108 1
58 109 1
58 110 1
58 111 1
58 112 1
58 113 1
58 114 1
58 115 1
58 116 1
58 117 1
58 118 1
57 119 1
57 120 1
57 121 1
56 122 1
55 123 1
54 124 1
53 125 1
.PEN_UP
