.PEN_DOWN
1 42 1
2 42 1
3 43 1
4 43 1
5 43 1
6 43 1
7 43 1
8 43 1
9 43 1
10 43 1
11 43 1
12 43 1
13 43 1
14 43 1
.PEN_UP
.PEN_DOWN
46 29 1
47 29 1
48 30 1
49 30 1
50 29 1
51 29 1
52 29 1
53 28 1
54 28 1
55 27 1
56 27 1
57 27 1
58 26 1
59 25 1
60 25 1
61 24 1
62 24 1
63 24 1
64 23 1
65 22 1
66 21 1
67 21 1
68 20 1
69 19 1
70 18 1
71 18 1
72 17 1
73 16 1
74 16 1
75 15 1
76 15 1
77 14 1
78 13 1
79 12 1
80 11 1
81 11 1
82 10 1
83 9 1
84 8 1
85 7 1
86 6 1
87 6 1
88 5 1
89 4 1
90 3 1
91 2 1
92 1 1
.PEN_UP
