.PEN_DOWN
1 14 1
2 13 1
3 14 1
4 14 1
5 14 1
6 14 1
7 14 1
8 14 1
9 14 1
10 14 1
11 14 1
12 14 1
13 14 1
14 14 1
15 14 1
18 17 1
19 17 1
20 17 1
21 17 1
22 17 1
23 17 1
24 17 1
25 17 1
26 17 1
27 17 1
28 18 1
29 18 1
30 18 1
31 18 1
32 18 1
33 18 1
34 18 1
35 19 1
36 19 1
37 19 1
38 19 1
39 19 1
40 19 1
41 19 1
42 19 1
43 19 1
44 19 1
45 19 1
46 19 1
47 19 1
.PEN_UP
.PEN_DOWN
16 14 1
17 13 1
17 12 1
17 11 1
17 10 1
18 9 1
18 8 1
18 7 1
18 6 1
18 5 1
19 4 1
19 3 1
19 2 1
20 1 1
.PEN_UP
.PEN_DOWN
16 15 1
16 18 1
15 19 1
15 20 1
15 21 1
15 22 1
15 23 1
15 24 1
15 25 1
15 26 1
15 27 1
.PEN_UP
.PEN_DOWN
3 40 1
4 40 1
5 40 1
6 41 1
7 41 1
8 41 1
9 41 1
10 41 1
11 41 1
12 41 1
13 41 1
14 42 1
15 42 1
16 42 1
17 42 1
18 42 1
19 42 1
20 42 1
21 43 1
22 43 1
23 43 1
24 43 1
25 43 1
26 44 1
27 44 1
28 44 1
29 44 1
30 45 1
31 45 1
32 45 1
33 45 1
34 45 1
35 45 1
36 45 1
37 45 1
38 45 1
39 45 1
40 45 1
41 45 1
42 45 1
43 45 1
44 45 1
45 45 1
.PEN_UP
.PEN_DOWN
29 46 1
29 47 1
29 48 1
28 49 1
28 50 1
27 51 1
26 52 1
25 53 1
24 54 1
24 55 1
23 56 1
23 57 1
23 58 1
23 59 1
22 60 1
22 61 1
22 62 1
22 63 1
22 64 1
22 65 1
22 66 1
22 67 1
22 68 1
23 69 1
23 70 1
24 71 1
24 72 1
25 73 1
26 74 1
27 75 1
28 76 1
29 77 1
30 78 1
31 78 1
32 79 1
33 80 1
34 80 1
35 81 1
36 81 1
37 81 1
38 81 1
39 82 1
40 82 1
41 82 1
42 82 1
43 82 1
.PEN_UP
.PEN_DOWN
19 136 1
18 137 1
18 138 1
18 139 1
18 140 1
19 141 1
19 142 1
19 143 1
19 144 1
19 145 1
19 146 1
19 147 1
19 148 1
18 149 1
18 150 1
17 151 1
16 151 1
15 151 1
14 151 1
13 151 1
12 151 1
11 151 1
10 151 1
9 151 1
8 151 1
7 151 1
6 150 1
5 150 1
4 150 1
.PEN_UP
.PEN_DOWN
18 152 1
20 152 1
21 152 1
22 152 1
23 152 1
24 152 1
25 153 1
26 153 1
27 153 1
28 153 1
29 153 1
30 153 1
31 153 1
32 153 1
33 153 1
34 153 1
35 153 1
36 153 1
37 153 1
38 153 1
39 153 1
40 153 1
41 153 1
42 153 1
43 153 1
44 153 1
45 153 1
46 153 1
47 153 1
48 153 1
49 153 1
50 153 1
.PEN_UP
.PEN_DOWN
19 152 1
18 154 1
18 155 1
18 156 1
18 157 1
18 158 1
18 159 1
18 160 1
18 161 1
18 162 1
18 163 1
18 164 1
18 165 1
.PEN_UP
.PEN_DOWN
49 136 1
48 135 1
47 135 1
46 135 1
45 135 1
44 135 1
43 135 1
42 135 1
41 134 1
40 134 1
39 133 1
38 132 1
36 132 1
35 132 1
34 132 1
33 132 1
32 131 1
31 131 1
30 132 1
29 132 1
28 132 1
27 131 1
26 131 1
25 131 1
24 130 1
23 129 1
22 128 1
22 127 1
22 126 1
22 125 1
22 124 1
21 123 1
21 122 1
21 121 1
21 120 1
22 119 1
22 118 1
22 117 1
22 116 1
22 115 1
22 114 1
22 113 1
22 112 1
22 111 1
22 110 1
23 109 1
23 108 1
23 107 1
24 106 1
24 105 1
25 104 1
25 103 1
26 102 1
27 101 1
27 100 1
27 99 1
28 98 1
29 97 1
30 96 1
31 95 1
32 94 1
33 93 1
34 92 1
35 91 1
36 91 1
37 91 1
38 90 1
39 90 1
40 90 1
41 91 1
42 91 1
43 92 1
44 93 1
45 94 1
46 95 1
47 96 1
48 97 1
48 98 1
48 99 1
48 100 1
49 101 1
49 102 1
49 103 1
49 104 1
49 105 1
49 106 1
48 107 1
48 108 1
48 109 1
47 110 1
47 111 1
47 112 1
47 113 1
46 114 1
46 115 1
46 116 1
46 117 1
45 118 1
44 119 1
44 120 1
44 121 1
43 122 1
43 123 1
42 124 1
41 125 1
40 126 1
40 127 1
39 128 1
39 129 1
39 130 1
38 131 1
.PEN_UP
