.PEN_DOWN
10 42 1
9 43 1
8 43 1
7 43 1
6 43 1
5 43 1
4 42 1
4 41 1
4 40 1
4 39 1
4 38 1
4 37 1
4 36 1
5 35 1
5 34 1
5 33 1
6 32 1
6 31 1
7 30 1
7 29 1
7 28 1
8 27 1
8 26 1
9 25 1
9 24 1
10 23 1
11 22 1
11 21 1
12 20 1
12 19 1
13 18 1
13 17 1
14 16 1
15 15 1
16 14 1
16 13 1
17 12 1
18 11 1
18 10 1
19 9 1
20 8 1
20 7 1
21 6 1
22 5 1
23 5 1
24 4 1
25 3 1
26 3 1
27 2 1
28 2 1
29 1 1
30 1 1
31 1 1
32 1 1
33 1 1
34 1 1
35 1 1
36 1 1
37 2 1
38 3 1
39 3 1
40 4 1
41 5 1
42 6 1
42 7 1
43 8 1
43 9 1
44 10 1
44 11 1
44 12 1
44 13 1
44 14 1
44 15 1
44 16 1
44 17 1
44 18 1
44 19 1
44 20 1
44 21 1
44 22 1
44 23 1
44 24 1
44 25 1
43 26 1
43 27 1
43 28 1
43 29 1
43 30 1
43 31 1
42 32 1
42 33 1
42 34 1
42 35 1
41 36 1
41 37 1
41 38 1
41 39 1
41 40 1
41 41 1
40 42 1
40 43 1
39 44 1
39 45 1
39 46 1
38 47 1
38 48 1
38 49 1
38 50 1
38 51 1
38 52 1
38 53 1
36 55 1
35 55 1
34 55 1
33 55 1
32 56 1
31 57 1
29 58 1
28 58 1
27 59 1
26 59 1
25 60 1
24 61 1
23 62 1
22 63 1
21 64 1
20 65 1
19 66 1
18 67 1
17 68 1
16 69 1
15 70 1
15 71 1
14 72 1
13 73 1
13 74 1
13 75 1
12 76 1
12 77 1
12 78 1
12 79 1
12 80 1
11 81 1
12 82 1
12 83 1
13 84 1
14 85 1
15 86 1
16 86 1
17 86 1
18 87 1
20 87 1
21 86 1
22 86 1
23 86 1
24 85 1
24 84 1
25 83 1
26 83 1
27 82 1
28 81 1
29 81 1
30 81 1
31 80 1
32 79 1
33 79 1
34 79 1
35 78 1
37 79 1
38 79 1
39 79 1
40 79 1
41 80 1
42 81 1
42 82 1
42 83 1
42 84 1
42 85 1
42 86 1
41 87 1
41 88 1
41 89 1
40 90 1
39 91 1
.PEN_UP
.PEN_DOWN
35 77 1
36 76 1
36 75 1
36 74 1
36 73 1
37 72 1
37 71 1
37 70 1
38 69 1
38 68 1
39 67 1
39 66 1
40 65 1
40 64 1
41 63 1
41 62 1
41 61 1
41 60 1
42 59 1
42 58 1
42 57 1
41 56 1
40 55 1
39 55 1
38 54 1
.PEN_UP
.PEN_DOWN
30 58 1
32 59 1
33 60 1
33 61 1
33 62 1
.PEN_UP
.PEN_DOWN
34 115 1
33 115 1
32 116 1
31 116 1
30 116 1
29 116 1
28 117 1
27 117 1
26 117 1
25 118 1
24 119 1
23 119 1
22 120 1
21 120 1
20 120 1
19 120 1
18 121 1
17 122 1
17 123 1
17 124 1
17 125 1
17 126 1
17 127 1
17 128 1
17 129 1
17 130 1
17 131 1
17 132 1
17 133 1
17 134 1
17 135 1
17 136 1
17 137 1
17 138 1
17 139 1
18 140 1
20 139 1
21 139 1
22 139 1
23 139 1
24 139 1
25 139 1
26 139 1
27 139 1
28 139 1
29 139 1
30 139 1
31 139 1
32 139 1
33 140 1
34 140 1
35 140 1
36 140 1
37 140 1
38 141 1
39 142 1
40 143 1
41 144 1
42 145 1
43 146 1
43 147 1
44 148 1
44 149 1
44 150 1
45 151 1
45 152 1
.PEN_UP
.PEN_DOWN
19 140 1
17 142 1
16 143 1
15 144 1
14 145 1
14 146 1
13 147 1
12 148 1
12 149 1
11 150 1
11 151 1
10 152 1
11 156 1
11 157 1
11 158 1
11 159 1
10 160 1
10 161 1
9 162 1
8 163 1
7 163 1
6 162 1
3 164 1
2 165 1
2 166 1
.PEN_UP
.PEN_DOWN
6 161 1
1 161 1
1 160 1
2 159 1
2 158 1
2 157 1
2 156 1
3 155 1
3 154 1
4 153 1
5 152 1
6 152 1
7 152 1
8 153 1
.PEN_UP
