.PEN_DOWN
1 62 1
2 62 1
3 62 1
4 62 1
5 62 1
6 61 1
7 61 1
8 61 1
9 61 1
10 61 1
11 61 1
12 61 1
13 61 1
14 61 1
15 61 1
16 61 1
17 61 1
18 60 1
19 60 1
20 60 1
21 60 1
22 60 1
23 60 1
24 60 1
25 59 1
26 59 1
27 59 1
28 59 1
29 59 1
30 59 1
31 59 1
32 59 1
33 59 1
34 59 1
35 59 1
36 59 1
37 59 1
38 59 1
39 58 1
42 58 1
43 58 1
44 58 1
45 58 1
46 58 1
47 58 1
48 58 1
49 58 1
50 58 1
51 57 1
52 57 1
55 57 1
56 57 1
57 57 1
58 57 1
59 57 1
60 57 1
61 57 1
62 57 1
63 57 1
64 57 1
65 57 1
66 56 1
67 56 1
68 56 1
69 56 1
70 56 1
71 56 1
72 56 1
73 56 1
74 56 1
75 56 1
76 56 1
77 56 1
78 57 1
79 57 1
80 58 1
.PEN_UP
.PEN_DOWN
53 56 1
53 55 1
54 54 1
54 53 1
55 52 1
56 51 1
57 50 1
58 49 1
59 48 1
60 47 1
61 46 1
61 45 1
62 44 1
62 43 1
63 42 1
64 41 1
64 40 1
65 39 1
65 38 1
65 37 1
66 36 1
66 35 1
66 34 1
67 33 1
67 32 1
67 31 1
67 30 1
68 29 1
68 28 1
69 27 1
69 26 1
70 25 1
70 24 1
70 23 1
70 22 1
70 21 1
69 20 1
69 19 1
69 18 1
69 17 1
69 16 1
68 15 1
68 14 1
68 13 1
68 12 1
68 11 1
68 10 1
67 9 1
67 8 1
66 7 1
65 6 1
64 5 1
63 4 1
62 3 1
61 2 1
60 2 1
59 2 1
58 2 1
57 1 1
56 2 1
55 2 1
54 2 1
53 2 1
52 2 1
51 3 1
50 3 1
49 4 1
48 5 1
47 6 1
46 7 1
45 8 1
44 9 1
43 10 1
42 11 1
41 12 1
40 13 1
39 14 1
39 15 1
38 16 1
37 17 1
37 18 1
36 19 1
36 20 1
35 21 1
35 22 1
34 23 1
34 24 1
34 25 1
34 26 1
34 27 1
34 28 1
34 29 1
34 30 1
33 31 1
33 32 1
33 33 1
33 34 1
33 35 1
33 36 1
33 37 1
33 38 1
34 39 1
34 40 1
34 41 1
34 42 1
34 43 1
35 44 1
35 45 1
35 46 1
36 47 1
36 48 1
36 49 1
37 50 1
38 51 1
38 52 1
38 53 1
39 54 1
39 55 1
39 56 1
40 57 1
.PEN_UP
.PEN_DOWN
81 137 1
80 136 1
80 135 1
79 134 1
78 133 1
78 132 1
77 131 1
76 131 1
75 130 1
74 130 1
73 129 1
72 129 1
71 128 1
70 128 1
69 128 1
68 127 1
67 127 1
66 127 1
65 127 1
64 127 1
63 127 1
62 127 1
61 126 1
59 126 1
58 127 1
57 127 1
56 127 1
55 128 1
54 128 1
53 128 1
52 129 1
51 129 1
50 130 1
49 130 1
48 131 1
47 131 1
46 131 1
45 131 1
44 131 1
43 132 1
42 132 1
41 132 1
40 132 1
39 132 1
38 132 1
37 132 1
36 132 1
35 132 1
34 131 1
34 130 1
33 129 1
32 128 1
31 127 1
30 126 1
29 125 1
28 124 1
27 123 1
27 122 1
26 121 1
26 120 1
25 119 1
25 118 1
25 117 1
25 116 1
25 115 1
25 114 1
25 113 1
25 112 1
25 111 1
25 110 1
25 109 1
25 108 1
25 107 1
25 106 1
25 105 1
26 104 1
26 103 1
26 102 1
27 101 1
27 100 1
27 99 1
28 98 1
28 97 1
28 96 1
29 95 1
29 94 1
30 93 1
30 92 1
31 91 1
32 90 1
32 89 1
33 88 1
34 87 1
35 86 1
36 85 1
37 84 1
37 83 1
38 82 1
39 81 1
40 80 1
41 79 1
42 78 1
43 78 1
44 77 1
45 76 1
46 75 1
47 74 1
48 73 1
49 72 1
50 71 1
51 71 1
52 70 1
53 69 1
54 69 1
55 69 1
56 68 1
57 68 1
58 68 1
59 68 1
60 67 1
61 67 1
62 67 1
63 67 1
64 67 1
65 67 1
66 67 1
67 67 1
68 67 1
69 68 1
70 68 1
71 68 1
72 69 1
73 70 1
74 71 1
75 72 1
76 73 1
76 74 1
76 75 1
76 76 1
77 77 1
77 78 1
77 79 1
77 80 1
76 81 1
76 82 1
76 83 1
76 84 1
76 85 1
76 86 1
76 87 1
76 88 1
76 89 1
75 90 1
75 91 1
75 92 1
75 93 1
75 94 1
74 95 1
74 96 1
74 97 1
73 98 1
73 99 1
73 100 1
73 101 1
72 102 1
72 103 1
72 104 1
71 105 1
71 106 1
71 107 1
70 108 1
70 109 1
70 110 1
69 111 1
69 112 1
68 113 1
67 114 1
67 115 1
66 116 1
65 117 1
64 118 1
63 119 1
63 120 1
62 121 1
62 122 1
62 123 1
61 124 1
61 125 1
.PEN_UP
.PEN_DOWN
70 154 1
69 154 1
68 154 1
67 154 1
66 154 1
65 155 1
64 155 1
63 156 1
62 156 1
61 157 1
60 157 1
59 158 1
58 158 1
57 158 1
56 159 1
55 159 1
54 160 1
53 161 1
52 162 1
51 162 1
50 163 1
49 164 1
48 165 1
47 166 1
46 167 1
45 168 1
45 169 1
44 170 1
43 171 1
42 172 1
42 173 1
41 174 1
41 175 1
40 176 1
39 177 1
39 178 1
38 179 1
38 180 1
38 181 1
38 182 1
37 183 1
37 184 1
37 185 1
37 186 1
37 187 1
37 188 1
37 189 1
37 190 1
38 191 1
38 192 1
39 193 1
40 194 1
41 194 1
42 195 1
43 195 1
44 196 1
45 196 1
46 196 1
47 196 1
48 196 1
49 196 1
50 197 1
51 197 1
52 197 1
53 197 1
54 197 1
55 197 1
56 197 1
57 197 1
58 196 1
59 196 1
60 196 1
61 196 1
62 196 1
63 195 1
64 195 1
65 195 1
66 195 1
67 194 1
68 194 1
69 193 1
70 193 1
71 192 1
72 191 1
73 191 1
74 190 1
.PEN_UP
.PEN_DOWN
106 205 1
107 204 1
108 204 1
109 203 1
110 203 1
111 203 1
112 203 1
113 203 1
114 203 1
115 203 1
116 203 1
117 203 1
118 204 1
119 204 1
120 205 1
121 206 1
122 207 1
123 207 1
124 208 1
125 209 1
125 210 1
126 211 1
127 212 1
127 213 1
128 214 1
128 215 1
129 216 1
129 217 1
129 218 1
129 219 1
130 220 1
130 221 1
130 222 1
130 223 1
131 224 1
131 225 1
131 226 1
131 227 1
131 228 1
132 229 1
132 230 1
132 231 1
132 232 1
132 233 1
132 234 1
132 235 1
131 236 1
131 237 1
131 238 1
131 239 1
131 240 1
131 241 1
131 242 1
131 243 1
130 244 1
130 245 1
130 246 1
130 247 1
130 248 1
129 249 1
129 250 1
129 251 1
129 252 1
129 253 1
128 254 1
128 255 1
128 256 1
127 257 1
127 258 1
127 259 1
127 260 1
126 261 1
126 262 1
125 263 1
125 264 1
125 265 1
124 266 1
123 267 1
122 268 1
121 269 1
120 270 1
119 271 1
118 272 1
117 273 1
116 273 1
115 273 1
114 274 1
113 274 1
112 275 1
111 275 1
110 275 1
109 276 1
108 276 1
107 276 1
106 276 1
105 276 1
104 276 1
103 276 1
102 276 1
101 276 1
100 276 1
99 276 1
98 276 1
97 275 1
96 275 1
95 275 1
94 275 1
93 274 1
92 274 1
91 274 1
90 274 1
89 273 1
88 273 1
87 273 1
86 273 1
85 273 1
84 272 1
83 272 1
82 272 1
81 271 1
80 271 1
79 271 1
78 271 1
77 271 1
76 271 1
75 270 1
74 270 1
73 270 1
72 270 1
71 269 1
70 269 1
69 268 1
68 268 1
67 268 1
66 267 1
65 267 1
64 267 1
63 266 1
62 266 1
61 265 1
61 264 1
61 263 1
59 261 1
58 261 1
57 261 1
56 261 1
55 261 1
54 261 1
53 261 1
52 260 1
51 260 1
50 259 1
49 259 1
48 258 1
47 257 1
46 256 1
46 255 1
46 254 1
45 253 1
44 252 1
44 251 1
44 250 1
44 249 1
44 248 1
44 247 1
44 246 1
44 245 1
44 244 1
44 243 1
44 242 1
44 241 1
44 240 1
44 239 1
44 238 1
44 237 1
45 236 1
45 235 1
45 234 1
46 233 1
46 232 1
46 231 1
47 230 1
47 229 1
48 228 1
48 227 1
49 226 1
49 225 1
49 224 1
50 223 1
51 222 1
51 221 1
51 220 1
52 219 1
53 218 1
54 217 1
55 216 1
55 215 1
56 214 1
57 213 1
58 212 1
59 211 1
60 210 1
61 210 1
62 210 1
63 209 1
64 209 1
65 209 1
66 209 1
67 209 1
68 209 1
69 209 1
70 210 1
71 211 1
72 212 1
73 213 1
74 214 1
74 215 1
75 216 1
75 217 1
75 218 1
75 219 1
76 220 1
76 221 1
75 222 1
75 223 1
75 224 1
75 225 1
75 226 1
75 227 1
74 228 1
74 229 1
74 230 1
74 231 1
74 232 1
73 233 1
73 234 1
73 235 1
73 236 1
72 237 1
72 238 1
72 239 1
71 240 1
71 241 1
71 242 1
70 243 1
70 244 1
69 245 1
69 246 1
68 247 1
68 248 1
67 249 1
67 250 1
66 251 1
66 252 1
65 253 1
65 254 1
64 255 1
64 256 1
64 257 1
63 258 1
62 259 1
62 260 1
61 261 1
.PEN_UP
.PEN_DOWN
18 298 1
19 298 1
20 297 1
21 297 1
22 297 1
23 296 1
24 295 1
25 295 1
26 295 1
27 294 1
28 294 1
29 294 1
30 294 1
31 293 1
32 293 1
33 293 1
34 293 1
35 293 1
36 292 1
37 292 1
38 292 1
39 291 1
40 291 1
41 291 1
42 291 1
43 290 1
44 290 1
45 290 1
46 289 1
47 289 1
48 289 1
49 289 1
50 288 1
51 288 1
52 288 1
53 288 1
54 288 1
55 288 1
56 287 1
57 287 1
58 287 1
59 287 1
60 287 1
61 287 1
62 287 1
63 286 1
64 286 1
65 286 1
66 286 1
67 286 1
68 285 1
69 285 1
70 285 1
71 285 1
72 285 1
73 285 1
74 285 1
75 285 1
76 285 1
77 285 1
78 285 1
79 284 1
80 284 1
81 284 1
82 284 1
83 285 1
84 285 1
85 285 1
86 286 1
86 287 1
86 288 1
86 289 1
85 290 1
84 291 1
83 292 1
82 293 1
81 293 1
80 294 1
77 295 1
76 295 1
75 295 1
74 295 1
73 295 1
72 295 1
71 295 1
70 296 1
69 296 1
68 296 1
67 296 1
66 296 1
65 297 1
64 298 1
63 299 1
61 300 1
60 300 1
59 301 1
58 301 1
57 301 1
56 302 1
55 303 1
54 304 1
54 305 1
53 306 1
52 307 1
51 308 1
50 309 1
50 310 1
49 311 1
48 312 1
48 313 1
48 314 1
47 315 1
47 316 1
46 317 1
45 318 1
45 319 1
44 320 1
44 321 1
43 322 1
43 323 1
43 324 1
42 325 1
42 326 1
42 327 1
41 328 1
41 329 1
41 330 1
41 331 1
41 332 1
41 333 1
41 334 1
41 335 1
41 336 1
41 337 1
41 338 1
41 339 1
41 340 1
41 341 1
41 342 1
41 343 1
41 344 1
41 345 1
41 346 1
42 347 1
42 348 1
43 349 1
44 350 1
45 351 1
46 352 1
47 352 1
48 352 1
49 352 1
50 352 1
51 352 1
52 352 1
53 352 1
54 351 1
55 351 1
56 351 1
57 350 1
58 350 1
59 349 1
60 348 1
61 347 1
62 346 1
63 345 1
64 344 1
64 343 1
65 342 1
65 341 1
65 340 1
65 339 1
66 338 1
66 337 1
66 336 1
66 335 1
66 334 1
67 333 1
67 332 1
67 331 1
67 330 1
68 329 1
68 328 1
68 327 1
68 326 1
68 325 1
68 324 1
68 323 1
68 322 1
68 321 1
68 320 1
68 319 1
68 318 1
67 317 1
67 316 1
67 315 1
67 314 1
67 313 1
66 312 1
66 311 1
66 310 1
66 309 1
66 308 1
65 307 1
65 306 1
65 305 1
64 304 1
64 303 1
64 302 1
64 301 1
63 300 1
.PEN_UP
.PEN_DOWN
79 294 1
80 296 1
80 297 1
80 298 1
81 299 1
81 300 1
82 301 1
82 302 1
82 303 1
83 304 1
83 305 1
83 306 1
83 307 1
83 308 1
84 309 1
84 310 1
84 311 1
84 312 1
85 313 1
85 314 1
85 315 1
85 316 1
85 317 1
85 318 1
86 319 1
85 320 1
85 321 1
85 322 1
85 323 1
85 324 1
86 325 1
86 326 1
86 327 1
.PEN_UP
.PEN_DOWN
80 362 1
81 361 1
82 361 1
83 361 1
84 362 1
85 363 1
86 364 1
86 365 1
86 366 1
86 367 1
87 368 1
87 369 1
87 370 1
87 371 1
87 372 1
87 373 1
87 374 1
87 375 1
86 376 1
86 377 1
86 378 1
85 379 1
85 380 1
85 381 1
84 382 1
84 383 1
83 384 1
83 385 1
82 386 1
82 387 1
82 388 1
82 389 1
81 390 1
79 392 1
78 393 1
77 393 1
76 393 1
75 394 1
74 394 1
73 394 1
72 394 1
71 395 1
70 395 1
69 395 1
68 396 1
67 396 1
66 397 1
65 397 1
64 397 1
63 398 1
62 398 1
61 398 1
60 398 1
59 398 1
58 398 1
57 398 1
55 399 1
54 399 1
53 399 1
52 399 1
51 399 1
50 400 1
49 400 1
48 400 1
47 401 1
46 401 1
45 401 1
44 402 1
43 402 1
42 402 1
41 403 1
40 403 1
39 403 1
38 403 1
37 404 1
36 404 1
35 405 1
34 405 1
33 405 1
32 406 1
31 406 1
30 406 1
29 406 1
28 407 1
27 407 1
26 408 1
25 409 1
24 409 1
23 410 1
22 411 1
22 412 1
22 413 1
21 414 1
22 415 1
22 416 1
22 417 1
23 418 1
23 419 1
24 420 1
25 421 1
.PEN_UP
.PEN_DOWN
56 397 1
56 396 1
56 395 1
56 394 1
56 393 1
56 392 1
55 391 1
55 390 1
55 389 1
55 388 1
55 387 1
55 386 1
55 385 1
55 384 1
54 383 1
54 382 1
54 381 1
54 380 1
54 379 1
54 378 1
55 377 1
55 376 1
55 375 1
55 374 1
55 373 1
55 372 1
56 371 1
56 370 1
56 369 1
57 368 1
58 367 1
58 366 1
59 365 1
60 364 1
60 363 1
61 362 1
62 361 1
63 360 1
64 359 1
65 358 1
66 357 1
67 356 1
68 355 1
69 355 1
70 354 1
71 353 1
72 352 1
73 352 1
74 351 1
75 351 1
76 350 1
77 350 1
78 349 1
79 349 1
80 349 1
81 349 1
82 349 1
83 349 1
84 349 1
85 349 1
86 349 1
87 349 1
88 349 1
89 349 1
90 350 1
91 350 1
92 351 1
93 352 1
93 353 1
94 354 1
95 355 1
95 356 1
95 357 1
95 358 1
96 359 1
96 360 1
96 361 1
96 362 1
96 363 1
96 364 1
97 365 1
97 366 1
97 367 1
97 368 1
97 369 1
96 370 1
96 371 1
96 372 1
96 373 1
96 374 1
95 375 1
95 376 1
95 377 1
95 378 1
95 379 1
95 380 1
94 381 1
94 382 1
.PEN_UP
.PEN_DOWN
80 391 1
83 391 1
84 391 1
85 391 1
86 391 1
87 391 1
88 391 1
89 391 1
90 391 1
91 391 1
94 391 1
95 391 1
96 392 1
97 392 1
98 392 1
99 392 1
100 393 1
101 393 1
102 394 1
103 394 1
104 395 1
105 395 1
.PEN_UP
.PEN_DOWN
92 390 1
92 389 1
92 388 1
93 387 1
.PEN_UP
