.PEN_DOWN
18 65 1
17 66 1
16 67 1
15 68 1
14 69 1
13 70 1
13 71 1
13 72 1
13 73 1
12 74 1
11 76 1
10 77 1
9 77 1
8 78 1
7 79 1
6 80 1
5 80 1
4 81 1
3 82 1
2 82 1
1 83 1
.PEN_UP
.PEN_DOWN
12 75 1
14 75 1
15 75 1
16 75 1
17 74 1
18 74 1
19 73 1
20 73 1
21 72 1
22 71 1
23 71 1
24 70 1
25 69 1
26 68 1
27 67 1
28 67 1
29 66 1
30 65 1
31 65 1
32 64 1
33 63 1
34 63 1
35 62 1
36 61 1
37 60 1
38 59 1
39 58 1
40 57 1
41 56 1
42 56 1
43 55 1
44 55 1
45 55 1
46 54 1
47 54 1
48 54 1
50 52 1
51 51 1
51 50 1
52 49 1
53 48 1
53 47 1
54 46 1
55 45 1
56 44 1
57 43 1
58 42 1
59 41 1
60 40 1
60 39 1
61 38 1
62 37 1
63 37 1
64 36 1
64 35 1
65 34 1
66 33 1
66 32 1
67 31 1
68 30 1
69 29 1
.PEN_UP
.PEN_DOWN
49 53 1
49 56 1
49 57 1
49 58 1
48 59 1
48 60 1
48 61 1
48 62 1
47 63 1
47 64 1
47 65 1
47 66 1
47 67 1
46 68 1
46 69 1
46 70 1
46 71 1
46 72 1
46 73 1
47 74 1
47 75 1
48 76 1
49 77 1
50 77 1
51 77 1
52 77 1
53 77 1
54 77 1
55 77 1
56 77 1
57 79 1
56 80 1
56 81 1
56 82 1
55 83 1
55 84 1
54 85 1
53 86 1
52 87 1
51 88 1
51 89 1
50 90 1
49 91 1
49 92 1
48 93 1
48 94 1
47 95 1
47 96 1
46 97 1
46 98 1
45 99 1
45 100 1
45 101 1
45 102 1
44 103 1
44 104 1
44 105 1
44 106 1
43 107 1
43 108 1
43 109 1
44 110 1
44 111 1
44 112 1
45 113 1
46 114 1
47 114 1
48 115 1
49 114 1
50 114 1
51 114 1
52 113 1
53 113 1
54 112 1
55 111 1
55 110 1
56 109 1
57 108 1
57 107 1
58 106 1
58 105 1
59 104 1
60 103 1
60 102 1
61 101 1
61 100 1
61 99 1
62 98 1
62 97 1
63 96 1
63 95 1
63 94 1
64 93 1
65 92 1
65 91 1
65 90 1
65 89 1
66 88 1
66 87 1
66 86 1
67 85 1
67 84 1
67 83 1
67 82 1
68 81 1
68 80 1
68 79 1
68 78 1
68 77 1
66 76 1
65 76 1
64 76 1
63 76 1
62 76 1
61 76 1
60 74 1
60 73 1
61 72 1
61 71 1
61 70 1
62 69 1
63 68 1
64 67 1
65 66 1
65 65 1
66 64 1
67 63 1
68 62 1
68 61 1
69 60 1
70 59 1
70 58 1
71 57 1
72 56 1
72 55 1
73 54 1
74 53 1
74 52 1
75 51 1
76 50 1
76 49 1
77 48 1
77 47 1
78 46 1
78 45 1
78 44 1
79 43 1
80 42 1
81 41 1
81 40 1
82 39 1
83 38 1
83 37 1
84 36 1
85 35 1
85 34 1
86 33 1
86 32 1
87 31 1
87 30 1
88 29 1
88 28 1
89 27 1
89 26 1
90 25 1
91 24 1
91 23 1
92 22 1
92 21 1
93 20 1
94 19 1
94 18 1
95 17 1
95 16 1
96 15 1
96 14 1
96 13 1
97 12 1
97 11 1
98 10 1
99 9 1
99 8 1
100 7 1
100 6 1
101 5 1
101 4 1
102 3 1
102 2 1
103 1 1
.PEN_UP
.PEN_DOWN
67 76 1
69 75 1
70 75 1
71 75 1
72 75 1
73 75 1
74 75 1
75 75 1
76 76 1
77 77 1
78 77 1
79 78 1
79 79 1
80 80 1
80 81 1
81 82 1
81 83 1
82 84 1
82 85 1
82 86 1
.PEN_UP
.PEN_DOWN
78 150 1
78 149 1
78 148 1
78 147 1
78 146 1
78 145 1
78 144 1
78 143 1
78 142 1
79 141 1
79 140 1
79 139 1
79 138 1
79 137 1
79 136 1
79 135 1
79 134 1
79 133 1
78 132 1
78 131 1
78 130 1
78 129 1
78 128 1
78 127 1
78 126 1
77 125 1
77 124 1
76 123 1
76 122 1
75 121 1
74 120 1
73 120 1
72 119 1
71 119 1
70 119 1
69 119 1
68 119 1
67 118 1
66 118 1
65 118 1
64 118 1
63 119 1
62 119 1
61 119 1
60 119 1
59 120 1
58 121 1
57 122 1
56 123 1
55 124 1
54 125 1
53 126 1
52 127 1
51 128 1
50 129 1
49 130 1
48 131 1
48 132 1
47 133 1
47 134 1
46 135 1
46 136 1
46 137 1
45 138 1
45 139 1
45 140 1
45 141 1
45 142 1
45 143 1
45 144 1
46 145 1
47 146 1
48 146 1
49 147 1
50 147 1
51 148 1
52 147 1
53 147 1
54 147 1
55 147 1
56 146 1
57 145 1
58 144 1
59 143 1
59 142 1
60 141 1
60 140 1
61 139 1
61 138 1
62 137 1
62 136 1
63 135 1
63 134 1
64 133 1
64 132 1
64 131 1
65 130 1
65 129 1
66 128 1
66 127 1
66 126 1
66 125 1
66 124 1
67 123 1
67 122 1
67 121 1
67 120 1
.PEN_UP
.PEN_DOWN
87 155 1
87 156 1
86 157 1
85 158 1
84 159 1
83 160 1
82 161 1
82 162 1
81 163 1
80 164 1
79 165 1
79 166 1
78 167 1
77 168 1
76 169 1
75 170 1
75 171 1
74 172 1
72 173 1
71 173 1
70 174 1
69 174 1
68 174 1
67 175 1
66 175 1
65 176 1
64 177 1
63 178 1
62 179 1
61 180 1
.PEN_UP
.PEN_DOWN
73 173 1
73 175 1
73 176 1
73 177 1
73 178 1
73 179 1
72 180 1
72 181 1
72 182 1
71 183 1
71 184 1
70 185 1
70 186 1
69 187 1
69 188 1
68 189 1
68 190 1
68 191 1
67 192 1
67 193 1
67 194 1
67 195 1
67 196 1
67 197 1
68 198 1
69 198 1
70 198 1
71 198 1
72 198 1
73 197 1
74 196 1
75 196 1
76 195 1
77 195 1
78 194 1
79 193 1
80 192 1
81 191 1
82 190 1
83 189 1
84 189 1
85 188 1
86 187 1
87 186 1
88 185 1
89 185 1
90 184 1
91 183 1
92 183 1
93 182 1
.PEN_UP
.PEN_DOWN
57 181 1
57 182 1
57 183 1
57 184 1
.PEN_UP
