.PEN_DOWN
28 3 1
29 3 1
30 3 1
31 3 1
32 3 1
33 2 1
34 2 1
35 2 1
36 1 1
37 1 1
38 1 1
39 1 1
40 1 1
41 1 1
42 1 1
43 1 1
44 1 1
45 1 1
46 1 1
47 1 1
48 1 1
49 1 1
50 1 1
51 1 1
52 1 1
53 1 1
54 1 1
55 1 1
56 1 1
57 1 1
58 1 1
59 1 1
60 2 1
61 2 1
62 2 1
63 2 1
64 3 1
65 3 1
66 4 1
67 4 1
68 4 1
69 5 1
70 5 1
71 6 1
72 7 1
72 8 1
72 9 1
72 10 1
72 11 1
72 12 1
72 13 1
72 14 1
71 15 1
70 16 1
69 17 1
68 18 1
67 19 1
66 20 1
65 21 1
64 21 1
63 22 1
62 22 1
61 23 1
60 24 1
60 25 1
59 26 1
59 27 1
58 28 1
57 29 1
56 29 1
55 29 1
54 29 1
53 29 1
52 29 1
51 29 1
50 29 1
49 29 1
48 29 1
47 29 1
46 29 1
45 30 1
44 30 1
43 30 1
42 30 1
41 30 1
40 31 1
39 31 1
38 31 1
37 31 1
36 32 1
35 32 1
34 32 1
33 33 1
32 34 1
31 34 1
30 34 1
29 35 1
28 35 1
27 35 1
26 36 1
25 36 1
24 37 1
.PEN_UP
.PEN_DOWN
59 29 1
60 30 1
61 31 1
62 31 1
63 31 1
64 31 1
65 32 1
66 32 1
67 33 1
68 33 1
69 34 1
70 35 1
71 36 1
72 37 1
73 38 1
73 39 1
73 40 1
73 41 1
73 42 1
73 43 1
73 44 1
73 45 1
73 46 1
72 47 1
72 48 1
71 49 1
70 50 1
70 51 1
69 52 1
68 53 1
67 54 1
67 55 1
66 56 1
66 57 1
65 58 1
64 59 1
63 59 1
62 59 1
61 59 1
60 59 1
59 59 1
58 59 1
57 60 1
56 60 1
55 60 1
54 60 1
53 60 1
52 60 1
51 60 1
50 60 1
49 60 1
48 60 1
47 61 1
46 61 1
45 61 1
44 61 1
43 62 1
42 62 1
41 63 1
40 63 1
39 63 1
38 64 1
37 64 1
36 64 1
35 64 1
34 64 1
33 65 1
32 65 1
31 65 1
30 65 1
.PEN_UP
.PEN_DOWN
66 59 1
67 60 1
68 60 1
69 61 1
70 61 1
71 61 1
72 62 1
73 63 1
73 64 1
74 65 1
73 66 1
73 67 1
73 68 1
72 69 1
71 70 1
71 71 1
70 72 1
69 72 1
68 73 1
67 74 1
66 74 1
65 75 1
64 76 1
64 77 1
64 78 1
63 79 1
63 80 1
61 81 1
60 81 1
59 81 1
58 81 1
57 81 1
56 81 1
55 82 1
54 82 1
53 82 1
52 82 1
51 82 1
50 83 1
49 83 1
48 83 1
47 84 1
46 84 1
45 84 1
44 85 1
43 85 1
42 85 1
41 86 1
40 86 1
39 87 1
38 86 1
37 86 1
.PEN_UP
.PEN_DOWN
62 81 1
64 82 1
65 82 1
66 83 1
67 83 1
68 83 1
69 83 1
70 84 1
71 85 1
72 86 1
73 87 1
73 88 1
73 89 1
73 90 1
73 91 1
72 92 1
72 93 1
71 94 1
70 94 1
69 95 1
69 96 1
68 97 1
68 98 1
68 99 1
67 100 1
67 101 1
65 102 1
64 102 1
63 102 1
62 103 1
61 103 1
60 103 1
59 104 1
58 104 1
57 104 1
56 104 1
55 104 1
54 105 1
53 105 1
52 105 1
51 106 1
50 106 1
49 107 1
48 107 1
47 107 1
46 108 1
45 108 1
44 108 1
43 109 1
.PEN_UP
.PEN_DOWN
66 102 1
68 103 1
69 103 1
70 103 1
71 104 1
72 104 1
73 105 1
74 106 1
74 107 1
74 108 1
74 109 1
74 110 1
73 111 1
73 112 1
72 113 1
71 114 1
70 115 1
69 116 1
69 117 1
68 118 1
68 119 1
68 120 1
67 121 1
65 122 1
64 122 1
63 123 1
62 123 1
61 123 1
60 123 1
59 123 1
58 124 1
57 124 1
56 125 1
55 125 1
54 125 1
53 126 1
52 126 1
51 126 1
50 127 1
49 127 1
48 127 1
47 128 1
46 127 1
45 127 1
.PEN_UP
.PEN_DOWN
66 122 1
68 123 1
69 124 1
70 124 1
71 124 1
72 124 1
73 125 1
74 126 1
75 126 1
76 127 1
77 128 1
78 129 1
78 130 1
79 131 1
79 132 1
79 133 1
79 134 1
79 135 1
79 136 1
79 137 1
79 138 1
79 139 1
78 140 1
79 143 1
79 144 1
79 145 1
79 146 1
79 147 1
78 148 1
77 149 1
77 150 1
.PEN_UP
.PEN_DOWN
77 141 1
76 141 1
75 141 1
74 141 1
73 141 1
72 141 1
70 140 1
69 139 1
68 138 1
67 138 1
66 138 1
65 138 1
64 138 1
63 138 1
62 138 1
61 138 1
60 139 1
59 139 1
58 139 1
57 139 1
56 139 1
55 139 1
54 139 1
53 140 1
52 140 1
51 140 1
50 141 1
49 141 1
48 142 1
47 142 1
46 143 1
45 144 1
44 144 1
43 145 1
42 146 1
41 147 1
41 148 1
41 149 1
40 150 1
41 151 1
41 152 1
41 153 1
42 154 1
43 154 1
44 155 1
45 155 1
46 155 1
47 155 1
48 155 1
49 155 1
50 154 1
51 154 1
52 154 1
53 154 1
54 153 1
55 153 1
56 153 1
57 152 1
58 152 1
59 152 1
60 151 1
61 151 1
62 150 1
63 150 1
64 149 1
65 149 1
66 148 1
67 147 1
68 146 1
69 145 1
69 144 1
70 143 1
71 142 1
.PEN_UP
.PEN_DOWN
1 105 1
2 104 1
3 104 1
4 105 1
.PEN_UP
