.PEN_DOWN
18 8 1
18 9 1
19 10 1
20 11 1
21 12 1
22 12 1
23 13 1
24 13 1
25 14 1
26 14 1
27 14 1
28 16 1
29 17 1
29 18 1
29 19 1
30 20 1
30 21 1
30 22 1
30 23 1
30 24 1
30 25 1
30 26 1
30 27 1
30 28 1
30 29 1
31 30 1
31 31 1
31 32 1
31 33 1
31 34 1
31 35 1
31 36 1
31 37 1
31 38 1
31 39 1
31 40 1
31 41 1
31 42 1
31 43 1
31 44 1
30 45 1
30 46 1
29 47 1
28 48 1
26 48 1
25 47 1
24 47 1
23 47 1
22 47 1
21 46 1
20 46 1
19 45 1
18 45 1
17 45 1
16 45 1
15 45 1
14 46 1
13 47 1
13 48 1
14 49 1
14 50 1
14 51 1
15 52 1
16 53 1
17 54 1
18 55 1
19 56 1
20 56 1
21 57 1
22 57 1
23 57 1
24 56 1
25 56 1
26 55 1
27 54 1
29 55 1
30 55 1
31 56 1
32 57 1
32 58 1
32 59 1
32 60 1
33 61 1
33 62 1
34 63 1
34 64 1
34 65 1
34 66 1
34 67 1
34 68 1
34 69 1
35 70 1
35 71 1
.PEN_UP
.PEN_DOWN
28 53 1
28 52 1
28 51 1
28 50 1
28 49 1
.PEN_UP
.PEN_DOWN
28 13 1
28 12 1
28 11 1
28 10 1
28 9 1
28 8 1
28 7 1
27 6 1
27 5 1
27 4 1
27 3 1
26 2 1
26 1 1
.PEN_UP
.PEN_DOWN
1 130 1
2 129 1
3 130 1
4 130 1
5 131 1
6 131 1
7 131 1
8 132 1
9 132 1
10 133 1
11 133 1
12 134 1
13 135 1
14 135 1
15 135 1
16 135 1
17 136 1
18 136 1
20 138 1
20 139 1
21 140 1
22 141 1
23 142 1
24 143 1
25 144 1
26 145 1
26 146 1
27 147 1
.PEN_UP
.PEN_DOWN
19 135 1
20 134 1
21 133 1
22 132 1
23 132 1
24 132 1
25 131 1
26 131 1
27 131 1
28 130 1
29 130 1
30 129 1
31 128 1
32 127 1
32 126 1
33 125 1
33 124 1
34 123 1
34 122 1
34 121 1
34 120 1
34 119 1
34 118 1
35 117 1
35 116 1
34 115 1
34 114 1
34 113 1
34 112 1
33 111 1
33 110 1
33 109 1
32 108 1
32 107 1
31 106 1
30 105 1
29 104 1
28 104 1
27 103 1
26 102 1
26 101 1
25 100 1
23 99 1
22 99 1
21 99 1
20 99 1
19 98 1
18 97 1
18 96 1
17 95 1
17 94 1
16 93 1
16 92 1
15 91 1
15 90 1
15 89 1
15 88 1
15 87 1
15 86 1
15 85 1
15 84 1
15 83 1
15 82 1
15 81 1
15 80 1
16 79 1
16 78 1
16 77 1
17 76 1
18 75 1
19 74 1
20 74 1
21 73 1
22 73 1
23 73 1
24 73 1
25 73 1
26 73 1
27 74 1
28 75 1
29 76 1
29 77 1
30 78 1
30 79 1
30 80 1
30 81 1
30 82 1
30 83 1
30 84 1
30 85 1
30 86 1
30 87 1
30 88 1
30 89 1
29 90 1
29 91 1
29 92 1
29 93 1
29 94 1
28 95 1
28 96 1
27 97 1
26 98 1
25 99 1
.PEN_UP
