.PEN_DOWN
56 1 1
57 1 1
58 1 1
59 1 1
60 1 1
61 1 1
62 1 1
63 1 1
64 1 1
65 2 1
66 2 1
67 2 1
68 2 1
69 2 1
70 3 1
70 4 1
71 5 1
72 5 1
73 4 1
74 4 1
75 5 1
76 5 1
.PEN_UP
.PEN_DOWN
70 6 1
70 7 1
69 8 1
68 9 1
67 9 1
66 10 1
65 10 1
64 10 1
63 11 1
62 12 1
62 13 1
60 14 1
59 14 1
58 13 1
57 13 1
.PEN_UP
.PEN_DOWN
61 14 1
63 15 1
64 16 1
65 16 1
66 16 1
67 16 1
68 16 1
69 16 1
70 17 1
71 17 1
72 18 1
73 18 1
74 19 1
74 20 1
74 21 1
73 22 1
72 23 1
71 24 1
70 24 1
69 25 1
68 26 1
67 26 1
66 27 1
65 28 1
65 29 1
64 30 1
64 31 1
64 32 1
64 33 1
65 34 1
66 34 1
67 34 1
68 35 1
69 35 1
70 35 1
71 36 1
72 36 1
73 36 1
74 37 1
75 37 1
76 37 1
77 37 1
78 37 1
.PEN_UP
.PEN_DOWN
59 56 1
60 56 1
61 55 1
62 55 1
63 54 1
64 54 1
65 54 1
66 54 1
67 54 1
68 54 1
69 54 1
70 54 1
71 54 1
72 55 1
73 55 1
74 55 1
75 56 1
76 56 1
77 57 1
77 58 1
78 59 1
77 60 1
77 61 1
76 62 1
75 63 1
74 63 1
73 64 1
72 65 1
71 66 1
71 67 1
70 68 1
69 69 1
68 69 1
67 69 1
66 69 1
65 69 1
64 69 1
63 69 1
62 69 1
61 69 1
60 70 1
.PEN_UP
.PEN_DOWN
71 69 1
72 70 1
73 70 1
74 71 1
75 71 1
76 72 1
77 72 1
78 73 1
79 74 1
.PEN_UP
.PEN_DOWN
51 93 1
52 92 1
53 91 1
54 91 1
55 90 1
56 89 1
57 89 1
58 88 1
59 88 1
60 88 1
61 88 1
62 88 1
63 88 1
64 88 1
65 88 1
66 88 1
67 88 1
68 88 1
69 88 1
70 88 1
71 87 1
72 87 1
73 87 1
74 87 1
75 87 1
76 87 1
77 87 1
78 87 1
79 87 1
80 87 1
81 86 1
82 86 1
83 87 1
84 87 1
.PEN_UP
.PEN_DOWN
1 123 1
2 123 1
3 123 1
4 123 1
5 123 1
6 123 1
7 123 1
8 123 1
9 123 1
10 123 1
11 123 1
12 123 1
13 123 1
14 123 1
15 123 1
16 123 1
17 122 1
18 122 1
19 122 1
20 122 1
21 122 1
22 121 1
23 121 1
24 121 1
25 121 1
26 121 1
27 121 1
28 121 1
29 121 1
30 121 1
31 121 1
32 120 1
33 120 1
34 120 1
35 120 1
36 120 1
37 120 1
38 120 1
39 120 1
40 120 1
41 120 1
42 120 1
43 120 1
44 120 1
45 120 1
46 120 1
47 120 1
48 119 1
49 119 1
50 119 1
51 119 1
52 119 1
53 119 1
54 119 1
55 119 1
56 120 1
57 120 1
58 119 1
59 119 1
60 118 1
63 119 1
64 119 1
65 120 1
66 120 1
67 120 1
68 120 1
69 121 1
70 121 1
71 120 1
72 120 1
73 120 1
74 120 1
75 119 1
75 118 1
76 117 1
76 116 1
76 115 1
76 114 1
76 113 1
76 112 1
76 111 1
76 110 1
75 109 1
75 108 1
74 107 1
73 107 1
72 106 1
71 106 1
70 106 1
69 106 1
68 106 1
67 107 1
66 108 1
65 109 1
64 110 1
63 111 1
63 112 1
62 113 1
62 114 1
62 115 1
62 116 1
61 117 1
.PEN_UP
.PEN_DOWN
84 157 1
83 157 1
82 157 1
81 157 1
80 156 1
79 156 1
78 156 1
77 157 1
76 157 1
75 157 1
74 157 1
73 157 1
72 157 1
71 157 1
70 157 1
69 157 1
68 156 1
67 157 1
66 157 1
65 157 1
64 158 1
63 158 1
62 158 1
61 158 1
60 159 1
59 159 1
58 160 1
57 160 1
56 161 1
55 161 1
54 162 1
54 163 1
54 164 1
54 165 1
53 166 1
53 167 1
54 168 1
54 169 1
54 170 1
54 171 1
54 172 1
.PEN_UP
.PEN_DOWN
69 155 1
69 154 1
69 153 1
69 152 1
70 151 1
70 150 1
70 149 1
71 148 1
71 147 1
72 146 1
72 145 1
72 144 1
72 143 1
72 142 1
71 141 1
68 142 1
67 143 1
66 144 1
65 144 1
64 145 1
63 145 1
62 145 1
61 146 1
60 146 1
59 146 1
58 146 1
57 146 1
56 145 1
56 144 1
56 143 1
57 142 1
57 141 1
58 140 1
59 139 1
60 138 1
61 137 1
62 137 1
63 137 1
64 137 1
65 137 1
66 137 1
67 137 1
68 137 1
69 138 1
69 139 1
70 140 1
.PEN_UP
