.PEN_DOWN
1 79 1
1 78 1
2 77 1
3 76 1
4 76 1
5 75 1
6 74 1
7 73 1
8 73 1
9 72 1
10 71 1
11 70 1
12 70 1
13 69 1
14 68 1
15 67 1
16 67 1
17 66 1
18 66 1
19 65 1
20 64 1
21 63 1
22 63 1
23 62 1
24 61 1
25 61 1
26 60 1
27 59 1
28 58 1
29 57 1
30 57 1
31 56 1
32 55 1
33 54 1
34 53 1
35 53 1
36 52 1
37 51 1
38 50 1
39 49 1
40 48 1
43 48 1
44 47 1
45 47 1
46 47 1
47 47 1
48 47 1
49 46 1
50 46 1
51 45 1
52 45 1
53 45 1
54 45 1
55 45 1
56 44 1
57 44 1
58 44 1
61 43 1
62 42 1
63 41 1
64 41 1
65 40 1
66 40 1
67 39 1
68 38 1
69 37 1
70 36 1
71 35 1
72 34 1
73 33 1
74 32 1
75 31 1
76 30 1
77 30 1
78 29 1
79 28 1
80 27 1
81 26 1
82 25 1
83 24 1
84 23 1
85 23 1
86 22 1
87 21 1
88 20 1
89 20 1
90 20 1
91 19 1
92 18 1
93 18 1
94 17 1
95 17 1
96 16 1
97 16 1
98 16 1
99 15 1
100 15 1
101 14 1
102 14 1
103 14 1
104 13 1
105 13 1
106 13 1
107 13 1
108 13 1
109 12 1
110 12 1
111 11 1
112 11 1
113 12 1
114 12 1
.PEN_UP
.PEN_DOWN
59 44 1
59 46 1
58 47 1
58 48 1
58 49 1
57 50 1
57 51 1
56 52 1
55 53 1
54 54 1
53 55 1
52 56 1
51 57 1
51 58 1
50 59 1
49 60 1
48 61 1
47 62 1
46 63 1
45 64 1
44 65 1
43 66 1
42 67 1
41 68 1
41 69 1
40 70 1
40 71 1
40 72 1
40 73 1
39 75 1
38 76 1
37 76 1
36 77 1
35 78 1
34 78 1
33 79 1
32 80 1
31 81 1
30 82 1
29 82 1
28 83 1
27 84 1
26 84 1
25 85 1
24 86 1
23 87 1
22 87 1
21 88 1
20 89 1
19 89 1
18 90 1
17 91 1
16 92 1
15 92 1
14 93 1
13 94 1
12 95 1
11 96 1
10 96 1
9 97 1
8 98 1
7 98 1
6 99 1
.PEN_UP
.PEN_DOWN
40 74 1
42 74 1
43 73 1
44 73 1
45 73 1
46 73 1
47 73 1
48 72 1
49 72 1
50 72 1
51 72 1
52 71 1
53 71 1
54 71 1
55 71 1
57 70 1
57 69 1
58 68 1
58 67 1
59 66 1
59 65 1
60 64 1
61 63 1
62 62 1
62 61 1
63 60 1
64 60 1
65 59 1
66 59 1
67 58 1
70 54 1
70 53 1
71 52 1
71 51 1
72 50 1
73 50 1
74 50 1
75 50 1
76 49 1
77 49 1
78 49 1
79 50 1
80 51 1
82 50 1
83 50 1
84 49 1
85 49 1
86 49 1
87 48 1
88 48 1
89 47 1
90 47 1
91 46 1
92 46 1
93 46 1
94 46 1
95 46 1
96 45 1
97 45 1
.PEN_UP
.PEN_DOWN
80 52 1
79 53 1
79 54 1
78 55 1
77 56 1
76 57 1
75 57 1
74 57 1
73 57 1
72 58 1
71 58 1
70 58 1
.PEN_UP
.PEN_DOWN
56 71 1
56 73 1
56 74 1
56 75 1
56 76 1
56 77 1
56 78 1
56 79 1
56 80 1
55 81 1
55 82 1
55 83 1
55 84 1
55 85 1
55 86 1
55 87 1
55 88 1
55 89 1
55 90 1
55 93 1
54 94 1
54 95 1
.PEN_UP
.PEN_DOWN
55 91 1
57 91 1
58 91 1
59 91 1
60 90 1
61 90 1
62 90 1
63 90 1
64 89 1
65 89 1
66 88 1
67 88 1
68 87 1
69 87 1
70 86 1
71 86 1
72 86 1
73 85 1
74 85 1
75 85 1
76 85 1
77 85 1
.PEN_UP
.PEN_DOWN
41 47 1
41 46 1
42 45 1
42 44 1
42 43 1
43 42 1
43 41 1
43 40 1
44 39 1
44 38 1
45 37 1
45 36 1
45 35 1
46 34 1
46 33 1
46 32 1
46 31 1
46 30 1
46 29 1
46 28 1
46 27 1
46 26 1
48 24 1
49 24 1
50 24 1
51 24 1
52 24 1
53 23 1
54 22 1
55 22 1
56 22 1
57 21 1
58 21 1
59 20 1
60 20 1
61 20 1
62 20 1
63 19 1
64 19 1
65 19 1
66 18 1
67 17 1
68 16 1
69 15 1
70 14 1
71 13 1
72 12 1
73 11 1
73 10 1
73 9 1
74 8 1
74 7 1
74 6 1
74 5 1
74 4 1
74 3 1
73 2 1
72 2 1
71 1 1
70 1 1
69 1 1
68 1 1
67 1 1
66 1 1
65 1 1
64 2 1
63 2 1
62 2 1
61 2 1
60 2 1
59 3 1
58 3 1
57 4 1
56 5 1
55 5 1
54 6 1
53 7 1
52 8 1
51 8 1
50 9 1
49 10 1
48 11 1
47 12 1
47 13 1
46 14 1
45 15 1
44 16 1
43 17 1
43 18 1
43 19 1
42 20 1
42 21 1
42 22 1
42 23 1
42 24 1
43 25 1
44 25 1
45 25 1
.PEN_UP
.PEN_DOWN
42 144 1
41 144 1
40 143 1
39 142 1
39 141 1
38 140 1
39 139 1
39 138 1
39 137 1
39 136 1
40 135 1
40 134 1
41 133 1
42 132 1
42 131 1
43 130 1
44 129 1
45 128 1
46 127 1
47 127 1
48 126 1
49 125 1
50 124 1
51 123 1
52 122 1
53 122 1
54 121 1
55 120 1
56 120 1
57 119 1
58 119 1
59 118 1
60 117 1
61 117 1
62 116 1
63 116 1
64 116 1
65 115 1
66 115 1
67 115 1
68 114 1
69 114 1
70 114 1
71 114 1
72 114 1
73 113 1
74 113 1
75 113 1
76 113 1
77 113 1
78 114 1
79 114 1
80 115 1
81 115 1
82 116 1
82 117 1
82 118 1
82 119 1
82 120 1
82 121 1
81 122 1
81 123 1
80 124 1
80 125 1
79 126 1
78 127 1
78 128 1
77 129 1
77 130 1
76 131 1
75 132 1
74 133 1
73 134 1
72 135 1
71 136 1
70 137 1
69 138 1
68 139 1
67 140 1
67 141 1
66 142 1
66 143 1
65 144 1
65 145 1
63 147 1
62 147 1
61 148 1
60 149 1
59 150 1
58 151 1
57 152 1
56 152 1
55 153 1
54 154 1
53 154 1
52 155 1
51 156 1
50 157 1
49 158 1
48 159 1
47 159 1
46 160 1
45 161 1
.PEN_UP
.PEN_DOWN
64 146 1
67 146 1
68 146 1
69 145 1
70 145 1
71 145 1
72 145 1
73 145 1
74 145 1
75 144 1
76 144 1
77 143 1
78 143 1
.PEN_UP
.PEN_DOWN
22 182 1
21 182 1
20 182 1
19 183 1
18 183 1
17 183 1
16 184 1
15 184 1
14 185 1
13 186 1
12 186 1
11 186 1
10 187 1
9 188 1
8 188 1
7 189 1
6 189 1
5 190 1
.PEN_UP
.PEN_DOWN
41 208 1
42 207 1
43 206 1
44 205 1
44 204 1
45 203 1
45 202 1
45 201 1
46 200 1
47 200 1
48 199 1
49 199 1
50 199 1
51 199 1
52 198 1
53 198 1
54 198 1
55 198 1
56 197 1
57 197 1
58 197 1
59 196 1
60 195 1
61 195 1
62 194 1
63 194 1
64 194 1
65 194 1
66 194 1
67 194 1
68 193 1
69 193 1
70 192 1
70 191 1
70 190 1
71 189 1
71 188 1
72 187 1
73 186 1
74 185 1
75 184 1
76 183 1
77 182 1
78 181 1
78 180 1
78 179 1
78 178 1
79 177 1
78 176 1
77 175 1
76 174 1
75 174 1
74 174 1
73 174 1
72 174 1
71 175 1
70 175 1
69 175 1
68 176 1
67 176 1
66 176 1
65 177 1
64 177 1
63 178 1
62 179 1
61 179 1
60 180 1
59 180 1
58 181 1
57 182 1
56 182 1
55 183 1
54 184 1
53 185 1
52 185 1
51 186 1
50 187 1
49 188 1
48 189 1
47 190 1
47 191 1
46 192 1
46 193 1
45 194 1
45 195 1
45 196 1
44 197 1
45 198 1
45 199 1
.PEN_UP
.PEN_DOWN
70 194 1
71 194 1
72 195 1
73 196 1
73 197 1
73 198 1
73 199 1
73 200 1
73 201 1
72 202 1
72 203 1
71 204 1
71 205 1
70 206 1
70 207 1
70 208 1
69 209 1
69 210 1
69 211 1
68 212 1
68 213 1
66 215 1
65 216 1
64 216 1
63 217 1
62 218 1
61 219 1
60 219 1
59 220 1
58 221 1
57 222 1
56 222 1
55 222 1
54 223 1
53 224 1
52 225 1
51 226 1
50 226 1
49 227 1
48 228 1
47 229 1
46 230 1
45 231 1
44 232 1
43 232 1
42 233 1
41 234 1
40 235 1
39 236 1
38 237 1
37 238 1
36 239 1
35 240 1
34 240 1
33 241 1
32 242 1
31 243 1
30 244 1
29 245 1
28 246 1
27 247 1
26 248 1
25 249 1
24 250 1
23 251 1
22 251 1
21 252 1
20 253 1
19 254 1
18 255 1
.PEN_UP
.PEN_DOWN
67 214 1
70 214 1
71 214 1
72 214 1
73 214 1
74 214 1
75 215 1
76 215 1
77 215 1
78 215 1
79 215 1
80 216 1
81 217 1
81 218 1
81 219 1
81 220 1
81 221 1
81 222 1
81 223 1
80 224 1
80 225 1
79 226 1
79 227 1
78 228 1
77 229 1
76 230 1
76 231 1
75 232 1
74 233 1
73 234 1
72 235 1
71 236 1
70 237 1
69 238 1
68 239 1
67 240 1
66 241 1
65 242 1
64 243 1
63 244 1
62 245 1
61 246 1
60 247 1
59 248 1
58 249 1
57 250 1
56 251 1
55 252 1
54 253 1
53 254 1
52 255 1
51 256 1
51 257 1
50 258 1
50 259 1
50 260 1
49 261 1
49 262 1
47 264 1
46 264 1
45 265 1
44 265 1
43 266 1
42 267 1
41 267 1
40 268 1
39 268 1
38 268 1
37 269 1
36 269 1
.PEN_UP
.PEN_DOWN
48 263 1
50 264 1
51 264 1
52 264 1
53 264 1
54 263 1
55 263 1
56 263 1
57 263 1
58 263 1
59 263 1
60 263 1
61 263 1
62 262 1
63 262 1
64 262 1
65 262 1
66 262 1
67 261 1
68 261 1
69 261 1
70 261 1
71 260 1
72 260 1
73 260 1
74 259 1
75 259 1
76 259 1
77 259 1
78 258 1
79 258 1
80 257 1
81 257 1
82 257 1
83 256 1
84 256 1
85 255 1
86 255 1
87 254 1
88 253 1
88 252 1
89 251 1
89 250 1
89 249 1
89 248 1
89 247 1
89 246 1
88 245 1
88 244 1
87 243 1
.PEN_UP
