.PEN_DOWN
55 1 1
54 1 1
53 1 1
52 1 1
51 2 1
50 3 1
49 3 1
48 4 1
47 4 1
46 5 1
45 6 1
44 7 1
43 7 1
42 8 1
41 9 1
40 10 1
39 11 1
38 12 1
37 13 1
36 14 1
35 15 1
34 16 1
33 17 1
32 18 1
32 19 1
31 20 1
31 21 1
31 22 1
30 23 1
31 24 1
32 24 1
33 24 1
34 24 1
35 24 1
36 24 1
37 24 1
38 24 1
39 24 1
40 24 1
41 24 1
42 24 1
43 25 1
44 25 1
45 25 1
46 25 1
47 25 1
48 26 1
49 27 1
49 28 1
49 29 1
49 30 1
49 31 1
49 32 1
48 33 1
48 34 1
47 35 1
46 36 1
45 37 1
45 38 1
44 39 1
43 40 1
42 41 1
42 42 1
41 43 1
41 44 1
41 45 1
40 46 1
38 47 1
37 47 1
36 47 1
35 48 1
34 48 1
33 48 1
32 48 1
31 49 1
.PEN_UP
.PEN_DOWN
39 47 1
41 48 1
42 48 1
43 48 1
44 48 1
45 49 1
46 49 1
47 49 1
48 49 1
49 50 1
50 51 1
50 52 1
50 53 1
50 54 1
49 55 1
49 56 1
49 57 1
49 58 1
48 59 1
47 60 1
46 61 1
46 62 1
45 63 1
44 64 1
44 65 1
43 66 1
43 67 1
43 68 1
43 69 1
43 70 1
41 71 1
40 72 1
39 72 1
38 73 1
37 73 1
.PEN_UP
.PEN_DOWN
42 71 1
44 72 1
45 73 1
46 73 1
47 73 1
48 74 1
49 74 1
50 75 1
50 76 1
50 77 1
50 78 1
50 79 1
50 80 1
49 81 1
49 82 1
48 83 1
48 84 1
48 85 1
47 86 1
47 87 1
46 88 1
45 89 1
45 90 1
44 91 1
44 92 1
44 93 1
44 94 1
43 95 1
42 96 1
40 99 1
40 100 1
40 101 1
39 102 1
39 103 1
39 104 1
39 105 1
38 106 1
38 107 1
37 108 1
37 109 1
37 110 1
37 111 1
37 112 1
37 113 1
37 114 1
36 115 1
37 118 1
38 118 1
39 118 1
40 117 1
41 117 1
42 117 1
43 117 1
44 117 1
45 117 1
46 116 1
47 115 1
48 114 1
49 113 1
50 112 1
50 111 1
51 110 1
52 109 1
52 108 1
52 107 1
52 106 1
53 105 1
53 104 1
52 103 1
52 102 1
51 101 1
51 100 1
50 99 1
49 99 1
48 98 1
47 98 1
46 98 1
45 98 1
44 98 1
43 98 1
42 97 1
40 96 1
39 95 1
38 95 1
37 96 1
36 96 1
35 96 1
34 96 1
33 97 1
32 98 1
31 99 1
30 100 1
29 101 1
28 102 1
27 103 1
27 104 1
27 105 1
27 106 1
26 107 1
26 108 1
26 109 1
26 110 1
26 111 1
27 112 1
28 113 1
29 114 1
30 115 1
31 115 1
32 115 1
33 115 1
34 116 1
33 118 1
33 119 1
33 120 1
33 121 1
33 122 1
33 123 1
33 124 1
33 125 1
33 126 1
33 127 1
33 128 1
33 129 1
32 130 1
32 131 1
32 132 1
32 133 1
32 134 1
32 135 1
33 136 1
34 137 1
35 138 1
36 139 1
38 140 1
39 140 1
40 140 1
41 140 1
42 140 1
43 140 1
44 140 1
45 140 1
46 140 1
47 140 1
.PEN_UP
.PEN_DOWN
36 140 1
35 142 1
35 143 1
35 144 1
35 145 1
35 146 1
35 147 1
35 148 1
34 149 1
34 150 1
34 151 1
34 152 1
34 153 1
34 154 1
34 155 1
34 156 1
34 157 1
34 158 1
34 159 1
34 160 1
34 161 1
34 162 1
34 163 1
34 164 1
34 165 1
34 166 1
34 167 1
34 168 1
35 169 1
36 170 1
37 170 1
38 170 1
39 170 1
40 169 1
41 169 1
42 169 1
43 169 1
44 169 1
45 169 1
46 169 1
47 169 1
48 170 1
48 171 1
48 172 1
48 173 1
48 174 1
47 175 1
47 176 1
47 177 1
46 178 1
46 179 1
46 180 1
45 181 1
44 182 1
43 183 1
42 184 1
42 185 1
42 186 1
41 187 1
40 188 1
40 189 1
39 190 1
39 191 1
39 192 1
38 193 1
38 194 1
39 195 1
40 196 1
41 196 1
42 196 1
43 196 1
44 196 1
45 197 1
46 197 1
47 198 1
48 198 1
49 199 1
50 199 1
51 200 1
51 201 1
51 202 1
51 203 1
51 204 1
51 205 1
50 206 1
50 207 1
50 208 1
49 209 1
48 210 1
48 211 1
47 212 1
46 213 1
45 214 1
44 214 1
43 215 1
43 216 1
42 217 1
41 218 1
40 219 1
40 220 1
39 221 1
39 222 1
38 223 1
39 224 1
40 225 1
41 226 1
42 226 1
43 227 1
44 228 1
45 229 1
46 230 1
47 231 1
47 232 1
47 233 1
47 234 1
47 235 1
46 236 1
46 237 1
46 238 1
46 239 1
46 240 1
46 241 1
46 242 1
44 243 1
43 243 1
42 244 1
41 244 1
40 244 1
39 244 1
38 244 1
37 245 1
36 246 1
35 247 1
34 248 1
33 249 1
32 250 1
31 251 1
31 252 1
30 253 1
29 254 1
29 255 1
28 256 1
27 257 1
27 258 1
27 259 1
27 260 1
27 261 1
27 262 1
26 263 1
27 264 1
28 264 1
29 265 1
30 265 1
31 265 1
32 265 1
33 265 1
34 265 1
35 265 1
36 265 1
37 266 1
38 266 1
39 266 1
40 266 1
41 266 1
42 266 1
44 267 1
45 267 1
46 267 1
47 267 1
48 267 1
49 268 1
50 268 1
51 268 1
52 268 1
53 268 1
54 268 1
55 268 1
56 268 1
57 268 1
58 268 1
59 268 1
60 268 1
61 268 1
62 269 1
63 269 1
64 269 1
65 268 1
66 268 1
67 268 1
68 268 1
69 268 1
70 268 1
71 268 1
72 268 1
73 268 1
74 269 1
75 269 1
76 269 1
77 269 1
78 269 1
79 268 1
80 268 1
81 268 1
82 268 1
83 268 1
84 268 1
85 268 1
86 268 1
87 267 1
88 267 1
89 267 1
90 267 1
91 267 1
92 267 1
93 267 1
94 267 1
95 266 1
95 265 1
95 264 1
94 263 1
94 262 1
94 261 1
93 260 1
93 259 1
92 258 1
92 257 1
91 256 1
91 255 1
90 254 1
90 253 1
89 252 1
89 251 1
88 250 1
88 249 1
87 248 1
86 247 1
86 246 1
85 245 1
84 245 1
83 245 1
82 245 1
81 245 1
80 245 1
79 245 1
78 245 1
77 246 1
76 246 1
75 247 1
74 248 1
73 249 1
72 250 1
71 251 1
70 252 1
69 253 1
68 254 1
67 255 1
66 256 1
66 257 1
65 258 1
65 259 1
64 260 1
64 261 1
63 262 1
63 263 1
63 264 1
62 265 1
62 266 1
62 267 1
.PEN_UP
.PEN_DOWN
43 265 1
44 264 1
45 263 1
45 262 1
45 261 1
46 260 1
46 259 1
46 258 1
47 257 1
47 256 1
48 255 1
48 254 1
49 253 1
49 252 1
49 251 1
49 250 1
49 249 1
49 248 1
49 247 1
49 246 1
48 245 1
47 244 1
46 243 1
.PEN_UP
.PEN_DOWN
2 213 1
2 214 1
2 215 1
2 216 1
2 217 1
1 218 1
1 219 1
.PEN_UP
