.PEN_DOWN
33 33 1
34 33 1
35 33 1
36 33 1
37 33 1
38 33 1
.PEN_UP
.PEN_DOWN
52 1 1
53 1 1
54 1 1
55 2 1
56 2 1
57 2 1
58 2 1
59 2 1
60 2 1
61 3 1
62 3 1
63 3 1
64 3 1
65 3 1
66 3 1
67 3 1
68 3 1
69 3 1
70 3 1
71 4 1
72 5 1
73 6 1
73 7 1
73 8 1
72 9 1
72 10 1
71 11 1
70 11 1
69 12 1
68 13 1
67 14 1
66 15 1
65 15 1
64 16 1
63 17 1
62 17 1
61 18 1
60 19 1
59 19 1
58 20 1
57 21 1
56 22 1
55 23 1
56 24 1
56 25 1
56 26 1
56 27 1
56 28 1
56 29 1
57 30 1
58 30 1
59 31 1
60 31 1
61 31 1
62 31 1
63 31 1
64 31 1
65 31 1
66 31 1
67 31 1
68 31 1
69 31 1
70 31 1
71 31 1
72 31 1
73 31 1
74 31 1
75 32 1
76 32 1
77 32 1
.PEN_UP
.PEN_DOWN
3 63 1
4 63 1
5 63 1
6 63 1
7 63 1
8 63 1
9 62 1
10 62 1
11 62 1
12 62 1
13 62 1
14 61 1
15 61 1
16 61 1
17 61 1
18 61 1
19 60 1
20 60 1
21 60 1
22 60 1
23 60 1
24 60 1
25 60 1
26 59 1
27 59 1
28 59 1
29 59 1
30 59 1
31 59 1
32 59 1
33 59 1
34 59 1
35 59 1
36 59 1
37 59 1
38 59 1
39 59 1
40 59 1
41 59 1
42 59 1
43 59 1
44 58 1
45 58 1
46 58 1
47 58 1
48 58 1
49 58 1
50 58 1
51 58 1
52 58 1
53 58 1
54 58 1
57 58 1
58 58 1
59 58 1
60 58 1
61 58 1
62 58 1
63 58 1
64 58 1
65 58 1
66 58 1
67 58 1
68 58 1
69 58 1
70 58 1
71 58 1
72 58 1
73 58 1
74 58 1
75 58 1
76 58 1
77 58 1
78 58 1
79 58 1
80 58 1
81 58 1
82 59 1
83 59 1
.PEN_UP
.PEN_DOWN
55 57 1
55 60 1
55 61 1
56 62 1
56 63 1
56 64 1
56 65 1
.PEN_UP
.PEN_DOWN
55 56 1
55 55 1
55 54 1
55 53 1
55 52 1
55 51 1
55 50 1
55 49 1
55 48 1
55 47 1
56 46 1
.PEN_UP
.PEN_DOWN
56 83 1
56 82 1
57 81 1
58 80 1
58 79 1
59 78 1
59 77 1
60 76 1
61 75 1
61 74 1
62 73 1
62 72 1
63 71 1
64 71 1
65 71 1
66 71 1
67 71 1
68 71 1
69 71 1
70 71 1
71 72 1
72 73 1
72 74 1
72 75 1
72 76 1
72 77 1
72 78 1
72 79 1
71 80 1
72 83 1
73 83 1
74 83 1
75 83 1
76 84 1
77 85 1
77 86 1
77 87 1
77 88 1
77 89 1
77 90 1
76 91 1
75 92 1
75 93 1
74 94 1
74 95 1
73 96 1
73 97 1
72 98 1
72 99 1
72 100 1
71 101 1
71 102 1
70 103 1
69 104 1
68 105 1
68 106 1
68 107 1
67 108 1
66 109 1
65 109 1
64 109 1
63 110 1
62 110 1
61 110 1
60 110 1
59 110 1
58 110 1
57 111 1
56 111 1
55 111 1
54 111 1
53 111 1
52 111 1
51 112 1
50 112 1
49 112 1
48 113 1
47 113 1
46 113 1
45 114 1
44 114 1
43 114 1
42 114 1
41 114 1
39 113 1
38 113 1
37 113 1
36 113 1
35 113 1
34 113 1
33 113 1
32 113 1
31 113 1
30 113 1
29 113 1
28 113 1
27 113 1
26 114 1
25 114 1
24 114 1
23 114 1
22 114 1
21 115 1
20 115 1
19 115 1
18 115 1
17 115 1
16 116 1
15 117 1
15 118 1
14 119 1
12 120 1
11 120 1
10 120 1
9 120 1
8 120 1
7 120 1
6 120 1
5 120 1
4 121 1
3 121 1
2 120 1
1 120 1
.PEN_UP
.PEN_DOWN
13 120 1
15 121 1
16 122 1
17 122 1
18 122 1
19 122 1
20 122 1
21 122 1
22 121 1
23 121 1
24 121 1
25 121 1
26 121 1
27 121 1
28 121 1
29 120 1
30 120 1
31 120 1
32 120 1
33 120 1
34 120 1
35 119 1
36 119 1
37 119 1
38 118 1
38 117 1
39 116 1
40 115 1
.PEN_UP
.PEN_DOWN
68 109 1
69 110 1
70 110 1
71 110 1
72 110 1
73 110 1
74 110 1
75 110 1
76 111 1
77 111 1
78 111 1
79 111 1
80 111 1
81 111 1
82 112 1
83 113 1
83 114 1
83 115 1
82 116 1
82 117 1
.PEN_UP
.PEN_DOWN
70 81 1
69 81 1
68 81 1
67 81 1
66 81 1
65 81 1
64 81 1
63 81 1
62 81 1
61 81 1
60 81 1
59 81 1
.PEN_UP
