.PEN_DOWN
31 1 1
31 2 1
31 3 1
29 4 1
28 5 1
27 5 1
26 6 1
25 6 1
24 6 1
23 7 1
22 8 1
21 9 1
20 11 1
19 12 1
19 13 1
18 14 1
17 15 1
16 16 1
15 17 1
14 17 1
13 17 1
12 17 1
11 18 1
10 18 1
9 18 1
8 17 1
8 16 1
8 15 1
9 14 1
9 13 1
10 12 1
11 11 1
12 11 1
13 10 1
14 9 1
15 9 1
16 9 1
17 8 1
18 8 1
19 8 1
20 9 1
.PEN_UP
.PEN_DOWN
30 4 1
33 4 1
34 5 1
35 6 1
36 7 1
36 8 1
36 9 1
37 10 1
36 11 1
36 12 1
36 13 1
36 14 1
36 15 1
36 16 1
36 17 1
36 18 1
35 19 1
35 20 1
35 21 1
34 22 1
34 23 1
33 24 1
33 25 1
33 26 1
.PEN_UP
.PEN_DOWN
8 47 1
9 47 1
10 47 1
11 47 1
12 47 1
13 47 1
14 47 1
15 47 1
16 47 1
17 47 1
18 47 1
19 47 1
20 47 1
21 47 1
22 47 1
23 47 1
24 47 1
25 48 1
27 49 1
28 49 1
29 48 1
30 48 1
31 49 1
32 49 1
33 49 1
34 49 1
35 49 1
36 49 1
37 49 1
38 49 1
39 49 1
40 49 1
41 48 1
42 48 1
.PEN_UP
.PEN_DOWN
25 49 1
24 51 1
23 52 1
22 53 1
21 54 1
20 55 1
19 55 1
18 56 1
17 57 1
16 58 1
16 59 1
16 60 1
16 61 1
14 63 1
13 64 1
12 65 1
11 66 1
11 67 1
10 68 1
9 69 1
8 70 1
8 71 1
7 72 1
6 72 1
5 73 1
4 74 1
3 75 1
2 76 1
1 77 1
.PEN_UP
.PEN_DOWN
15 62 1
18 62 1
19 62 1
20 62 1
21 62 1
22 62 1
23 62 1
24 62 1
25 61 1
26 61 1
27 61 1
28 62 1
29 62 1
30 63 1
31 63 1
32 64 1
33 65 1
34 66 1
34 67 1
34 68 1
34 69 1
34 70 1
34 71 1
34 72 1
34 73 1
34 74 1
34 75 1
34 76 1
33 77 1
33 78 1
32 79 1
32 80 1
31 81 1
30 82 1
30 83 1
29 84 1
29 85 1
28 86 1
28 87 1
27 88 1
27 89 1
26 91 1
25 92 1
25 93 1
24 94 1
23 94 1
22 94 1
21 95 1
20 96 1
19 96 1
18 96 1
17 97 1
16 97 1
15 98 1
14 98 1
13 99 1
12 99 1
11 100 1
10 101 1
10 102 1
10 103 1
10 104 1
.PEN_UP
