.PEN_DOWN
22 23 1
21 24 1
21 25 1
20 26 1
.PEN_UP
.PEN_DOWN
35 11 1
36 10 1
37 10 1
38 10 1
39 9 1
40 9 1
41 8 1
42 8 1
43 8 1
44 7 1
45 7 1
46 7 1
47 6 1
48 6 1
49 6 1
50 6 1
51 5 1
52 5 1
53 5 1
54 4 1
55 4 1
56 3 1
57 3 1
58 3 1
59 2 1
60 2 1
61 2 1
62 2 1
63 1 1
64 1 1
65 1 1
66 1 1
67 1 1
.PEN_UP
.PEN_DOWN
34 65 1
34 64 1
34 63 1
34 62 1
34 61 1
34 60 1
34 59 1
34 58 1
34 57 1
34 56 1
34 55 1
34 54 1
34 53 1
34 52 1
34 51 1
34 50 1
35 49 1
35 48 1
35 47 1
35 46 1
36 45 1
37 44 1
38 43 1
39 42 1
40 42 1
41 42 1
42 42 1
43 42 1
44 42 1
45 42 1
46 42 1
47 42 1
48 43 1
49 43 1
50 44 1
51 44 1
52 44 1
53 45 1
54 45 1
55 46 1
56 47 1
57 47 1
58 48 1
59 49 1
60 49 1
61 49 1
62 49 1
63 49 1
64 49 1
65 49 1
66 48 1
67 47 1
67 46 1
67 45 1
67 44 1
67 43 1
66 42 1
66 41 1
.PEN_UP
.PEN_DOWN
59 90 1
59 89 1
59 88 1
59 87 1
58 86 1
57 85 1
56 85 1
55 84 1
54 84 1
53 84 1
52 84 1
51 84 1
50 84 1
49 84 1
48 84 1
47 84 1
46 84 1
45 84 1
44 85 1
43 85 1
42 86 1
41 86 1
40 87 1
39 87 1
38 88 1
37 88 1
36 89 1
35 89 1
34 90 1
33 90 1
32 91 1
31 91 1
30 92 1
29 93 1
28 93 1
27 94 1
26 94 1
25 95 1
24 96 1
23 96 1
22 96 1
21 97 1
20 98 1
19 99 1
18 99 1
17 100 1
16 101 1
15 101 1
14 102 1
13 103 1
12 103 1
11 104 1
10 104 1
9 105 1
8 106 1
7 107 1
6 108 1
5 108 1
4 109 1
3 110 1
2 111 1
1 112 1
.PEN_UP
.PEN_DOWN
63 129 1
62 129 1
61 129 1
60 129 1
59 129 1
58 129 1
57 129 1
56 130 1
55 130 1
54 130 1
53 130 1
52 130 1
51 130 1
48 131 1
47 132 1
46 132 1
45 132 1
44 133 1
43 134 1
42 134 1
41 135 1
40 134 1
39 134 1
38 133 1
37 132 1
37 131 1
37 130 1
36 129 1
36 128 1
36 127 1
36 126 1
36 125 1
36 124 1
36 123 1
37 122 1
38 121 1
38 120 1
39 119 1
40 118 1
40 117 1
41 116 1
42 115 1
43 114 1
44 114 1
45 113 1
46 112 1
47 112 1
48 111 1
49 111 1
50 110 1
51 110 1
52 109 1
53 108 1
54 108 1
55 107 1
56 107 1
57 107 1
58 107 1
59 107 1
60 107 1
61 107 1
62 107 1
63 108 1
63 109 1
63 110 1
62 111 1
62 112 1
62 113 1
61 114 1
61 115 1
60 116 1
59 117 1
58 118 1
57 118 1
56 119 1
56 120 1
55 121 1
54 122 1
53 123 1
52 124 1
51 125 1
51 126 1
51 127 1
50 128 1
50 129 1
.PEN_UP
.PEN_DOWN
61 146 1
60 146 1
59 146 1
58 146 1
57 147 1
56 147 1
55 147 1
54 148 1
53 149 1
52 149 1
51 149 1
50 149 1
49 150 1
48 151 1
47 152 1
46 153 1
45 154 1
44 154 1
41 154 1
40 154 1
39 154 1
38 154 1
37 154 1
.PEN_UP
.PEN_DOWN
43 154 1
43 156 1
42 157 1
42 158 1
42 159 1
42 160 1
41 161 1
41 162 1
40 163 1
40 164 1
39 165 1
39 166 1
39 167 1
39 168 1
39 169 1
40 171 1
41 170 1
42 170 1
43 170 1
44 170 1
45 170 1
46 169 1
47 169 1
48 169 1
49 168 1
50 168 1
51 168 1
52 167 1
53 167 1
54 167 1
55 166 1
56 166 1
57 166 1
58 166 1
59 166 1
60 165 1
61 165 1
.PEN_UP
.PEN_DOWN
52 216 1
51 215 1
50 214 1
49 214 1
48 214 1
47 214 1
46 214 1
45 214 1
44 214 1
43 214 1
42 213 1
38 214 1
37 214 1
36 215 1
35 216 1
34 216 1
33 217 1
32 217 1
31 218 1
30 219 1
29 220 1
28 220 1
27 220 1
26 221 1
26 222 1
25 223 1
24 224 1
23 224 1
22 225 1
21 225 1
20 226 1
19 227 1
18 228 1
17 229 1
16 230 1
15 230 1
14 230 1
.PEN_UP
.PEN_DOWN
42 212 1
39 210 1
39 209 1
39 208 1
40 207 1
39 205 1
39 204 1
39 203 1
38 202 1
38 201 1
38 200 1
38 199 1
38 198 1
38 197 1
38 196 1
39 195 1
39 194 1
40 193 1
41 192 1
42 192 1
43 191 1
44 190 1
45 190 1
46 189 1
47 189 1
48 189 1
49 189 1
50 188 1
51 188 1
52 188 1
53 188 1
54 189 1
55 190 1
54 191 1
54 192 1
54 193 1
54 194 1
53 195 1
53 196 1
52 197 1
52 198 1
51 199 1
50 200 1
49 200 1
48 201 1
47 202 1
46 203 1
45 204 1
44 205 1
43 205 1
42 205 1
41 206 1
.PEN_UP
