.PEN_DOWN
61 5 1
60 6 1
59 7 1
59 8 1
58 9 1
58 10 1
57 11 1
57 12 1
56 13 1
56 14 1
54 16 1
53 16 1
52 16 1
51 16 1
50 17 1
49 17 1
48 18 1
47 18 1
46 19 1
44 19 1
43 19 1
42 19 1
41 19 1
40 19 1
39 20 1
38 20 1
37 21 1
36 21 1
35 21 1
34 21 1
33 22 1
32 22 1
31 23 1
30 24 1
29 24 1
28 24 1
27 25 1
26 25 1
25 26 1
24 27 1
23 27 1
22 27 1
21 28 1
20 28 1
19 29 1
18 30 1
17 30 1
16 31 1
15 32 1
14 33 1
13 34 1
12 35 1
11 35 1
10 36 1
9 37 1
8 38 1
7 39 1
6 40 1
5 41 1
4 42 1
4 43 1
3 44 1
3 45 1
2 46 1
2 47 1
1 48 1
1 49 1
1 50 1
1 51 1
1 52 1
1 53 1
1 54 1
1 55 1
1 56 1
1 57 1
2 58 1
3 59 1
4 60 1
5 60 1
6 61 1
7 61 1
8 61 1
9 61 1
10 61 1
11 60 1
12 60 1
13 60 1
14 59 1
15 59 1
16 58 1
17 57 1
18 56 1
19 55 1
20 54 1
21 53 1
22 52 1
23 51 1
24 50 1
25 49 1
26 48 1
27 47 1
28 46 1
28 45 1
29 44 1
30 43 1
31 42 1
31 41 1
32 40 1
33 39 1
34 38 1
35 37 1
35 36 1
36 35 1
37 34 1
38 33 1
38 32 1
39 31 1
40 30 1
41 29 1
42 28 1
43 27 1
44 26 1
44 25 1
45 24 1
45 23 1
45 22 1
45 21 1
46 20 1
.PEN_UP
.PEN_DOWN
55 15 1
58 15 1
59 15 1
60 14 1
61 14 1
62 14 1
63 14 1
64 13 1
65 13 1
66 13 1
67 13 1
68 12 1
69 12 1
70 12 1
71 12 1
72 11 1
73 11 1
74 11 1
75 11 1
76 11 1
77 11 1
78 10 1
79 10 1
80 10 1
81 10 1
82 9 1
83 9 1
84 9 1
85 9 1
86 9 1
87 9 1
88 9 1
89 9 1
92 9 1
93 8 1
94 8 1
95 8 1
96 7 1
97 7 1
98 6 1
99 6 1
100 6 1
101 6 1
102 6 1
103 5 1
104 5 1
105 5 1
106 5 1
107 5 1
108 4 1
109 4 1
110 4 1
111 4 1
112 4 1
113 3 1
114 3 1
115 3 1
116 3 1
117 3 1
118 3 1
119 3 1
120 3 1
121 3 1
122 3 1
123 3 1
124 2 1
125 2 1
126 3 1
127 3 1
128 2 1
129 2 1
.PEN_UP
.PEN_DOWN
90 9 1
90 11 1
89 12 1
89 13 1
88 14 1
88 15 1
87 16 1
87 17 1
86 18 1
85 19 1
84 20 1
84 21 1
83 22 1
83 23 1
82 24 1
82 25 1
81 26 1
80 27 1
80 28 1
79 29 1
79 30 1
78 31 1
78 32 1
77 33 1
77 34 1
77 35 1
77 36 1
76 37 1
75 38 1
75 39 1
74 40 1
74 41 1
73 42 1
73 43 1
73 44 1
72 45 1
72 46 1
72 47 1
72 48 1
72 49 1
72 50 1
72 51 1
73 52 1
74 51 1
75 50 1
76 50 1
77 50 1
78 49 1
79 49 1
80 49 1
81 48 1
82 48 1
83 48 1
84 47 1
85 47 1
86 47 1
87 47 1
88 47 1
89 47 1
90 47 1
91 47 1
92 46 1
93 46 1
94 46 1
95 46 1
96 47 1
96 48 1
95 49 1
95 50 1
95 51 1
94 52 1
93 52 1
92 53 1
91 53 1
90 54 1
89 54 1
88 55 1
87 55 1
86 55 1
85 55 1
84 55 1
83 55 1
82 55 1
81 55 1
80 55 1
79 55 1
78 55 1
77 55 1
76 55 1
75 55 1
71 53 1
70 53 1
69 53 1
68 52 1
67 52 1
66 52 1
65 51 1
64 51 1
.PEN_UP
.PEN_DOWN
74 54 1
74 57 1
74 58 1
74 59 1
75 60 1
75 61 1
75 62 1
76 63 1
76 64 1
77 65 1
78 66 1
78 67 1
79 68 1
79 69 1
79 70 1
79 71 1
79 72 1
80 73 1
80 74 1
80 75 1
80 76 1
80 77 1
81 78 1
81 79 1
82 80 1
84 80 1
85 79 1
86 79 1
87 79 1
.PEN_UP
.PEN_DOWN
82 81 1
81 82 1
81 83 1
80 84 1
79 85 1
78 85 1
77 85 1
76 86 1
75 86 1
74 87 1
73 88 1
72 88 1
71 89 1
70 89 1
69 90 1
68 91 1
67 92 1
66 93 1
65 94 1
64 95 1
64 96 1
63 97 1
63 98 1
62 99 1
62 100 1
62 101 1
62 102 1
63 103 1
63 104 1
63 105 1
63 106 1
64 107 1
64 108 1
65 109 1
66 110 1
66 111 1
67 112 1
67 113 1
67 114 1
.PEN_UP
