.PEN_DOWN
1 17 1
2 17 1
3 17 1
4 17 1
5 17 1
6 17 1
7 16 1
8 16 1
9 16 1
10 16 1
11 15 1
11 14 1
12 13 1
13 12 1
14 12 1
15 12 1
16 12 1
17 11 1
18 11 1
19 11 1
20 11 1
21 11 1
22 11 1
23 11 1
24 10 1
25 10 1
26 10 1
27 10 1
28 10 1
29 10 1
30 10 1
31 9 1
32 9 1
33 9 1
34 9 1
35 9 1
36 9 1
37 9 1
38 9 1
39 9 1
42 7 1
43 7 1
44 6 1
45 6 1
46 6 1
47 5 1
48 5 1
49 4 1
50 4 1
51 4 1
52 3 1
52 2 1
52 1 1
.PEN_UP
.PEN_DOWN
40 8 1
40 11 1
40 12 1
40 13 1
40 14 1
40 15 1
40 16 1
40 17 1
40 18 1
39 19 1
39 22 1
39 23 1
39 24 1
39 25 1
39 26 1
39 27 1
39 28 1
39 29 1
39 30 1
39 31 1
39 32 1
39 33 1
39 34 1
40 35 1
40 36 1
40 37 1
40 38 1
40 39 1
40 40 1
40 41 1
42 42 1
43 42 1
44 42 1
45 42 1
46 41 1
47 41 1
48 41 1
49 41 1
50 40 1
51 40 1
52 40 1
53 40 1
54 39 1
55 39 1
.PEN_UP
.PEN_DOWN
39 42 1
38 42 1
37 42 1
36 42 1
35 43 1
35 44 1
35 45 1
36 46 1
36 47 1
36 48 1
36 49 1
36 50 1
37 51 1
37 52 1
37 53 1
37 54 1
37 55 1
37 56 1
37 57 1
37 58 1
39 59 1
40 59 1
41 59 1
42 60 1
43 60 1
44 61 1
44 62 1
45 63 1
45 64 1
46 65 1
46 66 1
46 67 1
47 68 1
47 69 1
47 70 1
48 71 1
48 72 1
48 73 1
48 74 1
48 75 1
48 76 1
48 77 1
48 78 1
48 79 1
48 80 1
48 81 1
48 82 1
47 83 1
47 84 1
47 85 1
47 86 1
47 87 1
47 88 1
47 89 1
47 90 1
47 91 1
47 92 1
47 93 1
47 94 1
47 95 1
46 96 1
.PEN_UP
.PEN_DOWN
37 59 1
36 60 1
35 61 1
35 62 1
34 63 1
32 63 1
31 63 1
30 64 1
29 64 1
28 65 1
28 66 1
27 67 1
26 68 1
25 69 1
25 70 1
24 71 1
24 72 1
24 73 1
24 74 1
24 75 1
24 76 1
25 77 1
26 78 1
27 78 1
28 78 1
29 77 1
30 77 1
31 76 1
32 75 1
32 74 1
33 73 1
33 72 1
33 71 1
34 70 1
34 69 1
34 68 1
34 67 1
34 66 1
34 65 1
34 64 1
.PEN_UP
.PEN_DOWN
38 19 1
41 21 1
42 22 1
43 22 1
44 22 1
45 22 1
46 22 1
47 23 1
48 23 1
49 23 1
50 23 1
51 24 1
.PEN_UP
.PEN_DOWN
37 19 1
36 19 1
35 19 1
34 19 1
33 19 1
32 19 1
31 19 1
30 19 1
29 19 1
28 19 1
27 19 1
26 19 1
25 19 1
24 19 1
23 19 1
22 19 1
21 19 1
20 19 1
19 19 1
18 19 1
17 19 1
16 19 1
15 19 1
14 19 1
13 19 1
12 19 1
11 18 1
11 17 1
.PEN_UP
