.PEN_DOWN
36 1 1
36 2 1
36 3 1
34 5 1
33 5 1
32 5 1
31 5 1
30 6 1
30 7 1
29 8 1
28 9 1
28 10 1
28 11 1
28 12 1
28 13 1
28 14 1
28 15 1
27 16 1
28 17 1
28 18 1
28 19 1
29 20 1
30 21 1
31 22 1
32 22 1
33 23 1
34 22 1
35 22 1
36 21 1
36 20 1
37 19 1
37 18 1
37 17 1
37 16 1
37 15 1
38 14 1
38 13 1
37 12 1
37 11 1
37 10 1
37 9 1
37 8 1
37 7 1
37 6 1
37 5 1
39 4 1
40 4 1
41 5 1
42 5 1
43 5 1
44 6 1
45 7 1
46 8 1
46 9 1
47 10 1
48 11 1
48 12 1
48 13 1
49 14 1
50 15 1
50 16 1
50 17 1
51 18 1
51 19 1
51 20 1
51 21 1
51 22 1
51 23 1
52 24 1
52 25 1
52 26 1
52 27 1
52 28 1
52 29 1
52 30 1
53 31 1
53 32 1
.PEN_UP
.PEN_DOWN
27 40 1
28 40 1
29 41 1
30 41 1
31 41 1
32 41 1
33 41 1
34 41 1
35 41 1
36 41 1
37 41 1
38 41 1
39 41 1
40 42 1
41 42 1
42 42 1
43 42 1
44 43 1
45 43 1
46 44 1
47 45 1
47 46 1
47 47 1
47 48 1
46 49 1
45 50 1
44 51 1
43 52 1
42 52 1
41 53 1
40 53 1
39 53 1
38 54 1
37 54 1
36 55 1
35 55 1
34 55 1
33 56 1
32 57 1
31 57 1
30 58 1
29 59 1
28 59 1
27 60 1
26 61 1
25 62 1
24 63 1
23 64 1
.PEN_UP
.PEN_DOWN
45 117 1
44 117 1
43 117 1
42 117 1
41 118 1
40 118 1
39 118 1
38 118 1
37 119 1
36 119 1
35 119 1
34 119 1
33 118 1
32 118 1
31 117 1
30 116 1
30 115 1
30 114 1
30 113 1
31 112 1
32 111 1
32 110 1
33 109 1
34 108 1
34 107 1
35 106 1
36 105 1
36 104 1
36 103 1
37 102 1
37 101 1
38 100 1
39 99 1
40 98 1
41 97 1
41 96 1
42 95 1
43 94 1
43 93 1
43 92 1
43 91 1
43 90 1
43 89 1
43 88 1
44 87 1
44 86 1
44 85 1
44 84 1
44 83 1
44 82 1
44 81 1
44 80 1
44 79 1
44 78 1
44 77 1
44 76 1
44 75 1
43 74 1
43 73 1
42 72 1
41 71 1
40 70 1
39 69 1
38 69 1
37 69 1
36 69 1
35 69 1
34 69 1
33 70 1
32 70 1
31 71 1
30 72 1
30 73 1
30 74 1
30 75 1
28 76 1
27 76 1
26 77 1
25 78 1
24 79 1
23 80 1
23 81 1
22 82 1
22 83 1
22 84 1
22 85 1
21 86 1
21 87 1
21 88 1
20 89 1
20 90 1
20 91 1
20 92 1
21 93 1
21 94 1
21 95 1
22 96 1
23 96 1
24 96 1
25 96 1
26 96 1
27 95 1
28 94 1
29 93 1
29 92 1
29 91 1
30 90 1
30 89 1
30 88 1
30 87 1
30 86 1
30 85 1
30 84 1
30 83 1
30 82 1
30 81 1
30 80 1
30 79 1
30 78 1
30 77 1
.PEN_UP
.PEN_DOWN
28 148 1
27 149 1
27 150 1
27 151 1
27 152 1
27 153 1
27 154 1
27 155 1
27 156 1
28 157 1
28 158 1
28 159 1
28 160 1
28 161 1
28 162 1
28 163 1
28 164 1
29 165 1
30 166 1
30 167 1
.PEN_UP
.PEN_DOWN
40 196 1
39 196 1
38 195 1
37 195 1
36 195 1
35 195 1
34 196 1
33 197 1
33 198 1
33 199 1
33 200 1
33 201 1
33 202 1
33 203 1
31 205 1
30 205 1
29 205 1
28 205 1
27 205 1
26 205 1
25 205 1
24 206 1
23 206 1
22 206 1
21 206 1
20 206 1
19 206 1
18 206 1
17 206 1
16 207 1
15 207 1
14 207 1
13 207 1
12 207 1
11 207 1
10 207 1
9 208 1
8 208 1
7 208 1
6 208 1
5 208 1
4 208 1
3 209 1
2 209 1
1 210 1
.PEN_UP
.PEN_DOWN
33 204 1
33 207 1
33 208 1
33 209 1
33 210 1
33 211 1
33 212 1
33 213 1
34 214 1
35 213 1
36 213 1
37 213 1
38 213 1
39 213 1
40 213 1
41 213 1
42 213 1
43 213 1
44 213 1
45 214 1
46 214 1
47 215 1
48 216 1
49 217 1
50 218 1
51 219 1
51 220 1
52 221 1
52 222 1
52 223 1
53 224 1
53 225 1
53 226 1
53 227 1
53 228 1
53 229 1
53 230 1
53 231 1
53 232 1
53 233 1
53 234 1
52 235 1
52 236 1
51 237 1
50 238 1
49 238 1
48 239 1
47 240 1
43 243 1
43 244 1
42 245 1
41 246 1
41 247 1
40 248 1
39 248 1
38 249 1
37 250 1
36 251 1
35 252 1
34 252 1
33 253 1
32 254 1
32 255 1
32 256 1
31 257 1
31 258 1
32 259 1
33 260 1
34 260 1
35 260 1
36 260 1
37 261 1
38 262 1
38 263 1
38 264 1
38 265 1
38 266 1
37 267 1
37 268 1
36 269 1
35 270 1
35 271 1
35 272 1
35 273 1
35 274 1
35 275 1
35 276 1
36 277 1
37 278 1
38 278 1
39 278 1
40 278 1
41 278 1
42 278 1
43 278 1
44 278 1
45 278 1
46 277 1
47 277 1
48 277 1
49 277 1
50 277 1
51 276 1
52 276 1
.PEN_UP
.PEN_DOWN
46 241 1
48 243 1
49 244 1
50 244 1
51 244 1
.PEN_UP
.PEN_DOWN
45 241 1
43 240 1
42 240 1
41 239 1
40 239 1
39 239 1
38 239 1
37 239 1
36 238 1
35 238 1
34 237 1
32 237 1
31 237 1
30 236 1
29 236 1
28 235 1
27 234 1
26 233 1
26 232 1
25 231 1
25 230 1
25 229 1
25 228 1
25 227 1
25 226 1
25 225 1
25 224 1
26 223 1
26 222 1
27 221 1
28 220 1
29 219 1
30 219 1
31 218 1
32 218 1
33 216 1
33 215 1
.PEN_UP
.PEN_DOWN
33 217 1
34 219 1
34 220 1
34 221 1
34 222 1
34 223 1
34 224 1
34 225 1
34 226 1
34 227 1
34 228 1
34 229 1
34 230 1
34 231 1
34 232 1
34 233 1
34 234 1
34 235 1
34 236 1
.PEN_UP
.PEN_DOWN
34 204 1
35 204 1
36 204 1
37 204 1
38 204 1
39 204 1
40 203 1
41 203 1
42 203 1
43 203 1
44 203 1
45 203 1
46 202 1
47 202 1
48 202 1
49 201 1
50 201 1
51 201 1
52 201 1
.PEN_UP
.PEN_DOWN
76 295 1
75 295 1
74 294 1
73 294 1
72 294 1
71 294 1
70 294 1
69 294 1
68 295 1
67 295 1
66 295 1
65 295 1
64 295 1
63 295 1
62 296 1
61 296 1
60 296 1
59 296 1
58 296 1
57 296 1
56 296 1
55 296 1
54 296 1
53 297 1
52 297 1
51 297 1
50 298 1
49 298 1
48 298 1
45 298 1
44 298 1
43 298 1
42 298 1
41 298 1
40 298 1
39 298 1
38 299 1
37 300 1
37 301 1
36 302 1
35 303 1
34 304 1
33 305 1
32 305 1
31 306 1
30 307 1
30 308 1
30 309 1
29 310 1
29 311 1
29 312 1
29 313 1
30 314 1
31 315 1
32 315 1
33 316 1
34 315 1
35 315 1
36 315 1
37 314 1
38 314 1
39 313 1
40 312 1
41 311 1
42 310 1
43 309 1
44 308 1
44 307 1
45 306 1
46 305 1
46 304 1
46 303 1
47 302 1
47 301 1
47 300 1
47 299 1
.PEN_UP
.PEN_DOWN
35 330 1
34 331 1
34 332 1
33 333 1
33 334 1
33 335 1
33 336 1
33 337 1
33 338 1
33 339 1
32 340 1
32 341 1
33 342 1
35 343 1
36 343 1
37 343 1
38 343 1
39 343 1
40 343 1
41 343 1
42 344 1
43 344 1
44 345 1
45 345 1
46 346 1
47 346 1
48 347 1
49 348 1
50 349 1
50 350 1
51 351 1
52 352 1
52 353 1
52 354 1
52 355 1
53 356 1
53 357 1
53 358 1
53 359 1
53 360 1
53 361 1
53 362 1
53 363 1
53 364 1
52 365 1
52 366 1
51 367 1
50 368 1
49 369 1
48 370 1
47 371 1
46 371 1
45 372 1
44 372 1
43 372 1
42 372 1
41 372 1
40 372 1
39 372 1
38 371 1
37 371 1
36 371 1
35 371 1
34 371 1
33 371 1
32 371 1
31 372 1
31 373 1
30 374 1
30 375 1
30 376 1
29 377 1
29 378 1
29 379 1
29 380 1
.PEN_UP
.PEN_DOWN
33 345 1
33 346 1
31 348 1
30 348 1
29 349 1
28 350 1
28 351 1
28 352 1
28 353 1
28 354 1
27 355 1
28 356 1
28 357 1
29 358 1
30 359 1
31 360 1
32 360 1
33 359 1
34 358 1
34 357 1
35 356 1
35 355 1
35 354 1
35 353 1
35 352 1
35 351 1
34 350 1
34 349 1
34 348 1
33 347 1
.PEN_UP
.PEN_DOWN
54 418 1
54 417 1
54 416 1
54 415 1
54 414 1
54 413 1
54 412 1
54 411 1
54 410 1
53 409 1
53 408 1
53 407 1
52 406 1
52 405 1
51 404 1
51 403 1
50 402 1
50 401 1
49 400 1
49 399 1
48 398 1
47 397 1
46 396 1
45 395 1
44 395 1
43 394 1
42 393 1
41 392 1
40 392 1
39 392 1
38 392 1
37 393 1
36 394 1
35 395 1
34 396 1
34 397 1
33 398 1
33 399 1
33 400 1
35 401 1
36 401 1
37 402 1
37 403 1
37 404 1
37 405 1
37 406 1
37 407 1
38 408 1
38 409 1
38 410 1
38 411 1
38 412 1
39 413 1
39 414 1
39 415 1
39 416 1
39 417 1
39 418 1
38 419 1
40 421 1
41 421 1
42 422 1
43 423 1
44 424 1
44 425 1
44 426 1
45 427 1
44 428 1
44 429 1
44 430 1
44 431 1
44 432 1
44 433 1
43 434 1
43 435 1
43 436 1
43 437 1
42 438 1
41 439 1
41 440 1
40 441 1
40 442 1
40 443 1
39 444 1
39 445 1
39 446 1
38 447 1
37 447 1
36 447 1
35 447 1
34 447 1
33 447 1
31 449 1
30 450 1
29 450 1
28 450 1
27 450 1
26 450 1
25 450 1
24 451 1
23 451 1
22 451 1
21 451 1
20 451 1
19 452 1
18 452 1
17 452 1
16 452 1
15 452 1
14 453 1
13 453 1
12 453 1
11 453 1
10 453 1
9 453 1
8 453 1
7 453 1
6 453 1
5 454 1
4 454 1
.PEN_UP
.PEN_DOWN
32 447 1
31 446 1
30 445 1
30 444 1
30 443 1
29 442 1
29 441 1
29 440 1
28 439 1
28 438 1
27 437 1
27 436 1
27 435 1
27 434 1
28 433 1
28 432 1
28 431 1
28 430 1
29 429 1
30 428 1
31 427 1
31 426 1
32 425 1
33 424 1
33 423 1
34 422 1
34 421 1
35 420 1
34 419 1
33 418 1
32 417 1
31 416 1
31 415 1
30 414 1
30 413 1
30 412 1
30 411 1
30 410 1
30 409 1
30 408 1
30 407 1
30 406 1
30 405 1
31 404 1
31 403 1
31 402 1
32 401 1
.PEN_UP
.PEN_DOWN
39 448 1
40 448 1
41 449 1
42 449 1
43 449 1
44 450 1
45 450 1
46 450 1
47 450 1
.PEN_UP
