.PEN_DOWN
31 2 1
32 1 1
33 1 1
34 1 1
35 1 1
36 1 1
37 1 1
38 1 1
39 1 1
40 1 1
41 1 1
42 2 1
43 2 1
44 2 1
45 2 1
46 3 1
47 3 1
48 3 1
49 3 1
50 4 1
51 4 1
52 4 1
53 5 1
54 5 1
55 6 1
56 6 1
57 7 1
58 7 1
59 7 1
60 8 1
61 8 1
62 9 1
63 9 1
64 10 1
65 11 1
66 12 1
67 13 1
67 14 1
68 15 1
68 16 1
68 17 1
68 18 1
68 19 1
68 20 1
68 21 1
67 22 1
66 23 1
66 24 1
65 25 1
64 26 1
63 26 1
62 27 1
61 27 1
60 28 1
59 28 1
58 29 1
57 30 1
55 31 1
54 31 1
53 31 1
52 30 1
51 30 1
50 30 1
49 30 1
48 30 1
47 30 1
46 29 1
45 29 1
44 29 1
43 29 1
42 28 1
.PEN_UP
.PEN_DOWN
56 31 1
57 33 1
57 34 1
58 35 1
58 36 1
59 37 1
60 38 1
60 39 1
61 40 1
61 41 1
62 42 1
62 43 1
62 44 1
62 45 1
63 46 1
63 47 1
63 48 1
63 49 1
63 50 1
63 51 1
63 52 1
63 53 1
63 54 1
63 55 1
63 56 1
62 57 1
61 58 1
60 58 1
59 58 1
58 58 1
57 58 1
56 58 1
55 58 1
54 58 1
53 58 1
52 57 1
51 57 1
50 57 1
49 57 1
48 56 1
47 56 1
46 56 1
45 55 1
44 54 1
43 53 1
42 52 1
41 51 1
40 50 1
39 49 1
38 48 1
37 47 1
37 46 1
37 45 1
37 44 1
37 43 1
.PEN_UP
.PEN_DOWN
28 107 1
27 108 1
27 109 1
27 110 1
27 111 1
27 112 1
27 113 1
28 114 1
28 115 1
28 116 1
29 117 1
29 118 1
29 119 1
29 120 1
29 121 1
29 122 1
29 123 1
28 124 1
30 128 1
31 128 1
32 128 1
33 128 1
34 128 1
35 128 1
36 129 1
37 129 1
38 129 1
39 130 1
40 130 1
41 130 1
42 130 1
43 130 1
44 130 1
45 131 1
46 131 1
47 131 1
48 131 1
49 133 1
50 134 1
51 135 1
52 135 1
53 135 1
54 136 1
55 136 1
56 137 1
57 138 1
58 139 1
58 140 1
58 141 1
58 142 1
58 143 1
58 144 1
59 145 1
59 146 1
59 147 1
58 148 1
58 149 1
58 150 1
57 151 1
56 152 1
55 153 1
54 153 1
53 154 1
52 153 1
51 152 1
50 151 1
49 150 1
48 149 1
47 148 1
46 147 1
45 147 1
44 146 1
43 146 1
42 145 1
41 145 1
40 145 1
39 145 1
38 145 1
37 144 1
36 145 1
35 145 1
34 145 1
33 145 1
32 146 1
31 147 1
30 148 1
29 149 1
28 150 1
28 151 1
28 152 1
28 153 1
27 154 1
28 155 1
28 156 1
28 157 1
29 158 1
30 159 1
31 160 1
32 160 1
33 161 1
34 162 1
35 162 1
36 162 1
37 162 1
38 162 1
39 162 1
40 162 1
41 162 1
42 162 1
43 162 1
44 162 1
45 162 1
46 161 1
47 160 1
48 160 1
49 160 1
50 160 1
51 159 1
52 159 1
54 160 1
55 161 1
55 162 1
55 163 1
55 164 1
56 165 1
56 166 1
56 167 1
56 168 1
56 169 1
56 170 1
56 171 1
56 172 1
56 173 1
56 174 1
56 175 1
56 176 1
56 177 1
56 178 1
56 179 1
56 180 1
56 181 1
56 182 1
56 183 1
56 184 1
56 185 1
56 186 1
56 187 1
56 188 1
55 189 1
55 190 1
55 191 1
54 192 1
54 193 1
53 194 1
51 195 1
50 195 1
49 194 1
48 194 1
47 194 1
46 194 1
45 193 1
44 193 1
43 192 1
42 192 1
41 191 1
40 191 1
39 191 1
38 191 1
37 191 1
36 190 1
35 191 1
34 191 1
33 191 1
32 191 1
31 191 1
30 192 1
30 193 1
30 194 1
30 195 1
30 196 1
30 197 1
30 198 1
30 199 1
30 200 1
30 201 1
30 202 1
30 203 1
29 204 1
29 205 1
29 206 1
29 207 1
29 208 1
29 209 1
29 210 1
29 211 1
29 212 1
29 213 1
29 214 1
29 215 1
30 216 1
30 217 1
31 218 1
31 219 1
32 220 1
34 221 1
35 222 1
36 223 1
37 224 1
37 225 1
38 226 1
39 227 1
39 228 1
39 229 1
40 230 1
40 231 1
41 232 1
41 233 1
41 234 1
42 235 1
42 236 1
42 237 1
43 238 1
43 239 1
44 240 1
44 241 1
45 242 1
45 243 1
45 244 1
46 245 1
46 246 1
46 247 1
46 248 1
47 249 1
48 250 1
48 251 1
49 252 1
50 253 1
50 254 1
51 255 1
52 256 1
53 257 1
54 257 1
55 257 1
56 258 1
59 256 1
60 255 1
60 254 1
60 253 1
60 252 1
61 251 1
61 250 1
61 249 1
61 248 1
61 247 1
61 246 1
61 245 1
61 244 1
61 243 1
61 242 1
61 241 1
60 240 1
60 239 1
60 238 1
59 237 1
58 236 1
57 235 1
56 234 1
55 233 1
54 233 1
53 233 1
52 233 1
51 233 1
50 234 1
49 234 1
.PEN_UP
.PEN_DOWN
32 221 1
31 222 1
31 223 1
30 224 1
30 225 1
30 226 1
30 227 1
31 228 1
31 229 1
30 230 1
30 231 1
30 232 1
30 233 1
30 234 1
30 235 1
31 236 1
31 237 1
32 238 1
32 239 1
33 240 1
34 241 1
35 242 1
36 243 1
37 244 1
38 244 1
.PEN_UP
.PEN_DOWN
52 195 1
53 197 1
54 198 1
55 199 1
56 200 1
57 200 1
.PEN_UP
.PEN_DOWN
53 158 1
53 157 1
53 156 1
53 155 1
.PEN_UP
.PEN_DOWN
49 130 1
50 129 1
51 128 1
52 128 1
53 127 1
54 127 1
55 126 1
56 125 1
57 124 1
58 123 1
58 122 1
58 121 1
58 120 1
58 119 1
58 118 1
58 117 1
58 116 1
58 115 1
58 114 1
58 113 1
57 112 1
57 111 1
57 110 1
57 109 1
56 108 1
56 107 1
55 106 1
54 105 1
54 104 1
53 103 1
53 102 1
52 101 1
52 100 1
52 99 1
50 97 1
49 97 1
48 97 1
47 97 1
46 96 1
45 96 1
44 95 1
43 95 1
42 94 1
41 93 1
40 93 1
39 92 1
38 92 1
37 91 1
36 90 1
35 89 1
35 88 1
34 87 1
33 86 1
33 85 1
33 84 1
32 83 1
32 82 1
32 81 1
32 80 1
32 79 1
32 78 1
32 77 1
32 76 1
33 75 1
33 74 1
33 73 1
34 72 1
35 71 1
36 70 1
37 69 1
38 68 1
39 67 1
40 67 1
41 67 1
42 67 1
43 67 1
44 66 1
45 66 1
46 66 1
47 67 1
48 67 1
49 67 1
50 67 1
51 68 1
52 69 1
53 70 1
54 71 1
55 72 1
56 73 1
57 74 1
57 75 1
58 76 1
58 77 1
58 78 1
58 79 1
58 80 1
58 81 1
59 82 1
59 83 1
59 84 1
59 85 1
59 86 1
59 87 1
58 88 1
58 89 1
58 90 1
58 91 1
57 92 1
57 93 1
56 94 1
56 95 1
55 96 1
54 96 1
53 97 1
.PEN_UP
.PEN_DOWN
27 125 1
26 125 1
25 125 1
24 124 1
23 124 1
22 124 1
21 124 1
20 123 1
19 123 1
18 123 1
17 122 1
16 122 1
15 122 1
14 121 1
13 121 1
12 121 1
11 120 1
10 120 1
9 119 1
8 119 1
.PEN_UP
.PEN_DOWN
28 126 1
28 130 1
27 131 1
27 132 1
27 133 1
27 134 1
26 135 1
26 136 1
26 137 1
.PEN_UP
.PEN_DOWN
1 213 1
2 214 1
3 214 1
4 215 1
5 215 1
6 215 1
7 215 1
8 215 1
9 216 1
10 216 1
11 216 1
.PEN_UP
