.PEN_DOWN
26 2 1
27 2 1
28 2 1
29 2 1
30 1 1
31 1 1
32 1 1
33 1 1
34 1 1
35 1 1
36 1 1
37 1 1
38 1 1
39 1 1
40 1 1
41 1 1
42 1 1
43 2 1
44 2 1
45 2 1
46 2 1
47 2 1
48 2 1
49 2 1
50 2 1
51 2 1
52 2 1
53 2 1
54 2 1
55 3 1
56 3 1
57 3 1
58 3 1
59 4 1
60 4 1
61 4 1
62 5 1
63 6 1
64 7 1
65 8 1
65 9 1
65 10 1
64 11 1
64 12 1
63 13 1
62 14 1
61 14 1
60 14 1
59 15 1
58 16 1
57 17 1
56 17 1
55 17 1
54 18 1
53 19 1
52 19 1
51 19 1
50 20 1
49 20 1
48 21 1
47 21 1
46 21 1
45 22 1
44 22 1
43 23 1
43 24 1
42 25 1
42 26 1
40 27 1
39 27 1
38 27 1
37 28 1
36 28 1
.PEN_UP
.PEN_DOWN
41 27 1
43 28 1
44 29 1
45 29 1
46 29 1
47 29 1
48 29 1
49 30 1
50 30 1
51 30 1
52 31 1
53 31 1
54 31 1
55 31 1
56 32 1
57 32 1
58 32 1
59 32 1
60 32 1
61 32 1
62 32 1
63 33 1
64 33 1
65 33 1
66 33 1
67 33 1
68 33 1
69 34 1
70 34 1
71 34 1
.PEN_UP
.PEN_DOWN
4 29 1
5 29 1
6 29 1
7 30 1
8 30 1
9 31 1
10 31 1
11 32 1
12 33 1
13 34 1
14 34 1
15 35 1
.PEN_UP
.PEN_DOWN
12 82 1
13 82 1
14 82 1
15 82 1
16 82 1
17 82 1
18 82 1
19 82 1
20 82 1
21 83 1
.PEN_UP
.PEN_DOWN
37 93 1
36 94 1
36 95 1
36 96 1
36 97 1
35 98 1
35 99 1
35 100 1
35 101 1
32 102 1
31 102 1
30 102 1
29 101 1
28 101 1
27 101 1
26 101 1
25 101 1
24 101 1
23 101 1
22 101 1
21 101 1
20 100 1
19 100 1
18 100 1
17 100 1
16 100 1
15 100 1
14 100 1
13 100 1
12 100 1
11 100 1
10 101 1
9 101 1
8 101 1
7 101 1
6 101 1
5 101 1
4 101 1
3 102 1
2 101 1
1 101 1
.PEN_UP
.PEN_DOWN
34 102 1
36 103 1
37 103 1
38 103 1
39 103 1
40 103 1
41 103 1
42 103 1
43 103 1
44 103 1
45 103 1
46 103 1
47 103 1
48 103 1
49 104 1
50 104 1
51 104 1
52 104 1
53 104 1
54 105 1
55 105 1
56 105 1
57 105 1
58 105 1
59 105 1
60 105 1
61 105 1
.PEN_UP
.PEN_DOWN
33 102 1
34 104 1
34 105 1
34 106 1
34 107 1
34 108 1
34 109 1
34 110 1
34 111 1
.PEN_UP
.PEN_DOWN
64 84 1
63 83 1
62 83 1
61 83 1
60 83 1
59 83 1
58 82 1
57 82 1
56 82 1
55 82 1
54 81 1
53 81 1
52 81 1
51 81 1
50 81 1
49 81 1
48 81 1
47 81 1
46 80 1
45 80 1
44 80 1
43 80 1
42 80 1
41 79 1
40 79 1
39 78 1
38 77 1
37 76 1
36 75 1
35 74 1
35 73 1
34 72 1
34 71 1
34 70 1
34 69 1
34 68 1
34 67 1
34 66 1
34 65 1
34 64 1
34 63 1
33 62 1
32 62 1
31 62 1
30 61 1
29 60 1
28 59 1
28 58 1
28 57 1
28 56 1
28 55 1
28 54 1
28 53 1
28 52 1
28 51 1
28 50 1
29 49 1
29 48 1
30 47 1
31 46 1
32 45 1
33 45 1
34 45 1
35 45 1
36 45 1
37 46 1
38 47 1
39 48 1
40 48 1
41 49 1
42 49 1
43 50 1
45 52 1
46 53 1
47 54 1
48 55 1
49 56 1
50 57 1
51 58 1
52 59 1
53 60 1
54 61 1
55 62 1
56 63 1
57 64 1
58 65 1
59 65 1
60 65 1
61 64 1
62 63 1
62 62 1
62 61 1
62 60 1
62 59 1
62 58 1
62 57 1
62 56 1
61 55 1
61 54 1
60 53 1
60 52 1
59 51 1
58 50 1
57 49 1
56 48 1
55 48 1
54 47 1
53 47 1
52 47 1
51 47 1
50 47 1
49 47 1
48 47 1
47 48 1
46 48 1
45 49 1
44 50 1
42 53 1
41 54 1
40 55 1
39 56 1
39 57 1
38 58 1
37 59 1
37 60 1
36 61 1
35 62 1
.PEN_UP
