.PEN_DOWN
46 1 1
45 2 1
44 3 1
43 4 1
42 4 1
41 5 1
40 6 1
39 7 1
38 7 1
37 8 1
36 9 1
35 10 1
34 10 1
33 11 1
32 12 1
32 13 1
31 14 1
31 15 1
32 16 1
33 17 1
34 17 1
35 18 1
36 18 1
37 19 1
38 19 1
39 20 1
40 20 1
41 21 1
42 21 1
43 22 1
.PEN_UP
.PEN_DOWN
32 39 1
33 38 1
34 38 1
35 38 1
36 37 1
37 37 1
38 37 1
39 37 1
40 37 1
41 38 1
41 39 1
42 40 1
42 41 1
41 42 1
41 43 1
41 44 1
41 45 1
40 46 1
40 47 1
39 48 1
38 49 1
37 50 1
36 51 1
36 52 1
35 53 1
35 54 1
35 55 1
35 56 1
36 57 1
37 58 1
38 59 1
39 60 1
40 61 1
41 62 1
42 63 1
43 64 1
44 65 1
44 66 1
45 67 1
.PEN_UP
.PEN_DOWN
26 89 1
27 88 1
28 87 1
29 86 1
29 85 1
30 84 1
31 84 1
32 83 1
33 83 1
34 82 1
35 82 1
36 82 1
37 82 1
38 82 1
39 82 1
40 83 1
41 83 1
42 84 1
43 85 1
43 86 1
44 87 1
44 88 1
45 89 1
45 90 1
45 91 1
45 92 1
45 93 1
45 94 1
44 95 1
.PEN_UP
.PEN_DOWN
28 116 1
27 115 1
27 114 1
27 113 1
28 112 1
28 111 1
28 110 1
29 109 1
29 108 1
30 107 1
31 106 1
32 105 1
33 105 1
34 105 1
35 104 1
36 104 1
37 104 1
38 104 1
39 104 1
40 105 1
41 106 1
42 107 1
43 108 1
43 109 1
44 110 1
44 111 1
44 112 1
44 113 1
44 114 1
45 115 1
45 116 1
44 117 1
44 118 1
44 119 1
43 120 1
43 121 1
43 122 1
43 123 1
42 124 1
42 125 1
41 126 1
40 127 1
40 128 1
39 129 1
39 130 1
38 131 1
36 132 1
35 132 1
34 132 1
33 132 1
32 133 1
31 134 1
30 135 1
29 135 1
28 136 1
.PEN_UP
.PEN_DOWN
37 132 1
39 133 1
40 134 1
41 135 1
41 136 1
42 137 1
43 138 1
43 139 1
43 140 1
43 141 1
44 142 1
44 143 1
44 144 1
44 145 1
44 146 1
44 147 1
43 148 1
43 149 1
42 150 1
42 151 1
41 152 1
40 153 1
40 154 1
39 155 1
39 156 1
39 157 1
38 158 1
38 159 1
37 160 1
35 161 1
34 161 1
33 161 1
32 161 1
31 162 1
30 163 1
29 164 1
28 165 1
27 165 1
26 166 1
.PEN_UP
.PEN_DOWN
36 161 1
38 162 1
39 162 1
40 163 1
41 164 1
42 165 1
43 166 1
43 167 1
44 168 1
44 169 1
45 170 1
45 171 1
.PEN_UP
.PEN_DOWN
27 199 1
27 198 1
26 197 1
26 196 1
27 195 1
27 194 1
27 193 1
28 192 1
29 191 1
30 190 1
30 189 1
31 188 1
32 188 1
33 187 1
34 187 1
35 186 1
36 186 1
37 185 1
38 185 1
39 185 1
40 186 1
41 186 1
42 187 1
42 188 1
42 189 1
42 190 1
42 191 1
42 192 1
42 193 1
41 194 1
40 195 1
40 196 1
39 197 1
38 198 1
38 199 1
37 200 1
36 201 1
35 202 1
35 203 1
34 204 1
33 205 1
32 206 1
31 207 1
30 208 1
29 208 1
28 209 1
27 210 1
27 211 1
26 212 1
26 213 1
25 214 1
24 214 1
23 215 1
22 215 1
21 215 1
20 215 1
19 215 1
18 215 1
17 215 1
16 216 1
15 216 1
14 217 1
13 217 1
12 218 1
11 218 1
10 219 1
9 220 1
8 220 1
7 221 1
6 222 1
5 222 1
4 223 1
3 224 1
3 225 1
2 226 1
1 227 1
.PEN_UP
.PEN_DOWN
26 215 1
27 216 1
28 216 1
29 216 1
30 217 1
31 217 1
32 217 1
33 218 1
34 218 1
35 218 1
36 219 1
37 220 1
38 220 1
39 221 1
40 222 1
41 223 1
42 224 1
42 225 1
42 226 1
.PEN_UP
