.PEN_DOWN
2 26 1
2 25 1
1 24 1
1 23 1
2 22 1
3 21 1
4 20 1
5 19 1
6 18 1
7 18 1
8 17 1
9 17 1
10 17 1
11 17 1
12 17 1
13 17 1
14 16 1
15 16 1
16 16 1
17 16 1
18 16 1
19 16 1
20 16 1
21 16 1
22 16 1
23 16 1
24 16 1
25 16 1
26 16 1
27 16 1
28 17 1
29 17 1
30 17 1
31 17 1
32 17 1
33 18 1
34 18 1
35 19 1
36 19 1
37 19 1
38 20 1
39 21 1
40 22 1
40 23 1
40 24 1
40 25 1
41 26 1
41 27 1
41 28 1
41 29 1
41 30 1
41 31 1
42 32 1
42 33 1
43 34 1
44 35 1
45 36 1
46 36 1
47 36 1
48 36 1
49 36 1
50 36 1
51 36 1
52 35 1
53 35 1
54 35 1
55 35 1
56 35 1
57 34 1
58 34 1
59 34 1
60 34 1
61 34 1
62 34 1
63 34 1
64 34 1
65 33 1
66 33 1
67 33 1
68 33 1
69 33 1
70 33 1
71 33 1
72 33 1
73 33 1
74 34 1
75 34 1
76 35 1
77 35 1
78 34 1
79 34 1
80 33 1
81 33 1
82 33 1
83 33 1
84 32 1
85 32 1
86 32 1
87 32 1
88 32 1
.PEN_UP
.PEN_DOWN
75 36 1
75 37 1
74 38 1
74 39 1
73 40 1
72 41 1
71 41 1
70 42 1
69 43 1
68 43 1
67 44 1
66 44 1
65 45 1
64 45 1
63 46 1
62 47 1
61 48 1
60 49 1
59 50 1
58 51 1
57 52 1
56 53 1
55 54 1
55 55 1
54 56 1
54 57 1
53 58 1
53 59 1
53 60 1
53 61 1
53 62 1
53 63 1
54 64 1
55 65 1
56 66 1
57 67 1
58 67 1
59 67 1
60 67 1
61 67 1
62 68 1
63 68 1
64 68 1
65 68 1
66 68 1
67 68 1
68 68 1
69 68 1
70 68 1
71 68 1
72 68 1
73 68 1
74 68 1
75 68 1
76 67 1
77 67 1
78 67 1
79 67 1
80 67 1
81 66 1
82 66 1
83 66 1
.PEN_UP
.PEN_DOWN
58 8 1
59 8 1
60 7 1
61 6 1
62 6 1
63 5 1
64 5 1
65 4 1
66 4 1
67 3 1
68 3 1
69 3 1
70 2 1
71 2 1
72 2 1
73 1 1
74 1 1
75 1 1
76 1 1
77 1 1
78 1 1
.PEN_UP
.PEN_DOWN
57 119 1
56 119 1
55 119 1
54 118 1
53 118 1
52 117 1
51 116 1
51 115 1
51 114 1
51 113 1
51 112 1
51 111 1
52 110 1
53 109 1
53 108 1
54 107 1
55 106 1
56 105 1
57 104 1
58 103 1
59 103 1
60 103 1
61 103 1
62 102 1
63 102 1
64 101 1
65 101 1
66 101 1
67 100 1
68 100 1
69 100 1
70 99 1
71 99 1
72 99 1
73 99 1
74 99 1
75 99 1
76 99 1
77 100 1
77 101 1
78 102 1
77 103 1
77 104 1
77 105 1
77 106 1
77 107 1
77 108 1
76 109 1
76 110 1
75 111 1
75 112 1
75 113 1
74 114 1
74 115 1
73 116 1
73 117 1
73 118 1
73 119 1
72 120 1
72 121 1
71 122 1
71 123 1
70 124 1
70 125 1
70 126 1
69 127 1
69 128 1
68 129 1
68 130 1
67 131 1
67 132 1
67 133 1
66 134 1
66 135 1
66 136 1
65 137 1
65 138 1
64 139 1
64 140 1
64 141 1
64 142 1
63 143 1
63 144 1
63 145 1
63 146 1
62 147 1
62 148 1
62 149 1
62 150 1
63 151 1
62 153 1
62 154 1
61 155 1
60 156 1
60 157 1
59 158 1
58 159 1
57 160 1
56 160 1
55 161 1
54 161 1
53 161 1
52 161 1
51 162 1
50 162 1
49 162 1
48 163 1
47 163 1
46 164 1
45 164 1
44 164 1
43 164 1
42 164 1
41 164 1
40 164 1
39 164 1
38 164 1
37 164 1
36 164 1
35 165 1
34 165 1
33 166 1
32 167 1
30 168 1
29 168 1
28 168 1
27 168 1
.PEN_UP
.PEN_DOWN
31 168 1
33 169 1
34 170 1
35 170 1
36 170 1
37 170 1
38 170 1
39 170 1
40 170 1
41 170 1
42 170 1
43 170 1
44 170 1
45 170 1
.PEN_UP
.PEN_DOWN
64 151 1
65 151 1
66 151 1
67 151 1
68 150 1
.PEN_UP
.PEN_DOWN
80 292 1
79 293 1
78 293 1
77 293 1
76 294 1
75 295 1
75 296 1
74 297 1
73 298 1
73 299 1
72 300 1
71 301 1
70 302 1
69 303 1
68 304 1
67 305 1
66 306 1
66 307 1
66 308 1
66 309 1
65 310 1
65 311 1
64 312 1
63 313 1
62 314 1
61 315 1
60 316 1
59 317 1
59 318 1
58 319 1
57 320 1
56 321 1
56 322 1
55 323 1
55 324 1
54 325 1
54 326 1
53 327 1
53 328 1
52 329 1
52 330 1
52 331 1
51 332 1
51 333 1
51 334 1
51 335 1
51 336 1
51 337 1
52 338 1
53 339 1
54 339 1
55 340 1
56 340 1
57 340 1
58 340 1
59 340 1
60 340 1
61 340 1
62 340 1
63 340 1
64 339 1
65 339 1
66 339 1
67 339 1
68 339 1
69 339 1
70 338 1
71 338 1
72 337 1
73 337 1
74 336 1
75 336 1
76 335 1
77 335 1
78 334 1
79 334 1
80 334 1
81 333 1
.PEN_UP
.PEN_DOWN
75 293 1
75 292 1
75 291 1
75 290 1
75 289 1
75 288 1
75 287 1
75 286 1
75 285 1
75 284 1
76 283 1
76 282 1
76 281 1
76 280 1
76 279 1
76 278 1
75 277 1
75 276 1
75 275 1
75 274 1
75 273 1
74 272 1
74 271 1
73 270 1
73 269 1
72 268 1
72 267 1
71 266 1
70 265 1
69 264 1
68 263 1
67 263 1
66 262 1
66 260 1
66 259 1
67 258 1
67 257 1
67 256 1
67 255 1
67 254 1
68 253 1
68 252 1
68 251 1
69 250 1
69 249 1
70 248 1
70 247 1
70 246 1
70 245 1
71 244 1
71 243 1
71 242 1
71 241 1
72 240 1
72 239 1
72 238 1
72 237 1
73 236 1
73 235 1
73 234 1
73 233 1
73 232 1
73 231 1
73 230 1
73 229 1
73 228 1
73 227 1
72 226 1
72 225 1
72 224 1
71 223 1
70 222 1
69 221 1
68 220 1
67 220 1
66 219 1
65 219 1
64 219 1
63 219 1
60 219 1
59 219 1
58 219 1
57 220 1
56 220 1
55 221 1
54 221 1
51 223 1
50 223 1
49 223 1
48 224 1
47 224 1
46 224 1
45 225 1
44 226 1
43 226 1
42 227 1
41 228 1
40 229 1
39 230 1
38 230 1
37 231 1
36 232 1
35 233 1
34 234 1
33 234 1
32 235 1
31 236 1
30 237 1
29 238 1
28 239 1
27 240 1
26 241 1
25 242 1
24 243 1
23 244 1
22 245 1
21 246 1
20 247 1
19 247 1
18 248 1
17 249 1
17 250 1
16 251 1
16 252 1
15 253 1
14 254 1
13 255 1
12 256 1
11 257 1
10 258 1
9 259 1
9 260 1
8 261 1
7 262 1
6 263 1
6 264 1
6 265 1
6 266 1
6 267 1
6 268 1
7 269 1
8 269 1
9 268 1
10 268 1
11 268 1
12 268 1
13 267 1
14 267 1
15 267 1
16 266 1
17 266 1
18 265 1
19 264 1
20 264 1
21 264 1
22 263 1
23 262 1
24 261 1
25 261 1
26 260 1
27 259 1
28 258 1
29 257 1
30 257 1
31 256 1
32 255 1
33 254 1
34 253 1
35 252 1
35 251 1
36 250 1
37 249 1
38 248 1
39 247 1
40 246 1
40 245 1
41 244 1
42 243 1
42 242 1
43 241 1
44 240 1
45 239 1
45 238 1
46 237 1
47 236 1
48 235 1
49 234 1
49 233 1
50 232 1
51 231 1
51 230 1
51 229 1
52 228 1
52 227 1
52 226 1
52 225 1
53 224 1
51 220 1
50 219 1
50 218 1
50 217 1
50 216 1
50 215 1
49 214 1
49 213 1
49 212 1
49 211 1
50 210 1
50 209 1
50 208 1
51 207 1
52 206 1
53 205 1
53 204 1
54 203 1
54 202 1
55 201 1
56 200 1
57 199 1
58 198 1
59 197 1
60 196 1
61 195 1
62 194 1
63 193 1
64 192 1
65 191 1
66 190 1
67 189 1
68 188 1
69 188 1
70 188 1
71 187 1
72 187 1
73 187 1
74 188 1
74 189 1
74 190 1
74 191 1
74 192 1
73 193 1
73 194 1
73 195 1
72 196 1
72 197 1
71 198 1
71 199 1
70 200 1
69 201 1
68 202 1
68 203 1
67 204 1
67 205 1
66 206 1
65 207 1
65 208 1
64 209 1
64 210 1
63 211 1
63 212 1
62 213 1
62 214 1
62 215 1
62 216 1
62 217 1
62 218 1
.PEN_UP
.PEN_DOWN
64 262 1
63 262 1
60 262 1
59 262 1
58 262 1
57 262 1
56 263 1
55 263 1
54 264 1
53 264 1
52 265 1
51 266 1
50 267 1
49 268 1
48 269 1
48 270 1
47 271 1
46 272 1
46 273 1
45 274 1
45 275 1
44 276 1
44 277 1
44 278 1
43 279 1
43 280 1
44 281 1
44 282 1
45 283 1
46 284 1
47 284 1
48 284 1
49 283 1
50 283 1
51 282 1
52 281 1
53 281 1
54 280 1
54 279 1
55 278 1
56 277 1
56 276 1
57 275 1
58 274 1
58 273 1
59 272 1
60 271 1
60 270 1
60 269 1
60 268 1
61 267 1
61 266 1
61 265 1
61 264 1
62 263 1
.PEN_UP
.PEN_DOWN
47 384 1
48 383 1
48 382 1
49 381 1
49 380 1
49 379 1
49 378 1
49 377 1
50 376 1
51 375 1
52 374 1
52 373 1
53 372 1
54 371 1
55 370 1
56 369 1
57 368 1
58 367 1
59 366 1
60 365 1
61 364 1
62 363 1
63 363 1
64 362 1
65 361 1
66 361 1
67 360 1
68 360 1
69 359 1
70 359 1
71 358 1
72 358 1
73 357 1
74 357 1
75 357 1
76 356 1
77 356 1
78 356 1
79 356 1
80 356 1
81 356 1
82 356 1
83 356 1
84 357 1
85 357 1
86 358 1
87 359 1
88 360 1
88 361 1
88 362 1
88 363 1
88 364 1
88 365 1
88 366 1
88 367 1
88 368 1
88 369 1
88 370 1
87 371 1
87 372 1
87 373 1
87 374 1
87 375 1
86 376 1
86 377 1
85 378 1
85 379 1
85 380 1
84 381 1
84 382 1
83 383 1
83 384 1
83 385 1
82 386 1
82 387 1
81 388 1
80 389 1
79 390 1
77 390 1
76 389 1
75 389 1
74 389 1
73 389 1
72 389 1
71 389 1
70 390 1
69 390 1
68 390 1
67 391 1
66 392 1
65 392 1
64 393 1
63 394 1
62 395 1
61 396 1
60 397 1
59 398 1
58 399 1
58 400 1
57 401 1
57 402 1
57 403 1
56 404 1
56 405 1
55 406 1
55 407 1
55 408 1
54 409 1
54 410 1
53 411 1
52 412 1
52 413 1
52 414 1
52 415 1
52 416 1
52 417 1
52 418 1
52 419 1
52 420 1
52 421 1
53 422 1
53 423 1
54 424 1
55 424 1
56 424 1
57 424 1
58 424 1
59 423 1
60 423 1
61 422 1
62 422 1
63 421 1
64 420 1
64 419 1
65 418 1
66 417 1
66 416 1
67 415 1
67 414 1
68 413 1
69 412 1
69 411 1
70 410 1
70 409 1
71 408 1
72 407 1
72 406 1
73 405 1
73 404 1
74 403 1
74 402 1
75 401 1
76 400 1
76 399 1
77 398 1
77 397 1
78 396 1
79 395 1
81 396 1
82 396 1
83 397 1
84 398 1
84 399 1
85 400 1
85 401 1
85 402 1
86 403 1
86 404 1
86 405 1
86 406 1
86 407 1
86 408 1
86 409 1
86 410 1
86 411 1
86 412 1
86 413 1
86 414 1
87 415 1
87 416 1
86 417 1
86 418 1
86 419 1
86 420 1
86 421 1
86 422 1
86 423 1
86 424 1
85 425 1
85 426 1
85 427 1
85 428 1
85 429 1
85 430 1
85 431 1
85 432 1
85 433 1
85 434 1
84 435 1
84 436 1
84 437 1
84 438 1
84 439 1
84 440 1
.PEN_UP
.PEN_DOWN
79 394 1
79 393 1
79 392 1
79 391 1
.PEN_UP
