.PEN_DOWN
75 1 1
74 2 1
73 2 1
72 3 1
71 4 1
71 5 1
71 6 1
70 7 1
69 8 1
68 9 1
68 10 1
67 11 1
66 12 1
66 13 1
65 14 1
64 15 1
64 16 1
63 17 1
63 18 1
62 19 1
61 20 1
61 21 1
60 22 1
59 23 1
59 24 1
58 25 1
57 26 1
57 27 1
56 28 1
55 29 1
55 30 1
54 31 1
54 32 1
53 33 1
52 34 1
52 35 1
51 36 1
50 37 1
50 38 1
49 39 1
48 40 1
48 41 1
47 42 1
47 43 1
46 44 1
46 45 1
45 46 1
44 47 1
43 48 1
43 49 1
42 50 1
42 51 1
41 52 1
40 53 1
40 54 1
39 55 1
39 56 1
38 57 1
37 58 1
37 59 1
36 60 1
35 61 1
35 62 1
34 63 1
34 64 1
33 65 1
33 66 1
32 67 1
31 68 1
31 69 1
31 70 1
31 71 1
30 72 1
30 73 1
30 74 1
29 76 1
28 77 1
28 78 1
27 79 1
26 80 1
25 81 1
25 82 1
25 83 1
24 84 1
23 85 1
22 86 1
21 87 1
20 88 1
19 89 1
19 90 1
18 91 1
17 92 1
17 93 1
16 94 1
15 95 1
15 96 1
14 97 1
14 98 1
13 99 1
12 100 1
12 101 1
11 102 1
10 103 1
.PEN_UP
.PEN_DOWN
30 75 1
32 74 1
33 74 1
34 74 1
35 73 1
36 73 1
37 72 1
38 71 1
39 70 1
40 69 1
41 68 1
42 67 1
43 66 1
44 65 1
45 64 1
46 63 1
46 62 1
47 61 1
48 60 1
49 59 1
50 58 1
51 57 1
52 56 1
53 55 1
54 54 1
55 53 1
56 53 1
57 53 1
58 53 1
59 52 1
61 51 1
62 50 1
62 49 1
63 48 1
64 47 1
64 46 1
65 45 1
66 44 1
67 43 1
68 42 1
69 41 1
70 40 1
71 39 1
72 38 1
72 37 1
73 36 1
74 35 1
75 34 1
75 33 1
76 32 1
77 31 1
78 30 1
79 29 1
79 28 1
80 27 1
81 26 1
82 25 1
83 24 1
84 23 1
85 22 1
86 21 1
87 20 1
88 19 1
89 18 1
89 17 1
90 16 1
91 15 1
92 14 1
93 14 1
94 13 1
95 12 1
96 11 1
97 10 1
98 9 1
.PEN_UP
.PEN_DOWN
60 52 1
60 54 1
60 55 1
60 56 1
59 57 1
59 58 1
59 59 1
58 60 1
57 61 1
57 62 1
56 63 1
56 64 1
55 65 1
54 66 1
53 67 1
53 68 1
53 69 1
52 70 1
51 71 1
51 72 1
50 73 1
50 74 1
50 75 1
49 76 1
49 77 1
49 78 1
49 79 1
50 80 1
49 82 1
48 83 1
47 84 1
46 85 1
45 86 1
44 87 1
43 88 1
42 89 1
42 90 1
41 91 1
40 92 1
40 93 1
39 94 1
38 95 1
37 96 1
36 97 1
36 98 1
35 99 1
35 100 1
34 101 1
33 102 1
32 103 1
32 104 1
31 105 1
30 106 1
30 107 1
29 108 1
28 109 1
28 110 1
27 111 1
26 112 1
25 113 1
24 114 1
24 115 1
23 116 1
22 117 1
21 118 1
21 119 1
20 120 1
19 121 1
19 122 1
18 123 1
18 124 1
17 125 1
16 126 1
16 127 1
16 128 1
15 129 1
14 130 1
13 131 1
12 132 1
11 132 1
10 133 1
10 134 1
9 135 1
8 136 1
7 137 1
6 138 1
5 139 1
4 140 1
4 141 1
3 142 1
2 143 1
1 144 1
.PEN_UP
.PEN_DOWN
50 81 1
51 83 1
52 84 1
53 85 1
54 86 1
55 86 1
53 80 1
52 80 1
51 81 1
.PEN_UP
.PEN_DOWN
56 85 1
57 79 1
58 78 1
59 77 1
60 76 1
60 75 1
61 74 1
62 73 1
63 72 1
64 71 1
64 70 1
65 69 1
66 68 1
67 67 1
67 66 1
68 65 1
69 64 1
69 63 1
70 62 1
71 61 1
72 60 1
73 59 1
73 58 1
74 57 1
75 56 1
75 55 1
76 54 1
77 53 1
78 52 1
79 51 1
80 50 1
81 49 1
81 48 1
82 47 1
83 46 1
84 45 1
85 44 1
86 43 1
86 42 1
.PEN_UP
.PEN_DOWN
55 84 1
55 88 1
55 89 1
55 90 1
54 91 1
53 92 1
53 93 1
52 94 1
52 95 1
52 96 1
51 97 1
51 98 1
50 99 1
50 100 1
49 101 1
49 102 1
49 103 1
48 104 1
48 105 1
48 106 1
48 107 1
47 108 1
47 109 1
47 110 1
46 113 1
46 114 1
45 115 1
44 115 1
.PEN_UP
.PEN_DOWN
47 111 1
49 110 1
50 110 1
51 110 1
52 109 1
53 109 1
54 108 1
55 107 1
55 106 1
56 105 1
57 104 1
58 103 1
59 102 1
60 101 1
61 100 1
61 99 1
62 98 1
63 97 1
64 97 1
65 96 1
65 95 1
66 94 1
66 93 1
67 92 1
68 91 1
69 90 1
70 89 1
71 88 1
72 87 1
73 86 1
74 85 1
75 85 1
76 84 1
77 84 1
78 84 1
80 82 1
81 81 1
82 80 1
83 79 1
84 78 1
85 77 1
86 76 1
86 75 1
87 74 1
88 73 1
.PEN_UP
.PEN_DOWN
79 83 1
79 86 1
79 87 1
78 88 1
78 89 1
78 90 1
78 91 1
78 92 1
77 93 1
77 94 1
76 95 1
75 96 1
74 97 1
73 98 1
73 99 1
72 100 1
71 101 1
71 102 1
70 103 1
70 104 1
70 105 1
70 106 1
69 107 1
69 108 1
68 111 1
67 112 1
66 113 1
66 114 1
65 115 1
65 116 1
64 117 1
63 118 1
62 119 1
61 120 1
60 121 1
59 122 1
59 123 1
58 124 1
57 125 1
57 126 1
56 127 1
55 128 1
55 129 1
54 130 1
53 131 1
53 132 1
52 133 1
51 134 1
50 135 1
50 136 1
49 137 1
48 138 1
47 139 1
47 140 1
46 141 1
45 142 1
45 143 1
44 144 1
43 145 1
42 146 1
41 147 1
41 148 1
40 149 1
40 150 1
.PEN_UP
.PEN_DOWN
69 109 1
71 109 1
72 108 1
73 108 1
74 108 1
75 107 1
76 107 1
77 107 1
78 106 1
79 106 1
80 106 1
81 105 1
82 106 1
82 107 1
82 108 1
82 109 1
82 110 1
81 111 1
81 112 1
81 113 1
80 114 1
80 115 1
79 116 1
79 117 1
78 118 1
77 119 1
77 120 1
76 121 1
76 122 1
75 123 1
75 124 1
75 125 1
74 126 1
74 127 1
73 128 1
73 129 1
72 130 1
71 131 1
71 132 1
70 133 1
69 134 1
69 135 1
68 136 1
67 137 1
67 138 1
67 139 1
66 140 1
65 141 1
65 142 1
64 143 1
63 144 1
63 145 1
63 146 1
62 147 1
61 148 1
61 149 1
60 150 1
60 151 1
60 152 1
60 153 1
60 154 1
59 157 1
58 158 1
58 159 1
57 160 1
56 161 1
55 162 1
54 163 1
54 164 1
53 165 1
52 166 1
52 167 1
51 168 1
50 169 1
50 170 1
49 171 1
48 172 1
47 173 1
47 174 1
46 175 1
45 176 1
45 177 1
44 178 1
43 179 1
43 180 1
42 181 1
42 182 1
42 183 1
41 184 1
40 185 1
39 186 1
.PEN_UP
.PEN_DOWN
60 155 1
62 154 1
63 154 1
64 154 1
65 154 1
66 154 1
67 153 1
68 153 1
69 153 1
71 151 1
71 150 1
72 149 1
73 148 1
74 147 1
75 146 1
76 145 1
77 144 1
78 143 1
78 142 1
79 141 1
80 140 1
.PEN_UP
.PEN_DOWN
70 152 1
70 155 1
70 156 1
69 157 1
69 158 1
69 159 1
69 160 1
68 161 1
67 162 1
67 163 1
67 164 1
66 165 1
66 166 1
65 167 1
65 168 1
64 169 1
64 170 1
63 171 1
63 172 1
63 173 1
62 174 1
62 175 1
62 176 1
61 177 1
61 178 1
60 179 1
60 180 1
60 181 1
59 182 1
59 183 1
59 184 1
59 185 1
58 186 1
58 187 1
57 188 1
57 189 1
57 190 1
57 191 1
56 192 1
56 193 1
55 194 1
55 195 1
55 196 1
55 197 1
55 198 1
55 199 1
55 200 1
55 203 1
54 204 1
54 205 1
53 206 1
53 207 1
52 208 1
51 209 1
51 210 1
51 211 1
50 212 1
49 213 1
49 214 1
48 215 1
48 216 1
47 217 1
47 218 1
46 219 1
46 220 1
45 221 1
44 222 1
44 223 1
43 224 1
43 225 1
42 226 1
42 227 1
41 228 1
41 229 1
40 230 1
40 231 1
39 232 1
39 233 1
38 234 1
37 235 1
37 236 1
37 237 1
.PEN_UP
.PEN_DOWN
55 201 1
57 201 1
58 200 1
59 200 1
60 200 1
61 199 1
62 199 1
63 198 1
64 197 1
65 196 1
66 195 1
67 194 1
68 193 1
69 192 1
70 191 1
71 190 1
72 189 1
73 189 1
74 188 1
75 188 1
76 188 1
77 186 1
78 185 1
79 184 1
.PEN_UP
.PEN_DOWN
77 187 1
77 190 1
77 191 1
77 192 1
76 193 1
76 194 1
76 195 1
76 196 1
75 197 1
75 198 1
75 199 1
75 200 1
74 201 1
74 202 1
74 203 1
73 204 1
73 205 1
73 206 1
73 207 1
72 208 1
72 209 1
72 210 1
.PEN_UP
