.PEN_DOWN
1 15 1
2 15 1
3 15 1
4 15 1
5 15 1
6 14 1
7 14 1
8 14 1
9 14 1
10 14 1
11 14 1
12 14 1
13 13 1
14 13 1
15 12 1
16 12 1
17 12 1
18 12 1
19 12 1
20 12 1
21 12 1
22 12 1
23 12 1
24 11 1
25 11 1
26 11 1
27 11 1
28 11 1
29 11 1
30 11 1
31 10 1
32 10 1
33 10 1
34 10 1
35 10 1
36 10 1
37 10 1
38 10 1
39 11 1
40 10 1
41 10 1
42 10 1
43 9 1
44 9 1
45 8 1
46 7 1
48 7 1
49 8 1
50 8 1
51 8 1
52 8 1
53 8 1
54 8 1
55 8 1
.PEN_UP
.PEN_DOWN
46 6 1
46 5 1
45 4 1
45 3 1
45 2 1
44 1 1
.PEN_UP
.PEN_DOWN
39 12 1
39 13 1
39 14 1
38 15 1
38 16 1
37 17 1
36 18 1
35 19 1
34 20 1
33 21 1
32 22 1
31 23 1
31 24 1
30 25 1
28 26 1
27 27 1
26 27 1
25 28 1
24 29 1
23 29 1
22 29 1
21 30 1
20 30 1
19 30 1
18 30 1
17 31 1
16 31 1
15 31 1
14 31 1
13 31 1
12 32 1
11 32 1
10 32 1
9 32 1
8 32 1
7 33 1
6 33 1
5 33 1
4 33 1
3 33 1
2 33 1
1 34 1
.PEN_UP
.PEN_DOWN
29 26 1
32 26 1
33 26 1
34 26 1
35 26 1
36 26 1
37 25 1
38 25 1
39 25 1
40 25 1
41 25 1
42 24 1
43 24 1
44 24 1
45 24 1
46 24 1
47 23 1
48 23 1
49 23 1
50 23 1
51 23 1
52 23 1
53 23 1
54 23 1
55 24 1
55 27 1
54 28 1
53 29 1
52 29 1
51 30 1
50 30 1
49 31 1
48 31 1
47 32 1
46 33 1
45 34 1
45 35 1
45 36 1
43 37 1
42 37 1
41 38 1
.PEN_UP
.PEN_DOWN
44 37 1
47 38 1
48 38 1
49 39 1
49 40 1
49 41 1
49 42 1
48 43 1
47 44 1
46 45 1
46 46 1
45 47 1
45 48 1
45 49 1
45 50 1
46 51 1
48 51 1
49 51 1
50 51 1
51 51 1
52 52 1
53 52 1
54 53 1
55 54 1
55 55 1
55 56 1
55 57 1
.PEN_UP
.PEN_DOWN
45 53 1
44 54 1
41 54 1
40 54 1
39 54 1
38 54 1
37 55 1
36 56 1
35 57 1
35 58 1
35 59 1
35 60 1
36 61 1
37 61 1
38 61 1
39 60 1
40 60 1
41 59 1
42 58 1
43 57 1
43 56 1
43 55 1
.PEN_UP
