.PEN_DOWN
26 46 1
26 47 1
25 49 1
24 49 1
23 49 1
22 49 1
21 49 1
20 49 1
19 50 1
18 50 1
17 50 1
16 51 1
15 51 1
14 51 1
13 52 1
12 52 1
11 53 1
10 53 1
9 54 1
8 54 1
7 55 1
6 56 1
5 57 1
4 58 1
3 59 1
2 60 1
2 61 1
1 62 1
1 63 1
1 64 1
1 65 1
1 66 1
1 67 1
1 68 1
2 69 1
2 70 1
2 71 1
3 72 1
.PEN_UP
.PEN_DOWN
26 48 1
28 50 1
28 51 1
28 52 1
28 53 1
29 54 1
29 55 1
.PEN_UP
.PEN_DOWN
27 48 1
30 47 1
31 47 1
32 47 1
33 47 1
34 47 1
35 47 1
36 47 1
37 46 1
38 46 1
39 46 1
40 46 1
41 46 1
42 46 1
43 46 1
44 46 1
45 46 1
46 46 1
47 46 1
48 45 1
49 45 1
50 45 1
51 45 1
52 45 1
53 44 1
54 44 1
55 43 1
56 43 1
.PEN_UP
