.PEN_DOWN
1 77 1
2 76 1
3 76 1
4 76 1
5 76 1
6 75 1
7 75 1
8 74 1
9 74 1
10 73 1
11 73 1
12 72 1
13 71 1
14 70 1
15 69 1
16 68 1
17 68 1
18 68 1
19 67 1
20 66 1
21 65 1
22 64 1
23 63 1
24 62 1
25 62 1
26 61 1
27 61 1
28 60 1
29 59 1
30 59 1
31 58 1
32 57 1
33 56 1
34 55 1
35 54 1
36 54 1
37 53 1
38 53 1
39 52 1
40 51 1
41 50 1
42 49 1
43 49 1
44 48 1
45 47 1
46 46 1
47 45 1
48 45 1
49 44 1
50 43 1
51 42 1
52 42 1
53 42 1
54 41 1
55 41 1
56 41 1
57 40 1
58 39 1
58 38 1
58 37 1
58 36 1
58 35 1
59 34 1
59 33 1
60 32 1
60 31 1
60 28 1
60 27 1
61 26 1
61 25 1
61 24 1
61 23 1
61 22 1
62 21 1
62 20 1
63 19 1
63 18 1
64 17 1
65 16 1
66 15 1
67 14 1
68 13 1
69 12 1
70 11 1
71 11 1
72 10 1
73 9 1
74 9 1
75 8 1
76 7 1
77 6 1
78 5 1
79 5 1
80 5 1
81 4 1
82 4 1
83 4 1
84 4 1
85 3 1
86 3 1
87 3 1
88 3 1
89 3 1
90 3 1
91 3 1
92 3 1
95 3 1
96 2 1
97 2 1
98 1 1
99 1 1
100 1 1
101 2 1
102 2 1
.PEN_UP
.PEN_DOWN
93 3 1
92 5 1
92 6 1
91 7 1
91 8 1
90 9 1
90 10 1
89 11 1
88 12 1
87 12 1
86 13 1
85 14 1
84 15 1
83 15 1
82 16 1
81 17 1
80 18 1
79 18 1
78 19 1
77 20 1
76 21 1
75 22 1
74 23 1
73 23 1
72 24 1
71 25 1
70 26 1
69 27 1
68 28 1
67 28 1
66 28 1
65 29 1
64 29 1
63 29 1
62 30 1
61 30 1
.PEN_UP
.PEN_DOWN
58 41 1
58 42 1
58 43 1
58 44 1
59 45 1
59 46 1
59 47 1
59 48 1
59 49 1
60 50 1
60 51 1
60 52 1
61 53 1
62 54 1
63 54 1
64 54 1
65 54 1
66 54 1
67 54 1
68 56 1
68 57 1
68 58 1
69 59 1
70 60 1
71 61 1
72 62 1
73 62 1
74 62 1
75 62 1
76 62 1
77 61 1
78 60 1
79 59 1
80 58 1
80 57 1
80 56 1
80 55 1
80 54 1
80 53 1
80 52 1
79 51 1
78 51 1
77 50 1
76 50 1
75 50 1
74 51 1
73 51 1
72 51 1
71 51 1
70 51 1
69 52 1
68 53 1
.PEN_UP
