.PEN_DOWN
1 4 1
2 3 1
3 3 1
4 3 1
5 3 1
6 3 1
7 3 1
8 3 1
9 3 1
10 3 1
11 3 1
12 3 1
13 3 1
14 3 1
15 3 1
16 3 1
17 3 1
18 3 1
19 3 1
20 3 1
21 3 1
22 2 1
23 2 1
24 2 1
25 2 1
26 2 1
27 2 1
28 2 1
29 2 1
30 2 1
31 2 1
32 2 1
33 2 1
34 2 1
35 2 1
36 1 1
37 1 1
38 1 1
39 1 1
40 1 1
41 1 1
42 1 1
43 1 1
44 1 1
45 2 1
46 2 1
47 4 1
47 5 1
47 6 1
46 7 1
46 8 1
46 9 1
46 10 1
45 11 1
45 12 1
45 13 1
45 14 1
44 15 1
44 16 1
44 17 1
44 18 1
44 19 1
45 20 1
45 21 1
45 22 1
46 23 1
46 24 1
47 25 1
48 26 1
49 27 1
50 28 1
51 29 1
52 30 1
53 31 1
54 32 1
55 33 1
56 34 1
58 35 1
59 35 1
60 35 1
61 35 1
62 35 1
63 35 1
65 36 1
66 37 1
67 38 1
68 39 1
68 40 1
68 41 1
68 42 1
68 43 1
68 44 1
68 45 1
68 46 1
67 47 1
67 48 1
67 49 1
66 50 1
66 51 1
66 52 1
65 53 1
65 54 1
65 55 1
65 56 1
63 57 1
62 57 1
61 57 1
60 57 1
59 57 1
58 57 1
57 57 1
.PEN_UP
.PEN_DOWN
64 57 1
66 59 1
66 60 1
66 61 1
66 62 1
66 63 1
66 64 1
66 65 1
66 66 1
66 67 1
66 68 1
66 69 1
65 71 1
64 72 1
63 73 1
62 73 1
61 73 1
60 74 1
59 74 1
58 74 1
57 75 1
56 76 1
.PEN_UP
.PEN_DOWN
66 70 1
68 70 1
69 70 1
70 70 1
71 70 1
72 70 1
73 71 1
74 71 1
.PEN_UP
.PEN_DOWN
64 34 1
65 33 1
65 32 1
65 31 1
65 30 1
66 29 1
66 28 1
66 27 1
66 26 1
66 25 1
66 24 1
67 23 1
67 22 1
67 21 1
67 20 1
67 19 1
67 18 1
67 17 1
67 16 1
67 15 1
67 14 1
66 13 1
66 12 1
66 11 1
66 10 1
66 9 1
66 8 1
65 7 1
65 6 1
64 5 1
.PEN_UP
.PEN_DOWN
56 35 1
55 37 1
55 38 1
54 39 1
.PEN_UP
.PEN_DOWN
17 104 1
18 104 1
19 103 1
20 103 1
21 103 1
22 103 1
23 103 1
24 103 1
25 103 1
26 102 1
27 102 1
28 102 1
29 102 1
30 102 1
31 101 1
32 101 1
33 101 1
34 101 1
35 101 1
36 101 1
37 100 1
38 100 1
39 100 1
40 100 1
41 99 1
42 99 1
43 99 1
44 99 1
45 99 1
46 98 1
47 98 1
48 98 1
49 97 1
50 97 1
51 97 1
52 97 1
53 96 1
54 96 1
55 96 1
56 95 1
57 95 1
58 95 1
59 94 1
60 94 1
61 94 1
62 94 1
63 93 1
64 93 1
65 93 1
66 93 1
67 92 1
68 92 1
69 92 1
70 92 1
71 92 1
72 92 1
73 92 1
74 92 1
75 92 1
76 93 1
76 94 1
76 95 1
76 96 1
76 97 1
76 98 1
76 99 1
76 100 1
76 101 1
76 102 1
76 103 1
75 104 1
75 105 1
74 106 1
74 107 1
73 108 1
73 109 1
73 110 1
73 111 1
73 112 1
73 113 1
73 114 1
72 115 1
72 117 1
72 118 1
72 119 1
72 120 1
72 121 1
71 122 1
71 123 1
70 124 1
69 124 1
.PEN_UP
.PEN_DOWN
71 115 1
70 115 1
69 115 1
68 115 1
67 115 1
66 115 1
65 115 1
64 115 1
63 115 1
62 116 1
61 116 1
60 116 1
59 116 1
58 117 1
57 117 1
56 118 1
55 118 1
54 119 1
54 120 1
53 121 1
50 122 1
49 122 1
48 122 1
47 122 1
46 123 1
45 123 1
44 123 1
43 123 1
42 124 1
41 124 1
40 125 1
39 125 1
38 125 1
37 126 1
36 126 1
35 127 1
34 127 1
33 128 1
32 128 1
31 128 1
30 129 1
29 130 1
28 130 1
27 131 1
26 131 1
25 131 1
24 132 1
23 132 1
22 132 1
21 133 1
20 133 1
19 134 1
18 134 1
17 135 1
16 135 1
15 135 1
14 136 1
13 137 1
12 138 1
.PEN_UP
.PEN_DOWN
52 121 1
52 124 1
52 125 1
52 126 1
52 127 1
52 128 1
52 129 1
52 130 1
52 131 1
52 132 1
52 133 1
52 134 1
52 135 1
52 136 1
52 137 1
.PEN_UP
