.PEN_DOWN
12 10 1
13 11 1
14 11 1
15 11 1
16 11 1
17 11 1
18 11 1
19 11 1
20 11 1
21 10 1
22 10 1
23 10 1
24 10 1
25 10 1
26 10 1
27 10 1
28 10 1
29 10 1
30 9 1
31 9 1
32 8 1
33 8 1
34 8 1
35 8 1
36 7 1
37 7 1
38 7 1
39 7 1
40 7 1
41 6 1
42 6 1
43 6 1
44 6 1
45 5 1
46 5 1
47 5 1
48 5 1
49 5 1
50 5 1
51 4 1
52 4 1
53 5 1
54 6 1
55 5 1
56 5 1
57 4 1
58 4 1
59 3 1
60 3 1
61 3 1
62 3 1
63 3 1
64 2 1
65 2 1
66 2 1
67 2 1
68 1 1
69 1 1
70 1 1
.PEN_UP
.PEN_DOWN
53 7 1
53 8 1
52 9 1
51 10 1
50 11 1
49 12 1
48 13 1
47 14 1
46 15 1
45 16 1
44 17 1
44 18 1
43 19 1
43 20 1
42 21 1
41 22 1
40 23 1
40 24 1
39 25 1
39 26 1
39 27 1
39 28 1
39 29 1
39 30 1
40 31 1
40 32 1
40 33 1
41 34 1
42 35 1
43 36 1
44 36 1
45 37 1
46 37 1
47 37 1
48 37 1
49 37 1
50 37 1
51 37 1
52 37 1
53 37 1
54 37 1
55 37 1
56 37 1
57 37 1
58 37 1
59 37 1
60 37 1
61 37 1
62 37 1
63 37 1
64 37 1
65 36 1
66 36 1
67 36 1
68 36 1
69 36 1
.PEN_UP
.PEN_DOWN
61 93 1
61 92 1
61 91 1
62 90 1
62 89 1
62 88 1
62 87 1
62 86 1
62 85 1
62 84 1
62 83 1
63 82 1
63 81 1
63 80 1
63 79 1
63 78 1
63 77 1
63 76 1
63 75 1
63 74 1
63 73 1
63 72 1
63 71 1
63 70 1
63 69 1
63 68 1
63 67 1
62 66 1
62 65 1
62 64 1
61 63 1
61 62 1
60 61 1
60 60 1
59 59 1
58 59 1
57 58 1
56 58 1
55 58 1
54 56 1
53 55 1
52 54 1
51 53 1
50 53 1
49 53 1
48 52 1
47 52 1
46 52 1
45 52 1
44 52 1
43 52 1
42 53 1
41 54 1
40 54 1
39 55 1
38 56 1
37 57 1
36 58 1
35 59 1
35 60 1
34 61 1
33 62 1
33 63 1
32 64 1
31 65 1
31 66 1
30 67 1
30 68 1
30 69 1
30 70 1
30 71 1
29 72 1
29 73 1
29 74 1
29 75 1
29 76 1
30 77 1
30 78 1
30 79 1
30 80 1
30 81 1
31 82 1
31 83 1
32 84 1
33 85 1
33 86 1
34 87 1
35 88 1
36 89 1
37 90 1
38 90 1
39 91 1
40 91 1
41 91 1
42 91 1
43 91 1
44 90 1
45 89 1
46 88 1
47 87 1
47 86 1
47 85 1
48 84 1
48 83 1
48 82 1
48 81 1
49 80 1
49 79 1
49 78 1
50 77 1
50 76 1
51 75 1
51 74 1
51 73 1
51 72 1
51 71 1
51 70 1
51 69 1
51 68 1
51 67 1
51 66 1
52 65 1
52 64 1
52 63 1
52 62 1
52 61 1
52 60 1
53 59 1
54 58 1
.PEN_UP
.PEN_DOWN
65 106 1
64 107 1
63 107 1
60 107 1
59 107 1
58 107 1
57 107 1
56 107 1
55 107 1
54 107 1
53 108 1
52 108 1
51 108 1
50 108 1
49 108 1
48 108 1
47 108 1
46 108 1
45 109 1
44 109 1
43 110 1
43 111 1
43 112 1
43 113 1
44 114 1
44 115 1
44 116 1
44 117 1
45 118 1
45 119 1
46 120 1
46 121 1
46 122 1
47 123 1
47 124 1
48 125 1
48 126 1
48 127 1
48 128 1
48 129 1
48 130 1
49 131 1
51 131 1
52 131 1
53 131 1
54 131 1
55 131 1
56 131 1
57 131 1
58 130 1
59 131 1
59 132 1
60 133 1
60 134 1
60 135 1
59 136 1
59 137 1
59 138 1
59 139 1
58 140 1
58 141 1
58 142 1
58 143 1
58 144 1
57 145 1
57 146 1
57 147 1
56 148 1
55 149 1
55 150 1
54 151 1
54 152 1
53 153 1
53 154 1
52 155 1
51 156 1
51 157 1
51 158 1
50 159 1
50 160 1
49 161 1
49 162 1
48 163 1
48 164 1
48 165 1
47 166 1
47 167 1
47 168 1
47 169 1
46 170 1
46 171 1
45 172 1
46 174 1
47 175 1
48 175 1
49 176 1
50 176 1
51 176 1
52 176 1
53 176 1
54 176 1
55 177 1
56 177 1
.PEN_UP
.PEN_DOWN
44 172 1
43 172 1
42 172 1
41 171 1
40 171 1
39 171 1
38 170 1
37 170 1
36 169 1
36 168 1
35 167 1
34 166 1
34 165 1
33 164 1
33 163 1
33 162 1
32 161 1
32 160 1
32 159 1
32 158 1
32 157 1
32 156 1
32 155 1
33 154 1
33 153 1
33 152 1
34 151 1
35 151 1
36 150 1
37 149 1
38 148 1
38 147 1
39 146 1
39 145 1
40 144 1
41 143 1
42 142 1
43 141 1
43 140 1
44 139 1
45 138 1
46 137 1
47 137 1
48 136 1
48 135 1
48 134 1
48 133 1
49 132 1
.PEN_UP
.PEN_DOWN
62 107 1
63 109 1
63 110 1
63 111 1
.PEN_UP
.PEN_DOWN
8 195 1
9 196 1
10 196 1
11 196 1
12 196 1
13 196 1
14 197 1
15 197 1
16 197 1
17 197 1
18 197 1
19 197 1
20 197 1
21 197 1
22 197 1
23 197 1
24 197 1
25 197 1
26 197 1
27 197 1
28 197 1
29 197 1
30 197 1
31 197 1
32 197 1
33 197 1
34 197 1
35 197 1
36 196 1
37 196 1
38 196 1
39 197 1
42 197 1
43 197 1
44 197 1
45 197 1
46 196 1
47 196 1
48 196 1
49 195 1
50 195 1
51 195 1
52 195 1
53 195 1
54 195 1
55 195 1
56 195 1
57 196 1
58 197 1
59 198 1
59 199 1
60 200 1
60 201 1
60 202 1
60 203 1
60 204 1
60 205 1
60 206 1
60 207 1
60 208 1
59 209 1
59 210 1
59 211 1
58 212 1
58 213 1
57 214 1
57 215 1
56 216 1
56 217 1
55 218 1
54 219 1
54 220 1
53 221 1
52 222 1
51 223 1
50 224 1
49 225 1
48 226 1
47 227 1
46 227 1
45 228 1
45 229 1
44 230 1
43 230 1
42 231 1
41 231 1
40 232 1
39 233 1
38 234 1
37 233 1
36 232 1
35 231 1
35 230 1
34 229 1
33 228 1
33 227 1
32 226 1
31 225 1
31 224 1
30 223 1
30 222 1
29 221 1
29 220 1
28 219 1
28 218 1
28 217 1
28 216 1
28 215 1
29 214 1
29 213 1
30 212 1
30 211 1
31 210 1
32 209 1
33 208 1
34 207 1
35 206 1
36 205 1
37 204 1
38 203 1
39 202 1
39 201 1
40 200 1
40 199 1
40 198 1
.PEN_UP
.PEN_DOWN
38 235 1
38 236 1
38 237 1
39 240 1
38 241 1
38 242 1
38 243 1
37 244 1
37 245 1
37 246 1
36 247 1
36 248 1
35 249 1
34 250 1
33 251 1
33 252 1
33 253 1
32 254 1
32 255 1
31 256 1
30 257 1
30 258 1
30 259 1
29 260 1
29 261 1
28 262 1
28 263 1
27 264 1
27 265 1
27 266 1
26 267 1
26 268 1
26 269 1
26 270 1
26 271 1
26 272 1
26 273 1
26 274 1
27 275 1
27 276 1
27 277 1
28 278 1
28 279 1
28 280 1
29 281 1
30 282 1
31 283 1
32 283 1
33 283 1
34 284 1
36 283 1
37 282 1
38 281 1
39 281 1
40 280 1
41 279 1
42 278 1
43 277 1
43 276 1
44 275 1
45 274 1
47 274 1
48 274 1
49 274 1
50 273 1
51 273 1
52 273 1
53 273 1
54 273 1
55 273 1
56 273 1
57 273 1
58 274 1
59 274 1
60 276 1
60 277 1
59 278 1
59 279 1
58 280 1
58 281 1
57 282 1
57 283 1
57 284 1
56 285 1
56 286 1
56 287 1
56 288 1
55 289 1
55 290 1
54 291 1
54 292 1
53 293 1
53 294 1
53 295 1
53 296 1
52 297 1
52 298 1
51 299 1
50 300 1
49 301 1
49 302 1
48 303 1
47 304 1
47 305 1
46 306 1
46 307 1
45 308 1
44 309 1
44 310 1
43 311 1
43 312 1
42 313 1
41 314 1
41 315 1
40 316 1
39 317 1
38 318 1
37 319 1
37 320 1
36 321 1
35 322 1
34 323 1
33 324 1
32 324 1
31 325 1
30 326 1
26 329 1
25 330 1
24 331 1
23 332 1
23 333 1
22 334 1
22 335 1
21 336 1
20 336 1
19 337 1
18 337 1
17 337 1
16 337 1
15 337 1
14 338 1
13 338 1
12 338 1
11 339 1
10 339 1
9 340 1
8 340 1
7 340 1
6 341 1
5 341 1
4 341 1
3 342 1
2 342 1
1 343 1
.PEN_UP
.PEN_DOWN
22 337 1
23 338 1
24 338 1
25 338 1
26 338 1
27 337 1
28 337 1
29 337 1
30 337 1
31 337 1
32 337 1
33 337 1
34 337 1
35 337 1
36 336 1
37 335 1
38 334 1
39 334 1
40 334 1
41 335 1
42 335 1
43 335 1
44 335 1
45 335 1
46 336 1
47 336 1
48 336 1
49 336 1
50 337 1
51 337 1
.PEN_UP
.PEN_DOWN
37 333 1
36 332 1
35 331 1
34 330 1
33 330 1
32 330 1
31 329 1
30 328 1
26 326 1
25 325 1
24 324 1
24 323 1
23 322 1
22 321 1
21 320 1
21 319 1
20 318 1
20 317 1
19 316 1
19 315 1
18 314 1
18 313 1
18 312 1
18 311 1
18 310 1
18 309 1
19 308 1
19 307 1
20 306 1
20 305 1
21 304 1
21 303 1
22 302 1
23 301 1
23 300 1
24 299 1
25 298 1
25 297 1
26 296 1
27 295 1
28 294 1
29 293 1
30 292 1
31 291 1
32 290 1
33 289 1
33 288 1
34 287 1
34 286 1
34 285 1
.PEN_UP
.PEN_DOWN
60 274 1
61 273 1
62 272 1
62 271 1
63 270 1
63 269 1
63 268 1
63 267 1
63 266 1
63 265 1
63 264 1
63 263 1
63 262 1
63 261 1
63 260 1
63 259 1
63 258 1
63 257 1
63 256 1
63 255 1
63 254 1
63 253 1
63 252 1
63 251 1
62 250 1
62 249 1
62 248 1
62 247 1
61 246 1
61 245 1
60 244 1
60 243 1
59 242 1
59 241 1
58 240 1
58 239 1
57 238 1
56 237 1
55 236 1
54 235 1
53 235 1
52 235 1
51 235 1
50 235 1
49 236 1
48 236 1
47 237 1
46 237 1
45 238 1
44 238 1
43 238 1
42 238 1
41 238 1
40 238 1
36 239 1
35 239 1
34 239 1
33 240 1
32 240 1
31 240 1
30 241 1
29 241 1
28 242 1
27 243 1
26 244 1
25 244 1
24 244 1
23 244 1
22 245 1
21 245 1
20 246 1
19 247 1
18 248 1
17 248 1
16 249 1
.PEN_UP
.PEN_DOWN
45 273 1
45 272 1
45 271 1
45 270 1
46 269 1
46 268 1
46 267 1
46 266 1
47 265 1
48 264 1
48 263 1
49 262 1
49 261 1
.PEN_UP
