.PEN_DOWN
21 21 1
20 22 1
20 23 1
19 24 1
.PEN_UP
.PEN_DOWN
43 13 1
44 12 1
45 11 1
46 11 1
47 11 1
48 10 1
49 9 1
50 9 1
51 9 1
52 8 1
53 8 1
54 7 1
55 7 1
56 6 1
57 6 1
58 5 1
59 5 1
60 4 1
61 3 1
62 3 1
63 2 1
64 2 1
65 1 1
66 1 1
67 1 1
68 1 1
.PEN_UP
.PEN_DOWN
46 33 1
47 33 1
48 33 1
49 33 1
50 33 1
51 33 1
52 33 1
53 33 1
54 33 1
55 33 1
56 32 1
57 32 1
58 32 1
59 32 1
60 33 1
60 34 1
60 35 1
60 36 1
59 37 1
59 38 1
59 39 1
58 40 1
58 41 1
58 42 1
57 43 1
57 44 1
56 45 1
55 46 1
55 47 1
55 48 1
55 49 1
55 50 1
55 51 1
55 52 1
56 53 1
57 54 1
58 55 1
59 55 1
60 55 1
61 55 1
62 55 1
63 56 1
64 56 1
65 57 1
.PEN_UP
.PEN_DOWN
1 109 1
2 109 1
3 108 1
4 108 1
5 108 1
6 108 1
7 108 1
8 108 1
9 108 1
10 107 1
11 107 1
12 107 1
13 107 1
14 107 1
15 107 1
16 107 1
17 106 1
18 106 1
19 106 1
20 106 1
21 105 1
22 105 1
23 105 1
24 105 1
25 105 1
26 105 1
27 104 1
28 104 1
29 104 1
30 104 1
31 103 1
32 103 1
33 103 1
34 102 1
35 102 1
36 102 1
37 102 1
38 101 1
39 101 1
40 101 1
41 100 1
42 100 1
43 100 1
44 100 1
45 100 1
46 100 1
47 100 1
51 96 1
52 96 1
53 96 1
54 96 1
55 96 1
56 96 1
57 95 1
58 95 1
59 95 1
60 94 1
61 93 1
62 92 1
62 91 1
62 90 1
61 89 1
60 88 1
59 87 1
58 87 1
57 86 1
56 86 1
55 86 1
54 86 1
53 85 1
52 86 1
51 86 1
50 87 1
50 88 1
50 89 1
49 90 1
49 91 1
49 92 1
49 93 1
49 94 1
49 95 1
49 96 1
48 102 1
48 103 1
49 104 1
49 105 1
49 106 1
49 107 1
49 108 1
49 109 1
49 110 1
.PEN_UP
.PEN_DOWN
51 129 1
51 128 1
51 127 1
51 126 1
52 125 1
53 124 1
54 123 1
55 123 1
56 122 1
57 122 1
58 122 1
59 121 1
60 121 1
61 121 1
62 121 1
63 122 1
64 122 1
65 122 1
66 123 1
67 124 1
68 125 1
68 126 1
68 127 1
68 128 1
68 129 1
68 130 1
67 131 1
66 132 1
65 133 1
64 134 1
63 135 1
62 135 1
61 136 1
60 136 1
59 137 1
58 137 1
57 137 1
56 137 1
55 137 1
54 137 1
53 136 1
52 136 1
51 135 1
50 134 1
50 133 1
.PEN_UP
