.PEN_DOWN
12 11 1
13 11 1
14 10 1
15 10 1
16 10 1
17 10 1
18 10 1
19 10 1
21 9 1
22 8 1
23 7 1
24 6 1
25 6 1
26 5 1
27 5 1
28 5 1
29 5 1
30 4 1
31 4 1
32 4 1
33 3 1
34 3 1
35 3 1
36 3 1
37 3 1
38 2 1
39 2 1
40 2 1
41 2 1
42 1 1
43 1 1
44 1 1
45 1 1
46 1 1
47 1 1
48 2 1
48 3 1
.PEN_UP
.PEN_DOWN
20 10 1
19 12 1
19 13 1
19 14 1
19 15 1
18 16 1
17 17 1
17 18 1
16 19 1
15 20 1
15 21 1
15 22 1
15 23 1
15 24 1
16 25 1
17 26 1
18 26 1
19 26 1
20 26 1
21 26 1
22 26 1
23 26 1
24 26 1
25 26 1
28 26 1
29 26 1
30 25 1
31 25 1
32 24 1
33 24 1
34 24 1
35 24 1
36 24 1
37 23 1
38 23 1
39 23 1
40 22 1
41 22 1
42 21 1
43 21 1
44 21 1
45 20 1
46 20 1
47 20 1
48 19 1
48 18 1
.PEN_UP
.PEN_DOWN
26 26 1
26 28 1
26 29 1
26 30 1
25 31 1
24 32 1
23 33 1
22 34 1
21 35 1
20 36 1
19 37 1
18 38 1
17 39 1
17 40 1
17 41 1
16 42 1
16 43 1
16 44 1
16 45 1
15 46 1
16 47 1
17 48 1
18 48 1
19 48 1
20 48 1
21 48 1
22 48 1
23 47 1
24 47 1
25 47 1
26 46 1
27 46 1
28 46 1
29 45 1
30 45 1
31 44 1
32 44 1
33 43 1
34 43 1
35 43 1
36 43 1
37 43 1
38 42 1
39 42 1
40 41 1
41 41 1
42 41 1
43 41 1
44 40 1
45 40 1
.PEN_UP
.PEN_DOWN
39 61 1
38 62 1
38 63 1
38 64 1
38 65 1
37 66 1
36 67 1
35 68 1
33 68 1
32 68 1
31 69 1
30 69 1
29 69 1
28 70 1
27 70 1
26 71 1
25 72 1
24 73 1
23 74 1
22 74 1
21 75 1
20 76 1
19 77 1
18 78 1
17 79 1
16 80 1
15 81 1
14 82 1
14 83 1
13 84 1
.PEN_UP
.PEN_DOWN
34 68 1
35 70 1
35 71 1
35 72 1
.PEN_UP
.PEN_DOWN
16 111 1
16 110 1
16 109 1
16 108 1
16 107 1
17 106 1
18 105 1
18 104 1
19 103 1
19 102 1
20 101 1
21 100 1
22 100 1
23 99 1
24 98 1
25 97 1
26 97 1
27 96 1
28 95 1
29 94 1
30 94 1
31 93 1
32 93 1
33 92 1
34 92 1
35 92 1
36 92 1
37 92 1
38 92 1
39 91 1
40 91 1
41 91 1
42 92 1
43 93 1
44 94 1
44 95 1
44 96 1
43 97 1
43 98 1
43 99 1
42 100 1
42 101 1
41 102 1
40 103 1
39 104 1
38 105 1
37 106 1
36 107 1
35 108 1
34 109 1
34 110 1
33 111 1
33 112 1
32 113 1
32 114 1
30 116 1
29 116 1
28 117 1
27 118 1
26 119 1
25 119 1
24 120 1
23 121 1
22 122 1
21 123 1
20 124 1
19 125 1
18 126 1
17 127 1
16 128 1
15 129 1
14 129 1
.PEN_UP
.PEN_DOWN
31 115 1
33 116 1
34 116 1
35 115 1
36 115 1
.PEN_UP
.PEN_DOWN
46 144 1
45 145 1
45 146 1
44 147 1
43 148 1
42 148 1
41 148 1
40 148 1
39 148 1
38 148 1
37 148 1
36 147 1
35 147 1
34 147 1
33 147 1
32 147 1
31 146 1
30 146 1
29 146 1
28 146 1
27 145 1
26 145 1
25 145 1
24 145 1
23 145 1
22 144 1
21 144 1
20 144 1
19 145 1
18 145 1
17 146 1
16 147 1
16 148 1
15 149 1
15 150 1
15 151 1
15 152 1
15 153 1
15 154 1
16 155 1
16 156 1
16 157 1
.PEN_UP
.PEN_DOWN
19 188 1
19 187 1
18 186 1
19 185 1
20 184 1
21 183 1
22 182 1
23 181 1
24 181 1
25 180 1
26 179 1
27 178 1
28 177 1
29 177 1
30 176 1
31 175 1
32 175 1
33 175 1
34 174 1
35 174 1
36 174 1
37 173 1
38 173 1
39 173 1
40 173 1
41 172 1
42 172 1
43 172 1
44 172 1
45 172 1
46 172 1
47 173 1
48 173 1
49 174 1
49 175 1
49 176 1
48 177 1
48 178 1
48 179 1
47 180 1
46 180 1
45 181 1
44 182 1
43 183 1
42 184 1
41 185 1
40 186 1
39 187 1
38 188 1
37 188 1
36 189 1
35 190 1
34 191 1
33 192 1
32 193 1
32 194 1
31 195 1
30 196 1
30 197 1
30 198 1
29 199 1
29 200 1
27 202 1
26 203 1
25 203 1
24 204 1
23 205 1
22 205 1
21 206 1
20 207 1
19 208 1
18 209 1
.PEN_UP
.PEN_DOWN
28 201 1
31 201 1
32 201 1
33 201 1
34 201 1
35 201 1
36 201 1
37 201 1
38 200 1
39 200 1
40 200 1
41 200 1
42 200 1
43 200 1
.PEN_UP
.PEN_DOWN
43 220 1
42 221 1
41 221 1
40 221 1
39 221 1
38 221 1
37 221 1
36 222 1
35 222 1
34 222 1
33 222 1
32 223 1
31 223 1
30 224 1
29 225 1
26 225 1
25 225 1
24 225 1
23 225 1
22 225 1
21 226 1
20 227 1
.PEN_UP
.PEN_DOWN
28 225 1
27 227 1
27 228 1
27 229 1
27 230 1
26 231 1
26 232 1
25 233 1
24 234 1
.PEN_UP
.PEN_DOWN
45 243 1
44 244 1
44 245 1
44 246 1
43 247 1
43 248 1
43 249 1
43 250 1
42 251 1
42 252 1
40 253 1
39 253 1
38 253 1
37 253 1
36 253 1
35 254 1
34 255 1
33 256 1
32 256 1
31 257 1
30 257 1
29 258 1
28 259 1
28 260 1
27 261 1
26 261 1
25 262 1
24 263 1
23 264 1
22 265 1
21 266 1
21 267 1
20 268 1
19 269 1
19 270 1
18 271 1
18 272 1
.PEN_UP
.PEN_DOWN
41 253 1
44 254 1
45 254 1
46 254 1
47 255 1
48 256 1
48 257 1
48 258 1
49 259 1
49 260 1
48 261 1
48 262 1
47 263 1
.PEN_UP
.PEN_DOWN
21 299 1
20 298 1
20 297 1
20 296 1
20 295 1
20 294 1
20 293 1
21 292 1
21 291 1
22 290 1
23 289 1
24 288 1
25 287 1
26 286 1
27 285 1
28 284 1
29 283 1
30 282 1
31 282 1
32 281 1
33 281 1
34 281 1
35 281 1
36 280 1
37 280 1
38 280 1
39 280 1
40 280 1
41 280 1
42 280 1
43 280 1
44 281 1
45 282 1
46 283 1
46 284 1
46 285 1
46 286 1
46 287 1
45 288 1
45 289 1
45 290 1
44 291 1
43 292 1
42 293 1
41 294 1
40 294 1
39 295 1
38 296 1
37 297 1
36 298 1
35 299 1
34 300 1
33 300 1
32 301 1
31 302 1
30 303 1
29 304 1
28 305 1
27 306 1
26 306 1
25 307 1
24 308 1
23 309 1
22 310 1
21 311 1
20 311 1
19 312 1
18 313 1
17 314 1
16 315 1
16 316 1
15 317 1
16 318 1
14 321 1
13 322 1
12 323 1
11 324 1
10 324 1
9 325 1
8 326 1
7 327 1
6 327 1
5 328 1
4 329 1
3 330 1
2 330 1
1 331 1
.PEN_UP
.PEN_DOWN
17 318 1
19 321 1
20 321 1
21 320 1
22 320 1
23 320 1
24 319 1
25 318 1
26 318 1
27 318 1
28 318 1
29 317 1
30 317 1
31 317 1
32 317 1
33 316 1
34 316 1
35 316 1
36 316 1
37 316 1
38 316 1
39 316 1
.PEN_UP
