.PEN_DOWN
15 1 1
15 2 1
14 3 1
14 4 1
14 5 1
14 6 1
13 7 1
13 8 1
13 9 1
13 10 1
13 11 1
12 12 1
12 13 1
12 14 1
12 15 1
12 16 1
12 17 1
12 18 1
12 19 1
12 20 1
11 21 1
11 22 1
11 23 1
11 24 1
11 25 1
11 26 1
11 27 1
11 28 1
11 29 1
11 30 1
11 31 1
11 32 1
10 33 1
10 34 1
10 35 1
10 36 1
10 37 1
10 38 1
10 39 1
10 40 1
10 41 1
10 42 1
9 43 1
9 44 1
9 45 1
9 46 1
9 47 1
9 48 1
9 49 1
9 50 1
9 51 1
9 52 1
9 53 1
8 54 1
8 55 1
8 56 1
8 57 1
8 58 1
7 59 1
7 60 1
7 61 1
7 62 1
7 63 1
7 64 1
7 65 1
7 66 1
7 67 1
6 68 1
6 69 1
7 70 1
7 71 1
7 72 1
7 73 1
.PEN_UP
.PEN_DOWN
29 34 1
30 34 1
31 34 1
32 34 1
33 34 1
34 34 1
35 34 1
36 34 1
37 33 1
38 33 1
39 33 1
40 33 1
41 33 1
42 32 1
43 32 1
44 32 1
45 31 1
46 31 1
47 30 1
48 30 1
49 30 1
50 30 1
51 29 1
52 29 1
53 28 1
54 28 1
55 28 1
56 27 1
57 27 1
58 27 1
59 27 1
60 26 1
61 26 1
62 26 1
63 26 1
64 26 1
65 25 1
66 25 1
.PEN_UP
.PEN_DOWN
1 90 1
2 90 1
3 90 1
4 89 1
5 89 1
6 89 1
7 88 1
8 88 1
9 88 1
10 88 1
11 87 1
12 87 1
13 87 1
14 87 1
15 87 1
16 87 1
17 86 1
18 86 1
19 86 1
20 86 1
21 86 1
22 86 1
23 86 1
24 86 1
25 86 1
26 86 1
27 85 1
28 85 1
29 85 1
30 85 1
31 84 1
32 84 1
33 84 1
34 83 1
35 83 1
36 83 1
37 83 1
38 82 1
39 82 1
40 82 1
41 82 1
42 81 1
43 81 1
44 81 1
45 81 1
46 81 1
47 81 1
48 80 1
49 80 1
50 80 1
51 80 1
51 82 1
51 83 1
51 84 1
51 85 1
51 86 1
50 87 1
50 88 1
49 89 1
49 90 1
49 91 1
49 92 1
49 93 1
48 94 1
49 95 1
50 96 1
51 97 1
52 98 1
53 98 1
54 98 1
55 99 1
56 99 1
57 99 1
58 99 1
59 99 1
60 100 1
61 100 1
62 101 1
.PEN_UP
.PEN_DOWN
40 120 1
41 119 1
42 119 1
43 118 1
44 118 1
45 117 1
46 117 1
47 116 1
48 115 1
49 115 1
50 114 1
51 114 1
52 114 1
53 114 1
54 114 1
55 114 1
56 115 1
57 115 1
58 116 1
58 117 1
58 118 1
58 119 1
59 120 1
59 121 1
59 122 1
59 123 1
59 124 1
59 125 1
59 126 1
.PEN_UP
.PEN_DOWN
56 141 1
55 142 1
54 142 1
53 142 1
52 143 1
51 143 1
50 143 1
49 143 1
48 144 1
47 144 1
46 144 1
45 144 1
44 144 1
43 144 1
42 145 1
41 146 1
40 147 1
.PEN_UP
.PEN_DOWN
42 179 1
43 178 1
44 177 1
45 176 1
46 176 1
47 175 1
48 175 1
49 175 1
50 175 1
51 175 1
52 175 1
53 175 1
54 175 1
55 176 1
55 177 1
56 178 1
57 179 1
57 180 1
57 181 1
58 182 1
59 183 1
59 184 1
59 185 1
60 186 1
60 187 1
60 188 1
61 189 1
61 190 1
.PEN_UP
