.PEN_DOWN
72 16 1
71 16 1
70 15 1
69 15 1
68 14 1
67 14 1
66 14 1
65 13 1
64 12 1
63 12 1
62 11 1
61 11 1
60 11 1
59 10 1
58 10 1
57 9 1
56 9 1
55 8 1
54 7 1
53 7 1
52 7 1
51 6 1
50 6 1
49 5 1
48 5 1
47 5 1
46 4 1
45 4 1
44 4 1
43 3 1
42 3 1
41 3 1
40 2 1
39 2 1
38 2 1
37 1 1
36 1 1
35 1 1
34 1 1
33 1 1
32 2 1
31 2 1
30 3 1
29 4 1
28 5 1
27 6 1
27 7 1
27 8 1
26 9 1
26 10 1
25 11 1
25 12 1
25 13 1
25 14 1
25 15 1
25 16 1
25 17 1
25 18 1
25 19 1
26 20 1
26 21 1
27 22 1
28 23 1
28 24 1
29 25 1
30 26 1
31 27 1
32 28 1
33 29 1
34 30 1
35 31 1
36 31 1
37 32 1
38 33 1
39 34 1
40 35 1
41 36 1
42 37 1
43 37 1
44 38 1
45 38 1
46 39 1
47 40 1
48 40 1
49 41 1
50 41 1
51 42 1
52 42 1
53 43 1
54 44 1
55 45 1
56 46 1
58 47 1
59 48 1
60 48 1
61 48 1
64 47 1
65 47 1
66 47 1
67 47 1
68 47 1
69 48 1
70 48 1
71 48 1
72 48 1
73 48 1
74 49 1
75 49 1
76 49 1
.PEN_UP
.PEN_DOWN
62 47 1
62 50 1
63 51 1
63 52 1
63 53 1
64 54 1
64 55 1
65 56 1
66 57 1
67 58 1
68 59 1
69 60 1
69 61 1
70 62 1
70 63 1
70 64 1
71 65 1
71 66 1
72 67 1
72 68 1
72 69 1
73 70 1
73 71 1
73 72 1
73 73 1
74 74 1
74 75 1
74 76 1
74 77 1
75 78 1
75 79 1
75 80 1
75 81 1
75 82 1
75 83 1
75 84 1
76 85 1
76 86 1
76 87 1
76 88 1
76 89 1
76 90 1
76 91 1
76 92 1
76 93 1
76 94 1
76 95 1
76 96 1
76 97 1
76 98 1
76 99 1
76 100 1
76 101 1
76 102 1
75 103 1
75 104 1
75 105 1
75 106 1
74 107 1
74 108 1
74 109 1
73 110 1
73 111 1
73 112 1
72 113 1
71 114 1
70 115 1
69 115 1
68 116 1
68 117 1
67 118 1
66 118 1
65 118 1
64 118 1
63 118 1
62 117 1
61 117 1
60 117 1
59 117 1
58 117 1
57 116 1
56 116 1
55 116 1
54 116 1
53 115 1
52 115 1
51 115 1
50 115 1
49 114 1
48 114 1
47 114 1
46 113 1
45 113 1
44 113 1
43 112 1
42 112 1
41 111 1
40 111 1
39 111 1
38 110 1
37 110 1
36 110 1
35 110 1
34 110 1
33 110 1
32 108 1
32 107 1
32 106 1
30 105 1
29 105 1
28 105 1
27 104 1
26 104 1
25 103 1
24 102 1
23 102 1
22 101 1
21 100 1
20 99 1
19 99 1
18 98 1
17 97 1
16 96 1
15 95 1
14 94 1
13 94 1
12 93 1
11 92 1
10 91 1
9 90 1
8 89 1
7 88 1
6 87 1
5 86 1
4 85 1
3 84 1
2 83 1
1 82 1
.PEN_UP
.PEN_DOWN
31 105 1
33 103 1
33 102 1
34 101 1
.PEN_UP
.PEN_DOWN
32 109 1
32 112 1
32 113 1
32 114 1
32 115 1
32 116 1
32 117 1
32 118 1
32 119 1
32 120 1
32 121 1
32 122 1
32 123 1
32 124 1
33 125 1
33 126 1
33 127 1
33 128 1
.PEN_UP
.PEN_DOWN
68 119 1
68 120 1
69 121 1
70 122 1
71 123 1
72 124 1
73 125 1
74 126 1
.PEN_UP
.PEN_DOWN
56 47 1
55 48 1
54 49 1
53 49 1
52 50 1
51 50 1
50 50 1
49 50 1
48 50 1
47 50 1
46 50 1
45 50 1
44 51 1
43 52 1
42 52 1
41 53 1
40 54 1
39 54 1
38 55 1
37 56 1
37 57 1
35 58 1
34 58 1
33 59 1
32 60 1
31 61 1
30 62 1
29 63 1
29 64 1
28 65 1
27 66 1
27 67 1
27 68 1
27 69 1
27 70 1
26 71 1
27 72 1
27 73 1
27 74 1
28 75 1
29 76 1
29 77 1
30 78 1
31 78 1
32 78 1
33 78 1
34 78 1
35 77 1
36 77 1
37 76 1
37 75 1
38 74 1
38 73 1
38 72 1
39 71 1
39 70 1
39 69 1
39 68 1
40 67 1
39 66 1
39 65 1
39 64 1
39 63 1
38 62 1
38 61 1
38 60 1
38 59 1
37 58 1
.PEN_UP
