.PEN_DOWN
48 1 1
49 2 1
49 3 1
48 4 1
48 5 1
48 6 1
48 7 1
48 8 1
46 10 1
45 11 1
44 12 1
44 13 1
44 14 1
44 15 1
44 16 1
44 17 1
44 18 1
44 19 1
44 20 1
44 23 1
44 24 1
44 25 1
44 26 1
43 27 1
43 28 1
43 29 1
43 30 1
43 31 1
43 32 1
43 33 1
43 34 1
43 35 1
43 36 1
43 37 1
43 38 1
43 39 1
43 40 1
43 41 1
43 42 1
43 43 1
42 44 1
42 45 1
42 46 1
42 47 1
42 48 1
42 49 1
42 50 1
42 51 1
42 52 1
42 55 1
41 56 1
41 57 1
41 58 1
41 59 1
41 60 1
41 61 1
41 62 1
41 63 1
41 64 1
41 65 1
41 68 1
41 69 1
41 70 1
40 71 1
40 72 1
40 73 1
40 74 1
40 75 1
40 76 1
40 77 1
40 78 1
40 79 1
40 80 1
40 81 1
40 82 1
40 83 1
40 84 1
40 85 1
40 86 1
40 87 1
40 88 1
41 89 1
44 88 1
45 88 1
46 88 1
47 89 1
48 89 1
49 89 1
50 90 1
50 91 1
50 92 1
49 94 1
48 94 1
47 94 1
46 94 1
45 95 1
44 95 1
43 95 1
42 95 1
40 96 1
40 97 1
39 98 1
39 99 1
38 100 1
38 101 1
38 102 1
38 103 1
38 104 1
38 105 1
38 106 1
38 107 1
38 108 1
38 109 1
38 110 1
38 111 1
38 112 1
38 113 1
38 114 1
38 115 1
38 116 1
38 117 1
38 118 1
38 119 1
37 120 1
37 121 1
37 122 1
37 123 1
37 124 1
37 125 1
37 126 1
37 127 1
37 128 1
37 129 1
37 130 1
37 131 1
36 134 1
36 135 1
36 136 1
36 137 1
36 138 1
36 139 1
36 140 1
36 141 1
36 142 1
36 143 1
36 144 1
35 147 1
35 148 1
35 149 1
35 150 1
33 152 1
32 152 1
31 152 1
30 152 1
29 152 1
28 153 1
27 153 1
26 154 1
25 154 1
24 155 1
24 156 1
23 157 1
21 158 1
20 158 1
19 158 1
18 158 1
17 158 1
16 159 1
15 159 1
14 159 1
13 159 1
12 159 1
11 159 1
10 159 1
9 159 1
8 159 1
7 159 1
6 159 1
5 159 1
4 159 1
.PEN_UP
.PEN_DOWN
22 158 1
24 160 1
25 160 1
26 160 1
27 160 1
28 161 1
29 161 1
30 161 1
31 161 1
32 161 1
33 161 1
34 162 1
35 164 1
36 165 1
36 166 1
37 167 1
38 168 1
38 169 1
37 170 1
37 171 1
37 172 1
37 173 1
37 174 1
36 175 1
36 176 1
35 177 1
34 178 1
34 179 1
34 180 1
34 181 1
34 182 1
34 183 1
34 184 1
.PEN_UP
.PEN_DOWN
35 161 1
35 160 1
35 159 1
35 158 1
35 157 1
35 156 1
35 155 1
35 154 1
35 153 1
35 152 1
.PEN_UP
.PEN_DOWN
36 145 1
38 145 1
39 145 1
40 144 1
41 144 1
42 143 1
43 142 1
44 141 1
45 140 1
46 139 1
46 138 1
47 137 1
47 136 1
47 135 1
47 134 1
49 133 1
50 132 1
51 131 1
52 130 1
51 129 1
51 128 1
.PEN_UP
.PEN_DOWN
46 133 1
45 133 1
44 133 1
43 133 1
42 133 1
41 133 1
40 133 1
39 132 1
38 132 1
.PEN_UP
.PEN_DOWN
41 94 1
41 93 1
41 92 1
42 91 1
42 90 1
.PEN_UP
.PEN_DOWN
50 93 1
52 94 1
53 95 1
54 96 1
54 97 1
54 98 1
54 99 1
54 100 1
54 101 1
54 102 1
54 103 1
54 104 1
53 105 1
53 106 1
53 107 1
53 108 1
52 109 1
52 110 1
51 111 1
51 112 1
50 113 1
.PEN_UP
.PEN_DOWN
41 66 1
43 66 1
44 66 1
45 66 1
46 66 1
47 66 1
48 66 1
49 67 1
50 67 1
51 67 1
52 67 1
53 67 1
54 67 1
55 66 1
55 65 1
55 64 1
55 63 1
55 62 1
54 61 1
54 60 1
53 59 1
53 58 1
52 57 1
51 56 1
50 55 1
49 55 1
48 55 1
47 54 1
46 54 1
45 54 1
44 54 1
43 53 1
.PEN_UP
.PEN_DOWN
44 21 1
46 21 1
47 21 1
48 21 1
49 21 1
51 22 1
52 23 1
53 23 1
54 24 1
55 25 1
56 25 1
57 26 1
58 27 1
59 27 1
60 28 1
61 29 1
62 30 1
63 30 1
64 31 1
65 32 1
66 33 1
67 33 1
68 34 1
69 35 1
70 36 1
71 36 1
72 37 1
73 38 1
74 38 1
75 39 1
76 39 1
77 39 1
78 40 1
79 41 1
80 41 1
81 42 1
82 42 1
83 42 1
84 42 1
85 42 1
86 43 1
87 43 1
88 43 1
89 43 1
90 43 1
91 43 1
92 43 1
93 43 1
94 43 1
95 42 1
95 41 1
95 40 1
95 39 1
94 38 1
94 37 1
94 36 1
93 35 1
92 34 1
91 33 1
90 32 1
89 31 1
88 30 1
87 30 1
86 29 1
85 29 1
84 28 1
83 28 1
82 27 1
81 27 1
80 26 1
79 26 1
78 26 1
77 26 1
76 26 1
75 26 1
74 26 1
73 27 1
72 27 1
.PEN_UP
.PEN_DOWN
50 20 1
51 19 1
52 18 1
52 17 1
52 16 1
52 15 1
52 14 1
52 13 1
52 12 1
52 11 1
51 10 1
50 10 1
49 9 1
.PEN_UP
.PEN_DOWN
43 246 1
42 247 1
41 247 1
40 248 1
39 248 1
38 247 1
37 247 1
36 246 1
35 245 1
34 244 1
34 243 1
33 242 1
33 241 1
33 240 1
32 239 1
32 238 1
31 237 1
31 236 1
31 235 1
31 234 1
32 233 1
32 232 1
33 231 1
34 231 1
35 231 1
36 231 1
37 231 1
38 232 1
39 232 1
40 232 1
41 233 1
42 234 1
43 235 1
44 236 1
45 237 1
46 238 1
47 239 1
48 240 1
49 241 1
50 242 1
51 242 1
52 243 1
53 244 1
54 245 1
55 246 1
56 247 1
57 248 1
58 248 1
59 249 1
60 250 1
61 251 1
62 251 1
63 252 1
64 252 1
65 253 1
66 254 1
67 254 1
68 255 1
69 255 1
70 255 1
71 256 1
72 256 1
73 257 1
74 257 1
75 257 1
76 257 1
77 258 1
78 258 1
79 258 1
80 259 1
81 259 1
82 259 1
83 259 1
84 259 1
85 259 1
86 259 1
87 259 1
88 258 1
89 258 1
90 258 1
91 257 1
92 256 1
92 255 1
93 254 1
93 253 1
93 252 1
93 251 1
93 250 1
93 249 1
93 248 1
92 247 1
92 246 1
92 245 1
91 244 1
91 243 1
90 242 1
90 241 1
89 240 1
88 239 1
87 238 1
86 237 1
85 236 1
84 236 1
83 236 1
82 236 1
81 236 1
80 237 1
79 238 1
78 238 1
77 239 1
76 240 1
.PEN_UP
.PEN_DOWN
39 279 1
40 278 1
41 278 1
42 278 1
43 278 1
44 278 1
45 279 1
46 279 1
47 279 1
48 279 1
49 280 1
50 281 1
51 282 1
52 283 1
52 284 1
52 285 1
53 286 1
53 287 1
53 288 1
53 289 1
53 290 1
52 291 1
52 292 1
51 293 1
50 293 1
49 294 1
48 294 1
47 294 1
46 294 1
45 294 1
44 294 1
43 294 1
42 295 1
41 295 1
.PEN_UP
.PEN_DOWN
50 316 1
50 317 1
49 318 1
48 319 1
47 320 1
46 321 1
45 321 1
44 321 1
42 323 1
42 324 1
41 325 1
40 326 1
40 327 1
39 328 1
39 329 1
39 330 1
38 331 1
37 332 1
36 333 1
35 334 1
34 335 1
33 336 1
32 337 1
31 338 1
30 339 1
29 340 1
28 340 1
27 341 1
26 341 1
25 342 1
24 343 1
23 344 1
22 345 1
22 346 1
20 347 1
19 347 1
18 346 1
17 346 1
16 346 1
15 346 1
14 346 1
13 346 1
12 346 1
11 346 1
10 346 1
9 346 1
8 346 1
7 346 1
6 345 1
5 345 1
4 345 1
3 345 1
2 344 1
1 344 1
.PEN_UP
.PEN_DOWN
21 347 1
23 349 1
24 349 1
25 350 1
26 350 1
27 350 1
28 350 1
29 351 1
30 351 1
31 351 1
32 352 1
33 352 1
34 352 1
35 353 1
36 353 1
37 353 1
38 354 1
39 355 1
39 356 1
38 357 1
.PEN_UP
.PEN_DOWN
39 325 1
38 325 1
37 325 1
36 324 1
35 323 1
34 322 1
34 321 1
33 320 1
33 319 1
33 318 1
33 317 1
34 316 1
35 317 1
36 317 1
37 317 1
38 317 1
39 318 1
40 319 1
41 320 1
42 320 1
43 321 1
.PEN_UP
