.PEN_DOWN
1 17 1
2 17 1
3 17 1
4 17 1
5 17 1
6 16 1
7 16 1
8 16 1
9 16 1
10 15 1
11 15 1
12 15 1
13 14 1
14 14 1
15 14 1
16 14 1
17 14 1
18 14 1
19 13 1
20 13 1
21 13 1
22 13 1
23 13 1
24 13 1
25 12 1
26 12 1
27 12 1
28 12 1
29 12 1
30 11 1
31 11 1
32 11 1
33 11 1
34 11 1
35 11 1
36 11 1
37 11 1
38 12 1
40 11 1
41 11 1
42 10 1
43 10 1
44 10 1
45 10 1
46 10 1
47 10 1
48 9 1
49 9 1
50 8 1
51 8 1
52 8 1
53 8 1
54 7 1
55 7 1
56 7 1
57 7 1
58 7 1
59 7 1
60 6 1
61 6 1
62 5 1
63 5 1
64 5 1
65 5 1
66 5 1
67 5 1
68 4 1
69 4 1
70 4 1
71 3 1
72 3 1
73 3 1
74 3 1
75 3 1
76 3 1
77 3 1
78 2 1
79 2 1
80 2 1
81 1 1
82 1 1
.PEN_UP
.PEN_DOWN
38 13 1
38 14 1
37 15 1
37 16 1
36 17 1
35 18 1
34 18 1
33 19 1
32 20 1
31 21 1
30 22 1
29 23 1
28 24 1
27 25 1
27 26 1
26 27 1
25 28 1
24 29 1
24 30 1
23 31 1
22 32 1
22 33 1
21 34 1
21 35 1
21 36 1
20 37 1
20 38 1
20 39 1
20 40 1
20 41 1
19 42 1
19 43 1
19 44 1
19 45 1
20 46 1
21 47 1
22 48 1
23 48 1
24 49 1
25 49 1
26 49 1
27 49 1
28 49 1
29 49 1
30 49 1
31 49 1
32 49 1
33 49 1
34 49 1
35 49 1
36 49 1
37 49 1
38 49 1
39 49 1
40 48 1
41 48 1
42 48 1
43 48 1
44 48 1
45 48 1
46 49 1
48 49 1
49 49 1
50 48 1
51 48 1
52 48 1
53 48 1
54 48 1
55 47 1
56 47 1
57 47 1
58 47 1
59 47 1
60 48 1
61 49 1
62 49 1
63 49 1
64 49 1
65 49 1
66 49 1
67 49 1
68 49 1
69 50 1
70 50 1
71 50 1
72 51 1
73 51 1
74 52 1
75 53 1
76 54 1
77 55 1
77 56 1
78 57 1
78 58 1
78 59 1
79 60 1
79 61 1
79 62 1
79 63 1
79 64 1
79 65 1
79 66 1
78 67 1
78 68 1
78 69 1
77 70 1
76 71 1
76 72 1
75 73 1
75 74 1
74 75 1
73 76 1
72 77 1
71 78 1
70 79 1
69 79 1
68 80 1
67 81 1
67 82 1
66 83 1
66 84 1
65 85 1
64 85 1
63 86 1
62 86 1
61 86 1
60 87 1
59 87 1
58 87 1
57 87 1
56 88 1
55 88 1
54 89 1
53 89 1
52 89 1
51 90 1
50 90 1
49 90 1
48 91 1
47 91 1
46 91 1
45 92 1
44 93 1
43 93 1
42 93 1
41 93 1
40 94 1
39 94 1
38 94 1
37 94 1
36 94 1
35 94 1
34 95 1
33 95 1
32 95 1
31 95 1
30 94 1
29 94 1
28 93 1
27 92 1
26 91 1
25 90 1
24 89 1
24 88 1
23 87 1
23 86 1
23 85 1
23 84 1
23 83 1
23 82 1
23 81 1
23 80 1
23 79 1
24 78 1
24 77 1
24 76 1
25 75 1
25 74 1
25 73 1
26 72 1
26 71 1
27 70 1
27 69 1
28 68 1
28 67 1
29 66 1
30 65 1
31 64 1
32 63 1
33 62 1
34 61 1
35 60 1
36 60 1
37 59 1
38 58 1
39 57 1
40 57 1
41 56 1
42 55 1
43 55 1
44 54 1
45 53 1
45 52 1
46 51 1
.PEN_UP
.PEN_DOWN
66 86 1
67 87 1
68 87 1
69 87 1
70 87 1
71 88 1
72 88 1
73 89 1
74 89 1
75 90 1
76 91 1
77 92 1
77 93 1
78 94 1
78 95 1
78 96 1
78 97 1
77 98 1
.PEN_UP
.PEN_DOWN
60 46 1
60 45 1
61 44 1
62 43 1
63 43 1
64 43 1
65 42 1
66 42 1
67 42 1
68 41 1
69 41 1
70 41 1
71 41 1
72 40 1
73 40 1
74 40 1
75 40 1
76 40 1
77 40 1
78 40 1
79 40 1
80 40 1
81 40 1
.PEN_UP
.PEN_DOWN
103 103 1
102 103 1
101 102 1
100 102 1
99 102 1
98 103 1
97 103 1
96 103 1
95 103 1
94 104 1
93 104 1
92 104 1
91 104 1
90 104 1
89 104 1
88 104 1
87 105 1
86 105 1
85 105 1
84 105 1
83 106 1
82 106 1
81 106 1
80 107 1
79 107 1
78 107 1
77 107 1
76 108 1
75 108 1
74 108 1
73 109 1
72 109 1
71 109 1
70 110 1
67 111 1
66 111 1
65 111 1
64 112 1
63 112 1
62 112 1
61 113 1
60 113 1
59 113 1
58 114 1
57 114 1
56 114 1
55 115 1
54 115 1
53 116 1
52 116 1
51 116 1
50 116 1
49 117 1
48 117 1
47 117 1
46 118 1
45 118 1
44 118 1
43 119 1
42 119 1
41 120 1
40 120 1
39 120 1
38 121 1
37 121 1
36 121 1
35 122 1
35 123 1
34 124 1
34 125 1
33 126 1
32 127 1
31 128 1
30 129 1
29 130 1
29 131 1
28 132 1
28 133 1
28 134 1
27 135 1
27 136 1
27 137 1
27 138 1
27 139 1
27 140 1
28 141 1
28 142 1
29 143 1
29 144 1
30 145 1
31 146 1
32 147 1
33 148 1
34 148 1
35 149 1
36 149 1
37 149 1
38 149 1
39 149 1
40 149 1
41 149 1
42 149 1
43 149 1
44 149 1
45 149 1
46 149 1
47 149 1
48 149 1
49 148 1
50 148 1
51 148 1
52 148 1
53 148 1
54 148 1
55 148 1
56 148 1
57 149 1
58 150 1
60 149 1
61 149 1
62 149 1
63 149 1
64 148 1
65 148 1
66 149 1
67 149 1
68 149 1
69 149 1
70 149 1
71 149 1
72 149 1
73 149 1
76 148 1
77 147 1
78 147 1
79 147 1
80 147 1
81 146 1
82 146 1
83 146 1
84 146 1
85 146 1
86 145 1
87 145 1
88 145 1
89 144 1
90 144 1
91 144 1
92 144 1
93 143 1
94 143 1
95 143 1
96 142 1
97 142 1
98 142 1
99 142 1
100 142 1
101 142 1
102 142 1
103 142 1
104 142 1
105 141 1
106 141 1
.PEN_UP
.PEN_DOWN
74 148 1
75 150 1
76 151 1
76 152 1
76 153 1
77 154 1
77 155 1
77 156 1
78 157 1
78 158 1
79 159 1
79 160 1
79 161 1
79 162 1
79 163 1
80 164 1
80 165 1
80 166 1
80 167 1
80 168 1
80 169 1
80 170 1
80 171 1
80 172 1
80 173 1
80 174 1
79 175 1
79 176 1
78 177 1
78 178 1
77 179 1
76 180 1
75 181 1
74 182 1
73 183 1
72 184 1
71 185 1
70 186 1
69 187 1
68 187 1
67 188 1
66 189 1
65 189 1
64 190 1
63 190 1
62 191 1
61 191 1
60 192 1
59 192 1
58 193 1
57 193 1
56 194 1
55 194 1
54 194 1
53 195 1
52 195 1
51 195 1
50 196 1
49 196 1
48 196 1
47 196 1
46 196 1
45 196 1
44 196 1
43 196 1
42 196 1
41 196 1
40 195 1
39 195 1
38 195 1
37 194 1
36 194 1
35 194 1
34 193 1
33 192 1
32 191 1
31 190 1
30 189 1
30 188 1
30 187 1
30 186 1
29 185 1
29 184 1
29 183 1
29 182 1
29 181 1
29 180 1
29 179 1
29 178 1
29 177 1
30 176 1
30 175 1
31 174 1
31 173 1
31 172 1
32 171 1
33 170 1
33 169 1
34 168 1
35 167 1
35 166 1
36 165 1
37 164 1
38 163 1
38 162 1
39 161 1
40 160 1
41 160 1
42 159 1
43 159 1
44 159 1
45 158 1
46 158 1
47 157 1
48 157 1
49 156 1
50 156 1
51 156 1
52 156 1
53 155 1
54 155 1
55 154 1
56 153 1
57 152 1
58 151 1
.PEN_UP
.PEN_DOWN
66 147 1
66 146 1
67 145 1
67 144 1
68 143 1
68 142 1
69 141 1
70 140 1
71 140 1
72 139 1
73 138 1
74 137 1
75 136 1
76 135 1
76 134 1
77 133 1
78 132 1
78 131 1
78 130 1
79 129 1
79 128 1
79 127 1
79 126 1
79 125 1
79 124 1
79 123 1
79 122 1
79 121 1
78 120 1
78 119 1
77 118 1
76 117 1
75 116 1
74 116 1
73 116 1
72 116 1
71 115 1
70 114 1
70 113 1
70 112 1
69 111 1
.PEN_UP
.PEN_DOWN
91 199 1
90 200 1
89 201 1
88 202 1
87 203 1
86 204 1
85 205 1
85 206 1
84 207 1
83 208 1
82 209 1
81 210 1
80 211 1
79 211 1
78 212 1
76 211 1
75 210 1
74 209 1
73 209 1
72 208 1
71 208 1
70 208 1
69 208 1
68 208 1
67 208 1
66 208 1
65 209 1
64 209 1
63 209 1
62 209 1
61 209 1
60 209 1
59 209 1
58 210 1
57 210 1
56 210 1
55 211 1
54 211 1
53 211 1
52 212 1
51 212 1
50 212 1
49 213 1
48 213 1
47 214 1
46 214 1
45 214 1
44 215 1
43 215 1
42 216 1
41 216 1
40 217 1
39 217 1
38 218 1
37 218 1
36 218 1
35 219 1
34 220 1
33 220 1
32 221 1
31 221 1
30 222 1
29 223 1
28 224 1
27 225 1
26 226 1
25 227 1
25 228 1
24 229 1
24 230 1
24 231 1
24 232 1
24 233 1
24 234 1
25 235 1
26 236 1
27 236 1
28 236 1
29 236 1
30 236 1
31 236 1
32 236 1
33 235 1
34 235 1
35 235 1
36 235 1
37 235 1
38 235 1
39 235 1
40 235 1
41 234 1
42 234 1
43 234 1
44 234 1
45 234 1
46 234 1
47 233 1
48 233 1
49 233 1
50 232 1
51 232 1
52 231 1
53 231 1
54 231 1
55 230 1
56 229 1
57 229 1
58 228 1
59 228 1
60 227 1
61 226 1
62 226 1
63 225 1
64 224 1
65 224 1
66 223 1
67 222 1
68 221 1
69 221 1
70 220 1
71 219 1
72 218 1
73 218 1
74 217 1
75 217 1
76 216 1
79 217 1
80 218 1
80 219 1
80 220 1
80 221 1
80 222 1
80 223 1
80 224 1
80 225 1
80 226 1
79 227 1
79 228 1
78 229 1
78 230 1
78 231 1
78 232 1
77 233 1
76 234 1
76 235 1
75 236 1
75 237 1
74 238 1
74 239 1
74 240 1
73 241 1
72 242 1
71 242 1
70 242 1
69 242 1
68 243 1
67 243 1
66 243 1
65 243 1
64 243 1
63 244 1
62 244 1
61 244 1
60 245 1
59 245 1
58 245 1
57 246 1
56 247 1
55 247 1
54 247 1
53 247 1
52 248 1
51 248 1
50 249 1
49 249 1
48 249 1
47 250 1
46 250 1
45 250 1
44 251 1
43 251 1
42 252 1
41 252 1
40 253 1
39 253 1
38 253 1
37 254 1
36 254 1
35 254 1
34 255 1
33 255 1
32 256 1
31 257 1
30 256 1
29 256 1
28 256 1
27 257 1
26 257 1
.PEN_UP
.PEN_DOWN
30 258 1
30 259 1
30 260 1
30 261 1
29 262 1
28 263 1
27 264 1
26 265 1
25 266 1
24 267 1
24 268 1
23 269 1
22 270 1
22 271 1
21 272 1
20 273 1
20 274 1
19 275 1
18 276 1
18 277 1
17 278 1
17 279 1
17 280 1
17 281 1
17 282 1
17 283 1
17 284 1
17 285 1
17 286 1
17 287 1
18 288 1
19 289 1
20 289 1
21 290 1
22 290 1
23 290 1
24 290 1
25 290 1
26 289 1
27 289 1
28 289 1
29 289 1
30 289 1
31 289 1
32 289 1
33 289 1
34 289 1
35 288 1
36 288 1
37 288 1
38 287 1
39 287 1
40 287 1
41 286 1
42 286 1
43 286 1
44 286 1
45 285 1
46 285 1
47 285 1
48 284 1
49 284 1
50 284 1
51 284 1
52 284 1
53 283 1
54 283 1
55 283 1
56 283 1
57 282 1
58 282 1
59 282 1
60 282 1
61 281 1
62 281 1
63 281 1
64 281 1
65 281 1
66 281 1
67 280 1
68 280 1
69 281 1
70 281 1
71 281 1
72 281 1
73 282 1
74 282 1
75 283 1
76 284 1
76 285 1
76 286 1
76 287 1
75 288 1
75 289 1
74 290 1
74 291 1
73 292 1
72 293 1
71 294 1
70 295 1
69 296 1
68 297 1
68 298 1
67 299 1
65 301 1
64 301 1
63 301 1
62 301 1
61 302 1
60 302 1
59 302 1
58 302 1
57 302 1
56 303 1
55 303 1
54 304 1
53 304 1
52 304 1
51 305 1
50 305 1
49 306 1
48 306 1
47 306 1
46 307 1
45 307 1
44 307 1
43 307 1
42 307 1
41 308 1
40 308 1
39 309 1
38 309 1
37 309 1
36 309 1
35 310 1
34 310 1
33 311 1
32 311 1
31 311 1
30 311 1
29 312 1
28 312 1
27 313 1
26 313 1
.PEN_UP
.PEN_DOWN
66 300 1
69 300 1
70 300 1
71 300 1
72 300 1
73 300 1
74 300 1
.PEN_UP
.PEN_DOWN
78 320 1
77 320 1
76 319 1
75 320 1
74 320 1
73 320 1
72 320 1
71 321 1
70 321 1
69 322 1
68 322 1
67 322 1
66 322 1
65 322 1
64 323 1
63 323 1
62 324 1
61 324 1
60 324 1
59 325 1
58 326 1
57 326 1
56 326 1
55 326 1
54 327 1
53 327 1
52 328 1
51 328 1
50 328 1
49 329 1
48 329 1
47 330 1
46 330 1
45 330 1
44 331 1
43 331 1
42 332 1
41 332 1
40 332 1
39 333 1
38 333 1
37 333 1
36 334 1
35 335 1
34 335 1
33 336 1
32 336 1
31 337 1
30 337 1
29 338 1
28 339 1
27 340 1
26 340 1
25 341 1
24 342 1
24 343 1
23 344 1
22 345 1
21 346 1
20 347 1
20 348 1
19 349 1
19 350 1
18 351 1
18 352 1
17 353 1
17 354 1
17 355 1
17 356 1
17 357 1
17 358 1
17 359 1
17 360 1
17 361 1
18 362 1
18 363 1
19 364 1
20 365 1
21 366 1
22 366 1
23 366 1
24 366 1
25 366 1
26 366 1
27 366 1
28 366 1
29 366 1
30 367 1
31 366 1
32 366 1
33 366 1
34 366 1
35 366 1
36 366 1
37 366 1
38 366 1
39 366 1
40 365 1
41 365 1
42 365 1
43 365 1
44 364 1
45 364 1
46 364 1
47 364 1
48 364 1
49 363 1
50 363 1
51 363 1
52 363 1
53 362 1
54 362 1
55 362 1
56 361 1
57 361 1
58 361 1
59 361 1
60 360 1
61 360 1
62 360 1
63 360 1
64 359 1
65 359 1
66 359 1
67 359 1
68 359 1
69 359 1
70 359 1
71 359 1
72 359 1
73 359 1
74 360 1
75 360 1
76 360 1
77 360 1
78 361 1
79 362 1
80 362 1
.PEN_UP
.PEN_DOWN
91 358 1
91 357 1
92 356 1
93 355 1
94 354 1
95 353 1
96 352 1
97 351 1
98 351 1
99 351 1
100 350 1
101 350 1
102 350 1
103 350 1
104 349 1
105 349 1
106 349 1
107 349 1
108 349 1
109 349 1
110 349 1
111 349 1
112 349 1
113 349 1
114 349 1
115 349 1
116 350 1
117 350 1
118 350 1
119 350 1
120 350 1
121 351 1
122 351 1
123 351 1
124 352 1
125 352 1
126 353 1
127 353 1
128 354 1
129 354 1
130 354 1
131 355 1
132 355 1
133 356 1
134 356 1
135 357 1
136 358 1
137 358 1
138 359 1
139 360 1
140 361 1
141 362 1
141 363 1
141 364 1
142 365 1
142 366 1
142 367 1
142 368 1
143 369 1
143 370 1
143 371 1
143 372 1
143 373 1
143 374 1
142 375 1
142 376 1
142 377 1
141 378 1
141 379 1
140 380 1
140 381 1
139 382 1
138 383 1
137 384 1
136 385 1
135 386 1
134 387 1
133 387 1
132 388 1
131 389 1
130 390 1
129 390 1
128 391 1
127 391 1
126 392 1
125 392 1
124 393 1
123 393 1
122 394 1
121 394 1
120 395 1
119 395 1
118 395 1
117 396 1
116 396 1
115 397 1
114 397 1
113 397 1
112 398 1
111 398 1
110 398 1
109 399 1
108 399 1
107 399 1
106 399 1
105 400 1
104 400 1
103 401 1
102 401 1
101 401 1
100 401 1
99 402 1
98 402 1
97 402 1
96 402 1
95 402 1
94 403 1
93 403 1
92 403 1
91 404 1
90 404 1
89 404 1
88 404 1
87 405 1
86 405 1
85 405 1
84 405 1
83 406 1
82 406 1
81 406 1
80 407 1
79 407 1
78 407 1
77 408 1
76 408 1
75 408 1
74 409 1
73 409 1
72 409 1
71 409 1
70 410 1
69 410 1
68 410 1
67 410 1
66 410 1
65 410 1
64 410 1
63 411 1
62 411 1
61 411 1
60 412 1
59 412 1
58 412 1
57 412 1
56 413 1
55 413 1
54 413 1
53 413 1
50 414 1
49 414 1
48 415 1
47 415 1
46 415 1
45 416 1
44 416 1
43 416 1
42 417 1
41 417 1
40 417 1
39 417 1
38 418 1
37 418 1
36 418 1
35 418 1
34 418 1
33 418 1
31 417 1
30 416 1
29 416 1
28 415 1
27 414 1
26 413 1
25 412 1
25 411 1
24 410 1
24 409 1
23 408 1
23 407 1
22 406 1
22 405 1
21 404 1
21 403 1
21 402 1
21 401 1
20 400 1
20 399 1
20 398 1
20 397 1
21 396 1
21 395 1
21 394 1
22 393 1
22 392 1
23 391 1
23 390 1
24 389 1
25 388 1
26 387 1
27 387 1
28 386 1
29 385 1
30 385 1
31 384 1
32 383 1
33 383 1
34 383 1
35 382 1
36 382 1
37 382 1
38 381 1
39 381 1
40 381 1
41 381 1
42 381 1
43 381 1
44 381 1
45 380 1
46 380 1
47 380 1
48 380 1
49 380 1
50 381 1
51 381 1
52 381 1
53 381 1
54 382 1
55 383 1
56 384 1
57 385 1
58 386 1
59 387 1
59 388 1
59 389 1
60 390 1
60 391 1
60 392 1
60 393 1
60 394 1
60 395 1
60 396 1
60 397 1
59 398 1
59 399 1
59 400 1
58 401 1
58 402 1
57 403 1
56 404 1
55 405 1
55 406 1
54 407 1
53 408 1
53 409 1
53 410 1
52 411 1
52 412 1
.PEN_UP
.PEN_DOWN
32 418 1
32 420 1
31 421 1
31 422 1
.PEN_UP
