.PEN_DOWN
1 24 1
2 23 1
3 22 1
4 21 1
5 20 1
5 19 1
6 18 1
7 17 1
8 16 1
8 15 1
9 14 1
10 14 1
11 13 1
12 12 1
13 11 1
14 11 1
15 10 1
16 9 1
17 9 1
18 8 1
19 7 1
20 6 1
21 5 1
22 5 1
23 5 1
24 4 1
25 3 1
26 3 1
27 2 1
28 2 1
29 1 1
30 1 1
31 1 1
32 1 1
33 1 1
34 1 1
35 1 1
36 2 1
37 2 1
38 3 1
39 4 1
40 5 1
41 6 1
41 7 1
41 8 1
42 9 1
42 10 1
43 11 1
43 12 1
43 13 1
43 14 1
43 15 1
43 16 1
42 17 1
42 18 1
42 19 1
42 20 1
41 21 1
41 22 1
41 23 1
41 24 1
40 25 1
40 26 1
40 27 1
39 28 1
39 29 1
39 30 1
39 31 1
39 32 1
38 33 1
37 34 1
34 37 1
33 38 1
33 39 1
32 40 1
32 41 1
31 42 1
30 43 1
29 44 1
28 45 1
27 46 1
26 47 1
25 47 1
24 48 1
23 48 1
22 48 1
21 49 1
20 49 1
19 49 1
18 49 1
17 49 1
16 48 1
16 47 1
16 46 1
15 45 1
16 44 1
16 43 1
16 42 1
16 41 1
17 40 1
17 39 1
18 38 1
19 37 1
20 36 1
21 35 1
22 34 1
23 34 1
24 33 1
25 33 1
26 33 1
27 33 1
28 33 1
29 33 1
30 33 1
31 33 1
32 33 1
33 33 1
34 34 1
35 35 1
38 37 1
39 38 1
40 38 1
41 38 1
42 39 1
43 40 1
43 41 1
43 42 1
44 43 1
44 44 1
44 45 1
44 46 1
44 47 1
43 48 1
43 49 1
43 50 1
43 51 1
43 52 1
43 53 1
42 54 1
42 55 1
42 56 1
42 57 1
41 58 1
41 59 1
41 60 1
41 61 1
41 62 1
41 63 1
43 64 1
44 65 1
45 65 1
46 66 1
47 67 1
47 68 1
47 69 1
47 70 1
47 71 1
46 72 1
46 73 1
46 74 1
45 75 1
45 76 1
45 77 1
45 78 1
44 79 1
44 80 1
45 82 1
45 83 1
45 84 1
45 85 1
45 86 1
45 87 1
45 88 1
45 89 1
45 90 1
45 91 1
44 92 1
44 93 1
44 94 1
43 95 1
43 96 1
43 97 1
42 98 1
42 99 1
42 100 1
41 101 1
40 102 1
40 103 1
40 104 1
39 105 1
39 106 1
38 107 1
38 108 1
37 109 1
37 110 1
36 111 1
36 112 1
35 113 1
35 114 1
35 115 1
35 116 1
35 117 1
35 118 1
35 119 1
35 120 1
35 121 1
36 122 1
37 123 1
38 124 1
39 124 1
40 125 1
41 125 1
42 125 1
43 125 1
44 125 1
45 125 1
46 125 1
47 125 1
48 124 1
49 122 1
49 121 1
49 120 1
48 119 1
48 118 1
.PEN_UP
.PEN_DOWN
49 123 1
51 125 1
51 126 1
51 127 1
51 128 1
51 129 1
51 130 1
51 131 1
50 132 1
50 133 1
50 134 1
50 135 1
49 136 1
49 137 1
48 138 1
48 139 1
47 140 1
47 141 1
46 142 1
45 143 1
45 144 1
44 145 1
44 146 1
43 147 1
43 148 1
42 149 1
42 150 1
42 151 1
42 152 1
41 153 1
41 154 1
41 155 1
40 156 1
39 157 1
38 157 1
37 157 1
36 158 1
35 158 1
34 159 1
33 159 1
32 160 1
31 161 1
.PEN_UP
.PEN_DOWN
41 157 1
42 157 1
43 158 1
44 159 1
44 160 1
44 161 1
44 162 1
44 163 1
44 164 1
44 165 1
44 166 1
43 167 1
43 168 1
43 169 1
42 170 1
42 171 1
41 172 1
40 173 1
40 174 1
40 175 1
40 176 1
40 177 1
39 178 1
39 179 1
39 180 1
37 181 1
36 182 1
35 182 1
34 182 1
33 183 1
.PEN_UP
.PEN_DOWN
38 181 1
41 182 1
42 183 1
42 184 1
42 185 1
42 186 1
41 187 1
41 188 1
41 189 1
41 190 1
40 191 1
40 192 1
40 193 1
40 194 1
40 195 1
40 196 1
39 197 1
39 198 1
39 199 1
39 200 1
38 201 1
38 202 1
38 203 1
37 204 1
37 205 1
37 206 1
37 207 1
36 208 1
36 209 1
36 210 1
36 211 1
36 212 1
36 213 1
35 214 1
35 215 1
34 216 1
34 217 1
34 218 1
34 219 1
34 220 1
34 221 1
34 222 1
34 223 1
34 224 1
34 225 1
35 226 1
36 226 1
37 227 1
38 227 1
39 227 1
40 227 1
41 227 1
42 227 1
43 227 1
44 226 1
45 226 1
46 225 1
46 224 1
47 223 1
48 222 1
48 221 1
48 220 1
.PEN_UP
