.PEN_DOWN
25 18 1
25 17 1
25 16 1
24 15 1
24 14 1
24 13 1
25 12 1
25 11 1
26 10 1
26 9 1
27 8 1
27 7 1
28 6 1
29 5 1
30 4 1
31 3 1
32 2 1
33 2 1
34 2 1
35 1 1
36 1 1
37 1 1
38 1 1
39 1 1
40 1 1
41 1 1
42 2 1
43 3 1
44 4 1
45 5 1
45 6 1
46 7 1
46 8 1
46 9 1
46 10 1
46 11 1
46 12 1
46 13 1
46 14 1
46 15 1
46 16 1
.PEN_UP
.PEN_DOWN
43 59 1
42 59 1
41 59 1
40 59 1
39 59 1
38 60 1
37 60 1
36 61 1
36 62 1
35 63 1
35 64 1
35 65 1
34 66 1
34 67 1
33 68 1
33 69 1
33 70 1
33 71 1
33 72 1
33 73 1
34 74 1
35 74 1
36 74 1
37 75 1
38 76 1
39 76 1
40 77 1
39 78 1
39 79 1
39 80 1
38 81 1
38 82 1
38 83 1
37 84 1
37 85 1
36 86 1
36 87 1
36 88 1
36 89 1
35 90 1
35 91 1
35 92 1
36 93 1
37 93 1
38 93 1
39 93 1
40 93 1
41 94 1
42 94 1
43 94 1
44 94 1
45 95 1
45 96 1
45 97 1
45 98 1
44 99 1
44 100 1
44 101 1
44 102 1
43 103 1
43 104 1
.PEN_UP
.PEN_DOWN
40 126 1
39 127 1
38 127 1
37 127 1
36 128 1
35 128 1
34 129 1
33 130 1
32 131 1
31 132 1
31 133 1
30 134 1
30 135 1
29 136 1
29 137 1
29 138 1
29 139 1
28 140 1
29 141 1
30 142 1
31 143 1
32 144 1
33 144 1
34 145 1
35 146 1
36 146 1
37 146 1
38 147 1
38 148 1
38 149 1
38 150 1
38 151 1
37 152 1
37 153 1
37 154 1
36 155 1
35 156 1
34 157 1
33 158 1
32 159 1
32 160 1
31 161 1
31 162 1
30 163 1
30 164 1
30 165 1
30 166 1
30 167 1
29 168 1
29 169 1
29 170 1
30 171 1
31 171 1
32 171 1
33 171 1
34 171 1
35 171 1
36 171 1
37 171 1
38 172 1
39 172 1
40 172 1
41 172 1
42 173 1
43 173 1
44 174 1
.PEN_UP
.PEN_DOWN
20 239 1
20 240 1
20 241 1
20 242 1
20 243 1
20 244 1
19 249 1
19 250 1
19 251 1
19 252 1
19 253 1
19 254 1
19 255 1
19 256 1
19 257 1
18 258 1
18 259 1
18 260 1
18 261 1
18 262 1
18 263 1
18 264 1
18 265 1
18 266 1
19 267 1
20 268 1
21 268 1
22 269 1
23 269 1
24 269 1
25 269 1
26 269 1
27 269 1
28 269 1
29 269 1
30 269 1
31 269 1
32 269 1
33 269 1
34 269 1
35 269 1
36 268 1
37 268 1
38 268 1
39 269 1
40 269 1
.PEN_UP
.PEN_DOWN
20 245 1
22 245 1
23 245 1
24 245 1
25 245 1
26 245 1
27 245 1
28 245 1
29 245 1
30 245 1
31 245 1
32 245 1
33 245 1
34 245 1
35 245 1
36 245 1
37 245 1
38 246 1
39 246 1
.PEN_UP
.PEN_DOWN
21 245 1
17 247 1
16 247 1
15 247 1
14 247 1
13 248 1
12 248 1
11 248 1
10 248 1
9 249 1
8 249 1
7 249 1
6 250 1
5 250 1
4 250 1
3 251 1
2 251 1
1 251 1
.PEN_UP
.PEN_DOWN
8 278 1
9 278 1
10 278 1
11 278 1
12 278 1
.PEN_UP
.PEN_DOWN
28 318 1
29 317 1
30 317 1
31 317 1
32 317 1
33 317 1
34 317 1
35 317 1
36 317 1
37 316 1
38 317 1
39 317 1
40 317 1
41 318 1
42 319 1
42 320 1
42 321 1
42 322 1
41 323 1
41 324 1
41 325 1
41 326 1
40 327 1
40 328 1
39 329 1
38 330 1
38 331 1
38 332 1
38 333 1
37 334 1
37 335 1
38 336 1
39 337 1
40 338 1
41 338 1
42 339 1
43 339 1
44 339 1
45 340 1
46 341 1
47 342 1
48 343 1
49 344 1
.PEN_UP
