.PEN_DOWN
7 22 1
8 21 1
9 21 1
10 20 1
11 20 1
12 20 1
13 19 1
14 19 1
15 18 1
16 18 1
17 18 1
18 18 1
19 18 1
20 18 1
21 18 1
22 18 1
23 18 1
25 20 1
25 21 1
24 22 1
24 23 1
24 24 1
.PEN_UP
.PEN_DOWN
25 16 1
26 15 1
28 14 1
29 14 1
30 14 1
31 14 1
32 14 1
33 14 1
34 13 1
35 13 1
36 13 1
37 13 1
38 12 1
39 12 1
40 12 1
41 12 1
42 11 1
43 11 1
44 10 1
45 10 1
46 10 1
47 10 1
48 9 1
49 9 1
50 9 1
51 8 1
52 8 1
53 8 1
54 7 1
55 7 1
56 7 1
57 6 1
58 6 1
59 5 1
60 5 1
61 5 1
62 4 1
63 4 1
64 4 1
65 4 1
66 3 1
67 3 1
68 2 1
69 2 1
70 1 1
71 1 1
72 1 1
73 1 1
.PEN_UP
.PEN_DOWN
26 14 1
26 12 1
26 11 1
26 10 1
26 9 1
26 8 1
26 7 1
26 6 1
27 5 1
27 4 1
28 3 1
28 2 1
28 1 1
.PEN_UP
.PEN_DOWN
1 67 1
2 67 1
3 66 1
4 66 1
5 66 1
6 66 1
7 65 1
8 65 1
9 65 1
10 65 1
11 64 1
12 64 1
13 63 1
14 63 1
15 62 1
16 62 1
17 62 1
18 61 1
19 61 1
20 61 1
21 60 1
22 59 1
23 58 1
24 58 1
25 57 1
26 57 1
27 57 1
28 56 1
29 55 1
30 54 1
31 54 1
32 54 1
33 53 1
34 52 1
35 52 1
36 51 1
37 51 1
38 51 1
39 50 1
40 49 1
41 48 1
42 48 1
43 47 1
44 46 1
45 46 1
46 45 1
47 45 1
48 45 1
49 45 1
50 44 1
51 44 1
52 44 1
53 44 1
55 43 1
56 42 1
57 42 1
58 41 1
59 40 1
.PEN_UP
.PEN_DOWN
54 44 1
54 46 1
53 47 1
53 48 1
53 49 1
52 50 1
51 51 1
50 51 1
49 52 1
48 53 1
47 54 1
46 55 1
45 55 1
44 56 1
43 57 1
42 58 1
41 59 1
40 60 1
39 61 1
38 61 1
37 62 1
37 63 1
36 64 1
36 65 1
35 66 1
35 67 1
35 68 1
35 69 1
36 70 1
37 71 1
38 71 1
39 71 1
40 71 1
41 71 1
42 71 1
43 71 1
44 71 1
45 70 1
46 70 1
47 70 1
48 69 1
49 68 1
50 68 1
51 67 1
52 67 1
53 66 1
54 66 1
55 65 1
56 64 1
57 63 1
58 63 1
59 62 1
60 61 1
61 61 1
62 60 1
63 60 1
.PEN_UP
.PEN_DOWN
47 154 1
47 153 1
47 152 1
48 151 1
48 150 1
48 149 1
48 148 1
48 147 1
48 146 1
48 145 1
48 144 1
49 143 1
49 142 1
49 141 1
49 140 1
49 139 1
50 138 1
50 137 1
50 136 1
51 135 1
51 134 1
51 133 1
52 132 1
52 131 1
52 130 1
52 129 1
53 128 1
53 127 1
53 126 1
54 125 1
54 124 1
54 123 1
54 122 1
55 121 1
55 120 1
55 119 1
56 118 1
56 117 1
56 116 1
56 115 1
57 114 1
57 113 1
57 112 1
57 111 1
57 110 1
57 109 1
58 108 1
58 107 1
58 106 1
58 105 1
58 104 1
58 103 1
58 102 1
58 101 1
58 100 1
58 99 1
58 98 1
58 97 1
58 96 1
58 95 1
58 94 1
57 93 1
57 92 1
56 91 1
55 90 1
54 89 1
53 89 1
52 89 1
51 89 1
50 89 1
49 89 1
48 90 1
47 91 1
46 92 1
45 93 1
45 94 1
44 95 1
44 96 1
43 97 1
42 98 1
42 99 1
41 100 1
41 101 1
40 102 1
40 103 1
38 105 1
37 105 1
36 106 1
35 107 1
34 108 1
33 109 1
33 110 1
32 111 1
31 112 1
31 113 1
30 114 1
30 115 1
30 116 1
29 117 1
28 118 1
28 119 1
27 120 1
27 121 1
27 122 1
26 123 1
26 124 1
25 125 1
25 126 1
25 127 1
24 128 1
24 129 1
23 130 1
23 131 1
22 132 1
22 133 1
21 134 1
21 135 1
21 136 1
20 137 1
20 138 1
20 139 1
20 140 1
20 141 1
21 142 1
22 142 1
23 142 1
24 142 1
25 142 1
26 141 1
27 141 1
28 140 1
29 139 1
30 138 1
31 137 1
32 136 1
33 135 1
33 134 1
34 133 1
35 132 1
35 131 1
36 130 1
36 129 1
36 128 1
37 127 1
37 126 1
38 125 1
38 124 1
38 123 1
38 122 1
39 121 1
39 120 1
39 119 1
40 118 1
40 117 1
40 116 1
40 115 1
41 114 1
41 113 1
41 112 1
41 111 1
41 110 1
41 109 1
41 108 1
41 107 1
41 106 1
41 105 1
40 104 1
.PEN_UP
