.PEN_DOWN
1 2 1
2 1 1
3 1 1
4 2 1
5 2 1
8 2 1
9 2 1
10 2 1
11 2 1
12 2 1
13 3 1
14 3 1
15 4 1
16 4 1
17 4 1
18 4 1
19 5 1
20 5 1
21 6 1
22 6 1
23 6 1
24 7 1
25 7 1
26 8 1
27 8 1
28 8 1
29 9 1
30 10 1
31 10 1
32 10 1
33 11 1
34 12 1
35 12 1
36 13 1
37 14 1
39 16 1
40 16 1
41 16 1
42 16 1
43 17 1
44 17 1
45 18 1
46 18 1
47 18 1
48 20 1
49 21 1
50 22 1
51 22 1
52 23 1
53 24 1
54 25 1
55 26 1
55 27 1
56 28 1
56 29 1
56 30 1
56 31 1
57 32 1
56 33 1
56 34 1
55 35 1
54 35 1
53 35 1
52 36 1
51 36 1
50 36 1
49 37 1
47 38 1
46 38 1
45 38 1
44 38 1
43 38 1
41 37 1
41 36 1
40 35 1
40 34 1
40 33 1
39 32 1
.PEN_UP
.PEN_DOWN
48 38 1
50 40 1
51 41 1
51 42 1
52 43 1
53 44 1
53 45 1
54 46 1
55 47 1
56 48 1
57 49 1
57 50 1
57 51 1
58 52 1
58 53 1
58 54 1
57 55 1
56 56 1
55 56 1
54 57 1
53 57 1
52 57 1
51 57 1
50 57 1
49 57 1
48 58 1
47 58 1
46 58 1
45 58 1
44 57 1
43 57 1
42 58 1
42 60 1
42 61 1
42 62 1
43 63 1
43 64 1
44 65 1
45 65 1
46 66 1
47 67 1
48 67 1
49 68 1
50 68 1
51 68 1
52 68 1
53 68 1
54 68 1
55 68 1
56 67 1
57 66 1
58 65 1
58 64 1
59 63 1
59 62 1
.PEN_UP
.PEN_DOWN
41 58 1
40 57 1
40 56 1
39 55 1
.PEN_UP
.PEN_DOWN
48 17 1
49 16 1
50 16 1
51 15 1
52 15 1
53 14 1
54 14 1
55 14 1
56 13 1
57 13 1
58 12 1
.PEN_UP
.PEN_DOWN
37 15 1
36 16 1
35 16 1
34 16 1
33 16 1
32 16 1
31 16 1
30 16 1
29 16 1
28 16 1
27 15 1
26 15 1
25 15 1
24 14 1
23 14 1
22 14 1
21 13 1
20 13 1
19 12 1
18 12 1
17 11 1
16 11 1
15 11 1
14 11 1
13 10 1
12 10 1
11 9 1
10 9 1
9 8 1
8 7 1
7 6 1
7 5 1
6 4 1
6 3 1
.PEN_UP
.PEN_DOWN
12 74 1
11 74 1
10 73 1
9 73 1
8 72 1
7 71 1
6 71 1
5 70 1
4 69 1
3 68 1
2 67 1
1 66 1
1 65 1
1 64 1
2 63 1
3 62 1
4 62 1
5 62 1
6 62 1
7 63 1
8 63 1
9 64 1
10 64 1
11 64 1
12 65 1
13 65 1
14 65 1
15 66 1
16 66 1
17 67 1
18 67 1
19 67 1
20 67 1
21 68 1
22 68 1
23 69 1
24 69 1
25 69 1
26 70 1
27 70 1
28 70 1
29 70 1
30 71 1
31 72 1
32 72 1
33 73 1
34 73 1
35 74 1
36 74 1
37 74 1
38 74 1
39 74 1
40 75 1
41 76 1
42 77 1
42 78 1
44 80 1
45 80 1
46 80 1
47 80 1
48 80 1
49 81 1
50 82 1
51 82 1
52 83 1
53 83 1
54 84 1
55 84 1
56 85 1
57 85 1
58 86 1
.PEN_UP
.PEN_DOWN
42 79 1
41 81 1
41 82 1
41 83 1
41 84 1
41 85 1
41 86 1
41 87 1
41 88 1
40 89 1
40 90 1
39 91 1
.PEN_UP
.PEN_DOWN
14 76 1
15 76 1
16 77 1
17 77 1
18 77 1
19 78 1
20 78 1
.PEN_UP
