.PEN_DOWN
41 17 1
40 18 1
40 19 1
40 20 1
39 21 1
39 22 1
39 23 1
38 24 1
38 25 1
37 26 1
37 27 1
37 28 1
37 29 1
36 30 1
36 31 1
34 32 1
33 32 1
32 32 1
31 32 1
30 32 1
29 32 1
28 32 1
27 31 1
26 30 1
25 29 1
25 28 1
25 27 1
25 26 1
24 25 1
24 24 1
24 23 1
24 22 1
24 21 1
24 20 1
24 19 1
25 18 1
25 17 1
25 16 1
26 15 1
26 14 1
26 13 1
27 12 1
27 11 1
28 10 1
29 9 1
30 8 1
31 7 1
32 6 1
33 5 1
33 4 1
34 3 1
35 2 1
36 2 1
37 2 1
38 2 1
39 2 1
40 1 1
41 1 1
42 2 1
43 2 1
44 2 1
45 2 1
46 2 1
47 2 1
48 2 1
49 2 1
50 2 1
51 2 1
52 2 1
53 3 1
54 3 1
.PEN_UP
.PEN_DOWN
35 32 1
37 34 1
37 35 1
37 36 1
37 37 1
37 38 1
37 39 1
38 40 1
38 41 1
38 42 1
38 43 1
38 44 1
38 45 1
38 46 1
38 47 1
38 48 1
38 49 1
38 50 1
38 51 1
37 52 1
37 53 1
37 54 1
36 55 1
35 56 1
33 56 1
32 56 1
31 56 1
30 56 1
29 56 1
28 56 1
27 57 1
26 57 1
25 58 1
25 59 1
25 60 1
25 61 1
25 62 1
26 63 1
27 64 1
28 65 1
29 65 1
30 65 1
31 65 1
32 64 1
33 63 1
34 62 1
37 62 1
38 63 1
38 64 1
39 65 1
39 66 1
39 67 1
39 68 1
39 69 1
39 70 1
39 71 1
39 72 1
39 73 1
39 74 1
39 75 1
39 76 1
38 77 1
37 78 1
37 79 1
37 80 1
37 81 1
37 82 1
36 83 1
36 84 1
36 85 1
35 86 1
34 87 1
33 88 1
33 89 1
33 90 1
32 91 1
31 92 1
30 93 1
29 93 1
28 94 1
27 94 1
26 95 1
25 96 1
24 97 1
23 98 1
21 98 1
20 97 1
19 97 1
18 97 1
17 97 1
16 96 1
15 96 1
14 96 1
13 95 1
12 94 1
11 94 1
10 94 1
9 93 1
8 93 1
7 92 1
6 92 1
5 91 1
4 91 1
3 90 1
2 90 1
1 89 1
.PEN_UP
.PEN_DOWN
22 98 1
24 100 1
24 101 1
25 102 1
25 103 1
26 104 1
27 105 1
29 106 1
30 106 1
31 107 1
32 107 1
33 107 1
34 108 1
35 108 1
36 109 1
37 109 1
38 110 1
39 111 1
40 112 1
.PEN_UP
.PEN_DOWN
27 106 1
27 108 1
27 109 1
27 110 1
27 111 1
27 112 1
28 113 1
28 114 1
28 115 1
29 116 1
30 117 1
31 118 1
32 119 1
33 120 1
.PEN_UP
.PEN_DOWN
35 61 1
35 60 1
35 59 1
35 58 1
35 57 1
.PEN_UP
