.PEN_DOWN
38 1 1
38 2 1
38 3 1
38 4 1
37 5 1
37 6 1
36 7 1
35 8 1
34 8 1
33 9 1
32 10 1
31 11 1
30 12 1
30 13 1
30 14 1
29 15 1
27 17 1
26 18 1
26 19 1
26 20 1
25 21 1
24 22 1
24 23 1
23 24 1
22 25 1
21 26 1
20 27 1
19 28 1
18 29 1
17 30 1
16 31 1
15 32 1
14 33 1
13 33 1
12 34 1
11 35 1
10 35 1
9 36 1
8 36 1
7 36 1
6 36 1
5 36 1
4 36 1
3 36 1
2 36 1
1 35 1
1 34 1
1 33 1
1 32 1
1 31 1
1 30 1
2 29 1
3 28 1
4 27 1
5 27 1
6 26 1
7 25 1
8 24 1
9 24 1
10 23 1
11 22 1
12 21 1
13 21 1
14 20 1
15 20 1
16 19 1
17 18 1
18 18 1
19 17 1
20 17 1
21 16 1
22 16 1
23 16 1
24 16 1
25 15 1
26 15 1
30 16 1
31 17 1
32 17 1
33 17 1
34 17 1
35 17 1
36 17 1
37 18 1
38 19 1
38 20 1
38 21 1
38 22 1
38 23 1
38 24 1
38 25 1
37 26 1
37 27 1
37 28 1
36 29 1
36 30 1
36 31 1
36 32 1
36 33 1
36 34 1
36 35 1
37 36 1
37 37 1
37 38 1
36 39 1
35 40 1
34 41 1
33 42 1
32 42 1
31 42 1
30 42 1
29 43 1
28 43 1
27 44 1
26 44 1
25 44 1
24 44 1
23 44 1
22 44 1
21 43 1
20 43 1
.PEN_UP
.PEN_DOWN
15 50 1
16 51 1
17 52 1
18 52 1
19 52 1
.PEN_UP
.PEN_DOWN
37 52 1
36 53 1
35 55 1
34 55 1
33 56 1
32 57 1
31 58 1
31 59 1
30 60 1
30 61 1
.PEN_UP
.PEN_DOWN
38 54 1
39 54 1
42 53 1
43 53 1
44 53 1
45 52 1
46 52 1
47 51 1
48 50 1
49 49 1
50 48 1
51 47 1
52 46 1
53 45 1
54 44 1
55 44 1
56 43 1
57 42 1
58 41 1
59 41 1
60 40 1
61 40 1
62 39 1
63 39 1
64 38 1
65 37 1
66 37 1
67 36 1
68 35 1
69 35 1
70 34 1
71 34 1
.PEN_UP
.PEN_DOWN
40 54 1
40 56 1
40 57 1
40 58 1
40 59 1
39 60 1
39 61 1
39 62 1
39 63 1
38 64 1
38 65 1
37 66 1
37 67 1
36 68 1
36 69 1
36 70 1
36 71 1
36 72 1
35 74 1
34 75 1
33 75 1
32 76 1
31 77 1
30 78 1
29 79 1
28 80 1
27 81 1
24 82 1
23 82 1
22 83 1
21 83 1
20 83 1
19 83 1
18 84 1
17 84 1
16 84 1
15 85 1
14 85 1
13 86 1
12 86 1
11 87 1
10 87 1
9 87 1
8 88 1
7 89 1
6 90 1
5 91 1
4 92 1
3 93 1
3 94 1
2 95 1
2 96 1
1 97 1
1 98 1
1 99 1
2 100 1
2 101 1
3 102 1
4 103 1
5 103 1
6 103 1
7 103 1
8 103 1
9 103 1
10 102 1
11 102 1
12 101 1
13 100 1
14 99 1
15 98 1
16 98 1
17 97 1
18 96 1
19 95 1
20 94 1
21 93 1
22 92 1
22 91 1
23 90 1
24 89 1
24 88 1
25 87 1
25 86 1
25 85 1
26 84 1
26 83 1
.PEN_UP
.PEN_DOWN
36 73 1
38 73 1
39 73 1
40 73 1
41 73 1
42 73 1
43 74 1
43 75 1
43 76 1
43 77 1
44 78 1
44 79 1
44 80 1
45 81 1
45 82 1
46 83 1
46 84 1
47 85 1
47 86 1
46 87 1
46 88 1
46 89 1
46 90 1
46 91 1
45 92 1
45 93 1
45 94 1
44 95 1
44 96 1
43 97 1
41 98 1
40 98 1
39 99 1
38 99 1
37 100 1
36 101 1
35 101 1
34 102 1
33 103 1
32 103 1
.PEN_UP
.PEN_DOWN
42 98 1
44 99 1
44 100 1
43 101 1
43 102 1
43 103 1
43 104 1
43 105 1
43 106 1
43 107 1
44 108 1
45 109 1
46 110 1
45 111 1
45 112 1
45 113 1
45 114 1
44 115 1
43 115 1
42 116 1
41 116 1
40 117 1
39 117 1
38 117 1
37 119 1
37 120 1
37 121 1
37 122 1
37 123 1
37 124 1
37 125 1
37 126 1
37 127 1
37 128 1
38 129 1
40 129 1
41 129 1
42 129 1
43 129 1
44 130 1
44 131 1
44 132 1
44 133 1
43 134 1
43 135 1
42 136 1
41 137 1
42 140 1
42 141 1
42 142 1
42 143 1
41 144 1
41 145 1
41 146 1
41 147 1
41 148 1
41 149 1
41 150 1
41 151 1
40 152 1
40 153 1
39 154 1
37 155 1
36 156 1
35 157 1
34 158 1
33 159 1
.PEN_UP
.PEN_DOWN
38 155 1
40 156 1
40 157 1
40 158 1
40 159 1
40 160 1
40 161 1
40 162 1
40 163 1
42 164 1
43 163 1
44 163 1
45 162 1
46 162 1
47 161 1
48 160 1
49 159 1
50 158 1
51 157 1
52 157 1
53 156 1
54 155 1
55 154 1
55 153 1
56 152 1
57 151 1
58 151 1
59 150 1
61 149 1
62 149 1
63 148 1
64 148 1
65 147 1
66 146 1
67 146 1
68 146 1
69 145 1
70 144 1
71 144 1
72 143 1
73 142 1
74 142 1
75 141 1
76 140 1
77 140 1
78 140 1
79 139 1
80 138 1
81 138 1
82 137 1
83 136 1
83 135 1
84 134 1
84 133 1
84 132 1
83 131 1
82 131 1
81 130 1
80 130 1
79 130 1
78 130 1
77 131 1
76 131 1
75 131 1
74 131 1
73 132 1
72 132 1
71 133 1
70 134 1
69 135 1
68 136 1
68 137 1
67 138 1
66 138 1
65 139 1
64 140 1
63 141 1
62 142 1
61 143 1
60 144 1
60 145 1
60 146 1
59 147 1
59 148 1
.PEN_UP
.PEN_DOWN
40 164 1
39 165 1
38 166 1
37 167 1
37 168 1
36 169 1
35 170 1
.PEN_UP
.PEN_DOWN
39 138 1
38 138 1
35 139 1
34 140 1
33 141 1
32 142 1
31 142 1
30 143 1
.PEN_UP
.PEN_DOWN
37 137 1
37 136 1
37 135 1
37 134 1
37 133 1
37 132 1
37 131 1
38 130 1
.PEN_UP
