.PEN_DOWN
2 19 1
2 20 1
3 21 1
4 22 1
5 23 1
6 23 1
7 23 1
8 24 1
9 24 1
10 25 1
11 26 1
12 26 1
13 27 1
14 27 1
15 28 1
16 27 1
17 27 1
18 27 1
19 27 1
20 26 1
21 26 1
22 26 1
23 26 1
24 25 1
25 25 1
26 25 1
27 24 1
28 23 1
29 22 1
30 21 1
31 20 1
32 19 1
33 18 1
34 17 1
34 16 1
35 15 1
35 14 1
36 13 1
36 12 1
37 11 1
37 10 1
38 9 1
38 8 1
38 7 1
38 6 1
38 5 1
37 4 1
36 3 1
35 2 1
34 2 1
33 1 1
32 1 1
31 1 1
30 1 1
29 1 1
28 1 1
27 1 1
26 1 1
25 1 1
24 1 1
23 1 1
22 2 1
21 2 1
20 2 1
19 3 1
18 4 1
17 5 1
16 6 1
16 7 1
16 8 1
16 9 1
17 10 1
17 11 1
.PEN_UP
.PEN_DOWN
15 29 1
15 30 1
15 31 1
15 32 1
15 33 1
15 34 1
14 35 1
14 36 1
14 37 1
14 38 1
14 39 1
14 40 1
13 41 1
13 42 1
13 43 1
12 44 1
12 45 1
11 46 1
11 47 1
11 48 1
10 49 1
10 50 1
9 51 1
8 52 1
7 53 1
7 54 1
6 55 1
5 56 1
5 57 1
4 58 1
4 59 1
3 60 1
3 61 1
3 62 1
3 63 1
4 66 1
5 66 1
6 66 1
7 67 1
8 67 1
9 68 1
11 68 1
12 68 1
13 68 1
14 68 1
15 67 1
16 67 1
17 67 1
18 66 1
19 65 1
19 64 1
20 63 1
21 62 1
22 61 1
23 60 1
.PEN_UP
.PEN_DOWN
10 68 1
8 70 1
8 71 1
8 72 1
7 73 1
7 74 1
7 75 1
6 76 1
5 77 1
5 78 1
4 79 1
4 80 1
3 81 1
2 82 1
2 83 1
2 84 1
2 85 1
2 86 1
1 87 1
1 88 1
1 89 1
.PEN_UP
