.PEN_DOWN
1 19 1
1 18 1
2 17 1
3 17 1
4 16 1
5 16 1
6 15 1
7 15 1
8 14 1
9 14 1
10 13 1
11 13 1
12 13 1
13 12 1
14 12 1
15 11 1
16 11 1
17 11 1
18 10 1
19 10 1
20 10 1
21 10 1
22 9 1
23 9 1
24 9 1
25 8 1
26 8 1
27 8 1
28 8 1
29 7 1
30 7 1
31 7 1
32 7 1
33 7 1
34 7 1
35 7 1
36 6 1
37 6 1
38 7 1
39 6 1
40 5 1
41 5 1
42 5 1
43 5 1
44 4 1
45 4 1
46 4 1
47 3 1
48 3 1
49 2 1
50 2 1
51 2 1
52 2 1
53 2 1
54 1 1
55 1 1
56 1 1
57 1 1
58 2 1
58 3 1
58 4 1
58 5 1
58 6 1
58 7 1
58 8 1
58 9 1
58 10 1
58 11 1
58 12 1
58 13 1
57 14 1
57 15 1
57 16 1
56 17 1
55 18 1
54 19 1
52 21 1
52 22 1
52 23 1
52 24 1
52 25 1
51 26 1
51 27 1
50 28 1
50 29 1
48 30 1
47 30 1
46 31 1
45 32 1
44 33 1
44 34 1
43 35 1
43 36 1
42 37 1
.PEN_UP
.PEN_DOWN
49 30 1
51 31 1
52 31 1
53 32 1
54 33 1
54 34 1
54 35 1
54 36 1
54 37 1
54 38 1
54 39 1
54 40 1
54 41 1
53 42 1
53 43 1
53 44 1
53 45 1
53 46 1
53 47 1
52 48 1
52 49 1
52 50 1
52 51 1
51 52 1
51 53 1
51 54 1
50 55 1
50 56 1
50 57 1
50 58 1
50 59 1
50 60 1
50 61 1
49 62 1
49 63 1
49 64 1
48 67 1
48 68 1
47 69 1
46 70 1
46 71 1
45 72 1
45 73 1
44 74 1
43 75 1
43 76 1
42 77 1
41 78 1
41 79 1
41 80 1
40 81 1
.PEN_UP
.PEN_DOWN
49 65 1
51 65 1
52 65 1
53 65 1
54 65 1
55 64 1
56 64 1
57 64 1
58 64 1
59 64 1
60 64 1
61 64 1
62 65 1
63 66 1
64 67 1
64 68 1
64 69 1
65 70 1
65 71 1
65 72 1
65 73 1
65 74 1
65 75 1
65 76 1
65 77 1
65 78 1
64 79 1
64 80 1
64 81 1
64 82 1
63 83 1
63 84 1
63 85 1
62 86 1
62 87 1
61 88 1
61 89 1
61 90 1
60 91 1
60 92 1
59 93 1
59 94 1
58 95 1
58 96 1
58 97 1
58 98 1
57 99 1
57 100 1
57 101 1
57 102 1
56 104 1
56 105 1
55 106 1
55 107 1
54 108 1
54 109 1
54 110 1
54 111 1
54 112 1
55 113 1
55 114 1
56 115 1
58 115 1
59 115 1
60 115 1
61 115 1
62 115 1
63 115 1
65 116 1
66 116 1
67 116 1
68 116 1
69 117 1
70 118 1
70 119 1
71 120 1
71 121 1
72 122 1
72 123 1
72 124 1
72 125 1
72 126 1
72 127 1
72 128 1
72 129 1
71 130 1
71 131 1
70 132 1
69 133 1
69 134 1
68 135 1
68 136 1
68 137 1
67 138 1
67 139 1
67 140 1
65 141 1
64 142 1
63 142 1
62 142 1
61 143 1
60 144 1
59 144 1
58 145 1
57 146 1
.PEN_UP
.PEN_DOWN
66 141 1
69 141 1
70 141 1
71 142 1
72 143 1
72 144 1
72 145 1
72 146 1
71 147 1
71 148 1
70 149 1
70 150 1
69 151 1
68 152 1
67 152 1
66 153 1
65 154 1
64 155 1
64 156 1
64 157 1
63 158 1
63 159 1
64 161 1
65 161 1
66 161 1
67 161 1
68 162 1
69 162 1
70 163 1
71 164 1
71 165 1
72 166 1
72 167 1
72 168 1
71 169 1
71 170 1
71 171 1
71 172 1
71 173 1
70 174 1
.PEN_UP
.PEN_DOWN
64 114 1
64 113 1
65 112 1
65 111 1
65 110 1
66 109 1
67 108 1
68 107 1
68 106 1
69 105 1
69 104 1
69 103 1
69 102 1
68 101 1
67 101 1
66 102 1
65 102 1
64 102 1
63 102 1
62 102 1
61 102 1
60 102 1
59 102 1
58 103 1
.PEN_UP
.PEN_DOWN
57 115 1
55 117 1
54 118 1
53 119 1
52 119 1
51 120 1
50 121 1
.PEN_UP
.PEN_DOWN
53 19 1
51 19 1
50 19 1
49 19 1
48 19 1
47 18 1
46 18 1
45 18 1
44 17 1
43 17 1
42 17 1
41 17 1
40 16 1
39 15 1
38 14 1
38 13 1
38 12 1
38 11 1
38 10 1
38 9 1
38 8 1
.PEN_UP
.PEN_DOWN
43 204 1
43 203 1
43 202 1
43 201 1
43 200 1
43 199 1
44 198 1
45 197 1
46 196 1
47 195 1
48 194 1
49 194 1
50 194 1
51 193 1
52 194 1
53 194 1
54 194 1
55 195 1
56 195 1
57 196 1
58 196 1
59 197 1
60 198 1
61 199 1
62 200 1
63 201 1
64 202 1
65 203 1
66 203 1
67 203 1
68 203 1
69 204 1
71 203 1
72 202 1
73 201 1
73 200 1
74 199 1
74 198 1
74 197 1
75 196 1
75 195 1
.PEN_UP
.PEN_DOWN
70 204 1
70 206 1
70 207 1
70 208 1
70 209 1
70 210 1
70 211 1
69 212 1
69 213 1
68 214 1
68 215 1
68 216 1
67 217 1
67 218 1
67 219 1
66 220 1
66 221 1
65 222 1
65 223 1
64 224 1
64 225 1
63 226 1
63 227 1
62 228 1
62 229 1
62 230 1
61 231 1
61 232 1
59 233 1
58 233 1
57 233 1
55 235 1
55 236 1
55 237 1
54 238 1
54 239 1
54 240 1
53 241 1
52 242 1
51 243 1
50 244 1
49 244 1
48 245 1
47 245 1
46 245 1
45 245 1
44 244 1
44 243 1
44 242 1
44 241 1
44 240 1
44 239 1
45 238 1
46 237 1
47 236 1
48 235 1
49 234 1
50 234 1
51 234 1
52 233 1
53 233 1
54 233 1
55 233 1
.PEN_UP
