.PEN_DOWN
5 19 1
4 20 1
3 21 1
2 22 1
2 23 1
2 24 1
2 25 1
2 26 1
2 27 1
1 28 1
1 29 1
1 30 1
3 31 1
4 31 1
5 31 1
6 31 1
7 31 1
8 31 1
9 31 1
10 31 1
11 31 1
12 30 1
13 30 1
14 30 1
15 29 1
16 29 1
17 29 1
18 28 1
19 28 1
20 28 1
21 28 1
22 28 1
23 28 1
24 28 1
25 28 1
26 29 1
26 30 1
26 31 1
26 32 1
26 33 1
26 34 1
26 35 1
26 36 1
26 37 1
26 38 1
25 39 1
25 40 1
25 41 1
25 42 1
25 43 1
24 45 1
23 46 1
22 47 1
22 48 1
21 49 1
21 50 1
20 51 1
20 52 1
19 53 1
18 54 1
18 55 1
17 56 1
16 56 1
15 57 1
14 57 1
13 57 1
12 58 1
11 57 1
10 57 1
9 57 1
8 57 1
7 56 1
6 55 1
5 54 1
5 53 1
4 52 1
3 51 1
3 50 1
2 49 1
2 48 1
2 47 1
2 46 1
2 45 1
1 44 1
1 43 1
1 42 1
1 41 1
1 40 1
1 39 1
1 38 1
1 37 1
1 36 1
1 35 1
1 34 1
1 33 1
1 32 1
.PEN_UP
.PEN_DOWN
25 44 1
27 45 1
28 46 1
28 47 1
29 48 1
29 49 1
30 50 1
30 51 1
31 52 1
31 53 1
32 54 1
33 55 1
34 56 1
35 57 1
36 57 1
37 58 1
38 58 1
39 58 1
40 58 1
41 59 1
43 62 1
44 63 1
45 63 1
46 63 1
47 63 1
48 63 1
49 64 1
50 64 1
51 65 1
52 66 1
53 66 1
54 67 1
55 68 1
55 69 1
56 70 1
57 71 1
57 72 1
57 73 1
58 74 1
58 75 1
58 76 1
58 77 1
58 78 1
58 79 1
58 80 1
58 81 1
58 82 1
58 83 1
58 84 1
57 85 1
57 86 1
57 87 1
57 88 1
56 89 1
56 90 1
55 91 1
55 92 1
54 93 1
53 94 1
52 95 1
52 96 1
52 97 1
51 98 1
50 99 1
49 100 1
48 101 1
47 102 1
46 103 1
45 104 1
44 104 1
43 105 1
42 105 1
41 106 1
40 106 1
39 107 1
38 107 1
37 108 1
36 108 1
35 108 1
34 108 1
33 108 1
32 109 1
31 110 1
30 110 1
29 111 1
28 111 1
27 111 1
26 111 1
25 110 1
24 109 1
23 108 1
23 107 1
22 106 1
22 105 1
22 104 1
22 103 1
22 102 1
22 101 1
22 100 1
22 99 1
22 98 1
22 97 1
22 96 1
22 95 1
23 94 1
23 93 1
23 92 1
23 91 1
23 90 1
23 89 1
24 88 1
24 87 1
25 86 1
25 85 1
25 84 1
25 83 1
26 82 1
26 81 1
27 80 1
27 79 1
28 78 1
28 77 1
28 76 1
29 75 1
29 74 1
30 73 1
31 72 1
32 71 1
33 70 1
33 69 1
34 68 1
35 68 1
36 67 1
37 66 1
38 65 1
39 65 1
40 64 1
40 63 1
41 62 1
42 61 1
43 58 1
44 57 1
45 56 1
46 56 1
47 55 1
48 55 1
49 54 1
50 53 1
51 52 1
52 51 1
53 50 1
54 49 1
54 48 1
55 47 1
56 46 1
56 45 1
57 44 1
57 43 1
58 42 1
58 41 1
59 40 1
59 39 1
59 38 1
59 37 1
60 36 1
60 35 1
60 34 1
60 33 1
60 32 1
60 31 1
60 30 1
60 29 1
60 28 1
60 27 1
60 26 1
59 25 1
59 24 1
59 23 1
59 22 1
59 21 1
58 20 1
58 19 1
57 18 1
56 17 1
55 15 1
55 14 1
55 13 1
55 12 1
54 11 1
54 10 1
53 9 1
52 8 1
51 7 1
50 6 1
49 5 1
48 4 1
47 3 1
46 2 1
45 1 1
44 1 1
.PEN_UP
.PEN_DOWN
55 17 1
54 17 1
53 17 1
52 18 1
51 18 1
50 18 1
49 18 1
48 19 1
47 19 1
46 20 1
45 20 1
44 20 1
43 20 1
42 21 1
41 21 1
40 22 1
39 22 1
38 23 1
37 23 1
36 23 1
35 24 1
34 24 1
33 24 1
32 25 1
31 25 1
30 25 1
29 25 1
28 25 1
27 25 1
26 23 1
26 22 1
26 21 1
27 20 1
27 19 1
27 18 1
.PEN_UP
.PEN_DOWN
8 137 1
9 137 1
10 136 1
11 136 1
12 135 1
13 135 1
14 135 1
15 135 1
16 135 1
17 135 1
18 134 1
19 134 1
20 134 1
21 133 1
22 133 1
23 133 1
24 133 1
25 133 1
26 133 1
27 133 1
28 133 1
31 132 1
32 132 1
33 132 1
34 132 1
35 131 1
36 131 1
37 131 1
38 130 1
39 130 1
40 130 1
41 129 1
42 128 1
43 128 1
44 128 1
45 127 1
46 127 1
47 127 1
48 127 1
49 126 1
50 126 1
51 125 1
52 125 1
53 125 1
54 125 1
55 125 1
56 126 1
56 127 1
56 128 1
56 129 1
56 130 1
57 131 1
57 132 1
57 133 1
57 134 1
57 135 1
57 136 1
57 137 1
57 138 1
58 139 1
58 140 1
58 141 1
58 142 1
57 143 1
57 144 1
57 145 1
57 146 1
57 147 1
57 148 1
57 149 1
56 150 1
56 151 1
56 152 1
55 153 1
55 154 1
55 155 1
54 156 1
54 157 1
53 158 1
52 159 1
51 160 1
51 161 1
50 162 1
49 163 1
48 164 1
47 165 1
46 166 1
45 166 1
44 167 1
43 168 1
42 168 1
41 168 1
40 168 1
39 168 1
38 169 1
37 169 1
36 169 1
35 169 1
34 168 1
33 168 1
32 168 1
31 167 1
30 166 1
29 165 1
29 164 1
28 163 1
27 162 1
26 161 1
26 160 1
26 159 1
25 158 1
25 157 1
25 156 1
24 155 1
24 154 1
24 153 1
24 152 1
24 151 1
24 150 1
24 149 1
24 148 1
24 147 1
24 146 1
25 145 1
25 144 1
26 143 1
26 142 1
26 141 1
27 140 1
28 139 1
28 138 1
29 137 1
29 136 1
29 135 1
29 134 1
.PEN_UP
.PEN_DOWN
5 184 1
6 184 1
7 184 1
8 184 1
9 184 1
10 184 1
11 184 1
12 184 1
13 183 1
14 183 1
15 183 1
16 183 1
17 183 1
18 183 1
19 183 1
20 182 1
21 182 1
22 182 1
23 182 1
24 182 1
25 182 1
26 182 1
27 182 1
28 183 1
29 182 1
30 181 1
31 181 1
32 181 1
33 180 1
34 180 1
35 180 1
36 179 1
37 178 1
38 178 1
39 177 1
40 177 1
41 177 1
42 176 1
43 176 1
44 176 1
45 176 1
46 176 1
47 176 1
48 175 1
49 176 1
50 177 1
50 178 1
50 179 1
51 180 1
51 181 1
51 182 1
51 183 1
51 184 1
51 185 1
51 186 1
52 187 1
52 188 1
52 189 1
52 190 1
52 191 1
52 192 1
52 193 1
52 194 1
52 195 1
53 196 1
53 197 1
52 198 1
52 199 1
52 200 1
51 201 1
51 202 1
51 203 1
51 204 1
51 205 1
51 206 1
51 207 1
50 208 1
50 209 1
50 210 1
50 211 1
49 212 1
49 213 1
48 214 1
48 215 1
47 216 1
46 217 1
46 218 1
45 219 1
44 220 1
44 221 1
43 222 1
42 223 1
41 223 1
40 224 1
39 225 1
38 225 1
37 225 1
36 226 1
35 226 1
34 225 1
33 225 1
32 225 1
31 225 1
30 224 1
29 223 1
28 222 1
27 221 1
26 220 1
26 219 1
25 218 1
25 217 1
25 216 1
24 215 1
24 214 1
23 213 1
23 212 1
23 211 1
23 210 1
22 209 1
22 208 1
22 207 1
22 206 1
22 205 1
22 204 1
22 203 1
22 202 1
22 201 1
22 200 1
22 199 1
22 198 1
22 197 1
23 196 1
23 195 1
23 194 1
23 193 1
24 192 1
25 191 1
25 190 1
25 189 1
26 188 1
26 187 1
27 186 1
27 185 1
27 184 1
.PEN_UP
.PEN_DOWN
19 248 1
20 248 1
21 247 1
22 247 1
23 248 1
24 248 1
25 248 1
26 248 1
27 248 1
28 249 1
29 249 1
30 249 1
31 250 1
32 250 1
33 250 1
34 250 1
35 251 1
36 251 1
37 251 1
38 251 1
39 252 1
40 252 1
41 252 1
42 252 1
43 252 1
44 253 1
45 253 1
46 253 1
47 253 1
48 253 1
49 254 1
50 254 1
51 254 1
52 254 1
53 255 1
54 255 1
55 255 1
56 256 1
57 256 1
58 257 1
59 258 1
59 259 1
60 260 1
62 259 1
63 259 1
64 259 1
65 259 1
66 258 1
67 257 1
68 257 1
69 256 1
70 255 1
71 254 1
72 254 1
73 253 1
74 252 1
75 251 1
76 251 1
77 250 1
78 250 1
79 249 1
80 248 1
81 248 1
82 247 1
83 246 1
84 246 1
85 245 1
86 245 1
87 244 1
88 244 1
89 243 1
90 242 1
91 242 1
92 241 1
93 240 1
94 240 1
95 239 1
96 238 1
97 238 1
98 237 1
99 236 1
100 236 1
101 235 1
102 235 1
103 234 1
104 234 1
105 234 1
106 233 1
107 233 1
108 233 1
109 232 1
110 232 1
.PEN_UP
.PEN_DOWN
61 260 1
59 262 1
58 263 1
57 263 1
56 264 1
55 265 1
54 265 1
53 266 1
52 267 1
51 268 1
50 268 1
49 268 1
48 269 1
47 270 1
46 270 1
45 271 1
44 272 1
43 273 1
42 274 1
41 274 1
40 275 1
39 275 1
38 276 1
37 276 1
36 277 1
35 278 1
34 278 1
33 279 1
32 280 1
31 281 1
30 282 1
29 283 1
28 284 1
27 285 1
27 286 1
27 287 1
.PEN_UP
