.PEN_DOWN
30 1 1
30 2 1
29 3 1
29 4 1
29 5 1
29 6 1
29 7 1
29 8 1
29 9 1
29 10 1
29 11 1
29 12 1
29 13 1
29 14 1
29 15 1
30 16 1
31 17 1
33 16 1
34 16 1
35 16 1
36 15 1
37 15 1
38 14 1
39 14 1
40 13 1
41 13 1
42 12 1
43 11 1
44 11 1
45 10 1
46 10 1
47 9 1
48 9 1
49 8 1
50 8 1
51 7 1
52 6 1
53 6 1
54 6 1
.PEN_UP
.PEN_DOWN
31 18 1
31 19 1
31 20 1
30 21 1
29 25 1
28 26 1
28 27 1
28 28 1
28 29 1
27 30 1
27 31 1
26 32 1
25 33 1
25 34 1
24 35 1
24 36 1
24 37 1
23 38 1
23 39 1
23 40 1
23 41 1
24 42 1
25 42 1
26 42 1
27 42 1
28 42 1
29 41 1
30 41 1
31 41 1
32 41 1
33 40 1
34 40 1
35 40 1
36 40 1
37 39 1
38 39 1
39 39 1
40 39 1
41 38 1
42 38 1
43 37 1
44 36 1
45 35 1
46 35 1
47 34 1
48 33 1
49 32 1
49 31 1
50 30 1
50 29 1
51 28 1
51 27 1
51 26 1
51 25 1
51 24 1
51 23 1
50 22 1
49 21 1
48 21 1
47 21 1
46 21 1
45 21 1
44 21 1
43 21 1
42 21 1
41 21 1
40 21 1
39 21 1
38 22 1
37 22 1
36 22 1
35 23 1
34 23 1
33 23 1
32 24 1
31 24 1
28 22 1
27 22 1
26 22 1
25 23 1
24 23 1
23 23 1
22 23 1
21 23 1
20 24 1
19 24 1
18 25 1
17 26 1
16 26 1
15 27 1
14 27 1
13 28 1
12 29 1
11 29 1
10 29 1
9 30 1
8 30 1
7 30 1
6 31 1
5 31 1
4 32 1
3 32 1
2 33 1
1 33 1
.PEN_UP
