.PEN_DOWN
1 40 1
2 39 1
3 39 1
4 39 1
5 39 1
6 39 1
7 39 1
8 39 1
9 39 1
10 39 1
11 39 1
12 39 1
13 39 1
14 39 1
15 40 1
16 40 1
17 40 1
18 40 1
19 41 1
20 41 1
21 41 1
22 41 1
23 42 1
24 42 1
25 42 1
26 42 1
27 42 1
28 43 1
29 44 1
31 45 1
32 45 1
33 45 1
34 45 1
35 45 1
36 45 1
37 45 1
38 45 1
39 45 1
40 45 1
41 45 1
42 46 1
43 46 1
44 45 1
45 45 1
.PEN_UP
.PEN_DOWN
29 45 1
28 47 1
28 48 1
27 49 1
27 50 1
26 51 1
25 52 1
24 53 1
24 54 1
23 55 1
23 56 1
23 57 1
23 58 1
23 59 1
23 60 1
.PEN_UP
.PEN_DOWN
40 29 1
40 28 1
40 27 1
39 26 1
38 25 1
37 24 1
36 24 1
35 23 1
34 23 1
33 23 1
32 22 1
31 21 1
30 20 1
30 19 1
28 18 1
27 18 1
26 18 1
25 18 1
24 17 1
23 16 1
23 15 1
23 14 1
23 13 1
23 12 1
23 11 1
24 10 1
24 9 1
25 8 1
25 7 1
26 6 1
26 5 1
27 4 1
28 3 1
29 2 1
30 1 1
31 1 1
32 1 1
33 1 1
34 1 1
35 1 1
36 2 1
36 3 1
36 4 1
36 5 1
36 6 1
36 7 1
36 8 1
36 9 1
35 10 1
35 11 1
34 12 1
34 13 1
33 14 1
33 15 1
32 16 1
31 16 1
30 17 1
.PEN_UP
