.PEN_DOWN
78 27 1
79 27 1
80 26 1
81 26 1
83 27 1
84 27 1
85 27 1
86 27 1
87 27 1
88 27 1
89 27 1
90 27 1
91 27 1
92 27 1
93 28 1
94 29 1
94 30 1
94 31 1
94 32 1
94 33 1
94 34 1
94 35 1
93 36 1
95 37 1
96 37 1
97 37 1
98 37 1
99 38 1
100 39 1
99 40 1
99 41 1
99 42 1
99 43 1
98 44 1
97 45 1
96 46 1
96 47 1
96 48 1
95 49 1
95 50 1
95 51 1
96 52 1
97 52 1
98 52 1
99 53 1
100 54 1
100 55 1
100 56 1
100 57 1
100 58 1
100 59 1
99 60 1
98 61 1
97 62 1
96 62 1
95 63 1
95 64 1
94 65 1
93 65 1
92 66 1
91 66 1
90 66 1
89 66 1
88 66 1
87 66 1
86 67 1
85 67 1
84 67 1
83 68 1
82 68 1
81 69 1
80 69 1
.PEN_UP
.PEN_DOWN
95 66 1
95 67 1
95 68 1
94 69 1
94 70 1
94 71 1
94 72 1
93 73 1
93 74 1
93 75 1
93 76 1
92 77 1
92 78 1
92 79 1
94 81 1
93 82 1
93 83 1
93 84 1
93 85 1
93 86 1
92 87 1
92 88 1
92 89 1
91 90 1
92 91 1
93 92 1
94 92 1
95 92 1
96 92 1
97 93 1
98 94 1
98 95 1
98 96 1
.PEN_UP
.PEN_DOWN
91 80 1
90 80 1
89 81 1
88 81 1
87 82 1
.PEN_UP
.PEN_DOWN
92 37 1
91 38 1
90 38 1
89 39 1
.PEN_UP
.PEN_DOWN
82 25 1
82 24 1
83 23 1
83 22 1
84 21 1
85 20 1
86 19 1
87 18 1
88 18 1
89 17 1
90 16 1
91 15 1
92 15 1
93 14 1
94 13 1
95 12 1
96 12 1
97 11 1
98 11 1
99 10 1
100 9 1
101 8 1
102 8 1
103 7 1
104 6 1
105 5 1
106 5 1
107 4 1
108 3 1
108 2 1
109 1 1
110 1 1
.PEN_UP
.PEN_DOWN
78 110 1
79 110 1
80 111 1
81 112 1
82 112 1
83 112 1
84 113 1
85 113 1
86 113 1
87 114 1
89 113 1
90 113 1
91 113 1
92 114 1
93 114 1
94 114 1
.PEN_UP
.PEN_DOWN
88 114 1
88 116 1
88 117 1
88 118 1
87 119 1
87 120 1
87 121 1
86 122 1
86 123 1
86 124 1
85 125 1
85 126 1
85 127 1
85 128 1
85 129 1
84 131 1
83 131 1
82 132 1
.PEN_UP
.PEN_DOWN
85 130 1
87 130 1
88 130 1
89 130 1
90 130 1
91 129 1
92 129 1
93 129 1
94 129 1
95 129 1
96 129 1
97 130 1
97 131 1
97 132 1
96 133 1
96 134 1
95 135 1
95 136 1
.PEN_UP
.PEN_DOWN
80 113 1
79 114 1
78 115 1
77 116 1
76 116 1
75 117 1
74 117 1
73 117 1
72 117 1
71 117 1
70 118 1
69 118 1
68 118 1
67 118 1
66 119 1
65 119 1
64 119 1
63 119 1
62 120 1
61 120 1
60 120 1
59 121 1
58 121 1
57 121 1
56 121 1
55 122 1
54 122 1
53 122 1
52 123 1
51 123 1
50 123 1
49 123 1
48 124 1
47 124 1
46 124 1
45 125 1
44 125 1
43 125 1
42 125 1
41 125 1
40 126 1
39 126 1
38 126 1
37 127 1
36 127 1
35 128 1
34 128 1
33 128 1
32 129 1
31 129 1
30 130 1
29 130 1
28 130 1
27 130 1
26 131 1
25 131 1
24 131 1
23 131 1
22 131 1
21 132 1
20 132 1
19 132 1
18 132 1
17 132 1
16 133 1
15 133 1
14 133 1
13 133 1
12 134 1
11 134 1
10 134 1
9 135 1
8 135 1
7 135 1
6 136 1
5 136 1
4 136 1
3 136 1
2 136 1
1 136 1
.PEN_UP
.PEN_DOWN
86 146 1
87 146 1
88 145 1
89 145 1
90 144 1
91 144 1
92 143 1
93 143 1
94 143 1
95 143 1
96 142 1
97 143 1
98 144 1
99 145 1
99 146 1
99 147 1
99 148 1
98 149 1
98 150 1
98 151 1
97 152 1
96 153 1
96 154 1
95 155 1
94 156 1
93 157 1
92 158 1
91 159 1
90 159 1
89 160 1
88 160 1
87 161 1
86 161 1
85 161 1
84 162 1
83 162 1
82 162 1
81 162 1
80 162 1
79 162 1
78 162 1
77 164 1
77 165 1
78 166 1
79 167 1
80 167 1
81 167 1
82 167 1
83 167 1
84 167 1
85 167 1
86 167 1
87 167 1
88 167 1
89 167 1
89 169 1
89 170 1
89 171 1
89 172 1
88 173 1
87 174 1
86 175 1
86 176 1
85 177 1
84 178 1
84 179 1
83 180 1
83 181 1
83 182 1
84 183 1
85 183 1
86 183 1
87 183 1
88 184 1
89 185 1
89 186 1
89 187 1
89 188 1
89 189 1
89 190 1
89 191 1
89 192 1
88 193 1
88 194 1
88 195 1
88 196 1
88 197 1
89 198 1
90 199 1
90 200 1
89 201 1
89 202 1
89 203 1
89 204 1
88 205 1
88 206 1
87 207 1
87 208 1
87 209 1
86 210 1
87 211 1
88 212 1
89 212 1
90 213 1
91 214 1
91 215 1
91 216 1
90 217 1
90 218 1
90 219 1
89 220 1
89 221 1
88 222 1
88 223 1
88 224 1
88 225 1
.PEN_UP
.PEN_DOWN
77 162 1
76 159 1
76 158 1
76 157 1
76 156 1
75 155 1
74 154 1
73 153 1
72 153 1
71 152 1
70 152 1
69 153 1
68 153 1
67 154 1
66 155 1
66 156 1
66 157 1
67 158 1
68 159 1
69 159 1
70 160 1
71 160 1
72 160 1
73 160 1
74 160 1
.PEN_UP
.PEN_DOWN
58 202 1
58 203 1
59 204 1
59 205 1
59 206 1
59 207 1
59 208 1
60 209 1
60 210 1
60 211 1
60 212 1
59 213 1
.PEN_UP
.PEN_DOWN
83 253 1
83 252 1
83 251 1
83 250 1
84 249 1
85 248 1
85 247 1
86 246 1
87 245 1
88 245 1
89 244 1
90 243 1
91 243 1
92 243 1
93 243 1
94 244 1
95 245 1
95 246 1
95 247 1
95 248 1
96 249 1
96 250 1
96 251 1
96 252 1
96 253 1
97 254 1
98 254 1
101 253 1
102 252 1
103 251 1
104 250 1
104 249 1
105 248 1
106 247 1
107 246 1
108 245 1
109 244 1
110 243 1
111 242 1
111 241 1
112 240 1
113 240 1
114 239 1
115 238 1
116 237 1
117 237 1
118 236 1
119 236 1
120 235 1
121 235 1
122 234 1
123 234 1
124 234 1
125 234 1
126 233 1
127 233 1
128 232 1
129 232 1
130 232 1
131 232 1
132 232 1
133 232 1
134 232 1
135 232 1
136 232 1
137 232 1
138 232 1
139 232 1
140 232 1
141 232 1
142 232 1
143 233 1
144 233 1
145 234 1
146 234 1
147 235 1
148 235 1
149 236 1
150 236 1
151 237 1
152 238 1
152 239 1
152 240 1
152 241 1
152 242 1
152 243 1
152 244 1
152 245 1
151 246 1
150 247 1
150 248 1
149 249 1
148 250 1
147 251 1
146 252 1
145 252 1
144 253 1
143 254 1
142 254 1
141 254 1
140 254 1
139 254 1
138 255 1
137 255 1
136 255 1
135 255 1
134 256 1
133 256 1
132 256 1
131 256 1
130 257 1
129 257 1
128 257 1
127 257 1
126 258 1
125 258 1
124 258 1
123 258 1
122 258 1
121 259 1
120 259 1
119 259 1
118 259 1
117 260 1
116 260 1
115 260 1
114 260 1
113 260 1
112 260 1
111 260 1
110 261 1
109 261 1
108 261 1
107 261 1
106 261 1
105 261 1
104 261 1
103 261 1
102 260 1
101 260 1
100 260 1
99 259 1
98 260 1
97 261 1
97 262 1
96 263 1
96 264 1
96 265 1
95 266 1
95 267 1
94 268 1
94 269 1
93 270 1
93 271 1
92 272 1
92 273 1
.PEN_UP
.PEN_DOWN
99 258 1
99 257 1
99 256 1
99 255 1
.PEN_UP
