.PEN_DOWN
18 1 1
18 2 1
17 3 1
17 4 1
17 5 1
18 6 1
18 7 1
18 8 1
17 9 1
17 10 1
17 11 1
17 12 1
17 13 1
17 14 1
17 15 1
17 16 1
17 17 1
17 18 1
17 19 1
17 20 1
19 21 1
20 21 1
21 21 1
22 21 1
23 21 1
24 21 1
25 21 1
26 21 1
27 21 1
28 21 1
29 21 1
30 21 1
31 21 1
32 21 1
33 21 1
34 21 1
35 21 1
36 21 1
37 21 1
38 21 1
39 21 1
40 21 1
41 21 1
42 21 1
43 21 1
44 21 1
45 21 1
46 21 1
.PEN_UP
.PEN_DOWN
16 21 1
14 21 1
13 21 1
12 21 1
11 21 1
10 21 1
9 21 1
8 21 1
7 21 1
6 20 1
5 20 1
4 20 1
3 20 1
2 20 1
1 20 1
.PEN_UP
.PEN_DOWN
15 21 1
16 23 1
16 24 1
16 25 1
16 26 1
16 27 1
16 28 1
.PEN_UP
.PEN_DOWN
3 44 1
4 43 1
5 43 1
6 43 1
7 43 1
8 43 1
9 43 1
10 43 1
11 43 1
12 43 1
13 43 1
14 43 1
15 43 1
16 43 1
17 43 1
18 43 1
19 43 1
20 44 1
21 44 1
22 44 1
23 44 1
24 44 1
25 44 1
26 44 1
27 44 1
28 44 1
29 44 1
30 44 1
31 45 1
34 45 1
35 45 1
36 44 1
37 44 1
38 44 1
39 44 1
40 45 1
41 45 1
42 45 1
.PEN_UP
.PEN_DOWN
32 45 1
31 47 1
31 48 1
31 49 1
30 50 1
30 51 1
29 52 1
28 53 1
28 54 1
27 55 1
27 56 1
27 57 1
26 58 1
26 59 1
26 60 1
25 61 1
25 62 1
25 63 1
25 64 1
25 65 1
26 66 1
26 67 1
26 68 1
27 69 1
28 70 1
29 71 1
30 72 1
31 73 1
32 74 1
33 75 1
34 75 1
35 75 1
36 76 1
37 76 1
38 76 1
39 76 1
40 77 1
41 77 1
42 77 1
43 77 1
44 78 1
45 78 1
46 78 1
.PEN_UP
.PEN_DOWN
25 126 1
25 125 1
24 124 1
24 123 1
24 122 1
22 121 1
21 120 1
20 120 1
19 120 1
18 119 1
17 118 1
16 117 1
16 116 1
16 115 1
15 114 1
15 113 1
15 112 1
15 111 1
15 110 1
15 109 1
15 108 1
15 107 1
15 106 1
15 105 1
15 104 1
16 103 1
16 102 1
16 101 1
16 100 1
16 99 1
16 98 1
17 97 1
17 96 1
18 95 1
19 94 1
20 93 1
21 93 1
22 93 1
23 93 1
25 91 1
26 91 1
27 91 1
28 91 1
29 91 1
30 91 1
31 91 1
32 92 1
33 92 1
34 92 1
35 93 1
36 93 1
37 94 1
38 95 1
39 96 1
40 97 1
41 98 1
41 99 1
42 100 1
42 101 1
43 102 1
44 103 1
44 104 1
45 105 1
45 106 1
46 107 1
46 108 1
47 109 1
47 110 1
47 111 1
48 112 1
48 113 1
48 114 1
48 115 1
48 116 1
48 117 1
48 118 1
48 119 1
48 120 1
48 121 1
48 122 1
48 123 1
48 124 1
48 125 1
48 126 1
48 127 1
47 128 1
46 129 1
46 130 1
45 131 1
45 132 1
44 133 1
44 134 1
43 135 1
43 136 1
42 137 1
.PEN_UP
.PEN_DOWN
24 92 1
24 95 1
24 96 1
24 97 1
24 98 1
24 99 1
24 100 1
24 101 1
24 102 1
24 103 1
24 104 1
24 105 1
24 106 1
24 107 1
24 108 1
24 109 1
24 110 1
24 111 1
24 112 1
24 113 1
24 114 1
24 115 1
24 116 1
24 117 1
24 118 1
24 119 1
24 120 1
.PEN_UP
