.PEN_DOWN
31 34 1
30 34 1
29 34 1
28 33 1
26 34 1
25 34 1
24 35 1
23 36 1
22 37 1
21 38 1
20 39 1
19 40 1
18 40 1
17 41 1
16 42 1
15 43 1
14 43 1
13 44 1
12 44 1
11 45 1
10 45 1
9 45 1
7 44 1
6 43 1
5 42 1
4 41 1
3 40 1
3 39 1
2 38 1
2 37 1
2 36 1
1 35 1
1 34 1
1 33 1
1 32 1
1 31 1
1 30 1
1 29 1
1 28 1
1 27 1
2 26 1
2 25 1
2 24 1
3 23 1
3 22 1
4 21 1
4 20 1
4 19 1
5 18 1
6 17 1
6 16 1
7 15 1
7 14 1
8 13 1
9 12 1
10 11 1
10 10 1
11 9 1
12 8 1
13 7 1
14 6 1
15 5 1
16 4 1
17 3 1
18 2 1
19 2 1
20 2 1
21 1 1
22 1 1
23 1 1
24 1 1
25 1 1
26 1 1
27 1 1
28 2 1
29 3 1
30 4 1
30 5 1
31 6 1
31 7 1
31 8 1
31 9 1
32 10 1
32 11 1
32 12 1
32 13 1
32 14 1
31 15 1
31 16 1
31 17 1
31 18 1
31 19 1
31 20 1
30 21 1
30 22 1
30 23 1
30 24 1
29 25 1
29 26 1
29 27 1
29 28 1
29 29 1
28 30 1
28 31 1
28 32 1
.PEN_UP
.PEN_DOWN
36 49 1
35 49 1
34 50 1
33 51 1
32 52 1
31 52 1
30 53 1
29 54 1
28 55 1
27 56 1
26 57 1
25 58 1
24 59 1
23 59 1
22 60 1
21 61 1
20 62 1
19 63 1
18 64 1
17 65 1
16 66 1
15 67 1
14 68 1
14 69 1
13 70 1
12 71 1
11 72 1
10 73 1
10 74 1
9 75 1
9 76 1
9 77 1
9 78 1
9 79 1
8 80 1
8 81 1
8 82 1
7 83 1
7 84 1
6 85 1
5 86 1
5 87 1
5 88 1
4 89 1
4 90 1
4 91 1
3 92 1
3 93 1
3 94 1
3 95 1
3 96 1
3 97 1
3 98 1
3 99 1
4 100 1
5 100 1
6 101 1
7 102 1
8 102 1
9 103 1
10 103 1
11 103 1
12 103 1
13 103 1
14 103 1
15 103 1
16 103 1
17 102 1
18 102 1
19 101 1
20 101 1
21 101 1
22 100 1
23 100 1
24 99 1
25 99 1
26 99 1
27 98 1
28 97 1
29 96 1
30 96 1
31 95 1
32 94 1
33 94 1
34 93 1
35 92 1
36 92 1
37 91 1
.PEN_UP
