.PEN_DOWN
8 15 1
9 14 1
10 14 1
11 14 1
12 14 1
13 14 1
14 13 1
15 13 1
16 13 1
17 13 1
18 13 1
19 12 1
20 12 1
21 12 1
22 12 1
23 11 1
24 11 1
25 11 1
26 11 1
27 11 1
28 11 1
29 11 1
30 11 1
31 10 1
32 10 1
33 10 1
34 10 1
35 10 1
36 10 1
37 10 1
38 10 1
39 9 1
40 9 1
41 9 1
42 9 1
43 9 1
44 8 1
45 8 1
46 8 1
47 8 1
48 8 1
49 8 1
50 8 1
51 8 1
52 10 1
52 11 1
52 12 1
52 13 1
52 14 1
52 15 1
.PEN_UP
.PEN_DOWN
53 7 1
54 6 1
56 5 1
57 5 1
58 5 1
59 5 1
60 5 1
61 5 1
62 5 1
63 4 1
64 4 1
65 4 1
66 3 1
67 3 1
68 3 1
.PEN_UP
.PEN_DOWN
54 5 1
54 3 1
55 2 1
55 1 1
.PEN_UP
.PEN_DOWN
1 44 1
2 44 1
3 43 1
4 43 1
5 42 1
6 42 1
7 42 1
8 42 1
9 42 1
10 41 1
11 41 1
12 41 1
13 40 1
14 40 1
15 40 1
16 39 1
17 39 1
18 39 1
19 39 1
20 38 1
21 37 1
22 37 1
23 37 1
24 37 1
25 37 1
26 37 1
27 37 1
28 36 1
29 35 1
30 35 1
31 35 1
32 35 1
33 34 1
34 34 1
35 34 1
36 33 1
37 33 1
38 33 1
39 33 1
40 32 1
41 32 1
42 31 1
43 31 1
44 31 1
45 31 1
46 31 1
47 31 1
48 31 1
49 31 1
50 31 1
53 31 1
54 30 1
55 30 1
56 29 1
57 29 1
.PEN_UP
.PEN_DOWN
51 31 1
51 33 1
50 34 1
50 35 1
50 36 1
49 37 1
49 38 1
48 39 1
48 40 1
47 41 1
47 42 1
46 43 1
46 44 1
44 46 1
43 46 1
42 46 1
41 46 1
40 46 1
39 47 1
.PEN_UP
.PEN_DOWN
45 45 1
47 46 1
48 46 1
49 46 1
50 46 1
51 46 1
52 46 1
53 46 1
54 46 1
55 46 1
56 46 1
57 46 1
58 46 1
59 45 1
60 45 1
61 45 1
62 45 1
63 45 1
64 45 1
.PEN_UP
.PEN_DOWN
10 77 1
11 77 1
12 76 1
13 76 1
14 76 1
15 76 1
16 76 1
17 76 1
18 76 1
19 76 1
20 76 1
21 77 1
22 77 1
.PEN_UP
.PEN_DOWN
40 73 1
41 72 1
42 72 1
43 71 1
44 71 1
45 70 1
46 70 1
47 69 1
48 69 1
49 68 1
50 68 1
51 68 1
52 67 1
53 67 1
54 67 1
55 66 1
56 66 1
57 66 1
58 65 1
59 65 1
60 65 1
61 65 1
62 65 1
63 65 1
64 65 1
65 65 1
66 64 1
.PEN_UP
.PEN_DOWN
64 85 1
64 86 1
64 87 1
65 88 1
65 89 1
65 90 1
65 91 1
65 92 1
65 93 1
65 94 1
65 95 1
65 96 1
65 97 1
65 98 1
64 99 1
64 100 1
63 101 1
62 101 1
61 102 1
60 102 1
59 102 1
58 102 1
57 102 1
56 101 1
55 100 1
54 99 1
53 98 1
52 97 1
51 97 1
50 96 1
49 95 1
48 94 1
47 94 1
46 93 1
45 93 1
44 93 1
43 93 1
42 93 1
41 93 1
40 93 1
39 94 1
38 95 1
37 96 1
36 97 1
35 98 1
34 99 1
34 100 1
33 101 1
33 102 1
33 103 1
.PEN_UP
