.PEN_DOWN
1 1 1
2 1 1
3 1 1
4 2 1
5 2 1
6 2 1
7 2 1
8 2 1
9 2 1
10 2 1
11 2 1
12 2 1
13 3 1
14 3 1
15 3 1
16 3 1
17 3 1
18 3 1
19 3 1
20 3 1
21 3 1
22 3 1
23 3 1
24 3 1
25 3 1
26 3 1
27 4 1
28 4 1
29 4 1
30 4 1
31 4 1
32 4 1
33 4 1
34 5 1
35 5 1
36 5 1
37 5 1
38 5 1
39 5 1
40 6 1
41 6 1
42 6 1
43 6 1
44 6 1
45 6 1
46 7 1
47 7 1
48 7 1
49 7 1
50 8 1
51 8 1
52 8 1
53 8 1
54 8 1
55 8 1
56 8 1
57 9 1
58 9 1
59 9 1
60 10 1
61 10 1
62 11 1
63 11 1
64 11 1
65 12 1
66 12 1
67 13 1
68 14 1
69 15 1
70 16 1
70 17 1
71 18 1
71 19 1
71 20 1
71 21 1
71 22 1
70 23 1
69 24 1
68 25 1
67 25 1
66 26 1
65 26 1
64 26 1
63 26 1
62 26 1
61 27 1
60 27 1
59 27 1
58 28 1
55 29 1
54 29 1
53 29 1
52 29 1
51 28 1
50 28 1
49 28 1
48 28 1
47 28 1
46 28 1
45 28 1
44 28 1
43 28 1
42 28 1
41 28 1
40 28 1
39 27 1
38 27 1
37 27 1
36 27 1
35 27 1
34 27 1
33 26 1
32 26 1
31 26 1
30 26 1
.PEN_UP
.PEN_DOWN
57 28 1
57 31 1
58 32 1
58 33 1
59 34 1
60 35 1
60 36 1
60 37 1
60 38 1
60 39 1
60 40 1
60 41 1
60 42 1
59 43 1
58 44 1
57 45 1
56 45 1
55 46 1
55 47 1
54 48 1
53 49 1
53 50 1
52 51 1
50 52 1
49 52 1
48 52 1
47 52 1
46 52 1
45 52 1
44 52 1
43 52 1
42 52 1
41 52 1
40 52 1
39 52 1
38 52 1
37 52 1
36 53 1
35 53 1
34 53 1
33 53 1
31 51 1
30 50 1
29 50 1
28 50 1
27 50 1
26 50 1
25 50 1
24 50 1
23 50 1
22 50 1
21 50 1
20 50 1
19 50 1
18 50 1
17 49 1
16 49 1
15 49 1
14 49 1
13 49 1
12 49 1
10 50 1
9 51 1
8 51 1
7 51 1
6 51 1
5 51 1
.PEN_UP
.PEN_DOWN
11 48 1
10 47 1
10 46 1
9 45 1
8 44 1
7 43 1
6 42 1
5 41 1
4 40 1
3 39 1
2 39 1
.PEN_UP
.PEN_DOWN
32 52 1
31 55 1
31 56 1
30 57 1
29 58 1
29 59 1
28 60 1
27 60 1
26 61 1
25 62 1
25 63 1
25 64 1
25 65 1
25 66 1
25 67 1
26 68 1
27 69 1
28 70 1
29 70 1
30 70 1
31 71 1
32 71 1
33 71 1
34 71 1
35 72 1
36 72 1
37 73 1
38 74 1
39 75 1
40 76 1
41 77 1
43 78 1
44 78 1
45 78 1
46 78 1
47 78 1
48 78 1
49 78 1
50 78 1
51 78 1
52 78 1
53 78 1
54 78 1
55 78 1
56 78 1
57 78 1
58 79 1
59 79 1
60 80 1
61 80 1
62 80 1
63 81 1
64 82 1
65 83 1
65 84 1
66 85 1
66 86 1
66 87 1
66 88 1
66 89 1
66 90 1
66 91 1
66 92 1
.PEN_UP
.PEN_DOWN
41 78 1
40 80 1
40 81 1
39 82 1
38 83 1
37 83 1
36 83 1
35 84 1
34 84 1
33 85 1
32 85 1
31 86 1
30 87 1
30 88 1
30 89 1
30 90 1
30 91 1
30 92 1
31 93 1
31 94 1
.PEN_UP
.PEN_DOWN
51 52 1
53 53 1
54 54 1
55 54 1
56 54 1
57 54 1
58 54 1
59 54 1
60 54 1
.PEN_UP
.PEN_DOWN
68 105 1
67 105 1
66 104 1
65 104 1
64 104 1
63 104 1
62 104 1
61 104 1
60 104 1
59 104 1
58 104 1
57 104 1
56 103 1
55 103 1
54 103 1
53 103 1
52 103 1
51 103 1
50 103 1
49 103 1
48 103 1
47 103 1
46 103 1
45 103 1
44 103 1
43 103 1
42 103 1
41 103 1
40 103 1
39 104 1
38 104 1
37 104 1
36 104 1
35 104 1
34 105 1
33 105 1
32 105 1
31 106 1
30 106 1
29 106 1
28 107 1
27 107 1
26 108 1
25 108 1
24 109 1
23 110 1
23 111 1
23 112 1
23 113 1
23 114 1
24 115 1
24 116 1
25 117 1
26 117 1
27 118 1
28 118 1
29 119 1
30 119 1
31 119 1
32 119 1
33 119 1
34 120 1
35 120 1
36 120 1
37 120 1
38 120 1
39 120 1
40 120 1
41 120 1
42 121 1
43 121 1
44 121 1
45 121 1
46 121 1
47 121 1
48 121 1
49 121 1
50 121 1
51 121 1
52 121 1
53 121 1
54 121 1
55 121 1
56 121 1
57 120 1
58 120 1
59 120 1
60 120 1
61 120 1
62 121 1
63 121 1
64 121 1
65 121 1
.PEN_UP
