.PEN_DOWN
52 1 1
51 2 1
51 3 1
51 4 1
50 5 1
50 6 1
50 7 1
49 8 1
49 9 1
48 10 1
48 11 1
48 12 1
47 13 1
47 14 1
46 15 1
45 16 1
45 17 1
44 18 1
43 19 1
42 20 1
42 21 1
41 22 1
40 23 1
40 24 1
39 25 1
38 26 1
38 27 1
37 28 1
36 29 1
36 30 1
35 31 1
35 32 1
34 33 1
33 34 1
32 35 1
31 36 1
31 37 1
30 38 1
29 39 1
29 40 1
28 41 1
27 42 1
26 43 1
26 44 1
25 45 1
24 46 1
23 47 1
22 48 1
21 49 1
20 50 1
19 51 1
18 52 1
17 53 1
17 54 1
16 55 1
16 56 1
15 57 1
15 58 1
15 59 1
14 60 1
14 61 1
12 62 1
11 63 1
10 63 1
9 64 1
8 65 1
7 66 1
6 66 1
5 67 1
4 68 1
.PEN_UP
.PEN_DOWN
13 62 1
16 62 1
17 62 1
18 62 1
19 62 1
20 62 1
21 62 1
22 62 1
23 62 1
24 62 1
25 62 1
26 62 1
27 62 1
28 62 1
30 61 1
31 60 1
32 60 1
33 59 1
34 59 1
35 58 1
36 58 1
37 57 1
38 56 1
39 55 1
40 55 1
41 54 1
42 54 1
43 53 1
44 52 1
45 51 1
46 51 1
47 50 1
48 49 1
49 49 1
50 48 1
51 47 1
52 47 1
53 46 1
54 45 1
55 44 1
56 44 1
57 43 1
58 42 1
.PEN_UP
.PEN_DOWN
29 62 1
29 64 1
29 65 1
29 66 1
29 67 1
29 68 1
29 69 1
27 71 1
26 72 1
25 72 1
24 73 1
23 74 1
22 75 1
21 75 1
20 76 1
19 76 1
18 77 1
17 77 1
16 78 1
15 79 1
14 79 1
13 79 1
12 80 1
11 81 1
.PEN_UP
.PEN_DOWN
28 70 1
30 71 1
31 72 1
32 72 1
33 72 1
34 72 1
35 72 1
36 72 1
37 72 1
38 73 1
39 73 1
40 74 1
40 75 1
40 76 1
40 77 1
40 78 1
40 79 1
40 80 1
40 81 1
40 82 1
41 83 1
43 83 1
44 83 1
45 83 1
46 83 1
47 82 1
48 82 1
49 82 1
50 82 1
51 81 1
52 81 1
53 80 1
54 80 1
55 80 1
56 80 1
57 80 1
58 80 1
59 80 1
60 80 1
61 80 1
62 80 1
63 81 1
64 81 1
65 81 1
66 82 1
67 82 1
68 83 1
69 84 1
70 85 1
71 86 1
72 87 1
72 88 1
73 89 1
74 90 1
74 91 1
75 92 1
76 93 1
76 94 1
76 95 1
76 96 1
76 97 1
76 98 1
76 99 1
76 100 1
76 101 1
76 102 1
76 103 1
76 104 1
75 105 1
75 106 1
75 107 1
75 108 1
74 109 1
74 110 1
73 111 1
72 112 1
72 113 1
71 114 1
70 115 1
70 116 1
70 117 1
69 118 1
69 119 1
69 120 1
68 121 1
68 122 1
68 123 1
66 124 1
65 125 1
64 126 1
63 126 1
62 127 1
61 127 1
60 128 1
59 128 1
58 129 1
57 130 1
56 130 1
55 131 1
54 132 1
53 132 1
52 133 1
51 134 1
50 135 1
49 135 1
48 136 1
47 137 1
46 137 1
45 138 1
44 139 1
43 140 1
42 141 1
41 142 1
40 142 1
39 143 1
38 144 1
37 145 1
36 146 1
35 147 1
35 148 1
34 149 1
33 150 1
32 151 1
31 152 1
30 153 1
29 154 1
28 155 1
28 156 1
27 157 1
27 158 1
26 159 1
26 160 1
25 161 1
25 162 1
25 163 1
24 164 1
24 165 1
24 166 1
24 167 1
24 168 1
25 169 1
25 170 1
26 171 1
27 172 1
28 172 1
29 173 1
30 173 1
31 173 1
32 174 1
33 174 1
34 174 1
35 175 1
36 175 1
37 175 1
38 176 1
.PEN_UP
.PEN_DOWN
67 124 1
70 124 1
71 124 1
72 124 1
73 125 1
74 125 1
75 125 1
76 125 1
77 126 1
78 127 1
79 128 1
80 129 1
81 130 1
81 131 1
81 132 1
81 133 1
81 134 1
81 135 1
81 136 1
81 137 1
81 138 1
81 139 1
81 140 1
80 141 1
80 142 1
80 143 1
80 144 1
79 145 1
78 146 1
78 147 1
78 148 1
77 149 1
76 150 1
76 151 1
75 152 1
75 153 1
75 154 1
75 155 1
74 156 1
74 157 1
72 159 1
71 160 1
70 160 1
69 161 1
68 162 1
67 163 1
66 164 1
65 164 1
64 165 1
63 166 1
62 167 1
61 167 1
60 168 1
59 169 1
58 169 1
57 170 1
56 171 1
55 172 1
54 172 1
53 173 1
52 174 1
51 174 1
50 175 1
49 175 1
.PEN_UP
.PEN_DOWN
73 158 1
76 159 1
77 159 1
78 159 1
79 159 1
80 159 1
81 159 1
82 160 1
83 161 1
83 162 1
84 163 1
84 164 1
84 165 1
84 166 1
83 167 1
83 168 1
83 169 1
82 170 1
81 171 1
81 172 1
80 173 1
79 174 1
78 175 1
77 176 1
76 177 1
75 178 1
74 179 1
73 180 1
72 181 1
71 182 1
70 183 1
69 184 1
69 185 1
68 186 1
68 187 1
67 188 1
67 189 1
67 190 1
66 191 1
65 192 1
64 192 1
63 193 1
62 193 1
61 193 1
60 194 1
59 195 1
58 195 1
57 196 1
56 196 1
55 197 1
54 198 1
53 199 1
52 200 1
51 201 1
50 202 1
49 203 1
48 204 1
47 205 1
46 206 1
45 207 1
44 207 1
43 208 1
42 209 1
41 210 1
40 211 1
39 212 1
39 213 1
38 214 1
38 215 1
37 216 1
36 217 1
36 218 1
36 219 1
36 220 1
36 221 1
36 222 1
37 223 1
37 224 1
37 225 1
37 226 1
38 227 1
39 228 1
40 229 1
41 229 1
42 229 1
43 229 1
44 229 1
45 229 1
46 228 1
47 228 1
48 228 1
49 228 1
50 228 1
51 227 1
52 227 1
53 228 1
54 228 1
.PEN_UP
.PEN_DOWN
67 192 1
68 192 1
69 192 1
70 192 1
71 192 1
72 191 1
73 191 1
74 191 1
75 191 1
76 191 1
77 191 1
78 191 1
79 191 1
80 191 1
81 192 1
82 192 1
83 192 1
84 192 1
85 192 1
86 192 1
87 192 1
88 192 1
89 193 1
90 194 1
91 195 1
91 196 1
91 197 1
91 198 1
92 199 1
92 200 1
92 201 1
92 202 1
91 203 1
91 204 1
91 205 1
91 206 1
91 207 1
90 208 1
90 209 1
89 210 1
89 211 1
89 212 1
88 213 1
87 214 1
87 215 1
86 216 1
86 217 1
85 218 1
84 219 1
83 220 1
82 221 1
82 222 1
81 223 1
80 224 1
79 225 1
78 226 1
78 227 1
77 228 1
76 229 1
75 230 1
74 231 1
73 232 1
72 233 1
71 234 1
70 235 1
69 236 1
68 237 1
67 238 1
66 239 1
65 240 1
64 241 1
64 242 1
63 243 1
63 244 1
63 245 1
62 246 1
62 247 1
60 249 1
59 249 1
58 250 1
57 251 1
56 251 1
55 252 1
54 253 1
53 254 1
52 254 1
51 255 1
50 256 1
49 256 1
48 257 1
47 258 1
46 258 1
45 259 1
44 260 1
43 260 1
42 261 1
41 262 1
40 263 1
39 264 1
38 264 1
37 264 1
36 265 1
35 266 1
34 267 1
33 267 1
32 268 1
31 268 1
30 269 1
29 270 1
28 271 1
27 272 1
26 272 1
25 273 1
24 274 1
23 275 1
22 275 1
21 276 1
20 277 1
19 277 1
18 278 1
17 279 1
16 279 1
15 280 1
14 281 1
13 281 1
12 282 1
11 283 1
10 283 1
9 284 1
8 284 1
7 285 1
6 285 1
5 286 1
4 286 1
3 287 1
2 287 1
1 287 1
.PEN_UP
.PEN_DOWN
61 248 1
63 249 1
64 249 1
65 249 1
66 249 1
67 249 1
68 250 1
69 250 1
70 250 1
71 250 1
72 250 1
73 250 1
74 250 1
75 251 1
76 252 1
77 253 1
78 254 1
78 255 1
78 256 1
79 257 1
79 258 1
79 259 1
79 260 1
79 261 1
79 262 1
79 263 1
78 264 1
78 265 1
77 266 1
77 267 1
76 268 1
76 269 1
75 270 1
75 271 1
74 272 1
74 273 1
73 274 1
72 275 1
71 276 1
70 277 1
69 278 1
68 279 1
.PEN_UP
.PEN_DOWN
42 83 1
40 85 1
39 86 1
39 87 1
38 88 1
37 89 1
36 90 1
36 91 1
35 92 1
34 92 1
33 93 1
33 94 1
32 95 1
30 96 1
29 96 1
28 96 1
27 97 1
26 97 1
25 97 1
24 97 1
23 98 1
22 99 1
21 100 1
20 101 1
19 102 1
18 103 1
17 104 1
17 105 1
17 106 1
16 107 1
16 108 1
16 109 1
16 110 1
16 111 1
16 112 1
17 113 1
18 114 1
19 114 1
20 114 1
21 114 1
22 114 1
23 114 1
24 114 1
25 113 1
26 112 1
26 111 1
27 110 1
28 109 1
28 108 1
29 107 1
29 106 1
30 105 1
31 104 1
31 103 1
31 102 1
31 101 1
32 100 1
32 99 1
32 98 1
32 97 1
32 96 1
.PEN_UP
.PEN_DOWN
184 174 1
184 175 1
184 176 1
184 177 1
183 178 1
183 179 1
183 180 1
183 181 1
182 182 1
182 183 1
182 184 1
182 185 1
183 186 1
183 187 1
183 188 1
184 189 1
184 190 1
.PEN_UP
