.PEN_DOWN
65 29 1
65 28 1
65 27 1
65 26 1
65 25 1
66 24 1
66 23 1
66 22 1
66 21 1
66 20 1
67 19 1
67 18 1
68 17 1
68 16 1
69 15 1
69 14 1
70 13 1
70 12 1
71 11 1
72 10 1
73 9 1
74 8 1
75 7 1
76 6 1
77 5 1
78 4 1
79 3 1
80 2 1
81 2 1
82 2 1
83 1 1
84 1 1
85 1 1
86 2 1
87 2 1
88 3 1
88 4 1
88 5 1
88 6 1
88 7 1
88 8 1
88 9 1
88 10 1
87 11 1
87 12 1
87 13 1
87 14 1
86 15 1
86 16 1
86 17 1
85 18 1
85 19 1
85 20 1
85 21 1
85 22 1
85 23 1
85 24 1
84 26 1
83 27 1
83 28 1
82 29 1
81 30 1
81 31 1
80 32 1
79 33 1
79 34 1
78 35 1
78 36 1
77 37 1
76 38 1
75 39 1
.PEN_UP
.PEN_DOWN
85 25 1
87 25 1
88 25 1
89 25 1
90 25 1
91 25 1
92 26 1
93 27 1
94 28 1
.PEN_UP
