.PEN_DOWN
11 1 1
12 1 1
13 1 1
14 1 1
15 2 1
16 3 1
17 3 1
18 3 1
19 3 1
20 3 1
21 3 1
22 2 1
23 2 1
24 2 1
25 2 1
26 2 1
27 2 1
28 2 1
29 2 1
30 2 1
31 2 1
32 2 1
33 2 1
34 2 1
35 2 1
36 2 1
37 2 1
38 2 1
39 2 1
40 2 1
41 2 1
42 2 1
43 2 1
44 2 1
45 2 1
46 2 1
47 2 1
48 2 1
49 2 1
50 2 1
51 2 1
52 2 1
53 2 1
54 3 1
55 3 1
.PEN_UP
.PEN_DOWN
15 4 1
15 5 1
14 6 1
13 7 1
12 8 1
11 9 1
10 10 1
10 11 1
10 12 1
10 13 1
10 14 1
11 15 1
12 16 1
13 17 1
14 17 1
15 18 1
16 18 1
17 18 1
18 19 1
19 19 1
20 19 1
21 20 1
22 21 1
23 22 1
24 22 1
25 22 1
26 22 1
27 22 1
28 22 1
29 22 1
30 22 1
31 22 1
32 22 1
33 22 1
34 22 1
35 22 1
36 22 1
37 22 1
38 22 1
39 22 1
40 22 1
41 22 1
42 22 1
43 22 1
44 22 1
45 22 1
46 22 1
.PEN_UP
.PEN_DOWN
22 23 1
22 24 1
21 25 1
21 26 1
20 27 1
19 27 1
18 28 1
17 29 1
16 30 1
15 31 1
14 32 1
14 33 1
14 34 1
14 35 1
14 36 1
15 37 1
16 38 1
17 38 1
18 39 1
19 39 1
20 39 1
21 39 1
22 40 1
23 40 1
24 40 1
25 40 1
26 40 1
27 40 1
28 40 1
29 41 1
30 41 1
31 41 1
32 41 1
33 41 1
34 41 1
35 41 1
36 41 1
37 41 1
38 41 1
39 41 1
40 41 1
41 41 1
42 41 1
43 41 1
44 41 1
45 41 1
46 41 1
47 42 1
48 42 1
49 43 1
50 44 1
51 45 1
52 46 1
52 47 1
.PEN_UP
.PEN_DOWN
15 99 1
16 98 1
17 98 1
18 98 1
19 97 1
20 97 1
21 97 1
22 97 1
23 96 1
24 97 1
25 98 1
26 99 1
26 100 1
27 101 1
28 101 1
29 101 1
30 101 1
31 102 1
32 102 1
33 102 1
34 102 1
35 102 1
36 103 1
37 104 1
38 104 1
39 104 1
40 105 1
41 105 1
42 106 1
43 107 1
44 107 1
45 108 1
46 109 1
47 109 1
48 110 1
49 110 1
50 111 1
51 112 1
52 112 1
53 113 1
54 114 1
55 115 1
56 116 1
.PEN_UP
.PEN_DOWN
24 95 1
24 94 1
25 93 1
25 92 1
26 91 1
27 87 1
28 86 1
29 85 1
30 85 1
31 84 1
32 84 1
33 83 1
34 83 1
35 83 1
36 83 1
37 82 1
38 82 1
39 82 1
40 82 1
41 83 1
40 84 1
40 85 1
39 86 1
39 87 1
38 88 1
37 89 1
36 90 1
35 90 1
34 91 1
33 91 1
32 91 1
31 91 1
30 92 1
29 91 1
.PEN_UP
.PEN_DOWN
17 118 1
18 118 1
19 118 1
20 119 1
21 119 1
22 120 1
23 120 1
24 120 1
25 120 1
26 120 1
27 120 1
28 121 1
29 121 1
30 121 1
31 121 1
32 121 1
33 121 1
34 121 1
35 121 1
36 121 1
37 121 1
38 121 1
39 121 1
40 121 1
41 122 1
42 122 1
43 122 1
44 122 1
45 122 1
46 123 1
48 124 1
49 124 1
50 124 1
51 124 1
52 124 1
.PEN_UP
.PEN_DOWN
46 124 1
45 126 1
44 127 1
43 128 1
42 128 1
41 129 1
40 129 1
39 129 1
38 129 1
37 129 1
36 130 1
35 130 1
34 130 1
33 131 1
32 131 1
31 131 1
30 132 1
29 132 1
28 133 1
27 133 1
26 134 1
25 134 1
24 135 1
23 135 1
22 136 1
22 137 1
21 138 1
19 139 1
18 139 1
17 139 1
16 139 1
15 139 1
.PEN_UP
.PEN_DOWN
20 139 1
22 141 1
23 141 1
24 141 1
25 141 1
26 142 1
27 142 1
28 142 1
29 142 1
30 143 1
31 143 1
32 143 1
33 143 1
34 143 1
35 143 1
36 144 1
37 144 1
38 144 1
39 145 1
40 145 1
41 145 1
42 146 1
43 146 1
44 146 1
45 147 1
46 147 1
47 147 1
48 148 1
49 148 1
50 148 1
51 149 1
52 149 1
53 150 1
54 150 1
55 150 1
56 150 1
57 150 1
.PEN_UP
