.PEN_DOWN
23 19 1
24 19 1
25 19 1
26 20 1
26 22 1
26 23 1
26 24 1
26 25 1
26 26 1
27 27 1
27 28 1
27 29 1
28 30 1
29 31 1
30 32 1
31 33 1
32 34 1
33 35 1
34 36 1
35 36 1
36 37 1
37 38 1
38 38 1
39 38 1
40 38 1
41 38 1
42 38 1
43 38 1
44 38 1
45 38 1
46 38 1
47 37 1
48 36 1
49 35 1
49 34 1
50 33 1
50 32 1
51 31 1
51 30 1
51 29 1
52 28 1
52 27 1
52 26 1
52 25 1
52 24 1
52 23 1
51 22 1
51 21 1
51 20 1
51 19 1
51 18 1
50 17 1
50 16 1
50 15 1
50 14 1
50 13 1
49 12 1
49 11 1
49 10 1
48 9 1
48 8 1
47 7 1
46 6 1
45 5 1
44 4 1
43 3 1
42 2 1
41 1 1
40 1 1
39 1 1
38 1 1
37 1 1
36 1 1
35 1 1
34 1 1
33 2 1
32 3 1
32 4 1
31 5 1
31 6 1
30 7 1
30 8 1
30 9 1
30 10 1
30 11 1
30 12 1
30 13 1
30 14 1
31 15 1
31 16 1
31 17 1
31 18 1
30 19 1
31 22 1
32 22 1
33 23 1
34 23 1
.PEN_UP
.PEN_DOWN
2 40 1
2 41 1
4 42 1
5 42 1
6 42 1
7 43 1
8 43 1
9 43 1
10 44 1
11 45 1
12 45 1
13 46 1
14 46 1
15 47 1
16 47 1
17 48 1
18 48 1
19 49 1
20 50 1
21 50 1
22 51 1
23 51 1
24 51 1
25 52 1
26 53 1
27 53 1
28 54 1
29 54 1
30 54 1
31 55 1
32 55 1
33 56 1
34 56 1
35 57 1
36 57 1
37 58 1
38 58 1
39 58 1
40 58 1
41 59 1
42 60 1
43 61 1
45 62 1
46 62 1
47 62 1
48 62 1
49 62 1
52 63 1
52 64 1
53 65 1
54 66 1
55 67 1
56 67 1
57 67 1
58 68 1
59 68 1
60 69 1
61 69 1
62 69 1
63 70 1
64 70 1
65 71 1
66 71 1
67 72 1
68 72 1
69 73 1
70 73 1
71 74 1
72 74 1
73 75 1
74 76 1
.PEN_UP
.PEN_DOWN
50 61 1
50 60 1
50 59 1
50 58 1
49 57 1
49 56 1
49 55 1
50 54 1
.PEN_UP
.PEN_DOWN
43 62 1
42 64 1
41 65 1
40 66 1
39 67 1
38 68 1
37 69 1
36 70 1
36 71 1
36 72 1
35 73 1
33 74 1
32 74 1
31 74 1
30 74 1
29 74 1
28 74 1
27 74 1
26 74 1
25 74 1
24 74 1
23 74 1
21 75 1
21 76 1
20 77 1
19 77 1
18 77 1
17 77 1
16 77 1
15 77 1
14 77 1
13 77 1
12 77 1
11 77 1
10 77 1
9 77 1
8 76 1
7 76 1
6 75 1
5 74 1
5 73 1
4 72 1
4 71 1
4 70 1
4 69 1
4 68 1
5 67 1
6 67 1
7 67 1
8 67 1
9 67 1
10 67 1
11 67 1
12 67 1
13 68 1
14 68 1
15 68 1
16 69 1
17 70 1
18 70 1
19 70 1
20 70 1
21 71 1
21 72 1
22 73 1
.PEN_UP
.PEN_DOWN
34 74 1
36 76 1
37 76 1
38 77 1
39 77 1
40 78 1
41 78 1
42 79 1
43 79 1
44 80 1
45 80 1
46 80 1
47 81 1
48 82 1
49 83 1
51 84 1
52 84 1
53 84 1
54 84 1
55 84 1
56 84 1
57 85 1
58 85 1
59 86 1
60 87 1
61 88 1
61 89 1
62 90 1
63 91 1
64 92 1
65 93 1
.PEN_UP
.PEN_DOWN
49 84 1
48 86 1
47 87 1
47 88 1
46 89 1
46 90 1
46 91 1
45 92 1
45 93 1
45 94 1
45 95 1
44 96 1
44 97 1
43 98 1
43 99 1
.PEN_UP
