.PEN_DOWN
25 50 1
25 49 1
24 48 1
24 47 1
24 46 1
22 45 1
21 44 1
20 43 1
19 42 1
19 41 1
18 40 1
18 39 1
18 38 1
18 37 1
19 36 1
20 35 1
20 34 1
21 33 1
22 32 1
23 31 1
24 31 1
25 31 1
26 30 1
27 30 1
28 30 1
29 30 1
31 28 1
32 28 1
33 28 1
34 27 1
35 27 1
36 27 1
37 27 1
38 27 1
39 27 1
40 27 1
41 27 1
42 27 1
43 27 1
44 27 1
45 27 1
46 27 1
47 27 1
48 27 1
49 28 1
50 28 1
51 28 1
52 28 1
53 28 1
54 29 1
55 30 1
56 31 1
57 32 1
57 33 1
57 34 1
57 35 1
57 36 1
57 37 1
57 38 1
56 39 1
55 40 1
55 41 1
54 42 1
53 43 1
52 44 1
51 45 1
51 46 1
50 47 1
.PEN_UP
.PEN_DOWN
30 29 1
30 32 1
29 33 1
29 34 1
29 35 1
29 36 1
28 37 1
28 38 1
28 39 1
28 40 1
27 41 1
27 42 1
27 43 1
26 44 1
25 44 1
24 45 1
.PEN_UP
.PEN_DOWN
58 4 1
57 3 1
56 3 1
55 3 1
54 3 1
53 3 1
52 2 1
51 2 1
50 2 1
49 2 1
48 2 1
47 2 1
46 2 1
45 1 1
44 1 1
43 1 1
42 1 1
41 2 1
40 2 1
39 2 1
38 2 1
37 2 1
36 2 1
35 2 1
34 2 1
33 2 1
32 2 1
31 2 1
30 2 1
29 2 1
28 2 1
27 2 1
26 2 1
25 2 1
24 2 1
23 2 1
22 2 1
19 2 1
18 2 1
17 2 1
16 2 1
15 2 1
14 1 1
13 1 1
12 1 1
11 1 1
10 1 1
9 1 1
8 2 1
7 2 1
6 2 1
5 3 1
4 4 1
4 5 1
3 6 1
3 7 1
2 8 1
2 9 1
2 10 1
2 11 1
2 12 1
2 13 1
2 14 1
2 15 1
2 16 1
2 17 1
3 18 1
3 19 1
4 20 1
5 21 1
6 22 1
7 22 1
8 22 1
9 22 1
10 22 1
11 22 1
12 21 1
13 20 1
14 19 1
15 18 1
16 17 1
16 16 1
17 15 1
17 14 1
18 13 1
18 12 1
18 11 1
19 10 1
19 9 1
20 8 1
20 7 1
20 6 1
20 5 1
20 4 1
21 3 1
.PEN_UP
.PEN_DOWN
27 72 1
26 71 1
26 70 1
25 69 1
25 68 1
25 67 1
25 66 1
26 65 1
27 64 1
28 64 1
29 63 1
30 63 1
31 63 1
32 62 1
33 62 1
34 62 1
35 61 1
36 61 1
37 61 1
38 60 1
39 60 1
40 60 1
41 60 1
42 60 1
43 59 1
44 59 1
45 59 1
46 59 1
47 59 1
48 59 1
49 59 1
50 59 1
51 59 1
52 59 1
53 60 1
54 61 1
54 62 1
55 63 1
55 64 1
54 65 1
54 66 1
53 67 1
52 68 1
51 69 1
50 70 1
49 70 1
48 71 1
47 72 1
46 72 1
45 72 1
44 73 1
43 74 1
42 74 1
41 75 1
40 75 1
39 75 1
38 75 1
37 76 1
36 76 1
35 76 1
34 76 1
33 77 1
32 77 1
31 77 1
30 77 1
29 77 1
28 77 1
27 77 1
26 77 1
25 77 1
24 76 1
23 76 1
22 76 1
21 77 1
.PEN_UP
.PEN_DOWN
19 90 1
20 89 1
21 89 1
22 89 1
23 89 1
24 89 1
25 88 1
26 88 1
27 88 1
28 88 1
29 88 1
30 88 1
31 88 1
32 88 1
33 88 1
34 88 1
35 88 1
36 88 1
37 88 1
38 88 1
39 88 1
40 89 1
41 90 1
43 90 1
44 90 1
45 90 1
46 89 1
47 89 1
48 89 1
49 89 1
50 89 1
51 89 1
52 89 1
53 89 1
54 89 1
55 89 1
56 89 1
57 89 1
59 88 1
60 88 1
61 88 1
62 88 1
63 88 1
64 88 1
65 88 1
66 88 1
67 88 1
68 88 1
69 88 1
70 88 1
71 88 1
72 87 1
73 87 1
74 87 1
75 87 1
76 87 1
77 87 1
78 87 1
79 86 1
80 86 1
81 86 1
82 86 1
83 86 1
84 86 1
85 86 1
86 86 1
87 87 1
88 87 1
.PEN_UP
.PEN_DOWN
58 89 1
59 91 1
59 92 1
59 93 1
60 94 1
61 95 1
61 96 1
61 97 1
61 98 1
61 99 1
61 100 1
60 101 1
59 102 1
58 103 1
57 104 1
56 104 1
55 105 1
54 106 1
53 106 1
52 107 1
51 108 1
50 109 1
49 109 1
48 110 1
47 110 1
46 111 1
45 112 1
44 113 1
43 113 1
42 113 1
41 114 1
40 114 1
39 115 1
38 115 1
37 116 1
36 116 1
35 116 1
34 117 1
33 117 1
32 117 1
31 117 1
30 117 1
29 118 1
28 118 1
27 118 1
26 118 1
25 119 1
24 119 1
23 119 1
22 119 1
21 119 1
20 119 1
19 119 1
18 118 1
17 118 1
16 118 1
15 118 1
14 117 1
14 116 1
13 115 1
13 114 1
13 113 1
14 112 1
14 111 1
15 110 1
15 109 1
16 108 1
17 107 1
18 106 1
19 105 1
20 104 1
21 103 1
22 102 1
23 102 1
24 101 1
25 100 1
26 99 1
27 99 1
28 99 1
29 98 1
30 97 1
31 97 1
32 97 1
33 97 1
34 96 1
35 95 1
36 95 1
37 94 1
38 94 1
39 93 1
40 92 1
41 91 1
.PEN_UP
.PEN_DOWN
1 124 1
2 124 1
3 124 1
4 124 1
5 124 1
6 125 1
7 125 1
8 125 1
9 125 1
10 125 1
11 125 1
12 125 1
13 126 1
14 126 1
15 126 1
16 126 1
17 126 1
18 127 1
19 127 1
20 127 1
21 127 1
22 127 1
23 127 1
24 127 1
25 127 1
26 127 1
27 127 1
28 127 1
29 127 1
30 127 1
31 127 1
32 127 1
33 127 1
34 127 1
35 127 1
36 127 1
37 127 1
38 127 1
39 127 1
40 127 1
41 127 1
42 127 1
43 127 1
44 127 1
45 127 1
46 127 1
47 127 1
48 127 1
49 127 1
50 127 1
51 127 1
52 127 1
53 127 1
54 128 1
55 128 1
56 128 1
.PEN_UP
.PEN_DOWN
31 135 1
31 136 1
31 137 1
30 138 1
30 139 1
31 140 1
31 141 1
31 142 1
31 143 1
31 144 1
31 145 1
31 149 1
31 150 1
31 151 1
30 152 1
30 153 1
30 154 1
30 155 1
30 156 1
29 157 1
27 157 1
26 156 1
25 156 1
24 155 1
23 155 1
22 154 1
21 153 1
21 152 1
21 151 1
20 150 1
21 149 1
21 148 1
22 147 1
23 147 1
24 147 1
25 147 1
26 147 1
27 147 1
28 147 1
29 147 1
30 147 1
33 146 1
34 146 1
35 146 1
36 146 1
37 146 1
38 146 1
39 146 1
40 146 1
41 145 1
42 145 1
43 145 1
44 145 1
45 145 1
46 145 1
47 145 1
48 145 1
49 145 1
50 145 1
51 146 1
52 146 1
53 146 1
54 147 1
54 148 1
55 149 1
55 150 1
55 151 1
55 152 1
54 153 1
54 154 1
53 155 1
52 155 1
51 156 1
50 157 1
49 158 1
48 159 1
48 160 1
47 161 1
46 162 1
45 163 1
44 164 1
43 165 1
.PEN_UP
