.PEN_DOWN
1 23 1
2 23 1
3 24 1
4 24 1
5 24 1
6 24 1
7 24 1
8 24 1
9 25 1
10 25 1
11 24 1
12 24 1
13 24 1
14 24 1
15 24 1
16 24 1
17 24 1
18 24 1
19 24 1
20 24 1
21 24 1
22 24 1
23 24 1
24 24 1
25 24 1
26 24 1
27 23 1
28 23 1
29 23 1
30 23 1
31 23 1
32 23 1
33 23 1
34 23 1
35 22 1
36 22 1
37 22 1
38 22 1
39 22 1
40 22 1
41 23 1
44 22 1
45 21 1
46 20 1
49 20 1
50 20 1
51 20 1
52 20 1
53 19 1
54 19 1
55 19 1
56 19 1
57 19 1
58 18 1
59 18 1
60 18 1
61 18 1
62 18 1
63 17 1
65 16 1
66 15 1
67 15 1
68 15 1
69 15 1
70 15 1
71 15 1
72 15 1
73 15 1
74 15 1
75 14 1
76 14 1
77 14 1
78 14 1
79 14 1
80 14 1
81 14 1
82 13 1
83 13 1
84 13 1
85 13 1
86 13 1
.PEN_UP
.PEN_DOWN
63 16 1
62 14 1
61 13 1
60 12 1
59 11 1
58 11 1
57 10 1
56 10 1
55 9 1
54 9 1
53 9 1
52 8 1
51 8 1
50 8 1
49 6 1
49 5 1
48 4 1
48 3 1
47 2 1
47 1 1
.PEN_UP
.PEN_DOWN
49 7 1
48 10 1
48 11 1
48 12 1
48 13 1
47 14 1
47 15 1
47 16 1
47 17 1
47 18 1
47 19 1
.PEN_UP
.PEN_DOWN
42 23 1
42 25 1
41 26 1
41 27 1
41 28 1
40 29 1
40 30 1
39 31 1
39 32 1
38 33 1
37 34 1
36 35 1
35 36 1
35 37 1
34 38 1
33 39 1
32 40 1
31 41 1
31 42 1
30 43 1
30 44 1
30 45 1
29 46 1
27 48 1
26 48 1
25 48 1
24 48 1
23 49 1
22 49 1
21 49 1
20 49 1
19 50 1
18 50 1
17 50 1
16 50 1
15 50 1
14 50 1
13 50 1
12 50 1
11 50 1
10 50 1
9 50 1
8 50 1
7 50 1
6 50 1
5 50 1
.PEN_UP
.PEN_DOWN
28 47 1
31 47 1
32 47 1
33 47 1
34 47 1
35 47 1
36 47 1
37 47 1
38 47 1
39 47 1
40 47 1
41 46 1
42 46 1
43 46 1
44 46 1
45 46 1
46 46 1
47 45 1
48 45 1
49 45 1
50 45 1
51 45 1
52 45 1
53 45 1
54 44 1
55 44 1
56 44 1
57 44 1
58 44 1
59 44 1
60 43 1
61 43 1
62 43 1
63 43 1
64 43 1
65 43 1
66 43 1
67 43 1
68 44 1
69 44 1
70 44 1
71 44 1
72 45 1
73 46 1
74 47 1
74 48 1
74 49 1
74 50 1
74 51 1
74 52 1
73 53 1
73 54 1
72 55 1
72 56 1
72 57 1
71 58 1
71 59 1
70 61 1
69 61 1
68 61 1
67 62 1
66 63 1
65 64 1
64 64 1
63 65 1
62 66 1
.PEN_UP
.PEN_DOWN
71 60 1
73 60 1
74 61 1
75 61 1
76 61 1
77 62 1
78 63 1
79 64 1
79 65 1
79 66 1
.PEN_UP
.PEN_DOWN
60 79 1
61 78 1
62 78 1
63 77 1
64 77 1
65 77 1
66 77 1
67 76 1
68 76 1
69 76 1
70 76 1
71 77 1
72 79 1
72 80 1
72 81 1
72 82 1
72 83 1
72 84 1
73 85 1
74 86 1
75 86 1
76 86 1
77 86 1
78 86 1
79 86 1
80 87 1
.PEN_UP
.PEN_DOWN
53 104 1
52 105 1
52 106 1
51 107 1
50 108 1
50 109 1
50 110 1
50 111 1
50 112 1
50 113 1
50 114 1
50 115 1
49 116 1
51 117 1
52 117 1
53 116 1
54 116 1
55 116 1
56 116 1
57 116 1
58 116 1
59 116 1
60 115 1
61 114 1
62 114 1
63 114 1
64 114 1
65 114 1
66 114 1
67 114 1
68 114 1
69 114 1
70 114 1
71 114 1
72 114 1
73 114 1
74 114 1
75 115 1
76 115 1
77 115 1
78 114 1
79 114 1
80 114 1
81 114 1
82 114 1
83 114 1
84 114 1
85 114 1
.PEN_UP
.PEN_DOWN
60 113 1
60 112 1
59 111 1
58 110 1
57 109 1
56 108 1
55 107 1
54 107 1
53 107 1
.PEN_UP
.PEN_DOWN
49 117 1
45 118 1
44 118 1
43 118 1
42 118 1
41 118 1
40 118 1
39 118 1
38 118 1
37 119 1
36 119 1
35 119 1
34 119 1
33 119 1
32 119 1
31 119 1
30 119 1
29 119 1
28 119 1
27 119 1
26 119 1
25 119 1
24 119 1
23 119 1
22 119 1
21 119 1
20 119 1
19 119 1
18 119 1
17 119 1
16 119 1
15 119 1
14 119 1
13 119 1
12 119 1
11 119 1
10 119 1
9 119 1
.PEN_UP
.PEN_DOWN
50 117 1
47 120 1
47 121 1
47 122 1
47 123 1
47 124 1
46 125 1
46 126 1
46 127 1
46 128 1
46 129 1
46 130 1
46 131 1
45 132 1
45 133 1
45 134 1
44 135 1
.PEN_UP
