.PEN_DOWN
1 1 1
2 1 1
3 1 1
4 2 1
5 2 1
6 2 1
7 3 1
8 3 1
9 4 1
10 5 1
11 5 1
12 6 1
13 6 1
14 7 1
15 8 1
16 8 1
17 9 1
18 10 1
19 10 1
20 11 1
21 12 1
22 12 1
23 13 1
24 14 1
25 14 1
26 15 1
27 15 1
28 16 1
29 16 1
30 17 1
31 18 1
32 19 1
33 20 1
34 21 1
35 21 1
36 22 1
37 23 1
38 24 1
39 24 1
40 25 1
41 25 1
.PEN_UP
.PEN_DOWN
39 71 1
38 70 1
37 69 1
36 69 1
35 68 1
34 67 1
33 66 1
32 66 1
31 65 1
30 64 1
29 64 1
28 63 1
27 63 1
26 62 1
25 62 1
24 61 1
23 61 1
22 60 1
21 60 1
20 59 1
20 58 1
18 57 1
17 57 1
16 57 1
15 57 1
14 57 1
13 56 1
12 56 1
11 55 1
10 54 1
10 53 1
9 52 1
9 51 1
9 50 1
8 49 1
8 48 1
7 47 1
7 46 1
6 45 1
6 44 1
5 43 1
5 42 1
4 41 1
4 40 1
4 39 1
3 38 1
3 37 1
2 36 1
2 35 1
3 34 1
3 33 1
3 32 1
4 31 1
4 30 1
5 29 1
6 28 1
6 27 1
7 26 1
8 25 1
9 25 1
10 25 1
11 25 1
12 26 1
13 26 1
14 27 1
15 27 1
16 28 1
17 29 1
18 30 1
19 31 1
20 32 1
21 33 1
21 34 1
22 35 1
23 36 1
23 37 1
24 38 1
24 39 1
25 40 1
25 41 1
25 42 1
26 43 1
26 44 1
26 45 1
26 46 1
26 47 1
26 48 1
25 49 1
25 50 1
25 51 1
24 52 1
24 53 1
23 54 1
22 55 1
21 56 1
20 57 1
.PEN_UP
.PEN_DOWN
4 89 1
5 88 1
5 87 1
5 86 1
5 85 1
5 84 1
5 83 1
5 82 1
6 81 1
6 80 1
6 79 1
6 78 1
6 77 1
7 76 1
7 75 1
7 74 1
7 73 1
7 72 1
8 71 1
9 70 1
10 70 1
11 71 1
12 71 1
13 72 1
14 73 1
14 74 1
15 75 1
15 76 1
15 77 1
16 78 1
16 79 1
16 80 1
16 81 1
17 82 1
17 83 1
17 84 1
18 85 1
18 86 1
18 87 1
18 88 1
18 89 1
19 90 1
19 91 1
19 92 1
19 93 1
19 94 1
19 95 1
19 96 1
19 97 1
20 98 1
20 99 1
20 100 1
20 101 1
20 102 1
20 103 1
21 104 1
21 105 1
21 106 1
21 107 1
22 108 1
23 109 1
24 110 1
25 110 1
26 110 1
27 109 1
28 108 1
29 107 1
30 106 1
31 105 1
32 104 1
33 103 1
33 102 1
33 101 1
34 100 1
34 99 1
34 98 1
34 97 1
35 96 1
35 95 1
35 94 1
35 93 1
35 92 1
35 91 1
35 90 1
35 89 1
35 88 1
35 87 1
35 86 1
34 85 1
33 85 1
.PEN_UP
.PEN_DOWN
41 135 1
41 136 1
41 137 1
40 138 1
40 139 1
40 140 1
40 141 1
40 142 1
40 143 1
40 144 1
40 145 1
40 146 1
40 147 1
40 148 1
41 149 1
41 150 1
41 151 1
40 152 1
38 153 1
37 153 1
36 152 1
35 152 1
34 151 1
33 151 1
32 150 1
31 149 1
30 148 1
29 147 1
28 146 1
27 146 1
26 145 1
25 144 1
24 144 1
23 143 1
22 143 1
21 142 1
20 142 1
19 141 1
18 140 1
17 140 1
16 139 1
15 138 1
13 137 1
12 137 1
11 136 1
10 136 1
9 135 1
8 134 1
7 133 1
7 132 1
7 131 1
6 130 1
6 129 1
6 128 1
6 127 1
6 126 1
6 125 1
5 124 1
5 123 1
5 122 1
4 121 1
4 120 1
4 119 1
4 118 1
4 117 1
4 116 1
5 115 1
5 114 1
6 113 1
7 112 1
8 112 1
9 111 1
10 110 1
11 110 1
12 110 1
13 111 1
14 111 1
15 112 1
16 113 1
17 114 1
17 115 1
17 116 1
17 117 1
18 118 1
18 119 1
18 120 1
18 121 1
18 122 1
18 123 1
18 124 1
18 125 1
18 126 1
18 127 1
18 128 1
18 129 1
18 130 1
17 131 1
17 132 1
17 133 1
16 134 1
16 135 1
15 136 1
.PEN_UP
