.PEN_DOWN
19 17 1
19 16 1
19 15 1
19 14 1
19 13 1
19 12 1
19 11 1
20 10 1
21 9 1
22 8 1
23 7 1
24 6 1
25 6 1
26 6 1
27 5 1
28 6 1
29 6 1
30 6 1
31 6 1
32 7 1
33 7 1
34 8 1
35 8 1
36 9 1
37 10 1
38 10 1
39 11 1
40 11 1
41 12 1
42 13 1
43 14 1
44 14 1
45 14 1
46 14 1
47 14 1
48 13 1
49 12 1
50 11 1
50 10 1
51 9 1
51 8 1
51 7 1
51 6 1
51 5 1
51 4 1
50 3 1
50 2 1
49 1 1
48 1 1
.PEN_UP
.PEN_DOWN
51 64 1
50 64 1
49 64 1
48 64 1
47 64 1
46 64 1
45 64 1
44 65 1
43 65 1
42 65 1
39 65 1
38 66 1
37 67 1
36 67 1
35 68 1
34 68 1
33 69 1
32 70 1
31 70 1
30 71 1
29 71 1
28 71 1
27 71 1
26 70 1
25 70 1
24 69 1
23 68 1
22 67 1
22 66 1
21 65 1
20 64 1
20 63 1
20 62 1
20 61 1
20 60 1
20 59 1
21 58 1
21 57 1
21 56 1
22 55 1
23 54 1
24 53 1
25 52 1
26 51 1
27 50 1
28 49 1
29 48 1
30 47 1
31 47 1
32 46 1
33 46 1
34 46 1
35 45 1
36 44 1
37 44 1
38 44 1
39 43 1
40 43 1
41 43 1
42 43 1
43 43 1
44 43 1
45 43 1
46 43 1
47 44 1
48 45 1
48 46 1
48 47 1
48 48 1
48 49 1
48 50 1
47 51 1
47 52 1
47 53 1
46 54 1
46 55 1
45 56 1
44 57 1
44 58 1
43 59 1
42 60 1
42 61 1
41 62 1
41 63 1
41 64 1
.PEN_UP
.PEN_DOWN
28 91 1
29 91 1
30 90 1
31 90 1
32 90 1
33 90 1
34 89 1
35 89 1
36 89 1
37 89 1
38 89 1
39 88 1
40 88 1
41 88 1
42 87 1
43 87 1
44 87 1
45 87 1
46 87 1
.PEN_UP
.PEN_DOWN
47 134 1
46 134 1
45 133 1
44 133 1
43 133 1
42 134 1
41 134 1
40 135 1
39 135 1
38 135 1
37 136 1
36 136 1
35 136 1
34 136 1
33 136 1
32 136 1
31 136 1
30 136 1
29 135 1
27 137 1
26 138 1
25 139 1
24 140 1
23 140 1
22 141 1
21 142 1
20 142 1
19 142 1
18 143 1
17 144 1
16 144 1
15 145 1
14 146 1
13 146 1
12 147 1
11 148 1
10 149 1
9 149 1
8 150 1
7 150 1
6 151 1
5 152 1
4 153 1
3 153 1
2 154 1
1 155 1
.PEN_UP
.PEN_DOWN
28 134 1
27 133 1
26 132 1
26 131 1
25 130 1
25 129 1
25 128 1
25 127 1
25 126 1
25 125 1
25 124 1
25 123 1
25 122 1
25 121 1
25 120 1
26 119 1
26 118 1
27 117 1
28 116 1
29 115 1
30 114 1
31 113 1
32 112 1
33 111 1
34 110 1
35 109 1
36 108 1
37 107 1
38 106 1
39 106 1
40 105 1
41 105 1
42 104 1
43 104 1
44 104 1
45 104 1
46 104 1
47 104 1
48 104 1
49 105 1
50 106 1
51 107 1
52 108 1
52 109 1
52 110 1
52 111 1
51 112 1
51 113 1
50 114 1
50 115 1
49 116 1
48 117 1
47 118 1
46 119 1
45 120 1
44 121 1
43 122 1
42 123 1
41 123 1
40 124 1
39 125 1
38 126 1
37 127 1
36 127 1
35 128 1
34 129 1
33 130 1
32 131 1
31 132 1
30 133 1
29 134 1
.PEN_UP
