.PEN_DOWN
1 41 1
2 40 1
3 39 1
4 39 1
5 38 1
6 37 1
7 36 1
8 36 1
9 35 1
10 34 1
11 34 1
12 33 1
13 32 1
14 31 1
15 31 1
16 30 1
17 29 1
18 28 1
19 28 1
20 27 1
21 27 1
22 26 1
23 25 1
24 25 1
25 24 1
26 23 1
27 23 1
28 22 1
29 22 1
30 21 1
31 21 1
32 20 1
33 19 1
34 19 1
35 19 1
36 19 1
37 18 1
38 18 1
40 17 1
41 16 1
42 16 1
43 15 1
44 14 1
45 13 1
46 12 1
47 11 1
48 11 1
49 10 1
50 10 1
51 9 1
52 8 1
53 7 1
54 7 1
55 6 1
56 5 1
57 5 1
58 4 1
59 4 1
60 3 1
61 2 1
61 1 1
.PEN_UP
.PEN_DOWN
39 18 1
39 20 1
39 21 1
38 22 1
38 23 1
37 24 1
37 25 1
36 26 1
35 27 1
35 28 1
34 29 1
33 30 1
33 31 1
32 32 1
31 33 1
31 34 1
30 35 1
29 36 1
29 37 1
29 38 1
29 39 1
29 40 1
29 41 1
30 42 1
31 41 1
32 41 1
33 41 1
34 41 1
35 41 1
36 40 1
37 40 1
38 39 1
39 39 1
40 38 1
41 38 1
42 37 1
43 37 1
44 36 1
45 36 1
46 35 1
47 34 1
48 33 1
49 33 1
50 32 1
51 31 1
52 30 1
53 29 1
54 28 1
55 27 1
56 26 1
57 26 1
58 25 1
59 24 1
60 24 1
61 24 1
.PEN_UP
.PEN_DOWN
30 65 1
31 64 1
32 63 1
33 62 1
34 62 1
35 61 1
36 60 1
37 59 1
38 59 1
39 58 1
40 57 1
41 56 1
42 55 1
43 54 1
44 53 1
45 52 1
46 52 1
47 51 1
48 50 1
49 49 1
50 48 1
51 47 1
52 47 1
53 47 1
54 46 1
55 45 1
56 45 1
57 44 1
58 44 1
59 43 1
60 42 1
61 42 1
62 41 1
63 41 1
.PEN_UP
.PEN_DOWN
6 78 1
7 78 1
8 78 1
9 78 1
.PEN_UP
.PEN_DOWN
48 69 1
47 69 1
46 69 1
45 69 1
44 70 1
43 71 1
42 71 1
41 72 1
40 72 1
39 73 1
38 74 1
37 75 1
36 76 1
35 77 1
35 78 1
34 79 1
33 80 1
33 81 1
32 82 1
32 83 1
32 84 1
32 85 1
32 86 1
32 87 1
32 88 1
32 89 1
33 90 1
34 91 1
35 92 1
36 93 1
37 93 1
38 94 1
39 94 1
40 94 1
41 94 1
42 94 1
43 94 1
44 93 1
45 93 1
46 92 1
47 92 1
48 91 1
49 91 1
50 90 1
51 89 1
52 88 1
53 87 1
54 86 1
55 85 1
55 84 1
56 83 1
57 82 1
57 81 1
58 80 1
58 79 1
59 78 1
59 77 1
60 76 1
61 75 1
61 74 1
62 73 1
62 72 1
62 71 1
63 70 1
63 69 1
64 68 1
64 67 1
64 66 1
64 65 1
64 64 1
64 63 1
62 62 1
61 62 1
60 62 1
59 63 1
58 63 1
57 63 1
56 64 1
55 64 1
54 65 1
.PEN_UP
