.PEN_DOWN
1 70 1
2 69 1
3 69 1
4 69 1
5 69 1
6 69 1
7 68 1
8 68 1
9 69 1
10 69 1
11 69 1
12 69 1
13 68 1
14 68 1
15 68 1
16 68 1
17 68 1
18 68 1
19 68 1
20 68 1
22 66 1
23 65 1
24 65 1
25 65 1
26 65 1
27 65 1
28 65 1
29 65 1
30 65 1
31 65 1
32 65 1
33 65 1
34 65 1
35 65 1
36 65 1
37 65 1
38 65 1
39 65 1
40 66 1
41 66 1
42 66 1
43 66 1
44 66 1
45 66 1
46 66 1
47 66 1
48 66 1
49 66 1
50 66 1
51 66 1
52 66 1
53 67 1
54 68 1
56 68 1
57 68 1
58 68 1
59 68 1
60 68 1
61 68 1
62 68 1
63 68 1
64 68 1
65 68 1
66 68 1
67 68 1
68 68 1
70 69 1
71 70 1
72 71 1
73 72 1
74 73 1
75 74 1
75 75 1
76 76 1
76 77 1
76 78 1
76 79 1
76 80 1
75 81 1
75 82 1
75 83 1
75 84 1
75 85 1
74 86 1
73 86 1
72 87 1
71 87 1
70 87 1
69 88 1
68 89 1
67 90 1
66 90 1
65 91 1
64 92 1
64 93 1
63 94 1
62 95 1
62 96 1
61 97 1
60 98 1
60 99 1
59 100 1
59 101 1
.PEN_UP
.PEN_DOWN
75 87 1
76 88 1
76 89 1
76 90 1
77 91 1
77 92 1
77 93 1
77 94 1
78 95 1
78 96 1
78 97 1
78 98 1
78 99 1
78 100 1
77 101 1
77 102 1
77 103 1
77 104 1
77 105 1
77 106 1
77 107 1
76 108 1
76 109 1
75 110 1
75 111 1
74 112 1
73 113 1
73 114 1
72 115 1
71 116 1
70 117 1
69 117 1
68 117 1
67 117 1
66 117 1
65 117 1
64 116 1
63 115 1
62 115 1
61 114 1
60 114 1
59 113 1
58 113 1
57 112 1
56 112 1
55 111 1
54 111 1
53 110 1
52 110 1
51 110 1
50 109 1
49 108 1
48 108 1
47 107 1
46 107 1
45 106 1
44 106 1
43 105 1
42 105 1
41 104 1
40 104 1
39 103 1
38 103 1
37 102 1
36 102 1
35 102 1
34 101 1
.PEN_UP
.PEN_DOWN
69 67 1
70 66 1
70 65 1
70 64 1
71 63 1
72 62 1
72 61 1
73 60 1
73 59 1
73 58 1
74 57 1
74 56 1
74 55 1
75 54 1
75 53 1
74 52 1
74 51 1
74 50 1
74 49 1
73 48 1
73 47 1
72 46 1
72 45 1
71 44 1
70 43 1
70 42 1
69 41 1
68 40 1
67 40 1
66 39 1
65 38 1
65 37 1
63 36 1
62 36 1
61 36 1
60 36 1
59 36 1
58 36 1
57 36 1
56 36 1
55 36 1
54 36 1
53 36 1
52 36 1
51 35 1
50 35 1
49 35 1
48 34 1
47 34 1
46 33 1
45 33 1
44 32 1
43 32 1
42 31 1
41 30 1
40 29 1
39 29 1
38 28 1
37 27 1
36 26 1
36 25 1
36 24 1
36 23 1
36 22 1
36 21 1
36 20 1
36 19 1
36 18 1
36 17 1
37 16 1
37 15 1
37 14 1
38 13 1
38 12 1
38 11 1
38 10 1
39 9 1
40 8 1
41 7 1
42 6 1
43 5 1
44 4 1
45 4 1
46 3 1
47 3 1
48 3 1
49 2 1
50 2 1
51 2 1
52 1 1
53 1 1
54 1 1
55 1 1
56 1 1
57 1 1
58 1 1
59 1 1
60 1 1
61 1 1
62 2 1
63 2 1
64 3 1
65 3 1
66 3 1
67 4 1
68 5 1
69 5 1
70 6 1
71 7 1
72 7 1
73 8 1
74 9 1
75 10 1
76 11 1
76 12 1
76 13 1
76 14 1
77 15 1
77 16 1
77 17 1
77 18 1
76 19 1
76 20 1
76 21 1
76 22 1
75 23 1
75 24 1
75 25 1
74 26 1
73 27 1
73 28 1
72 29 1
71 30 1
70 31 1
69 32 1
68 33 1
67 34 1
66 34 1
65 35 1
.PEN_UP
.PEN_DOWN
55 68 1
53 70 1
52 71 1
51 72 1
50 72 1
49 72 1
48 72 1
47 72 1
46 72 1
45 72 1
44 72 1
43 72 1
42 72 1
41 72 1
40 72 1
39 72 1
38 72 1
37 72 1
36 72 1
35 72 1
34 72 1
33 72 1
32 72 1
31 72 1
30 72 1
29 72 1
28 72 1
27 72 1
26 72 1
25 72 1
24 72 1
23 71 1
22 70 1
21 69 1
.PEN_UP
.PEN_DOWN
44 126 1
45 126 1
46 125 1
47 125 1
48 125 1
49 124 1
50 124 1
51 124 1
52 124 1
53 124 1
54 123 1
55 123 1
56 123 1
57 123 1
58 123 1
59 123 1
60 124 1
61 124 1
62 124 1
63 124 1
64 124 1
65 124 1
66 124 1
67 125 1
68 125 1
69 126 1
70 126 1
71 127 1
72 128 1
73 129 1
74 130 1
75 131 1
76 132 1
76 133 1
77 134 1
77 135 1
77 136 1
77 137 1
77 138 1
77 139 1
77 140 1
76 141 1
76 142 1
76 143 1
76 144 1
75 145 1
75 146 1
74 147 1
73 148 1
72 148 1
71 149 1
70 149 1
69 149 1
68 149 1
67 149 1
66 149 1
65 149 1
64 149 1
63 149 1
62 149 1
61 149 1
60 149 1
59 149 1
58 149 1
57 149 1
56 149 1
55 149 1
54 148 1
53 148 1
52 147 1
51 147 1
50 147 1
49 146 1
48 146 1
47 146 1
46 145 1
45 145 1
44 145 1
43 144 1
42 144 1
41 144 1
40 144 1
38 142 1
37 141 1
37 140 1
.PEN_UP
.PEN_DOWN
39 143 1
39 146 1
39 147 1
39 148 1
39 149 1
39 150 1
39 151 1
39 152 1
39 153 1
39 154 1
39 155 1
39 156 1
39 157 1
39 158 1
39 159 1
39 160 1
39 161 1
39 162 1
38 163 1
.PEN_UP
