.PEN_DOWN
22 36 1
21 35 1
20 34 1
20 33 1
19 32 1
19 31 1
19 30 1
19 29 1
19 28 1
19 27 1
20 26 1
20 25 1
21 24 1
21 23 1
22 22 1
22 21 1
23 20 1
24 19 1
25 18 1
26 17 1
27 16 1
27 15 1
28 14 1
29 13 1
30 13 1
31 12 1
32 11 1
33 10 1
34 9 1
35 8 1
36 8 1
37 7 1
38 7 1
39 6 1
40 5 1
41 5 1
42 4 1
43 3 1
44 3 1
45 2 1
46 2 1
47 1 1
.PEN_UP
.PEN_DOWN
44 49 1
45 48 1
45 47 1
45 46 1
44 45 1
44 44 1
44 43 1
44 42 1
43 41 1
42 40 1
41 39 1
41 38 1
40 37 1
39 36 1
38 36 1
37 36 1
36 36 1
35 36 1
34 36 1
33 36 1
32 36 1
31 36 1
30 37 1
29 37 1
28 38 1
27 38 1
26 39 1
25 40 1
24 41 1
24 42 1
23 43 1
23 44 1
22 45 1
22 46 1
21 47 1
21 48 1
20 49 1
20 50 1
19 51 1
19 52 1
19 53 1
20 54 1
20 55 1
21 56 1
22 56 1
23 56 1
24 56 1
25 56 1
26 56 1
27 55 1
28 54 1
29 53 1
30 53 1
31 52 1
31 51 1
32 50 1
33 49 1
34 48 1
35 47 1
35 46 1
36 45 1
37 44 1
38 43 1
39 42 1
39 41 1
40 40 1
.PEN_UP
.PEN_DOWN
24 94 1
23 94 1
22 94 1
21 95 1
20 94 1
19 94 1
18 93 1
17 92 1
17 91 1
16 90 1
16 89 1
16 88 1
17 87 1
17 86 1
17 85 1
18 84 1
18 83 1
19 82 1
19 81 1
20 80 1
21 79 1
21 78 1
22 77 1
23 76 1
24 75 1
25 74 1
26 74 1
27 73 1
28 72 1
29 71 1
30 71 1
31 71 1
32 70 1
33 70 1
34 69 1
35 69 1
36 69 1
37 69 1
38 69 1
39 69 1
40 70 1
41 70 1
42 71 1
43 72 1
44 73 1
45 74 1
46 75 1
46 76 1
47 77 1
47 78 1
47 79 1
47 80 1
47 81 1
47 82 1
47 83 1
47 84 1
47 85 1
47 86 1
46 87 1
46 88 1
46 89 1
45 90 1
45 91 1
45 92 1
44 93 1
44 94 1
44 95 1
43 96 1
43 97 1
43 98 1
42 99 1
42 100 1
41 101 1
41 102 1
41 103 1
40 104 1
39 105 1
39 106 1
38 107 1
37 108 1
37 109 1
36 110 1
36 111 1
36 112 1
35 114 1
34 114 1
33 115 1
32 116 1
31 117 1
30 117 1
29 118 1
28 119 1
27 119 1
26 120 1
25 120 1
24 120 1
23 121 1
21 123 1
20 124 1
19 125 1
17 126 1
16 126 1
15 126 1
14 126 1
13 127 1
12 128 1
11 129 1
11 130 1
10 131 1
8 133 1
7 134 1
6 134 1
5 135 1
4 136 1
3 136 1
2 136 1
1 137 1
.PEN_UP
.PEN_DOWN
9 132 1
12 132 1
13 132 1
14 132 1
15 132 1
16 132 1
17 132 1
18 131 1
20 133 1
20 134 1
20 135 1
20 136 1
21 137 1
21 138 1
21 139 1
21 140 1
21 141 1
22 142 1
22 143 1
21 146 1
20 147 1
20 148 1
20 149 1
20 150 1
21 151 1
21 152 1
22 153 1
23 154 1
24 155 1
25 156 1
26 156 1
27 156 1
28 157 1
31 157 1
32 157 1
33 157 1
34 157 1
35 157 1
36 157 1
37 157 1
38 157 1
39 156 1
40 155 1
41 154 1
42 153 1
42 152 1
43 151 1
43 150 1
44 149 1
44 148 1
45 147 1
45 146 1
45 145 1
45 144 1
45 143 1
44 142 1
43 141 1
42 140 1
41 139 1
40 139 1
39 139 1
38 139 1
37 139 1
36 139 1
35 139 1
34 140 1
33 140 1
32 141 1
31 142 1
30 142 1
29 143 1
28 143 1
27 144 1
25 144 1
24 144 1
23 144 1
.PEN_UP
.PEN_DOWN
26 144 1
28 146 1
28 147 1
28 148 1
29 149 1
29 150 1
29 151 1
29 152 1
29 153 1
29 154 1
29 155 1
29 156 1
29 159 1
29 160 1
29 161 1
29 162 1
29 163 1
29 164 1
28 165 1
28 166 1
.PEN_UP
.PEN_DOWN
19 130 1
19 129 1
19 128 1
19 127 1
.PEN_UP
.PEN_DOWN
22 121 1
21 120 1
21 119 1
20 118 1
20 117 1
20 116 1
20 115 1
20 114 1
20 113 1
21 112 1
21 111 1
21 110 1
22 109 1
23 108 1
24 107 1
.PEN_UP
.PEN_DOWN
36 113 1
38 112 1
39 112 1
40 112 1
41 112 1
42 111 1
43 110 1
.PEN_UP
.PEN_DOWN
23 178 1
23 179 1
23 180 1
23 181 1
23 182 1
23 183 1
24 184 1
24 185 1
26 185 1
27 185 1
28 185 1
29 184 1
30 183 1
31 183 1
32 182 1
33 182 1
34 181 1
35 181 1
36 180 1
37 180 1
.PEN_UP
.PEN_DOWN
24 186 1
23 188 1
22 189 1
21 189 1
20 190 1
19 191 1
19 192 1
18 193 1
18 194 1
18 195 1
18 196 1
19 197 1
20 197 1
21 198 1
22 198 1
23 199 1
24 199 1
25 199 1
26 200 1
27 201 1
28 202 1
29 203 1
29 204 1
30 205 1
31 206 1
31 207 1
31 208 1
31 209 1
31 210 1
31 211 1
31 212 1
31 213 1
31 214 1
31 215 1
31 216 1
31 217 1
31 218 1
31 219 1
30 220 1
29 222 1
28 222 1
27 222 1
26 223 1
25 224 1
25 226 1
25 227 1
24 228 1
24 229 1
23 230 1
23 231 1
22 232 1
21 233 1
20 233 1
19 234 1
18 235 1
17 235 1
16 235 1
15 235 1
14 234 1
14 233 1
14 232 1
14 231 1
15 230 1
16 229 1
17 228 1
18 227 1
19 226 1
20 225 1
21 225 1
22 225 1
23 224 1
24 224 1
.PEN_UP
.PEN_DOWN
30 221 1
32 222 1
33 222 1
34 222 1
35 222 1
36 223 1
37 224 1
37 225 1
38 226 1
38 227 1
38 228 1
38 229 1
38 230 1
37 231 1
37 232 1
36 233 1
36 234 1
35 235 1
35 236 1
35 237 1
34 238 1
34 239 1
33 240 1
32 241 1
32 242 1
31 243 1
31 244 1
30 245 1
30 246 1
30 247 1
29 248 1
29 249 1
29 250 1
30 251 1
31 250 1
32 250 1
33 250 1
34 250 1
35 250 1
36 249 1
37 249 1
38 248 1
39 248 1
40 247 1
41 247 1
42 247 1
43 246 1
44 245 1
45 245 1
46 244 1
47 244 1
48 243 1
49 243 1
50 242 1
51 242 1
52 241 1
53 241 1
54 240 1
55 240 1
56 239 1
57 238 1
58 238 1
59 237 1
60 236 1
61 236 1
62 235 1
63 235 1
64 234 1
65 234 1
66 233 1
67 232 1
68 231 1
69 231 1
70 230 1
71 229 1
72 228 1
73 228 1
74 227 1
75 226 1
76 225 1
77 225 1
78 224 1
79 223 1
80 223 1
81 222 1
82 221 1
83 220 1
84 219 1
85 218 1
86 217 1
87 216 1
88 216 1
89 215 1
90 214 1
91 213 1
92 212 1
93 211 1
94 210 1
95 209 1
96 208 1
97 208 1
98 207 1
99 206 1
100 205 1
101 204 1
101 203 1
102 202 1
103 201 1
104 200 1
105 199 1
106 198 1
106 197 1
107 196 1
108 195 1
108 194 1
109 193 1
110 192 1
110 191 1
110 190 1
110 189 1
110 188 1
110 187 1
110 186 1
110 185 1
109 184 1
108 184 1
107 183 1
106 183 1
105 183 1
104 183 1
103 183 1
102 183 1
101 183 1
100 183 1
99 184 1
98 184 1
97 184 1
96 185 1
95 186 1
94 186 1
93 186 1
92 187 1
91 187 1
90 187 1
89 188 1
88 188 1
87 189 1
86 189 1
85 190 1
84 191 1
83 191 1
82 192 1
81 192 1
80 193 1
79 194 1
78 194 1
77 195 1
76 196 1
75 197 1
74 197 1
73 198 1
72 199 1
71 200 1
70 201 1
69 202 1
68 203 1
67 203 1
66 204 1
65 205 1
64 206 1
64 207 1
63 208 1
62 209 1
61 210 1
61 211 1
60 212 1
59 213 1
58 214 1
57 215 1
57 216 1
56 217 1
55 218 1
54 219 1
54 220 1
53 221 1
53 222 1
52 223 1
52 224 1
51 225 1
51 226 1
50 227 1
50 228 1
49 229 1
49 230 1
49 231 1
48 232 1
48 233 1
48 234 1
48 235 1
48 236 1
49 237 1
49 238 1
.PEN_UP
