.PEN_DOWN
19 17 1
18 17 1
17 16 1
16 15 1
15 14 1
14 13 1
14 12 1
14 11 1
14 10 1
14 9 1
14 8 1
14 7 1
14 6 1
15 5 1
16 4 1
17 3 1
18 3 1
19 2 1
20 2 1
21 1 1
22 1 1
23 1 1
24 1 1
25 1 1
26 1 1
27 1 1
28 2 1
29 2 1
30 3 1
31 4 1
32 5 1
32 6 1
32 7 1
33 8 1
33 9 1
33 10 1
33 11 1
34 12 1
34 13 1
34 14 1
34 15 1
33 16 1
33 17 1
33 18 1
33 19 1
32 20 1
32 21 1
31 22 1
30 23 1
29 23 1
28 24 1
26 25 1
25 25 1
24 25 1
23 25 1
22 25 1
.PEN_UP
.PEN_DOWN
27 25 1
28 27 1
29 28 1
30 29 1
30 30 1
31 31 1
32 32 1
33 33 1
34 34 1
34 35 1
35 36 1
36 37 1
36 38 1
36 39 1
36 40 1
37 41 1
37 42 1
37 43 1
36 44 1
36 45 1
36 46 1
35 47 1
34 48 1
33 49 1
32 50 1
31 50 1
30 50 1
29 50 1
28 50 1
27 50 1
26 50 1
25 50 1
24 50 1
23 50 1
22 50 1
21 50 1
20 49 1
19 49 1
18 49 1
17 49 1
16 49 1
15 49 1
14 49 1
13 48 1
12 48 1
11 48 1
10 48 1
9 49 1
8 50 1
8 51 1
8 52 1
9 53 1
9 54 1
9 55 1
9 56 1
9 57 1
9 58 1
9 59 1
9 60 1
9 61 1
9 62 1
9 63 1
9 64 1
9 65 1
10 66 1
10 67 1
10 68 1
10 69 1
10 70 1
10 71 1
10 72 1
10 73 1
10 74 1
10 75 1
11 76 1
11 77 1
.PEN_UP
.PEN_DOWN
17 95 1
18 94 1
19 94 1
20 95 1
21 95 1
22 95 1
23 96 1
24 97 1
24 98 1
25 99 1
25 100 1
25 101 1
25 102 1
25 103 1
25 104 1
24 105 1
25 107 1
25 108 1
26 109 1
27 110 1
28 111 1
28 112 1
29 113 1
30 114 1
30 115 1
30 116 1
30 117 1
30 118 1
30 119 1
29 120 1
29 121 1
29 122 1
28 123 1
27 124 1
26 124 1
25 125 1
25 127 1
26 128 1
26 129 1
26 130 1
27 131 1
28 132 1
29 133 1
30 134 1
31 135 1
31 136 1
32 137 1
33 138 1
33 139 1
.PEN_UP
.PEN_DOWN
18 171 1
17 170 1
17 169 1
16 168 1
16 167 1
16 166 1
16 165 1
16 164 1
17 163 1
17 162 1
18 161 1
19 160 1
20 159 1
21 158 1
22 158 1
23 158 1
24 158 1
25 157 1
26 157 1
27 157 1
28 158 1
29 158 1
30 159 1
31 159 1
32 160 1
32 161 1
33 162 1
34 163 1
34 164 1
34 165 1
35 166 1
35 167 1
35 168 1
35 169 1
35 170 1
35 171 1
35 172 1
35 173 1
35 174 1
34 175 1
34 176 1
34 177 1
34 178 1
34 179 1
33 180 1
33 181 1
32 182 1
32 183 1
31 184 1
30 185 1
29 186 1
28 187 1
27 188 1
25 188 1
24 187 1
23 187 1
22 188 1
.PEN_UP
.PEN_DOWN
26 188 1
27 190 1
28 191 1
29 192 1
30 193 1
31 194 1
32 195 1
33 196 1
34 197 1
35 198 1
36 199 1
36 200 1
37 201 1
37 202 1
38 203 1
38 204 1
38 205 1
.PEN_UP
.PEN_DOWN
21 221 1
22 221 1
23 222 1
24 222 1
25 223 1
26 224 1
27 225 1
27 226 1
27 227 1
27 228 1
27 229 1
27 230 1
27 231 1
27 232 1
27 233 1
27 234 1
27 235 1
27 236 1
26 237 1
26 238 1
27 241 1
28 242 1
29 243 1
29 244 1
30 245 1
30 246 1
30 247 1
30 248 1
31 249 1
31 250 1
31 251 1
31 252 1
31 253 1
30 254 1
30 255 1
30 256 1
30 257 1
30 258 1
30 259 1
29 260 1
28 261 1
28 262 1
27 263 1
26 264 1
26 265 1
26 266 1
26 267 1
27 268 1
28 269 1
29 270 1
30 271 1
31 272 1
31 273 1
32 274 1
32 275 1
32 276 1
33 277 1
33 278 1
33 279 1
33 280 1
33 281 1
33 282 1
33 283 1
33 284 1
33 285 1
33 286 1
33 287 1
33 288 1
32 289 1
31 289 1
30 290 1
28 289 1
27 289 1
26 289 1
25 288 1
24 287 1
23 286 1
22 286 1
21 286 1
20 286 1
19 286 1
18 286 1
17 287 1
16 288 1
16 289 1
16 290 1
16 291 1
16 292 1
16 293 1
17 294 1
18 295 1
19 296 1
20 297 1
21 297 1
22 297 1
23 297 1
24 297 1
25 297 1
26 297 1
27 297 1
28 296 1
29 295 1
31 296 1
32 297 1
33 298 1
33 299 1
33 300 1
33 301 1
33 302 1
33 303 1
34 304 1
34 305 1
34 306 1
34 307 1
34 308 1
34 309 1
34 310 1
34 311 1
33 312 1
33 313 1
33 314 1
33 315 1
33 316 1
33 317 1
32 318 1
31 319 1
30 320 1
31 323 1
31 324 1
32 325 1
33 326 1
33 327 1
34 328 1
35 329 1
35 330 1
35 331 1
35 332 1
36 333 1
36 334 1
37 335 1
37 336 1
37 337 1
36 338 1
36 339 1
36 340 1
36 341 1
35 342 1
34 343 1
33 344 1
32 345 1
33 348 1
33 349 1
33 350 1
33 351 1
34 352 1
35 353 1
35 354 1
36 355 1
36 356 1
36 357 1
36 358 1
36 359 1
36 360 1
37 361 1
37 362 1
37 363 1
37 364 1
37 365 1
36 366 1
35 367 1
34 367 1
33 368 1
32 368 1
31 369 1
30 369 1
29 369 1
28 369 1
27 369 1
26 370 1
25 370 1
24 370 1
23 371 1
22 371 1
21 372 1
19 372 1
18 372 1
17 372 1
16 371 1
15 371 1
14 370 1
13 370 1
12 369 1
11 369 1
10 368 1
9 367 1
8 367 1
7 367 1
6 366 1
5 366 1
4 366 1
3 365 1
2 365 1
1 365 1
.PEN_UP
.PEN_DOWN
20 372 1
21 374 1
21 375 1
21 376 1
21 377 1
23 379 1
24 379 1
25 379 1
26 379 1
27 380 1
28 380 1
29 381 1
30 382 1
.PEN_UP
.PEN_DOWN
21 378 1
20 379 1
19 380 1
19 381 1
18 382 1
18 383 1
18 384 1
19 385 1
19 386 1
19 387 1
19 388 1
19 389 1
20 390 1
20 391 1
20 392 1
21 393 1
21 394 1
21 395 1
22 396 1
22 397 1
22 398 1
22 399 1
23 400 1
23 401 1
23 402 1
23 403 1
23 404 1
23 405 1
23 406 1
24 407 1
25 408 1
25 409 1
25 410 1
25 411 1
25 412 1
26 413 1
27 413 1
28 414 1
29 414 1
30 414 1
31 413 1
32 413 1
33 412 1
34 411 1
34 410 1
34 409 1
33 408 1
33 407 1
.PEN_UP
.PEN_DOWN
30 294 1
30 293 1
30 292 1
30 291 1
.PEN_UP
