.PEN_DOWN
43 43 1
43 42 1
44 41 1
45 40 1
46 39 1
47 38 1
48 37 1
49 36 1
50 35 1
51 34 1
52 33 1
53 32 1
54 31 1
55 31 1
56 30 1
57 29 1
58 28 1
59 28 1
60 27 1
62 27 1
63 26 1
64 26 1
65 26 1
66 26 1
67 25 1
68 24 1
69 24 1
70 23 1
71 23 1
72 23 1
73 23 1
75 22 1
76 21 1
77 20 1
78 20 1
79 19 1
80 18 1
.PEN_UP
.PEN_DOWN
74 23 1
74 25 1
74 26 1
74 27 1
73 28 1
73 29 1
72 30 1
71 31 1
70 32 1
69 33 1
69 34 1
68 35 1
67 36 1
66 36 1
65 37 1
65 38 1
64 39 1
63 40 1
62 41 1
61 42 1
60 43 1
59 44 1
58 45 1
57 46 1
56 47 1
55 48 1
54 49 1
53 50 1
52 51 1
51 52 1
50 53 1
49 54 1
48 55 1
47 56 1
46 57 1
45 58 1
44 58 1
43 59 1
42 60 1
41 61 1
40 62 1
39 63 1
38 64 1
37 64 1
36 65 1
35 66 1
34 67 1
33 68 1
32 69 1
31 69 1
30 70 1
29 71 1
28 72 1
27 72 1
26 73 1
25 74 1
24 75 1
23 76 1
22 76 1
21 77 1
20 78 1
19 79 1
18 79 1
17 80 1
16 81 1
15 82 1
14 83 1
13 84 1
12 85 1
11 86 1
10 87 1
9 88 1
8 89 1
7 89 1
.PEN_UP
.PEN_DOWN
60 26 1
60 25 1
60 24 1
60 23 1
60 22 1
60 21 1
61 20 1
61 19 1
61 18 1
62 16 1
63 15 1
64 14 1
65 13 1
66 12 1
67 11 1
68 10 1
69 9 1
70 8 1
71 7 1
72 6 1
73 5 1
74 4 1
75 3 1
75 2 1
76 1 1
77 1 1
.PEN_UP
.PEN_DOWN
60 17 1
59 18 1
58 18 1
57 18 1
56 18 1
55 19 1
54 19 1
53 20 1
52 21 1
51 21 1
50 22 1
49 23 1
48 23 1
47 24 1
46 25 1
45 26 1
44 27 1
43 27 1
42 28 1
41 29 1
40 30 1
39 31 1
38 32 1
37 32 1
36 33 1
35 33 1
34 34 1
33 35 1
32 36 1
31 36 1
30 37 1
29 38 1
28 39 1
27 39 1
26 40 1
25 41 1
24 41 1
23 42 1
22 43 1
21 44 1
20 44 1
19 45 1
18 46 1
17 46 1
16 47 1
15 48 1
14 49 1
13 50 1
12 51 1
11 52 1
10 53 1
9 54 1
8 55 1
7 56 1
6 57 1
5 58 1
4 58 1
3 59 1
2 59 1
1 60 1
1 61 1
.PEN_UP
.PEN_DOWN
46 71 1
47 70 1
48 70 1
49 69 1
50 68 1
51 67 1
52 66 1
53 65 1
54 64 1
55 63 1
56 62 1
57 61 1
58 59 1
58 58 1
59 57 1
59 56 1
60 55 1
61 54 1
62 54 1
63 54 1
64 53 1
65 53 1
66 53 1
67 55 1
67 56 1
67 57 1
67 58 1
66 59 1
66 60 1
66 61 1
65 62 1
64 62 1
61 62 1
60 62 1
59 62 1
58 61 1
.PEN_UP
.PEN_DOWN
63 62 1
63 64 1
63 65 1
63 66 1
.PEN_UP
