.PEN_DOWN
1 2 1
2 1 1
3 1 1
4 1 1
5 1 1
6 1 1
7 1 1
8 2 1
9 2 1
10 2 1
11 3 1
12 3 1
13 4 1
14 4 1
15 4 1
16 5 1
17 5 1
18 5 1
19 6 1
20 6 1
21 6 1
22 6 1
23 7 1
24 7 1
25 7 1
26 7 1
27 8 1
28 8 1
29 8 1
30 9 1
31 9 1
32 9 1
33 9 1
34 10 1
35 10 1
36 10 1
37 10 1
38 11 1
39 11 1
40 12 1
41 13 1
41 16 1
40 17 1
40 18 1
39 19 1
38 20 1
37 21 1
36 21 1
35 22 1
34 22 1
33 23 1
32 24 1
31 25 1
30 26 1
28 26 1
27 27 1
26 27 1
.PEN_UP
.PEN_DOWN
29 26 1
31 28 1
31 29 1
32 30 1
33 31 1
34 31 1
35 32 1
36 33 1
37 34 1
37 35 1
38 36 1
38 37 1
38 38 1
40 39 1
41 40 1
42 40 1
43 40 1
.PEN_UP
.PEN_DOWN
38 39 1
37 40 1
36 40 1
35 41 1
34 41 1
33 41 1
32 41 1
31 42 1
30 42 1
29 43 1
28 43 1
27 43 1
26 43 1
25 44 1
24 44 1
23 44 1
22 45 1
21 45 1
20 45 1
19 45 1
18 45 1
17 45 1
16 46 1
15 46 1
14 46 1
13 47 1
12 48 1
10 49 1
9 49 1
8 48 1
7 48 1
6 48 1
.PEN_UP
.PEN_DOWN
11 49 1
12 51 1
13 52 1
14 53 1
15 53 1
16 54 1
17 54 1
18 54 1
19 54 1
20 54 1
21 55 1
22 55 1
23 55 1
24 55 1
25 56 1
27 57 1
28 57 1
29 57 1
30 57 1
31 57 1
32 57 1
33 57 1
34 57 1
35 57 1
36 57 1
37 57 1
38 57 1
39 57 1
40 57 1
41 57 1
42 58 1
43 59 1
.PEN_UP
.PEN_DOWN
25 57 1
24 58 1
24 59 1
24 60 1
24 61 1
24 62 1
24 63 1
23 64 1
24 65 1
24 66 1
24 67 1
24 68 1
25 69 1
25 70 1
25 71 1
26 72 1
27 73 1
28 74 1
29 75 1
30 76 1
31 77 1
31 78 1
32 79 1
32 80 1
33 81 1
35 82 1
36 82 1
37 82 1
38 83 1
39 83 1
40 83 1
41 84 1
42 85 1
42 86 1
42 87 1
41 88 1
41 89 1
41 90 1
41 91 1
41 92 1
41 93 1
41 94 1
41 95 1
41 96 1
40 97 1
39 97 1
38 97 1
37 98 1
36 98 1
35 99 1
34 99 1
33 100 1
32 101 1
31 102 1
30 102 1
29 102 1
28 103 1
27 103 1
26 103 1
25 103 1
24 103 1
23 103 1
22 103 1
21 103 1
20 102 1
19 101 1
18 100 1
18 99 1
18 98 1
18 97 1
18 96 1
18 95 1
19 94 1
20 93 1
21 92 1
21 91 1
22 90 1
23 89 1
24 88 1
25 87 1
26 87 1
27 86 1
28 85 1
29 85 1
30 84 1
31 83 1
32 82 1
.PEN_UP
.PEN_DOWN
42 97 1
42 98 1
42 99 1
42 100 1
42 101 1
42 102 1
42 103 1
42 104 1
42 105 1
42 106 1
42 107 1
42 108 1
42 109 1
42 110 1
42 111 1
41 112 1
41 113 1
41 114 1
39 115 1
38 115 1
37 115 1
36 115 1
35 115 1
34 114 1
33 114 1
32 114 1
31 115 1
30 115 1
29 115 1
28 116 1
27 117 1
26 118 1
25 119 1
24 120 1
24 121 1
23 122 1
23 123 1
23 124 1
22 125 1
22 126 1
22 127 1
22 128 1
22 129 1
22 130 1
22 131 1
22 132 1
22 133 1
23 134 1
23 135 1
24 136 1
25 137 1
26 138 1
27 139 1
28 140 1
29 141 1
30 142 1
31 142 1
32 142 1
33 142 1
34 143 1
35 143 1
36 143 1
37 144 1
38 144 1
39 144 1
.PEN_UP
