.PEN_DOWN
32 6 1
32 7 1
33 8 1
33 9 1
35 10 1
36 10 1
37 10 1
38 11 1
39 11 1
40 12 1
41 13 1
42 14 1
43 14 1
44 15 1
45 16 1
46 17 1
47 18 1
48 18 1
49 19 1
50 20 1
51 20 1
52 21 1
53 21 1
54 21 1
55 21 1
56 22 1
57 22 1
58 22 1
59 22 1
60 22 1
61 22 1
62 22 1
63 21 1
66 20 1
67 19 1
68 18 1
68 17 1
69 16 1
70 15 1
71 14 1
72 14 1
73 13 1
73 12 1
74 11 1
75 10 1
75 9 1
76 8 1
77 7 1
78 6 1
78 5 1
79 4 1
80 3 1
81 2 1
82 1 1
.PEN_UP
.PEN_DOWN
64 21 1
64 23 1
64 24 1
64 25 1
63 26 1
63 27 1
63 28 1
63 29 1
62 30 1
62 31 1
61 32 1
61 33 1
60 34 1
59 35 1
59 36 1
58 37 1
57 38 1
57 39 1
56 40 1
56 41 1
55 42 1
54 43 1
54 44 1
53 45 1
52 46 1
51 47 1
51 48 1
50 49 1
49 50 1
48 51 1
48 52 1
48 53 1
48 54 1
47 55 1
47 56 1
47 57 1
46 58 1
46 59 1
44 61 1
43 61 1
42 62 1
41 62 1
40 63 1
39 63 1
38 63 1
37 64 1
36 64 1
35 65 1
34 65 1
33 66 1
32 66 1
31 67 1
30 68 1
29 68 1
28 69 1
26 69 1
25 70 1
24 70 1
23 70 1
22 70 1
21 70 1
20 71 1
19 71 1
18 71 1
17 72 1
16 72 1
15 72 1
14 72 1
13 73 1
12 74 1
11 75 1
10 75 1
9 76 1
8 76 1
7 77 1
6 78 1
5 78 1
4 79 1
3 80 1
2 81 1
2 82 1
1 83 1
1 84 1
1 85 1
1 86 1
2 87 1
3 87 1
4 87 1
5 87 1
6 87 1
7 86 1
8 86 1
9 86 1
10 86 1
11 85 1
12 85 1
13 84 1
14 83 1
15 83 1
16 82 1
17 81 1
18 81 1
19 80 1
20 80 1
21 79 1
22 78 1
23 77 1
24 77 1
25 76 1
26 75 1
26 74 1
26 73 1
27 72 1
27 71 1
28 70 1
.PEN_UP
.PEN_DOWN
45 60 1
48 60 1
49 60 1
50 60 1
51 60 1
52 60 1
53 60 1
54 60 1
55 60 1
56 60 1
57 60 1
58 61 1
58 62 1
58 63 1
58 64 1
58 65 1
57 66 1
57 67 1
57 68 1
57 69 1
56 70 1
56 71 1
55 72 1
55 73 1
54 74 1
54 75 1
54 76 1
54 77 1
54 78 1
55 79 1
56 80 1
57 81 1
58 81 1
59 81 1
60 82 1
61 82 1
62 83 1
63 83 1
64 83 1
65 84 1
66 84 1
67 85 1
68 86 1
69 86 1
70 87 1
71 88 1
72 89 1
72 90 1
73 91 1
74 92 1
74 93 1
74 94 1
75 95 1
75 96 1
75 97 1
75 98 1
75 99 1
75 100 1
75 101 1
74 102 1
74 103 1
74 104 1
74 105 1
73 106 1
73 107 1
72 108 1
72 109 1
72 110 1
71 111 1
71 112 1
70 113 1
70 114 1
70 115 1
69 116 1
69 117 1
68 118 1
67 119 1
67 120 1
66 121 1
66 122 1
65 123 1
64 124 1
64 125 1
63 126 1
62 127 1
62 128 1
62 129 1
61 130 1
61 131 1
61 132 1
61 133 1
59 135 1
58 135 1
57 136 1
56 137 1
55 137 1
54 138 1
53 139 1
52 139 1
51 140 1
50 141 1
.PEN_UP
.PEN_DOWN
60 134 1
62 135 1
63 135 1
64 135 1
65 135 1
66 136 1
67 136 1
68 137 1
69 137 1
70 138 1
71 139 1
72 140 1
73 141 1
74 142 1
74 143 1
75 144 1
75 145 1
76 146 1
76 147 1
77 148 1
77 149 1
77 150 1
77 151 1
77 152 1
77 153 1
78 154 1
78 155 1
78 156 1
78 157 1
78 158 1
78 159 1
78 160 1
78 161 1
78 162 1
78 163 1
78 164 1
78 165 1
78 166 1
78 167 1
78 168 1
77 169 1
77 170 1
77 171 1
77 172 1
77 173 1
77 174 1
77 175 1
77 176 1
77 177 1
.PEN_UP
.PEN_DOWN
33 10 1
32 11 1
32 12 1
32 13 1
32 14 1
32 15 1
32 16 1
32 17 1
33 18 1
33 19 1
34 20 1
35 21 1
35 22 1
36 23 1
37 24 1
38 25 1
39 26 1
40 26 1
41 27 1
.PEN_UP
