.PEN_DOWN
17 4 1
16 3 1
15 3 1
14 2 1
13 2 1
12 1 1
11 1 1
10 1 1
9 2 1
8 3 1
8 4 1
8 5 1
7 6 1
7 7 1
7 8 1
7 9 1
7 10 1
7 11 1
7 12 1
7 13 1
7 14 1
7 15 1
7 16 1
7 17 1
8 18 1
11 17 1
12 17 1
13 16 1
14 16 1
15 16 1
16 16 1
17 16 1
18 17 1
19 17 1
20 17 1
21 17 1
22 17 1
23 17 1
24 17 1
25 17 1
26 17 1
27 17 1
.PEN_UP
.PEN_DOWN
9 18 1
9 20 1
9 21 1
9 22 1
9 23 1
9 24 1
8 25 1
7 26 1
6 27 1
5 28 1
5 29 1
4 30 1
4 31 1
4 32 1
4 33 1
4 34 1
3 35 1
3 36 1
3 37 1
3 38 1
3 39 1
3 40 1
3 41 1
2 42 1
2 43 1
2 44 1
2 45 1
2 46 1
2 47 1
2 48 1
2 49 1
2 50 1
2 51 1
2 52 1
2 53 1
1 54 1
1 55 1
1 56 1
1 57 1
2 58 1
2 59 1
2 60 1
2 61 1
2 62 1
2 63 1
.PEN_UP
.PEN_DOWN
10 25 1
11 26 1
12 27 1
13 28 1
14 29 1
15 29 1
16 30 1
17 31 1
18 31 1
19 31 1
20 31 1
21 31 1
22 32 1
23 32 1
24 32 1
25 32 1
26 32 1
27 32 1
28 32 1
29 32 1
30 32 1
31 32 1
32 31 1
33 31 1
34 31 1
35 31 1
36 31 1
37 30 1
38 30 1
39 29 1
40 29 1
41 28 1
42 28 1
43 27 1
44 27 1
45 26 1
46 26 1
47 25 1
48 25 1
49 24 1
50 24 1
51 24 1
52 23 1
53 23 1
54 22 1
55 22 1
56 21 1
57 21 1
58 21 1
59 20 1
60 20 1
61 20 1
62 20 1
63 19 1
64 18 1
65 18 1
66 18 1
67 17 1
68 17 1
69 17 1
70 17 1
71 17 1
72 17 1
73 17 1
74 18 1
74 19 1
74 20 1
74 21 1
74 22 1
73 23 1
73 24 1
73 25 1
73 26 1
72 27 1
72 28 1
71 29 1
71 30 1
70 31 1
70 32 1
69 33 1
68 34 1
68 35 1
67 36 1
66 37 1
66 38 1
65 39 1
64 40 1
64 41 1
63 42 1
62 43 1
61 44 1
60 45 1
59 46 1
58 47 1
58 48 1
57 49 1
57 50 1
57 51 1
56 52 1
55 53 1
54 54 1
53 55 1
52 56 1
51 57 1
50 57 1
49 58 1
48 58 1
47 58 1
46 58 1
45 58 1
44 59 1
43 59 1
42 60 1
41 60 1
40 61 1
39 62 1
38 62 1
37 63 1
36 63 1
35 64 1
34 64 1
33 65 1
32 66 1
31 66 1
30 67 1
29 68 1
28 68 1
27 69 1
26 70 1
26 71 1
25 72 1
25 73 1
24 74 1
23 75 1
22 75 1
21 76 1
20 76 1
19 77 1
18 77 1
17 78 1
16 78 1
15 78 1
14 78 1
13 78 1
12 79 1
11 79 1
10 79 1
9 78 1
7 78 1
6 79 1
5 80 1
.PEN_UP
.PEN_DOWN
9 77 1
10 76 1
10 75 1
11 74 1
11 73 1
12 72 1
13 71 1
14 70 1
15 70 1
16 70 1
17 70 1
18 69 1
19 69 1
20 69 1
21 69 1
22 68 1
23 68 1
24 68 1
25 68 1
26 68 1
.PEN_UP
.PEN_DOWN
52 58 1
52 59 1
52 60 1
52 61 1
52 62 1
52 63 1
52 64 1
51 65 1
51 66 1
51 67 1
50 68 1
50 69 1
49 70 1
49 71 1
49 72 1
48 73 1
48 74 1
48 75 1
48 76 1
48 77 1
48 78 1
48 79 1
48 80 1
49 81 1
50 81 1
51 81 1
52 81 1
53 81 1
54 81 1
55 81 1
56 81 1
57 81 1
58 81 1
59 81 1
60 81 1
61 82 1
62 82 1
63 83 1
64 84 1
64 85 1
64 86 1
64 87 1
64 88 1
64 89 1
64 90 1
64 91 1
64 92 1
64 93 1
64 94 1
63 95 1
63 96 1
63 97 1
62 98 1
62 99 1
62 100 1
61 101 1
61 102 1
61 103 1
61 104 1
59 105 1
58 105 1
57 105 1
56 105 1
55 107 1
55 108 1
54 109 1
54 110 1
54 111 1
53 112 1
52 113 1
51 114 1
50 115 1
49 116 1
48 117 1
47 118 1
46 119 1
45 119 1
44 120 1
43 120 1
42 120 1
41 121 1
40 121 1
39 121 1
38 121 1
37 120 1
36 119 1
36 118 1
36 117 1
35 116 1
36 115 1
36 114 1
37 113 1
38 112 1
39 111 1
40 110 1
41 110 1
42 109 1
43 109 1
44 108 1
45 108 1
46 107 1
47 106 1
48 106 1
49 106 1
50 106 1
51 106 1
52 105 1
53 105 1
54 105 1
.PEN_UP
.PEN_DOWN
60 105 1
62 106 1
63 107 1
64 108 1
65 109 1
65 110 1
66 111 1
66 112 1
66 113 1
66 114 1
66 115 1
66 116 1
66 117 1
66 118 1
66 119 1
65 120 1
65 121 1
64 122 1
64 123 1
64 124 1
63 125 1
62 126 1
62 127 1
61 128 1
61 129 1
60 130 1
60 131 1
60 132 1
59 133 1
59 134 1
57 136 1
56 136 1
55 137 1
54 138 1
53 138 1
52 139 1
51 140 1
50 141 1
49 142 1
48 143 1
47 143 1
46 144 1
45 145 1
44 146 1
43 147 1
.PEN_UP
.PEN_DOWN
58 135 1
60 136 1
61 136 1
62 136 1
63 137 1
64 138 1
64 139 1
64 140 1
64 141 1
65 142 1
65 143 1
65 144 1
65 145 1
65 146 1
65 147 1
65 148 1
64 149 1
64 150 1
64 151 1
64 152 1
64 153 1
64 154 1
63 155 1
63 156 1
63 157 1
62 159 1
61 160 1
60 161 1
59 161 1
58 162 1
57 162 1
56 163 1
55 163 1
54 164 1
53 164 1
52 165 1
51 165 1
50 166 1
49 166 1
48 167 1
47 167 1
46 167 1
45 168 1
44 168 1
43 169 1
42 169 1
.PEN_UP
.PEN_DOWN
63 158 1
65 158 1
66 158 1
67 158 1
68 158 1
69 158 1
70 158 1
71 158 1
72 157 1
73 157 1
74 157 1
75 157 1
78 157 1
79 156 1
80 155 1
81 154 1
82 153 1
83 152 1
84 151 1
86 151 1
87 150 1
88 150 1
89 150 1
90 150 1
91 150 1
92 149 1
93 149 1
94 148 1
95 147 1
96 147 1
97 147 1
98 146 1
99 146 1
100 146 1
101 145 1
102 144 1
103 143 1
104 143 1
105 142 1
106 142 1
107 141 1
108 141 1
109 140 1
110 139 1
111 139 1
112 138 1
113 137 1
114 137 1
115 136 1
116 135 1
117 134 1
118 133 1
119 132 1
119 131 1
120 130 1
121 129 1
121 128 1
121 127 1
121 126 1
121 125 1
121 124 1
120 123 1
119 122 1
118 122 1
117 121 1
116 121 1
115 120 1
114 120 1
113 120 1
112 120 1
111 119 1
110 119 1
109 119 1
108 120 1
107 120 1
106 120 1
105 120 1
104 121 1
103 121 1
102 122 1
101 123 1
100 124 1
99 124 1
98 125 1
97 126 1
96 127 1
95 128 1
95 129 1
94 130 1
94 131 1
93 132 1
92 133 1
91 134 1
91 135 1
90 136 1
89 137 1
89 138 1
88 139 1
87 140 1
87 141 1
86 142 1
86 143 1
86 144 1
85 145 1
85 146 1
85 147 1
85 148 1
85 149 1
84 150 1
.PEN_UP
.PEN_DOWN
76 157 1
76 159 1
76 160 1
76 161 1
75 162 1
75 163 1
75 164 1
75 165 1
75 166 1
74 167 1
73 168 1
73 169 1
72 170 1
72 171 1
71 172 1
71 173 1
70 174 1
69 175 1
69 176 1
68 177 1
68 178 1
67 179 1
67 180 1
66 181 1
66 182 1
65 183 1
64 184 1
64 185 1
64 186 1
63 187 1
62 188 1
62 189 1
61 190 1
.PEN_UP
.PEN_DOWN
42 13 1
43 13 1
44 13 1
45 13 1
.PEN_UP
