.PEN_DOWN
23 47 1
22 47 1
21 46 1
20 46 1
19 46 1
18 46 1
17 47 1
16 47 1
15 47 1
14 46 1
13 46 1
12 45 1
12 44 1
12 43 1
12 42 1
12 41 1
12 40 1
12 39 1
13 38 1
13 37 1
13 36 1
14 35 1
14 34 1
15 33 1
15 32 1
16 31 1
16 30 1
17 29 1
18 28 1
18 27 1
19 26 1
20 25 1
21 24 1
22 23 1
23 22 1
23 21 1
24 20 1
25 20 1
26 19 1
27 18 1
28 17 1
29 17 1
30 16 1
31 15 1
32 15 1
33 14 1
34 13 1
35 13 1
36 12 1
37 11 1
38 11 1
39 10 1
40 10 1
41 9 1
42 9 1
43 8 1
44 8 1
45 7 1
46 7 1
47 6 1
48 6 1
49 6 1
50 5 1
51 5 1
52 4 1
53 4 1
54 4 1
55 3 1
56 3 1
57 3 1
58 3 1
59 3 1
60 3 1
61 3 1
62 2 1
63 2 1
64 2 1
65 2 1
66 1 1
67 1 1
68 1 1
69 1 1
70 1 1
71 1 1
72 2 1
73 2 1
74 2 1
75 2 1
76 2 1
77 3 1
78 3 1
79 3 1
80 3 1
81 4 1
82 4 1
83 5 1
84 5 1
85 6 1
86 6 1
87 7 1
88 8 1
89 9 1
90 10 1
91 11 1
92 12 1
93 13 1
93 14 1
94 15 1
94 16 1
94 17 1
95 18 1
95 19 1
95 20 1
95 21 1
95 22 1
95 23 1
95 24 1
95 25 1
94 26 1
94 27 1
94 28 1
94 29 1
94 30 1
94 31 1
93 32 1
93 33 1
92 34 1
91 35 1
89 35 1
88 35 1
87 34 1
86 34 1
85 34 1
84 33 1
83 33 1
82 33 1
81 33 1
80 33 1
79 33 1
78 34 1
77 34 1
76 34 1
75 34 1
74 34 1
73 35 1
72 35 1
71 36 1
70 36 1
69 36 1
68 37 1
67 37 1
66 38 1
65 38 1
64 38 1
63 39 1
62 39 1
61 40 1
60 40 1
59 41 1
58 41 1
57 42 1
56 43 1
55 43 1
54 44 1
53 45 1
52 45 1
51 46 1
50 47 1
49 47 1
48 48 1
47 49 1
47 50 1
46 51 1
45 52 1
44 53 1
44 54 1
43 55 1
42 56 1
42 57 1
42 58 1
42 59 1
42 60 1
43 61 1
43 62 1
42 65 1
41 66 1
40 67 1
40 68 1
39 69 1
38 70 1
38 71 1
37 72 1
37 73 1
36 74 1
36 75 1
36 76 1
36 77 1
36 78 1
36 79 1
37 80 1
38 81 1
39 82 1
40 82 1
41 82 1
42 83 1
43 83 1
44 83 1
45 83 1
46 83 1
47 83 1
48 83 1
49 83 1
50 83 1
51 82 1
52 82 1
53 82 1
54 82 1
55 81 1
56 81 1
57 81 1
58 81 1
59 81 1
60 81 1
61 81 1
62 80 1
63 80 1
64 80 1
65 79 1
66 79 1
67 79 1
68 78 1
69 78 1
70 78 1
71 78 1
72 78 1
73 77 1
74 77 1
75 77 1
76 77 1
77 76 1
78 76 1
79 76 1
80 76 1
81 75 1
82 75 1
83 75 1
84 75 1
85 75 1
86 75 1
87 75 1
88 75 1
89 75 1
90 76 1
90 77 1
89 78 1
89 79 1
88 80 1
87 81 1
86 82 1
85 83 1
84 84 1
83 85 1
82 85 1
81 86 1
80 87 1
79 87 1
78 88 1
77 89 1
76 89 1
75 90 1
74 91 1
.PEN_UP
.PEN_DOWN
43 63 1
45 63 1
46 63 1
47 63 1
48 64 1
49 64 1
50 64 1
51 65 1
52 66 1
53 67 1
54 68 1
55 68 1
56 69 1
57 70 1
58 70 1
59 70 1
60 71 1
61 71 1
62 71 1
.PEN_UP
.PEN_DOWN
90 35 1
91 37 1
91 38 1
92 39 1
93 40 1
93 41 1
93 42 1
94 43 1
94 44 1
94 45 1
94 46 1
94 47 1
94 48 1
93 49 1
93 50 1
93 51 1
92 52 1
92 53 1
92 54 1
91 55 1
91 56 1
90 57 1
89 58 1
.PEN_UP
.PEN_DOWN
70 71 1
71 71 1
72 72 1
73 72 1
74 71 1
75 70 1
76 70 1
77 70 1
78 69 1
79 68 1
80 68 1
81 67 1
82 66 1
83 66 1
84 65 1
85 64 1
86 63 1
86 62 1
.PEN_UP
.PEN_DOWN
39 111 1
40 110 1
41 110 1
42 109 1
43 108 1
44 108 1
45 108 1
46 107 1
47 107 1
48 106 1
49 106 1
50 106 1
51 105 1
52 105 1
53 104 1
54 104 1
55 104 1
56 103 1
57 103 1
58 102 1
59 101 1
60 101 1
61 101 1
62 101 1
63 100 1
64 100 1
65 100 1
66 100 1
67 99 1
68 99 1
69 99 1
70 99 1
71 99 1
72 98 1
73 98 1
74 98 1
75 98 1
76 98 1
77 98 1
78 97 1
79 97 1
80 97 1
81 97 1
82 97 1
83 97 1
84 96 1
85 96 1
86 96 1
87 96 1
88 96 1
89 97 1
90 97 1
91 97 1
92 98 1
93 99 1
93 100 1
92 101 1
92 102 1
91 103 1
90 104 1
89 105 1
88 106 1
87 107 1
86 108 1
85 109 1
84 109 1
83 109 1
82 110 1
81 111 1
80 111 1
79 112 1
78 112 1
77 113 1
77 114 1
77 115 1
76 116 1
74 117 1
73 117 1
72 118 1
71 118 1
70 118 1
69 118 1
68 119 1
67 119 1
66 119 1
65 120 1
64 120 1
63 120 1
62 121 1
61 121 1
60 122 1
59 122 1
58 122 1
57 123 1
56 123 1
55 123 1
54 124 1
53 124 1
52 124 1
51 125 1
50 125 1
49 125 1
48 125 1
47 126 1
46 126 1
45 126 1
44 127 1
.PEN_UP
.PEN_DOWN
75 117 1
78 117 1
79 117 1
80 117 1
81 117 1
82 117 1
83 117 1
84 117 1
85 117 1
86 117 1
87 117 1
88 118 1
89 118 1
90 119 1
91 120 1
92 121 1
92 122 1
92 123 1
92 124 1
92 125 1
91 126 1
90 127 1
89 128 1
88 129 1
87 130 1
87 131 1
86 132 1
.PEN_UP
.PEN_DOWN
48 149 1
49 149 1
50 148 1
51 148 1
52 148 1
53 147 1
54 147 1
55 147 1
56 147 1
57 146 1
58 146 1
59 145 1
60 145 1
61 145 1
62 145 1
63 144 1
64 144 1
65 143 1
66 143 1
67 143 1
68 143 1
69 142 1
70 142 1
71 141 1
72 141 1
73 140 1
74 140 1
75 140 1
76 140 1
77 140 1
78 140 1
81 140 1
82 140 1
83 140 1
84 140 1
85 140 1
86 140 1
87 140 1
88 140 1
89 140 1
90 141 1
91 141 1
92 142 1
93 143 1
93 144 1
93 145 1
93 146 1
93 147 1
93 148 1
92 149 1
91 150 1
91 151 1
90 152 1
89 153 1
89 154 1
88 155 1
87 156 1
86 157 1
85 158 1
84 159 1
83 160 1
83 161 1
83 162 1
81 163 1
80 163 1
79 163 1
78 163 1
77 164 1
76 165 1
75 165 1
74 165 1
73 165 1
72 166 1
71 166 1
70 167 1
69 167 1
68 167 1
67 168 1
66 168 1
65 168 1
64 168 1
63 169 1
62 169 1
61 169 1
60 169 1
59 169 1
58 170 1
57 170 1
56 171 1
55 171 1
54 172 1
53 172 1
.PEN_UP
.PEN_DOWN
82 163 1
85 163 1
86 163 1
87 163 1
88 163 1
89 163 1
90 163 1
91 163 1
92 163 1
93 164 1
94 165 1
95 165 1
96 166 1
97 167 1
97 168 1
97 169 1
97 170 1
97 171 1
97 172 1
96 173 1
96 174 1
95 175 1
94 176 1
94 177 1
93 178 1
92 179 1
92 180 1
91 181 1
91 182 1
.PEN_UP
.PEN_DOWN
79 139 1
79 138 1
80 137 1
80 136 1
81 135 1
.PEN_UP
.PEN_DOWN
86 185 1
85 186 1
85 187 1
84 188 1
83 188 1
82 189 1
81 190 1
.PEN_UP
.PEN_DOWN
50 204 1
51 204 1
52 203 1
53 203 1
54 203 1
55 202 1
56 202 1
57 202 1
58 202 1
59 202 1
60 201 1
61 201 1
62 201 1
63 201 1
64 200 1
65 200 1
66 200 1
67 199 1
68 199 1
69 199 1
70 198 1
71 198 1
72 198 1
73 198 1
74 197 1
75 197 1
76 197 1
77 197 1
78 197 1
79 197 1
80 197 1
81 197 1
82 197 1
83 196 1
84 196 1
85 196 1
86 196 1
87 196 1
88 197 1
89 198 1
90 199 1
90 200 1
90 201 1
90 202 1
89 203 1
88 204 1
87 205 1
86 206 1
85 207 1
84 208 1
83 209 1
82 209 1
81 210 1
80 210 1
79 211 1
78 211 1
77 212 1
.PEN_UP
.PEN_DOWN
25 228 1
25 229 1
25 230 1
26 231 1
27 232 1
28 232 1
29 233 1
.PEN_UP
.PEN_DOWN
56 226 1
57 225 1
58 225 1
59 224 1
60 224 1
61 224 1
62 223 1
63 223 1
64 223 1
65 222 1
66 222 1
67 222 1
68 222 1
69 222 1
70 222 1
71 222 1
72 221 1
73 221 1
74 221 1
75 221 1
76 220 1
77 220 1
78 220 1
79 220 1
80 220 1
81 220 1
82 220 1
83 220 1
84 220 1
85 220 1
86 220 1
87 221 1
88 221 1
.PEN_UP
.PEN_DOWN
69 244 1
68 244 1
67 243 1
66 243 1
65 242 1
64 242 1
63 242 1
62 242 1
61 242 1
60 242 1
59 241 1
58 241 1
57 241 1
56 241 1
55 241 1
54 241 1
53 241 1
52 242 1
52 243 1
52 244 1
51 245 1
51 246 1
51 247 1
51 248 1
51 249 1
51 250 1
51 251 1
51 252 1
52 253 1
52 254 1
50 256 1
49 256 1
48 256 1
47 257 1
46 257 1
45 257 1
44 258 1
43 258 1
42 258 1
41 258 1
40 258 1
39 258 1
38 259 1
37 259 1
36 259 1
35 260 1
34 260 1
33 260 1
32 260 1
31 261 1
30 261 1
29 261 1
28 262 1
27 262 1
26 262 1
25 263 1
24 263 1
23 263 1
22 264 1
21 264 1
20 264 1
19 264 1
18 264 1
17 265 1
16 265 1
15 265 1
14 265 1
13 266 1
12 266 1
11 266 1
10 266 1
9 267 1
8 267 1
7 267 1
6 267 1
5 268 1
4 268 1
3 269 1
2 269 1
1 269 1
.PEN_UP
.PEN_DOWN
52 255 1
55 254 1
56 254 1
57 254 1
58 254 1
59 254 1
60 254 1
61 253 1
62 253 1
63 253 1
64 252 1
65 252 1
66 252 1
67 252 1
68 251 1
69 251 1
70 251 1
71 251 1
72 251 1
73 251 1
74 250 1
75 250 1
76 249 1
77 249 1
78 249 1
79 248 1
80 248 1
81 248 1
82 248 1
83 247 1
84 247 1
85 246 1
86 246 1
87 246 1
88 246 1
89 246 1
90 246 1
91 245 1
.PEN_UP
.PEN_DOWN
53 255 1
53 258 1
53 259 1
53 260 1
53 261 1
53 262 1
53 263 1
53 264 1
55 264 1
56 264 1
57 264 1
58 264 1
59 264 1
60 263 1
61 263 1
62 263 1
63 263 1
64 262 1
65 262 1
66 262 1
67 262 1
68 262 1
69 261 1
70 261 1
71 261 1
72 261 1
73 261 1
74 260 1
75 260 1
76 260 1
77 259 1
78 259 1
79 259 1
80 259 1
81 259 1
82 258 1
83 258 1
84 258 1
85 258 1
86 258 1
87 257 1
88 257 1
89 257 1
.PEN_UP
.PEN_DOWN
52 265 1
51 265 1
50 266 1
49 266 1
48 266 1
47 266 1
46 267 1
45 267 1
44 267 1
43 267 1
42 267 1
41 268 1
40 268 1
39 268 1
38 268 1
37 269 1
36 269 1
35 269 1
34 269 1
33 270 1
32 270 1
31 270 1
30 271 1
29 271 1
28 272 1
27 272 1
26 272 1
25 272 1
24 273 1
23 273 1
22 273 1
21 274 1
20 274 1
19 274 1
18 275 1
17 275 1
16 275 1
15 275 1
14 276 1
13 276 1
12 277 1
11 277 1
10 277 1
9 278 1
8 279 1
.PEN_UP
.PEN_DOWN
53 265 1
54 267 1
54 268 1
54 269 1
54 270 1
.PEN_UP
.PEN_DOWN
59 320 1
60 319 1
61 319 1
62 318 1
63 317 1
64 317 1
65 316 1
66 316 1
67 315 1
68 315 1
69 315 1
70 315 1
71 314 1
72 314 1
73 314 1
74 314 1
75 313 1
76 313 1
77 313 1
78 313 1
79 313 1
80 313 1
81 313 1
82 313 1
83 313 1
84 314 1
84 316 1
84 317 1
84 318 1
83 319 1
82 320 1
82 321 1
81 322 1
80 323 1
79 324 1
79 325 1
78 326 1
77 327 1
76 328 1
75 329 1
74 330 1
73 331 1
72 332 1
71 333 1
70 334 1
69 334 1
68 335 1
67 336 1
66 336 1
65 336 1
64 337 1
63 337 1
62 337 1
61 337 1
60 337 1
59 337 1
58 337 1
57 336 1
56 335 1
55 334 1
55 333 1
54 332 1
54 331 1
54 330 1
54 329 1
55 328 1
55 327 1
56 326 1
57 325 1
.PEN_UP
.PEN_DOWN
85 314 1
89 315 1
90 316 1
91 317 1
92 318 1
93 319 1
94 320 1
95 321 1
95 322 1
95 323 1
96 324 1
96 325 1
96 326 1
96 327 1
96 328 1
96 329 1
96 330 1
96 331 1
96 332 1
96 333 1
96 334 1
96 335 1
95 336 1
95 337 1
95 338 1
95 339 1
95 340 1
94 341 1
94 342 1
93 343 1
93 344 1
93 345 1
92 346 1
91 347 1
91 348 1
91 349 1
90 350 1
90 351 1
.PEN_UP
.PEN_DOWN
86 314 1
88 312 1
88 311 1
89 310 1
89 309 1
89 308 1
90 307 1
91 306 1
91 305 1
92 304 1
92 303 1
92 302 1
93 301 1
93 300 1
93 299 1
94 298 1
94 297 1
94 296 1
94 295 1
94 294 1
94 293 1
94 292 1
94 291 1
94 290 1
94 289 1
94 288 1
94 287 1
94 286 1
94 285 1
93 284 1
93 283 1
92 282 1
92 281 1
91 280 1
90 279 1
89 278 1
88 277 1
87 277 1
86 276 1
85 276 1
84 275 1
83 275 1
82 275 1
81 275 1
80 275 1
77 274 1
76 274 1
75 274 1
74 274 1
73 274 1
72 275 1
71 275 1
70 276 1
69 276 1
68 276 1
67 277 1
66 277 1
65 278 1
64 278 1
63 279 1
62 280 1
61 281 1
61 282 1
60 283 1
59 284 1
58 285 1
57 286 1
56 287 1
55 288 1
55 289 1
55 290 1
54 291 1
54 292 1
54 293 1
53 294 1
53 295 1
53 296 1
52 297 1
52 298 1
52 299 1
52 300 1
52 301 1
52 302 1
53 303 1
54 304 1
55 305 1
56 306 1
57 307 1
58 308 1
59 308 1
60 308 1
61 308 1
62 308 1
63 307 1
64 307 1
65 306 1
66 305 1
67 304 1
68 303 1
69 302 1
70 301 1
70 300 1
71 299 1
72 298 1
73 297 1
73 296 1
74 295 1
74 294 1
75 293 1
75 292 1
76 291 1
76 290 1
77 289 1
77 288 1
77 287 1
77 286 1
78 285 1
78 284 1
78 283 1
78 282 1
78 281 1
78 280 1
78 279 1
78 278 1
78 277 1
79 276 1
.PEN_UP
