.PEN_DOWN
12 5 1
13 5 1
14 4 1
15 4 1
16 4 1
17 3 1
18 3 1
19 2 1
20 2 1
21 2 1
22 2 1
23 1 1
24 1 1
25 1 1
26 1 1
27 1 1
28 1 1
29 1 1
30 1 1
31 2 1
31 3 1
31 4 1
31 5 1
30 6 1
30 7 1
30 8 1
30 9 1
29 10 1
29 11 1
29 12 1
28 13 1
28 14 1
27 15 1
27 16 1
27 17 1
28 18 1
29 19 1
30 20 1
31 20 1
32 21 1
33 22 1
33 23 1
33 24 1
33 25 1
33 26 1
33 27 1
33 28 1
32 29 1
31 30 1
30 30 1
29 31 1
28 31 1
27 31 1
26 31 1
25 31 1
24 31 1
23 31 1
22 31 1
21 31 1
20 32 1
19 32 1
18 32 1
17 32 1
16 32 1
15 33 1
14 34 1
13 35 1
.PEN_UP
.PEN_DOWN
15 59 1
14 60 1
13 60 1
12 60 1
11 61 1
10 61 1
9 60 1
9 59 1
10 58 1
10 57 1
10 56 1
11 55 1
12 54 1
13 53 1
14 52 1
15 52 1
16 51 1
17 50 1
18 50 1
19 49 1
20 48 1
21 48 1
22 48 1
23 47 1
24 47 1
25 48 1
26 49 1
26 50 1
26 51 1
27 52 1
27 53 1
27 54 1
27 55 1
27 56 1
27 57 1
28 58 1
28 59 1
29 60 1
29 61 1
30 62 1
31 63 1
32 64 1
32 65 1
.PEN_UP
.PEN_DOWN
21 85 1
22 86 1
23 87 1
24 88 1
25 89 1
25 90 1
25 91 1
26 92 1
26 93 1
24 94 1
23 94 1
22 94 1
21 94 1
20 94 1
19 94 1
18 95 1
17 95 1
16 95 1
15 95 1
14 95 1
13 95 1
12 96 1
11 96 1
10 96 1
9 96 1
8 96 1
7 97 1
6 97 1
5 97 1
4 98 1
3 99 1
2 100 1
1 101 1
1 102 1
1 103 1
1 104 1
2 105 1
3 106 1
4 106 1
5 106 1
6 106 1
7 106 1
8 106 1
9 105 1
.PEN_UP
