.PEN_DOWN
48 11 1
48 12 1
49 13 1
49 14 1
48 15 1
48 16 1
48 17 1
47 18 1
47 19 1
46 20 1
45 21 1
44 22 1
43 22 1
42 22 1
41 22 1
40 22 1
39 22 1
38 21 1
37 20 1
37 19 1
37 18 1
37 17 1
37 16 1
37 15 1
37 14 1
38 13 1
38 12 1
38 11 1
39 10 1
39 9 1
39 8 1
40 7 1
41 6 1
42 5 1
43 4 1
44 3 1
45 3 1
46 3 1
47 2 1
48 2 1
49 2 1
50 2 1
51 1 1
52 1 1
53 2 1
54 2 1
55 2 1
56 3 1
57 3 1
58 3 1
59 4 1
60 5 1
61 5 1
62 6 1
63 7 1
64 8 1
65 9 1
65 10 1
66 11 1
67 12 1
67 13 1
67 14 1
68 15 1
68 16 1
68 17 1
69 18 1
69 19 1
69 20 1
69 21 1
68 22 1
68 23 1
68 24 1
68 25 1
68 26 1
67 27 1
67 28 1
67 29 1
66 30 1
66 31 1
65 32 1
64 33 1
64 34 1
64 35 1
63 36 1
62 36 1
61 37 1
60 38 1
59 39 1
58 39 1
57 40 1
.PEN_UP
.PEN_DOWN
1 53 1
2 53 1
3 54 1
4 54 1
5 54 1
6 53 1
7 53 1
8 53 1
9 53 1
10 53 1
11 53 1
12 53 1
13 52 1
14 52 1
15 52 1
16 52 1
17 52 1
18 51 1
19 51 1
20 51 1
21 51 1
22 51 1
23 50 1
24 50 1
25 50 1
26 50 1
27 49 1
28 49 1
29 49 1
30 49 1
31 49 1
32 49 1
33 49 1
34 49 1
35 49 1
36 49 1
37 49 1
38 49 1
39 49 1
40 49 1
41 49 1
42 49 1
43 49 1
44 48 1
45 48 1
46 48 1
47 48 1
48 48 1
49 48 1
50 48 1
51 48 1
52 48 1
53 48 1
54 47 1
55 47 1
56 47 1
57 47 1
58 47 1
59 47 1
60 47 1
61 47 1
.PEN_UP
.PEN_DOWN
58 83 1
59 82 1
60 81 1
61 80 1
62 79 1
62 78 1
62 77 1
63 76 1
63 75 1
63 74 1
63 73 1
63 72 1
63 71 1
63 70 1
63 69 1
62 68 1
62 67 1
62 66 1
61 65 1
60 64 1
59 63 1
58 62 1
57 62 1
56 62 1
55 62 1
54 62 1
53 61 1
52 61 1
51 62 1
50 63 1
47 63 1
46 63 1
45 63 1
44 63 1
43 63 1
42 64 1
41 64 1
40 64 1
39 65 1
38 66 1
37 67 1
37 68 1
37 69 1
36 70 1
36 71 1
36 72 1
36 73 1
37 74 1
38 75 1
39 75 1
40 75 1
41 75 1
42 74 1
43 74 1
44 74 1
45 73 1
46 72 1
46 71 1
47 70 1
48 69 1
48 68 1
49 67 1
49 66 1
49 65 1
49 64 1
.PEN_UP
.PEN_DOWN
41 99 1
42 99 1
43 100 1
44 101 1
45 102 1
47 102 1
48 102 1
49 102 1
50 102 1
51 101 1
52 101 1
53 101 1
54 101 1
55 101 1
56 101 1
57 100 1
58 100 1
59 99 1
60 99 1
61 98 1
62 98 1
63 98 1
.PEN_UP
.PEN_DOWN
46 102 1
44 104 1
44 105 1
43 106 1
42 107 1
41 107 1
40 108 1
39 109 1
38 110 1
38 111 1
37 112 1
37 113 1
36 114 1
36 115 1
36 116 1
36 117 1
36 118 1
36 119 1
37 120 1
37 121 1
38 122 1
39 123 1
40 124 1
41 124 1
42 124 1
43 124 1
44 125 1
45 126 1
47 126 1
48 126 1
49 126 1
50 126 1
51 125 1
52 125 1
53 125 1
54 124 1
55 124 1
56 123 1
57 123 1
58 124 1
59 124 1
.PEN_UP
.PEN_DOWN
46 126 1
45 128 1
44 129 1
44 130 1
43 131 1
43 132 1
42 133 1
41 134 1
40 135 1
39 136 1
39 137 1
39 138 1
39 139 1
39 140 1
39 141 1
39 142 1
40 143 1
40 144 1
41 145 1
42 146 1
43 146 1
44 147 1
45 147 1
46 148 1
47 148 1
48 148 1
49 148 1
50 148 1
51 148 1
52 148 1
53 148 1
54 148 1
55 148 1
56 148 1
57 148 1
58 148 1
59 148 1
60 148 1
61 148 1
62 149 1
63 149 1
.PEN_UP
.PEN_DOWN
61 196 1
61 195 1
62 194 1
62 193 1
63 192 1
63 191 1
64 190 1
64 189 1
64 188 1
64 187 1
65 186 1
65 185 1
65 184 1
65 183 1
65 182 1
65 181 1
65 180 1
65 179 1
65 178 1
65 177 1
65 176 1
64 175 1
64 174 1
63 173 1
63 172 1
63 171 1
62 170 1
62 169 1
61 168 1
60 167 1
59 167 1
58 167 1
57 167 1
56 167 1
55 167 1
54 167 1
53 167 1
52 167 1
51 168 1
49 169 1
48 169 1
47 169 1
46 169 1
45 169 1
44 170 1
43 170 1
42 171 1
41 172 1
40 173 1
39 174 1
38 175 1
38 176 1
37 177 1
37 178 1
37 179 1
37 180 1
38 181 1
39 182 1
40 182 1
41 182 1
42 182 1
43 182 1
44 181 1
45 181 1
46 181 1
47 180 1
47 179 1
48 178 1
49 177 1
49 176 1
50 175 1
50 174 1
50 173 1
50 172 1
51 171 1
51 170 1
.PEN_UP
.PEN_DOWN
64 203 1
63 203 1
62 203 1
61 204 1
60 204 1
59 205 1
58 205 1
57 205 1
56 206 1
55 206 1
54 206 1
53 207 1
52 208 1
51 208 1
50 208 1
49 209 1
48 209 1
47 209 1
46 209 1
45 210 1
44 211 1
43 212 1
43 213 1
42 214 1
42 215 1
41 216 1
40 217 1
40 218 1
39 219 1
39 220 1
39 221 1
38 222 1
38 223 1
38 224 1
38 225 1
38 226 1
38 227 1
39 228 1
39 229 1
40 230 1
41 231 1
42 232 1
43 232 1
44 233 1
45 233 1
46 234 1
47 234 1
48 234 1
49 234 1
50 234 1
51 234 1
52 234 1
53 234 1
54 234 1
55 234 1
56 234 1
57 234 1
58 234 1
59 234 1
60 234 1
61 233 1
62 233 1
63 233 1
64 234 1
65 234 1
.PEN_UP
.PEN_DOWN
32 248 1
32 249 1
32 250 1
32 251 1
32 252 1
32 253 1
32 254 1
32 255 1
32 256 1
32 257 1
31 259 1
30 259 1
29 259 1
28 259 1
27 259 1
26 259 1
25 259 1
24 260 1
23 260 1
22 260 1
21 260 1
20 260 1
19 261 1
18 261 1
17 261 1
16 261 1
15 261 1
14 261 1
13 261 1
12 261 1
11 261 1
10 261 1
9 261 1
8 261 1
7 261 1
6 261 1
.PEN_UP
.PEN_DOWN
32 258 1
34 258 1
35 259 1
36 259 1
37 260 1
39 260 1
40 259 1
41 259 1
42 259 1
43 258 1
44 258 1
45 258 1
46 258 1
47 258 1
48 257 1
49 257 1
50 257 1
51 257 1
52 256 1
53 256 1
54 256 1
55 256 1
56 257 1
57 257 1
58 257 1
.PEN_UP
.PEN_DOWN
38 260 1
37 262 1
37 263 1
37 264 1
.PEN_UP
.PEN_DOWN
60 294 1
59 294 1
58 294 1
57 294 1
56 293 1
54 293 1
53 294 1
52 294 1
51 294 1
50 295 1
49 295 1
48 295 1
47 295 1
46 295 1
45 295 1
44 296 1
43 296 1
42 296 1
41 296 1
40 297 1
39 297 1
38 297 1
37 297 1
36 297 1
35 297 1
34 296 1
34 295 1
34 294 1
34 293 1
34 292 1
34 291 1
34 290 1
34 289 1
34 288 1
35 287 1
35 286 1
35 285 1
36 284 1
36 283 1
36 282 1
37 281 1
38 280 1
38 279 1
39 278 1
40 277 1
41 276 1
42 276 1
43 275 1
44 274 1
45 274 1
46 273 1
47 273 1
48 272 1
49 272 1
50 272 1
51 272 1
52 272 1
53 272 1
54 272 1
55 272 1
56 272 1
57 272 1
58 273 1
59 274 1
60 275 1
60 276 1
61 277 1
61 278 1
61 279 1
61 280 1
61 281 1
60 282 1
60 283 1
59 284 1
59 285 1
58 286 1
58 287 1
58 288 1
57 289 1
57 290 1
57 291 1
56 292 1
.PEN_UP
.PEN_DOWN
38 310 1
38 311 1
39 312 1
39 313 1
40 314 1
41 315 1
43 315 1
44 315 1
45 315 1
46 315 1
47 315 1
48 315 1
49 315 1
50 314 1
51 314 1
52 314 1
53 314 1
54 314 1
55 314 1
56 314 1
57 314 1
58 313 1
59 313 1
60 313 1
61 314 1
62 314 1
.PEN_UP
.PEN_DOWN
42 315 1
40 317 1
40 318 1
39 319 1
38 320 1
38 321 1
37 322 1
38 323 1
38 324 1
38 325 1
39 326 1
39 327 1
39 328 1
40 329 1
41 330 1
.PEN_UP
.PEN_DOWN
39 343 1
40 343 1
41 344 1
42 344 1
43 344 1
44 344 1
45 343 1
46 343 1
47 343 1
48 343 1
49 343 1
50 343 1
51 343 1
52 343 1
53 343 1
54 343 1
55 343 1
56 344 1
55 347 1
55 348 1
55 349 1
54 350 1
54 351 1
53 352 1
52 353 1
51 353 1
50 354 1
49 355 1
48 356 1
47 356 1
46 357 1
45 358 1
45 359 1
44 360 1
42 361 1
41 361 1
40 361 1
39 361 1
38 362 1
.PEN_UP
.PEN_DOWN
43 361 1
45 363 1
46 364 1
47 364 1
48 365 1
49 365 1
50 366 1
51 366 1
52 366 1
53 367 1
54 367 1
55 368 1
56 368 1
57 368 1
58 369 1
59 369 1
60 369 1
61 370 1
62 370 1
63 370 1
64 370 1
65 371 1
66 371 1
67 371 1
68 371 1
69 371 1
70 372 1
71 372 1
72 372 1
73 372 1
74 372 1
75 372 1
76 372 1
77 372 1
78 372 1
79 372 1
80 372 1
81 372 1
82 372 1
83 372 1
84 372 1
85 372 1
86 372 1
87 372 1
88 372 1
89 371 1
90 371 1
91 370 1
92 369 1
92 368 1
92 367 1
92 366 1
91 365 1
91 364 1
90 363 1
89 362 1
88 361 1
87 360 1
86 359 1
85 359 1
84 358 1
83 357 1
82 357 1
81 357 1
80 357 1
.PEN_UP
