.PEN_DOWN
5 16 1
6 15 1
7 15 1
8 15 1
9 14 1
10 14 1
11 13 1
12 13 1
13 12 1
14 12 1
15 11 1
16 11 1
17 10 1
18 9 1
19 9 1
20 9 1
21 8 1
22 8 1
23 8 1
24 8 1
26 7 1
27 6 1
28 5 1
29 5 1
30 4 1
31 3 1
32 3 1
33 2 1
34 1 1
35 1 1
36 1 1
.PEN_UP
.PEN_DOWN
25 8 1
25 10 1
24 11 1
24 12 1
24 13 1
24 14 1
23 15 1
23 16 1
23 17 1
25 17 1
26 17 1
27 17 1
28 17 1
29 17 1
30 16 1
31 16 1
32 16 1
33 17 1
34 18 1
35 19 1
35 20 1
35 21 1
35 22 1
34 23 1
34 24 1
34 25 1
34 26 1
34 27 1
34 28 1
34 31 1
34 32 1
34 33 1
34 34 1
34 35 1
33 36 1
31 35 1
30 35 1
29 34 1
28 33 1
29 31 1
30 30 1
31 30 1
32 30 1
33 29 1
.PEN_UP
.PEN_DOWN
28 32 1
26 33 1
25 34 1
24 34 1
23 34 1
22 35 1
21 36 1
20 37 1
19 38 1
18 39 1
18 40 1
17 41 1
17 42 1
17 43 1
18 44 1
19 44 1
20 44 1
21 45 1
24 44 1
25 44 1
26 44 1
27 43 1
28 42 1
29 41 1
30 41 1
31 40 1
32 40 1
35 41 1
35 42 1
35 43 1
35 44 1
35 45 1
35 46 1
35 47 1
34 48 1
34 49 1
33 50 1
33 51 1
32 52 1
31 53 1
31 54 1
30 55 1
30 56 1
30 57 1
30 58 1
29 59 1
29 60 1
29 61 1
29 62 1
27 63 1
26 64 1
25 64 1
24 64 1
23 64 1
22 65 1
21 65 1
20 66 1
19 66 1
18 67 1
17 67 1
16 68 1
15 69 1
14 69 1
13 70 1
12 70 1
11 70 1
10 71 1
9 72 1
8 73 1
7 73 1
6 74 1
6 75 1
5 76 1
3 78 1
2 78 1
1 79 1
1 80 1
.PEN_UP
.PEN_DOWN
4 77 1
7 77 1
8 77 1
9 77 1
10 76 1
10 75 1
10 74 1
10 73 1
.PEN_UP
.PEN_DOWN
28 63 1
30 64 1
30 65 1
30 66 1
30 67 1
30 68 1
29 69 1
29 70 1
29 71 1
29 72 1
28 73 1
28 74 1
27 75 1
.PEN_UP
.PEN_DOWN
22 44 1
20 46 1
20 47 1
19 48 1
19 49 1
18 50 1
.PEN_UP
.PEN_DOWN
22 43 1
23 42 1
23 41 1
24 40 1
.PEN_UP
.PEN_DOWN
36 78 1
35 79 1
34 79 1
33 80 1
32 81 1
31 81 1
30 82 1
29 83 1
29 84 1
28 85 1
27 85 1
26 86 1
25 86 1
24 86 1
23 86 1
22 87 1
21 87 1
.PEN_UP
.PEN_DOWN
29 86 1
29 87 1
30 88 1
30 89 1
30 90 1
30 91 1
30 92 1
31 93 1
33 94 1
34 94 1
35 94 1
36 94 1
37 94 1
38 95 1
39 96 1
40 97 1
40 98 1
40 99 1
40 100 1
40 101 1
40 102 1
39 103 1
39 104 1
39 105 1
39 106 1
38 107 1
38 108 1
38 109 1
38 110 1
37 112 1
36 112 1
35 113 1
34 114 1
33 115 1
32 116 1
31 116 1
30 117 1
29 117 1
28 118 1
27 118 1
26 119 1
25 120 1
24 121 1
23 122 1
22 123 1
21 124 1
20 125 1
19 126 1
19 127 1
19 128 1
19 129 1
20 130 1
21 130 1
22 130 1
.PEN_UP
.PEN_DOWN
38 111 1
40 111 1
41 111 1
42 112 1
43 113 1
44 114 1
44 115 1
44 116 1
44 117 1
44 118 1
44 119 1
44 120 1
43 121 1
43 122 1
42 123 1
41 124 1
41 125 1
41 126 1
40 127 1
39 128 1
38 129 1
38 130 1
37 131 1
37 132 1
36 133 1
35 134 1
35 135 1
35 136 1
34 137 1
33 137 1
32 138 1
31 138 1
30 138 1
29 138 1
28 138 1
25 139 1
24 139 1
23 139 1
22 139 1
21 139 1
20 139 1
19 139 1
18 140 1
17 140 1
16 141 1
15 142 1
14 142 1
13 143 1
12 144 1
11 145 1
10 145 1
9 146 1
8 147 1
7 148 1
7 149 1
7 150 1
5 154 1
4 154 1
3 155 1
.PEN_UP
.PEN_DOWN
7 151 1
11 153 1
12 153 1
13 153 1
14 152 1
15 151 1
16 151 1
17 150 1
18 150 1
19 149 1
20 148 1
21 148 1
22 147 1
23 146 1
24 145 1
25 144 1
26 143 1
26 142 1
27 141 1
27 140 1
27 139 1
.PEN_UP
.PEN_DOWN
35 138 1
36 138 1
37 138 1
38 138 1
39 139 1
40 139 1
.PEN_UP
.PEN_DOWN
31 94 1
30 95 1
29 96 1
28 97 1
27 98 1
26 99 1
25 100 1
24 101 1
23 102 1
22 103 1
.PEN_UP
.PEN_DOWN
30 123 1
29 124 1
28 125 1
27 126 1
26 127 1
.PEN_UP
