.PEN_DOWN
1 28 1
2 27 1
3 26 1
4 26 1
5 26 1
6 25 1
7 25 1
8 25 1
9 25 1
10 25 1
11 25 1
12 26 1
13 26 1
14 27 1
15 28 1
16 29 1
16 30 1
16 31 1
16 32 1
17 33 1
17 34 1
17 35 1
17 36 1
17 37 1
16 38 1
15 39 1
14 39 1
13 39 1
12 39 1
11 39 1
10 39 1
.PEN_UP
.PEN_DOWN
17 39 1
18 39 1
19 39 1
20 39 1
21 39 1
22 40 1
23 41 1
23 42 1
24 43 1
26 43 1
27 43 1
28 43 1
29 43 1
30 43 1
32 45 1
33 46 1
34 47 1
35 48 1
36 49 1
37 50 1
38 51 1
38 52 1
38 53 1
39 54 1
38 55 1
38 56 1
38 57 1
38 58 1
38 59 1
37 60 1
37 61 1
36 62 1
35 63 1
34 63 1
33 63 1
32 64 1
31 64 1
30 64 1
29 64 1
28 64 1
27 64 1
26 64 1
25 63 1
24 63 1
23 62 1
22 62 1
21 62 1
20 61 1
19 60 1
.PEN_UP
.PEN_DOWN
31 42 1
32 41 1
33 40 1
34 40 1
35 39 1
36 39 1
37 39 1
38 39 1
39 38 1
40 38 1
41 38 1
42 37 1
43 37 1
44 36 1
45 36 1
46 35 1
47 34 1
48 33 1
49 32 1
50 31 1
51 30 1
52 30 1
53 29 1
54 28 1
54 27 1
55 26 1
56 25 1
56 24 1
57 23 1
58 22 1
58 21 1
59 20 1
60 19 1
60 18 1
61 17 1
61 16 1
62 15 1
62 14 1
63 13 1
63 12 1
63 11 1
63 10 1
63 9 1
63 8 1
63 7 1
63 6 1
63 5 1
63 4 1
62 3 1
61 2 1
60 1 1
59 1 1
58 1 1
57 1 1
56 1 1
55 1 1
54 1 1
53 1 1
52 1 1
51 1 1
50 1 1
49 1 1
.PEN_UP
.PEN_DOWN
25 43 1
23 45 1
22 46 1
22 47 1
22 48 1
21 49 1
.PEN_UP
.PEN_DOWN
24 74 1
25 75 1
26 76 1
27 76 1
28 77 1
29 77 1
30 78 1
31 79 1
32 80 1
33 81 1
33 82 1
33 83 1
33 84 1
33 85 1
33 86 1
33 87 1
33 88 1
33 89 1
32 90 1
32 91 1
31 92 1
31 93 1
30 94 1
30 95 1
30 96 1
30 97 1
29 98 1
28 98 1
27 98 1
26 99 1
25 99 1
24 99 1
.PEN_UP
.PEN_DOWN
30 99 1
31 99 1
32 100 1
32 101 1
32 102 1
31 103 1
.PEN_UP
