.PEN_DOWN
32 1 1
33 2 1
34 2 1
35 3 1
36 3 1
37 4 1
38 4 1
39 5 1
40 5 1
41 5 1
42 6 1
43 6 1
44 7 1
45 7 1
46 7 1
47 7 1
48 8 1
49 8 1
50 8 1
51 9 1
52 9 1
53 10 1
54 11 1
55 12 1
55 13 1
56 14 1
57 14 1
58 14 1
59 15 1
60 15 1
.PEN_UP
.PEN_DOWN
55 15 1
55 16 1
54 17 1
53 18 1
53 19 1
53 20 1
54 21 1
54 22 1
55 23 1
55 24 1
56 25 1
57 26 1
58 26 1
59 27 1
60 28 1
61 29 1
61 30 1
62 31 1
62 32 1
61 35 1
60 35 1
59 35 1
58 35 1
57 35 1
56 35 1
55 35 1
54 35 1
53 35 1
52 36 1
51 36 1
50 36 1
49 37 1
48 36 1
47 36 1
46 36 1
45 36 1
44 36 1
43 36 1
42 36 1
41 36 1
40 36 1
39 37 1
38 37 1
37 37 1
36 38 1
35 39 1
35 40 1
35 41 1
.PEN_UP
.PEN_DOWN
49 38 1
49 39 1
49 40 1
49 41 1
49 42 1
47 44 1
46 45 1
45 45 1
44 46 1
43 46 1
42 47 1
41 48 1
41 49 1
41 50 1
41 51 1
40 52 1
40 53 1
40 54 1
40 55 1
40 56 1
40 57 1
40 58 1
40 59 1
41 60 1
41 61 1
41 62 1
42 63 1
43 64 1
44 65 1
45 66 1
46 65 1
47 65 1
48 64 1
49 64 1
50 64 1
51 63 1
52 63 1
53 62 1
54 62 1
55 61 1
56 61 1
57 60 1
58 59 1
58 58 1
59 57 1
60 56 1
60 55 1
60 54 1
60 53 1
60 52 1
60 51 1
60 50 1
60 49 1
59 48 1
58 47 1
57 46 1
56 46 1
55 45 1
54 44 1
53 44 1
52 44 1
51 44 1
50 43 1
.PEN_UP
.PEN_DOWN
45 67 1
45 68 1
45 69 1
45 70 1
43 72 1
42 72 1
41 73 1
40 73 1
39 73 1
38 73 1
37 73 1
36 74 1
35 75 1
35 76 1
35 77 1
35 78 1
35 79 1
36 80 1
36 81 1
36 82 1
.PEN_UP
.PEN_DOWN
44 71 1
47 72 1
48 73 1
49 73 1
50 74 1
51 74 1
52 74 1
53 74 1
54 75 1
55 75 1
56 75 1
57 76 1
58 77 1
59 77 1
.PEN_UP
.PEN_DOWN
1 107 1
2 107 1
3 107 1
4 106 1
5 105 1
6 105 1
7 105 1
8 105 1
9 105 1
10 105 1
11 105 1
12 105 1
13 105 1
14 105 1
15 104 1
16 104 1
17 104 1
18 104 1
19 104 1
20 104 1
21 104 1
22 104 1
23 104 1
24 104 1
25 104 1
26 104 1
27 104 1
28 104 1
29 104 1
30 104 1
31 104 1
32 104 1
33 104 1
34 104 1
35 104 1
36 104 1
39 105 1
40 106 1
41 107 1
42 108 1
43 108 1
44 108 1
45 108 1
46 108 1
47 108 1
48 108 1
49 108 1
50 108 1
51 108 1
52 108 1
53 108 1
55 109 1
56 110 1
57 111 1
57 112 1
.PEN_UP
.PEN_DOWN
54 107 1
55 106 1
55 105 1
56 104 1
56 103 1
57 102 1
57 101 1
57 100 1
57 99 1
58 98 1
58 97 1
57 96 1
56 95 1
55 94 1
54 94 1
53 94 1
52 94 1
51 94 1
50 94 1
49 94 1
48 94 1
47 94 1
46 94 1
45 94 1
44 94 1
43 95 1
42 95 1
41 96 1
40 97 1
39 98 1
39 99 1
38 100 1
38 101 1
38 102 1
37 103 1
.PEN_UP
