.PEN_DOWN
7 1 1
7 2 1
7 3 1
8 4 1
9 5 1
10 5 1
11 6 1
12 6 1
13 7 1
14 8 1
15 8 1
16 9 1
17 9 1
18 10 1
19 11 1
20 11 1
21 12 1
22 13 1
23 14 1
24 15 1
24 16 1
24 17 1
24 18 1
24 19 1
21 20 1
20 20 1
19 20 1
18 20 1
17 19 1
16 18 1
15 17 1
14 16 1
13 16 1
12 15 1
11 15 1
10 15 1
9 14 1
8 14 1
7 13 1
6 13 1
5 12 1
4 11 1
3 11 1
2 11 1
1 10 1
.PEN_UP
.PEN_DOWN
23 20 1
22 22 1
23 23 1
23 24 1
23 25 1
23 26 1
23 27 1
24 28 1
24 29 1
24 30 1
24 31 1
25 32 1
25 33 1
25 34 1
25 35 1
25 36 1
25 37 1
25 38 1
25 39 1
25 40 1
24 41 1
23 42 1
22 43 1
20 44 1
19 44 1
18 44 1
17 43 1
16 43 1
15 42 1
14 41 1
13 41 1
12 41 1
11 40 1
10 40 1
9 39 1
8 39 1
7 38 1
6 38 1
.PEN_UP
.PEN_DOWN
21 44 1
22 46 1
22 47 1
23 48 1
24 49 1
25 50 1
26 51 1
27 51 1
28 52 1
29 53 1
.PEN_UP
.PEN_DOWN
8 76 1
9 77 1
10 78 1
11 78 1
12 79 1
13 79 1
14 80 1
17 79 1
18 79 1
19 79 1
20 79 1
21 79 1
22 79 1
23 79 1
24 79 1
25 78 1
26 78 1
27 77 1
28 76 1
28 75 1
28 74 1
28 73 1
28 72 1
28 71 1
28 70 1
28 69 1
28 68 1
28 67 1
28 66 1
27 65 1
27 64 1
27 63 1
26 62 1
26 61 1
25 60 1
24 59 1
23 58 1
22 57 1
21 56 1
20 55 1
19 54 1
18 54 1
17 53 1
16 53 1
15 53 1
14 53 1
13 53 1
12 53 1
11 53 1
10 54 1
9 55 1
9 56 1
9 57 1
9 58 1
8 59 1
8 60 1
8 61 1
8 62 1
8 63 1
8 64 1
9 65 1
9 66 1
10 67 1
11 68 1
11 69 1
12 70 1
13 71 1
13 72 1
14 73 1
14 74 1
14 75 1
15 76 1
15 77 1
15 78 1
.PEN_UP
.PEN_DOWN
15 82 1
15 83 1
14 84 1
13 85 1
12 86 1
11 87 1
10 88 1
10 89 1
10 90 1
10 91 1
10 92 1
10 93 1
10 94 1
10 95 1
11 96 1
11 97 1
11 98 1
11 99 1
11 100 1
11 101 1
12 102 1
14 104 1
15 104 1
16 105 1
18 105 1
19 105 1
20 106 1
21 106 1
22 106 1
23 107 1
24 108 1
25 109 1
26 110 1
26 111 1
27 112 1
28 113 1
28 114 1
28 115 1
28 116 1
29 117 1
29 118 1
29 119 1
29 120 1
30 121 1
30 122 1
30 123 1
30 124 1
30 125 1
31 126 1
31 127 1
31 128 1
31 129 1
31 130 1
31 131 1
31 132 1
31 133 1
31 134 1
31 135 1
.PEN_UP
.PEN_DOWN
17 105 1
16 107 1
16 108 1
16 109 1
16 110 1
16 111 1
16 112 1
16 113 1
16 114 1
16 115 1
16 116 1
15 117 1
15 118 1
14 119 1
13 119 1
12 119 1
11 119 1
10 119 1
9 118 1
8 117 1
7 116 1
7 115 1
7 114 1
7 113 1
6 112 1
6 111 1
6 110 1
6 109 1
6 108 1
7 107 1
8 106 1
9 105 1
10 104 1
11 104 1
12 103 1
.PEN_UP
.PEN_DOWN
16 84 1
17 85 1
18 85 1
19 86 1
20 86 1
21 87 1
22 88 1
23 88 1
24 89 1
25 90 1
26 91 1
.PEN_UP
