.PEN_DOWN
23 1 1
23 2 1
23 3 1
23 4 1
23 5 1
23 6 1
23 7 1
23 8 1
23 9 1
23 10 1
22 11 1
22 12 1
22 13 1
23 14 1
23 15 1
23 16 1
23 17 1
23 18 1
23 19 1
23 20 1
23 21 1
23 22 1
23 23 1
23 24 1
23 25 1
23 26 1
23 29 1
22 30 1
22 31 1
20 32 1
19 32 1
18 32 1
17 32 1
16 33 1
15 33 1
14 33 1
13 34 1
12 34 1
11 35 1
10 35 1
9 36 1
8 36 1
7 36 1
6 37 1
5 37 1
4 37 1
3 37 1
2 37 1
1 38 1
.PEN_UP
.PEN_DOWN
21 32 1
23 34 1
23 35 1
23 36 1
23 37 1
23 38 1
23 39 1
23 40 1
23 41 1
23 42 1
23 43 1
23 44 1
23 45 1
23 46 1
24 47 1
24 48 1
24 49 1
24 50 1
24 51 1
24 52 1
24 53 1
.PEN_UP
.PEN_DOWN
23 27 1
25 27 1
26 26 1
27 26 1
28 26 1
29 26 1
30 26 1
31 25 1
32 25 1
33 24 1
34 24 1
35 23 1
36 23 1
37 23 1
38 22 1
39 22 1
40 21 1
41 20 1
42 20 1
43 19 1
44 19 1
45 18 1
46 18 1
47 17 1
48 17 1
49 17 1
50 16 1
51 16 1
52 16 1
53 15 1
54 15 1
55 14 1
56 14 1
57 13 1
58 13 1
59 12 1
60 12 1
61 11 1
62 11 1
63 10 1
64 10 1
65 9 1
.PEN_UP
.PEN_DOWN
41 63 1
42 62 1
43 62 1
44 61 1
45 61 1
46 61 1
47 61 1
48 60 1
49 60 1
50 60 1
51 59 1
52 59 1
53 59 1
54 59 1
55 58 1
56 58 1
57 58 1
58 57 1
59 57 1
60 57 1
61 56 1
62 55 1
63 55 1
64 54 1
65 54 1
66 54 1
67 53 1
68 53 1
69 52 1
70 52 1
71 52 1
72 51 1
73 50 1
74 50 1
75 49 1
76 49 1
.PEN_UP
.PEN_DOWN
23 72 1
23 73 1
23 74 1
23 75 1
23 76 1
22 77 1
.PEN_UP
.PEN_DOWN
45 97 1
46 97 1
47 97 1
48 97 1
49 97 1
50 97 1
51 97 1
52 97 1
54 96 1
55 96 1
56 95 1
57 95 1
58 94 1
59 93 1
60 93 1
61 92 1
62 91 1
63 91 1
64 90 1
65 89 1
66 89 1
67 88 1
68 87 1
69 87 1
70 87 1
71 86 1
72 85 1
73 85 1
74 84 1
74 83 1
.PEN_UP
.PEN_DOWN
53 97 1
52 99 1
52 100 1
52 101 1
51 102 1
51 103 1
51 104 1
50 105 1
50 106 1
50 107 1
49 108 1
48 110 1
47 110 1
46 110 1
45 110 1
44 111 1
.PEN_UP
.PEN_DOWN
49 109 1
51 109 1
52 109 1
53 109 1
54 109 1
55 109 1
56 109 1
57 109 1
58 109 1
59 109 1
60 110 1
61 109 1
62 109 1
63 108 1
64 108 1
65 108 1
66 107 1
67 107 1
68 106 1
69 105 1
.PEN_UP
.PEN_DOWN
59 111 1
59 112 1
58 113 1
58 114 1
57 115 1
57 116 1
56 117 1
55 118 1
54 119 1
53 120 1
52 121 1
51 122 1
50 123 1
49 124 1
48 125 1
47 126 1
46 127 1
45 128 1
44 129 1
44 130 1
43 131 1
42 132 1
42 133 1
42 134 1
41 135 1
41 136 1
41 137 1
42 138 1
43 138 1
44 138 1
45 139 1
46 139 1
47 138 1
48 138 1
49 138 1
50 138 1
51 138 1
52 138 1
53 138 1
54 138 1
55 138 1
56 137 1
57 137 1
58 137 1
59 137 1
60 136 1
61 136 1
62 135 1
63 135 1
64 134 1
65 134 1
66 134 1
67 133 1
68 133 1
69 132 1
70 132 1
71 131 1
72 131 1
.PEN_UP
.PEN_DOWN
43 170 1
44 170 1
45 171 1
46 172 1
48 172 1
49 172 1
50 172 1
51 170 1
51 169 1
52 168 1
52 167 1
53 166 1
54 165 1
55 165 1
56 164 1
57 163 1
58 163 1
59 162 1
60 161 1
61 161 1
62 161 1
63 160 1
64 160 1
65 160 1
66 161 1
67 161 1
68 161 1
69 162 1
69 163 1
70 164 1
70 165 1
70 166 1
70 167 1
70 168 1
70 169 1
70 170 1
70 171 1
69 172 1
69 173 1
69 174 1
68 175 1
68 176 1
68 177 1
67 178 1
67 179 1
67 180 1
66 181 1
66 182 1
65 183 1
65 184 1
65 185 1
64 186 1
64 187 1
64 188 1
63 189 1
63 190 1
63 191 1
62 192 1
62 193 1
61 194 1
61 195 1
.PEN_UP
.PEN_DOWN
51 171 1
51 174 1
51 175 1
51 176 1
51 177 1
51 178 1
51 179 1
51 180 1
51 181 1
51 182 1
50 183 1
50 184 1
49 185 1
49 186 1
48 187 1
47 188 1
47 189 1
46 190 1
45 191 1
44 191 1
43 192 1
42 192 1
41 192 1
40 192 1
39 193 1
38 192 1
37 191 1
37 190 1
37 189 1
38 188 1
38 187 1
38 186 1
38 185 1
38 184 1
39 183 1
39 182 1
40 181 1
40 180 1
41 179 1
41 178 1
42 177 1
43 176 1
44 175 1
45 174 1
46 173 1
.PEN_UP
