.PEN_DOWN
49 1 1
49 2 1
50 3 1
50 4 1
50 5 1
50 6 1
50 7 1
50 8 1
50 9 1
50 10 1
49 11 1
48 12 1
48 13 1
47 14 1
46 15 1
45 16 1
45 17 1
45 18 1
44 19 1
44 20 1
42 21 1
41 22 1
40 22 1
39 22 1
38 22 1
37 23 1
36 23 1
35 23 1
34 24 1
32 26 1
32 27 1
31 28 1
30 29 1
29 29 1
28 30 1
27 31 1
26 31 1
25 31 1
24 32 1
23 32 1
22 32 1
21 33 1
20 33 1
19 33 1
18 34 1
17 34 1
16 34 1
15 34 1
14 34 1
13 34 1
12 34 1
11 34 1
10 34 1
9 33 1
8 33 1
7 32 1
6 31 1
6 30 1
6 29 1
7 28 1
8 27 1
9 27 1
10 27 1
11 27 1
12 26 1
13 26 1
14 26 1
15 26 1
16 25 1
17 25 1
18 25 1
19 25 1
20 25 1
21 25 1
22 24 1
23 24 1
24 24 1
25 24 1
26 23 1
27 23 1
28 23 1
29 23 1
30 23 1
31 23 1
32 23 1
33 24 1
.PEN_UP
.PEN_DOWN
43 21 1
45 22 1
46 22 1
47 22 1
48 22 1
49 22 1
50 22 1
51 22 1
52 22 1
53 21 1
54 21 1
55 21 1
56 21 1
57 21 1
58 21 1
59 21 1
60 22 1
61 21 1
62 21 1
63 21 1
64 20 1
65 21 1
66 21 1
67 20 1
68 20 1
69 20 1
70 20 1
71 20 1
72 20 1
73 20 1
74 20 1
75 20 1
76 20 1
77 20 1
78 20 1
79 19 1
80 19 1
81 19 1
82 19 1
83 19 1
84 18 1
85 18 1
86 18 1
87 17 1
88 16 1
88 15 1
89 14 1
88 13 1
87 12 1
86 11 1
85 11 1
84 11 1
83 12 1
.PEN_UP
.PEN_DOWN
64 19 1
65 18 1
65 17 1
65 16 1
.PEN_UP
.PEN_DOWN
60 23 1
59 24 1
59 25 1
59 26 1
59 27 1
58 28 1
58 29 1
57 30 1
57 31 1
57 32 1
56 33 1
56 34 1
56 35 1
56 36 1
55 37 1
55 38 1
55 39 1
54 40 1
54 41 1
53 42 1
52 42 1
51 42 1
50 42 1
49 42 1
48 42 1
47 43 1
46 43 1
45 43 1
44 43 1
43 44 1
43 45 1
43 46 1
43 47 1
43 48 1
43 49 1
44 50 1
44 51 1
45 52 1
46 53 1
47 54 1
48 55 1
49 56 1
50 57 1
51 58 1
52 59 1
53 59 1
54 60 1
55 61 1
56 61 1
57 62 1
58 63 1
59 64 1
59 65 1
59 66 1
59 67 1
58 68 1
58 69 1
57 70 1
57 71 1
56 72 1
55 73 1
55 74 1
54 75 1
54 76 1
53 77 1
53 78 1
52 79 1
52 80 1
52 81 1
51 82 1
51 83 1
50 84 1
.PEN_UP
.PEN_DOWN
71 12 1
72 12 1
73 11 1
74 11 1
75 11 1
76 10 1
77 10 1
.PEN_UP
.PEN_DOWN
40 119 1
40 118 1
40 117 1
40 116 1
40 115 1
40 114 1
40 113 1
40 112 1
41 111 1
41 110 1
41 109 1
42 108 1
43 107 1
44 106 1
44 105 1
45 104 1
46 103 1
47 102 1
48 102 1
49 101 1
50 101 1
51 102 1
52 103 1
53 104 1
53 105 1
53 106 1
53 107 1
53 108 1
53 109 1
54 110 1
54 111 1
53 112 1
53 113 1
53 114 1
53 115 1
53 116 1
53 117 1
53 118 1
51 119 1
50 120 1
49 121 1
48 121 1
.PEN_UP
.PEN_DOWN
52 119 1
55 119 1
56 120 1
57 120 1
58 120 1
59 120 1
60 120 1
61 120 1
62 121 1
63 121 1
64 121 1
65 121 1
66 121 1
67 121 1
68 121 1
69 121 1
70 121 1
71 122 1
72 122 1
73 122 1
74 122 1
75 122 1
76 122 1
77 122 1
78 122 1
79 122 1
80 122 1
81 122 1
82 122 1
83 122 1
84 122 1
85 121 1
86 121 1
87 121 1
88 120 1
89 119 1
90 118 1
90 117 1
91 116 1
92 115 1
93 114 1
93 113 1
93 112 1
93 111 1
93 110 1
93 109 1
93 108 1
93 107 1
93 106 1
93 105 1
92 104 1
91 103 1
90 102 1
89 101 1
88 100 1
87 99 1
86 99 1
85 99 1
84 99 1
83 99 1
82 99 1
81 99 1
80 99 1
79 100 1
78 100 1
77 101 1
76 102 1
75 103 1
74 104 1
74 105 1
73 106 1
73 107 1
.PEN_UP
.PEN_DOWN
55 153 1
55 152 1
55 151 1
54 150 1
54 149 1
54 148 1
54 147 1
51 143 1
50 142 1
49 141 1
48 140 1
48 139 1
47 138 1
47 137 1
48 136 1
48 135 1
49 134 1
50 133 1
51 133 1
52 132 1
53 132 1
54 132 1
55 133 1
56 134 1
57 135 1
58 136 1
58 137 1
58 138 1
58 139 1
58 140 1
58 141 1
58 142 1
58 143 1
58 144 1
57 145 1
56 145 1
55 146 1
.PEN_UP
.PEN_DOWN
60 158 1
59 158 1
58 158 1
57 158 1
56 159 1
55 159 1
54 160 1
53 161 1
52 162 1
51 163 1
50 164 1
49 165 1
48 166 1
47 166 1
46 167 1
45 168 1
45 169 1
44 170 1
44 171 1
42 173 1
41 174 1
40 174 1
39 175 1
38 175 1
37 177 1
36 178 1
36 179 1
36 180 1
35 181 1
35 182 1
34 183 1
33 184 1
32 185 1
31 186 1
31 187 1
31 188 1
30 189 1
30 190 1
28 191 1
27 192 1
26 192 1
25 192 1
24 192 1
23 192 1
22 193 1
21 193 1
20 193 1
19 193 1
18 194 1
17 194 1
16 194 1
15 194 1
14 194 1
13 194 1
12 194 1
11 194 1
10 194 1
9 194 1
8 194 1
7 194 1
6 194 1
5 194 1
4 194 1
3 195 1
2 195 1
1 195 1
.PEN_UP
.PEN_DOWN
29 191 1
32 191 1
33 191 1
34 190 1
35 190 1
36 190 1
37 190 1
38 190 1
39 189 1
40 189 1
41 189 1
42 189 1
43 189 1
44 189 1
45 188 1
48 188 1
49 187 1
50 187 1
51 186 1
52 186 1
53 185 1
54 185 1
55 184 1
56 184 1
57 183 1
58 183 1
59 183 1
60 183 1
61 183 1
.PEN_UP
.PEN_DOWN
46 188 1
47 190 1
47 191 1
47 192 1
47 193 1
47 194 1
47 195 1
47 196 1
47 197 1
47 198 1
47 199 1
47 200 1
46 205 1
46 206 1
46 207 1
46 208 1
45 209 1
45 210 1
45 211 1
44 212 1
43 213 1
42 213 1
41 213 1
40 213 1
39 213 1
38 213 1
37 212 1
36 212 1
35 211 1
34 210 1
34 209 1
33 208 1
33 207 1
34 206 1
34 205 1
35 204 1
36 203 1
37 203 1
38 203 1
39 202 1
40 202 1
41 202 1
42 201 1
43 201 1
44 201 1
45 201 1
46 201 1
49 203 1
50 204 1
51 204 1
52 205 1
53 206 1
53 207 1
53 208 1
53 209 1
52 210 1
.PEN_UP
.PEN_DOWN
37 175 1
35 175 1
34 175 1
33 175 1
32 175 1
31 175 1
30 175 1
29 175 1
28 175 1
27 175 1
26 175 1
25 175 1
24 175 1
23 176 1
22 176 1
21 176 1
20 176 1
19 176 1
18 175 1
17 175 1
16 175 1
15 175 1
14 176 1
13 176 1
12 176 1
11 176 1
10 176 1
9 176 1
.PEN_UP
.PEN_DOWN
43 172 1
46 172 1
47 172 1
48 172 1
49 172 1
50 172 1
51 171 1
52 171 1
53 171 1
54 170 1
55 170 1
56 170 1
57 170 1
58 170 1
59 169 1
60 168 1
61 168 1
62 167 1
63 167 1
64 166 1
65 165 1
66 165 1
67 164 1
68 163 1
68 162 1
69 161 1
69 160 1
68 159 1
67 158 1
66 157 1
65 157 1
64 157 1
.PEN_UP
.PEN_DOWN
33 227 1
34 227 1
35 227 1
36 227 1
37 226 1
38 226 1
39 226 1
40 226 1
41 226 1
42 226 1
43 225 1
44 225 1
45 224 1
46 224 1
47 224 1
48 224 1
49 224 1
50 224 1
51 225 1
52 226 1
53 227 1
53 228 1
53 229 1
52 230 1
52 231 1
52 232 1
52 233 1
51 234 1
51 235 1
51 236 1
51 237 1
51 238 1
51 239 1
51 240 1
52 241 1
53 242 1
54 243 1
55 243 1
56 243 1
57 244 1
58 244 1
59 244 1
60 245 1
61 245 1
.PEN_UP
