.PEN_DOWN
13 5 1
14 6 1
15 7 1
15 8 1
15 9 1
15 10 1
16 11 1
16 12 1
16 13 1
17 14 1
17 15 1
17 16 1
18 17 1
18 18 1
19 19 1
19 20 1
19 21 1
20 22 1
20 23 1
21 24 1
21 25 1
22 26 1
22 27 1
23 28 1
23 29 1
23 30 1
24 31 1
24 32 1
25 33 1
25 34 1
26 35 1
27 36 1
27 37 1
28 38 1
29 39 1
29 40 1
30 41 1
30 42 1
31 43 1
32 44 1
32 45 1
33 46 1
34 47 1
35 48 1
35 49 1
36 50 1
37 51 1
38 52 1
38 53 1
39 54 1
39 55 1
40 56 1
41 57 1
42 58 1
43 59 1
44 60 1
44 61 1
45 62 1
46 63 1
47 64 1
48 65 1
49 66 1
50 67 1
51 68 1
52 69 1
53 69 1
54 70 1
55 71 1
56 71 1
57 72 1
58 73 1
59 73 1
60 73 1
61 74 1
62 74 1
63 74 1
64 74 1
65 74 1
66 74 1
67 74 1
68 74 1
69 74 1
70 74 1
71 74 1
72 74 1
73 74 1
74 74 1
75 73 1
76 73 1
77 73 1
78 73 1
79 72 1
80 71 1
81 71 1
82 70 1
83 70 1
84 69 1
85 68 1
86 67 1
87 66 1
87 65 1
88 64 1
89 63 1
89 62 1
90 61 1
90 60 1
90 59 1
91 58 1
91 57 1
91 56 1
92 55 1
92 54 1
92 53 1
92 52 1
93 51 1
93 50 1
93 49 1
93 48 1
93 47 1
94 46 1
94 45 1
94 44 1
94 43 1
94 42 1
94 41 1
94 40 1
94 39 1
94 38 1
94 37 1
94 36 1
94 35 1
94 34 1
94 33 1
94 32 1
93 31 1
93 30 1
93 29 1
92 28 1
91 27 1
91 26 1
90 25 1
89 24 1
88 23 1
87 23 1
86 23 1
.PEN_UP
.PEN_DOWN
24 5 1
25 5 1
26 5 1
27 5 1
28 5 1
29 5 1
30 6 1
31 6 1
32 6 1
33 6 1
34 6 1
35 6 1
36 6 1
37 6 1
38 6 1
39 6 1
40 6 1
41 6 1
42 6 1
43 6 1
44 6 1
45 6 1
46 6 1
47 6 1
48 6 1
49 6 1
50 7 1
51 7 1
52 7 1
53 7 1
54 7 1
55 7 1
56 7 1
57 7 1
58 7 1
59 7 1
60 7 1
61 7 1
62 7 1
63 7 1
64 7 1
65 7 1
66 7 1
67 7 1
68 7 1
69 7 1
70 7 1
71 7 1
72 7 1
73 7 1
74 7 1
75 7 1
76 6 1
77 6 1
78 6 1
79 6 1
80 6 1
81 5 1
82 5 1
83 5 1
84 5 1
85 5 1
86 4 1
87 4 1
88 4 1
89 3 1
90 2 1
91 2 1
92 1 1
93 1 1
.PEN_UP
.PEN_DOWN
91 133 1
92 132 1
92 131 1
92 130 1
92 129 1
92 128 1
92 127 1
92 126 1
92 125 1
92 124 1
92 123 1
91 122 1
91 121 1
90 120 1
89 119 1
88 118 1
87 118 1
86 118 1
85 118 1
84 118 1
83 118 1
82 118 1
81 118 1
80 118 1
79 117 1
77 118 1
76 118 1
75 119 1
74 119 1
73 119 1
72 119 1
71 118 1
70 117 1
70 116 1
69 115 1
68 114 1
68 113 1
68 112 1
68 111 1
68 110 1
68 109 1
69 108 1
69 107 1
69 106 1
70 105 1
71 104 1
72 103 1
73 102 1
73 101 1
74 100 1
75 99 1
76 98 1
77 97 1
78 96 1
79 95 1
80 94 1
81 93 1
82 92 1
83 91 1
84 90 1
85 90 1
86 90 1
87 89 1
88 89 1
89 89 1
90 89 1
91 90 1
91 91 1
91 92 1
91 93 1
91 94 1
90 95 1
90 96 1
90 97 1
89 98 1
88 99 1
88 100 1
87 101 1
86 102 1
86 103 1
85 104 1
84 105 1
84 106 1
83 107 1
83 108 1
82 109 1
81 110 1
80 111 1
80 112 1
80 113 1
80 114 1
79 115 1
79 116 1
.PEN_UP
.PEN_DOWN
71 185 1
72 185 1
73 186 1
75 186 1
76 186 1
77 186 1
78 186 1
79 186 1
80 186 1
81 186 1
82 186 1
83 186 1
84 186 1
85 186 1
86 185 1
87 185 1
88 185 1
89 185 1
90 185 1
91 185 1
92 185 1
93 185 1
94 185 1
95 185 1
96 184 1
97 184 1
98 184 1
99 184 1
100 184 1
101 184 1
102 183 1
103 183 1
104 183 1
105 183 1
106 183 1
107 183 1
108 183 1
109 183 1
110 183 1
111 182 1
112 182 1
113 182 1
114 181 1
115 181 1
116 181 1
117 181 1
118 181 1
119 180 1
120 180 1
121 180 1
122 180 1
123 180 1
124 180 1
125 180 1
126 179 1
.PEN_UP
.PEN_DOWN
74 186 1
72 188 1
72 189 1
71 190 1
70 191 1
69 192 1
68 193 1
67 193 1
66 194 1
65 195 1
64 196 1
63 197 1
62 198 1
61 199 1
61 200 1
60 201 1
59 202 1
58 203 1
58 204 1
57 205 1
56 206 1
56 207 1
55 208 1
54 209 1
54 210 1
53 211 1
52 212 1
52 213 1
52 214 1
51 215 1
51 216 1
50 217 1
50 218 1
49 219 1
49 220 1
49 221 1
49 222 1
49 223 1
49 224 1
49 225 1
49 226 1
49 227 1
50 228 1
51 228 1
52 229 1
53 229 1
54 229 1
55 229 1
56 229 1
57 229 1
58 229 1
59 229 1
60 229 1
61 229 1
62 228 1
63 228 1
64 228 1
65 227 1
66 227 1
67 227 1
68 226 1
69 226 1
70 226 1
71 225 1
72 225 1
73 224 1
74 223 1
75 223 1
76 223 1
77 222 1
78 222 1
79 222 1
80 221 1
81 220 1
82 220 1
83 219 1
84 218 1
85 218 1
86 217 1
87 216 1
88 215 1
89 215 1
90 214 1
91 213 1
92 213 1
93 212 1
94 211 1
95 210 1
96 209 1
97 208 1
98 207 1
99 206 1
99 205 1
100 204 1
100 203 1
100 202 1
100 201 1
100 200 1
99 199 1
98 199 1
97 198 1
96 197 1
95 197 1
94 196 1
93 196 1
92 196 1
91 195 1
90 195 1
89 195 1
88 196 1
87 196 1
86 196 1
85 196 1
84 196 1
83 196 1
82 196 1
81 196 1
80 196 1
79 196 1
78 196 1
77 196 1
76 197 1
.PEN_UP
.PEN_DOWN
1 276 1
1 275 1
2 274 1
3 273 1
4 272 1
5 271 1
6 270 1
7 269 1
8 268 1
9 268 1
10 267 1
11 266 1
12 265 1
13 265 1
14 264 1
15 263 1
16 263 1
17 262 1
18 262 1
19 262 1
20 261 1
21 260 1
22 260 1
23 259 1
24 259 1
25 258 1
26 258 1
27 258 1
28 257 1
29 257 1
30 257 1
31 256 1
32 256 1
33 256 1
34 255 1
35 255 1
36 255 1
37 254 1
38 254 1
39 254 1
40 253 1
41 253 1
42 253 1
43 253 1
44 253 1
45 252 1
46 252 1
47 252 1
48 251 1
49 251 1
50 251 1
51 251 1
52 250 1
53 250 1
54 250 1
55 249 1
56 249 1
57 249 1
58 249 1
59 248 1
60 248 1
61 248 1
62 247 1
63 247 1
64 247 1
65 247 1
66 247 1
67 246 1
68 246 1
69 246 1
70 246 1
71 245 1
72 245 1
73 245 1
74 245 1
75 244 1
76 244 1
77 244 1
78 244 1
79 244 1
80 243 1
81 243 1
82 243 1
83 243 1
84 243 1
85 242 1
86 242 1
87 242 1
88 242 1
89 243 1
90 243 1
91 243 1
92 244 1
93 245 1
93 246 1
93 247 1
92 248 1
92 249 1
92 250 1
91 251 1
90 252 1
89 253 1
88 254 1
87 255 1
86 256 1
85 256 1
84 257 1
83 258 1
82 258 1
81 259 1
80 260 1
79 260 1
78 261 1
77 262 1
76 263 1
75 263 1
74 264 1
73 264 1
72 265 1
71 265 1
70 266 1
69 267 1
68 268 1
67 269 1
66 270 1
65 271 1
64 272 1
64 273 1
63 274 1
62 275 1
62 276 1
62 277 1
62 278 1
63 279 1
64 280 1
65 280 1
66 280 1
67 281 1
68 281 1
69 281 1
70 281 1
71 281 1
72 280 1
73 280 1
74 280 1
75 280 1
76 280 1
77 280 1
78 280 1
79 280 1
80 279 1
81 279 1
82 279 1
83 279 1
84 278 1
85 278 1
86 278 1
87 277 1
88 277 1
89 276 1
90 276 1
91 275 1
.PEN_UP
