.PEN_DOWN
30 12 1
29 12 1
28 13 1
27 13 1
26 11 1
26 10 1
26 9 1
27 8 1
27 7 1
28 6 1
29 5 1
30 4 1
31 4 1
32 3 1
33 3 1
34 2 1
35 2 1
36 2 1
37 2 1
38 1 1
39 1 1
40 1 1
41 1 1
42 2 1
43 2 1
44 2 1
45 3 1
46 4 1
47 5 1
47 6 1
47 7 1
48 8 1
49 9 1
49 10 1
49 11 1
49 12 1
50 13 1
50 14 1
50 15 1
50 16 1
50 17 1
50 18 1
50 19 1
50 20 1
49 21 1
49 22 1
49 23 1
49 24 1
48 25 1
48 26 1
47 27 1
47 28 1
46 29 1
46 30 1
45 31 1
45 32 1
44 33 1
43 33 1
42 34 1
41 34 1
40 35 1
39 35 1
38 35 1
37 35 1
36 36 1
35 35 1
34 34 1
33 33 1
32 32 1
31 31 1
30 30 1
29 29 1
28 28 1
27 27 1
26 26 1
26 25 1
25 24 1
25 23 1
25 22 1
24 21 1
24 20 1
24 19 1
24 18 1
24 17 1
24 16 1
24 15 1
25 14 1
26 13 1
.PEN_UP
.PEN_DOWN
35 37 1
35 38 1
35 39 1
35 40 1
35 41 1
35 42 1
35 43 1
35 44 1
33 45 1
32 45 1
31 44 1
30 44 1
29 44 1
28 44 1
27 44 1
26 44 1
25 44 1
24 44 1
23 44 1
22 44 1
21 44 1
20 44 1
19 44 1
18 44 1
17 44 1
16 44 1
15 45 1
14 45 1
13 45 1
12 45 1
11 45 1
10 45 1
9 45 1
8 46 1
7 46 1
6 46 1
5 47 1
4 48 1
3 49 1
2 50 1
1 51 1
1 52 1
1 53 1
1 54 1
1 55 1
2 56 1
2 57 1
3 58 1
4 59 1
5 60 1
6 61 1
7 62 1
8 62 1
9 62 1
10 63 1
11 63 1
12 63 1
13 64 1
14 64 1
15 64 1
16 64 1
17 64 1
18 63 1
19 63 1
.PEN_UP
.PEN_DOWN
34 45 1
35 49 1
35 50 1
35 51 1
35 52 1
35 53 1
35 54 1
35 55 1
35 56 1
35 57 1
36 58 1
36 59 1
36 60 1
36 61 1
.PEN_UP
.PEN_DOWN
35 45 1
37 47 1
38 47 1
39 47 1
40 47 1
41 48 1
42 48 1
43 48 1
44 48 1
45 49 1
46 50 1
47 50 1
48 50 1
49 51 1
50 51 1
51 51 1
52 51 1
53 51 1
54 51 1
55 52 1
56 52 1
57 52 1
58 52 1
59 53 1
60 53 1
61 53 1
62 54 1
.PEN_UP
