.PEN_DOWN
1 19 1
2 19 1
3 20 1
4 20 1
6 19 1
7 18 1
8 17 1
9 17 1
10 17 1
11 16 1
12 16 1
13 16 1
14 15 1
15 15 1
16 15 1
17 15 1
18 14 1
19 14 1
20 14 1
21 13 1
22 13 1
23 13 1
24 12 1
25 12 1
26 12 1
27 11 1
28 11 1
29 11 1
30 10 1
31 10 1
32 10 1
33 9 1
34 9 1
35 8 1
36 8 1
37 8 1
38 7 1
39 7 1
40 7 1
41 6 1
42 6 1
43 5 1
44 5 1
45 5 1
46 4 1
47 4 1
48 3 1
49 3 1
50 3 1
51 2 1
52 2 1
53 2 1
54 1 1
55 1 1
56 1 1
57 1 1
.PEN_UP
.PEN_DOWN
5 20 1
5 22 1
6 23 1
6 24 1
6 25 1
6 26 1
6 27 1
7 28 1
7 29 1
7 30 1
7 31 1
7 32 1
7 33 1
7 34 1
7 35 1
7 36 1
7 37 1
7 38 1
7 39 1
7 40 1
7 41 1
7 42 1
6 44 1
5 45 1
4 45 1
3 46 1
.PEN_UP
.PEN_DOWN
7 43 1
9 43 1
10 43 1
11 43 1
12 43 1
13 43 1
14 42 1
15 42 1
16 41 1
17 41 1
18 41 1
19 41 1
20 40 1
21 39 1
22 39 1
23 39 1
24 39 1
25 38 1
26 38 1
27 37 1
28 37 1
29 37 1
30 36 1
31 36 1
32 36 1
33 35 1
34 35 1
35 34 1
36 33 1
37 33 1
38 32 1
39 32 1
40 32 1
41 31 1
42 31 1
43 30 1
44 30 1
45 30 1
46 29 1
47 29 1
48 29 1
49 29 1
50 29 1
51 28 1
52 28 1
53 28 1
54 27 1
55 27 1
56 26 1
57 25 1
.PEN_UP
.PEN_DOWN
58 39 1
57 39 1
56 40 1
55 40 1
54 40 1
53 41 1
52 41 1
51 42 1
50 42 1
49 43 1
48 43 1
47 43 1
46 44 1
45 44 1
44 44 1
43 45 1
42 45 1
41 45 1
40 45 1
39 46 1
38 46 1
37 46 1
36 47 1
35 48 1
34 48 1
33 48 1
32 49 1
31 50 1
30 50 1
29 50 1
28 51 1
27 51 1
26 52 1
25 52 1
24 53 1
23 53 1
22 53 1
21 54 1
20 54 1
19 55 1
18 55 1
17 55 1
16 55 1
15 56 1
14 57 1
13 58 1
12 59 1
11 60 1
11 61 1
11 62 1
10 63 1
11 64 1
11 65 1
12 66 1
13 66 1
14 67 1
15 68 1
16 68 1
17 68 1
18 69 1
19 69 1
20 69 1
.PEN_UP
