.PEN_DOWN
59 28 1
58 29 1
57 30 1
56 30 1
55 31 1
54 32 1
53 33 1
52 34 1
51 35 1
50 35 1
49 36 1
48 36 1
47 36 1
46 36 1
45 35 1
46 34 1
46 33 1
46 32 1
46 31 1
46 30 1
47 29 1
47 28 1
47 27 1
48 26 1
49 25 1
50 24 1
51 23 1
52 22 1
52 21 1
53 20 1
54 19 1
55 18 1
56 17 1
57 16 1
58 15 1
59 14 1
60 13 1
61 12 1
62 11 1
63 10 1
64 10 1
65 9 1
66 8 1
67 7 1
68 7 1
69 6 1
70 5 1
71 5 1
72 4 1
73 4 1
74 3 1
75 3 1
76 3 1
77 3 1
78 2 1
79 2 1
80 1 1
81 1 1
82 1 1
83 1 1
84 1 1
85 1 1
86 2 1
87 2 1
88 2 1
89 3 1
90 4 1
91 5 1
92 6 1
92 7 1
92 8 1
92 9 1
92 10 1
92 11 1
93 12 1
93 13 1
93 14 1
93 15 1
93 16 1
93 17 1
93 18 1
93 19 1
93 20 1
92 21 1
92 22 1
92 23 1
92 24 1
92 25 1
92 26 1
91 27 1
91 28 1
91 29 1
91 30 1
91 31 1
90 32 1
90 33 1
89 34 1
89 35 1
89 36 1
89 37 1
88 38 1
88 39 1
88 40 1
87 41 1
87 42 1
87 43 1
87 44 1
86 45 1
86 46 1
86 47 1
85 48 1
85 49 1
86 50 1
86 51 1
86 52 1
84 53 1
83 53 1
82 53 1
81 53 1
80 54 1
79 54 1
76 54 1
75 54 1
74 54 1
73 54 1
72 54 1
71 55 1
70 55 1
69 55 1
68 56 1
67 56 1
66 57 1
65 58 1
64 58 1
63 59 1
62 60 1
62 61 1
61 62 1
61 63 1
61 64 1
61 65 1
61 66 1
61 67 1
61 68 1
61 69 1
59 70 1
58 70 1
57 70 1
56 71 1
.PEN_UP
.PEN_DOWN
60 70 1
63 70 1
64 70 1
65 71 1
66 71 1
67 71 1
68 71 1
70 73 1
71 73 1
72 74 1
75 74 1
76 73 1
77 73 1
78 73 1
79 73 1
80 73 1
81 72 1
82 71 1
83 71 1
84 70 1
85 70 1
86 69 1
87 68 1
87 67 1
88 66 1
89 65 1
89 64 1
90 63 1
90 62 1
91 61 1
91 60 1
91 59 1
91 58 1
92 57 1
92 56 1
91 55 1
90 54 1
89 53 1
88 53 1
87 53 1
.PEN_UP
.PEN_DOWN
73 74 1
73 76 1
73 77 1
72 78 1
72 79 1
72 80 1
72 81 1
72 82 1
72 83 1
72 84 1
72 85 1
72 86 1
72 87 1
71 88 1
71 89 1
71 90 1
71 91 1
70 92 1
70 93 1
70 94 1
70 95 1
69 96 1
69 97 1
69 98 1
69 99 1
69 100 1
69 101 1
69 102 1
69 103 1
70 104 1
71 104 1
72 104 1
73 103 1
74 103 1
75 103 1
76 103 1
77 102 1
78 102 1
79 101 1
80 101 1
81 100 1
82 100 1
83 100 1
84 100 1
85 100 1
86 101 1
87 102 1
87 103 1
87 104 1
87 105 1
87 106 1
87 107 1
87 108 1
87 109 1
87 110 1
87 111 1
86 112 1
86 113 1
86 114 1
86 115 1
86 116 1
86 117 1
86 118 1
86 119 1
86 120 1
88 121 1
89 121 1
90 121 1
91 121 1
92 122 1
93 122 1
94 123 1
95 124 1
95 125 1
95 126 1
95 127 1
95 128 1
94 129 1
94 130 1
94 131 1
94 132 1
94 133 1
93 134 1
92 135 1
91 136 1
90 137 1
89 138 1
89 139 1
88 140 1
87 141 1
86 142 1
86 143 1
85 144 1
84 145 1
83 146 1
83 147 1
83 148 1
82 149 1
82 150 1
81 151 1
80 152 1
79 153 1
78 154 1
77 155 1
76 156 1
76 157 1
75 158 1
74 159 1
73 160 1
73 161 1
72 162 1
71 163 1
70 164 1
70 165 1
69 166 1
68 167 1
67 168 1
66 169 1
66 170 1
65 171 1
64 172 1
63 173 1
62 174 1
61 175 1
60 176 1
59 177 1
58 178 1
58 179 1
57 180 1
57 181 1
57 182 1
56 183 1
56 184 1
54 186 1
53 186 1
52 187 1
51 188 1
50 188 1
49 189 1
48 189 1
47 190 1
46 190 1
45 191 1
44 191 1
43 192 1
42 193 1
41 193 1
40 194 1
39 194 1
38 195 1
37 196 1
36 196 1
35 196 1
34 197 1
33 198 1
32 198 1
31 198 1
30 199 1
29 200 1
28 200 1
27 200 1
26 201 1
25 202 1
24 202 1
23 203 1
22 203 1
21 204 1
20 204 1
19 205 1
18 205 1
17 206 1
16 206 1
15 207 1
14 207 1
13 208 1
12 208 1
11 209 1
11 210 1
10 211 1
8 212 1
7 213 1
6 213 1
5 213 1
4 213 1
3 213 1
2 214 1
1 215 1
.PEN_UP
.PEN_DOWN
9 212 1
11 213 1
12 214 1
12 215 1
13 216 1
13 217 1
13 218 1
13 219 1
14 220 1
14 221 1
14 222 1
14 223 1
.PEN_UP
.PEN_DOWN
55 185 1
58 185 1
59 185 1
60 184 1
61 184 1
62 184 1
63 184 1
64 184 1
65 183 1
66 183 1
67 183 1
68 182 1
69 181 1
70 181 1
71 181 1
72 180 1
73 180 1
74 180 1
75 180 1
78 178 1
79 177 1
80 177 1
81 176 1
82 175 1
83 174 1
84 173 1
85 172 1
86 171 1
87 170 1
88 169 1
89 169 1
90 168 1
91 167 1
92 166 1
93 165 1
94 165 1
95 164 1
96 164 1
97 163 1
98 162 1
99 162 1
100 161 1
101 161 1
102 161 1
103 160 1
104 160 1
105 160 1
106 159 1
107 158 1
108 157 1
109 156 1
110 156 1
111 155 1
112 155 1
113 154 1
114 154 1
115 153 1
116 152 1
117 152 1
118 151 1
119 151 1
120 150 1
121 150 1
.PEN_UP
.PEN_DOWN
76 179 1
75 182 1
75 183 1
75 184 1
75 185 1
75 186 1
75 187 1
75 188 1
74 189 1
74 190 1
74 191 1
73 192 1
73 193 1
73 194 1
73 195 1
73 196 1
73 197 1
73 198 1
73 199 1
73 200 1
72 201 1
72 202 1
72 203 1
72 204 1
72 205 1
73 206 1
74 207 1
75 207 1
76 207 1
77 206 1
78 206 1
79 206 1
80 206 1
81 205 1
82 205 1
83 205 1
84 205 1
85 205 1
86 205 1
87 206 1
88 207 1
89 208 1
89 209 1
89 210 1
89 211 1
89 212 1
89 213 1
89 214 1
89 215 1
89 216 1
88 217 1
88 218 1
88 219 1
88 220 1
88 221 1
88 222 1
87 223 1
87 224 1
87 225 1
86 226 1
86 227 1
86 228 1
85 229 1
85 230 1
84 231 1
84 232 1
84 233 1
84 234 1
83 235 1
83 236 1
83 237 1
83 238 1
82 241 1
81 242 1
80 243 1
80 244 1
.PEN_UP
.PEN_DOWN
83 239 1
85 239 1
86 239 1
87 239 1
88 240 1
89 241 1
90 242 1
90 243 1
90 244 1
90 245 1
90 246 1
90 247 1
90 248 1
90 249 1
90 250 1
90 251 1
90 252 1
90 253 1
91 254 1
91 255 1
91 256 1
91 257 1
91 258 1
92 259 1
93 260 1
94 261 1
95 262 1
95 263 1
96 264 1
96 265 1
96 266 1
96 267 1
96 268 1
96 269 1
96 270 1
96 271 1
96 272 1
96 273 1
95 274 1
95 275 1
94 276 1
94 277 1
94 278 1
94 279 1
94 280 1
93 281 1
93 282 1
92 283 1
92 284 1
92 285 1
92 286 1
91 287 1
91 288 1
91 289 1
91 290 1
90 291 1
90 292 1
90 293 1
90 294 1
90 295 1
90 296 1
89 297 1
88 297 1
87 297 1
86 297 1
85 298 1
84 299 1
83 299 1
82 300 1
81 301 1
80 302 1
79 303 1
78 304 1
77 305 1
76 306 1
75 306 1
74 307 1
73 308 1
.PEN_UP
.PEN_DOWN
91 297 1
92 297 1
93 297 1
94 298 1
95 298 1
96 299 1
97 300 1
98 301 1
98 302 1
99 303 1
99 304 1
99 305 1
99 306 1
99 307 1
99 308 1
99 309 1
99 310 1
99 311 1
98 312 1
98 313 1
98 314 1
98 315 1
97 316 1
.PEN_UP
.PEN_DOWN
69 70 1
70 69 1
71 68 1
72 67 1
73 66 1
74 65 1
74 64 1
75 63 1
76 62 1
77 61 1
77 60 1
78 59 1
78 58 1
78 57 1
78 56 1
78 55 1
.PEN_UP
