.PEN_DOWN
33 7 1
34 8 1
35 8 1
36 8 1
37 8 1
38 7 1
39 7 1
40 6 1
41 5 1
42 5 1
43 5 1
44 4 1
45 4 1
46 3 1
47 3 1
48 3 1
49 3 1
50 2 1
51 2 1
52 2 1
53 2 1
54 2 1
55 4 1
55 5 1
54 6 1
54 7 1
53 8 1
53 9 1
52 10 1
51 11 1
50 12 1
49 13 1
49 14 1
48 15 1
47 16 1
46 17 1
45 18 1
44 19 1
44 20 1
43 21 1
42 22 1
41 23 1
40 24 1
39 25 1
39 26 1
38 27 1
37 28 1
36 28 1
35 29 1
35 30 1
34 31 1
33 32 1
32 33 1
32 34 1
32 35 1
31 36 1
31 37 1
31 38 1
31 39 1
32 40 1
33 41 1
34 41 1
35 41 1
36 41 1
37 41 1
38 41 1
39 41 1
40 41 1
41 41 1
42 41 1
43 41 1
44 41 1
45 41 1
46 41 1
49 40 1
50 40 1
51 39 1
52 39 1
53 38 1
.PEN_UP
.PEN_DOWN
47 41 1
47 43 1
47 44 1
47 45 1
46 46 1
46 47 1
45 48 1
44 49 1
44 50 1
43 51 1
42 52 1
42 53 1
41 54 1
40 55 1
40 56 1
39 57 1
38 58 1
38 59 1
37 60 1
37 61 1
36 62 1
36 63 1
36 64 1
37 65 1
37 66 1
38 67 1
39 68 1
40 68 1
41 69 1
42 69 1
43 69 1
44 69 1
45 69 1
46 69 1
47 69 1
48 69 1
49 69 1
50 69 1
51 69 1
52 69 1
53 69 1
54 70 1
54 71 1
54 72 1
53 73 1
53 74 1
53 75 1
53 76 1
52 77 1
52 78 1
52 79 1
51 80 1
51 81 1
50 82 1
50 83 1
50 84 1
49 85 1
49 86 1
48 87 1
48 88 1
48 89 1
47 90 1
46 91 1
46 92 1
46 93 1
46 94 1
46 95 1
46 96 1
46 97 1
45 100 1
45 101 1
44 102 1
44 103 1
44 104 1
44 105 1
44 106 1
44 107 1
44 108 1
44 109 1
45 110 1
45 111 1
45 112 1
46 113 1
47 114 1
48 115 1
49 116 1
50 116 1
51 116 1
52 117 1
53 117 1
54 117 1
55 117 1
56 117 1
57 117 1
58 117 1
59 117 1
60 116 1
60 115 1
61 114 1
61 113 1
61 112 1
61 111 1
61 110 1
61 109 1
60 108 1
60 107 1
60 106 1
60 105 1
59 104 1
59 103 1
58 102 1
57 101 1
56 100 1
55 99 1
54 99 1
53 99 1
52 99 1
51 98 1
50 98 1
49 98 1
48 98 1
47 98 1
.PEN_UP
.PEN_DOWN
38 135 1
39 134 1
40 133 1
41 132 1
42 132 1
43 132 1
44 132 1
45 131 1
46 131 1
47 131 1
48 131 1
49 131 1
50 131 1
51 131 1
52 131 1
53 131 1
54 131 1
55 131 1
56 131 1
57 131 1
58 132 1
59 132 1
60 133 1
61 134 1
62 135 1
63 136 1
63 137 1
63 138 1
63 139 1
63 140 1
62 141 1
62 142 1
61 143 1
60 144 1
59 145 1
59 146 1
58 147 1
57 148 1
56 149 1
55 150 1
54 151 1
53 152 1
52 153 1
51 154 1
50 154 1
49 155 1
48 156 1
47 156 1
46 157 1
45 157 1
44 158 1
43 158 1
42 158 1
.PEN_UP
.PEN_DOWN
52 165 1
52 166 1
52 167 1
52 168 1
52 169 1
52 170 1
50 171 1
49 172 1
48 173 1
47 174 1
46 175 1
45 176 1
44 177 1
43 178 1
42 179 1
42 180 1
42 181 1
42 182 1
42 183 1
.PEN_UP
.PEN_DOWN
51 171 1
54 171 1
55 171 1
56 172 1
57 173 1
58 174 1
58 175 1
58 176 1
58 177 1
58 178 1
59 179 1
59 180 1
59 181 1
59 182 1
59 183 1
59 184 1
59 185 1
59 186 1
59 187 1
58 188 1
58 189 1
58 190 1
58 191 1
57 192 1
57 193 1
57 194 1
57 195 1
57 196 1
56 197 1
56 198 1
56 199 1
55 200 1
55 201 1
55 202 1
54 203 1
54 204 1
54 205 1
53 206 1
53 207 1
53 208 1
52 209 1
52 210 1
52 211 1
51 212 1
51 213 1
51 214 1
51 215 1
50 216 1
50 217 1
50 218 1
50 219 1
49 220 1
49 221 1
49 222 1
49 223 1
48 224 1
.PEN_UP
.PEN_DOWN
45 232 1
46 232 1
47 232 1
48 232 1
51 232 1
52 231 1
53 231 1
54 230 1
55 230 1
56 230 1
57 229 1
58 229 1
59 229 1
.PEN_UP
.PEN_DOWN
49 232 1
48 234 1
48 235 1
48 236 1
47 237 1
47 238 1
46 239 1
46 240 1
45 241 1
45 242 1
44 243 1
44 244 1
44 245 1
44 246 1
44 247 1
44 248 1
44 249 1
44 250 1
45 251 1
46 252 1
47 253 1
48 253 1
49 254 1
50 254 1
51 254 1
52 254 1
53 254 1
54 253 1
55 253 1
56 253 1
57 254 1
57 255 1
57 256 1
57 257 1
57 258 1
56 259 1
56 260 1
56 261 1
56 262 1
55 263 1
55 264 1
54 265 1
54 266 1
54 267 1
54 268 1
54 269 1
53 270 1
53 271 1
51 273 1
50 273 1
49 274 1
48 275 1
47 276 1
46 277 1
46 278 1
45 279 1
44 280 1
43 281 1
.PEN_UP
.PEN_DOWN
52 272 1
55 273 1
56 274 1
57 275 1
57 276 1
57 277 1
57 278 1
57 279 1
57 280 1
57 281 1
56 282 1
56 283 1
56 284 1
56 285 1
56 286 1
55 287 1
55 288 1
55 289 1
55 290 1
55 291 1
55 292 1
55 293 1
54 294 1
54 295 1
53 296 1
52 297 1
52 298 1
51 299 1
50 300 1
50 301 1
50 302 1
49 303 1
49 304 1
49 305 1
49 306 1
48 307 1
48 308 1
48 309 1
48 310 1
48 311 1
48 312 1
49 313 1
50 314 1
51 314 1
52 314 1
53 314 1
54 314 1
55 315 1
56 315 1
57 314 1
58 314 1
59 315 1
59 316 1
59 317 1
58 318 1
58 319 1
58 320 1
57 321 1
57 322 1
56 323 1
56 324 1
55 325 1
55 326 1
54 327 1
53 328 1
52 329 1
52 330 1
52 331 1
51 332 1
50 333 1
50 334 1
49 335 1
48 336 1
48 337 1
47 338 1
46 339 1
45 340 1
44 341 1
44 342 1
43 343 1
43 344 1
42 345 1
42 346 1
42 347 1
41 348 1
41 349 1
39 351 1
38 351 1
37 352 1
36 352 1
35 353 1
34 353 1
33 354 1
32 355 1
31 355 1
30 355 1
29 356 1
28 356 1
27 356 1
26 357 1
25 357 1
24 357 1
23 358 1
22 359 1
21 359 1
20 359 1
19 360 1
18 360 1
17 360 1
16 360 1
15 361 1
14 361 1
13 362 1
12 362 1
11 363 1
10 363 1
9 363 1
8 364 1
7 365 1
6 365 1
5 366 1
4 367 1
3 367 1
2 368 1
1 369 1
.PEN_UP
.PEN_DOWN
40 350 1
43 349 1
44 349 1
45 349 1
46 349 1
47 349 1
48 349 1
49 349 1
50 348 1
51 348 1
52 348 1
53 348 1
54 347 1
55 347 1
56 347 1
57 347 1
58 347 1
59 347 1
60 348 1
61 348 1
62 349 1
63 349 1
64 350 1
64 351 1
64 352 1
64 353 1
64 354 1
64 355 1
63 356 1
63 357 1
62 358 1
61 359 1
60 360 1
59 361 1
58 362 1
57 363 1
56 364 1
55 365 1
54 366 1
54 367 1
53 368 1
52 369 1
51 369 1
50 370 1
49 371 1
48 371 1
47 371 1
46 372 1
45 373 1
44 374 1
43 374 1
42 375 1
42 376 1
41 377 1
40 378 1
40 379 1
40 380 1
40 381 1
40 382 1
40 383 1
40 384 1
41 385 1
41 386 1
42 387 1
42 388 1
43 389 1
43 390 1
44 391 1
45 392 1
46 393 1
47 394 1
48 395 1
49 395 1
50 395 1
51 396 1
52 396 1
53 395 1
54 394 1
55 393 1
55 392 1
56 391 1
56 390 1
57 389 1
57 388 1
57 387 1
58 386 1
58 385 1
58 384 1
59 383 1
59 382 1
59 381 1
60 380 1
60 379 1
.PEN_UP
