.PEN_DOWN
15 13 1
16 13 1
17 13 1
18 12 1
19 12 1
22 13 1
23 13 1
24 13 1
25 13 1
26 13 1
27 13 1
28 13 1
29 14 1
30 14 1
31 14 1
32 15 1
33 16 1
34 17 1
35 18 1
36 19 1
37 20 1
38 21 1
38 22 1
38 23 1
37 24 1
37 25 1
37 26 1
36 27 1
35 28 1
34 29 1
33 30 1
32 31 1
31 32 1
30 33 1
29 34 1
28 35 1
27 35 1
26 36 1
26 37 1
25 38 1
25 39 1
24 40 1
22 41 1
21 41 1
20 41 1
.PEN_UP
.PEN_DOWN
23 40 1
25 42 1
26 42 1
27 42 1
28 43 1
29 43 1
30 43 1
31 44 1
32 44 1
33 45 1
34 45 1
35 46 1
36 47 1
37 48 1
38 49 1
38 50 1
39 51 1
39 52 1
39 53 1
40 54 1
40 55 1
40 56 1
40 57 1
40 58 1
40 59 1
39 60 1
39 61 1
39 62 1
39 63 1
38 64 1
37 65 1
36 66 1
35 67 1
34 68 1
33 68 1
32 68 1
31 68 1
30 69 1
29 69 1
28 70 1
27 71 1
26 72 1
27 73 1
27 74 1
27 75 1
27 76 1
27 77 1
28 78 1
28 79 1
28 80 1
29 81 1
29 82 1
29 83 1
29 84 1
29 85 1
30 86 1
30 87 1
30 88 1
30 89 1
30 90 1
30 91 1
30 92 1
30 93 1
30 94 1
30 95 1
30 96 1
30 97 1
30 98 1
30 99 1
30 100 1
30 101 1
30 102 1
30 103 1
30 104 1
30 105 1
30 106 1
29 107 1
28 108 1
27 108 1
26 109 1
26 112 1
26 113 1
25 114 1
25 115 1
25 116 1
25 117 1
24 118 1
24 119 1
23 120 1
22 120 1
21 121 1
20 121 1
19 121 1
18 120 1
17 120 1
16 119 1
16 118 1
16 117 1
16 116 1
17 115 1
17 114 1
18 113 1
19 112 1
20 112 1
21 111 1
22 111 1
23 111 1
24 110 1
25 110 1
.PEN_UP
.PEN_DOWN
31 107 1
32 107 1
33 107 1
34 107 1
35 107 1
36 107 1
37 108 1
38 109 1
39 110 1
40 111 1
41 112 1
42 113 1
42 114 1
42 115 1
43 116 1
43 117 1
43 118 1
43 119 1
43 120 1
43 121 1
43 122 1
43 123 1
43 124 1
43 125 1
43 126 1
43 127 1
43 128 1
43 129 1
42 130 1
42 131 1
42 132 1
41 133 1
41 134 1
41 135 1
41 136 1
41 137 1
40 138 1
40 139 1
40 140 1
39 141 1
39 142 1
39 143 1
38 144 1
38 145 1
38 146 1
38 147 1
38 148 1
37 149 1
37 150 1
36 151 1
36 152 1
36 153 1
35 154 1
34 155 1
34 156 1
33 157 1
33 158 1
32 159 1
32 160 1
31 161 1
30 161 1
29 162 1
28 162 1
27 162 1
26 162 1
25 162 1
24 162 1
23 161 1
22 161 1
21 161 1
20 161 1
19 160 1
18 161 1
17 162 1
16 163 1
15 164 1
15 165 1
15 166 1
15 167 1
15 168 1
15 169 1
15 170 1
15 171 1
14 172 1
14 173 1
14 174 1
14 175 1
14 176 1
15 177 1
15 178 1
15 179 1
15 180 1
16 181 1
16 182 1
16 183 1
16 184 1
16 185 1
16 186 1
17 187 1
17 188 1
17 189 1
17 190 1
17 191 1
18 192 1
20 193 1
21 193 1
22 193 1
23 193 1
24 194 1
25 194 1
26 194 1
27 195 1
28 195 1
.PEN_UP
.PEN_DOWN
17 193 1
16 194 1
15 194 1
14 194 1
13 194 1
12 194 1
11 194 1
10 195 1
9 196 1
9 197 1
9 198 1
9 199 1
9 200 1
9 201 1
9 202 1
9 203 1
9 204 1
9 205 1
9 206 1
9 207 1
9 208 1
10 209 1
10 212 1
9 213 1
9 214 1
9 215 1
9 216 1
9 217 1
9 218 1
9 219 1
7 220 1
6 221 1
5 221 1
4 221 1
3 222 1
2 223 1
2 224 1
1 225 1
1 226 1
1 227 1
1 228 1
1 229 1
1 230 1
1 231 1
2 232 1
2 233 1
3 234 1
3 235 1
4 236 1
4 237 1
5 238 1
6 239 1
7 239 1
8 239 1
9 240 1
10 240 1
11 239 1
12 239 1
13 238 1
13 237 1
14 236 1
14 235 1
15 234 1
15 233 1
15 232 1
16 231 1
16 230 1
16 229 1
16 228 1
16 227 1
16 226 1
16 225 1
16 224 1
16 223 1
16 222 1
17 219 1
18 218 1
18 217 1
18 216 1
18 215 1
18 214 1
17 213 1
16 212 1
15 211 1
14 210 1
16 209 1
17 208 1
18 208 1
19 208 1
20 208 1
21 208 1
22 208 1
23 208 1
24 208 1
25 209 1
26 209 1
27 209 1
28 209 1
29 210 1
30 211 1
31 212 1
32 213 1
33 214 1
34 215 1
35 216 1
36 217 1
36 218 1
37 219 1
37 220 1
38 221 1
39 222 1
40 223 1
40 224 1
40 225 1
41 226 1
41 227 1
42 228 1
42 229 1
42 230 1
43 231 1
43 232 1
43 233 1
44 234 1
44 235 1
44 236 1
44 237 1
45 238 1
45 239 1
45 240 1
45 241 1
45 242 1
45 243 1
45 244 1
45 245 1
45 246 1
45 247 1
45 248 1
45 249 1
45 250 1
45 251 1
45 252 1
45 253 1
45 254 1
45 255 1
45 256 1
45 257 1
45 258 1
44 259 1
44 260 1
43 261 1
43 262 1
43 263 1
42 264 1
41 265 1
.PEN_UP
