.PEN_DOWN
1 3 1
2 3 1
3 3 1
4 3 1
5 3 1
6 3 1
7 3 1
8 3 1
9 3 1
10 3 1
11 3 1
12 3 1
13 3 1
14 3 1
15 3 1
16 3 1
17 3 1
18 3 1
19 3 1
20 3 1
21 3 1
22 3 1
23 2 1
24 2 1
25 2 1
26 2 1
27 2 1
28 2 1
29 2 1
30 1 1
31 1 1
32 1 1
33 1 1
34 1 1
35 1 1
36 1 1
37 1 1
38 1 1
39 1 1
40 1 1
41 1 1
42 1 1
43 1 1
44 2 1
45 3 1
45 4 1
45 5 1
44 6 1
44 7 1
43 8 1
42 9 1
41 10 1
40 10 1
39 11 1
38 12 1
37 13 1
36 13 1
35 14 1
35 15 1
34 16 1
34 17 1
34 18 1
33 19 1
32 19 1
31 19 1
30 19 1
29 19 1
.PEN_UP
.PEN_DOWN
34 20 1
35 20 1
36 20 1
37 21 1
38 21 1
39 21 1
40 22 1
41 22 1
42 23 1
42 24 1
43 25 1
44 25 1
45 25 1
46 25 1
47 26 1
48 26 1
.PEN_UP
.PEN_DOWN
42 26 1
42 27 1
42 28 1
42 29 1
41 30 1
40 31 1
39 31 1
38 32 1
37 33 1
36 34 1
35 35 1
34 35 1
33 36 1
32 37 1
31 38 1
30 39 1
30 40 1
29 41 1
28 41 1
27 42 1
26 43 1
25 44 1
24 45 1
23 46 1
22 47 1
21 48 1
20 49 1
19 50 1
18 51 1
17 52 1
16 53 1
15 54 1
14 55 1
13 56 1
13 57 1
12 58 1
11 59 1
.PEN_UP
.PEN_DOWN
52 46 1
51 47 1
50 48 1
49 49 1
48 50 1
47 51 1
46 52 1
45 53 1
45 54 1
44 55 1
43 56 1
43 57 1
42 58 1
42 59 1
42 60 1
41 61 1
40 62 1
39 62 1
38 62 1
37 62 1
36 63 1
35 63 1
34 64 1
33 65 1
32 65 1
31 66 1
30 66 1
29 67 1
28 68 1
27 69 1
26 69 1
25 70 1
24 71 1
23 71 1
22 72 1
.PEN_UP
.PEN_DOWN
42 62 1
43 62 1
44 63 1
45 64 1
46 65 1
46 66 1
46 67 1
45 68 1
45 69 1
45 70 1
44 71 1
44 72 1
43 73 1
42 74 1
42 75 1
41 76 1
41 77 1
40 78 1
39 79 1
38 80 1
38 81 1
37 82 1
36 83 1
36 84 1
35 85 1
34 86 1
34 87 1
33 88 1
33 89 1
32 90 1
32 91 1
31 92 1
31 93 1
30 94 1
29 95 1
29 96 1
29 97 1
28 98 1
27 99 1
27 100 1
27 101 1
26 102 1
26 103 1
25 104 1
25 105 1
25 106 1
25 107 1
26 108 1
27 109 1
28 110 1
29 110 1
30 110 1
31 110 1
32 109 1
33 109 1
34 109 1
35 108 1
36 108 1
37 107 1
38 106 1
39 106 1
40 105 1
41 105 1
42 104 1
43 104 1
44 104 1
45 103 1
46 103 1
47 102 1
48 101 1
49 101 1
50 100 1
51 99 1
.PEN_UP
.PEN_DOWN
43 131 1
42 131 1
41 131 1
40 132 1
39 132 1
38 133 1
37 133 1
36 134 1
35 134 1
34 135 1
33 136 1
32 136 1
31 136 1
30 137 1
29 137 1
28 138 1
27 138 1
26 139 1
25 139 1
24 140 1
23 141 1
22 142 1
20 142 1
19 142 1
18 143 1
17 143 1
16 143 1
15 143 1
14 143 1
13 143 1
12 143 1
11 143 1
10 143 1
9 143 1
8 143 1
7 143 1
6 143 1
5 143 1
4 143 1
3 143 1
2 143 1
1 143 1
.PEN_UP
.PEN_DOWN
21 142 1
22 144 1
22 145 1
22 146 1
22 147 1
23 148 1
23 149 1
23 150 1
23 151 1
23 152 1
23 153 1
23 154 1
23 155 1
23 156 1
22 157 1
22 158 1
22 159 1
21 160 1
21 161 1
21 162 1
20 163 1
20 164 1
20 165 1
19 166 1
18 167 1
18 168 1
.PEN_UP
