.PEN_DOWN
15 83 1
16 83 1
19 84 1
20 84 1
21 84 1
22 85 1
23 86 1
24 87 1
24 88 1
25 89 1
25 90 1
26 91 1
26 92 1
26 93 1
26 94 1
26 95 1
26 96 1
26 97 1
.PEN_UP
.PEN_DOWN
17 82 1
17 81 1
17 80 1
17 79 1
18 78 1
18 77 1
18 76 1
18 75 1
19 74 1
19 73 1
20 72 1
21 71 1
21 70 1
21 69 1
21 68 1
21 67 1
21 66 1
22 65 1
21 64 1
21 63 1
20 62 1
19 61 1
18 61 1
17 61 1
16 60 1
15 60 1
14 60 1
13 60 1
12 60 1
11 60 1
10 60 1
9 59 1
9 58 1
9 57 1
9 56 1
9 55 1
9 54 1
10 53 1
10 52 1
10 51 1
10 50 1
10 49 1
10 48 1
11 47 1
11 46 1
11 45 1
11 44 1
11 43 1
11 42 1
11 41 1
11 40 1
11 39 1
11 38 1
11 37 1
12 36 1
12 35 1
12 34 1
12 33 1
12 32 1
12 31 1
14 30 1
15 30 1
16 29 1
17 29 1
18 29 1
19 29 1
20 29 1
21 28 1
22 28 1
23 27 1
24 26 1
25 25 1
25 24 1
26 23 1
27 22 1
27 21 1
28 20 1
28 19 1
28 18 1
29 17 1
29 16 1
29 15 1
29 14 1
30 13 1
30 12 1
30 11 1
30 10 1
29 9 1
29 8 1
29 7 1
28 6 1
28 5 1
27 4 1
26 3 1
25 3 1
24 2 1
23 2 1
22 2 1
21 2 1
20 1 1
19 1 1
18 1 1
17 2 1
16 2 1
15 2 1
14 3 1
13 3 1
12 4 1
11 5 1
10 6 1
9 7 1
8 8 1
7 9 1
6 10 1
5 11 1
4 12 1
3 13 1
3 14 1
2 15 1
2 16 1
2 17 1
2 18 1
2 19 1
1 20 1
1 21 1
1 22 1
1 23 1
2 24 1
3 25 1
4 26 1
5 27 1
6 27 1
7 28 1
8 29 1
9 29 1
10 30 1
11 30 1
.PEN_UP
