.PEN_DOWN
3 23 1
2 22 1
2 21 1
1 20 1
1 19 1
1 18 1
2 17 1
3 16 1
4 15 1
5 14 1
6 13 1
7 13 1
8 13 1
9 12 1
10 12 1
11 12 1
12 12 1
13 11 1
14 11 1
15 11 1
16 11 1
17 11 1
18 11 1
19 11 1
20 11 1
21 11 1
22 11 1
23 12 1
24 12 1
25 12 1
26 12 1
27 12 1
28 13 1
29 13 1
30 13 1
31 13 1
32 14 1
33 14 1
34 14 1
35 14 1
36 14 1
37 15 1
38 15 1
39 15 1
40 15 1
41 15 1
42 15 1
43 15 1
44 16 1
45 15 1
46 14 1
46 13 1
47 12 1
46 11 1
46 10 1
46 9 1
46 8 1
45 7 1
45 6 1
44 5 1
43 4 1
42 3 1
42 2 1
42 1 1
.PEN_UP
.PEN_DOWN
24 45 1
25 44 1
26 43 1
27 42 1
28 41 1
29 40 1
30 39 1
31 38 1
32 38 1
33 37 1
34 36 1
35 35 1
36 35 1
37 34 1
38 34 1
39 35 1
40 35 1
41 35 1
42 36 1
43 37 1
44 38 1
45 39 1
45 40 1
46 41 1
.PEN_UP
.PEN_DOWN
24 65 1
24 64 1
24 63 1
24 62 1
24 61 1
25 60 1
25 59 1
26 58 1
27 57 1
28 56 1
29 55 1
30 54 1
31 53 1
32 53 1
33 53 1
34 53 1
35 53 1
36 53 1
37 53 1
38 53 1
39 53 1
40 53 1
41 53 1
42 54 1
43 55 1
44 56 1
45 57 1
45 58 1
46 59 1
46 60 1
46 61 1
46 62 1
46 63 1
46 64 1
45 65 1
46 67 1
47 68 1
48 69 1
49 70 1
50 71 1
51 72 1
51 73 1
51 74 1
52 75 1
52 76 1
52 77 1
52 78 1
51 79 1
51 80 1
51 81 1
50 82 1
50 83 1
49 84 1
48 85 1
47 86 1
46 87 1
45 88 1
44 88 1
43 88 1
42 88 1
41 88 1
40 89 1
39 89 1
38 89 1
37 89 1
36 89 1
35 89 1
34 89 1
33 89 1
32 88 1
31 88 1
30 87 1
29 86 1
28 85 1
29 84 1
29 83 1
29 82 1
29 81 1
29 80 1
29 79 1
29 78 1
31 77 1
32 77 1
33 77 1
.PEN_UP
.PEN_DOWN
29 77 1
28 76 1
27 75 1
27 74 1
27 73 1
28 72 1
28 71 1
29 70 1
30 69 1
31 69 1
32 68 1
33 68 1
34 67 1
35 67 1
36 67 1
37 66 1
38 66 1
39 66 1
40 65 1
41 65 1
42 65 1
43 65 1
44 65 1
.PEN_UP
.PEN_DOWN
27 111 1
28 110 1
29 110 1
30 109 1
31 109 1
32 109 1
33 109 1
34 108 1
35 108 1
36 108 1
37 108 1
38 108 1
39 108 1
40 110 1
40 111 1
39 112 1
39 113 1
39 114 1
38 115 1
38 116 1
37 117 1
36 118 1
35 119 1
34 120 1
34 121 1
33 122 1
33 123 1
32 124 1
32 125 1
32 126 1
31 127 1
31 128 1
32 129 1
33 130 1
34 130 1
35 130 1
36 130 1
37 130 1
38 131 1
39 131 1
40 131 1
41 131 1
42 132 1
43 132 1
44 132 1
.PEN_UP
.PEN_DOWN
9 186 1
10 185 1
11 185 1
12 184 1
13 184 1
14 183 1
15 183 1
16 182 1
17 182 1
18 181 1
19 180 1
20 180 1
21 179 1
22 179 1
23 179 1
24 178 1
25 178 1
26 177 1
27 177 1
28 177 1
29 177 1
30 176 1
31 176 1
32 176 1
35 177 1
36 177 1
37 177 1
38 177 1
39 177 1
40 177 1
41 177 1
42 177 1
43 177 1
44 177 1
45 177 1
46 178 1
47 178 1
48 179 1
49 180 1
49 181 1
49 182 1
50 183 1
50 184 1
50 185 1
50 186 1
50 187 1
49 188 1
49 189 1
48 190 1
48 191 1
47 192 1
46 193 1
45 194 1
44 195 1
43 196 1
42 197 1
42 198 1
42 199 1
41 200 1
41 201 1
39 202 1
38 202 1
37 202 1
36 202 1
35 202 1
34 202 1
33 202 1
32 203 1
31 204 1
30 204 1
29 205 1
28 205 1
27 206 1
26 206 1
25 207 1
24 207 1
23 208 1
22 209 1
21 209 1
20 210 1
19 210 1
18 211 1
17 211 1
16 212 1
15 213 1
14 213 1
13 214 1
12 214 1
11 214 1
10 215 1
9 215 1
.PEN_UP
.PEN_DOWN
40 202 1
42 203 1
43 204 1
44 204 1
45 205 1
46 206 1
47 207 1
47 208 1
47 209 1
48 210 1
47 211 1
47 212 1
47 213 1
47 214 1
46 215 1
46 216 1
45 217 1
44 218 1
44 219 1
43 220 1
43 221 1
42 222 1
42 223 1
41 224 1
40 225 1
39 225 1
38 225 1
37 226 1
36 226 1
35 226 1
.PEN_UP
.PEN_DOWN
42 225 1
43 225 1
44 226 1
45 227 1
46 228 1
46 229 1
46 230 1
46 231 1
46 232 1
46 233 1
45 234 1
45 235 1
44 236 1
43 237 1
42 238 1
41 239 1
41 240 1
41 241 1
41 242 1
40 243 1
39 244 1
38 244 1
37 244 1
36 245 1
.PEN_UP
.PEN_DOWN
41 244 1
42 245 1
43 245 1
44 245 1
45 245 1
46 245 1
47 245 1
48 245 1
49 245 1
50 245 1
51 245 1
52 245 1
53 245 1
54 245 1
55 245 1
56 245 1
57 245 1
58 245 1
59 245 1
60 245 1
61 245 1
62 245 1
63 245 1
64 245 1
65 245 1
66 244 1
67 244 1
68 243 1
69 242 1
71 243 1
72 243 1
73 243 1
74 243 1
75 243 1
76 243 1
77 242 1
78 242 1
79 242 1
80 242 1
81 241 1
82 241 1
83 241 1
84 241 1
85 240 1
86 239 1
87 239 1
88 239 1
89 238 1
90 237 1
91 237 1
92 237 1
93 236 1
94 235 1
95 234 1
95 233 1
95 232 1
95 231 1
94 230 1
93 229 1
92 229 1
91 228 1
90 228 1
89 228 1
88 227 1
87 227 1
86 227 1
85 227 1
84 227 1
83 228 1
82 228 1
81 228 1
80 229 1
79 229 1
78 230 1
77 231 1
76 232 1
75 233 1
74 234 1
73 235 1
72 236 1
71 237 1
71 238 1
71 239 1
70 240 1
70 241 1
.PEN_UP
.PEN_DOWN
33 175 1
33 174 1
34 173 1
34 172 1
34 171 1
34 170 1
35 169 1
36 168 1
37 167 1
37 166 1
38 165 1
38 164 1
38 163 1
36 162 1
35 162 1
34 162 1
33 162 1
32 162 1
31 162 1
30 162 1
29 161 1
29 160 1
29 159 1
30 158 1
30 157 1
31 156 1
32 155 1
33 154 1
34 154 1
35 153 1
36 153 1
37 153 1
38 153 1
39 153 1
40 152 1
41 152 1
42 153 1
42 154 1
42 155 1
42 156 1
42 157 1
41 158 1
41 159 1
41 160 1
40 161 1
39 162 1
.PEN_UP
