.PEN_DOWN
4 10 1
3 11 1
3 12 1
2 13 1
2 14 1
1 15 1
1 16 1
1 17 1
1 18 1
2 19 1
2 20 1
2 21 1
2 22 1
2 23 1
2 24 1
2 25 1
2 26 1
3 27 1
4 28 1
5 29 1
7 31 1
7 32 1
7 33 1
8 34 1
9 35 1
10 36 1
11 36 1
12 37 1
13 38 1
14 39 1
15 39 1
16 40 1
17 41 1
18 41 1
19 42 1
20 42 1
21 43 1
22 44 1
23 44 1
24 45 1
25 45 1
26 45 1
27 46 1
28 46 1
29 46 1
30 46 1
31 47 1
32 47 1
33 47 1
34 47 1
35 47 1
36 47 1
37 47 1
38 47 1
39 47 1
40 47 1
41 47 1
42 47 1
43 47 1
44 47 1
45 47 1
46 47 1
47 47 1
48 46 1
49 46 1
50 45 1
51 45 1
52 45 1
53 44 1
54 44 1
55 43 1
56 42 1
57 42 1
58 42 1
59 41 1
59 40 1
60 39 1
60 38 1
61 37 1
61 36 1
61 35 1
61 34 1
61 33 1
61 32 1
61 31 1
61 30 1
61 29 1
61 28 1
60 27 1
60 26 1
59 25 1
59 24 1
58 23 1
58 22 1
57 21 1
57 20 1
56 19 1
56 18 1
55 17 1
54 16 1
53 15 1
53 14 1
52 13 1
51 12 1
50 11 1
49 10 1
48 9 1
47 9 1
46 9 1
45 8 1
44 8 1
42 6 1
41 5 1
41 4 1
40 3 1
39 2 1
38 1 1
37 1 1
.PEN_UP
.PEN_DOWN
43 7 1
43 10 1
43 11 1
43 12 1
44 13 1
44 14 1
45 15 1
45 16 1
46 17 1
47 18 1
.PEN_UP
.PEN_DOWN
6 29 1
8 29 1
9 28 1
10 27 1
11 27 1
12 26 1
13 25 1
13 24 1
14 23 1
15 22 1
16 21 1
17 21 1
18 20 1
19 19 1
20 18 1
21 17 1
22 17 1
23 16 1
24 16 1
25 15 1
25 14 1
26 13 1
.PEN_UP
.PEN_DOWN
54 55 1
53 56 1
52 56 1
51 57 1
50 58 1
49 58 1
48 59 1
47 59 1
46 60 1
45 61 1
44 62 1
43 63 1
42 64 1
41 65 1
40 66 1
39 66 1
38 67 1
38 68 1
38 69 1
38 70 1
39 71 1
39 72 1
40 73 1
41 74 1
42 75 1
43 75 1
.PEN_UP
.PEN_DOWN
26 162 1
27 163 1
28 164 1
28 165 1
29 166 1
29 167 1
30 168 1
32 168 1
33 168 1
34 167 1
35 167 1
36 167 1
37 166 1
38 165 1
39 165 1
40 164 1
41 164 1
42 163 1
43 162 1
44 162 1
45 162 1
46 161 1
.PEN_UP
.PEN_DOWN
31 168 1
30 170 1
30 171 1
30 172 1
28 174 1
27 175 1
26 175 1
25 176 1
24 176 1
23 177 1
22 178 1
21 179 1
20 179 1
19 180 1
18 181 1
17 181 1
16 182 1
15 183 1
14 184 1
13 185 1
12 186 1
.PEN_UP
.PEN_DOWN
29 173 1
32 174 1
33 175 1
33 176 1
34 177 1
34 178 1
35 179 1
36 180 1
36 181 1
37 182 1
38 183 1
40 184 1
41 184 1
42 184 1
43 185 1
44 186 1
45 187 1
45 188 1
46 189 1
46 190 1
47 191 1
.PEN_UP
.PEN_DOWN
38 184 1
38 186 1
38 187 1
39 188 1
39 189 1
39 190 1
40 191 1
40 192 1
40 193 1
40 194 1
40 195 1
40 196 1
40 197 1
40 198 1
40 199 1
40 200 1
40 201 1
40 202 1
39 203 1
38 204 1
37 205 1
36 206 1
35 206 1
.PEN_UP
.PEN_DOWN
9 206 1
10 206 1
11 206 1
12 206 1
13 206 1
14 206 1
15 206 1
16 206 1
.PEN_UP
