.PEN_DOWN
30 38 1
29 37 1
28 36 1
28 35 1
27 34 1
27 33 1
27 32 1
27 31 1
27 30 1
26 29 1
26 28 1
26 27 1
27 26 1
27 25 1
28 24 1
28 23 1
28 22 1
29 21 1
29 20 1
30 19 1
31 18 1
31 17 1
32 16 1
33 15 1
34 14 1
35 13 1
36 12 1
36 11 1
37 10 1
38 9 1
39 8 1
40 7 1
41 7 1
42 6 1
43 5 1
44 4 1
45 3 1
46 3 1
47 2 1
48 2 1
49 1 1
50 1 1
51 1 1
52 1 1
53 1 1
54 1 1
55 1 1
56 1 1
57 1 1
58 1 1
59 2 1
60 3 1
60 4 1
60 5 1
60 6 1
60 7 1
60 8 1
60 9 1
60 10 1
60 11 1
60 12 1
60 13 1
60 14 1
59 15 1
59 16 1
59 17 1
59 18 1
.PEN_UP
.PEN_DOWN
40 59 1
40 60 1
39 61 1
39 62 1
38 63 1
38 64 1
37 65 1
37 66 1
37 67 1
36 69 1
35 69 1
34 70 1
35 72 1
35 73 1
35 74 1
35 75 1
35 76 1
36 77 1
37 78 1
38 79 1
39 79 1
40 79 1
41 79 1
42 78 1
43 77 1
44 76 1
45 75 1
46 74 1
47 73 1
47 72 1
48 71 1
49 70 1
50 69 1
51 68 1
51 67 1
52 66 1
53 65 1
54 64 1
54 63 1
55 62 1
55 61 1
56 60 1
57 59 1
57 58 1
57 57 1
58 56 1
58 55 1
58 54 1
59 53 1
59 52 1
59 51 1
60 50 1
60 49 1
60 48 1
60 47 1
60 46 1
59 45 1
59 44 1
58 43 1
57 42 1
56 41 1
55 41 1
54 41 1
53 41 1
52 41 1
51 41 1
50 42 1
49 43 1
48 43 1
47 44 1
46 45 1
45 45 1
44 46 1
43 47 1
42 48 1
41 49 1
40 50 1
39 51 1
38 52 1
37 53 1
36 54 1
35 55 1
34 56 1
33 57 1
32 58 1
32 59 1
31 60 1
30 61 1
30 62 1
30 63 1
29 64 1
28 65 1
28 66 1
28 67 1
28 68 1
29 69 1
30 70 1
31 70 1
32 70 1
33 70 1
.PEN_UP
.PEN_DOWN
38 111 1
37 110 1
36 110 1
35 110 1
34 109 1
33 107 1
34 106 1
34 105 1
34 104 1
35 103 1
35 102 1
35 101 1
36 100 1
36 99 1
37 98 1
38 98 1
39 97 1
40 96 1
41 95 1
42 95 1
43 94 1
44 94 1
45 93 1
46 93 1
47 93 1
48 92 1
49 92 1
50 92 1
51 92 1
52 93 1
53 93 1
54 94 1
55 95 1
56 96 1
56 97 1
56 98 1
56 99 1
56 100 1
56 101 1
56 102 1
55 103 1
55 104 1
55 105 1
54 106 1
54 107 1
53 108 1
52 109 1
52 110 1
51 111 1
50 112 1
49 113 1
48 114 1
47 115 1
46 116 1
45 117 1
44 118 1
43 119 1
42 120 1
41 120 1
40 121 1
39 121 1
38 121 1
37 121 1
36 121 1
35 120 1
34 119 1
33 118 1
32 117 1
31 116 1
31 115 1
31 114 1
31 113 1
31 112 1
31 111 1
31 110 1
32 109 1
.PEN_UP
.PEN_DOWN
31 150 1
32 151 1
33 151 1
34 151 1
35 151 1
36 151 1
37 150 1
38 150 1
39 149 1
40 149 1
41 149 1
42 148 1
43 148 1
44 148 1
45 148 1
46 148 1
49 147 1
50 147 1
51 146 1
52 145 1
53 145 1
54 144 1
55 144 1
56 144 1
57 143 1
58 143 1
59 142 1
60 142 1
61 141 1
62 141 1
63 140 1
64 140 1
67 140 1
68 140 1
69 139 1
70 139 1
71 139 1
72 139 1
73 139 1
74 139 1
75 138 1
76 138 1
77 137 1
78 137 1
79 137 1
80 137 1
81 136 1
82 136 1
83 135 1
84 135 1
85 135 1
86 134 1
87 134 1
88 134 1
89 133 1
90 133 1
91 132 1
92 132 1
93 132 1
94 131 1
94 130 1
95 129 1
96 128 1
98 127 1
99 127 1
100 126 1
.PEN_UP
.PEN_DOWN
96 127 1
95 126 1
94 125 1
93 125 1
92 125 1
91 125 1
90 125 1
89 126 1
88 126 1
87 126 1
86 126 1
85 126 1
84 127 1
83 127 1
82 128 1
81 128 1
80 128 1
79 129 1
78 129 1
77 130 1
76 130 1
75 130 1
74 131 1
73 131 1
72 132 1
71 132 1
70 133 1
69 133 1
68 134 1
67 135 1
66 136 1
66 137 1
65 138 1
65 139 1
.PEN_UP
.PEN_DOWN
47 148 1
47 150 1
47 151 1
47 152 1
46 153 1
46 154 1
45 155 1
45 156 1
44 157 1
44 158 1
44 159 1
43 160 1
43 161 1
43 162 1
44 163 1
45 163 1
46 163 1
47 163 1
48 162 1
49 162 1
50 161 1
51 160 1
52 160 1
53 159 1
54 158 1
55 157 1
56 156 1
57 155 1
58 154 1
59 153 1
60 152 1
61 151 1
62 150 1
63 150 1
64 149 1
64 148 1
.PEN_UP
.PEN_DOWN
65 170 1
65 171 1
66 172 1
66 173 1
65 174 1
65 175 1
65 176 1
65 177 1
65 178 1
64 179 1
64 180 1
63 181 1
63 182 1
62 183 1
61 184 1
61 185 1
60 186 1
60 187 1
59 188 1
58 188 1
57 189 1
56 190 1
55 193 1
54 194 1
53 195 1
52 196 1
51 197 1
50 198 1
49 199 1
48 200 1
47 200 1
46 201 1
45 202 1
44 203 1
43 204 1
42 204 1
41 205 1
40 205 1
39 205 1
38 206 1
37 205 1
36 204 1
36 203 1
36 202 1
36 201 1
36 200 1
36 199 1
37 198 1
38 197 1
39 196 1
40 195 1
41 194 1
42 193 1
43 193 1
44 192 1
45 191 1
46 190 1
47 190 1
48 189 1
49 189 1
50 189 1
51 189 1
52 189 1
53 189 1
54 189 1
55 190 1
57 193 1
58 194 1
59 195 1
59 196 1
59 197 1
59 198 1
60 199 1
60 200 1
60 201 1
59 202 1
59 203 1
59 204 1
59 205 1
59 206 1
59 207 1
59 208 1
59 209 1
59 210 1
59 211 1
59 212 1
.PEN_UP
.PEN_DOWN
40 234 1
41 233 1
42 233 1
43 233 1
44 233 1
45 233 1
46 233 1
47 232 1
48 232 1
49 232 1
50 231 1
51 231 1
52 230 1
53 230 1
54 230 1
55 230 1
56 229 1
57 229 1
58 228 1
59 228 1
60 228 1
61 228 1
62 228 1
63 227 1
64 227 1
65 227 1
66 228 1
66 229 1
66 230 1
65 231 1
65 232 1
64 233 1
63 234 1
62 235 1
61 236 1
60 237 1
59 238 1
58 239 1
57 240 1
56 241 1
55 242 1
55 243 1
54 244 1
53 245 1
52 246 1
51 247 1
50 248 1
50 249 1
50 250 1
49 251 1
.PEN_UP
.PEN_DOWN
40 302 1
41 302 1
42 301 1
44 301 1
45 300 1
46 300 1
47 300 1
48 300 1
49 299 1
50 299 1
51 298 1
52 298 1
53 298 1
54 297 1
55 297 1
56 296 1
57 296 1
58 295 1
59 295 1
60 295 1
61 295 1
62 296 1
63 297 1
63 298 1
63 299 1
63 300 1
62 301 1
62 302 1
61 303 1
.PEN_UP
.PEN_DOWN
42 300 1
43 299 1
43 298 1
43 297 1
43 296 1
43 295 1
44 294 1
44 293 1
45 292 1
45 291 1
46 290 1
46 289 1
47 288 1
48 287 1
48 286 1
48 285 1
49 284 1
49 283 1
51 281 1
52 281 1
53 280 1
53 279 1
54 278 1
55 277 1
55 276 1
56 275 1
57 274 1
57 273 1
58 272 1
58 271 1
58 270 1
58 269 1
58 268 1
59 267 1
59 266 1
59 265 1
58 264 1
57 263 1
56 263 1
55 263 1
54 264 1
53 264 1
52 264 1
51 265 1
50 265 1
49 266 1
48 267 1
47 268 1
46 269 1
45 270 1
44 271 1
43 272 1
42 273 1
41 274 1
41 275 1
40 276 1
39 277 1
39 278 1
39 279 1
39 280 1
39 281 1
40 282 1
41 282 1
42 282 1
43 282 1
44 282 1
45 282 1
46 282 1
47 282 1
48 282 1
.PEN_UP
.PEN_DOWN
56 323 1
55 324 1
54 324 1
53 325 1
52 326 1
51 327 1
50 327 1
49 328 1
48 329 1
47 330 1
46 331 1
45 332 1
43 332 1
42 332 1
41 332 1
40 333 1
39 333 1
38 334 1
38 335 1
37 336 1
36 337 1
35 337 1
34 338 1
33 339 1
32 339 1
31 340 1
30 341 1
29 341 1
28 342 1
27 343 1
26 344 1
25 344 1
24 345 1
23 346 1
22 346 1
21 347 1
20 347 1
19 348 1
18 349 1
17 350 1
16 350 1
15 351 1
14 352 1
13 352 1
12 353 1
11 353 1
10 354 1
9 355 1
8 355 1
7 356 1
6 357 1
5 358 1
4 358 1
3 359 1
2 359 1
1 360 1
.PEN_UP
.PEN_DOWN
44 332 1
46 334 1
47 334 1
48 335 1
49 336 1
50 337 1
51 338 1
51 339 1
52 340 1
52 341 1
52 342 1
52 343 1
53 344 1
53 345 1
53 346 1
53 347 1
53 348 1
52 349 1
52 350 1
52 351 1
51 352 1
51 353 1
51 354 1
51 355 1
51 356 1
50 357 1
47 360 1
47 361 1
46 362 1
46 363 1
46 364 1
45 365 1
44 366 1
43 367 1
42 368 1
41 369 1
40 370 1
39 371 1
38 371 1
37 371 1
36 372 1
35 372 1
34 372 1
33 371 1
33 370 1
33 369 1
33 368 1
34 367 1
34 366 1
35 365 1
36 364 1
36 363 1
37 362 1
38 361 1
39 360 1
40 360 1
41 359 1
42 359 1
43 359 1
44 358 1
45 358 1
46 358 1
.PEN_UP
.PEN_DOWN
47 358 1
51 360 1
52 360 1
53 360 1
54 361 1
54 362 1
54 363 1
55 364 1
55 365 1
56 366 1
56 367 1
56 368 1
56 369 1
56 370 1
57 371 1
57 372 1
57 373 1
57 374 1
57 375 1
57 376 1
57 377 1
57 378 1
57 379 1
57 380 1
56 381 1
.PEN_UP
