.PEN_DOWN
5 38 1
4 38 1
3 38 1
2 37 1
1 36 1
2 35 1
2 34 1
2 33 1
3 32 1
4 31 1
5 30 1
6 29 1
7 28 1
8 28 1
9 27 1
10 26 1
11 26 1
12 25 1
13 25 1
14 24 1
15 24 1
16 24 1
17 23 1
18 23 1
19 23 1
20 22 1
21 22 1
22 22 1
23 21 1
24 21 1
25 21 1
26 20 1
27 20 1
28 20 1
29 20 1
30 19 1
31 19 1
32 19 1
33 19 1
35 18 1
36 17 1
37 16 1
39 16 1
40 15 1
41 15 1
42 15 1
43 15 1
44 15 1
45 15 1
46 15 1
47 14 1
48 14 1
49 14 1
50 13 1
51 13 1
52 13 1
53 12 1
54 12 1
55 11 1
56 11 1
57 11 1
58 10 1
59 10 1
60 9 1
61 9 1
62 8 1
63 7 1
63 6 1
63 5 1
62 4 1
61 3 1
60 2 1
59 2 1
58 1 1
57 1 1
56 1 1
55 1 1
54 1 1
53 1 1
52 1 1
51 1 1
50 1 1
49 1 1
48 2 1
47 2 1
46 2 1
45 3 1
44 3 1
43 4 1
42 5 1
41 5 1
40 6 1
39 7 1
39 8 1
38 9 1
38 10 1
38 11 1
38 12 1
37 13 1
37 14 1
37 15 1
.PEN_UP
.PEN_DOWN
34 19 1
34 21 1
34 22 1
35 23 1
35 24 1
35 25 1
35 26 1
35 27 1
35 28 1
35 29 1
35 30 1
35 31 1
35 32 1
34 33 1
34 34 1
34 35 1
34 36 1
35 37 1
35 38 1
34 40 1
33 41 1
32 42 1
31 43 1
31 44 1
31 45 1
30 46 1
30 47 1
31 48 1
32 49 1
33 49 1
34 49 1
35 49 1
36 49 1
37 49 1
38 49 1
39 48 1
40 47 1
40 46 1
40 45 1
41 44 1
41 43 1
41 42 1
41 41 1
40 40 1
39 39 1
38 39 1
37 39 1
36 39 1
.PEN_UP
.PEN_DOWN
25 69 1
26 68 1
27 68 1
28 68 1
29 67 1
30 67 1
31 67 1
32 67 1
33 68 1
34 68 1
35 69 1
36 69 1
37 70 1
38 71 1
39 72 1
39 73 1
39 74 1
39 75 1
39 76 1
39 77 1
38 78 1
38 79 1
37 80 1
36 81 1
36 82 1
35 83 1
35 84 1
34 85 1
33 86 1
33 87 1
33 88 1
32 89 1
32 90 1
31 91 1
31 92 1
30 93 1
30 94 1
30 95 1
30 96 1
29 97 1
29 98 1
29 99 1
28 100 1
.PEN_UP
