.PEN_DOWN
50 1 1
51 2 1
52 2 1
53 3 1
54 3 1
55 4 1
56 4 1
57 5 1
58 5 1
59 5 1
60 5 1
61 6 1
62 6 1
63 6 1
64 6 1
65 6 1
66 6 1
67 6 1
68 6 1
69 6 1
70 6 1
71 5 1
72 5 1
73 5 1
74 5 1
75 5 1
76 5 1
77 5 1
78 5 1
79 5 1
80 5 1
81 5 1
82 5 1
83 5 1
84 6 1
85 7 1
86 8 1
86 9 1
85 10 1
85 11 1
85 12 1
84 13 1
84 14 1
83 15 1
82 16 1
81 17 1
80 18 1
79 19 1
78 20 1
77 21 1
77 22 1
76 23 1
75 23 1
74 24 1
73 25 1
72 26 1
71 26 1
70 27 1
69 28 1
68 28 1
67 29 1
66 29 1
65 30 1
64 30 1
63 30 1
62 30 1
61 31 1
60 31 1
59 31 1
58 32 1
57 33 1
56 33 1
55 34 1
54 34 1
53 34 1
52 34 1
51 34 1
.PEN_UP
.PEN_DOWN
49 83 1
50 83 1
51 83 1
52 82 1
55 82 1
56 83 1
57 83 1
58 83 1
59 84 1
60 84 1
61 85 1
62 86 1
63 86 1
64 87 1
65 87 1
66 87 1
67 87 1
68 87 1
69 87 1
70 88 1
71 88 1
73 89 1
73 90 1
74 91 1
75 92 1
76 93 1
77 94 1
77 95 1
78 96 1
78 97 1
78 98 1
78 99 1
79 100 1
79 101 1
79 102 1
79 103 1
.PEN_UP
.PEN_DOWN
72 87 1
73 86 1
74 85 1
75 84 1
76 83 1
77 82 1
77 81 1
78 80 1
79 79 1
79 78 1
80 77 1
80 76 1
80 75 1
81 74 1
81 73 1
81 72 1
82 71 1
82 70 1
82 69 1
82 68 1
83 67 1
83 66 1
83 65 1
83 64 1
82 63 1
82 62 1
82 61 1
82 60 1
82 59 1
82 58 1
82 57 1
82 56 1
82 55 1
81 54 1
81 53 1
81 52 1
80 51 1
79 50 1
78 49 1
77 49 1
76 48 1
75 47 1
74 47 1
73 46 1
72 46 1
71 46 1
70 46 1
69 46 1
68 46 1
67 46 1
66 46 1
65 46 1
64 46 1
63 46 1
62 47 1
61 47 1
60 47 1
59 47 1
58 48 1
57 48 1
56 49 1
55 50 1
54 51 1
53 52 1
53 53 1
53 54 1
53 55 1
52 56 1
51 56 1
50 57 1
50 58 1
49 59 1
49 60 1
49 61 1
48 62 1
48 63 1
48 64 1
48 65 1
48 66 1
48 67 1
49 68 1
49 69 1
49 70 1
49 71 1
49 72 1
49 73 1
50 74 1
50 75 1
51 76 1
52 77 1
52 78 1
52 79 1
53 80 1
53 81 1
.PEN_UP
.PEN_DOWN
72 115 1
73 114 1
73 113 1
74 112 1
73 110 1
72 110 1
71 110 1
70 110 1
69 110 1
68 110 1
67 110 1
66 110 1
65 110 1
64 110 1
63 110 1
62 110 1
61 110 1
60 110 1
59 110 1
58 110 1
57 111 1
56 112 1
55 112 1
54 113 1
53 114 1
52 115 1
51 116 1
50 117 1
50 118 1
50 119 1
49 120 1
49 121 1
48 122 1
48 123 1
47 124 1
47 125 1
47 126 1
47 127 1
47 128 1
47 129 1
47 130 1
47 131 1
48 132 1
48 133 1
49 134 1
49 135 1
50 136 1
51 137 1
52 138 1
53 139 1
54 140 1
55 141 1
56 142 1
57 142 1
58 143 1
.PEN_UP
.PEN_DOWN
74 111 1
76 111 1
77 111 1
78 111 1
79 111 1
80 111 1
81 111 1
82 112 1
83 112 1
.PEN_UP
.PEN_DOWN
60 158 1
61 158 1
62 157 1
63 156 1
64 156 1
65 156 1
66 156 1
67 155 1
68 155 1
69 154 1
70 154 1
71 153 1
72 153 1
73 153 1
74 153 1
75 152 1
76 152 1
77 152 1
78 151 1
79 151 1
80 151 1
81 151 1
82 151 1
83 151 1
84 151 1
85 151 1
86 150 1
87 150 1
88 150 1
89 150 1
90 150 1
91 150 1
92 151 1
93 152 1
93 153 1
.PEN_UP
.PEN_DOWN
61 189 1
60 190 1
59 190 1
58 190 1
57 188 1
57 187 1
57 186 1
58 185 1
58 184 1
59 183 1
60 182 1
61 181 1
62 180 1
63 179 1
64 179 1
65 178 1
66 177 1
67 177 1
68 176 1
69 176 1
70 176 1
71 175 1
72 175 1
73 175 1
74 174 1
75 174 1
76 174 1
77 174 1
78 174 1
79 174 1
80 174 1
81 174 1
82 174 1
83 174 1
84 174 1
85 175 1
86 175 1
87 175 1
88 176 1
89 176 1
90 177 1
91 178 1
92 179 1
92 180 1
92 181 1
92 182 1
93 183 1
93 184 1
93 185 1
93 186 1
94 187 1
94 188 1
94 189 1
93 190 1
93 191 1
93 192 1
93 193 1
93 194 1
93 195 1
93 196 1
93 197 1
93 198 1
92 199 1
92 200 1
92 201 1
91 202 1
91 203 1
91 204 1
90 205 1
90 206 1
89 207 1
88 208 1
87 209 1
86 210 1
85 211 1
84 212 1
83 212 1
82 213 1
81 213 1
80 214 1
78 215 1
77 215 1
76 215 1
75 215 1
74 215 1
73 215 1
72 215 1
71 214 1
70 214 1
69 213 1
68 213 1
67 212 1
66 211 1
65 211 1
64 210 1
63 210 1
62 209 1
61 209 1
60 208 1
59 208 1
58 207 1
57 207 1
56 206 1
55 205 1
55 204 1
54 203 1
54 202 1
54 201 1
54 200 1
53 199 1
53 198 1
54 197 1
54 196 1
55 195 1
55 194 1
56 193 1
56 192 1
56 191 1
57 190 1
.PEN_UP
.PEN_DOWN
79 215 1
80 217 1
80 218 1
81 219 1
82 220 1
82 221 1
83 222 1
84 223 1
84 224 1
85 225 1
85 226 1
86 227 1
86 228 1
87 229 1
87 230 1
87 231 1
88 232 1
88 233 1
.PEN_UP
.PEN_DOWN
10 251 1
11 250 1
12 250 1
13 250 1
14 250 1
15 249 1
16 249 1
17 249 1
18 249 1
19 249 1
20 249 1
21 249 1
22 249 1
23 249 1
24 248 1
25 248 1
26 248 1
27 248 1
28 248 1
29 248 1
30 248 1
31 248 1
32 248 1
33 248 1
34 248 1
35 248 1
36 248 1
37 248 1
38 248 1
39 248 1
40 248 1
41 248 1
42 248 1
43 248 1
44 248 1
45 247 1
46 247 1
47 247 1
48 247 1
49 247 1
50 247 1
51 247 1
52 247 1
53 247 1
54 247 1
55 247 1
56 247 1
57 247 1
58 247 1
59 247 1
60 247 1
61 247 1
62 246 1
63 246 1
64 246 1
65 246 1
66 246 1
67 246 1
68 246 1
69 246 1
70 246 1
71 246 1
72 246 1
73 246 1
74 246 1
75 246 1
76 246 1
77 247 1
78 247 1
79 247 1
80 248 1
81 249 1
82 250 1
83 251 1
83 252 1
83 253 1
83 254 1
83 255 1
83 256 1
85 257 1
86 257 1
87 258 1
88 259 1
89 260 1
89 261 1
89 262 1
89 263 1
90 264 1
90 265 1
90 266 1
90 267 1
90 268 1
90 269 1
90 270 1
89 271 1
89 272 1
89 273 1
89 274 1
88 275 1
87 276 1
86 277 1
85 278 1
84 278 1
83 278 1
82 279 1
81 279 1
80 279 1
79 279 1
78 280 1
77 280 1
76 280 1
75 280 1
74 280 1
73 281 1
72 281 1
71 280 1
70 280 1
69 280 1
68 280 1
67 280 1
66 279 1
65 278 1
65 277 1
65 276 1
65 275 1
66 274 1
66 273 1
67 272 1
68 272 1
69 271 1
70 270 1
71 269 1
72 268 1
73 268 1
74 267 1
75 266 1
76 265 1
77 264 1
78 263 1
78 262 1
79 261 1
80 260 1
81 259 1
82 258 1
83 257 1
.PEN_UP
.PEN_DOWN
57 302 1
58 302 1
59 301 1
60 301 1
61 301 1
62 301 1
63 301 1
64 301 1
65 301 1
66 301 1
67 301 1
68 301 1
69 301 1
70 301 1
71 301 1
72 301 1
73 300 1
74 300 1
75 300 1
76 300 1
77 300 1
78 300 1
79 300 1
80 300 1
81 299 1
82 299 1
83 299 1
84 300 1
85 300 1
86 300 1
87 300 1
88 300 1
89 300 1
90 300 1
91 301 1
92 302 1
91 303 1
.PEN_UP
.PEN_DOWN
77 318 1
77 319 1
77 320 1
76 321 1
76 322 1
75 323 1
75 324 1
74 325 1
74 326 1
74 327 1
73 328 1
73 329 1
72 330 1
72 331 1
71 332 1
71 333 1
71 334 1
69 335 1
68 335 1
67 335 1
66 335 1
65 335 1
64 335 1
61 335 1
60 335 1
59 335 1
58 335 1
57 335 1
56 335 1
55 335 1
54 335 1
53 335 1
52 335 1
51 336 1
50 336 1
49 336 1
48 336 1
47 336 1
46 336 1
45 337 1
44 337 1
43 337 1
42 337 1
41 338 1
40 338 1
39 338 1
38 339 1
37 339 1
36 339 1
35 339 1
34 340 1
33 340 1
32 340 1
31 341 1
30 341 1
29 341 1
28 341 1
27 342 1
26 342 1
25 342 1
24 343 1
23 343 1
22 344 1
21 344 1
20 344 1
19 344 1
18 345 1
17 345 1
16 346 1
15 347 1
14 347 1
13 347 1
12 348 1
12 349 1
11 350 1
9 351 1
8 351 1
7 351 1
6 351 1
5 351 1
4 352 1
3 352 1
2 352 1
1 352 1
.PEN_UP
.PEN_DOWN
10 351 1
12 352 1
13 352 1
14 352 1
15 352 1
16 352 1
17 352 1
18 352 1
19 352 1
20 351 1
21 351 1
22 351 1
23 351 1
24 351 1
25 351 1
26 351 1
27 351 1
28 351 1
29 351 1
30 350 1
31 350 1
32 350 1
33 350 1
34 350 1
35 350 1
36 350 1
37 349 1
38 349 1
39 349 1
40 348 1
41 348 1
42 348 1
43 348 1
44 347 1
45 347 1
46 347 1
47 347 1
48 346 1
49 346 1
50 346 1
51 345 1
52 345 1
53 345 1
54 344 1
55 344 1
56 343 1
57 343 1
58 342 1
59 342 1
60 341 1
61 340 1
62 339 1
62 338 1
63 337 1
63 336 1
.PEN_UP
.PEN_DOWN
70 335 1
73 336 1
74 336 1
75 336 1
76 336 1
77 337 1
78 337 1
79 338 1
80 338 1
81 339 1
82 340 1
82 341 1
82 342 1
83 343 1
83 344 1
83 345 1
83 346 1
83 347 1
83 348 1
83 349 1
83 350 1
83 351 1
83 352 1
83 353 1
82 354 1
82 355 1
81 356 1
81 357 1
81 358 1
80 359 1
80 360 1
80 361 1
79 362 1
78 363 1
77 364 1
76 365 1
75 366 1
74 367 1
74 368 1
74 369 1
73 370 1
73 371 1
71 372 1
70 372 1
69 372 1
68 373 1
67 373 1
66 373 1
65 374 1
64 374 1
63 375 1
62 375 1
61 376 1
60 377 1
.PEN_UP
.PEN_DOWN
72 372 1
74 373 1
75 373 1
76 373 1
77 373 1
78 374 1
79 374 1
80 374 1
81 374 1
82 375 1
83 376 1
84 377 1
85 378 1
86 379 1
86 380 1
87 381 1
86 382 1
86 383 1
86 384 1
86 385 1
86 386 1
85 387 1
85 388 1
84 389 1
83 390 1
.PEN_UP
.PEN_DOWN
32 396 1
32 397 1
32 398 1
32 399 1
.PEN_UP
.PEN_DOWN
62 401 1
62 402 1
62 403 1
62 404 1
61 405 1
61 406 1
61 407 1
61 408 1
62 409 1
62 410 1
62 411 1
62 412 1
62 413 1
60 417 1
59 417 1
58 417 1
57 417 1
56 417 1
55 417 1
54 417 1
53 418 1
52 418 1
51 418 1
50 418 1
49 419 1
48 419 1
47 419 1
46 420 1
45 420 1
44 420 1
43 420 1
42 420 1
41 420 1
40 421 1
39 421 1
38 421 1
37 421 1
36 421 1
35 422 1
34 422 1
33 422 1
32 422 1
31 422 1
30 422 1
29 422 1
28 422 1
27 422 1
26 423 1
25 423 1
24 423 1
23 423 1
22 423 1
21 423 1
20 423 1
19 423 1
18 423 1
17 423 1
16 423 1
15 423 1
14 423 1
13 423 1
12 423 1
11 423 1
10 423 1
9 423 1
8 423 1
7 422 1
6 422 1
5 422 1
4 422 1
3 422 1
.PEN_UP
.PEN_DOWN
62 414 1
62 419 1
62 420 1
62 421 1
62 422 1
62 423 1
62 424 1
63 425 1
63 426 1
63 427 1
63 428 1
63 429 1
63 430 1
63 431 1
63 432 1
63 433 1
63 434 1
64 435 1
66 436 1
67 436 1
68 436 1
69 437 1
70 437 1
71 438 1
72 439 1
72 440 1
72 441 1
72 442 1
73 443 1
73 444 1
73 445 1
73 446 1
73 447 1
73 448 1
73 449 1
72 450 1
72 451 1
72 452 1
72 453 1
71 454 1
71 455 1
70 456 1
70 457 1
70 458 1
70 459 1
70 460 1
69 461 1
69 462 1
69 463 1
68 465 1
67 465 1
66 466 1
65 467 1
64 467 1
63 467 1
62 468 1
61 469 1
60 470 1
.PEN_UP
.PEN_DOWN
69 464 1
71 464 1
72 464 1
73 464 1
74 464 1
75 463 1
76 463 1
77 463 1
78 463 1
79 463 1
80 462 1
81 462 1
82 462 1
83 462 1
84 462 1
85 462 1
86 462 1
87 462 1
88 461 1
89 461 1
90 461 1
91 461 1
92 461 1
93 461 1
94 461 1
95 461 1
96 461 1
97 461 1
98 461 1
99 461 1
100 461 1
101 461 1
102 461 1
103 461 1
104 461 1
105 461 1
106 461 1
107 461 1
108 461 1
109 461 1
110 461 1
111 461 1
112 461 1
113 461 1
114 461 1
115 461 1
116 461 1
117 461 1
118 461 1
119 461 1
120 461 1
121 461 1
122 461 1
123 461 1
124 461 1
125 461 1
126 461 1
127 462 1
128 462 1
129 462 1
130 462 1
131 462 1
132 461 1
133 461 1
134 461 1
135 460 1
135 459 1
136 458 1
136 457 1
136 456 1
136 455 1
136 454 1
135 453 1
135 452 1
135 451 1
134 450 1
134 449 1
134 448 1
133 447 1
132 446 1
131 445 1
130 444 1
129 443 1
128 442 1
127 441 1
126 440 1
125 440 1
124 440 1
123 439 1
122 439 1
121 439 1
120 439 1
119 439 1
118 439 1
117 439 1
116 439 1
115 440 1
114 440 1
113 440 1
112 440 1
111 441 1
110 442 1
110 443 1
.PEN_UP
.PEN_DOWN
63 436 1
62 437 1
61 437 1
60 437 1
59 438 1
58 438 1
57 439 1
56 439 1
55 440 1
54 441 1
53 441 1
52 442 1
51 443 1
.PEN_UP
.PEN_DOWN
63 414 1
64 414 1
65 414 1
66 414 1
67 414 1
68 414 1
69 414 1
70 414 1
71 414 1
72 414 1
73 414 1
74 414 1
75 413 1
76 413 1
77 413 1
78 413 1
79 414 1
80 414 1
81 414 1
82 414 1
83 414 1
84 414 1
85 414 1
86 414 1
87 415 1
.PEN_UP
