.PEN_DOWN
43 25 1
42 24 1
42 23 1
42 22 1
42 21 1
42 20 1
42 19 1
42 18 1
41 17 1
41 16 1
41 15 1
41 14 1
40 13 1
40 12 1
40 11 1
40 10 1
39 9 1
39 8 1
38 7 1
38 6 1
37 5 1
36 4 1
35 3 1
34 2 1
33 2 1
32 1 1
31 1 1
30 1 1
29 1 1
28 1 1
27 1 1
26 1 1
25 1 1
24 1 1
23 2 1
22 2 1
21 2 1
20 3 1
19 4 1
18 5 1
17 5 1
16 6 1
15 7 1
14 8 1
13 9 1
12 10 1
12 11 1
11 12 1
10 13 1
9 14 1
9 15 1
8 16 1
8 17 1
8 18 1
7 19 1
7 20 1
6 21 1
6 22 1
6 23 1
5 24 1
5 25 1
5 26 1
5 27 1
5 28 1
5 29 1
5 30 1
6 31 1
7 32 1
8 33 1
9 34 1
10 35 1
12 35 1
13 35 1
14 35 1
15 35 1
16 34 1
17 34 1
18 33 1
19 32 1
20 32 1
21 32 1
22 32 1
23 32 1
24 32 1
25 32 1
26 33 1
27 33 1
28 34 1
29 35 1
30 36 1
30 37 1
31 38 1
32 39 1
32 40 1
32 41 1
33 42 1
33 43 1
33 44 1
33 45 1
33 46 1
33 47 1
33 48 1
33 49 1
33 50 1
33 51 1
32 52 1
32 53 1
31 54 1
30 55 1
29 56 1
28 57 1
27 57 1
26 58 1
25 58 1
24 59 1
19 62 1
18 63 1
17 64 1
16 65 1
15 65 1
14 65 1
13 66 1
12 66 1
11 66 1
10 66 1
9 66 1
8 66 1
7 65 1
6 65 1
5 64 1
4 63 1
3 62 1
2 61 1
2 60 1
1 59 1
1 58 1
1 57 1
1 56 1
1 55 1
1 54 1
1 53 1
1 52 1
2 51 1
2 50 1
3 49 1
3 48 1
4 47 1
5 46 1
5 45 1
6 44 1
7 43 1
7 42 1
8 41 1
9 40 1
9 39 1
10 38 1
10 37 1
10 36 1
.PEN_UP
.PEN_DOWN
23 59 1
24 62 1
24 63 1
25 64 1
26 65 1
27 66 1
27 67 1
28 68 1
28 69 1
29 70 1
30 71 1
30 72 1
30 73 1
31 74 1
31 75 1
31 76 1
31 77 1
30 78 1
29 79 1
28 79 1
27 79 1
26 79 1
25 79 1
24 79 1
23 79 1
22 80 1
21 80 1
20 80 1
19 80 1
18 80 1
17 80 1
16 81 1
15 81 1
14 81 1
13 81 1
12 82 1
11 82 1
10 82 1
9 82 1
8 81 1
7 81 1
6 81 1
5 81 1
4 81 1
.PEN_UP
.PEN_DOWN
8 83 1
8 84 1
8 85 1
8 86 1
8 87 1
8 88 1
8 89 1
8 90 1
10 91 1
11 91 1
12 91 1
13 91 1
14 91 1
15 91 1
16 91 1
17 91 1
18 92 1
19 92 1
20 92 1
21 93 1
22 94 1
22 95 1
23 96 1
22 97 1
22 98 1
22 99 1
21 100 1
20 101 1
19 102 1
18 103 1
17 104 1
16 105 1
15 106 1
14 106 1
13 107 1
13 108 1
12 109 1
12 110 1
12 111 1
11 112 1
12 113 1
13 113 1
14 113 1
15 113 1
16 114 1
17 114 1
18 114 1
19 115 1
20 115 1
21 116 1
22 117 1
23 118 1
24 119 1
24 120 1
24 121 1
25 122 1
25 123 1
25 124 1
26 125 1
24 127 1
23 127 1
22 127 1
21 127 1
20 128 1
19 129 1
18 129 1
17 130 1
16 131 1
15 131 1
14 132 1
13 133 1
12 134 1
12 135 1
11 136 1
10 137 1
10 138 1
9 139 1
9 140 1
9 141 1
9 142 1
9 143 1
9 144 1
9 145 1
10 146 1
11 146 1
12 146 1
13 146 1
14 146 1
15 146 1
16 146 1
17 145 1
18 145 1
19 145 1
20 144 1
21 143 1
22 142 1
23 141 1
24 140 1
25 139 1
26 138 1
26 137 1
27 136 1
27 135 1
27 134 1
28 133 1
28 132 1
28 131 1
28 130 1
29 129 1
31 128 1
32 128 1
33 129 1
34 129 1
35 129 1
36 130 1
37 130 1
38 131 1
39 131 1
40 132 1
41 133 1
42 133 1
43 134 1
44 135 1
45 136 1
46 137 1
47 138 1
47 139 1
48 140 1
49 141 1
49 142 1
50 143 1
51 144 1
51 145 1
52 146 1
53 147 1
53 148 1
53 149 1
54 150 1
54 151 1
55 152 1
56 153 1
56 154 1
56 155 1
57 156 1
.PEN_UP
