.PEN_DOWN
13 3 1
14 2 1
15 2 1
16 2 1
17 2 1
18 2 1
19 2 1
20 2 1
21 2 1
22 2 1
23 2 1
24 2 1
25 2 1
26 2 1
27 2 1
28 2 1
29 2 1
30 2 1
31 2 1
32 2 1
33 2 1
34 2 1
35 1 1
36 1 1
37 1 1
38 2 1
39 3 1
40 4 1
40 5 1
40 6 1
39 7 1
39 8 1
39 9 1
38 10 1
37 11 1
36 12 1
35 13 1
34 14 1
33 15 1
32 16 1
31 17 1
30 17 1
29 18 1
29 19 1
28 20 1
28 21 1
26 22 1
25 22 1
24 22 1
23 22 1
.PEN_UP
.PEN_DOWN
27 22 1
29 24 1
30 24 1
31 25 1
32 25 1
33 25 1
34 26 1
35 26 1
36 26 1
37 26 1
38 27 1
39 27 1
40 28 1
40 29 1
41 30 1
41 31 1
40 32 1
40 33 1
40 34 1
40 35 1
39 36 1
39 37 1
38 38 1
38 39 1
37 40 1
36 41 1
35 42 1
34 43 1
33 44 1
32 45 1
31 45 1
30 46 1
29 47 1
28 48 1
27 48 1
26 49 1
25 50 1
25 51 1
24 52 1
24 53 1
23 54 1
22 54 1
21 55 1
20 55 1
19 56 1
19 57 1
19 58 1
.PEN_UP
.PEN_DOWN
24 55 1
25 56 1
26 56 1
27 56 1
28 56 1
29 56 1
30 56 1
31 56 1
32 57 1
33 58 1
34 59 1
35 60 1
35 61 1
35 62 1
35 63 1
35 64 1
35 65 1
35 66 1
.PEN_UP
.PEN_DOWN
21 74 1
21 75 1
20 76 1
20 77 1
20 78 1
20 79 1
19 81 1
18 82 1
18 83 1
17 84 1
17 85 1
17 86 1
17 87 1
18 88 1
18 89 1
.PEN_UP
.PEN_DOWN
20 80 1
22 80 1
23 80 1
24 80 1
25 80 1
26 80 1
27 80 1
28 79 1
29 79 1
30 79 1
31 79 1
32 79 1
33 79 1
34 80 1
35 80 1
36 81 1
37 82 1
37 83 1
38 84 1
38 85 1
38 86 1
37 87 1
.PEN_UP
.PEN_DOWN
33 104 1
32 105 1
31 106 1
31 107 1
30 108 1
26 108 1
25 107 1
24 107 1
23 107 1
22 107 1
21 107 1
20 107 1
19 107 1
18 107 1
17 107 1
16 107 1
15 108 1
14 108 1
13 108 1
12 108 1
11 108 1
10 108 1
9 108 1
8 108 1
7 108 1
6 108 1
5 109 1
4 109 1
3 109 1
2 109 1
1 110 1
.PEN_UP
.PEN_DOWN
29 109 1
31 111 1
32 112 1
33 113 1
34 114 1
35 115 1
35 116 1
36 117 1
36 118 1
36 119 1
37 120 1
37 121 1
36 122 1
36 123 1
.PEN_UP
.PEN_DOWN
28 109 1
26 111 1
25 112 1
24 113 1
24 114 1
24 115 1
24 116 1
24 117 1
24 118 1
24 119 1
24 120 1
.PEN_UP
