.PEN_DOWN
1 10 1
2 10 1
3 10 1
4 10 1
5 11 1
6 11 1
7 11 1
.PEN_UP
.PEN_DOWN
28 8 1
29 8 1
30 7 1
31 7 1
32 7 1
33 7 1
34 7 1
35 7 1
36 6 1
37 6 1
38 6 1
39 6 1
40 5 1
41 5 1
42 5 1
43 5 1
44 5 1
45 5 1
46 5 1
47 5 1
48 5 1
49 4 1
50 4 1
51 3 1
52 3 1
53 3 1
54 2 1
55 2 1
56 2 1
57 2 1
58 1 1
.PEN_UP
.PEN_DOWN
30 42 1
29 41 1
29 40 1
28 39 1
28 38 1
28 37 1
28 36 1
29 35 1
30 34 1
31 34 1
32 34 1
33 34 1
34 34 1
35 34 1
36 34 1
37 34 1
38 34 1
39 34 1
40 34 1
41 35 1
42 35 1
43 35 1
44 36 1
45 36 1
46 36 1
47 36 1
48 36 1
49 37 1
50 37 1
51 36 1
51 35 1
51 34 1
51 33 1
51 32 1
51 31 1
51 30 1
51 29 1
50 28 1
50 27 1
50 26 1
50 25 1
49 24 1
48 23 1
47 23 1
.PEN_UP
