.PEN_DOWN
41 35 1
40 35 1
39 35 1
38 35 1
37 34 1
36 34 1
35 34 1
34 34 1
33 34 1
32 34 1
31 34 1
30 33 1
29 33 1
28 32 1
27 32 1
26 31 1
25 31 1
24 30 1
23 30 1
22 29 1
21 29 1
20 28 1
19 27 1
18 26 1
17 25 1
16 24 1
15 23 1
15 22 1
14 21 1
13 20 1
13 19 1
13 18 1
13 17 1
13 16 1
14 15 1
14 14 1
15 13 1
16 12 1
17 12 1
18 11 1
19 11 1
20 11 1
21 11 1
22 11 1
23 11 1
24 11 1
25 11 1
26 11 1
27 11 1
28 11 1
29 11 1
30 11 1
31 11 1
32 11 1
33 11 1
34 11 1
35 11 1
36 11 1
37 11 1
38 11 1
39 11 1
40 11 1
41 11 1
42 11 1
43 11 1
44 11 1
45 11 1
46 11 1
47 11 1
48 11 1
49 11 1
50 11 1
51 11 1
52 11 1
53 11 1
54 11 1
55 11 1
56 11 1
57 11 1
58 11 1
59 11 1
60 11 1
61 11 1
62 11 1
63 11 1
64 11 1
65 11 1
68 10 1
69 10 1
70 10 1
73 10 1
74 10 1
75 10 1
76 10 1
77 10 1
78 10 1
79 10 1
80 10 1
81 10 1
82 10 1
83 10 1
84 9 1
85 9 1
86 9 1
88 11 1
89 12 1
90 12 1
91 12 1
92 12 1
93 12 1
94 12 1
95 12 1
96 11 1
97 10 1
98 9 1
97 7 1
96 7 1
95 7 1
94 7 1
93 7 1
92 7 1
91 7 1
90 7 1
89 7 1
88 8 1
.PEN_UP
.PEN_DOWN
98 8 1
100 9 1
101 9 1
102 9 1
103 8 1
104 8 1
105 9 1
106 9 1
.PEN_UP
.PEN_DOWN
71 9 1
71 8 1
71 7 1
71 6 1
72 5 1
72 4 1
72 3 1
73 2 1
73 1 1
.PEN_UP
.PEN_DOWN
66 11 1
66 13 1
66 14 1
66 15 1
65 16 1
65 17 1
65 18 1
64 19 1
64 20 1
64 21 1
63 22 1
.PEN_UP
.PEN_DOWN
64 76 1
65 76 1
66 75 1
67 75 1
68 74 1
69 74 1
70 73 1
71 73 1
72 73 1
73 72 1
74 72 1
75 72 1
76 72 1
77 71 1
78 70 1
79 70 1
80 70 1
81 69 1
82 69 1
85 69 1
86 69 1
87 69 1
88 69 1
89 69 1
90 70 1
91 71 1
91 73 1
91 74 1
90 75 1
89 76 1
88 76 1
87 77 1
86 78 1
85 78 1
84 79 1
83 80 1
83 81 1
82 82 1
80 83 1
79 84 1
78 84 1
77 84 1
76 84 1
75 85 1
74 85 1
73 85 1
72 86 1
71 86 1
70 87 1
.PEN_UP
.PEN_DOWN
83 84 1
84 85 1
84 87 1
84 88 1
83 89 1
82 90 1
81 90 1
80 91 1
79 92 1
78 92 1
77 93 1
76 93 1
75 94 1
74 94 1
73 95 1
72 96 1
71 96 1
70 97 1
69 98 1
68 99 1
68 100 1
68 101 1
68 102 1
66 103 1
65 103 1
64 104 1
63 104 1
62 104 1
61 104 1
.PEN_UP
.PEN_DOWN
67 103 1
70 103 1
71 103 1
72 103 1
73 103 1
74 103 1
75 103 1
76 103 1
77 103 1
78 103 1
79 103 1
80 103 1
81 103 1
82 103 1
83 103 1
84 102 1
85 102 1
86 102 1
87 102 1
88 102 1
89 102 1
90 102 1
91 102 1
92 102 1
93 102 1
94 102 1
.PEN_UP
.PEN_DOWN
83 68 1
83 67 1
83 66 1
84 65 1
84 64 1
84 63 1
85 62 1
85 61 1
86 60 1
87 59 1
87 58 1
87 57 1
87 56 1
88 55 1
88 54 1
89 53 1
89 52 1
89 51 1
90 50 1
90 49 1
89 48 1
89 47 1
88 46 1
88 45 1
87 44 1
86 43 1
85 43 1
84 42 1
83 42 1
82 42 1
81 42 1
80 42 1
79 42 1
78 42 1
77 42 1
76 43 1
76 44 1
75 45 1
74 46 1
72 47 1
71 47 1
70 47 1
69 47 1
68 48 1
67 49 1
66 50 1
65 51 1
64 51 1
63 51 1
62 52 1
61 53 1
60 54 1
60 55 1
59 56 1
59 57 1
59 58 1
59 59 1
60 60 1
61 60 1
62 60 1
63 60 1
64 60 1
65 60 1
66 59 1
67 59 1
68 58 1
69 57 1
70 56 1
71 55 1
71 54 1
70 53 1
69 52 1
68 52 1
67 51 1
.PEN_UP
.PEN_DOWN
72 53 1
73 52 1
74 51 1
74 50 1
74 49 1
74 48 1
74 47 1
.PEN_UP
.PEN_DOWN
64 133 1
65 133 1
66 132 1
67 131 1
69 130 1
70 130 1
71 130 1
72 130 1
73 129 1
74 129 1
75 129 1
76 129 1
77 129 1
78 129 1
79 129 1
80 128 1
81 128 1
82 128 1
83 128 1
85 129 1
86 129 1
87 129 1
88 129 1
89 130 1
90 130 1
91 131 1
92 132 1
92 133 1
92 134 1
92 135 1
91 136 1
91 137 1
90 138 1
89 139 1
88 140 1
87 141 1
86 142 1
85 143 1
85 144 1
83 145 1
82 145 1
81 145 1
80 145 1
79 145 1
78 145 1
77 145 1
76 146 1
75 146 1
74 147 1
73 148 1
72 149 1
.PEN_UP
.PEN_DOWN
84 145 1
87 146 1
88 147 1
89 148 1
89 149 1
89 150 1
89 151 1
88 152 1
88 153 1
87 154 1
86 155 1
85 156 1
84 157 1
84 158 1
83 159 1
83 160 1
81 161 1
80 161 1
79 161 1
78 161 1
77 161 1
76 161 1
75 161 1
74 161 1
73 162 1
72 162 1
71 162 1
70 162 1
69 162 1
68 162 1
67 161 1
66 161 1
65 161 1
64 161 1
63 161 1
62 161 1
61 161 1
60 161 1
59 161 1
58 161 1
57 161 1
56 161 1
55 161 1
54 161 1
53 162 1
52 162 1
51 162 1
50 162 1
49 162 1
48 162 1
47 162 1
46 162 1
45 162 1
44 162 1
43 162 1
42 162 1
41 162 1
40 163 1
39 163 1
38 163 1
37 163 1
36 163 1
35 163 1
34 163 1
33 163 1
32 164 1
31 164 1
30 164 1
29 164 1
28 164 1
27 164 1
26 164 1
25 165 1
24 165 1
23 165 1
22 165 1
21 165 1
20 165 1
19 165 1
18 165 1
17 166 1
16 166 1
15 166 1
14 166 1
13 167 1
12 167 1
11 167 1
10 167 1
9 167 1
8 168 1
7 168 1
6 168 1
5 169 1
4 169 1
3 170 1
2 170 1
1 171 1
1 172 1
1 173 1
1 174 1
2 175 1
3 176 1
4 176 1
5 176 1
6 176 1
7 176 1
8 176 1
9 176 1
10 177 1
11 177 1
12 177 1
13 177 1
14 177 1
15 177 1
16 177 1
17 177 1
18 177 1
19 177 1
20 177 1
21 177 1
22 177 1
23 177 1
24 177 1
25 176 1
26 176 1
27 176 1
28 176 1
29 176 1
30 176 1
31 176 1
32 176 1
33 175 1
34 175 1
35 175 1
36 175 1
37 175 1
38 175 1
39 175 1
40 175 1
41 175 1
42 174 1
43 174 1
44 174 1
45 173 1
46 173 1
47 173 1
48 173 1
49 172 1
50 172 1
51 172 1
52 171 1
53 171 1
54 171 1
55 170 1
56 170 1
57 170 1
58 169 1
59 169 1
60 168 1
61 168 1
62 168 1
63 167 1
64 167 1
65 166 1
66 165 1
67 164 1
67 163 1
.PEN_UP
.PEN_DOWN
82 161 1
84 162 1
85 162 1
86 162 1
87 162 1
88 162 1
89 162 1
90 162 1
91 162 1
92 162 1
.PEN_UP
.PEN_DOWN
84 127 1
84 126 1
85 125 1
85 124 1
86 123 1
87 122 1
87 121 1
88 120 1
88 119 1
88 118 1
87 117 1
86 117 1
85 117 1
84 117 1
83 117 1
82 117 1
81 117 1
80 117 1
79 117 1
78 117 1
77 118 1
76 118 1
75 119 1
74 119 1
73 119 1
72 120 1
71 120 1
70 121 1
69 122 1
68 123 1
67 123 1
66 124 1
66 125 1
65 126 1
65 127 1
66 128 1
66 129 1
67 130 1
.PEN_UP
.PEN_DOWN
100 205 1
100 204 1
101 203 1
101 202 1
101 201 1
102 200 1
102 199 1
102 198 1
102 197 1
103 196 1
103 195 1
104 194 1
104 193 1
104 192 1
104 191 1
104 190 1
104 189 1
104 188 1
104 187 1
104 186 1
103 185 1
103 184 1
102 183 1
102 182 1
101 181 1
100 180 1
99 180 1
98 179 1
97 179 1
96 178 1
95 178 1
94 178 1
93 178 1
92 177 1
91 177 1
90 177 1
89 177 1
88 177 1
87 177 1
86 177 1
85 177 1
84 177 1
83 177 1
82 178 1
80 179 1
79 179 1
78 178 1
77 178 1
76 179 1
75 179 1
74 179 1
73 179 1
72 179 1
71 179 1
70 180 1
69 180 1
68 181 1
67 182 1
66 182 1
65 183 1
64 183 1
63 184 1
62 185 1
62 186 1
61 187 1
61 188 1
60 189 1
59 190 1
58 191 1
58 192 1
57 193 1
57 194 1
57 195 1
57 196 1
57 197 1
58 198 1
59 199 1
60 199 1
61 199 1
62 199 1
63 199 1
64 198 1
65 198 1
66 198 1
67 198 1
68 197 1
69 197 1
70 197 1
71 196 1
72 196 1
73 195 1
74 194 1
75 194 1
76 193 1
77 192 1
78 192 1
79 191 1
80 190 1
80 189 1
81 188 1
81 187 1
82 186 1
82 185 1
82 184 1
82 183 1
82 182 1
82 181 1
82 180 1
82 179 1
.PEN_UP
