.PEN_DOWN
24 5 1
25 4 1
26 3 1
27 3 1
28 2 1
29 2 1
30 2 1
31 2 1
32 1 1
33 1 1
34 1 1
35 1 1
36 1 1
37 1 1
38 1 1
39 1 1
40 1 1
41 1 1
42 1 1
43 1 1
44 1 1
45 1 1
46 1 1
47 1 1
48 2 1
49 2 1
50 2 1
51 3 1
52 3 1
53 4 1
54 4 1
55 5 1
56 6 1
57 7 1
58 8 1
59 9 1
59 10 1
59 11 1
60 12 1
60 13 1
60 14 1
60 15 1
59 16 1
59 17 1
59 18 1
58 19 1
57 20 1
56 21 1
55 21 1
54 22 1
53 23 1
52 23 1
51 24 1
50 24 1
49 25 1
48 25 1
47 26 1
46 27 1
46 28 1
45 29 1
43 30 1
42 30 1
41 30 1
40 30 1
39 30 1
38 30 1
37 31 1
36 31 1
35 31 1
34 31 1
33 31 1
32 31 1
31 32 1
30 32 1
29 33 1
28 33 1
27 33 1
26 34 1
.PEN_UP
.PEN_DOWN
44 30 1
46 31 1
47 32 1
48 32 1
49 33 1
50 33 1
51 33 1
52 34 1
53 34 1
54 35 1
55 36 1
56 37 1
57 38 1
58 39 1
59 40 1
59 41 1
60 42 1
60 43 1
60 44 1
61 45 1
61 46 1
61 47 1
61 48 1
61 49 1
61 50 1
60 51 1
60 52 1
59 53 1
59 54 1
58 55 1
57 56 1
56 57 1
55 58 1
54 59 1
54 60 1
53 61 1
51 61 1
50 61 1
49 61 1
48 61 1
47 61 1
46 61 1
45 61 1
44 62 1
43 62 1
42 62 1
41 61 1
40 61 1
39 62 1
38 62 1
37 62 1
36 62 1
35 62 1
34 62 1
33 62 1
32 62 1
31 62 1
30 62 1
29 62 1
.PEN_UP
.PEN_DOWN
52 61 1
54 63 1
55 64 1
56 65 1
57 66 1
58 67 1
59 68 1
60 69 1
61 70 1
61 71 1
61 72 1
61 73 1
61 74 1
61 75 1
61 76 1
61 77 1
61 78 1
60 79 1
60 80 1
60 81 1
59 82 1
59 83 1
58 84 1
57 85 1
57 86 1
56 87 1
55 88 1
54 89 1
54 90 1
53 91 1
53 92 1
52 93 1
50 95 1
49 95 1
48 95 1
47 95 1
46 95 1
45 95 1
44 95 1
43 95 1
42 95 1
41 95 1
40 95 1
39 95 1
38 95 1
37 96 1
36 96 1
35 96 1
34 96 1
33 95 1
32 95 1
.PEN_UP
.PEN_DOWN
51 94 1
53 96 1
54 96 1
55 97 1
56 97 1
57 97 1
58 98 1
59 99 1
59 100 1
.PEN_UP
.PEN_DOWN
28 115 1
29 115 1
30 114 1
31 114 1
32 113 1
33 113 1
34 113 1
35 113 1
36 112 1
37 112 1
38 112 1
39 112 1
40 112 1
41 112 1
42 112 1
43 112 1
44 113 1
45 113 1
46 113 1
47 114 1
48 114 1
49 115 1
50 115 1
51 116 1
52 117 1
53 118 1
54 119 1
55 120 1
56 121 1
56 122 1
56 123 1
56 124 1
56 125 1
56 126 1
56 127 1
56 128 1
56 129 1
56 130 1
55 131 1
54 132 1
53 133 1
52 134 1
51 135 1
50 136 1
49 137 1
48 138 1
48 139 1
47 140 1
47 141 1
46 142 1
45 142 1
44 142 1
43 142 1
42 142 1
41 142 1
40 142 1
39 143 1
38 143 1
37 143 1
36 143 1
35 144 1
34 144 1
33 144 1
32 145 1
31 145 1
30 145 1
29 146 1
28 145 1
27 145 1
.PEN_UP
.PEN_DOWN
47 143 1
48 144 1
49 145 1
50 145 1
51 146 1
52 147 1
53 148 1
54 149 1
55 150 1
55 151 1
55 152 1
56 153 1
56 154 1
56 155 1
55 156 1
55 157 1
55 158 1
55 159 1
54 160 1
54 161 1
53 162 1
52 163 1
51 164 1
50 165 1
49 166 1
49 167 1
49 168 1
48 169 1
47 169 1
46 169 1
45 169 1
44 169 1
43 169 1
42 169 1
41 169 1
40 170 1
39 170 1
38 170 1
37 170 1
36 170 1
35 170 1
34 171 1
33 171 1
32 171 1
31 171 1
30 171 1
29 172 1
.PEN_UP
.PEN_DOWN
49 170 1
50 171 1
51 171 1
52 172 1
53 173 1
54 174 1
55 175 1
56 176 1
56 177 1
57 178 1
57 179 1
57 180 1
57 181 1
57 182 1
57 183 1
57 184 1
57 185 1
56 186 1
56 187 1
56 188 1
56 189 1
55 190 1
54 191 1
54 192 1
53 193 1
53 194 1
52 195 1
51 196 1
50 196 1
49 197 1
48 198 1
47 199 1
47 200 1
46 201 1
44 203 1
43 203 1
42 203 1
41 203 1
40 203 1
39 203 1
38 203 1
37 203 1
36 203 1
35 203 1
34 203 1
33 203 1
32 202 1
31 202 1
30 203 1
29 203 1
28 203 1
27 204 1
26 204 1
25 204 1
24 204 1
23 204 1
22 204 1
21 204 1
20 204 1
19 204 1
18 204 1
17 204 1
16 204 1
15 204 1
14 204 1
13 204 1
12 205 1
11 205 1
10 205 1
9 205 1
8 205 1
7 205 1
6 206 1
5 206 1
4 205 1
3 205 1
2 205 1
1 205 1
.PEN_UP
.PEN_DOWN
45 202 1
47 204 1
48 204 1
49 204 1
50 204 1
51 205 1
52 205 1
53 205 1
54 206 1
55 207 1
56 208 1
57 209 1
57 210 1
57 211 1
56 212 1
56 213 1
55 214 1
54 215 1
53 215 1
52 216 1
51 216 1
50 217 1
49 217 1
48 217 1
47 217 1
46 217 1
45 217 1
44 218 1
43 218 1
42 218 1
41 218 1
40 218 1
39 218 1
38 218 1
37 218 1
36 218 1
35 219 1
.PEN_UP
.PEN_DOWN
40 269 1
41 269 1
42 269 1
43 269 1
44 270 1
48 272 1
49 272 1
50 272 1
51 272 1
52 272 1
53 272 1
54 272 1
55 273 1
56 273 1
57 273 1
58 273 1
59 274 1
.PEN_UP
.PEN_DOWN
44 271 1
48 269 1
48 268 1
49 267 1
49 266 1
50 265 1
51 264 1
52 263 1
53 262 1
54 261 1
55 260 1
55 259 1
56 258 1
56 257 1
57 256 1
58 255 1
58 254 1
58 253 1
58 252 1
59 251 1
59 250 1
59 249 1
59 248 1
59 247 1
59 246 1
59 245 1
59 244 1
58 243 1
58 242 1
58 241 1
57 240 1
57 239 1
56 238 1
55 237 1
54 236 1
53 234 1
52 233 1
51 232 1
50 231 1
49 231 1
48 231 1
47 230 1
46 230 1
45 230 1
44 230 1
43 230 1
42 230 1
41 230 1
40 230 1
39 230 1
38 230 1
37 230 1
36 231 1
35 231 1
34 232 1
33 232 1
32 233 1
31 234 1
30 235 1
29 236 1
28 237 1
28 238 1
28 239 1
28 240 1
28 241 1
29 242 1
29 243 1
29 244 1
30 245 1
31 246 1
32 247 1
33 248 1
34 248 1
35 249 1
36 249 1
37 249 1
38 249 1
39 248 1
40 248 1
41 248 1
42 247 1
43 247 1
44 246 1
45 245 1
46 244 1
47 243 1
48 242 1
49 241 1
50 240 1
51 239 1
52 238 1
53 237 1
.PEN_UP
.PEN_DOWN
45 271 1
43 273 1
43 274 1
42 275 1
42 276 1
41 277 1
41 278 1
40 279 1
40 280 1
40 281 1
39 282 1
.PEN_UP
