.PEN_DOWN
1 35 1
2 34 1
3 33 1
4 33 1
5 32 1
5 31 1
6 30 1
7 29 1
8 29 1
9 28 1
10 27 1
11 26 1
12 25 1
13 24 1
14 23 1
15 22 1
16 22 1
17 21 1
18 20 1
19 19 1
20 18 1
21 17 1
22 16 1
23 16 1
24 15 1
25 14 1
26 14 1
27 14 1
28 14 1
29 13 1
31 12 1
32 11 1
33 10 1
33 9 1
34 8 1
35 7 1
36 6 1
37 5 1
38 5 1
39 4 1
40 3 1
41 3 1
42 2 1
43 1 1
44 1 1
.PEN_UP
.PEN_DOWN
30 13 1
30 15 1
30 16 1
30 17 1
30 18 1
30 19 1
30 20 1
30 21 1
30 22 1
30 23 1
30 24 1
31 25 1
32 26 1
33 27 1
34 28 1
35 29 1
36 30 1
37 31 1
37 32 1
37 33 1
38 34 1
38 35 1
37 36 1
37 37 1
37 38 1
37 39 1
37 40 1
37 41 1
37 42 1
37 43 1
37 44 1
37 45 1
37 46 1
37 47 1
37 48 1
37 49 1
37 50 1
37 51 1
37 52 1
37 53 1
36 54 1
35 55 1
34 56 1
33 57 1
33 58 1
32 59 1
31 60 1
31 61 1
30 62 1
29 63 1
29 64 1
29 65 1
29 66 1
28 67 1
28 68 1
26 70 1
25 71 1
25 72 1
24 73 1
24 74 1
25 75 1
25 76 1
25 77 1
.PEN_UP
.PEN_DOWN
27 69 1
30 70 1
31 70 1
32 70 1
33 71 1
34 72 1
34 73 1
34 74 1
34 75 1
33 76 1
.PEN_UP
.PEN_DOWN
22 100 1
23 99 1
23 98 1
24 97 1
25 96 1
26 95 1
27 94 1
28 94 1
29 93 1
30 93 1
31 93 1
32 93 1
33 94 1
34 95 1
35 96 1
34 97 1
34 98 1
34 99 1
33 100 1
32 101 1
32 102 1
31 103 1
30 104 1
29 105 1
28 106 1
27 107 1
26 108 1
25 109 1
25 110 1
24 111 1
23 112 1
23 113 1
22 114 1
22 115 1
22 116 1
22 117 1
22 118 1
22 119 1
22 120 1
23 121 1
23 122 1
23 123 1
23 124 1
23 125 1
24 126 1
24 127 1
24 128 1
25 129 1
27 130 1
28 130 1
29 130 1
30 130 1
31 130 1
32 130 1
33 131 1
34 132 1
35 133 1
35 134 1
35 135 1
35 136 1
35 137 1
35 138 1
35 139 1
35 140 1
35 141 1
34 142 1
34 143 1
34 144 1
34 145 1
34 146 1
34 147 1
.PEN_UP
.PEN_DOWN
25 130 1
25 132 1
24 133 1
23 134 1
23 135 1
22 136 1
22 137 1
21 138 1
21 140 1
21 141 1
21 142 1
21 143 1
20 144 1
19 144 1
18 145 1
17 145 1
16 144 1
16 143 1
16 142 1
16 141 1
17 140 1
18 139 1
19 139 1
20 138 1
.PEN_UP
