.PEN_DOWN
5 1 1
6 1 1
7 1 1
8 1 1
9 1 1
10 1 1
11 1 1
12 2 1
13 2 1
14 3 1
15 3 1
16 4 1
17 4 1
18 5 1
19 5 1
20 5 1
21 5 1
22 6 1
23 6 1
24 7 1
25 8 1
25 9 1
26 10 1
27 10 1
28 10 1
29 10 1
30 10 1
31 10 1
32 11 1
33 11 1
34 11 1
.PEN_UP
.PEN_DOWN
25 11 1
25 12 1
25 13 1
24 14 1
23 15 1
23 16 1
23 17 1
22 18 1
22 19 1
22 20 1
22 21 1
21 22 1
21 23 1
21 24 1
21 25 1
21 26 1
21 27 1
21 28 1
21 29 1
21 30 1
21 31 1
21 32 1
21 33 1
21 34 1
22 35 1
22 36 1
22 37 1
22 38 1
22 39 1
22 40 1
23 41 1
23 42 1
24 43 1
24 44 1
25 45 1
25 46 1
26 47 1
26 48 1
27 49 1
28 50 1
29 51 1
30 51 1
31 52 1
32 52 1
33 52 1
34 53 1
35 53 1
36 52 1
37 51 1
38 50 1
38 49 1
38 48 1
38 47 1
39 46 1
39 45 1
39 44 1
39 43 1
39 42 1
39 41 1
39 40 1
39 39 1
39 38 1
39 37 1
39 36 1
39 35 1
39 34 1
39 33 1
39 32 1
39 31 1
39 30 1
39 29 1
38 28 1
38 27 1
38 26 1
38 25 1
38 24 1
38 23 1
38 22 1
38 21 1
38 20 1
38 19 1
38 18 1
38 17 1
.PEN_UP
.PEN_DOWN
25 58 1
25 59 1
26 60 1
26 61 1
26 62 1
26 63 1
26 64 1
26 65 1
26 66 1
26 67 1
27 68 1
27 69 1
27 70 1
29 71 1
30 71 1
31 72 1
32 72 1
33 73 1
34 74 1
35 75 1
.PEN_UP
.PEN_DOWN
27 71 1
26 72 1
25 73 1
25 74 1
25 75 1
25 76 1
25 77 1
25 78 1
25 79 1
25 80 1
25 81 1
24 82 1
24 83 1
24 84 1
24 85 1
24 86 1
24 87 1
24 88 1
24 89 1
24 90 1
24 91 1
24 92 1
24 93 1
24 94 1
24 95 1
25 96 1
25 97 1
25 98 1
25 99 1
25 100 1
.PEN_UP
.PEN_DOWN
23 174 1
24 174 1
25 174 1
26 175 1
27 175 1
28 175 1
29 175 1
30 177 1
30 178 1
30 179 1
31 180 1
31 181 1
31 182 1
31 183 1
31 184 1
31 185 1
31 186 1
31 187 1
32 188 1
32 189 1
32 190 1
31 191 1
31 192 1
31 193 1
31 194 1
31 195 1
31 196 1
31 197 1
31 198 1
31 199 1
31 200 1
31 201 1
31 202 1
30 203 1
29 204 1
29 205 1
29 206 1
30 207 1
30 208 1
30 209 1
31 210 1
31 211 1
31 212 1
31 213 1
31 214 1
32 215 1
32 216 1
32 217 1
32 218 1
32 219 1
32 220 1
33 221 1
33 222 1
33 223 1
33 224 1
33 225 1
33 226 1
33 227 1
32 228 1
30 228 1
29 228 1
28 228 1
27 228 1
26 228 1
25 229 1
24 229 1
23 230 1
23 231 1
22 232 1
22 233 1
21 234 1
21 235 1
21 236 1
21 237 1
21 238 1
21 239 1
21 240 1
21 241 1
21 242 1
21 243 1
21 244 1
22 245 1
22 246 1
22 247 1
22 248 1
22 249 1
22 250 1
22 251 1
23 252 1
23 253 1
23 254 1
23 255 1
23 256 1
24 257 1
24 258 1
24 259 1
24 260 1
25 261 1
25 262 1
26 263 1
27 264 1
28 265 1
29 265 1
30 265 1
31 265 1
32 265 1
35 266 1
36 266 1
37 266 1
38 266 1
39 267 1
40 267 1
41 268 1
42 269 1
43 269 1
44 270 1
45 270 1
46 270 1
47 271 1
48 271 1
49 272 1
50 272 1
51 273 1
52 273 1
53 274 1
54 274 1
55 275 1
56 275 1
57 276 1
58 276 1
59 277 1
60 277 1
61 278 1
62 278 1
63 278 1
64 279 1
65 279 1
66 280 1
67 280 1
68 280 1
69 281 1
70 281 1
71 281 1
72 282 1
73 282 1
74 283 1
75 283 1
76 283 1
77 283 1
78 284 1
79 284 1
80 284 1
81 285 1
82 285 1
83 285 1
84 285 1
85 285 1
86 286 1
87 286 1
88 286 1
89 286 1
90 286 1
91 286 1
92 285 1
93 285 1
94 285 1
95 284 1
95 283 1
96 282 1
96 281 1
96 280 1
96 279 1
96 278 1
96 277 1
96 276 1
96 275 1
96 274 1
96 273 1
96 272 1
96 271 1
96 270 1
96 269 1
95 268 1
95 267 1
95 266 1
95 265 1
94 264 1
94 263 1
94 262 1
94 261 1
93 260 1
93 259 1
93 258 1
92 257 1
92 256 1
92 255 1
92 254 1
91 253 1
91 252 1
90 251 1
90 250 1
90 249 1
89 248 1
88 247 1
88 246 1
88 245 1
87 244 1
87 243 1
86 242 1
86 241 1
85 240 1
84 239 1
84 238 1
83 237 1
82 236 1
81 235 1
81 234 1
80 233 1
79 232 1
78 231 1
77 230 1
76 229 1
75 228 1
74 227 1
73 226 1
72 225 1
71 225 1
70 224 1
69 224 1
68 223 1
67 223 1
66 222 1
65 223 1
64 223 1
63 223 1
62 223 1
61 223 1
60 223 1
59 224 1
58 225 1
57 225 1
56 226 1
55 227 1
54 228 1
.PEN_UP
.PEN_DOWN
33 264 1
33 263 1
33 262 1
33 261 1
33 260 1
33 259 1
33 258 1
33 257 1
33 256 1
33 255 1
33 254 1
33 253 1
33 252 1
34 251 1
34 250 1
34 249 1
34 248 1
34 247 1
34 246 1
34 245 1
34 244 1
34 243 1
34 242 1
33 241 1
33 240 1
33 239 1
33 238 1
33 237 1
33 236 1
32 235 1
32 234 1
32 233 1
32 232 1
32 231 1
32 230 1
.PEN_UP
.PEN_DOWN
4 269 1
5 269 1
6 270 1
7 271 1
8 271 1
9 272 1
10 272 1
11 272 1
12 273 1
13 273 1
14 274 1
15 274 1
16 275 1
17 275 1
18 275 1
19 276 1
20 276 1
21 276 1
22 277 1
23 277 1
24 278 1
25 278 1
26 278 1
27 279 1
28 280 1
28 281 1
28 282 1
28 283 1
27 284 1
27 285 1
27 286 1
26 287 1
26 288 1
26 289 1
25 290 1
25 291 1
25 292 1
25 293 1
25 294 1
25 295 1
25 296 1
25 297 1
25 298 1
25 299 1
26 300 1
26 301 1
26 302 1
26 303 1
27 304 1
27 305 1
28 306 1
28 307 1
29 308 1
30 309 1
31 310 1
32 310 1
.PEN_UP
.PEN_DOWN
1 315 1
2 316 1
3 316 1
4 316 1
5 316 1
6 317 1
7 317 1
8 317 1
9 317 1
10 318 1
11 318 1
12 318 1
13 319 1
14 319 1
15 320 1
16 320 1
17 321 1
18 321 1
19 322 1
20 322 1
21 322 1
22 322 1
25 323 1
26 324 1
27 325 1
28 326 1
29 327 1
30 328 1
31 329 1
32 329 1
.PEN_UP
.PEN_DOWN
23 321 1
23 320 1
23 319 1
23 318 1
23 317 1
.PEN_UP
