.PEN_DOWN
1 45 1
2 44 1
3 43 1
4 43 1
5 42 1
6 42 1
7 41 1
8 40 1
9 39 1
10 39 1
11 38 1
12 37 1
13 37 1
14 36 1
15 35 1
16 35 1
17 34 1
18 34 1
19 34 1
20 33 1
21 32 1
22 32 1
23 31 1
24 31 1
25 30 1
26 30 1
27 29 1
28 29 1
29 28 1
30 28 1
31 27 1
32 27 1
33 26 1
34 26 1
35 25 1
36 25 1
37 25 1
38 25 1
39 24 1
40 24 1
41 24 1
42 24 1
44 23 1
45 23 1
46 22 1
46 21 1
47 20 1
48 20 1
49 19 1
49 18 1
50 17 1
50 16 1
51 15 1
52 14 1
53 14 1
54 14 1
55 14 1
56 14 1
57 14 1
58 14 1
60 12 1
61 11 1
61 10 1
62 9 1
63 9 1
64 8 1
65 8 1
66 7 1
67 7 1
68 6 1
69 6 1
70 5 1
71 5 1
72 4 1
73 4 1
74 3 1
75 3 1
76 2 1
77 1 1
78 1 1
79 1 1
.PEN_UP
.PEN_DOWN
59 13 1
60 16 1
61 17 1
62 18 1
63 19 1
64 20 1
65 21 1
66 22 1
66 23 1
67 24 1
67 25 1
67 26 1
67 27 1
67 28 1
67 29 1
67 30 1
67 31 1
67 32 1
66 33 1
66 34 1
66 35 1
66 36 1
66 37 1
65 38 1
64 39 1
63 40 1
62 40 1
61 41 1
61 42 1
60 43 1
59 44 1
58 44 1
57 45 1
56 46 1
55 47 1
54 48 1
53 48 1
52 49 1
51 50 1
50 51 1
49 52 1
48 53 1
48 54 1
47 55 1
46 56 1
45 56 1
44 57 1
.PEN_UP
.PEN_DOWN
48 56 1
49 57 1
50 58 1
51 58 1
52 58 1
53 58 1
54 57 1
55 57 1
56 56 1
57 56 1
58 56 1
59 56 1
60 56 1
61 57 1
62 58 1
64 57 1
65 57 1
66 56 1
67 55 1
68 55 1
69 54 1
70 54 1
71 53 1
72 53 1
73 53 1
74 52 1
75 51 1
76 50 1
77 49 1
.PEN_UP
.PEN_DOWN
62 59 1
61 60 1
61 61 1
60 62 1
59 62 1
58 63 1
57 64 1
56 65 1
55 66 1
54 66 1
53 67 1
52 68 1
51 68 1
50 69 1
49 70 1
48 71 1
47 72 1
46 72 1
45 73 1
44 74 1
43 75 1
43 76 1
42 77 1
42 78 1
42 79 1
41 80 1
40 82 1
39 82 1
38 83 1
37 83 1
36 84 1
35 85 1
.PEN_UP
.PEN_DOWN
41 81 1
43 81 1
44 81 1
45 80 1
46 80 1
47 80 1
48 80 1
49 80 1
50 80 1
51 79 1
52 79 1
53 78 1
54 78 1
55 78 1
56 78 1
57 77 1
58 77 1
59 77 1
60 77 1
61 76 1
62 76 1
63 76 1
64 75 1
65 75 1
66 75 1
67 75 1
68 75 1
69 75 1
70 75 1
71 75 1
72 75 1
73 75 1
74 75 1
75 75 1
76 76 1
76 77 1
76 78 1
76 79 1
76 80 1
75 81 1
75 82 1
74 83 1
73 84 1
72 85 1
71 86 1
70 87 1
69 88 1
68 89 1
67 90 1
66 91 1
65 91 1
64 92 1
64 93 1
63 94 1
63 95 1
62 96 1
62 97 1
60 99 1
59 100 1
58 100 1
57 101 1
56 101 1
55 102 1
54 102 1
53 103 1
52 103 1
51 104 1
50 104 1
49 105 1
48 105 1
47 106 1
46 107 1
45 107 1
44 108 1
43 109 1
42 109 1
.PEN_UP
.PEN_DOWN
61 98 1
64 98 1
65 98 1
66 98 1
67 98 1
68 98 1
69 97 1
70 97 1
71 97 1
72 96 1
73 96 1
74 96 1
75 95 1
76 95 1
77 95 1
78 94 1
79 94 1
80 94 1
81 93 1
82 93 1
83 92 1
84 92 1
85 92 1
86 91 1
87 91 1
88 91 1
89 90 1
90 90 1
91 89 1
92 89 1
93 89 1
94 88 1
95 88 1
96 87 1
97 87 1
98 87 1
99 87 1
100 86 1
101 86 1
102 85 1
103 85 1
104 85 1
105 84 1
106 84 1
107 83 1
108 83 1
109 83 1
110 82 1
111 82 1
112 81 1
113 81 1
114 81 1
115 80 1
116 80 1
117 79 1
118 79 1
119 79 1
120 78 1
121 78 1
122 78 1
123 77 1
124 77 1
125 77 1
126 76 1
127 76 1
128 75 1
129 75 1
130 75 1
131 74 1
132 74 1
133 74 1
134 73 1
135 73 1
136 73 1
137 72 1
138 72 1
139 71 1
140 71 1
141 71 1
142 70 1
143 70 1
144 70 1
145 69 1
146 69 1
147 69 1
148 68 1
149 68 1
150 68 1
151 67 1
152 67 1
153 67 1
154 66 1
155 66 1
156 66 1
157 65 1
158 65 1
159 65 1
160 65 1
161 64 1
162 64 1
163 64 1
164 64 1
165 63 1
166 63 1
167 63 1
168 62 1
169 62 1
170 62 1
171 62 1
172 62 1
173 62 1
174 61 1
175 60 1
176 60 1
177 60 1
178 60 1
179 59 1
180 58 1
180 57 1
180 56 1
180 55 1
180 54 1
179 53 1
178 52 1
177 51 1
176 50 1
175 49 1
174 48 1
173 48 1
172 48 1
171 47 1
170 47 1
169 47 1
168 47 1
167 47 1
166 48 1
165 48 1
164 48 1
163 48 1
162 48 1
161 48 1
160 48 1
159 49 1
158 49 1
157 49 1
156 50 1
155 50 1
154 50 1
153 51 1
152 52 1
151 52 1
150 52 1
149 53 1
148 54 1
147 54 1
146 54 1
145 55 1
144 55 1
143 55 1
142 56 1
141 57 1
140 58 1
139 58 1
138 58 1
137 59 1
136 60 1
135 60 1
134 61 1
133 62 1
132 62 1
131 62 1
130 63 1
129 64 1
128 64 1
127 65 1
.PEN_UP
.PEN_DOWN
43 24 1
43 26 1
43 27 1
43 28 1
42 29 1
42 30 1
42 31 1
41 32 1
40 33 1
39 34 1
38 35 1
37 36 1
36 37 1
35 38 1
35 39 1
34 40 1
33 41 1
32 42 1
31 43 1
31 44 1
30 45 1
29 46 1
28 47 1
27 48 1
26 49 1
25 50 1
24 51 1
.PEN_UP
.PEN_DOWN
33 65 1
32 65 1
31 66 1
30 66 1
29 67 1
28 67 1
27 67 1
26 68 1
25 68 1
24 69 1
23 69 1
22 69 1
21 70 1
20 70 1
19 70 1
18 70 1
17 71 1
16 71 1
15 72 1
14 72 1
13 72 1
12 72 1
11 73 1
10 74 1
.PEN_UP
