.PEN_DOWN
10 16 1
11 15 1
12 14 1
13 13 1
14 12 1
15 11 1
16 10 1
17 9 1
18 8 1
19 7 1
20 7 1
21 6 1
22 6 1
23 5 1
24 5 1
25 4 1
26 3 1
27 3 1
28 2 1
29 2 1
30 1 1
31 1 1
32 1 1
33 1 1
34 1 1
35 1 1
36 1 1
37 1 1
38 2 1
39 3 1
39 4 1
40 5 1
40 6 1
40 7 1
40 8 1
40 9 1
40 10 1
40 11 1
39 12 1
39 13 1
38 14 1
38 15 1
37 16 1
37 17 1
36 18 1
35 19 1
35 20 1
34 21 1
34 22 1
34 23 1
34 24 1
33 25 1
33 26 1
31 27 1
30 28 1
29 28 1
28 29 1
27 30 1
26 30 1
25 31 1
24 32 1
23 33 1
22 33 1
21 34 1
20 35 1
19 36 1
18 36 1
17 37 1
16 38 1
15 39 1
.PEN_UP
.PEN_DOWN
32 27 1
34 28 1
35 28 1
36 28 1
37 28 1
38 29 1
39 30 1
39 31 1
39 32 1
39 33 1
39 34 1
39 35 1
39 36 1
38 37 1
38 38 1
37 39 1
37 40 1
36 41 1
35 42 1
35 43 1
34 44 1
34 45 1
33 46 1
32 47 1
31 48 1
30 48 1
29 49 1
28 50 1
27 50 1
26 51 1
25 52 1
24 53 1
23 54 1
22 55 1
21 56 1
20 57 1
19 58 1
18 58 1
17 58 1
16 59 1
15 59 1
14 60 1
13 60 1
12 60 1
11 61 1
10 61 1
9 62 1
8 62 1
.PEN_UP
.PEN_DOWN
34 94 1
33 94 1
32 93 1
31 93 1
29 94 1
28 95 1
27 96 1
26 97 1
25 98 1
24 99 1
23 100 1
22 101 1
21 101 1
20 102 1
19 103 1
18 104 1
17 105 1
16 106 1
15 106 1
14 107 1
13 108 1
12 108 1
11 109 1
10 110 1
9 111 1
8 112 1
7 113 1
6 114 1
5 115 1
5 116 1
4 117 1
3 118 1
2 119 1
2 120 1
1 121 1
1 122 1
.PEN_UP
.PEN_DOWN
30 92 1
30 91 1
31 90 1
31 89 1
31 88 1
31 87 1
32 86 1
32 85 1
33 84 1
33 83 1
33 82 1
33 81 1
34 80 1
34 79 1
34 78 1
35 77 1
35 76 1
35 75 1
35 74 1
35 73 1
35 72 1
35 71 1
35 70 1
34 69 1
33 69 1
32 67 1
32 66 1
32 65 1
31 64 1
31 63 1
30 62 1
29 62 1
28 62 1
27 62 1
26 62 1
25 62 1
24 63 1
23 63 1
22 64 1
21 64 1
20 65 1
19 66 1
18 67 1
17 68 1
16 69 1
15 70 1
14 71 1
13 72 1
12 73 1
11 74 1
10 75 1
9 76 1
9 77 1
8 78 1
7 79 1
7 80 1
6 81 1
5 82 1
5 83 1
4 84 1
3 85 1
3 86 1
3 87 1
3 88 1
2 89 1
2 90 1
3 91 1
3 92 1
4 93 1
5 93 1
6 93 1
7 93 1
8 93 1
9 93 1
10 92 1
11 91 1
12 90 1
13 90 1
14 89 1
15 88 1
16 87 1
17 86 1
18 85 1
19 84 1
20 83 1
21 82 1
22 81 1
23 80 1
24 79 1
25 78 1
26 77 1
27 76 1
27 75 1
28 74 1
28 73 1
29 72 1
30 71 1
31 70 1
32 69 1
.PEN_UP
.PEN_DOWN
25 124 1
24 125 1
24 126 1
24 127 1
23 128 1
23 129 1
22 130 1
22 131 1
22 132 1
21 133 1
20 134 1
20 135 1
19 136 1
18 137 1
17 138 1
17 139 1
16 140 1
15 141 1
14 142 1
13 143 1
12 144 1
11 144 1
10 145 1
9 145 1
8 146 1
7 146 1
6 146 1
5 146 1
4 145 1
4 144 1
4 143 1
4 142 1
4 141 1
4 140 1
4 139 1
4 138 1
5 137 1
5 136 1
6 135 1
7 134 1
7 133 1
8 132 1
9 131 1
10 130 1
10 129 1
11 128 1
12 127 1
12 126 1
13 125 1
14 124 1
15 123 1
16 122 1
17 121 1
18 120 1
19 119 1
20 118 1
21 118 1
22 117 1
23 117 1
24 116 1
25 116 1
26 115 1
27 115 1
28 115 1
29 115 1
30 115 1
31 115 1
32 115 1
33 115 1
34 115 1
35 116 1
36 116 1
37 117 1
38 118 1
39 119 1
40 120 1
40 121 1
41 122 1
41 123 1
41 124 1
42 125 1
42 126 1
42 127 1
42 128 1
42 129 1
43 130 1
43 131 1
43 132 1
43 133 1
43 134 1
44 135 1
44 136 1
44 137 1
44 138 1
44 139 1
44 140 1
44 141 1
.PEN_UP
