.PEN_DOWN
57 1 1
56 2 1
55 3 1
55 4 1
54 5 1
53 6 1
53 7 1
52 8 1
51 9 1
51 10 1
50 11 1
49 12 1
49 13 1
48 14 1
48 15 1
47 16 1
46 17 1
45 18 1
45 19 1
44 20 1
43 21 1
43 22 1
43 23 1
43 24 1
42 25 1
41 26 1
41 27 1
41 28 1
40 29 1
40 30 1
39 31 1
39 32 1
38 33 1
38 34 1
38 35 1
38 36 1
38 37 1
37 38 1
37 39 1
38 40 1
39 42 1
39 43 1
39 44 1
39 45 1
39 46 1
39 47 1
38 48 1
38 49 1
38 50 1
38 51 1
38 52 1
37 53 1
37 54 1
37 55 1
37 56 1
38 57 1
38 58 1
38 59 1
38 60 1
39 61 1
39 62 1
39 63 1
40 64 1
40 65 1
41 66 1
42 67 1
43 67 1
44 67 1
45 67 1
46 67 1
47 66 1
48 65 1
49 64 1
50 63 1
51 62 1
52 61 1
53 60 1
53 59 1
54 58 1
54 57 1
55 56 1
55 55 1
55 54 1
56 53 1
56 52 1
56 51 1
57 50 1
57 49 1
58 48 1
58 47 1
58 46 1
59 45 1
.PEN_UP
.PEN_DOWN
39 40 1
41 39 1
42 39 1
43 39 1
44 38 1
45 37 1
46 36 1
47 35 1
48 34 1
49 33 1
50 32 1
51 31 1
52 30 1
53 29 1
54 28 1
55 27 1
56 26 1
57 25 1
.PEN_UP
.PEN_DOWN
38 97 1
38 96 1
37 95 1
37 94 1
38 93 1
39 92 1
40 92 1
41 91 1
42 90 1
43 90 1
44 89 1
45 89 1
46 88 1
47 87 1
48 87 1
49 87 1
50 87 1
51 87 1
52 87 1
53 88 1
54 89 1
54 90 1
54 91 1
54 92 1
54 93 1
54 94 1
54 95 1
54 96 1
53 97 1
53 98 1
53 99 1
53 100 1
53 101 1
52 102 1
52 103 1
52 104 1
51 105 1
51 106 1
50 107 1
50 108 1
49 109 1
49 110 1
48 111 1
48 112 1
48 113 1
47 114 1
47 115 1
46 116 1
46 117 1
45 118 1
44 119 1
44 120 1
43 121 1
43 122 1
42 123 1
41 124 1
41 125 1
40 126 1
39 127 1
39 128 1
39 129 1
38 130 1
37 135 1
37 136 1
37 137 1
36 138 1
35 139 1
35 140 1
34 141 1
34 142 1
34 143 1
33 144 1
33 145 1
33 146 1
32 147 1
32 148 1
32 149 1
32 150 1
32 151 1
32 152 1
32 153 1
32 154 1
32 155 1
32 156 1
32 157 1
32 158 1
33 159 1
33 160 1
.PEN_UP
.PEN_DOWN
37 131 1
36 131 1
35 131 1
34 130 1
33 130 1
32 130 1
31 129 1
.PEN_UP
.PEN_DOWN
38 131 1
40 133 1
41 133 1
42 133 1
43 134 1
44 134 1
45 134 1
46 134 1
47 135 1
48 135 1
49 134 1
50 134 1
51 133 1
52 132 1
52 131 1
53 130 1
54 129 1
54 128 1
54 127 1
55 126 1
55 125 1
55 124 1
56 123 1
56 122 1
56 121 1
56 120 1
56 119 1
56 118 1
56 117 1
56 116 1
56 115 1
57 114 1
.PEN_UP
.PEN_DOWN
44 161 1
43 162 1
43 163 1
43 164 1
43 165 1
43 166 1
43 167 1
43 168 1
43 169 1
43 170 1
43 171 1
43 172 1
43 173 1
42 174 1
42 175 1
42 176 1
43 177 1
42 179 1
42 180 1
42 181 1
42 182 1
42 183 1
41 184 1
41 185 1
40 186 1
40 187 1
39 188 1
37 190 1
36 190 1
35 190 1
34 191 1
33 192 1
32 193 1
31 194 1
30 195 1
29 196 1
29 197 1
28 198 1
27 199 1
26 200 1
25 201 1
24 202 1
24 203 1
23 204 1
22 205 1
21 206 1
20 207 1
19 208 1
18 209 1
17 210 1
16 211 1
16 212 1
15 213 1
14 213 1
13 214 1
12 215 1
11 215 1
10 216 1
9 217 1
8 217 1
7 217 1
6 218 1
5 219 1
4 220 1
3 221 1
3 222 1
2 223 1
1 224 1
.PEN_UP
.PEN_DOWN
38 189 1
40 190 1
40 191 1
40 192 1
40 193 1
40 194 1
40 195 1
40 196 1
40 197 1
40 198 1
40 199 1
40 200 1
40 201 1
40 202 1
40 203 1
40 204 1
40 205 1
40 206 1
40 207 1
39 208 1
39 209 1
39 210 1
.PEN_UP
.PEN_DOWN
44 177 1
45 176 1
46 176 1
47 175 1
48 175 1
49 174 1
50 173 1
51 172 1
52 171 1
53 170 1
54 169 1
55 168 1
56 167 1
57 166 1
58 165 1
59 164 1
60 163 1
61 162 1
62 161 1
63 160 1
.PEN_UP
