.PEN_DOWN
47 1 1
46 2 1
45 3 1
44 4 1
43 5 1
42 5 1
41 6 1
40 7 1
39 8 1
38 8 1
37 9 1
36 10 1
35 10 1
34 11 1
33 12 1
32 12 1
31 13 1
30 13 1
29 14 1
28 15 1
27 16 1
26 16 1
25 17 1
24 17 1
23 18 1
22 18 1
21 19 1
20 20 1
19 21 1
18 21 1
17 22 1
16 23 1
15 23 1
14 24 1
13 25 1
12 26 1
11 26 1
10 27 1
9 28 1
9 29 1
8 30 1
7 31 1
6 32 1
5 33 1
4 34 1
3 35 1
3 36 1
2 37 1
1 38 1
1 39 1
1 40 1
1 41 1
1 42 1
1 43 1
2 44 1
3 45 1
4 46 1
5 46 1
6 46 1
7 46 1
8 46 1
9 46 1
10 46 1
11 46 1
12 46 1
13 45 1
14 45 1
15 45 1
16 45 1
17 45 1
18 44 1
19 44 1
20 44 1
21 44 1
22 44 1
23 44 1
24 43 1
25 43 1
26 44 1
28 43 1
29 42 1
30 42 1
31 41 1
32 41 1
33 40 1
34 40 1
35 39 1
36 38 1
37 37 1
38 36 1
39 36 1
40 35 1
41 34 1
42 33 1
43 33 1
.PEN_UP
.PEN_DOWN
27 44 1
25 46 1
25 47 1
25 48 1
24 49 1
24 50 1
23 51 1
22 52 1
21 53 1
21 54 1
20 55 1
19 56 1
18 57 1
17 58 1
17 59 1
16 60 1
15 61 1
14 62 1
14 63 1
13 64 1
13 65 1
12 66 1
12 67 1
12 68 1
12 69 1
11 70 1
10 73 1
9 74 1
8 75 1
.PEN_UP
.PEN_DOWN
11 71 1
13 71 1
14 71 1
15 71 1
16 70 1
17 70 1
18 69 1
19 69 1
20 69 1
21 68 1
22 68 1
23 67 1
26 66 1
27 66 1
28 66 1
29 66 1
30 65 1
31 65 1
32 65 1
33 65 1
34 65 1
35 65 1
36 65 1
37 65 1
38 65 1
39 66 1
40 67 1
40 68 1
41 69 1
41 70 1
41 71 1
41 72 1
41 73 1
41 74 1
41 75 1
40 76 1
40 77 1
40 78 1
40 79 1
39 80 1
39 81 1
38 82 1
38 83 1
38 84 1
37 85 1
37 86 1
37 87 1
36 88 1
35 89 1
35 90 1
34 91 1
34 92 1
34 93 1
33 94 1
33 95 1
33 96 1
33 97 1
31 98 1
30 98 1
29 98 1
28 98 1
27 98 1
26 99 1
25 100 1
24 100 1
23 101 1
22 102 1
21 103 1
20 103 1
19 103 1
18 104 1
17 105 1
16 106 1
15 106 1
14 107 1
13 107 1
12 108 1
11 109 1
10 109 1
.PEN_UP
.PEN_DOWN
32 98 1
34 99 1
34 100 1
34 101 1
34 102 1
34 103 1
34 104 1
33 105 1
33 106 1
33 107 1
32 108 1
32 109 1
31 110 1
31 111 1
30 112 1
29 113 1
29 114 1
28 115 1
27 116 1
26 117 1
25 118 1
25 119 1
24 120 1
23 121 1
23 122 1
23 123 1
22 124 1
22 125 1
24 126 1
25 126 1
26 126 1
27 126 1
28 126 1
29 126 1
30 126 1
31 125 1
32 125 1
33 125 1
34 124 1
35 124 1
36 124 1
37 124 1
38 123 1
39 123 1
40 123 1
41 123 1
42 122 1
43 122 1
44 122 1
45 122 1
46 121 1
47 121 1
48 121 1
49 121 1
50 120 1
51 120 1
52 120 1
53 120 1
54 119 1
55 119 1
56 119 1
57 118 1
58 118 1
59 118 1
60 117 1
61 117 1
62 116 1
63 116 1
64 115 1
65 115 1
66 115 1
67 114 1
68 114 1
69 114 1
70 113 1
71 113 1
72 112 1
73 112 1
74 111 1
75 111 1
76 110 1
77 110 1
78 110 1
79 109 1
80 109 1
81 108 1
82 108 1
83 107 1
84 107 1
85 106 1
86 106 1
87 105 1
88 105 1
89 104 1
90 103 1
91 103 1
92 102 1
93 101 1
94 101 1
95 100 1
96 99 1
97 98 1
98 98 1
99 97 1
100 96 1
101 96 1
102 95 1
103 94 1
104 93 1
105 92 1
106 91 1
107 90 1
108 89 1
109 88 1
109 87 1
109 86 1
109 85 1
109 84 1
109 83 1
108 82 1
107 81 1
106 81 1
105 81 1
104 80 1
103 80 1
102 80 1
101 80 1
100 80 1
99 80 1
98 80 1
97 80 1
96 79 1
95 79 1
94 79 1
93 78 1
92 78 1
91 79 1
90 79 1
89 79 1
88 79 1
87 79 1
86 79 1
85 80 1
84 80 1
83 81 1
82 81 1
81 81 1
80 82 1
79 82 1
78 83 1
77 83 1
76 84 1
75 84 1
74 84 1
73 85 1
72 86 1
71 87 1
71 88 1
.PEN_UP
