.PEN_DOWN
30 55 1
29 56 1
29 57 1
28 58 1
28 61 1
28 62 1
28 63 1
27 64 1
27 65 1
26 66 1
26 67 1
25 68 1
25 69 1
24 70 1
24 71 1
23 72 1
23 73 1
22 74 1
22 75 1
22 76 1
21 77 1
21 78 1
20 79 1
20 80 1
19 81 1
19 82 1
18 83 1
18 84 1
18 85 1
18 86 1
17 87 1
17 88 1
17 89 1
16 92 1
16 93 1
15 94 1
.PEN_UP
.PEN_DOWN
17 90 1
19 90 1
20 90 1
21 89 1
22 89 1
23 88 1
24 88 1
25 87 1
26 86 1
27 85 1
28 84 1
29 83 1
30 83 1
31 82 1
32 81 1
33 81 1
34 81 1
35 81 1
36 81 1
37 81 1
38 82 1
.PEN_UP
.PEN_DOWN
27 59 1
26 59 1
25 59 1
24 59 1
23 59 1
22 59 1
21 59 1
19 61 1
18 62 1
17 63 1
17 64 1
16 65 1
15 66 1
14 67 1
13 68 1
.PEN_UP
.PEN_DOWN
20 58 1
20 57 1
20 56 1
21 55 1
21 54 1
21 53 1
21 52 1
22 51 1
22 50 1
22 49 1
23 48 1
23 47 1
24 46 1
24 45 1
25 44 1
25 43 1
26 42 1
26 41 1
27 40 1
27 39 1
28 38 1
28 37 1
29 36 1
29 35 1
29 34 1
29 33 1
30 32 1
30 31 1
30 30 1
30 29 1
31 28 1
31 27 1
31 26 1
30 25 1
29 24 1
28 24 1
26 25 1
25 26 1
24 27 1
23 28 1
22 29 1
21 30 1
20 31 1
20 32 1
19 33 1
18 34 1
18 35 1
17 36 1
16 37 1
15 37 1
14 38 1
13 39 1
12 40 1
11 41 1
10 42 1
9 42 1
8 42 1
7 42 1
6 41 1
5 40 1
4 39 1
4 38 1
3 37 1
3 36 1
3 35 1
3 34 1
4 33 1
4 32 1
4 31 1
4 30 1
5 29 1
5 28 1
5 27 1
6 26 1
6 25 1
7 24 1
8 23 1
8 22 1
8 21 1
9 20 1
10 19 1
10 18 1
11 17 1
11 16 1
12 15 1
12 14 1
13 13 1
14 12 1
15 11 1
15 10 1
16 9 1
16 8 1
17 7 1
18 6 1
19 5 1
20 4 1
21 3 1
22 3 1
23 2 1
24 1 1
25 1 1
26 1 1
27 1 1
28 2 1
29 3 1
29 4 1
29 5 1
29 6 1
29 7 1
29 8 1
29 9 1
29 10 1
28 11 1
28 12 1
28 13 1
28 14 1
28 15 1
28 16 1
28 17 1
27 18 1
27 19 1
27 20 1
27 21 1
27 22 1
27 23 1
.PEN_UP
.PEN_DOWN
36 118 1
35 119 1
34 119 1
33 120 1
32 121 1
31 122 1
30 122 1
29 122 1
28 122 1
27 123 1
25 124 1
25 125 1
24 126 1
23 127 1
22 127 1
21 127 1
20 129 1
20 130 1
19 131 1
18 132 1
17 133 1
16 134 1
15 135 1
14 136 1
13 137 1
12 138 1
12 139 1
11 140 1
10 140 1
9 141 1
8 142 1
7 142 1
6 143 1
5 144 1
4 145 1
3 146 1
2 147 1
1 148 1
.PEN_UP
.PEN_DOWN
20 127 1
19 126 1
18 125 1
17 125 1
16 125 1
15 124 1
14 123 1
14 122 1
13 121 1
13 120 1
14 119 1
14 118 1
15 117 1
15 116 1
16 115 1
16 114 1
16 113 1
17 112 1
18 111 1
19 110 1
19 109 1
20 108 1
21 107 1
21 106 1
22 105 1
23 104 1
24 103 1
25 102 1
26 101 1
27 100 1
28 99 1
29 98 1
30 98 1
31 98 1
32 97 1
33 98 1
33 99 1
33 100 1
33 101 1
33 102 1
33 103 1
33 104 1
32 105 1
32 106 1
31 107 1
31 108 1
31 109 1
30 110 1
30 111 1
29 112 1
29 113 1
29 114 1
29 115 1
28 116 1
28 117 1
27 118 1
27 119 1
26 120 1
26 121 1
26 122 1
.PEN_UP
