.PEN_DOWN
45 30 1
46 29 1
47 29 1
48 29 1
49 29 1
50 29 1
51 29 1
52 29 1
53 29 1
54 29 1
56 31 1
57 31 1
58 32 1
59 32 1
60 32 1
61 33 1
62 33 1
63 34 1
64 34 1
65 35 1
66 35 1
67 36 1
68 37 1
68 38 1
69 39 1
69 40 1
69 41 1
69 42 1
69 43 1
69 44 1
69 45 1
69 46 1
69 47 1
69 48 1
69 49 1
68 50 1
67 51 1
67 52 1
66 53 1
66 54 1
66 55 1
66 56 1
65 57 1
65 58 1
64 59 1
61 62 1
60 63 1
59 64 1
58 65 1
57 65 1
56 65 1
55 66 1
54 66 1
53 66 1
52 66 1
51 67 1
50 67 1
49 67 1
48 67 1
47 67 1
46 67 1
45 67 1
44 67 1
43 67 1
42 67 1
41 66 1
40 66 1
39 66 1
38 65 1
38 64 1
37 63 1
38 62 1
38 61 1
38 60 1
39 59 1
40 58 1
41 58 1
42 57 1
43 57 1
44 57 1
45 57 1
46 57 1
47 57 1
48 56 1
49 56 1
50 56 1
51 56 1
52 56 1
53 56 1
54 57 1
55 57 1
56 57 1
57 57 1
58 58 1
59 58 1
60 58 1
61 59 1
62 60 1
65 62 1
66 63 1
67 64 1
67 65 1
68 66 1
68 67 1
68 68 1
68 69 1
68 70 1
69 71 1
69 72 1
69 73 1
69 74 1
69 75 1
69 76 1
69 77 1
69 78 1
69 79 1
69 80 1
69 81 1
69 82 1
70 83 1
70 84 1
70 85 1
70 86 1
70 87 1
70 88 1
70 89 1
70 90 1
69 91 1
.PEN_UP
.PEN_DOWN
55 29 1
56 28 1
57 27 1
58 26 1
59 25 1
60 24 1
61 23 1
62 23 1
63 22 1
63 21 1
64 20 1
65 19 1
66 18 1
66 17 1
67 16 1
67 15 1
67 14 1
67 13 1
67 12 1
66 11 1
66 10 1
65 9 1
64 8 1
63 7 1
62 7 1
61 6 1
60 6 1
59 5 1
58 5 1
57 5 1
56 4 1
55 4 1
54 3 1
53 2 1
52 1 1
51 2 1
50 2 1
49 2 1
48 3 1
47 3 1
46 3 1
45 3 1
44 3 1
43 3 1
42 4 1
41 4 1
40 3 1
39 2 1
38 2 1
37 2 1
36 2 1
35 2 1
34 1 1
33 1 1
32 1 1
31 1 1
30 1 1
29 1 1
28 1 1
27 1 1
26 1 1
25 1 1
24 1 1
23 1 1
22 1 1
21 1 1
20 1 1
19 1 1
18 1 1
17 1 1
16 1 1
15 1 1
14 2 1
13 2 1
12 2 1
11 2 1
10 2 1
9 3 1
8 3 1
7 4 1
6 4 1
5 5 1
4 6 1
3 7 1
2 8 1
2 9 1
2 10 1
2 11 1
1 12 1
1 13 1
2 14 1
2 15 1
3 16 1
3 17 1
4 18 1
5 19 1
6 19 1
7 19 1
8 20 1
9 20 1
10 20 1
11 20 1
12 20 1
13 20 1
14 20 1
15 20 1
16 20 1
17 19 1
18 19 1
19 19 1
20 19 1
21 19 1
22 19 1
23 18 1
24 18 1
25 18 1
26 17 1
27 17 1
28 16 1
29 16 1
30 15 1
31 15 1
32 14 1
33 13 1
34 12 1
35 12 1
36 11 1
37 10 1
38 9 1
39 8 1
39 7 1
40 6 1
40 5 1
.PEN_UP
