.PEN_DOWN
3 21 1
3 20 1
3 19 1
4 18 1
5 17 1
6 17 1
7 16 1
8 15 1
9 15 1
10 14 1
11 13 1
12 12 1
13 12 1
14 11 1
15 11 1
16 11 1
17 10 1
20 9 1
21 8 1
22 7 1
23 6 1
24 6 1
25 5 1
26 4 1
27 4 1
28 3 1
29 2 1
30 1 1
.PEN_UP
.PEN_DOWN
18 10 1
18 12 1
18 13 1
17 14 1
17 15 1
17 16 1
16 17 1
16 18 1
15 19 1
15 20 1
15 21 1
15 22 1
17 23 1
18 23 1
19 23 1
20 22 1
21 22 1
22 22 1
23 22 1
24 21 1
25 21 1
26 21 1
27 20 1
28 20 1
29 20 1
30 19 1
31 19 1
32 19 1
33 19 1
34 20 1
34 21 1
33 22 1
33 23 1
33 24 1
33 25 1
32 26 1
31 27 1
31 28 1
30 29 1
29 30 1
28 31 1
27 32 1
26 33 1
25 34 1
24 35 1
24 36 1
23 37 1
23 38 1
21 39 1
20 39 1
19 40 1
18 41 1
17 41 1
16 41 1
15 42 1
14 42 1
13 43 1
12 44 1
11 45 1
9 46 1
8 46 1
7 46 1
6 47 1
5 47 1
4 48 1
3 48 1
2 49 1
1 49 1
.PEN_UP
.PEN_DOWN
10 46 1
12 48 1
13 48 1
14 49 1
15 49 1
16 49 1
17 49 1
18 49 1
19 49 1
20 49 1
21 49 1
22 48 1
23 48 1
24 47 1
25 47 1
26 47 1
27 46 1
27 45 1
28 44 1
28 43 1
27 42 1
27 41 1
26 40 1
25 39 1
24 39 1
.PEN_UP
