.PEN_DOWN
29 28 1
29 27 1
28 26 1
28 25 1
28 24 1
28 23 1
28 22 1
28 21 1
28 20 1
28 19 1
29 18 1
29 17 1
29 16 1
29 15 1
30 14 1
30 13 1
30 12 1
31 11 1
31 10 1
32 9 1
33 8 1
34 7 1
35 7 1
36 7 1
37 7 1
38 8 1
39 9 1
39 10 1
40 11 1
40 12 1
41 13 1
42 14 1
42 15 1
43 16 1
43 17 1
44 18 1
44 19 1
45 20 1
45 21 1
46 22 1
47 23 1
48 23 1
50 22 1
51 21 1
51 20 1
51 19 1
52 18 1
52 17 1
52 16 1
53 15 1
53 14 1
53 13 1
53 12 1
53 11 1
53 10 1
53 9 1
53 8 1
53 7 1
53 6 1
53 5 1
53 4 1
52 3 1
52 2 1
51 1 1
.PEN_UP
.PEN_DOWN
30 60 1
30 59 1
30 58 1
30 57 1
30 56 1
31 55 1
31 54 1
31 53 1
32 52 1
32 51 1
32 50 1
33 49 1
33 48 1
34 47 1
34 46 1
35 45 1
35 44 1
36 43 1
37 43 1
38 42 1
39 41 1
40 41 1
41 40 1
42 40 1
43 40 1
44 40 1
45 40 1
46 41 1
47 42 1
47 43 1
48 44 1
48 45 1
48 46 1
48 47 1
49 48 1
49 49 1
49 50 1
49 51 1
49 52 1
49 53 1
48 54 1
48 55 1
48 56 1
47 57 1
47 58 1
47 59 1
47 60 1
46 61 1
46 62 1
46 63 1
45 64 1
45 65 1
45 66 1
44 67 1
44 68 1
43 69 1
43 70 1
42 71 1
41 72 1
40 72 1
39 73 1
38 74 1
37 74 1
36 75 1
35 76 1
34 76 1
33 77 1
.PEN_UP
.PEN_DOWN
33 116 1
32 115 1
32 114 1
32 113 1
31 112 1
31 111 1
30 110 1
30 109 1
30 108 1
30 107 1
30 106 1
30 105 1
30 104 1
30 103 1
30 102 1
30 101 1
31 100 1
31 99 1
32 98 1
32 97 1
32 96 1
33 95 1
34 94 1
35 93 1
36 93 1
37 93 1
38 93 1
39 93 1
40 93 1
41 94 1
42 95 1
43 96 1
44 97 1
45 98 1
46 99 1
46 100 1
47 101 1
47 102 1
48 103 1
48 104 1
48 105 1
48 106 1
49 107 1
49 108 1
49 109 1
49 110 1
49 111 1
49 112 1
49 113 1
49 114 1
49 115 1
49 116 1
49 117 1
49 118 1
48 119 1
48 120 1
48 121 1
48 122 1
48 123 1
48 124 1
.PEN_UP
.PEN_DOWN
32 156 1
32 155 1
31 154 1
31 153 1
31 152 1
31 151 1
31 150 1
31 149 1
30 148 1
31 147 1
31 146 1
31 145 1
31 144 1
31 143 1
31 142 1
32 141 1
32 140 1
33 139 1
33 138 1
34 137 1
35 136 1
36 135 1
37 134 1
38 133 1
39 133 1
40 133 1
41 133 1
42 133 1
43 134 1
44 134 1
45 135 1
46 136 1
46 137 1
46 138 1
47 139 1
47 140 1
48 141 1
48 142 1
48 143 1
48 144 1
48 145 1
48 146 1
49 147 1
49 148 1
49 149 1
49 150 1
50 151 1
50 152 1
50 153 1
50 154 1
50 155 1
50 156 1
50 157 1
50 158 1
50 159 1
50 160 1
50 161 1
50 162 1
50 163 1
49 164 1
49 165 1
48 166 1
48 167 1
48 168 1
47 169 1
46 170 1
45 171 1
44 171 1
43 172 1
42 173 1
40 172 1
39 171 1
38 171 1
37 171 1
36 171 1
35 171 1
34 171 1
33 171 1
32 171 1
31 172 1
30 172 1
29 173 1
28 174 1
27 175 1
27 176 1
27 177 1
26 178 1
26 179 1
26 180 1
26 181 1
26 182 1
26 183 1
26 184 1
27 185 1
28 186 1
29 186 1
30 186 1
31 185 1
32 185 1
33 184 1
34 184 1
35 183 1
36 182 1
37 181 1
38 180 1
39 179 1
40 178 1
41 177 1
43 178 1
44 179 1
44 180 1
45 181 1
45 182 1
46 183 1
46 184 1
46 185 1
46 186 1
46 187 1
46 188 1
47 189 1
47 190 1
47 191 1
47 192 1
47 193 1
48 194 1
48 195 1
47 196 1
47 197 1
47 198 1
47 199 1
47 200 1
46 201 1
46 202 1
45 203 1
43 203 1
42 202 1
41 202 1
40 202 1
39 202 1
38 202 1
37 202 1
36 202 1
35 202 1
34 203 1
33 203 1
32 204 1
31 205 1
30 205 1
29 206 1
28 207 1
28 208 1
28 209 1
27 210 1
27 211 1
27 212 1
27 213 1
28 214 1
28 215 1
28 216 1
29 217 1
30 218 1
31 219 1
32 219 1
33 219 1
34 220 1
35 220 1
36 219 1
37 219 1
38 218 1
38 217 1
39 216 1
39 215 1
40 214 1
41 213 1
42 212 1
42 211 1
43 210 1
44 209 1
47 209 1
48 210 1
49 211 1
49 212 1
50 213 1
50 214 1
50 215 1
50 216 1
51 217 1
51 218 1
51 219 1
51 220 1
51 221 1
51 222 1
51 223 1
51 224 1
51 225 1
51 226 1
51 227 1
51 228 1
51 229 1
51 230 1
51 231 1
50 232 1
50 233 1
50 234 1
.PEN_UP
.PEN_DOWN
45 208 1
45 207 1
45 206 1
45 205 1
45 204 1
.PEN_UP
.PEN_DOWN
47 267 1
46 267 1
45 267 1
44 267 1
43 267 1
41 268 1
40 269 1
39 270 1
38 271 1
37 272 1
36 273 1
35 274 1
34 274 1
33 275 1
32 275 1
29 274 1
28 273 1
28 272 1
27 271 1
27 270 1
26 269 1
26 268 1
25 267 1
25 266 1
25 265 1
25 264 1
25 263 1
25 262 1
25 261 1
25 260 1
26 259 1
26 258 1
26 257 1
27 256 1
27 255 1
27 254 1
28 253 1
28 252 1
29 251 1
29 250 1
30 249 1
30 248 1
31 247 1
32 246 1
33 245 1
34 244 1
35 243 1
36 242 1
37 242 1
38 241 1
39 241 1
40 242 1
41 242 1
42 243 1
43 244 1
44 245 1
44 246 1
44 247 1
44 248 1
44 249 1
44 250 1
44 251 1
44 252 1
44 253 1
44 254 1
44 255 1
44 256 1
44 257 1
44 258 1
43 259 1
43 260 1
43 261 1
42 262 1
42 263 1
42 264 1
42 265 1
42 266 1
.PEN_UP
.PEN_DOWN
30 277 1
30 278 1
30 281 1
29 282 1
29 283 1
29 284 1
29 285 1
28 286 1
27 287 1
26 288 1
25 289 1
24 290 1
24 291 1
23 292 1
22 293 1
21 294 1
20 295 1
19 296 1
18 296 1
17 297 1
16 298 1
15 299 1
14 300 1
13 301 1
12 302 1
11 303 1
10 303 1
9 304 1
8 305 1
7 305 1
6 306 1
5 306 1
4 307 1
3 305 1
3 304 1
3 303 1
4 302 1
4 301 1
5 300 1
5 299 1
6 298 1
7 297 1
8 296 1
9 295 1
10 294 1
11 293 1
11 292 1
12 291 1
13 290 1
14 289 1
15 288 1
16 287 1
17 286 1
18 285 1
19 284 1
20 284 1
21 283 1
22 282 1
23 281 1
24 281 1
25 280 1
26 280 1
27 280 1
28 279 1
29 279 1
.PEN_UP
