.PEN_DOWN
40 9 1
41 9 1
42 10 1
43 10 1
44 10 1
45 10 1
46 10 1
47 11 1
48 11 1
49 11 1
50 11 1
51 12 1
52 13 1
53 13 1
54 14 1
55 14 1
.PEN_UP
.PEN_DOWN
1 52 1
2 53 1
3 54 1
4 55 1
5 56 1
6 57 1
7 58 1
.PEN_UP
.PEN_DOWN
40 39 1
41 39 1
42 40 1
43 40 1
44 40 1
45 40 1
46 40 1
47 39 1
48 39 1
49 39 1
50 39 1
51 39 1
52 38 1
53 38 1
54 38 1
55 37 1
56 37 1
57 36 1
58 36 1
59 35 1
60 35 1
61 34 1
62 34 1
63 34 1
64 34 1
65 33 1
66 33 1
67 32 1
68 32 1
69 31 1
70 31 1
71 31 1
72 30 1
73 30 1
74 30 1
75 29 1
76 29 1
77 29 1
78 28 1
79 28 1
80 28 1
81 27 1
82 27 1
83 27 1
84 26 1
85 26 1
86 25 1
87 25 1
88 25 1
89 24 1
90 24 1
91 24 1
92 23 1
93 23 1
94 22 1
95 22 1
96 21 1
97 21 1
98 21 1
99 20 1
100 20 1
101 19 1
102 19 1
103 19 1
104 18 1
105 18 1
106 17 1
107 17 1
108 16 1
109 16 1
110 16 1
111 16 1
112 15 1
113 14 1
114 14 1
115 14 1
116 14 1
117 13 1
118 13 1
119 12 1
120 12 1
121 11 1
122 11 1
123 10 1
124 9 1
125 9 1
126 8 1
127 7 1
128 7 1
129 6 1
130 5 1
131 4 1
132 3 1
132 2 1
131 1 1
.PEN_UP
