.PEN_DOWN
1 11 1
2 11 1
3 10 1
4 10 1
5 10 1
6 10 1
7 10 1
8 10 1
9 9 1
10 9 1
11 9 1
12 9 1
13 9 1
14 9 1
15 8 1
16 8 1
17 8 1
18 8 1
19 8 1
20 8 1
21 8 1
22 7 1
23 7 1
24 7 1
25 7 1
26 6 1
27 6 1
28 6 1
29 6 1
30 6 1
31 6 1
32 6 1
33 6 1
34 6 1
35 5 1
36 5 1
37 5 1
38 5 1
39 5 1
40 5 1
41 5 1
42 5 1
45 4 1
46 4 1
47 3 1
48 2 1
49 1 1
50 1 1
51 1 1
52 1 1
53 1 1
54 1 1
55 1 1
56 1 1
57 2 1
58 2 1
59 2 1
60 2 1
.PEN_UP
.PEN_DOWN
43 5 1
43 7 1
43 8 1
43 9 1
43 10 1
43 11 1
43 12 1
42 13 1
42 14 1
42 15 1
42 16 1
42 17 1
42 18 1
42 19 1
42 20 1
42 21 1
42 22 1
42 23 1
42 24 1
42 25 1
42 26 1
42 27 1
42 28 1
42 29 1
42 30 1
42 31 1
42 32 1
43 33 1
45 32 1
46 32 1
47 31 1
48 31 1
49 30 1
49 29 1
50 28 1
50 27 1
51 26 1
51 25 1
52 24 1
53 23 1
54 22 1
55 21 1
56 20 1
57 20 1
58 20 1
59 20 1
60 20 1
61 20 1
62 21 1
63 22 1
63 23 1
63 24 1
63 25 1
63 26 1
63 27 1
63 28 1
63 29 1
63 30 1
63 31 1
62 32 1
62 33 1
62 34 1
61 35 1
61 36 1
60 37 1
60 38 1
59 39 1
58 40 1
58 41 1
57 42 1
56 43 1
55 43 1
54 43 1
53 43 1
52 43 1
51 43 1
50 43 1
49 42 1
48 41 1
47 41 1
46 40 1
45 40 1
44 39 1
44 38 1
44 37 1
44 36 1
44 35 1
44 34 1
.PEN_UP
