.PEN_DOWN
1 20 1
2 20 1
3 20 1
4 20 1
5 19 1
6 18 1
7 18 1
8 18 1
9 17 1
10 17 1
11 16 1
12 16 1
13 16 1
14 15 1
15 15 1
16 15 1
17 14 1
18 14 1
19 13 1
20 13 1
21 13 1
22 13 1
23 13 1
24 12 1
25 12 1
26 12 1
27 10 1
28 9 1
28 8 1
28 7 1
29 6 1
30 5 1
31 5 1
32 5 1
33 5 1
34 5 1
35 4 1
36 4 1
37 3 1
38 3 1
39 3 1
40 3 1
41 2 1
42 2 1
43 2 1
44 2 1
45 2 1
46 1 1
47 1 1
48 1 1
49 1 1
50 1 1
51 1 1
52 1 1
.PEN_UP
.PEN_DOWN
27 11 1
27 14 1
27 15 1
27 16 1
27 17 1
.PEN_UP
.PEN_DOWN
1 36 1
2 37 1
3 37 1
4 37 1
5 37 1
6 37 1
7 37 1
8 37 1
9 36 1
10 36 1
11 36 1
12 36 1
13 36 1
16 36 1
17 36 1
18 35 1
19 34 1
20 33 1
21 32 1
22 32 1
23 32 1
24 32 1
25 31 1
26 31 1
27 30 1
28 30 1
29 30 1
30 29 1
31 29 1
32 28 1
33 28 1
34 27 1
35 27 1
36 26 1
37 26 1
38 26 1
39 25 1
40 25 1
41 25 1
42 24 1
43 24 1
44 24 1
45 24 1
46 23 1
47 23 1
48 22 1
49 22 1
50 22 1
51 21 1
.PEN_UP
.PEN_DOWN
14 36 1
14 38 1
14 39 1
13 40 1
13 41 1
13 42 1
12 43 1
12 44 1
11 45 1
11 46 1
10 47 1
10 48 1
10 49 1
10 50 1
10 51 1
10 52 1
11 53 1
12 54 1
13 54 1
14 54 1
15 55 1
16 55 1
17 55 1
18 55 1
19 55 1
20 55 1
21 55 1
22 55 1
23 55 1
24 54 1
25 54 1
26 54 1
27 54 1
28 53 1
29 53 1
30 52 1
31 52 1
32 52 1
33 52 1
34 51 1
35 51 1
36 50 1
37 50 1
38 50 1
39 49 1
40 49 1
41 48 1
42 48 1
43 47 1
44 47 1
45 46 1
46 46 1
47 45 1
48 45 1
49 44 1
50 44 1
51 44 1
52 43 1
53 43 1
54 42 1
55 42 1
56 41 1
.PEN_UP
.PEN_DOWN
59 78 1
59 77 1
59 76 1
58 75 1
57 74 1
56 73 1
55 72 1
54 71 1
53 71 1
52 70 1
51 70 1
50 69 1
49 69 1
48 69 1
47 69 1
46 68 1
45 68 1
44 68 1
43 68 1
42 68 1
41 68 1
40 68 1
39 68 1
38 68 1
37 68 1
36 68 1
35 68 1
34 68 1
33 68 1
32 68 1
31 68 1
30 68 1
29 68 1
28 69 1
27 70 1
26 71 1
25 71 1
24 72 1
24 73 1
23 74 1
22 75 1
21 76 1
19 77 1
18 77 1
17 77 1
16 77 1
15 78 1
14 78 1
13 79 1
12 80 1
11 81 1
10 82 1
9 83 1
9 84 1
8 85 1
7 86 1
7 87 1
7 88 1
7 89 1
7 90 1
8 91 1
9 91 1
10 92 1
11 92 1
12 92 1
13 92 1
14 92 1
15 92 1
16 92 1
17 91 1
18 90 1
19 89 1
19 88 1
19 87 1
20 86 1
21 85 1
21 84 1
21 83 1
21 82 1
21 81 1
21 80 1
21 79 1
21 78 1
21 77 1
.PEN_UP
