.PEN_DOWN
20 1 1
20 2 1
19 3 1
18 4 1
18 5 1
18 6 1
18 7 1
17 8 1
17 9 1
17 10 1
16 11 1
16 12 1
16 13 1
16 14 1
16 15 1
16 16 1
15 17 1
15 18 1
15 19 1
15 20 1
15 21 1
15 22 1
15 23 1
15 24 1
14 25 1
14 26 1
14 27 1
14 28 1
14 29 1
14 30 1
14 31 1
14 32 1
14 33 1
14 34 1
13 35 1
13 36 1
13 37 1
13 38 1
13 39 1
13 40 1
13 41 1
13 42 1
14 43 1
14 44 1
15 45 1
16 45 1
17 45 1
18 44 1
19 44 1
20 43 1
21 42 1
22 42 1
23 41 1
24 40 1
25 39 1
25 38 1
26 37 1
27 36 1
28 35 1
29 34 1
30 33 1
31 32 1
32 31 1
33 31 1
34 30 1
35 29 1
36 28 1
37 27 1
38 26 1
39 25 1
40 24 1
41 23 1
42 22 1
43 21 1
44 20 1
45 19 1
46 18 1
47 17 1
48 16 1
49 15 1
50 14 1
51 14 1
52 13 1
53 12 1
54 11 1
55 10 1
56 10 1
57 9 1
.PEN_UP
.PEN_DOWN
14 46 1
14 47 1
14 48 1
13 49 1
13 50 1
13 51 1
13 52 1
12 53 1
12 54 1
12 55 1
12 56 1
12 57 1
12 58 1
12 59 1
12 60 1
12 61 1
12 62 1
12 63 1
12 64 1
12 65 1
12 66 1
12 67 1
12 68 1
12 69 1
12 70 1
12 71 1
13 72 1
13 73 1
13 74 1
13 75 1
13 76 1
13 77 1
13 78 1
13 79 1
13 80 1
14 81 1
16 80 1
17 80 1
18 79 1
19 78 1
20 78 1
21 77 1
22 76 1
23 75 1
24 74 1
25 74 1
26 73 1
27 72 1
28 71 1
29 70 1
30 69 1
31 68 1
32 68 1
33 67 1
34 66 1
35 65 1
36 65 1
37 64 1
38 63 1
39 62 1
40 61 1
41 61 1
42 61 1
43 60 1
44 60 1
45 60 1
47 59 1
48 58 1
49 57 1
50 56 1
51 55 1
52 54 1
53 54 1
54 53 1
55 52 1
56 51 1
57 50 1
58 49 1
59 48 1
59 47 1
60 46 1
61 45 1
62 44 1
.PEN_UP
.PEN_DOWN
46 60 1
46 62 1
46 63 1
45 64 1
45 65 1
44 66 1
44 67 1
44 68 1
43 69 1
43 70 1
42 71 1
42 72 1
41 73 1
41 74 1
41 75 1
40 76 1
40 77 1
41 78 1
42 79 1
43 80 1
44 80 1
45 80 1
46 80 1
47 79 1
48 79 1
49 79 1
50 78 1
51 78 1
52 77 1
53 76 1
54 76 1
55 75 1
56 74 1
57 73 1
58 73 1
59 72 1
60 72 1
61 71 1
62 71 1
.PEN_UP
.PEN_DOWN
15 81 1
14 83 1
13 84 1
13 85 1
12 86 1
11 87 1
10 87 1
9 87 1
8 88 1
7 89 1
6 90 1
5 91 1
4 92 1
3 93 1
2 94 1
2 95 1
1 96 1
1 97 1
2 98 1
2 99 1
.PEN_UP
.PEN_DOWN
59 138 1
60 137 1
59 136 1
59 135 1
59 134 1
59 133 1
59 132 1
59 131 1
59 130 1
59 129 1
59 128 1
59 127 1
59 126 1
59 125 1
59 124 1
59 123 1
59 122 1
58 121 1
58 120 1
58 119 1
58 118 1
58 117 1
58 116 1
58 115 1
58 114 1
57 113 1
57 112 1
57 111 1
57 110 1
57 109 1
57 108 1
57 107 1
56 106 1
56 105 1
56 104 1
56 103 1
55 102 1
55 101 1
55 100 1
54 99 1
53 98 1
52 97 1
51 96 1
50 96 1
49 96 1
48 96 1
47 96 1
46 97 1
45 98 1
44 99 1
43 100 1
42 101 1
42 102 1
41 103 1
41 104 1
40 105 1
40 106 1
40 107 1
40 108 1
39 109 1
39 110 1
39 111 1
39 112 1
39 113 1
38 114 1
38 115 1
39 116 1
39 117 1
39 118 1
39 119 1
37 121 1
36 121 1
35 121 1
34 122 1
33 123 1
33 124 1
33 125 1
33 126 1
35 127 1
36 127 1
37 127 1
38 127 1
39 129 1
38 130 1
38 131 1
38 132 1
38 133 1
37 134 1
36 134 1
35 135 1
34 135 1
33 135 1
32 134 1
31 133 1
31 132 1
31 131 1
31 130 1
31 129 1
32 128 1
33 127 1
.PEN_UP
.PEN_DOWN
39 126 1
39 125 1
40 124 1
40 123 1
40 122 1
40 121 1
39 120 1
.PEN_UP
