.PEN_DOWN
1 25 1
2 25 1
3 25 1
4 25 1
5 24 1
6 23 1
7 23 1
8 23 1
9 23 1
10 22 1
11 21 1
12 21 1
13 20 1
14 20 1
15 19 1
16 19 1
17 18 1
18 18 1
19 17 1
20 17 1
21 17 1
22 17 1
25 15 1
26 15 1
27 14 1
28 13 1
29 12 1
30 12 1
31 11 1
32 10 1
33 9 1
34 9 1
35 8 1
36 7 1
37 7 1
38 6 1
39 6 1
40 5 1
41 4 1
42 4 1
43 3 1
44 2 1
45 2 1
46 1 1
.PEN_UP
.PEN_DOWN
23 16 1
23 19 1
22 20 1
22 21 1
22 22 1
21 23 1
21 24 1
20 25 1
19 26 1
19 27 1
18 28 1
18 29 1
18 30 1
17 31 1
17 32 1
17 33 1
18 34 1
19 34 1
20 34 1
21 34 1
22 34 1
23 34 1
24 33 1
25 33 1
26 32 1
27 31 1
28 31 1
29 30 1
30 30 1
31 30 1
32 29 1
33 28 1
34 28 1
35 27 1
36 27 1
37 26 1
38 26 1
39 25 1
40 25 1
41 24 1
42 24 1
43 24 1
44 23 1
45 23 1
46 23 1
47 23 1
48 24 1
49 25 1
49 26 1
49 27 1
49 28 1
49 29 1
48 30 1
48 31 1
47 32 1
46 33 1
46 34 1
45 35 1
44 36 1
43 37 1
43 38 1
42 39 1
41 40 1
41 41 1
40 42 1
39 42 1
38 42 1
37 42 1
36 42 1
35 43 1
34 44 1
33 44 1
32 45 1
31 46 1
30 46 1
29 47 1
27 47 1
26 47 1
25 47 1
24 48 1
24 49 1
23 50 1
23 51 1
22 53 1
21 53 1
20 54 1
19 55 1
.PEN_UP
.PEN_DOWN
23 52 1
25 52 1
26 52 1
27 52 1
28 51 1
29 50 1
29 49 1
29 48 1
.PEN_UP
.PEN_DOWN
41 43 1
42 44 1
42 45 1
43 46 1
.PEN_UP
