.PEN_DOWN
1 58 1
2 57 1
3 56 1
4 55 1
5 54 1
6 53 1
7 52 1
8 52 1
9 51 1
10 50 1
11 50 1
12 49 1
13 48 1
14 48 1
15 47 1
16 46 1
17 45 1
18 45 1
19 44 1
20 43 1
21 42 1
22 42 1
23 41 1
24 40 1
25 39 1
26 39 1
27 38 1
28 37 1
29 36 1
30 36 1
31 35 1
32 34 1
33 33 1
34 33 1
35 32 1
36 31 1
37 31 1
38 30 1
39 30 1
40 29 1
41 28 1
42 27 1
43 26 1
44 26 1
45 25 1
46 24 1
47 24 1
48 24 1
49 24 1
50 23 1
51 23 1
53 22 1
53 21 1
54 20 1
55 19 1
56 19 1
57 18 1
58 17 1
59 16 1
59 15 1
60 14 1
61 13 1
62 12 1
63 11 1
64 11 1
65 11 1
66 10 1
66 9 1
67 8 1
68 7 1
69 7 1
70 6 1
71 5 1
72 4 1
73 3 1
74 3 1
75 2 1
76 1 1
.PEN_UP
.PEN_DOWN
52 23 1
52 25 1
52 26 1
51 27 1
51 28 1
51 29 1
50 30 1
50 31 1
49 32 1
48 33 1
48 34 1
47 35 1
46 36 1
46 37 1
45 38 1
44 39 1
44 40 1
43 41 1
43 42 1
42 43 1
42 44 1
42 45 1
42 46 1
41 47 1
41 48 1
41 49 1
43 50 1
44 50 1
45 50 1
46 49 1
47 49 1
48 48 1
49 48 1
50 47 1
51 47 1
52 46 1
53 45 1
54 44 1
55 44 1
56 43 1
57 42 1
58 41 1
59 40 1
60 39 1
61 38 1
62 38 1
63 37 1
64 37 1
65 36 1
66 35 1
67 35 1
68 34 1
69 34 1
70 33 1
71 32 1
72 32 1
73 31 1
74 31 1
75 30 1
76 30 1
77 30 1
78 30 1
79 30 1
80 30 1
81 31 1
82 32 1
83 33 1
83 34 1
83 35 1
83 36 1
83 37 1
83 38 1
82 39 1
82 40 1
82 41 1
81 42 1
81 43 1
80 44 1
80 45 1
79 46 1
78 47 1
77 48 1
76 49 1
76 50 1
75 51 1
74 52 1
73 53 1
73 54 1
72 55 1
72 56 1
71 57 1
70 58 1
69 59 1
68 60 1
67 61 1
66 62 1
65 63 1
64 64 1
64 65 1
63 66 1
62 67 1
61 68 1
60 69 1
59 70 1
58 71 1
57 72 1
56 73 1
55 74 1
54 75 1
53 76 1
53 77 1
52 78 1
51 79 1
50 80 1
49 81 1
.PEN_UP
.PEN_DOWN
73 57 1
74 57 1
75 58 1
76 58 1
.PEN_UP
.PEN_DOWN
26 98 1
25 97 1
24 97 1
23 97 1
22 96 1
21 96 1
20 96 1
19 97 1
18 97 1
17 97 1
16 97 1
15 98 1
14 98 1
13 99 1
12 99 1
11 100 1
10 101 1
9 102 1
8 103 1
8 104 1
7 105 1
6 106 1
6 107 1
5 108 1
5 109 1
4 110 1
3 111 1
.PEN_UP
.PEN_DOWN
71 80 1
70 81 1
69 82 1
68 83 1
67 84 1
66 85 1
65 86 1
64 87 1
64 88 1
63 89 1
62 90 1
61 91 1
60 92 1
59 93 1
58 94 1
57 95 1
56 96 1
55 97 1
55 98 1
54 99 1
54 100 1
53 101 1
52 102 1
51 103 1
50 104 1
49 105 1
48 106 1
47 107 1
47 108 1
46 109 1
45 110 1
45 111 1
45 112 1
45 113 1
44 114 1
43 115 1
43 116 1
43 117 1
43 118 1
42 119 1
42 120 1
43 121 1
44 120 1
45 120 1
46 120 1
47 120 1
48 119 1
49 119 1
50 119 1
51 119 1
52 119 1
53 118 1
54 118 1
55 118 1
57 116 1
58 115 1
59 114 1
60 113 1
61 113 1
62 112 1
63 112 1
64 111 1
64 110 1
65 109 1
66 108 1
67 107 1
68 106 1
68 105 1
69 104 1
70 104 1
71 103 1
72 102 1
73 101 1
74 101 1
75 100 1
76 99 1
.PEN_UP
.PEN_DOWN
56 117 1
56 120 1
56 121 1
55 122 1
55 123 1
55 124 1
54 125 1
54 126 1
53 127 1
52 128 1
52 129 1
51 130 1
50 131 1
50 132 1
49 133 1
49 134 1
48 135 1
48 136 1
47 137 1
47 138 1
47 139 1
47 140 1
46 141 1
46 142 1
46 143 1
46 144 1
46 145 1
47 146 1
48 146 1
49 146 1
50 145 1
51 145 1
52 145 1
53 144 1
54 143 1
55 143 1
56 142 1
57 141 1
58 140 1
59 139 1
60 138 1
61 137 1
62 136 1
63 136 1
64 135 1
65 135 1
66 134 1
67 133 1
68 132 1
69 131 1
70 130 1
.PEN_UP
