.PEN_DOWN
33 56 1
34 56 1
35 56 1
36 57 1
37 58 1
38 59 1
39 60 1
.PEN_UP
.PEN_DOWN
65 36 1
64 36 1
63 35 1
62 35 1
61 35 1
60 35 1
59 35 1
58 35 1
57 35 1
56 35 1
55 35 1
54 35 1
53 36 1
52 36 1
51 37 1
50 37 1
49 38 1
48 38 1
47 38 1
46 38 1
45 38 1
44 38 1
43 38 1
42 38 1
41 38 1
40 39 1
39 39 1
38 39 1
37 39 1
36 39 1
35 39 1
34 39 1
33 39 1
32 39 1
31 39 1
30 39 1
29 39 1
28 39 1
27 39 1
26 39 1
25 39 1
24 39 1
23 39 1
22 39 1
21 38 1
20 38 1
19 38 1
18 38 1
17 37 1
16 37 1
15 37 1
14 36 1
13 36 1
12 36 1
11 35 1
10 35 1
9 34 1
8 33 1
7 32 1
6 31 1
5 30 1
4 29 1
4 28 1
3 27 1
2 26 1
1 25 1
1 24 1
1 23 1
1 22 1
1 21 1
1 20 1
1 19 1
2 18 1
3 17 1
4 17 1
5 17 1
6 17 1
7 17 1
8 17 1
9 18 1
10 18 1
11 18 1
12 18 1
13 19 1
14 19 1
15 19 1
16 19 1
17 19 1
18 19 1
19 19 1
20 20 1
21 20 1
22 20 1
23 20 1
24 20 1
25 20 1
26 21 1
27 21 1
28 21 1
29 21 1
30 21 1
31 21 1
32 21 1
33 22 1
34 22 1
35 22 1
36 22 1
37 23 1
38 23 1
39 23 1
40 23 1
41 23 1
42 23 1
43 23 1
44 23 1
45 23 1
46 23 1
47 23 1
48 23 1
49 23 1
50 24 1
51 24 1
52 24 1
53 24 1
54 24 1
55 24 1
56 24 1
57 25 1
58 25 1
59 25 1
60 25 1
61 25 1
62 25 1
63 25 1
64 25 1
65 25 1
66 25 1
67 25 1
68 25 1
69 25 1
70 25 1
71 24 1
71 23 1
71 22 1
71 21 1
71 20 1
71 19 1
71 18 1
71 17 1
71 16 1
71 15 1
72 14 1
72 13 1
72 12 1
72 11 1
73 10 1
73 9 1
73 8 1
73 7 1
73 6 1
74 5 1
74 4 1
74 3 1
74 2 1
75 1 1
76 1 1
.PEN_UP
.PEN_DOWN
71 26 1
72 27 1
73 27 1
74 27 1
75 27 1
76 27 1
77 27 1
78 27 1
79 27 1
80 27 1
81 27 1
82 27 1
83 27 1
84 27 1
85 27 1
86 28 1
87 28 1
88 28 1
89 28 1
90 28 1
91 28 1
92 28 1
93 28 1
94 28 1
95 28 1
96 29 1
97 29 1
98 29 1
99 29 1
100 29 1
101 29 1
102 29 1
103 29 1
104 29 1
105 30 1
106 30 1
107 30 1
108 30 1
109 30 1
110 30 1
111 30 1
112 30 1
113 30 1
114 30 1
115 30 1
116 30 1
117 30 1
118 30 1
119 30 1
120 30 1
121 31 1
122 31 1
123 31 1
124 31 1
125 31 1
126 31 1
127 31 1
128 32 1
129 32 1
130 32 1
131 32 1
132 32 1
133 33 1
.PEN_UP
.PEN_DOWN
71 28 1
71 29 1
72 30 1
72 31 1
72 32 1
72 33 1
72 34 1
72 35 1
72 36 1
72 37 1
72 38 1
.PEN_UP
.PEN_DOWN
61 58 1
62 58 1
63 59 1
64 59 1
65 60 1
66 60 1
67 60 1
68 60 1
69 60 1
70 61 1
71 61 1
72 61 1
73 62 1
74 62 1
75 62 1
76 62 1
77 63 1
78 63 1
79 63 1
80 63 1
81 63 1
82 63 1
83 63 1
84 64 1
85 64 1
86 64 1
87 64 1
88 65 1
90 65 1
91 65 1
92 65 1
93 65 1
94 65 1
95 65 1
96 65 1
97 65 1
98 65 1
99 65 1
100 65 1
101 65 1
102 65 1
103 65 1
104 65 1
105 65 1
106 65 1
107 66 1
108 66 1
109 66 1
110 67 1
111 68 1
112 69 1
113 70 1
113 71 1
113 72 1
114 73 1
114 74 1
115 75 1
115 76 1
115 77 1
116 78 1
116 79 1
116 80 1
116 81 1
116 82 1
117 83 1
117 84 1
117 85 1
117 86 1
117 87 1
117 88 1
117 89 1
117 90 1
117 91 1
117 92 1
117 93 1
116 94 1
116 95 1
116 96 1
116 97 1
116 98 1
115 99 1
115 100 1
115 101 1
114 102 1
114 103 1
113 104 1
113 105 1
112 106 1
111 107 1
110 108 1
109 109 1
108 109 1
107 110 1
106 110 1
105 111 1
104 111 1
103 111 1
102 112 1
101 112 1
100 113 1
99 113 1
98 113 1
97 113 1
96 114 1
95 114 1
94 114 1
93 114 1
92 114 1
91 114 1
90 114 1
89 114 1
88 113 1
87 113 1
86 113 1
85 112 1
84 112 1
83 112 1
82 111 1
81 110 1
80 110 1
79 109 1
78 108 1
77 107 1
76 106 1
75 105 1
75 104 1
74 103 1
73 102 1
72 101 1
72 100 1
71 99 1
70 98 1
70 97 1
69 96 1
68 95 1
68 94 1
67 93 1
66 93 1
65 92 1
64 92 1
63 92 1
62 91 1
61 91 1
60 93 1
60 94 1
60 95 1
60 96 1
61 97 1
61 98 1
62 99 1
63 100 1
63 101 1
63 102 1
64 103 1
64 104 1
65 105 1
66 106 1
67 106 1
.PEN_UP
.PEN_DOWN
60 90 1
60 89 1
60 88 1
60 87 1
59 86 1
59 85 1
60 84 1
.PEN_UP
.PEN_DOWN
88 66 1
87 67 1
86 68 1
85 69 1
84 70 1
83 71 1
82 72 1
81 72 1
80 73 1
79 74 1
78 75 1
77 76 1
76 77 1
75 78 1
74 79 1
73 80 1
72 81 1
71 82 1
.PEN_UP
.PEN_DOWN
32 102 1
33 102 1
34 103 1
35 103 1
36 103 1
37 104 1
38 104 1
39 105 1
40 105 1
41 105 1
42 106 1
43 106 1
44 107 1
45 107 1
46 107 1
47 108 1
48 108 1
49 108 1
50 109 1
51 109 1
52 109 1
53 110 1
54 110 1
55 111 1
56 111 1
57 112 1
58 112 1
59 112 1
60 113 1
61 113 1
62 114 1
63 115 1
64 116 1
66 118 1
67 118 1
68 118 1
69 118 1
70 118 1
71 118 1
72 119 1
73 119 1
74 120 1
75 120 1
76 120 1
77 120 1
78 121 1
79 121 1
80 121 1
81 122 1
82 122 1
83 122 1
84 122 1
85 123 1
86 123 1
87 123 1
88 124 1
89 124 1
90 124 1
91 125 1
92 125 1
93 125 1
94 126 1
95 126 1
96 126 1
97 127 1
98 127 1
99 127 1
100 127 1
101 128 1
102 128 1
103 128 1
104 129 1
105 129 1
106 129 1
107 130 1
108 131 1
109 131 1
110 132 1
111 132 1
.PEN_UP
.PEN_DOWN
64 117 1
63 119 1
63 120 1
62 121 1
62 122 1
62 123 1
62 124 1
62 125 1
62 126 1
62 127 1
62 128 1
62 129 1
63 130 1
63 131 1
63 132 1
64 133 1
64 134 1
65 135 1
65 136 1
66 137 1
67 138 1
67 139 1
68 140 1
68 141 1
69 142 1
70 143 1
70 144 1
71 145 1
72 146 1
73 147 1
74 148 1
75 149 1
76 150 1
77 151 1
78 152 1
79 153 1
80 153 1
81 154 1
82 154 1
83 155 1
84 155 1
85 156 1
86 156 1
87 157 1
88 157 1
89 157 1
90 158 1
91 158 1
92 158 1
93 158 1
94 159 1
95 159 1
96 159 1
97 160 1
98 160 1
99 160 1
100 160 1
101 160 1
102 160 1
103 160 1
104 160 1
105 160 1
106 161 1
107 161 1
108 161 1
109 161 1
110 161 1
111 162 1
.PEN_UP
