.PEN_DOWN
18 1 1
19 1 1
20 1 1
21 1 1
22 1 1
23 2 1
24 2 1
25 2 1
26 2 1
27 2 1
28 3 1
30 4 1
31 4 1
32 4 1
33 4 1
34 4 1
35 4 1
36 5 1
38 5 1
39 5 1
40 5 1
41 5 1
42 5 1
43 5 1
44 5 1
45 5 1
46 5 1
47 5 1
48 5 1
49 5 1
50 5 1
51 5 1
52 5 1
53 5 1
54 6 1
55 6 1
56 6 1
57 6 1
.PEN_UP
.PEN_DOWN
36 6 1
36 7 1
36 8 1
37 9 1
37 10 1
37 11 1
38 12 1
38 13 1
39 14 1
40 15 1
40 16 1
40 17 1
40 18 1
40 19 1
41 20 1
40 21 1
40 22 1
40 23 1
40 24 1
40 25 1
40 26 1
40 27 1
40 28 1
40 29 1
40 30 1
40 31 1
39 32 1
39 33 1
38 34 1
37 35 1
36 36 1
36 37 1
35 38 1
34 39 1
33 40 1
32 40 1
31 41 1
30 41 1
29 41 1
28 42 1
27 42 1
26 42 1
25 42 1
24 42 1
23 41 1
22 40 1
21 40 1
20 39 1
19 38 1
18 37 1
17 36 1
17 35 1
16 34 1
16 33 1
15 32 1
15 31 1
15 30 1
15 29 1
15 28 1
15 27 1
15 26 1
15 25 1
15 24 1
15 23 1
15 22 1
15 21 1
15 20 1
16 19 1
16 18 1
16 17 1
17 16 1
17 15 1
18 14 1
19 13 1
20 12 1
21 11 1
22 10 1
23 9 1
24 9 1
25 8 1
26 7 1
27 6 1
28 5 1
.PEN_UP
.PEN_DOWN
14 53 1
15 52 1
16 52 1
17 52 1
18 52 1
19 52 1
20 52 1
21 53 1
22 53 1
23 53 1
24 53 1
25 53 1
26 53 1
27 53 1
28 54 1
29 54 1
30 54 1
31 54 1
32 54 1
33 54 1
34 54 1
35 54 1
36 55 1
37 55 1
38 56 1
39 57 1
40 58 1
41 59 1
42 60 1
42 61 1
42 62 1
41 63 1
41 64 1
41 65 1
40 66 1
40 67 1
40 68 1
39 69 1
39 70 1
38 71 1
38 72 1
37 73 1
36 74 1
36 75 1
35 76 1
34 77 1
34 78 1
33 79 1
32 80 1
31 81 1
30 82 1
30 83 1
29 84 1
28 85 1
27 86 1
27 87 1
26 88 1
24 89 1
23 89 1
22 89 1
21 89 1
.PEN_UP
.PEN_DOWN
25 89 1
27 91 1
28 91 1
29 91 1
30 92 1
31 92 1
32 92 1
33 92 1
34 92 1
35 92 1
36 93 1
37 93 1
38 93 1
39 94 1
40 94 1
41 94 1
42 94 1
43 94 1
.PEN_UP
.PEN_DOWN
1 103 1
2 103 1
3 103 1
4 104 1
5 104 1
6 104 1
7 105 1
8 105 1
9 105 1
10 105 1
11 105 1
12 105 1
13 105 1
14 105 1
15 105 1
16 105 1
17 105 1
18 105 1
19 105 1
20 106 1
21 106 1
22 106 1
23 106 1
24 106 1
25 106 1
26 106 1
27 106 1
28 106 1
29 106 1
30 106 1
31 106 1
32 106 1
33 106 1
34 106 1
35 106 1
36 106 1
37 106 1
38 106 1
39 106 1
40 106 1
41 106 1
42 106 1
43 107 1
44 107 1
.PEN_UP
.PEN_DOWN
5 116 1
6 116 1
7 116 1
8 116 1
9 117 1
10 117 1
11 117 1
12 117 1
13 118 1
14 118 1
15 118 1
16 118 1
17 118 1
18 118 1
19 118 1
20 118 1
21 118 1
22 118 1
23 118 1
24 118 1
25 118 1
26 118 1
27 118 1
28 118 1
29 118 1
30 118 1
31 118 1
32 118 1
33 118 1
34 118 1
35 118 1
36 118 1
37 118 1
38 119 1
39 119 1
40 119 1
41 119 1
42 119 1
.PEN_UP
