.PEN_DOWN
20 23 1
21 22 1
22 21 1
23 21 1
24 21 1
25 21 1
26 20 1
27 20 1
28 19 1
29 19 1
30 18 1
31 18 1
32 17 1
33 17 1
34 16 1
35 15 1
36 14 1
37 14 1
38 14 1
39 14 1
40 13 1
41 13 1
43 12 1
44 11 1
45 10 1
46 10 1
47 9 1
48 8 1
49 7 1
50 6 1
51 5 1
52 4 1
53 3 1
54 2 1
54 1 1
.PEN_UP
.PEN_DOWN
42 13 1
42 15 1
42 16 1
42 17 1
42 18 1
42 19 1
42 20 1
42 21 1
42 22 1
41 25 1
41 26 1
40 27 1
39 28 1
37 30 1
36 30 1
35 30 1
34 31 1
33 31 1
32 32 1
32 33 1
31 34 1
30 35 1
29 36 1
28 36 1
27 37 1
26 38 1
.PEN_UP
.PEN_DOWN
38 29 1
40 30 1
40 31 1
40 32 1
40 33 1
40 34 1
40 35 1
39 36 1
39 37 1
39 38 1
39 39 1
39 40 1
38 41 1
38 42 1
37 45 1
36 46 1
35 47 1
34 48 1
34 49 1
33 50 1
32 50 1
31 51 1
30 52 1
30 53 1
29 54 1
28 55 1
27 56 1
.PEN_UP
.PEN_DOWN
38 43 1
40 43 1
41 43 1
42 43 1
43 43 1
44 43 1
45 43 1
46 43 1
47 45 1
47 46 1
47 47 1
47 48 1
46 49 1
46 50 1
46 51 1
45 52 1
45 53 1
45 54 1
46 55 1
46 56 1
46 57 1
47 58 1
47 59 1
47 60 1
47 61 1
47 62 1
47 63 1
46 64 1
46 65 1
46 66 1
44 68 1
43 68 1
42 68 1
41 69 1
40 69 1
39 69 1
38 71 1
37 72 1
36 73 1
35 74 1
34 75 1
33 76 1
32 77 1
31 78 1
31 79 1
30 80 1
30 81 1
30 82 1
30 83 1
29 84 1
29 85 1
28 86 1
27 87 1
26 87 1
.PEN_UP
.PEN_DOWN
38 69 1
37 68 1
36 67 1
36 66 1
36 65 1
36 64 1
36 63 1
36 62 1
36 61 1
37 60 1
37 59 1
38 58 1
38 57 1
39 56 1
.PEN_UP
.PEN_DOWN
45 67 1
47 68 1
48 68 1
49 68 1
50 68 1
51 68 1
52 68 1
53 68 1
54 69 1
54 70 1
54 71 1
54 72 1
54 73 1
53 74 1
53 75 1
53 76 1
52 77 1
51 78 1
.PEN_UP
.PEN_DOWN
51 96 1
51 97 1
50 98 1
49 99 1
48 99 1
47 99 1
46 99 1
45 99 1
44 100 1
43 101 1
42 102 1
41 102 1
40 103 1
38 103 1
37 103 1
36 104 1
35 104 1
34 104 1
33 105 1
32 105 1
31 106 1
30 107 1
29 108 1
28 109 1
27 109 1
26 110 1
25 111 1
24 111 1
23 112 1
22 113 1
21 113 1
20 114 1
19 115 1
18 116 1
17 116 1
16 117 1
15 118 1
14 119 1
13 119 1
12 120 1
11 121 1
10 122 1
9 123 1
8 124 1
7 124 1
6 125 1
5 126 1
4 127 1
3 128 1
2 129 1
1 130 1
.PEN_UP
.PEN_DOWN
39 103 1
40 105 1
39 106 1
39 107 1
39 108 1
38 109 1
37 110 1
36 111 1
35 112 1
.PEN_UP
.PEN_DOWN
51 99 1
52 100 1
53 101 1
53 102 1
53 103 1
53 104 1
53 105 1
53 106 1
52 107 1
52 108 1
52 109 1
52 110 1
52 111 1
51 112 1
51 113 1
51 114 1
50 116 1
49 117 1
48 118 1
47 119 1
46 120 1
45 121 1
44 122 1
43 123 1
42 124 1
41 125 1
41 126 1
40 127 1
40 128 1
40 129 1
39 130 1
39 131 1
39 132 1
38 133 1
37 134 1
36 135 1
35 136 1
35 137 1
34 138 1
34 139 1
33 140 1
33 141 1
33 142 1
32 143 1
32 144 1
.PEN_UP
.PEN_DOWN
51 115 1
53 115 1
54 115 1
55 115 1
56 115 1
57 115 1
58 116 1
59 117 1
59 118 1
59 119 1
59 120 1
59 121 1
59 122 1
58 123 1
58 124 1
58 125 1
57 126 1
57 127 1
56 128 1
55 129 1
55 130 1
54 131 1
53 132 1
52 133 1
51 134 1
.PEN_UP
