.PEN_DOWN
17 1 1
18 2 1
19 2 1
20 3 1
21 4 1
22 4 1
23 5 1
24 5 1
25 6 1
26 6 1
27 7 1
28 7 1
29 8 1
30 8 1
31 9 1
32 9 1
33 10 1
34 10 1
35 11 1
36 12 1
38 13 1
39 14 1
40 14 1
41 14 1
42 15 1
43 15 1
44 16 1
45 17 1
46 18 1
47 19 1
48 20 1
49 21 1
49 22 1
50 23 1
50 24 1
50 25 1
50 26 1
51 27 1
51 28 1
51 29 1
51 30 1
51 31 1
51 32 1
51 33 1
51 34 1
51 35 1
51 36 1
51 37 1
51 38 1
51 39 1
50 40 1
49 41 1
48 41 1
47 42 1
46 41 1
45 41 1
44 40 1
43 39 1
42 38 1
41 37 1
40 36 1
39 35 1
38 34 1
37 33 1
37 32 1
36 31 1
36 30 1
35 29 1
35 28 1
34 27 1
34 26 1
34 25 1
33 24 1
33 23 1
33 22 1
33 21 1
33 20 1
33 19 1
34 18 1
34 17 1
35 16 1
35 15 1
36 14 1
.PEN_UP
.PEN_DOWN
32 43 1
33 43 1
34 44 1
35 45 1
36 46 1
37 47 1
38 47 1
39 48 1
40 49 1
41 50 1
41 51 1
42 52 1
42 53 1
42 54 1
44 56 1
45 57 1
46 58 1
47 59 1
47 60 1
48 61 1
.PEN_UP
.PEN_DOWN
41 55 1
40 55 1
39 55 1
38 55 1
37 56 1
36 57 1
35 58 1
35 59 1
34 60 1
34 61 1
34 62 1
34 63 1
34 64 1
34 65 1
35 66 1
35 67 1
.PEN_UP
.PEN_DOWN
35 73 1
35 74 1
36 75 1
37 76 1
36 78 1
35 78 1
34 78 1
33 79 1
32 79 1
31 80 1
30 81 1
29 82 1
29 83 1
29 84 1
29 85 1
29 86 1
29 87 1
29 88 1
29 89 1
30 90 1
30 91 1
30 92 1
31 93 1
32 94 1
33 95 1
34 95 1
35 95 1
36 94 1
37 93 1
37 92 1
38 91 1
38 90 1
38 89 1
38 88 1
38 87 1
39 86 1
39 85 1
39 84 1
39 83 1
39 82 1
40 81 1
40 80 1
40 79 1
42 78 1
43 78 1
44 79 1
45 79 1
46 80 1
47 81 1
48 82 1
49 83 1
50 84 1
50 85 1
50 86 1
50 87 1
51 88 1
51 89 1
51 90 1
51 91 1
51 92 1
52 93 1
52 94 1
52 95 1
52 96 1
52 97 1
52 98 1
52 99 1
52 100 1
52 101 1
51 102 1
.PEN_UP
.PEN_DOWN
12 133 1
13 134 1
14 134 1
15 135 1
16 135 1
17 136 1
18 137 1
19 137 1
20 138 1
21 139 1
22 139 1
23 140 1
24 140 1
25 141 1
26 142 1
27 142 1
28 143 1
29 143 1
30 144 1
31 144 1
32 145 1
33 146 1
34 147 1
34 148 1
36 149 1
37 150 1
38 150 1
39 150 1
40 150 1
41 151 1
42 152 1
43 152 1
44 153 1
45 154 1
46 155 1
46 156 1
47 157 1
47 158 1
47 159 1
47 160 1
47 161 1
47 162 1
47 163 1
47 164 1
48 165 1
48 166 1
48 167 1
48 168 1
48 169 1
48 170 1
49 171 1
49 172 1
49 173 1
49 174 1
49 175 1
49 176 1
49 177 1
49 178 1
49 179 1
49 180 1
49 181 1
49 182 1
49 183 1
49 184 1
48 185 1
.PEN_UP
.PEN_DOWN
34 149 1
33 150 1
32 150 1
31 151 1
30 151 1
29 152 1
28 153 1
27 154 1
26 155 1
26 156 1
26 157 1
25 158 1
25 159 1
25 160 1
24 161 1
25 162 1
25 163 1
25 164 1
25 165 1
26 166 1
.PEN_UP
.PEN_DOWN
50 146 1
49 145 1
49 144 1
48 143 1
47 142 1
46 141 1
45 140 1
45 139 1
45 138 1
45 137 1
43 136 1
42 136 1
41 135 1
40 134 1
39 133 1
38 132 1
38 131 1
38 130 1
37 129 1
37 128 1
37 127 1
37 126 1
36 125 1
35 124 1
35 123 1
35 122 1
34 121 1
34 120 1
34 119 1
34 118 1
34 117 1
34 116 1
34 115 1
34 114 1
34 113 1
34 112 1
34 111 1
34 110 1
34 109 1
35 108 1
35 107 1
35 106 1
36 105 1
37 104 1
38 104 1
39 104 1
40 104 1
41 105 1
42 105 1
43 105 1
44 106 1
45 107 1
46 108 1
46 109 1
47 110 1
47 111 1
48 112 1
48 113 1
48 114 1
48 115 1
49 116 1
49 117 1
49 118 1
49 119 1
49 120 1
49 121 1
49 122 1
49 123 1
49 124 1
49 125 1
49 126 1
49 127 1
49 128 1
49 129 1
49 130 1
48 131 1
47 132 1
47 133 1
46 134 1
45 135 1
.PEN_UP
.PEN_DOWN
40 181 1
39 182 1
39 183 1
39 184 1
38 185 1
38 186 1
38 187 1
38 188 1
38 189 1
38 190 1
37 191 1
37 192 1
37 193 1
33 196 1
32 197 1
32 198 1
31 199 1
30 200 1
29 201 1
28 202 1
27 203 1
26 204 1
25 204 1
24 205 1
23 205 1
22 205 1
21 206 1
20 206 1
19 206 1
18 206 1
17 206 1
16 206 1
15 206 1
14 205 1
13 205 1
12 205 1
11 204 1
10 204 1
9 203 1
8 202 1
7 201 1
6 200 1
5 199 1
4 198 1
3 197 1
2 196 1
1 195 1
1 194 1
1 193 1
1 192 1
1 191 1
1 190 1
1 189 1
1 188 1
1 187 1
2 186 1
3 185 1
4 184 1
5 184 1
6 184 1
7 184 1
8 184 1
9 184 1
10 184 1
11 184 1
12 184 1
13 184 1
14 184 1
15 185 1
16 185 1
17 186 1
18 186 1
19 186 1
20 187 1
21 187 1
22 187 1
23 188 1
24 188 1
25 189 1
26 189 1
27 189 1
28 190 1
29 190 1
30 191 1
31 191 1
32 192 1
33 192 1
34 193 1
.PEN_UP
.PEN_DOWN
35 194 1
39 195 1
40 195 1
41 196 1
42 197 1
42 198 1
43 199 1
44 200 1
45 201 1
46 201 1
47 201 1
48 202 1
49 203 1
50 204 1
51 205 1
52 206 1
53 207 1
53 208 1
.PEN_UP
.PEN_DOWN
37 216 1
38 216 1
41 215 1
42 215 1
43 216 1
44 216 1
45 216 1
46 217 1
47 218 1
48 219 1
48 220 1
49 221 1
49 222 1
49 223 1
49 224 1
49 225 1
49 226 1
50 227 1
50 228 1
50 229 1
50 230 1
50 231 1
50 232 1
50 233 1
50 234 1
50 235 1
50 236 1
50 237 1
50 238 1
50 239 1
50 240 1
49 241 1
49 242 1
49 243 1
49 244 1
48 245 1
47 246 1
46 246 1
45 247 1
42 247 1
41 246 1
40 245 1
40 244 1
40 243 1
40 242 1
40 241 1
40 240 1
39 239 1
38 238 1
38 237 1
38 236 1
38 235 1
37 234 1
37 233 1
37 232 1
37 231 1
37 230 1
36 229 1
36 228 1
36 227 1
36 226 1
37 225 1
37 224 1
37 223 1
38 222 1
38 221 1
38 220 1
38 219 1
39 218 1
39 217 1
.PEN_UP
.PEN_DOWN
44 247 1
45 249 1
45 250 1
45 251 1
45 252 1
46 253 1
46 254 1
47 255 1
47 256 1
48 257 1
48 258 1
48 259 1
49 260 1
49 261 1
49 262 1
49 263 1
49 264 1
.PEN_UP
.PEN_DOWN
30 265 1
30 264 1
30 263 1
30 262 1
30 261 1
30 260 1
31 259 1
32 258 1
33 258 1
34 258 1
35 259 1
36 260 1
37 261 1
37 262 1
38 263 1
38 264 1
39 265 1
39 266 1
39 267 1
39 268 1
40 269 1
40 270 1
40 271 1
41 272 1
41 273 1
41 274 1
42 275 1
42 276 1
42 277 1
42 278 1
43 279 1
43 280 1
44 281 1
44 282 1
44 283 1
45 284 1
45 285 1
45 286 1
46 287 1
47 289 1
48 290 1
48 291 1
47 292 1
47 293 1
46 294 1
.PEN_UP
.PEN_DOWN
47 287 1
49 286 1
49 285 1
49 284 1
49 283 1
49 282 1
49 281 1
49 280 1
49 279 1
49 278 1
49 277 1
49 276 1
49 275 1
49 274 1
49 273 1
49 272 1
49 271 1
50 270 1
50 269 1
50 268 1
.PEN_UP
.PEN_DOWN
28 290 1
29 291 1
30 292 1
30 293 1
31 294 1
32 295 1
33 296 1
34 296 1
35 297 1
36 297 1
37 298 1
37 299 1
37 300 1
38 301 1
38 302 1
39 303 1
40 304 1
40 305 1
42 307 1
43 307 1
44 307 1
45 308 1
46 309 1
47 310 1
48 311 1
49 312 1
.PEN_UP
.PEN_DOWN
40 306 1
39 308 1
39 309 1
39 310 1
.PEN_UP
