.PEN_DOWN
1 5 1
1 6 1
2 7 1
2 8 1
2 9 1
2 10 1
2 11 1
2 12 1
.PEN_UP
.PEN_DOWN
28 8 1
29 8 1
30 8 1
32 7 1
33 6 1
34 6 1
35 6 1
36 5 1
37 5 1
38 4 1
39 4 1
40 4 1
41 3 1
42 3 1
43 3 1
44 3 1
45 2 1
46 2 1
47 1 1
48 1 1
49 1 1
50 1 1
.PEN_UP
.PEN_DOWN
31 8 1
31 10 1
31 11 1
31 12 1
30 14 1
29 14 1
28 14 1
27 15 1
26 16 1
25 17 1
.PEN_UP
.PEN_DOWN
31 13 1
33 13 1
34 14 1
35 14 1
36 15 1
37 15 1
38 16 1
39 17 1
39 18 1
39 19 1
39 20 1
39 21 1
39 22 1
38 23 1
38 24 1
38 25 1
38 26 1
38 27 1
38 28 1
37 29 1
37 30 1
37 31 1
36 32 1
36 33 1
35 34 1
35 35 1
35 36 1
35 37 1
35 38 1
35 39 1
35 40 1
36 41 1
37 42 1
38 43 1
39 43 1
40 43 1
41 44 1
42 44 1
43 45 1
44 45 1
45 46 1
46 46 1
47 46 1
.PEN_UP
