.PEN_DOWN
5 8 1
4 9 1
4 10 1
4 11 1
3 12 1
2 13 1
2 14 1
1 15 1
1 16 1
1 17 1
1 18 1
2 19 1
3 19 1
4 20 1
5 20 1
6 20 1
7 20 1
8 20 1
9 20 1
10 20 1
11 20 1
12 20 1
13 20 1
14 20 1
15 20 1
16 20 1
17 21 1
18 21 1
19 21 1
20 21 1
21 21 1
22 21 1
23 21 1
24 21 1
25 21 1
26 21 1
27 21 1
28 21 1
29 21 1
30 21 1
31 21 1
32 21 1
33 21 1
34 21 1
35 21 1
36 20 1
37 20 1
38 20 1
39 20 1
40 20 1
41 20 1
42 20 1
43 20 1
44 20 1
45 20 1
46 20 1
47 20 1
48 20 1
49 20 1
50 20 1
51 20 1
52 20 1
53 20 1
54 21 1
56 20 1
57 20 1
58 20 1
59 20 1
60 20 1
61 19 1
62 18 1
63 17 1
64 16 1
65 16 1
66 15 1
67 14 1
68 13 1
69 12 1
70 11 1
71 11 1
72 10 1
73 9 1
74 8 1
75 7 1
76 6 1
77 5 1
78 5 1
79 4 1
80 3 1
81 3 1
82 2 1
83 1 1
.PEN_UP
.PEN_DOWN
54 22 1
53 23 1
53 24 1
53 25 1
52 26 1
52 27 1
51 28 1
50 29 1
49 29 1
48 30 1
47 31 1
46 32 1
45 33 1
44 34 1
43 35 1
42 36 1
41 36 1
40 37 1
39 38 1
38 38 1
37 39 1
36 40 1
35 41 1
34 41 1
33 42 1
32 43 1
31 44 1
30 45 1
29 46 1
28 46 1
27 46 1
26 47 1
25 48 1
24 49 1
23 50 1
22 51 1
21 52 1
20 53 1
19 54 1
18 55 1
18 56 1
18 57 1
18 58 1
.PEN_UP
.PEN_DOWN
13 112 1
14 111 1
15 110 1
16 109 1
17 109 1
18 108 1
19 107 1
22 107 1
23 107 1
24 107 1
25 107 1
26 107 1
27 107 1
28 107 1
29 107 1
30 108 1
31 108 1
32 109 1
33 110 1
34 111 1
34 112 1
34 113 1
34 114 1
34 115 1
34 116 1
33 117 1
33 118 1
32 119 1
32 120 1
31 121 1
31 122 1
30 123 1
29 124 1
29 125 1
28 126 1
28 127 1
28 128 1
27 129 1
27 130 1
27 131 1
26 132 1
25 133 1
24 133 1
23 134 1
.PEN_UP
.PEN_DOWN
27 133 1
28 133 1
29 133 1
30 133 1
31 133 1
32 134 1
33 134 1
34 134 1
35 134 1
36 135 1
37 135 1
38 136 1
39 137 1
39 138 1
.PEN_UP
.PEN_DOWN
20 106 1
20 105 1
21 104 1
21 103 1
21 102 1
21 101 1
21 100 1
21 99 1
22 98 1
22 97 1
22 96 1
22 95 1
23 94 1
23 93 1
22 92 1
22 91 1
22 90 1
22 89 1
21 88 1
20 87 1
19 86 1
19 85 1
18 84 1
17 84 1
16 84 1
15 84 1
14 84 1
13 84 1
12 84 1
11 84 1
10 83 1
10 82 1
10 81 1
10 80 1
11 79 1
11 78 1
12 77 1
13 76 1
14 75 1
15 74 1
15 73 1
16 72 1
17 71 1
18 70 1
19 70 1
20 69 1
21 68 1
22 67 1
23 66 1
24 66 1
25 65 1
26 64 1
27 64 1
28 63 1
29 62 1
30 62 1
31 61 1
32 61 1
33 61 1
34 61 1
35 61 1
36 61 1
37 61 1
38 61 1
39 61 1
40 62 1
41 63 1
42 64 1
41 65 1
41 66 1
41 67 1
40 68 1
40 69 1
40 70 1
39 71 1
38 72 1
37 73 1
36 74 1
35 75 1
34 76 1
33 76 1
32 77 1
31 78 1
30 78 1
29 79 1
28 79 1
27 79 1
26 80 1
25 80 1
24 80 1
23 81 1
22 81 1
21 81 1
20 82 1
19 83 1
.PEN_UP
