.PEN_DOWN
1 49 1
2 48 1
3 48 1
4 48 1
5 48 1
6 47 1
7 47 1
8 46 1
9 46 1
10 46 1
11 46 1
12 45 1
13 44 1
13 43 1
14 42 1
15 42 1
16 41 1
17 41 1
18 41 1
19 40 1
20 40 1
21 40 1
22 39 1
23 39 1
24 38 1
25 38 1
26 38 1
27 38 1
28 37 1
29 36 1
30 36 1
31 36 1
32 36 1
33 36 1
34 35 1
35 35 1
36 34 1
37 34 1
38 33 1
39 33 1
40 33 1
41 32 1
42 32 1
43 31 1
44 31 1
45 31 1
46 31 1
47 30 1
48 30 1
49 29 1
50 29 1
51 29 1
52 28 1
53 28 1
54 27 1
55 26 1
56 26 1
57 26 1
58 25 1
59 25 1
60 24 1
61 24 1
62 23 1
63 22 1
64 22 1
65 22 1
66 21 1
67 21 1
68 21 1
69 20 1
70 20 1
71 20 1
72 20 1
73 20 1
74 19 1
75 19 1
76 19 1
78 17 1
78 16 1
79 15 1
79 14 1
81 13 1
82 12 1
83 12 1
84 12 1
85 12 1
86 11 1
87 11 1
88 11 1
89 10 1
90 9 1
91 8 1
92 7 1
93 7 1
94 6 1
95 5 1
95 4 1
94 1 1
93 1 1
92 1 1
91 1 1
90 1 1
89 1 1
88 1 1
87 1 1
86 1 1
85 1 1
84 1 1
83 1 1
82 1 1
81 1 1
80 1 1
79 1 1
78 1 1
77 1 1
76 1 1
75 1 1
74 2 1
74 3 1
73 4 1
71 5 1
70 5 1
69 6 1
68 6 1
67 6 1
66 6 1
65 7 1
.PEN_UP
.PEN_DOWN
72 5 1
74 7 1
75 8 1
76 8 1
77 9 1
78 10 1
78 11 1
78 12 1
79 13 1
.PEN_UP
.PEN_DOWN
77 18 1
77 21 1
77 22 1
77 23 1
77 24 1
77 25 1
76 26 1
76 27 1
75 28 1
75 29 1
75 30 1
74 31 1
74 32 1
73 33 1
73 34 1
73 35 1
73 36 1
72 37 1
72 38 1
72 39 1
71 41 1
70 41 1
69 42 1
68 43 1
67 44 1
66 45 1
65 45 1
64 46 1
63 47 1
62 47 1
61 48 1
60 49 1
59 50 1
58 51 1
57 51 1
56 52 1
55 53 1
54 53 1
53 54 1
51 54 1
50 54 1
49 54 1
48 55 1
47 55 1
46 55 1
45 56 1
44 57 1
43 57 1
42 58 1
41 58 1
40 59 1
39 59 1
38 60 1
37 60 1
36 61 1
35 61 1
34 62 1
33 62 1
32 63 1
31 63 1
30 64 1
29 64 1
28 65 1
27 65 1
26 66 1
25 66 1
24 67 1
23 68 1
22 68 1
21 69 1
20 69 1
19 70 1
18 71 1
17 72 1
16 73 1
15 73 1
14 73 1
13 74 1
12 75 1
11 75 1
10 76 1
9 77 1
8 78 1
8 79 1
8 80 1
7 81 1
7 82 1
5 83 1
4 84 1
3 84 1
.PEN_UP
.PEN_DOWN
6 83 1
9 83 1
10 83 1
11 83 1
12 83 1
13 83 1
14 82 1
15 82 1
16 81 1
17 81 1
18 81 1
19 80 1
20 80 1
21 79 1
22 79 1
23 79 1
24 78 1
25 78 1
26 77 1
27 77 1
28 76 1
29 76 1
30 75 1
31 75 1
32 74 1
33 74 1
34 73 1
35 73 1
36 72 1
37 71 1
38 71 1
39 70 1
40 70 1
41 69 1
42 68 1
43 68 1
44 67 1
45 66 1
46 65 1
47 64 1
48 64 1
49 63 1
50 62 1
51 61 1
51 60 1
52 59 1
52 58 1
52 57 1
53 56 1
53 55 1
.PEN_UP
.PEN_DOWN
72 40 1
74 40 1
75 40 1
76 40 1
77 40 1
78 41 1
80 41 1
81 40 1
82 40 1
83 39 1
84 38 1
85 38 1
86 37 1
87 37 1
88 36 1
89 36 1
.PEN_UP
.PEN_DOWN
78 42 1
77 47 1
76 48 1
75 49 1
74 50 1
73 50 1
72 51 1
71 52 1
70 53 1
69 54 1
68 55 1
68 56 1
67 57 1
67 58 1
67 59 1
66 60 1
67 61 1
68 62 1
69 62 1
70 62 1
71 62 1
72 62 1
73 62 1
74 62 1
75 62 1
76 62 1
77 61 1
78 61 1
79 61 1
80 61 1
81 61 1
82 61 1
83 61 1
84 61 1
85 60 1
86 61 1
87 61 1
88 61 1
89 62 1
90 63 1
91 64 1
91 65 1
91 66 1
91 67 1
91 68 1
91 69 1
91 70 1
91 71 1
91 72 1
91 73 1
91 74 1
91 75 1
91 76 1
91 77 1
90 78 1
90 79 1
90 80 1
90 81 1
90 82 1
89 83 1
88 87 1
87 88 1
87 89 1
87 90 1
86 91 1
86 92 1
85 93 1
85 94 1
84 95 1
83 96 1
83 97 1
82 98 1
82 99 1
81 100 1
80 101 1
80 102 1
79 103 1
78 104 1
77 105 1
76 106 1
75 107 1
74 108 1
73 109 1
72 110 1
71 110 1
70 110 1
69 111 1
68 111 1
67 112 1
66 112 1
65 112 1
64 113 1
63 113 1
62 113 1
61 113 1
60 113 1
59 112 1
58 111 1
58 110 1
58 109 1
58 108 1
58 107 1
58 106 1
59 105 1
60 104 1
60 103 1
61 102 1
62 101 1
63 100 1
63 99 1
63 98 1
64 97 1
65 96 1
66 95 1
67 94 1
68 93 1
68 92 1
69 91 1
70 90 1
71 89 1
72 88 1
73 87 1
74 86 1
75 85 1
76 85 1
77 84 1
78 83 1
79 83 1
80 83 1
81 82 1
82 82 1
83 82 1
84 82 1
85 82 1
86 82 1
87 82 1
88 83 1
91 86 1
92 87 1
93 87 1
94 88 1
95 89 1
95 90 1
96 91 1
.PEN_UP
