.PEN_DOWN
17 28 1
17 27 1
17 26 1
17 25 1
17 24 1
17 23 1
17 22 1
17 21 1
17 20 1
17 19 1
17 18 1
17 17 1
17 16 1
17 15 1
17 14 1
18 13 1
18 12 1
18 11 1
19 10 1
20 9 1
21 8 1
22 8 1
23 8 1
24 8 1
25 9 1
26 9 1
27 9 1
28 10 1
29 11 1
30 12 1
31 13 1
32 14 1
33 15 1
34 16 1
34 17 1
35 18 1
36 19 1
36 20 1
37 21 1
37 22 1
38 23 1
39 24 1
39 25 1
40 26 1
40 27 1
40 28 1
41 29 1
42 30 1
41 32 1
40 33 1
39 33 1
38 34 1
37 34 1
36 34 1
35 35 1
34 35 1
33 36 1
32 36 1
31 37 1
30 37 1
29 38 1
28 39 1
27 40 1
26 41 1
25 42 1
25 43 1
24 44 1
24 45 1
24 46 1
24 47 1
24 48 1
25 49 1
25 50 1
26 51 1
27 52 1
28 53 1
29 54 1
30 54 1
31 54 1
32 53 1
33 53 1
34 53 1
35 53 1
36 52 1
37 51 1
38 50 1
39 49 1
40 48 1
40 47 1
41 46 1
41 45 1
42 44 1
42 43 1
43 42 1
43 41 1
43 40 1
44 39 1
44 38 1
45 37 1
46 36 1
48 36 1
49 37 1
50 37 1
51 37 1
52 38 1
52 39 1
53 40 1
53 41 1
53 42 1
53 43 1
53 44 1
53 45 1
52 46 1
52 47 1
51 48 1
51 49 1
51 50 1
51 51 1
51 52 1
50 53 1
49 54 1
49 55 1
.PEN_UP
.PEN_DOWN
46 35 1
46 34 1
46 33 1
46 32 1
47 29 1
48 28 1
48 27 1
48 26 1
48 25 1
48 24 1
48 23 1
48 22 1
49 21 1
49 20 1
49 19 1
49 18 1
51 16 1
52 16 1
53 15 1
54 14 1
54 13 1
54 12 1
54 11 1
54 10 1
54 9 1
54 8 1
54 7 1
54 6 1
54 5 1
53 4 1
52 3 1
51 2 1
50 1 1
49 1 1
48 1 1
47 1 1
46 1 1
45 2 1
44 3 1
44 4 1
44 5 1
45 6 1
45 7 1
45 8 1
45 9 1
45 10 1
45 11 1
46 12 1
46 13 1
46 14 1
47 15 1
48 16 1
49 17 1
.PEN_UP
.PEN_DOWN
28 70 1
29 69 1
30 68 1
31 68 1
32 67 1
33 66 1
34 66 1
35 65 1
36 65 1
37 64 1
38 64 1
39 63 1
40 63 1
41 63 1
42 63 1
43 62 1
44 62 1
45 63 1
46 63 1
47 63 1
48 64 1
49 65 1
50 66 1
50 67 1
50 68 1
50 69 1
50 70 1
50 71 1
50 72 1
51 73 1
51 74 1
51 75 1
50 76 1
50 77 1
50 78 1
.PEN_UP
.PEN_DOWN
32 98 1
33 98 1
34 98 1
35 98 1
36 98 1
37 98 1
38 98 1
41 98 1
42 97 1
43 97 1
44 96 1
45 96 1
46 95 1
47 95 1
48 95 1
49 94 1
50 93 1
51 92 1
.PEN_UP
.PEN_DOWN
39 98 1
39 100 1
39 101 1
39 102 1
39 103 1
39 104 1
40 105 1
40 106 1
40 107 1
40 108 1
41 109 1
42 109 1
43 109 1
44 109 1
45 110 1
46 111 1
45 112 1
45 113 1
44 114 1
44 115 1
44 116 1
43 117 1
42 118 1
41 119 1
40 120 1
39 121 1
38 122 1
38 123 1
37 124 1
37 125 1
37 126 1
38 127 1
38 128 1
39 129 1
40 130 1
41 131 1
42 131 1
43 131 1
44 132 1
45 132 1
46 133 1
47 134 1
48 134 1
49 135 1
50 136 1
50 137 1
50 138 1
50 139 1
50 140 1
50 141 1
50 142 1
49 143 1
49 144 1
49 145 1
48 146 1
47 147 1
46 148 1
44 147 1
43 147 1
42 147 1
41 147 1
40 147 1
39 147 1
38 147 1
37 147 1
36 148 1
35 148 1
34 149 1
33 149 1
32 149 1
31 150 1
30 151 1
29 151 1
28 152 1
27 153 1
26 154 1
26 155 1
26 156 1
26 157 1
25 158 1
26 159 1
26 160 1
27 161 1
28 161 1
29 161 1
30 161 1
31 161 1
32 161 1
33 161 1
34 161 1
35 160 1
36 160 1
37 159 1
38 159 1
39 158 1
40 157 1
41 156 1
42 155 1
43 154 1
44 153 1
45 152 1
46 151 1
47 152 1
48 153 1
49 153 1
50 154 1
50 155 1
51 156 1
51 157 1
50 158 1
.PEN_UP
.PEN_DOWN
1 196 1
2 195 1
3 195 1
4 195 1
5 195 1
6 195 1
7 195 1
8 195 1
9 195 1
10 195 1
11 195 1
12 196 1
13 196 1
14 196 1
15 196 1
16 196 1
17 196 1
18 195 1
19 195 1
20 195 1
21 195 1
22 195 1
23 195 1
24 195 1
25 195 1
26 194 1
27 194 1
28 194 1
31 195 1
32 195 1
33 195 1
34 195 1
35 195 1
36 195 1
37 195 1
38 195 1
39 195 1
40 195 1
41 195 1
43 193 1
43 192 1
44 191 1
44 190 1
45 189 1
46 189 1
47 188 1
48 187 1
49 186 1
49 185 1
50 184 1
50 183 1
50 182 1
50 181 1
50 180 1
50 179 1
49 178 1
48 177 1
47 177 1
46 177 1
45 177 1
44 177 1
43 177 1
42 177 1
41 177 1
40 178 1
39 178 1
38 178 1
37 178 1
36 179 1
35 179 1
34 179 1
33 180 1
32 180 1
31 181 1
31 182 1
30 183 1
30 184 1
29 185 1
29 186 1
29 187 1
29 188 1
29 189 1
29 190 1
29 191 1
29 192 1
29 193 1
.PEN_UP
.PEN_DOWN
42 194 1
43 196 1
43 197 1
44 198 1
45 198 1
46 199 1
47 200 1
48 201 1
48 202 1
49 203 1
49 204 1
50 205 1
51 206 1
51 207 1
50 208 1
.PEN_UP
