.PEN_DOWN
23 21 1
22 22 1
22 23 1
22 24 1
22 25 1
20 26 1
19 26 1
18 26 1
17 26 1
16 26 1
15 26 1
14 26 1
13 26 1
12 27 1
11 27 1
10 26 1
9 26 1
8 26 1
7 25 1
6 24 1
5 23 1
4 22 1
3 21 1
3 20 1
2 19 1
2 18 1
2 17 1
2 16 1
1 15 1
2 14 1
2 13 1
2 12 1
2 11 1
3 10 1
4 9 1
5 8 1
6 7 1
7 6 1
8 6 1
9 5 1
10 5 1
11 4 1
12 4 1
13 3 1
14 3 1
15 2 1
16 2 1
17 2 1
18 2 1
19 1 1
20 1 1
21 1 1
22 1 1
23 1 1
24 1 1
25 1 1
26 1 1
27 1 1
28 1 1
29 1 1
30 1 1
31 1 1
32 1 1
33 2 1
34 2 1
35 2 1
36 3 1
37 3 1
38 4 1
39 5 1
39 6 1
40 7 1
40 8 1
40 9 1
40 10 1
40 11 1
40 12 1
40 13 1
40 14 1
39 15 1
38 16 1
38 17 1
37 18 1
36 19 1
35 20 1
34 21 1
33 22 1
32 22 1
31 23 1
30 24 1
29 25 1
28 26 1
26 27 1
25 27 1
24 27 1
23 27 1
22 26 1
.PEN_UP
.PEN_DOWN
27 27 1
29 29 1
30 30 1
31 30 1
32 30 1
33 30 1
34 30 1
35 30 1
36 30 1
37 31 1
38 31 1
39 32 1
40 33 1
41 34 1
41 35 1
41 36 1
.PEN_UP
.PEN_DOWN
22 48 1
23 47 1
24 47 1
25 47 1
26 47 1
27 47 1
28 47 1
29 47 1
30 48 1
32 49 1
33 48 1
34 48 1
35 48 1
36 48 1
37 48 1
38 49 1
39 49 1
.PEN_UP
.PEN_DOWN
30 49 1
29 51 1
29 52 1
28 53 1
27 54 1
26 54 1
25 55 1
24 55 1
23 56 1
22 57 1
21 58 1
20 58 1
19 59 1
18 60 1
17 61 1
17 62 1
17 63 1
17 64 1
17 65 1
17 66 1
18 67 1
19 68 1
20 68 1
21 68 1
22 69 1
23 69 1
24 69 1
25 69 1
26 69 1
27 70 1
28 70 1
29 70 1
30 70 1
31 70 1
32 70 1
33 70 1
34 70 1
35 71 1
36 71 1
37 71 1
38 71 1
39 71 1
40 71 1
41 72 1
42 72 1
43 73 1
44 74 1
45 75 1
45 76 1
45 77 1
44 78 1
44 79 1
44 80 1
43 81 1
.PEN_UP
