.PEN_DOWN
46 1 1
47 1 1
48 1 1
49 1 1
50 1 1
51 1 1
52 2 1
53 2 1
54 2 1
55 2 1
56 2 1
57 2 1
58 2 1
59 2 1
60 2 1
61 2 1
62 2 1
63 2 1
64 2 1
65 2 1
66 2 1
67 2 1
68 2 1
69 2 1
70 2 1
71 3 1
70 5 1
70 6 1
70 7 1
70 8 1
69 9 1
68 10 1
68 11 1
67 12 1
66 13 1
65 14 1
64 15 1
64 16 1
63 17 1
62 18 1
61 19 1
60 20 1
59 21 1
58 21 1
57 22 1
56 23 1
55 24 1
54 25 1
53 26 1
52 27 1
51 28 1
50 29 1
49 30 1
48 30 1
47 31 1
46 32 1
45 33 1
44 34 1
43 35 1
42 36 1
41 37 1
40 38 1
39 39 1
38 40 1
38 41 1
37 42 1
36 43 1
35 44 1
34 45 1
34 46 1
33 47 1
.PEN_UP
.PEN_DOWN
54 58 1
54 59 1
54 60 1
54 61 1
53 62 1
53 63 1
53 64 1
53 65 1
52 66 1
52 67 1
52 68 1
51 69 1
51 70 1
50 71 1
49 72 1
48 73 1
47 74 1
46 75 1
45 76 1
44 76 1
43 77 1
42 77 1
41 77 1
40 77 1
39 76 1
38 76 1
37 75 1
36 74 1
35 73 1
35 72 1
35 71 1
35 70 1
35 69 1
35 68 1
35 67 1
35 66 1
35 65 1
36 64 1
36 63 1
36 62 1
37 61 1
38 60 1
39 59 1
40 58 1
40 57 1
41 56 1
42 55 1
43 54 1
44 54 1
45 53 1
46 52 1
47 52 1
48 52 1
49 51 1
50 51 1
51 51 1
52 51 1
53 51 1
54 51 1
55 50 1
56 50 1
57 50 1
58 51 1
59 51 1
60 51 1
61 52 1
62 52 1
63 53 1
64 53 1
65 54 1
65 55 1
66 56 1
67 57 1
67 58 1
68 59 1
68 60 1
68 61 1
69 62 1
69 63 1
69 64 1
69 65 1
69 66 1
68 67 1
68 68 1
68 69 1
68 70 1
68 71 1
67 72 1
67 73 1
66 74 1
66 75 1
66 76 1
66 77 1
65 78 1
65 79 1
64 80 1
64 81 1
63 82 1
63 83 1
63 84 1
63 85 1
63 86 1
64 87 1
64 88 1
65 89 1
66 89 1
67 89 1
68 90 1
69 90 1
70 90 1
71 90 1
72 90 1
73 90 1
74 90 1
75 90 1
76 91 1
77 91 1
78 91 1
79 91 1
.PEN_UP
.PEN_DOWN
64 90 1
64 91 1
64 92 1
64 93 1
64 94 1
64 95 1
64 96 1
64 97 1
64 98 1
64 99 1
64 100 1
63 101 1
63 102 1
63 103 1
63 104 1
63 105 1
62 106 1
62 107 1
61 108 1
61 109 1
61 110 1
60 111 1
60 112 1
59 113 1
58 114 1
57 115 1
57 116 1
56 117 1
55 118 1
55 119 1
54 120 1
53 121 1
52 122 1
51 123 1
51 124 1
50 125 1
49 126 1
48 126 1
47 127 1
46 128 1
45 129 1
44 130 1
43 130 1
42 131 1
41 131 1
40 132 1
40 133 1
39 134 1
39 135 1
38 136 1
38 137 1
36 138 1
35 139 1
34 139 1
33 139 1
32 140 1
31 140 1
30 141 1
29 142 1
28 142 1
27 142 1
26 143 1
25 143 1
24 144 1
23 144 1
22 144 1
21 145 1
20 145 1
19 145 1
18 146 1
17 146 1
16 146 1
15 147 1
14 148 1
13 148 1
12 149 1
11 149 1
10 150 1
9 151 1
8 151 1
7 151 1
6 152 1
5 153 1
4 154 1
3 155 1
2 155 1
1 156 1
.PEN_UP
.PEN_DOWN
37 138 1
40 137 1
41 137 1
42 137 1
43 137 1
44 137 1
45 137 1
46 137 1
47 136 1
48 136 1
49 136 1
50 136 1
51 136 1
52 135 1
53 135 1
54 135 1
55 135 1
56 134 1
57 134 1
58 134 1
59 134 1
60 134 1
61 133 1
62 133 1
63 133 1
64 133 1
65 132 1
66 132 1
67 132 1
68 132 1
69 131 1
70 131 1
71 131 1
72 130 1
73 130 1
74 130 1
75 130 1
76 130 1
77 129 1
78 129 1
79 129 1
80 129 1
81 130 1
83 130 1
84 129 1
85 129 1
86 129 1
87 129 1
88 129 1
.PEN_UP
.PEN_DOWN
82 130 1
81 132 1
80 133 1
80 134 1
79 135 1
78 136 1
77 136 1
76 137 1
75 137 1
74 138 1
73 139 1
72 140 1
71 141 1
70 142 1
69 143 1
69 144 1
69 145 1
68 146 1
68 147 1
68 148 1
68 149 1
67 150 1
67 151 1
67 152 1
67 153 1
67 154 1
67 155 1
68 156 1
68 157 1
68 158 1
68 159 1
69 160 1
69 161 1
71 162 1
72 162 1
73 162 1
74 161 1
75 161 1
.PEN_UP
.PEN_DOWN
69 162 1
68 163 1
67 163 1
66 164 1
65 164 1
64 164 1
63 165 1
62 165 1
61 165 1
60 165 1
59 166 1
58 166 1
57 166 1
56 166 1
55 166 1
54 166 1
53 166 1
52 166 1
51 166 1
50 166 1
49 166 1
48 167 1
45 168 1
44 168 1
43 168 1
42 168 1
41 168 1
40 168 1
39 168 1
38 168 1
37 168 1
36 168 1
35 168 1
.PEN_UP
.PEN_DOWN
47 167 1
48 170 1
48 171 1
49 172 1
50 173 1
50 174 1
51 175 1
51 176 1
52 177 1
52 178 1
.PEN_UP
.PEN_DOWN
60 218 1
61 217 1
61 216 1
62 215 1
62 214 1
62 213 1
63 212 1
63 211 1
64 210 1
64 209 1
65 208 1
65 207 1
66 206 1
66 205 1
67 204 1
68 203 1
68 202 1
69 201 1
70 200 1
70 199 1
71 198 1
72 197 1
73 196 1
74 195 1
75 195 1
76 194 1
77 194 1
78 194 1
79 194 1
80 194 1
81 195 1
81 196 1
81 197 1
81 198 1
81 199 1
81 200 1
81 201 1
81 202 1
81 203 1
80 204 1
80 205 1
80 206 1
79 207 1
79 208 1
79 209 1
78 210 1
78 211 1
77 212 1
77 213 1
77 214 1
76 215 1
76 216 1
75 217 1
75 218 1
74 219 1
74 220 1
74 221 1
73 222 1
73 223 1
73 224 1
72 225 1
72 226 1
71 227 1
71 228 1
70 229 1
70 230 1
70 231 1
70 232 1
70 233 1
69 234 1
69 235 1
69 236 1
68 239 1
68 240 1
67 241 1
66 242 1
65 243 1
65 244 1
64 245 1
63 246 1
62 247 1
62 248 1
62 249 1
61 250 1
61 251 1
61 252 1
61 253 1
61 254 1
62 255 1
63 255 1
64 254 1
65 254 1
66 254 1
67 254 1
68 253 1
69 253 1
70 252 1
71 252 1
72 251 1
73 250 1
74 250 1
75 250 1
76 250 1
77 250 1
78 248 1
78 247 1
78 246 1
79 245 1
79 244 1
79 243 1
79 242 1
80 241 1
80 240 1
80 239 1
80 238 1
79 237 1
78 236 1
77 236 1
76 236 1
75 236 1
74 236 1
73 236 1
72 236 1
71 236 1
70 237 1
.PEN_UP
.PEN_DOWN
78 249 1
79 251 1
79 252 1
79 253 1
79 254 1
79 255 1
79 256 1
79 257 1
78 258 1
78 259 1
78 260 1
78 261 1
77 262 1
77 263 1
77 264 1
77 265 1
77 266 1
76 267 1
76 268 1
75 269 1
75 270 1
75 271 1
75 272 1
74 273 1
74 274 1
74 275 1
73 276 1
73 277 1
72 278 1
72 279 1
71 280 1
71 281 1
71 282 1
70 283 1
70 284 1
70 285 1
69 286 1
69 287 1
69 288 1
68 289 1
68 290 1
67 291 1
67 292 1
66 293 1
66 294 1
66 295 1
65 296 1
65 297 1
65 298 1
64 299 1
64 300 1
65 302 1
66 302 1
67 303 1
68 303 1
69 304 1
70 304 1
71 305 1
72 305 1
73 306 1
74 307 1
75 307 1
76 308 1
77 309 1
78 310 1
79 311 1
80 312 1
81 313 1
81 314 1
82 315 1
82 316 1
83 317 1
84 318 1
84 319 1
84 320 1
85 321 1
85 322 1
86 323 1
86 324 1
86 325 1
86 326 1
87 327 1
87 328 1
87 329 1
87 330 1
87 331 1
87 332 1
87 333 1
87 334 1
87 335 1
87 336 1
87 337 1
87 338 1
87 339 1
87 340 1
87 341 1
87 342 1
87 343 1
87 344 1
86 345 1
86 346 1
86 347 1
86 348 1
86 349 1
.PEN_UP
.PEN_DOWN
62 301 1
61 301 1
58 301 1
57 301 1
56 301 1
55 301 1
54 301 1
53 301 1
52 301 1
51 301 1
50 301 1
49 301 1
48 301 1
47 301 1
46 301 1
45 301 1
44 301 1
43 301 1
42 301 1
41 301 1
40 301 1
39 301 1
38 301 1
37 301 1
36 301 1
35 301 1
34 301 1
33 301 1
32 301 1
31 301 1
30 301 1
29 302 1
28 302 1
27 302 1
26 303 1
25 303 1
24 303 1
23 303 1
22 304 1
21 304 1
20 305 1
19 305 1
18 305 1
17 306 1
16 306 1
15 307 1
14 307 1
13 308 1
12 309 1
11 310 1
10 310 1
9 311 1
8 312 1
7 313 1
6 314 1
6 315 1
5 316 1
5 317 1
5 318 1
5 319 1
5 320 1
5 321 1
5 322 1
5 323 1
5 324 1
6 325 1
7 326 1
8 327 1
9 328 1
10 329 1
11 329 1
12 330 1
13 330 1
14 331 1
15 331 1
16 331 1
17 331 1
18 331 1
19 331 1
20 331 1
21 331 1
22 331 1
23 331 1
24 331 1
25 331 1
26 331 1
27 331 1
28 331 1
29 331 1
30 330 1
31 330 1
32 330 1
33 330 1
34 329 1
35 329 1
36 329 1
37 328 1
38 327 1
39 327 1
40 326 1
41 326 1
42 325 1
43 324 1
44 323 1
45 322 1
46 322 1
47 321 1
48 320 1
49 319 1
50 318 1
51 317 1
52 316 1
53 315 1
54 314 1
55 313 1
56 312 1
56 311 1
57 310 1
58 309 1
58 308 1
58 307 1
59 306 1
59 305 1
59 304 1
60 303 1
60 302 1
.PEN_UP
