.PEN_DOWN
30 35 1
30 36 1
29 37 1
28 38 1
27 39 1
27 40 1
26 41 1
26 42 1
26 43 1
25 44 1
23 46 1
22 46 1
21 47 1
20 47 1
19 48 1
18 48 1
17 48 1
16 49 1
15 49 1
14 49 1
13 50 1
12 50 1
11 51 1
10 51 1
9 52 1
8 52 1
7 53 1
6 53 1
5 53 1
4 54 1
.PEN_UP
.PEN_DOWN
24 45 1
27 45 1
28 45 1
29 45 1
30 44 1
31 44 1
32 44 1
33 43 1
34 43 1
35 43 1
36 43 1
37 42 1
38 42 1
39 42 1
40 42 1
41 42 1
42 41 1
43 41 1
44 41 1
45 41 1
46 40 1
47 40 1
48 40 1
49 40 1
50 40 1
51 39 1
52 39 1
53 39 1
54 39 1
55 38 1
56 38 1
57 38 1
58 38 1
59 38 1
60 38 1
61 37 1
62 37 1
63 37 1
64 36 1
65 36 1
66 36 1
67 36 1
68 36 1
69 36 1
70 36 1
71 35 1
73 34 1
74 34 1
75 34 1
76 34 1
77 34 1
78 34 1
79 34 1
80 34 1
81 34 1
82 34 1
83 34 1
84 34 1
85 34 1
86 34 1
87 34 1
88 33 1
89 33 1
90 33 1
91 33 1
92 33 1
93 33 1
94 33 1
95 33 1
96 33 1
97 33 1
98 33 1
99 33 1
100 33 1
101 33 1
102 33 1
103 33 1
104 33 1
105 33 1
106 33 1
107 33 1
108 33 1
109 33 1
110 33 1
111 32 1
112 32 1
113 32 1
114 32 1
115 32 1
116 32 1
117 32 1
118 32 1
119 32 1
120 32 1
121 32 1
122 32 1
123 32 1
124 32 1
125 32 1
126 32 1
127 32 1
128 32 1
129 31 1
130 31 1
131 31 1
132 30 1
133 29 1
134 28 1
134 27 1
134 26 1
134 25 1
134 24 1
133 23 1
133 22 1
132 21 1
131 20 1
130 19 1
129 18 1
128 17 1
127 16 1
126 15 1
125 14 1
124 14 1
123 13 1
122 12 1
121 11 1
120 11 1
119 10 1
118 9 1
117 9 1
116 8 1
115 8 1
114 7 1
113 6 1
112 6 1
111 6 1
110 5 1
109 5 1
108 5 1
107 4 1
106 3 1
105 3 1
104 2 1
103 2 1
102 2 1
101 2 1
100 2 1
99 1 1
98 1 1
97 1 1
96 1 1
95 1 1
94 1 1
93 1 1
92 1 1
91 2 1
90 2 1
89 2 1
88 2 1
87 3 1
86 3 1
85 3 1
84 3 1
83 4 1
82 5 1
81 6 1
80 7 1
79 8 1
78 9 1
77 10 1
77 11 1
76 12 1
76 13 1
75 14 1
74 15 1
74 16 1
74 17 1
73 18 1
73 19 1
73 20 1
72 21 1
72 22 1
72 23 1
71 24 1
71 25 1
71 26 1
71 27 1
70 28 1
70 29 1
70 30 1
70 31 1
70 32 1
70 33 1
71 34 1
.PEN_UP
.PEN_DOWN
1 92 1
2 92 1
3 91 1
4 91 1
5 90 1
6 90 1
7 90 1
8 90 1
9 90 1
10 89 1
11 88 1
12 88 1
13 88 1
14 88 1
15 87 1
16 87 1
17 87 1
18 86 1
19 86 1
20 86 1
21 86 1
22 85 1
23 85 1
24 84 1
25 84 1
26 83 1
27 83 1
28 83 1
29 83 1
30 82 1
31 82 1
32 81 1
33 81 1
34 81 1
35 81 1
36 80 1
37 80 1
38 80 1
39 79 1
40 79 1
41 79 1
42 78 1
43 78 1
44 78 1
45 78 1
46 77 1
47 77 1
48 77 1
49 77 1
50 76 1
51 76 1
52 76 1
53 76 1
54 76 1
55 77 1
56 77 1
57 77 1
58 78 1
59 79 1
60 80 1
60 81 1
61 82 1
60 83 1
.PEN_UP
.PEN_DOWN
47 106 1
48 105 1
49 105 1
50 105 1
51 105 1
52 105 1
53 105 1
54 105 1
55 106 1
56 107 1
57 108 1
57 109 1
57 110 1
57 111 1
57 112 1
57 113 1
57 114 1
56 115 1
56 116 1
56 117 1
55 118 1
54 119 1
53 119 1
52 118 1
51 118 1
50 118 1
49 117 1
48 116 1
47 115 1
46 114 1
45 113 1
.PEN_UP
.PEN_DOWN
61 182 1
60 182 1
59 182 1
58 182 1
57 182 1
56 182 1
55 183 1
54 183 1
53 183 1
52 183 1
51 183 1
50 183 1
49 183 1
48 183 1
47 183 1
46 184 1
45 184 1
44 184 1
43 185 1
42 186 1
42 187 1
42 188 1
41 189 1
41 190 1
41 191 1
41 192 1
41 193 1
42 194 1
42 195 1
42 196 1
43 197 1
43 198 1
43 199 1
43 200 1
44 201 1
44 202 1
44 203 1
.PEN_UP
