.PEN_DOWN
38 49 1
38 48 1
38 47 1
38 46 1
38 45 1
38 44 1
38 43 1
38 42 1
38 41 1
38 40 1
38 39 1
38 38 1
38 37 1
38 36 1
38 35 1
38 34 1
38 33 1
38 32 1
39 31 1
39 30 1
39 29 1
40 28 1
40 27 1
40 26 1
40 25 1
41 24 1
41 23 1
41 22 1
41 21 1
41 20 1
42 19 1
42 18 1
42 17 1
43 16 1
43 15 1
44 14 1
44 13 1
44 12 1
45 11 1
45 10 1
46 9 1
46 8 1
47 7 1
47 6 1
48 5 1
48 4 1
49 3 1
50 2 1
51 2 1
52 1 1
53 1 1
54 1 1
55 1 1
56 2 1
57 3 1
58 4 1
58 5 1
59 6 1
59 7 1
59 8 1
60 9 1
60 10 1
60 11 1
60 12 1
60 13 1
60 14 1
60 15 1
60 16 1
60 17 1
60 18 1
59 19 1
59 20 1
59 21 1
59 22 1
59 23 1
59 24 1
59 25 1
58 26 1
58 27 1
58 28 1
58 29 1
58 30 1
58 31 1
.PEN_UP
.PEN_DOWN
41 82 1
40 82 1
39 82 1
38 82 1
37 80 1
37 79 1
38 78 1
38 77 1
38 76 1
38 75 1
39 74 1
39 73 1
39 72 1
40 71 1
40 70 1
41 69 1
41 68 1
42 67 1
43 66 1
43 65 1
44 64 1
44 63 1
45 62 1
46 61 1
46 60 1
47 59 1
48 58 1
49 57 1
50 56 1
51 55 1
52 55 1
53 55 1
54 55 1
55 55 1
56 55 1
57 56 1
58 57 1
58 58 1
58 59 1
58 60 1
58 61 1
58 62 1
58 63 1
58 64 1
58 65 1
58 66 1
58 67 1
58 68 1
57 69 1
57 70 1
56 71 1
56 72 1
56 73 1
55 74 1
54 75 1
54 76 1
53 77 1
52 78 1
52 79 1
51 80 1
50 81 1
50 82 1
49 83 1
48 84 1
47 85 1
46 86 1
45 87 1
44 88 1
43 89 1
42 90 1
41 90 1
40 91 1
39 91 1
38 91 1
37 91 1
36 90 1
35 88 1
35 87 1
36 86 1
36 85 1
36 84 1
36 83 1
37 82 1
.PEN_UP
.PEN_DOWN
35 89 1
35 92 1
35 93 1
34 94 1
34 95 1
34 96 1
34 97 1
34 98 1
.PEN_UP
.PEN_DOWN
62 92 1
61 93 1
61 94 1
61 95 1
61 96 1
61 97 1
61 98 1
61 99 1
61 100 1
61 101 1
61 102 1
60 103 1
60 104 1
60 105 1
60 106 1
59 107 1
59 108 1
59 109 1
58 110 1
57 111 1
56 112 1
55 112 1
54 111 1
53 111 1
52 111 1
51 110 1
50 109 1
49 108 1
48 107 1
47 106 1
46 105 1
45 104 1
44 104 1
43 103 1
42 104 1
41 104 1
40 105 1
39 106 1
39 107 1
38 108 1
37 109 1
36 110 1
36 111 1
35 112 1
35 113 1
35 114 1
35 115 1
35 116 1
35 117 1
35 118 1
35 119 1
34 120 1
34 121 1
34 122 1
34 123 1
33 124 1
.PEN_UP
.PEN_DOWN
65 132 1
64 133 1
63 134 1
62 135 1
61 136 1
60 137 1
59 137 1
58 138 1
57 139 1
56 140 1
55 141 1
55 142 1
54 143 1
53 144 1
52 145 1
51 146 1
50 146 1
49 147 1
48 147 1
47 147 1
46 148 1
44 150 1
44 151 1
44 152 1
44 153 1
43 154 1
43 155 1
43 156 1
42 157 1
42 158 1
41 159 1
41 160 1
40 161 1
39 162 1
38 163 1
37 163 1
36 164 1
35 165 1
34 166 1
33 167 1
32 168 1
32 169 1
31 170 1
30 171 1
29 172 1
28 173 1
28 174 1
27 175 1
26 176 1
25 177 1
24 178 1
23 179 1
22 180 1
21 181 1
21 182 1
20 183 1
19 184 1
18 185 1
17 186 1
16 187 1
15 188 1
14 189 1
13 190 1
12 191 1
11 192 1
10 193 1
9 194 1
8 195 1
8 196 1
7 197 1
7 198 1
6 199 1
4 201 1
3 201 1
2 201 1
1 201 1
.PEN_UP
.PEN_DOWN
5 200 1
7 201 1
8 201 1
9 201 1
10 201 1
11 201 1
.PEN_UP
.PEN_DOWN
40 163 1
41 164 1
41 165 1
41 166 1
41 167 1
41 168 1
41 169 1
.PEN_UP
.PEN_DOWN
45 148 1
44 147 1
44 146 1
44 145 1
44 144 1
45 143 1
45 142 1
45 141 1
.PEN_UP
.PEN_DOWN
67 176 1
67 177 1
67 178 1
66 179 1
66 180 1
66 181 1
65 182 1
65 183 1
65 184 1
65 185 1
64 186 1
64 187 1
64 188 1
63 189 1
63 190 1
63 191 1
62 192 1
62 193 1
62 194 1
61 195 1
61 196 1
61 197 1
60 198 1
60 199 1
59 200 1
58 201 1
57 202 1
56 202 1
55 202 1
54 202 1
53 202 1
52 201 1
51 200 1
50 199 1
49 198 1
48 198 1
47 197 1
46 197 1
45 197 1
44 198 1
43 199 1
42 200 1
42 201 1
41 202 1
41 203 1
41 204 1
41 205 1
41 206 1
40 207 1
40 208 1
39 209 1
39 210 1
39 211 1
39 212 1
39 213 1
39 214 1
39 215 1
39 216 1
39 217 1
38 218 1
38 219 1
38 220 1
38 221 1
38 222 1
38 223 1
38 224 1
38 225 1
38 226 1
39 227 1
39 228 1
40 229 1
41 230 1
42 231 1
43 231 1
.PEN_UP
