.PEN_DOWN
82 1 1
82 2 1
81 3 1
81 4 1
83 5 1
84 5 1
85 5 1
86 5 1
.PEN_UP
.PEN_DOWN
80 6 1
79 7 1
76 7 1
75 7 1
74 7 1
73 7 1
72 7 1
71 8 1
70 8 1
69 8 1
68 8 1
67 8 1
66 8 1
65 8 1
63 7 1
62 7 1
61 7 1
60 7 1
59 7 1
58 7 1
57 7 1
56 7 1
55 7 1
54 7 1
53 7 1
52 7 1
51 7 1
50 7 1
49 7 1
48 7 1
47 8 1
46 8 1
45 8 1
44 8 1
43 8 1
42 8 1
41 8 1
40 8 1
39 8 1
38 8 1
37 8 1
36 8 1
35 8 1
34 8 1
33 8 1
32 9 1
31 9 1
30 9 1
29 9 1
28 9 1
27 9 1
26 9 1
25 9 1
24 9 1
23 9 1
14 9 1
13 9 1
12 9 1
11 9 1
10 9 1
9 9 1
8 9 1
7 10 1
6 10 1
5 10 1
4 11 1
3 11 1
2 12 1
1 13 1
1 14 1
1 15 1
1 16 1
1 17 1
2 18 1
3 18 1
4 19 1
5 19 1
6 19 1
7 20 1
8 20 1
9 20 1
10 21 1
11 21 1
12 21 1
13 22 1
14 22 1
15 22 1
16 22 1
17 23 1
18 23 1
19 23 1
20 23 1
21 24 1
22 24 1
23 24 1
24 24 1
25 24 1
26 24 1
27 24 1
28 24 1
29 23 1
30 23 1
31 23 1
32 23 1
33 23 1
34 23 1
35 23 1
36 23 1
37 22 1
38 22 1
39 22 1
40 22 1
41 22 1
42 21 1
43 21 1
44 21 1
45 20 1
46 20 1
47 19 1
48 19 1
49 18 1
50 18 1
51 17 1
52 17 1
53 17 1
54 16 1
55 16 1
56 15 1
57 15 1
58 14 1
59 14 1
60 13 1
61 12 1
62 11 1
63 10 1
64 9 1
.PEN_UP
.PEN_DOWN
78 7 1
79 9 1
80 10 1
80 11 1
81 12 1
81 13 1
82 14 1
83 14 1
84 15 1
85 16 1
85 17 1
86 18 1
86 19 1
87 20 1
87 21 1
87 22 1
87 23 1
85 24 1
84 24 1
83 24 1
82 24 1
81 24 1
80 24 1
79 25 1
78 25 1
77 26 1
76 27 1
75 28 1
74 29 1
73 30 1
73 31 1
72 32 1
72 33 1
72 34 1
72 35 1
72 36 1
72 37 1
73 38 1
74 39 1
75 40 1
75 41 1
76 42 1
77 41 1
78 41 1
79 41 1
80 41 1
81 40 1
82 40 1
83 39 1
84 39 1
85 38 1
86 37 1
87 36 1
87 35 1
88 34 1
89 33 1
89 32 1
89 31 1
89 30 1
89 29 1
89 28 1
89 27 1
88 26 1
87 25 1
.PEN_UP
.PEN_DOWN
76 43 1
75 44 1
75 45 1
75 46 1
75 47 1
75 48 1
75 49 1
75 50 1
76 51 1
77 51 1
78 51 1
79 52 1
80 52 1
81 52 1
82 52 1
83 53 1
84 54 1
84 55 1
85 56 1
85 57 1
85 58 1
85 59 1
85 60 1
85 61 1
85 62 1
84 63 1
84 64 1
83 65 1
83 66 1
82 67 1
82 68 1
80 69 1
79 69 1
78 69 1
.PEN_UP
.PEN_DOWN
81 69 1
83 70 1
83 71 1
83 72 1
83 73 1
83 74 1
83 75 1
83 76 1
82 77 1
82 78 1
81 79 1
80 79 1
79 79 1
78 80 1
77 80 1
76 80 1
75 81 1
75 82 1
74 83 1
72 84 1
71 84 1
70 84 1
.PEN_UP
.PEN_DOWN
73 84 1
75 86 1
75 87 1
76 88 1
77 88 1
78 89 1
79 89 1
80 89 1
81 89 1
82 90 1
83 88 1
83 87 1
83 86 1
83 85 1
83 84 1
82 83 1
82 82 1
82 81 1
82 80 1
.PEN_UP
.PEN_DOWN
83 89 1
84 91 1
85 92 1
85 93 1
85 94 1
85 95 1
85 96 1
85 97 1
84 98 1
84 99 1
84 100 1
84 101 1
83 102 1
82 103 1
80 104 1
79 104 1
78 105 1
77 106 1
77 107 1
76 108 1
.PEN_UP
.PEN_DOWN
81 104 1
83 105 1
84 106 1
85 107 1
86 108 1
87 109 1
86 110 1
86 111 1
87 112 1
87 113 1
86 114 1
.PEN_UP
.PEN_DOWN
39 131 1
40 132 1
41 133 1
42 133 1
43 133 1
44 133 1
45 133 1
46 133 1
47 133 1
48 132 1
49 132 1
50 132 1
51 132 1
52 132 1
53 132 1
54 132 1
55 132 1
56 132 1
57 131 1
58 131 1
59 131 1
60 131 1
61 131 1
62 131 1
63 130 1
64 130 1
65 130 1
66 130 1
67 130 1
68 130 1
69 130 1
70 130 1
71 130 1
72 130 1
73 130 1
74 131 1
75 132 1
76 133 1
77 134 1
78 135 1
79 135 1
80 136 1
81 136 1
82 137 1
83 137 1
84 138 1
85 139 1
86 140 1
87 140 1
88 141 1
89 141 1
90 142 1
91 143 1
92 144 1
93 145 1
94 146 1
94 147 1
94 148 1
94 149 1
.PEN_UP
.PEN_DOWN
78 133 1
79 132 1
79 131 1
80 130 1
81 129 1
81 128 1
81 127 1
81 126 1
82 124 1
83 124 1
84 123 1
84 122 1
.PEN_UP
.PEN_DOWN
76 135 1
75 136 1
74 137 1
73 138 1
72 138 1
71 139 1
70 139 1
69 140 1
68 140 1
67 140 1
66 141 1
65 142 1
64 143 1
63 143 1
62 144 1
61 144 1
60 145 1
59 145 1
58 146 1
57 146 1
56 147 1
55 148 1
54 148 1
53 148 1
52 149 1
51 149 1
50 149 1
49 150 1
48 150 1
47 150 1
46 150 1
45 150 1
44 151 1
43 151 1
42 151 1
41 151 1
40 151 1
39 150 1
38 150 1
37 150 1
36 150 1
35 149 1
34 149 1
33 149 1
32 149 1
31 148 1
30 148 1
29 147 1
28 147 1
27 146 1
26 146 1
25 146 1
24 145 1
23 145 1
22 144 1
21 143 1
20 142 1
20 141 1
19 140 1
19 139 1
20 138 1
20 137 1
21 136 1
22 136 1
23 136 1
24 136 1
25 135 1
26 134 1
27 134 1
28 134 1
29 134 1
30 134 1
31 134 1
32 134 1
33 134 1
34 134 1
35 134 1
36 134 1
37 134 1
38 134 1
39 134 1
40 134 1
.PEN_UP
.PEN_DOWN
50 217 1
51 217 1
52 218 1
53 218 1
54 217 1
55 217 1
56 217 1
57 217 1
58 217 1
59 217 1
60 217 1
61 217 1
62 217 1
63 216 1
64 216 1
65 216 1
66 216 1
67 215 1
68 215 1
69 215 1
70 215 1
71 214 1
72 214 1
73 214 1
74 213 1
77 213 1
78 213 1
79 213 1
80 213 1
81 213 1
82 213 1
83 213 1
84 213 1
86 214 1
87 214 1
88 215 1
89 216 1
89 217 1
90 218 1
90 219 1
.PEN_UP
.PEN_DOWN
85 212 1
85 211 1
86 210 1
86 209 1
87 208 1
88 207 1
88 206 1
89 205 1
89 204 1
90 203 1
90 202 1
90 201 1
90 200 1
89 199 1
88 198 1
87 197 1
86 196 1
84 196 1
83 196 1
82 196 1
81 196 1
80 197 1
79 197 1
78 197 1
77 198 1
76 199 1
75 200 1
75 201 1
74 202 1
74 203 1
74 204 1
74 205 1
74 206 1
74 207 1
74 208 1
75 209 1
75 210 1
75 211 1
75 212 1
.PEN_UP
.PEN_DOWN
86 195 1
87 194 1
87 193 1
87 192 1
87 191 1
87 190 1
87 189 1
87 188 1
87 187 1
86 186 1
86 185 1
85 184 1
85 183 1
84 182 1
84 181 1
83 180 1
82 179 1
81 178 1
80 178 1
79 178 1
78 177 1
77 177 1
76 176 1
77 175 1
77 174 1
77 173 1
77 172 1
77 171 1
77 170 1
77 169 1
76 168 1
76 167 1
75 166 1
75 165 1
75 164 1
75 163 1
76 162 1
76 161 1
76 160 1
76 159 1
77 158 1
78 157 1
79 156 1
80 156 1
81 156 1
82 156 1
83 155 1
84 156 1
85 156 1
86 157 1
86 158 1
87 159 1
87 160 1
87 161 1
86 162 1
86 163 1
86 164 1
85 165 1
84 166 1
83 166 1
82 167 1
81 167 1
80 168 1
79 168 1
78 168 1
.PEN_UP
.PEN_DOWN
75 176 1
74 176 1
72 175 1
71 175 1
70 175 1
69 175 1
68 175 1
67 175 1
66 175 1
65 175 1
64 175 1
63 175 1
62 175 1
61 175 1
60 175 1
59 176 1
58 176 1
57 176 1
56 176 1
55 176 1
54 176 1
52 175 1
51 175 1
50 175 1
49 175 1
48 175 1
47 176 1
47 177 1
49 178 1
50 178 1
51 178 1
52 178 1
53 177 1
.PEN_UP
.PEN_DOWN
46 178 1
45 179 1
44 179 1
43 179 1
42 179 1
41 180 1
40 180 1
39 180 1
38 180 1
37 181 1
36 181 1
35 182 1
34 182 1
33 183 1
32 183 1
31 184 1
30 185 1
30 186 1
30 187 1
30 188 1
31 189 1
32 190 1
33 190 1
34 190 1
35 190 1
36 191 1
37 191 1
38 192 1
39 192 1
40 192 1
41 192 1
42 192 1
43 192 1
44 192 1
45 192 1
46 192 1
47 192 1
48 193 1
49 193 1
50 193 1
51 193 1
52 192 1
53 192 1
54 192 1
55 192 1
56 191 1
57 191 1
58 191 1
59 190 1
60 190 1
61 189 1
62 189 1
63 189 1
64 188 1
65 188 1
66 187 1
67 186 1
68 185 1
69 185 1
70 184 1
71 183 1
71 182 1
72 181 1
72 180 1
72 179 1
73 178 1
73 177 1
.PEN_UP
.PEN_DOWN
86 225 1
85 226 1
85 227 1
84 228 1
83 229 1
82 230 1
81 231 1
81 232 1
81 233 1
80 234 1
80 235 1
81 236 1
82 237 1
83 238 1
84 238 1
85 238 1
86 239 1
87 239 1
88 239 1
89 239 1
90 239 1
91 237 1
91 236 1
91 235 1
91 234 1
.PEN_UP
