.PEN_DOWN
60 1 1
60 2 1
60 3 1
60 4 1
59 5 1
59 6 1
58 7 1
58 8 1
58 9 1
57 10 1
56 11 1
56 12 1
55 13 1
55 14 1
54 15 1
53 16 1
53 17 1
52 18 1
52 19 1
51 20 1
50 21 1
49 22 1
49 23 1
48 24 1
47 25 1
47 26 1
46 27 1
46 28 1
45 29 1
44 30 1
43 31 1
43 32 1
42 33 1
41 34 1
41 35 1
40 36 1
39 37 1
39 38 1
38 39 1
37 40 1
37 41 1
36 42 1
35 43 1
35 44 1
34 45 1
33 46 1
32 47 1
32 48 1
31 49 1
30 50 1
30 51 1
29 52 1
28 53 1
28 54 1
27 55 1
26 56 1
26 57 1
25 58 1
25 59 1
24 60 1
23 61 1
22 62 1
22 63 1
21 64 1
21 65 1
20 66 1
19 67 1
18 68 1
18 69 1
17 70 1
16 71 1
16 72 1
16 73 1
16 74 1
15 75 1
14 78 1
13 79 1
12 80 1
11 81 1
10 82 1
9 83 1
8 84 1
7 85 1
6 86 1
5 87 1
4 88 1
.PEN_UP
.PEN_DOWN
15 76 1
17 76 1
18 76 1
19 76 1
20 75 1
21 75 1
22 74 1
23 74 1
24 73 1
25 72 1
26 72 1
27 71 1
28 70 1
29 69 1
30 68 1
31 67 1
32 66 1
33 66 1
34 65 1
35 64 1
36 63 1
37 62 1
38 61 1
39 61 1
40 60 1
41 59 1
42 58 1
43 57 1
44 56 1
45 56 1
46 55 1
47 54 1
48 53 1
49 52 1
50 51 1
51 51 1
52 50 1
53 49 1
54 48 1
55 48 1
56 48 1
57 48 1
58 47 1
60 45 1
60 44 1
61 43 1
62 42 1
63 41 1
64 41 1
65 40 1
66 39 1
67 39 1
68 38 1
69 37 1
69 36 1
.PEN_UP
.PEN_DOWN
59 46 1
60 48 1
60 49 1
60 50 1
60 51 1
60 52 1
59 53 1
59 54 1
59 55 1
59 56 1
58 57 1
58 58 1
58 59 1
57 60 1
57 61 1
57 62 1
57 63 1
56 64 1
56 65 1
56 66 1
56 67 1
55 68 1
55 69 1
55 70 1
54 71 1
54 72 1
54 73 1
53 74 1
53 75 1
53 76 1
53 77 1
53 78 1
53 79 1
52 80 1
52 81 1
52 82 1
52 83 1
50 85 1
49 86 1
48 87 1
47 88 1
46 89 1
45 90 1
44 91 1
43 92 1
42 93 1
41 94 1
40 95 1
39 95 1
38 96 1
37 97 1
36 98 1
35 99 1
34 100 1
33 101 1
32 102 1
31 103 1
30 103 1
29 104 1
28 105 1
27 106 1
26 107 1
25 108 1
24 108 1
23 109 1
22 110 1
21 110 1
20 111 1
19 112 1
18 113 1
17 114 1
16 114 1
15 115 1
14 116 1
14 117 1
13 118 1
12 119 1
11 120 1
10 121 1
9 121 1
8 122 1
7 123 1
6 124 1
5 125 1
4 126 1
3 126 1
2 127 1
1 128 1
.PEN_UP
.PEN_DOWN
51 84 1
54 84 1
55 84 1
56 84 1
59 83 1
60 82 1
61 81 1
62 80 1
63 79 1
64 78 1
65 77 1
66 76 1
.PEN_UP
.PEN_DOWN
57 83 1
58 85 1
58 86 1
58 87 1
58 88 1
57 89 1
57 90 1
57 91 1
56 92 1
56 93 1
55 94 1
55 95 1
54 96 1
53 97 1
53 98 1
53 99 1
52 100 1
52 101 1
52 102 1
52 103 1
54 104 1
55 104 1
56 104 1
57 104 1
58 104 1
59 104 1
60 104 1
61 104 1
62 103 1
63 103 1
64 103 1
66 102 1
67 102 1
68 101 1
.PEN_UP
.PEN_DOWN
65 103 1
65 105 1
64 106 1
64 107 1
64 108 1
64 109 1
64 110 1
63 111 1
63 112 1
62 113 1
62 114 1
61 115 1
61 116 1
61 117 1
61 118 1
60 119 1
60 120 1
59 122 1
58 123 1
57 124 1
57 125 1
56 126 1
55 127 1
55 128 1
54 129 1
53 130 1
52 131 1
52 132 1
51 133 1
50 134 1
50 135 1
49 136 1
48 137 1
48 138 1
47 139 1
47 140 1
46 141 1
.PEN_UP
.PEN_DOWN
60 121 1
62 121 1
63 121 1
64 121 1
65 122 1
66 122 1
67 123 1
68 124 1
68 125 1
68 126 1
68 127 1
68 128 1
68 129 1
67 130 1
67 131 1
66 132 1
66 133 1
65 134 1
65 135 1
65 136 1
65 137 1
64 138 1
64 139 1
63 140 1
63 141 1
62 142 1
62 143 1
62 144 1
61 145 1
61 146 1
60 147 1
60 148 1
60 149 1
59 150 1
59 151 1
58 152 1
58 153 1
58 154 1
58 155 1
57 156 1
57 157 1
57 158 1
56 159 1
.PEN_UP
