.PEN_DOWN
1 1 1
2 1 1
3 2 1
4 2 1
5 3 1
6 3 1
7 3 1
8 3 1
9 3 1
10 3 1
11 3 1
12 3 1
13 3 1
14 3 1
15 3 1
16 3 1
17 3 1
18 3 1
19 3 1
20 3 1
21 3 1
22 3 1
23 3 1
24 3 1
25 3 1
26 3 1
27 3 1
28 3 1
29 3 1
30 3 1
31 3 1
32 4 1
33 4 1
34 3 1
35 3 1
36 3 1
37 3 1
38 3 1
39 3 1
40 3 1
41 4 1
42 4 1
43 4 1
44 4 1
45 4 1
46 4 1
47 4 1
48 4 1
49 4 1
50 5 1
51 6 1
51 7 1
50 8 1
50 9 1
49 10 1
48 11 1
47 12 1
46 13 1
45 14 1
44 15 1
43 15 1
42 16 1
41 17 1
40 17 1
39 18 1
38 18 1
37 18 1
36 19 1
35 20 1
34 21 1
34 22 1
34 23 1
34 24 1
35 25 1
36 26 1
37 26 1
38 27 1
39 28 1
40 29 1
40 30 1
41 31 1
42 32 1
43 33 1
43 34 1
43 35 1
44 36 1
44 37 1
44 38 1
45 39 1
45 40 1
44 41 1
.PEN_UP
.PEN_DOWN
23 45 1
24 46 1
25 47 1
26 48 1
26 49 1
27 50 1
27 51 1
27 52 1
27 53 1
27 54 1
27 55 1
27 56 1
27 57 1
27 58 1
27 59 1
27 60 1
27 61 1
27 62 1
27 63 1
27 64 1
27 65 1
27 66 1
28 67 1
29 68 1
30 69 1
31 69 1
32 69 1
33 69 1
34 69 1
35 69 1
36 69 1
37 69 1
38 68 1
39 68 1
40 68 1
41 68 1
42 67 1
43 67 1
44 67 1
45 66 1
46 66 1
47 65 1
48 65 1
49 64 1
50 64 1
51 64 1
52 64 1
53 63 1
54 63 1
55 62 1
56 62 1
57 62 1
58 61 1
59 61 1
60 61 1
61 61 1
62 60 1
63 60 1
64 59 1
65 59 1
66 59 1
67 58 1
68 58 1
69 58 1
70 57 1
71 57 1
72 57 1
73 57 1
74 56 1
75 56 1
76 56 1
77 55 1
78 55 1
79 55 1
80 54 1
81 54 1
82 54 1
83 53 1
84 53 1
85 52 1
86 52 1
87 52 1
88 52 1
89 52 1
90 51 1
91 51 1
92 51 1
93 51 1
94 50 1
95 50 1
96 49 1
97 49 1
98 48 1
99 48 1
100 47 1
101 46 1
102 46 1
.PEN_UP
