.PEN_DOWN
26 54 1
27 53 1
28 52 1
28 51 1
29 50 1
29 49 1
30 48 1
32 48 1
33 48 1
34 48 1
35 48 1
36 48 1
37 48 1
38 48 1
39 48 1
40 48 1
41 48 1
42 48 1
43 48 1
44 49 1
45 49 1
46 49 1
47 49 1
48 50 1
49 50 1
50 51 1
51 52 1
52 53 1
53 54 1
53 55 1
53 56 1
53 57 1
53 58 1
53 59 1
53 60 1
53 61 1
52 62 1
52 63 1
51 64 1
51 65 1
50 66 1
50 67 1
49 68 1
48 69 1
48 70 1
47 71 1
46 72 1
46 73 1
45 74 1
44 75 1
43 76 1
42 77 1
41 77 1
40 78 1
39 78 1
38 79 1
37 79 1
36 80 1
35 80 1
34 81 1
33 81 1
32 81 1
31 81 1
30 81 1
29 81 1
28 81 1
27 81 1
26 81 1
25 81 1
24 81 1
23 81 1
20 81 1
19 81 1
18 80 1
17 79 1
17 78 1
18 77 1
18 76 1
19 75 1
.PEN_UP
.PEN_DOWN
22 81 1
22 83 1
22 84 1
22 85 1
22 86 1
22 87 1
22 88 1
22 89 1
21 90 1
21 91 1
21 92 1
21 93 1
19 95 1
18 95 1
17 95 1
16 96 1
15 96 1
14 97 1
13 97 1
12 98 1
11 99 1
10 100 1
9 101 1
8 102 1
8 103 1
7 104 1
6 105 1
6 106 1
5 107 1
5 108 1
5 109 1
4 110 1
4 111 1
3 112 1
3 113 1
3 114 1
2 115 1
2 116 1
2 117 1
2 118 1
2 119 1
2 120 1
1 121 1
1 122 1
1 123 1
1 124 1
1 125 1
1 126 1
1 127 1
2 128 1
2 129 1
.PEN_UP
.PEN_DOWN
20 94 1
23 94 1
24 94 1
25 94 1
26 94 1
27 94 1
28 94 1
29 94 1
30 94 1
31 95 1
32 95 1
33 95 1
34 95 1
35 95 1
36 95 1
37 95 1
38 95 1
39 96 1
40 96 1
41 96 1
42 96 1
43 97 1
44 97 1
45 97 1
46 97 1
47 97 1
.PEN_UP
.PEN_DOWN
30 47 1
30 46 1
30 45 1
30 44 1
30 43 1
30 42 1
30 41 1
31 40 1
31 39 1
31 38 1
31 37 1
31 36 1
33 32 1
34 32 1
35 32 1
36 31 1
37 31 1
38 30 1
39 29 1
39 28 1
40 27 1
41 26 1
42 25 1
43 24 1
43 23 1
44 22 1
45 21 1
45 20 1
45 19 1
46 18 1
46 17 1
46 16 1
47 15 1
47 14 1
47 13 1
48 12 1
48 11 1
48 10 1
48 9 1
48 8 1
47 7 1
47 6 1
46 5 1
46 4 1
45 3 1
44 3 1
43 2 1
42 1 1
41 1 1
40 1 1
39 1 1
38 1 1
37 1 1
36 1 1
35 1 1
34 1 1
33 1 1
32 2 1
31 2 1
30 3 1
29 3 1
28 3 1
27 4 1
26 4 1
25 5 1
24 6 1
23 7 1
22 8 1
22 9 1
21 10 1
21 11 1
20 12 1
19 13 1
18 13 1
17 14 1
17 15 1
16 16 1
16 17 1
15 18 1
15 19 1
15 20 1
15 21 1
14 22 1
14 23 1
14 24 1
14 25 1
14 26 1
14 27 1
15 28 1
15 29 1
16 30 1
17 31 1
18 32 1
19 33 1
20 33 1
21 34 1
22 34 1
23 34 1
24 34 1
25 35 1
26 35 1
27 35 1
28 35 1
29 35 1
30 35 1
31 32 1
31 31 1
31 30 1
31 29 1
31 28 1
31 27 1
31 26 1
30 25 1
30 24 1
30 23 1
30 22 1
29 21 1
29 20 1
29 19 1
28 18 1
28 17 1
27 16 1
26 15 1
25 14 1
24 14 1
23 13 1
22 13 1
21 13 1
.PEN_UP
