.PEN_DOWN
21 29 1
22 28 1
23 27 1
24 26 1
25 25 1
25 24 1
26 23 1
27 22 1
29 21 1
30 20 1
31 20 1
32 20 1
33 19 1
34 19 1
35 19 1
36 19 1
37 18 1
38 18 1
39 18 1
40 17 1
41 17 1
42 16 1
43 16 1
.PEN_UP
.PEN_DOWN
27 21 1
27 19 1
28 18 1
28 17 1
28 16 1
28 15 1
28 14 1
28 13 1
29 12 1
29 11 1
29 10 1
30 9 1
30 8 1
30 7 1
30 6 1
30 5 1
30 4 1
30 3 1
29 2 1
28 1 1
27 1 1
26 1 1
25 1 1
24 1 1
23 2 1
22 2 1
21 3 1
20 4 1
19 5 1
18 6 1
17 6 1
16 7 1
15 8 1
14 9 1
14 10 1
13 11 1
12 12 1
11 13 1
10 14 1
10 15 1
9 16 1
9 17 1
8 18 1
7 19 1
7 20 1
6 21 1
6 22 1
5 23 1
5 24 1
4 25 1
4 26 1
3 27 1
3 28 1
3 29 1
2 30 1
2 31 1
2 32 1
1 33 1
1 34 1
1 35 1
1 36 1
1 37 1
1 38 1
1 39 1
2 40 1
2 41 1
2 42 1
3 43 1
3 44 1
3 45 1
.PEN_UP
