.PEN_DOWN
1 1 1
2 1 1
3 1 1
4 1 1
5 2 1
6 2 1
7 2 1
8 2 1
9 2 1
10 2 1
11 2 1
12 2 1
13 2 1
14 2 1
15 2 1
16 2 1
17 3 1
18 3 1
19 3 1
20 4 1
21 4 1
22 4 1
23 4 1
24 5 1
25 5 1
26 5 1
27 6 1
28 7 1
29 8 1
29 9 1
28 11 1
28 12 1
28 13 1
27 14 1
26 15 1
25 16 1
24 17 1
23 18 1
22 19 1
21 20 1
20 20 1
19 21 1
18 22 1
17 22 1
16 23 1
15 24 1
14 25 1
14 26 1
14 27 1
13 28 1
14 29 1
14 30 1
15 31 1
16 32 1
17 33 1
18 34 1
19 35 1
20 36 1
21 37 1
22 38 1
23 39 1
23 40 1
24 41 1
24 42 1
25 43 1
26 44 1
27 45 1
27 46 1
27 47 1
28 48 1
28 49 1
28 50 1
28 51 1
28 52 1
27 53 1
27 54 1
26 55 1
25 55 1
24 56 1
23 56 1
22 56 1
21 56 1
20 56 1
19 56 1
18 56 1
17 55 1
16 55 1
15 54 1
14 54 1
13 53 1
12 53 1
11 52 1
10 52 1
9 51 1
8 50 1
7 49 1
6 48 1
.PEN_UP
