.PEN_DOWN
1 1 1
2 1 1
3 1 1
4 1 1
5 2 1
6 2 1
7 2 1
8 2 1
9 2 1
10 2 1
11 2 1
12 2 1
13 2 1
14 2 1
15 2 1
16 2 1
17 2 1
18 2 1
19 2 1
20 2 1
21 2 1
22 2 1
23 2 1
24 2 1
25 2 1
26 2 1
27 2 1
28 2 1
29 2 1
30 2 1
31 2 1
32 2 1
33 2 1
34 2 1
35 2 1
36 2 1
37 2 1
38 2 1
39 2 1
40 2 1
41 2 1
42 2 1
43 2 1
44 2 1
45 2 1
46 3 1
48 3 1
49 3 1
50 3 1
51 3 1
52 3 1
53 3 1
54 3 1
55 3 1
56 3 1
57 3 1
58 3 1
59 3 1
60 3 1
61 3 1
62 3 1
63 2 1
64 2 1
65 2 1
66 3 1
67 3 1
.PEN_UP
.PEN_DOWN
46 4 1
46 5 1
45 6 1
45 7 1
44 8 1
43 9 1
42 9 1
41 10 1
40 11 1
39 12 1
38 12 1
37 13 1
37 14 1
.PEN_UP
.PEN_DOWN
64 16 1
63 17 1
63 18 1
62 19 1
62 20 1
61 21 1
61 22 1
60 23 1
59 24 1
58 25 1
57 25 1
56 25 1
55 26 1
53 26 1
52 26 1
51 26 1
50 27 1
49 27 1
48 27 1
47 27 1
45 25 1
44 24 1
43 23 1
42 23 1
41 23 1
40 23 1
39 23 1
38 24 1
37 24 1
36 24 1
35 24 1
34 24 1
33 24 1
32 24 1
31 24 1
30 24 1
29 24 1
28 24 1
27 24 1
26 24 1
25 24 1
24 24 1
23 24 1
22 24 1
21 24 1
20 24 1
19 24 1
18 24 1
17 24 1
16 24 1
15 25 1
14 25 1
13 25 1
12 25 1
11 26 1
10 26 1
9 26 1
8 26 1
7 27 1
6 28 1
6 29 1
6 30 1
6 31 1
6 32 1
7 33 1
8 34 1
9 34 1
10 34 1
11 35 1
12 35 1
13 35 1
14 36 1
15 36 1
16 36 1
17 36 1
18 36 1
19 36 1
20 37 1
21 37 1
22 37 1
23 37 1
24 37 1
25 37 1
26 36 1
27 36 1
28 36 1
29 36 1
30 36 1
31 36 1
32 35 1
33 35 1
34 35 1
35 34 1
36 34 1
37 34 1
38 33 1
39 33 1
40 32 1
41 32 1
42 31 1
43 30 1
44 29 1
45 28 1
46 27 1
.PEN_UP
.PEN_DOWN
54 26 1
55 28 1
55 29 1
56 30 1
57 31 1
57 32 1
58 33 1
58 34 1
59 35 1
60 36 1
61 37 1
62 38 1
63 39 1
64 40 1
64 41 1
65 42 1
65 43 1
65 44 1
65 45 1
65 46 1
65 47 1
65 48 1
67 50 1
68 50 1
69 50 1
70 51 1
70 52 1
70 53 1
.PEN_UP
.PEN_DOWN
65 49 1
64 50 1
63 51 1
62 52 1
61 53 1
.PEN_UP
