.PEN_DOWN
45 15 1
44 15 1
43 14 1
42 13 1
41 12 1
40 12 1
39 11 1
38 10 1
37 9 1
36 8 1
35 7 1
35 6 1
35 5 1
34 4 1
35 3 1
36 2 1
37 1 1
38 1 1
39 1 1
40 1 1
41 1 1
42 1 1
43 1 1
44 1 1
45 1 1
46 1 1
47 1 1
48 1 1
49 1 1
50 1 1
51 2 1
52 2 1
53 3 1
54 3 1
55 3 1
56 4 1
57 4 1
58 4 1
59 5 1
60 5 1
61 6 1
62 7 1
63 7 1
64 8 1
65 8 1
66 9 1
67 10 1
68 10 1
69 10 1
70 11 1
71 11 1
72 11 1
73 12 1
74 12 1
77 13 1
78 14 1
79 15 1
80 15 1
81 16 1
82 17 1
83 18 1
84 18 1
85 19 1
86 20 1
87 20 1
88 21 1
89 22 1
90 23 1
.PEN_UP
.PEN_DOWN
75 11 1
75 10 1
74 9 1
74 8 1
74 7 1
73 6 1
72 5 1
72 4 1
71 3 1
71 2 1
70 1 1
.PEN_UP
.PEN_DOWN
44 24 1
45 24 1
46 25 1
47 25 1
48 25 1
49 25 1
50 25 1
51 25 1
52 25 1
53 26 1
54 26 1
55 26 1
56 26 1
57 26 1
58 27 1
59 27 1
60 27 1
61 27 1
62 27 1
63 27 1
64 27 1
65 27 1
66 27 1
67 28 1
68 28 1
69 28 1
70 28 1
71 28 1
72 28 1
73 28 1
74 28 1
75 29 1
76 29 1
77 29 1
78 29 1
79 29 1
80 29 1
81 30 1
82 30 1
83 30 1
84 30 1
85 30 1
86 30 1
87 31 1
88 31 1
89 31 1
90 32 1
90 33 1
91 34 1
93 35 1
94 35 1
95 36 1
96 36 1
.PEN_UP
.PEN_DOWN
91 35 1
90 36 1
89 37 1
88 37 1
87 37 1
86 38 1
85 38 1
84 39 1
83 39 1
82 39 1
81 39 1
80 39 1
79 40 1
78 40 1
77 40 1
76 40 1
75 40 1
74 40 1
73 40 1
72 40 1
71 40 1
70 41 1
69 41 1
68 41 1
67 41 1
66 41 1
65 41 1
64 41 1
63 41 1
62 41 1
61 41 1
60 41 1
59 41 1
58 41 1
57 41 1
56 40 1
55 40 1
54 40 1
53 39 1
.PEN_UP
.PEN_DOWN
6 87 1
7 86 1
8 86 1
9 86 1
10 86 1
11 86 1
12 85 1
13 85 1
14 85 1
15 85 1
16 85 1
17 84 1
18 84 1
19 84 1
20 84 1
21 84 1
22 84 1
23 84 1
24 84 1
25 84 1
26 84 1
27 84 1
28 83 1
29 83 1
30 83 1
31 83 1
32 83 1
33 82 1
34 82 1
35 82 1
36 82 1
37 82 1
38 82 1
39 82 1
40 82 1
41 82 1
42 82 1
43 82 1
44 82 1
45 82 1
46 81 1
47 81 1
48 81 1
49 81 1
50 81 1
51 80 1
52 80 1
53 80 1
55 81 1
56 82 1
57 83 1
58 83 1
59 83 1
60 83 1
61 83 1
62 83 1
63 84 1
64 84 1
65 84 1
66 84 1
67 84 1
68 85 1
69 85 1
70 85 1
71 85 1
72 85 1
73 85 1
74 86 1
75 86 1
76 86 1
77 87 1
79 87 1
80 87 1
81 87 1
82 87 1
83 87 1
84 87 1
85 87 1
86 87 1
87 87 1
88 87 1
89 88 1
90 88 1
91 88 1
.PEN_UP
.PEN_DOWN
78 87 1
76 89 1
76 90 1
76 91 1
75 92 1
75 93 1
74 94 1
74 95 1
74 96 1
73 97 1
73 98 1
72 99 1
72 100 1
71 101 1
71 102 1
70 103 1
70 104 1
70 105 1
69 106 1
68 107 1
68 108 1
68 109 1
68 110 1
67 111 1
67 112 1
67 113 1
65 114 1
64 115 1
63 116 1
62 117 1
61 118 1
61 119 1
60 120 1
58 123 1
57 124 1
57 125 1
57 126 1
57 127 1
57 128 1
56 129 1
56 130 1
56 131 1
55 132 1
55 133 1
55 134 1
54 135 1
53 135 1
52 136 1
51 136 1
50 136 1
49 136 1
48 136 1
47 136 1
46 136 1
45 137 1
44 137 1
43 138 1
42 139 1
41 139 1
40 140 1
39 140 1
38 141 1
37 141 1
36 141 1
35 141 1
34 141 1
33 141 1
32 141 1
31 141 1
30 141 1
29 141 1
28 141 1
27 141 1
26 141 1
25 141 1
24 141 1
23 141 1
22 141 1
21 141 1
20 141 1
19 141 1
18 141 1
17 141 1
16 141 1
15 141 1
14 141 1
13 141 1
12 141 1
11 141 1
10 141 1
9 141 1
8 141 1
7 141 1
6 141 1
5 141 1
4 141 1
3 141 1
2 142 1
1 142 1
.PEN_UP
.PEN_DOWN
55 136 1
56 136 1
57 136 1
58 136 1
59 136 1
60 137 1
61 137 1
62 137 1
63 138 1
64 139 1
65 139 1
66 139 1
67 139 1
68 139 1
69 139 1
70 139 1
71 139 1
72 139 1
73 139 1
74 139 1
75 140 1
76 140 1
77 140 1
78 140 1
79 140 1
80 140 1
81 140 1
82 140 1
83 140 1
84 140 1
85 140 1
86 140 1
87 140 1
88 140 1
89 141 1
90 141 1
91 141 1
92 141 1
.PEN_UP
.PEN_DOWN
59 121 1
58 120 1
57 119 1
56 118 1
55 118 1
54 118 1
53 117 1
52 117 1
.PEN_UP
.PEN_DOWN
60 121 1
61 123 1
62 124 1
63 124 1
64 124 1
65 123 1
66 123 1
67 123 1
68 123 1
69 122 1
70 122 1
71 122 1
72 121 1
73 121 1
74 121 1
75 120 1
76 120 1
77 119 1
78 119 1
79 118 1
80 118 1
81 117 1
81 116 1
82 115 1
82 114 1
82 113 1
83 112 1
81 111 1
80 111 1
79 111 1
78 111 1
77 111 1
76 111 1
75 112 1
74 112 1
73 113 1
72 113 1
71 113 1
70 113 1
69 113 1
68 114 1
.PEN_UP
.PEN_DOWN
82 111 1
85 111 1
86 111 1
87 111 1
.PEN_UP
.PEN_DOWN
54 78 1
54 77 1
56 76 1
57 75 1
58 75 1
59 75 1
60 75 1
61 74 1
62 74 1
63 73 1
64 73 1
65 72 1
66 72 1
67 71 1
68 71 1
69 70 1
70 70 1
71 69 1
72 69 1
73 69 1
74 68 1
75 68 1
76 67 1
77 67 1
78 66 1
79 66 1
80 65 1
81 65 1
82 64 1
83 63 1
84 62 1
85 61 1
86 60 1
86 59 1
86 58 1
86 57 1
85 56 1
84 56 1
83 56 1
82 56 1
81 56 1
80 56 1
79 57 1
78 57 1
77 57 1
76 58 1
75 58 1
74 58 1
73 59 1
72 59 1
71 60 1
70 60 1
69 61 1
68 61 1
67 62 1
66 63 1
65 63 1
64 64 1
63 64 1
62 65 1
61 66 1
60 66 1
59 67 1
58 68 1
57 68 1
56 69 1
55 70 1
55 71 1
55 72 1
54 73 1
54 74 1
54 75 1
.PEN_UP
.PEN_DOWN
58 187 1
59 187 1
60 187 1
61 187 1
62 187 1
63 187 1
64 186 1
65 186 1
66 186 1
67 186 1
68 187 1
69 187 1
70 187 1
71 187 1
72 187 1
73 187 1
74 187 1
75 187 1
76 188 1
77 188 1
78 188 1
80 187 1
81 186 1
81 185 1
82 184 1
83 183 1
84 182 1
85 181 1
86 180 1
86 179 1
87 178 1
88 177 1
88 176 1
89 175 1
89 174 1
90 173 1
90 172 1
91 171 1
91 170 1
91 169 1
92 168 1
92 167 1
92 166 1
91 165 1
91 164 1
91 163 1
91 162 1
91 161 1
91 160 1
90 159 1
89 158 1
88 157 1
87 156 1
86 155 1
85 154 1
84 154 1
83 154 1
82 154 1
81 154 1
80 155 1
79 155 1
77 154 1
76 154 1
75 155 1
74 155 1
73 155 1
72 155 1
71 155 1
70 156 1
69 156 1
68 156 1
67 157 1
66 158 1
65 158 1
64 159 1
63 160 1
62 161 1
61 162 1
60 163 1
59 163 1
58 164 1
57 165 1
56 166 1
55 167 1
55 168 1
54 169 1
54 170 1
54 171 1
54 172 1
53 173 1
53 174 1
54 175 1
55 175 1
56 175 1
57 175 1
58 175 1
59 174 1
60 174 1
61 174 1
62 173 1
63 172 1
64 172 1
65 171 1
66 170 1
67 169 1
68 168 1
69 167 1
70 166 1
71 165 1
72 164 1
73 163 1
74 163 1
75 162 1
76 161 1
76 160 1
77 159 1
77 158 1
77 157 1
78 156 1
.PEN_UP
.PEN_DOWN
79 190 1
80 191 1
81 191 1
82 191 1
83 191 1
84 191 1
85 192 1
86 192 1
.PEN_UP
.PEN_DOWN
79 192 1
78 193 1
77 194 1
76 194 1
75 195 1
74 195 1
73 195 1
72 195 1
71 195 1
70 196 1
69 196 1
68 196 1
67 196 1
66 197 1
65 197 1
64 197 1
63 197 1
62 197 1
61 198 1
60 198 1
59 198 1
58 199 1
57 200 1
56 201 1
54 203 1
53 203 1
52 203 1
51 203 1
50 203 1
.PEN_UP
.PEN_DOWN
55 202 1
56 204 1
57 205 1
58 205 1
59 205 1
60 205 1
61 206 1
62 206 1
63 206 1
64 206 1
65 206 1
66 206 1
67 206 1
68 206 1
69 206 1
70 207 1
71 207 1
72 207 1
73 207 1
74 207 1
75 208 1
76 208 1
77 208 1
78 208 1
79 208 1
80 209 1
81 209 1
82 210 1
83 210 1
84 210 1
85 210 1
86 210 1
87 211 1
88 211 1
.PEN_UP
.PEN_DOWN
5 218 1
6 218 1
7 218 1
8 218 1
9 218 1
10 218 1
11 217 1
12 218 1
13 218 1
14 219 1
15 219 1
16 219 1
17 219 1
18 219 1
19 219 1
20 219 1
21 219 1
22 220 1
23 220 1
24 220 1
25 220 1
26 221 1
27 221 1
28 221 1
29 221 1
30 221 1
31 221 1
32 222 1
33 222 1
34 222 1
35 222 1
36 222 1
37 222 1
38 223 1
39 223 1
40 223 1
41 223 1
42 223 1
43 223 1
44 223 1
45 224 1
46 224 1
47 224 1
48 224 1
49 225 1
50 225 1
51 225 1
52 225 1
53 226 1
54 226 1
55 226 1
56 227 1
57 227 1
58 227 1
59 228 1
60 228 1
61 228 1
62 229 1
63 229 1
64 229 1
65 230 1
66 230 1
67 230 1
68 231 1
69 231 1
70 231 1
71 232 1
72 232 1
73 232 1
74 232 1
75 233 1
76 233 1
77 234 1
78 234 1
79 234 1
80 234 1
81 234 1
82 235 1
83 235 1
84 235 1
85 235 1
86 236 1
87 236 1
.PEN_UP
.PEN_DOWN
64 238 1
63 239 1
62 240 1
62 241 1
63 242 1
64 243 1
65 244 1
66 245 1
67 245 1
68 245 1
69 246 1
70 246 1
71 246 1
72 247 1
73 247 1
74 248 1
75 248 1
76 249 1
77 250 1
78 250 1
79 251 1
80 252 1
81 253 1
82 254 1
83 255 1
84 256 1
85 257 1
85 258 1
86 259 1
89 258 1
90 258 1
91 258 1
92 258 1
93 257 1
94 257 1
95 256 1
96 256 1
97 255 1
98 255 1
99 255 1
100 254 1
101 254 1
102 253 1
103 253 1
104 252 1
105 252 1
106 251 1
107 251 1
108 250 1
109 250 1
110 249 1
111 249 1
112 248 1
113 247 1
114 247 1
115 246 1
116 246 1
117 245 1
118 244 1
119 244 1
120 243 1
121 242 1
122 242 1
123 241 1
124 241 1
125 240 1
126 240 1
127 239 1
128 238 1
129 238 1
130 237 1
131 237 1
132 236 1
133 235 1
134 235 1
135 234 1
136 234 1
137 233 1
138 233 1
139 232 1
140 231 1
141 231 1
142 230 1
143 229 1
144 228 1
145 228 1
146 227 1
147 226 1
148 225 1
.PEN_UP
.PEN_DOWN
87 259 1
86 261 1
86 262 1
85 263 1
84 263 1
83 264 1
82 264 1
81 265 1
80 265 1
79 266 1
78 266 1
77 266 1
76 266 1
75 267 1
74 267 1
73 267 1
72 268 1
71 268 1
70 269 1
69 269 1
68 269 1
67 270 1
66 270 1
65 271 1
64 271 1
63 271 1
62 271 1
61 272 1
60 273 1
59 273 1
58 273 1
57 274 1
56 275 1
.PEN_UP
