.PEN_DOWN
21 1 1
20 1 1
19 2 1
18 3 1
17 4 1
16 5 1
15 6 1
14 7 1
13 8 1
13 9 1
12 10 1
11 11 1
11 12 1
10 13 1
10 14 1
9 15 1
8 16 1
8 17 1
7 18 1
7 19 1
7 20 1
6 21 1
6 22 1
5 23 1
5 24 1
5 25 1
4 26 1
4 27 1
3 28 1
3 29 1
3 30 1
2 31 1
2 32 1
2 33 1
1 34 1
1 35 1
1 36 1
1 37 1
1 38 1
1 39 1
1 40 1
1 41 1
1 42 1
1 43 1
1 44 1
1 45 1
1 46 1
1 47 1
1 48 1
1 49 1
1 50 1
1 51 1
2 52 1
3 53 1
4 54 1
5 55 1
6 55 1
7 55 1
8 55 1
9 55 1
10 55 1
11 55 1
12 55 1
13 54 1
14 53 1
15 53 1
16 53 1
17 52 1
18 51 1
19 50 1
20 49 1
21 48 1
22 47 1
23 46 1
24 45 1
25 44 1
26 43 1
27 42 1
27 41 1
28 40 1
29 39 1
30 39 1
31 39 1
32 38 1
33 38 1
34 36 1
34 35 1
35 34 1
35 33 1
36 32 1
36 31 1
37 30 1
37 29 1
37 28 1
38 27 1
38 26 1
38 25 1
38 24 1
39 23 1
39 22 1
39 21 1
39 20 1
40 18 1
41 17 1
41 16 1
42 15 1
43 15 1
44 14 1
45 13 1
46 13 1
47 13 1
48 12 1
49 11 1
50 11 1
51 10 1
52 10 1
53 9 1
54 9 1
55 8 1
56 8 1
57 7 1
58 6 1
59 6 1
60 5 1
61 5 1
62 4 1
63 4 1
64 3 1
65 3 1
66 2 1
67 1 1
68 1 1
69 1 1
.PEN_UP
.PEN_DOWN
38 19 1
37 19 1
36 19 1
35 19 1
34 19 1
33 20 1
32 20 1
31 21 1
30 21 1
29 22 1
28 22 1
27 23 1
26 23 1
25 24 1
24 24 1
23 25 1
22 25 1
21 26 1
20 26 1
19 26 1
18 27 1
17 28 1
16 28 1
15 29 1
14 30 1
13 30 1
12 30 1
11 31 1
10 32 1
.PEN_UP
.PEN_DOWN
34 37 1
34 40 1
34 41 1
34 42 1
33 43 1
33 44 1
33 45 1
32 46 1
32 47 1
31 48 1
31 49 1
31 50 1
31 51 1
30 52 1
30 53 1
30 54 1
29 55 1
29 56 1
29 57 1
28 58 1
28 59 1
28 60 1
28 61 1
28 62 1
27 63 1
27 64 1
27 65 1
27 66 1
27 67 1
27 68 1
27 69 1
28 70 1
27 72 1
27 73 1
26 74 1
26 75 1
25 76 1
24 77 1
.PEN_UP
.PEN_DOWN
29 70 1
30 70 1
31 69 1
32 69 1
33 69 1
34 69 1
35 68 1
36 68 1
37 67 1
38 66 1
39 65 1
40 65 1
41 65 1
42 64 1
43 64 1
44 63 1
44 62 1
45 61 1
46 61 1
.PEN_UP
.PEN_DOWN
43 87 1
42 88 1
42 89 1
42 90 1
42 91 1
40 92 1
39 93 1
38 93 1
37 94 1
36 95 1
34 96 1
33 97 1
32 97 1
31 97 1
30 98 1
29 99 1
28 100 1
28 101 1
27 102 1
26 103 1
25 104 1
24 105 1
23 106 1
23 107 1
22 108 1
22 109 1
21 110 1
21 111 1
21 112 1
21 113 1
21 114 1
22 115 1
23 115 1
24 114 1
25 114 1
26 113 1
27 112 1
28 111 1
29 110 1
30 109 1
31 108 1
31 107 1
32 106 1
33 105 1
33 104 1
34 103 1
34 102 1
35 101 1
35 100 1
36 99 1
36 98 1
36 97 1
.PEN_UP
.PEN_DOWN
41 92 1
43 93 1
44 93 1
45 94 1
45 95 1
45 96 1
46 97 1
46 98 1
46 99 1
46 100 1
45 101 1
45 102 1
45 103 1
45 104 1
45 105 1
45 106 1
45 107 1
45 108 1
44 109 1
44 110 1
44 111 1
43 112 1
43 113 1
43 114 1
42 115 1
42 116 1
42 117 1
.PEN_UP
.PEN_DOWN
44 125 1
43 126 1
42 126 1
41 127 1
38 127 1
37 127 1
36 128 1
35 128 1
34 128 1
33 128 1
32 129 1
31 130 1
30 130 1
29 130 1
28 131 1
27 132 1
26 132 1
25 133 1
24 134 1
23 134 1
22 135 1
21 136 1
20 137 1
19 138 1
18 139 1
17 140 1
17 141 1
17 142 1
16 143 1
17 144 1
17 145 1
17 146 1
.PEN_UP
.PEN_DOWN
40 127 1
40 129 1
40 130 1
39 131 1
39 132 1
39 133 1
38 134 1
38 135 1
37 136 1
36 137 1
36 138 1
35 139 1
35 140 1
34 141 1
33 142 1
32 143 1
31 144 1
30 145 1
30 146 1
29 147 1
29 148 1
28 149 1
27 150 1
27 151 1
27 152 1
27 153 1
27 154 1
27 155 1
27 156 1
27 157 1
27 158 1
27 159 1
.PEN_UP
.PEN_DOWN
82 158 1
82 159 1
82 160 1
82 161 1
.PEN_UP
.PEN_DOWN
70 176 1
69 176 1
68 177 1
67 177 1
66 177 1
65 177 1
64 177 1
63 178 1
62 178 1
61 179 1
60 179 1
59 180 1
58 180 1
57 180 1
56 181 1
55 181 1
54 182 1
53 182 1
52 183 1
51 183 1
50 184 1
49 185 1
48 186 1
47 186 1
46 187 1
45 188 1
44 189 1
.PEN_UP
.PEN_DOWN
82 224 1
82 225 1
82 226 1
82 227 1
82 228 1
82 229 1
82 230 1
82 231 1
.PEN_UP
.PEN_DOWN
82 235 1
82 236 1
82 237 1
82 238 1
82 239 1
82 240 1
82 241 1
82 242 1
82 243 1
82 244 1
82 245 1
82 246 1
82 247 1
82 248 1
.PEN_UP
.PEN_DOWN
82 253 1
82 254 1
82 255 1
82 256 1
82 257 1
82 258 1
82 259 1
.PEN_UP
.PEN_DOWN
46 271 1
46 272 1
45 273 1
45 274 1
44 275 1
43 276 1
43 277 1
42 278 1
42 279 1
41 280 1
41 281 1
41 282 1
40 283 1
39 284 1
39 285 1
38 286 1
38 287 1
37 288 1
37 289 1
37 290 1
36 291 1
36 292 1
36 293 1
36 294 1
34 296 1
33 297 1
33 298 1
32 299 1
31 299 1
30 299 1
29 300 1
28 301 1
28 302 1
27 303 1
26 303 1
25 304 1
24 305 1
22 305 1
21 305 1
20 305 1
19 306 1
18 306 1
17 307 1
16 308 1
15 308 1
14 309 1
13 309 1
12 310 1
11 310 1
10 310 1
9 311 1
8 312 1
7 313 1
6 314 1
5 315 1
4 316 1
3 317 1
2 318 1
1 319 1
.PEN_UP
.PEN_DOWN
23 305 1
24 307 1
24 308 1
23 309 1
23 310 1
23 311 1
22 312 1
21 313 1
20 314 1
19 315 1
18 316 1
17 317 1
16 318 1
15 319 1
14 320 1
13 321 1
12 322 1
11 322 1
10 323 1
9 324 1
8 325 1
7 325 1
6 326 1
5 326 1
4 327 1
3 328 1
2 328 1
1 329 1
.PEN_UP
.PEN_DOWN
35 295 1
38 295 1
39 295 1
40 295 1
41 295 1
42 295 1
43 295 1
44 296 1
45 297 1
46 298 1
46 299 1
46 300 1
46 301 1
46 302 1
46 303 1
46 304 1
46 305 1
45 306 1
45 307 1
45 308 1
45 309 1
45 310 1
44 311 1
44 312 1
43 313 1
43 314 1
43 315 1
43 316 1
42 317 1
41 318 1
41 319 1
40 320 1
40 321 1
39 322 1
39 323 1
39 324 1
38 325 1
38 326 1
38 327 1
38 328 1
38 329 1
36 331 1
35 331 1
34 332 1
33 333 1
32 334 1
31 335 1
30 336 1
29 337 1
28 338 1
27 339 1
27 340 1
26 341 1
26 342 1
25 343 1
23 344 1
22 345 1
21 345 1
20 346 1
19 347 1
18 348 1
17 349 1
16 350 1
16 351 1
15 352 1
15 353 1
15 354 1
15 355 1
16 356 1
17 356 1
18 356 1
19 356 1
20 356 1
21 355 1
22 354 1
22 353 1
23 352 1
23 351 1
24 350 1
24 349 1
24 348 1
24 347 1
25 346 1
25 345 1
.PEN_UP
.PEN_DOWN
37 330 1
40 331 1
41 331 1
42 332 1
42 333 1
42 334 1
42 335 1
42 336 1
42 337 1
42 338 1
42 339 1
41 340 1
41 341 1
41 342 1
41 343 1
41 344 1
41 345 1
41 346 1
40 347 1
40 348 1
40 349 1
40 350 1
40 351 1
40 352 1
39 353 1
39 354 1
39 355 1
39 356 1
38 357 1
38 358 1
38 359 1
37 360 1
37 361 1
36 362 1
36 363 1
35 364 1
35 365 1
33 366 1
32 366 1
31 367 1
30 367 1
29 368 1
29 369 1
28 370 1
27 371 1
27 372 1
27 373 1
26 374 1
26 375 1
26 376 1
25 377 1
25 378 1
24 379 1
24 380 1
24 381 1
23 382 1
23 383 1
22 384 1
22 385 1
22 386 1
21 387 1
21 388 1
21 389 1
21 390 1
21 391 1
20 392 1
20 393 1
20 394 1
20 395 1
19 396 1
19 397 1
18 398 1
18 399 1
18 400 1
18 401 1
18 402 1
19 403 1
20 404 1
21 404 1
22 404 1
23 404 1
24 404 1
25 404 1
26 403 1
27 403 1
28 403 1
29 402 1
30 401 1
31 400 1
32 399 1
33 398 1
35 397 1
36 397 1
37 397 1
38 396 1
39 396 1
40 396 1
41 396 1
42 395 1
.PEN_UP
.PEN_DOWN
33 397 1
33 395 1
33 394 1
33 393 1
33 392 1
33 391 1
33 390 1
33 389 1
33 388 1
33 387 1
33 386 1
33 385 1
33 384 1
34 383 1
34 382 1
34 381 1
34 380 1
34 379 1
34 378 1
34 377 1
35 376 1
35 375 1
35 374 1
35 373 1
35 372 1
35 371 1
35 370 1
35 369 1
35 368 1
35 367 1
.PEN_UP
.PEN_DOWN
82 265 1
82 266 1
82 267 1
82 268 1
82 269 1
82 270 1
82 271 1
82 272 1
82 273 1
82 274 1
82 275 1
82 276 1
82 277 1
82 278 1
82 279 1
82 280 1
82 281 1
82 282 1
82 283 1
82 284 1
82 285 1
82 286 1
82 287 1
82 288 1
82 289 1
82 290 1
82 291 1
82 292 1
82 293 1
82 294 1
82 295 1
82 296 1
82 297 1
82 298 1
82 299 1
82 300 1
82 301 1
82 302 1
82 303 1
82 304 1
82 305 1
82 306 1
82 307 1
82 308 1
82 309 1
82 310 1
82 311 1
82 312 1
82 313 1
82 314 1
82 315 1
82 316 1
82 317 1
82 318 1
82 319 1
82 320 1
82 321 1
82 322 1
82 323 1
82 324 1
82 325 1
82 326 1
82 327 1
82 328 1
82 329 1
82 330 1
82 331 1
82 332 1
82 333 1
82 334 1
82 335 1
82 336 1
82 337 1
82 338 1
82 339 1
82 340 1
82 341 1
82 342 1
82 343 1
82 344 1
82 345 1
82 346 1
82 347 1
82 348 1
82 349 1
82 350 1
82 351 1
82 352 1
82 353 1
82 354 1
82 355 1
82 356 1
82 357 1
82 358 1
82 359 1
82 360 1
82 361 1
82 362 1
82 363 1
82 364 1
82 365 1
82 366 1
82 367 1
82 368 1
82 369 1
82 370 1
82 371 1
82 372 1
82 373 1
82 374 1
82 375 1
82 376 1
82 377 1
82 378 1
82 379 1
82 380 1
82 381 1
82 382 1
82 383 1
82 384 1
82 385 1
82 386 1
82 387 1
82 388 1
82 389 1
82 390 1
82 391 1
82 392 1
82 393 1
82 394 1
82 395 1
82 396 1
82 397 1
82 398 1
82 399 1
82 400 1
82 401 1
82 402 1
82 403 1
82 404 1
82 405 1
82 406 1
82 407 1
82 408 1
82 409 1
82 410 1
82 411 1
82 412 1
82 413 1
82 414 1
82 415 1
82 416 1
82 417 1
82 418 1
82 419 1
82 420 1
82 421 1
82 422 1
82 423 1
82 424 1
82 425 1
82 426 1
82 427 1
82 428 1
82 429 1
82 430 1
82 431 1
82 432 1
82 433 1
82 434 1
82 435 1
82 436 1
82 437 1
82 438 1
82 439 1
82 440 1
82 441 1
82 442 1
82 443 1
82 444 1
82 445 1
82 446 1
82 447 1
82 448 1
82 449 1
82 450 1
82 451 1
82 452 1
82 453 1
82 454 1
82 455 1
82 456 1
82 457 1
82 458 1
82 459 1
82 460 1
82 461 1
82 462 1
82 463 1
82 464 1
82 465 1
82 466 1
82 467 1
82 468 1
82 469 1
82 470 1
82 471 1
82 472 1
82 473 1
82 474 1
82 475 1
82 476 1
82 477 1
82 478 1
82 479 1
82 480 1
82 481 1
82 482 1
82 483 1
82 484 1
82 485 1
82 486 1
82 487 1
82 488 1
82 489 1
82 490 1
82 491 1
82 492 1
82 493 1
82 494 1
82 495 1
82 496 1
82 497 1
82 498 1
82 499 1
82 500 1
82 501 1
82 502 1
82 503 1
82 504 1
82 505 1
82 506 1
82 507 1
82 508 1
82 509 1
82 510 1
82 511 1
82 512 1
82 513 1
82 514 1
82 515 1
82 516 1
82 517 1
82 518 1
82 519 1
82 520 1
82 521 1
82 522 1
82 523 1
82 524 1
82 525 1
82 526 1
82 527 1
82 528 1
82 529 1
82 530 1
82 531 1
82 532 1
82 533 1
82 534 1
82 535 1
82 536 1
82 537 1
82 538 1
82 539 1
82 540 1
82 541 1
82 542 1
82 543 1
82 544 1
82 545 1
82 546 1
82 547 1
82 548 1
82 549 1
82 550 1
82 551 1
82 552 1
82 553 1
82 554 1
82 555 1
82 556 1
82 557 1
82 558 1
82 559 1
82 560 1
82 561 1
82 562 1
82 563 1
82 564 1
82 565 1
82 566 1
82 567 1
82 568 1
82 569 1
82 570 1
82 571 1
82 572 1
82 573 1
82 574 1
82 575 1
82 576 1
82 577 1
82 578 1
82 579 1
82 580 1
82 581 1
82 582 1
82 583 1
82 584 1
82 585 1
82 586 1
82 587 1
82 588 1
82 589 1
82 590 1
82 591 1
82 592 1
82 593 1
82 594 1
82 595 1
82 596 1
82 597 1
82 598 1
82 599 1
82 600 1
82 601 1
82 602 1
82 603 1
82 604 1
82 605 1
82 606 1
82 607 1
82 608 1
82 609 1
82 610 1
82 611 1
82 612 1
82 613 1
82 616 1
82 617 1
82 618 1
82 619 1
82 620 1
82 621 1
82 622 1
82 623 1
81 624 1
79 625 1
78 625 1
77 626 1
76 627 1
75 627 1
74 628 1
73 629 1
72 630 1
72 631 1
71 632 1
70 633 1
69 634 1
68 634 1
67 635 1
66 636 1
65 637 1
64 638 1
63 639 1
62 640 1
61 641 1
60 642 1
59 643 1
58 644 1
57 645 1
56 646 1
56 647 1
56 648 1
56 649 1
56 650 1
.PEN_UP
.PEN_DOWN
80 625 1
82 626 1
82 627 1
82 628 1
82 629 1
82 630 1
82 631 1
82 632 1
82 633 1
82 634 1
82 635 1
82 636 1
82 637 1
82 638 1
82 639 1
82 640 1
82 641 1
82 642 1
82 643 1
82 644 1
82 645 1
82 646 1
82 647 1
82 648 1
82 649 1
82 650 1
82 651 1
82 652 1
82 653 1
82 654 1
82 655 1
82 656 1
82 657 1
82 658 1
82 659 1
82 660 1
82 661 1
82 662 1
82 663 1
82 664 1
82 665 1
82 666 1
82 667 1
82 668 1
82 669 1
82 670 1
82 671 1
82 672 1
82 673 1
82 674 1
82 675 1
82 676 1
82 677 1
82 678 1
82 679 1
82 680 1
82 681 1
82 682 1
82 683 1
82 684 1
82 685 1
82 686 1
82 687 1
82 688 1
82 689 1
82 690 1
82 691 1
82 692 1
82 693 1
82 694 1
82 695 1
82 696 1
82 697 1
82 698 1
82 699 1
82 700 1
82 701 1
82 702 1
82 703 1
82 704 1
82 705 1
82 706 1
82 707 1
82 708 1
82 709 1
82 710 1
82 711 1
82 712 1
82 713 1
82 714 1
82 715 1
82 716 1
82 717 1
82 718 1
82 719 1
82 720 1
82 721 1
82 722 1
82 723 1
82 724 1
82 725 1
82 726 1
82 727 1
82 728 1
82 729 1
82 730 1
82 731 1
82 732 1
82 733 1
82 734 1
82 735 1
82 736 1
82 737 1
82 738 1
82 739 1
82 740 1
82 741 1
82 742 1
82 743 1
82 744 1
82 745 1
82 746 1
82 747 1
82 748 1
82 749 1
82 750 1
82 751 1
82 752 1
82 753 1
82 754 1
82 755 1
82 756 1
82 757 1
82 758 1
82 759 1
82 760 1
82 761 1
82 762 1
82 763 1
82 764 1
82 765 1
82 766 1
82 767 1
82 768 1
82 769 1
82 770 1
82 771 1
82 772 1
82 773 1
82 774 1
82 775 1
82 776 1
82 777 1
82 778 1
82 779 1
82 780 1
82 781 1
82 782 1
82 783 1
82 784 1
82 785 1
82 786 1
82 787 1
82 788 1
82 789 1
82 790 1
82 791 1
82 792 1
82 793 1
82 794 1
82 795 1
82 796 1
82 797 1
82 798 1
82 799 1
82 800 1
82 801 1
82 802 1
82 803 1
82 804 1
82 805 1
82 806 1
82 807 1
82 808 1
82 809 1
82 810 1
82 811 1
82 812 1
82 813 1
82 814 1
82 815 1
82 816 1
82 817 1
82 818 1
82 819 1
82 820 1
82 821 1
82 822 1
82 823 1
82 824 1
82 825 1
82 826 1
82 827 1
82 828 1
82 829 1
82 830 1
82 831 1
82 832 1
82 833 1
82 834 1
82 835 1
82 836 1
82 837 1
82 838 1
82 839 1
82 840 1
82 841 1
82 842 1
82 843 1
82 844 1
82 845 1
82 846 1
82 847 1
82 848 1
82 849 1
82 850 1
82 851 1
82 852 1
82 853 1
82 854 1
82 855 1
82 856 1
82 857 1
82 858 1
82 859 1
82 860 1
82 861 1
82 862 1
82 863 1
82 864 1
82 865 1
82 866 1
82 867 1
82 868 1
82 869 1
82 870 1
82 871 1
82 872 1
82 873 1
82 874 1
82 875 1
82 876 1
82 877 1
82 878 1
82 879 1
82 880 1
82 881 1
82 882 1
82 883 1
82 884 1
82 885 1
82 886 1
82 887 1
82 888 1
82 889 1
82 890 1
82 891 1
82 892 1
82 893 1
82 894 1
82 895 1
82 896 1
82 897 1
82 898 1
82 899 1
82 900 1
82 901 1
82 902 1
82 903 1
82 904 1
82 905 1
82 906 1
82 907 1
82 908 1
82 909 1
82 910 1
82 911 1
82 912 1
82 913 1
82 914 1
82 915 1
82 916 1
82 917 1
82 918 1
82 919 1
82 920 1
82 921 1
82 922 1
82 923 1
82 924 1
81 925 1
80 926 1
78 926 1
77 926 1
76 926 1
75 926 1
74 926 1
73 926 1
72 926 1
71 926 1
70 926 1
69 926 1
68 927 1
67 927 1
66 927 1
65 927 1
64 928 1
63 928 1
62 928 1
61 929 1
60 929 1
59 929 1
58 930 1
57 930 1
56 931 1
55 931 1
54 932 1
53 932 1
52 933 1
51 933 1
50 934 1
49 935 1
48 936 1
47 937 1
46 938 1
45 939 1
.PEN_UP
.PEN_DOWN
79 926 1
80 928 1
80 929 1
80 930 1
80 931 1
80 932 1
82 934 1
82 935 1
82 936 1
82 937 1
82 938 1
82 939 1
82 940 1
82 941 1
82 942 1
82 943 1
82 944 1
82 945 1
82 946 1
82 947 1
82 948 1
82 949 1
82 950 1
82 951 1
82 952 1
82 953 1
82 954 1
82 955 1
82 956 1
82 957 1
82 958 1
82 959 1
82 960 1
82 961 1
82 962 1
82 963 1
82 964 1
82 965 1
82 966 1
82 967 1
82 968 1
82 969 1
82 970 1
82 971 1
82 972 1
82 973 1
82 974 1
82 975 1
82 976 1
82 977 1
82 978 1
82 979 1
82 980 1
82 981 1
82 982 1
82 983 1
82 984 1
82 985 1
82 986 1
82 987 1
82 988 1
82 989 1
82 990 1
82 991 1
82 992 1
82 993 1
82 994 1
82 995 1
82 996 1
82 997 1
82 998 1
82 999 1
82 1000 1
82 1001 1
82 1002 1
82 1003 1
82 1004 1
82 1005 1
82 1006 1
82 1007 1
82 1008 1
82 1009 1
82 1010 1
82 1011 1
82 1012 1
82 1013 1
82 1014 1
82 1015 1
82 1016 1
82 1017 1
82 1018 1
82 1019 1
82 1020 1
82 1021 1
82 1022 1
82 1023 1
82 1024 1
82 1025 1
82 1026 1
82 1027 1
82 1028 1
82 1029 1
82 1030 1
82 1031 1
82 1032 1
82 1033 1
82 1034 1
82 1035 1
82 1036 1
82 1037 1
82 1038 1
82 1039 1
82 1040 1
82 1041 1
82 1042 1
82 1043 1
82 1044 1
82 1045 1
82 1046 1
82 1047 1
82 1048 1
82 1049 1
82 1050 1
82 1051 1
82 1052 1
82 1053 1
82 1054 1
82 1055 1
82 1056 1
82 1057 1
82 1058 1
82 1059 1
82 1060 1
82 1061 1
82 1062 1
82 1063 1
82 1064 1
82 1065 1
82 1066 1
82 1067 1
82 1068 1
82 1069 1
82 1070 1
82 1071 1
82 1072 1
82 1073 1
82 1074 1
82 1075 1
82 1076 1
82 1077 1
82 1078 1
82 1079 1
82 1080 1
82 1081 1
82 1082 1
81 1083 1
81 1084 1
80 1085 1
78 1085 1
77 1085 1
76 1085 1
75 1085 1
74 1085 1
73 1086 1
72 1086 1
71 1086 1
70 1086 1
69 1087 1
68 1087 1
67 1087 1
66 1087 1
65 1088 1
64 1088 1
63 1089 1
62 1089 1
61 1090 1
60 1090 1
59 1091 1
58 1091 1
57 1092 1
56 1092 1
55 1092 1
54 1093 1
53 1094 1
52 1095 1
51 1096 1
50 1097 1
50 1098 1
49 1099 1
49 1100 1
48 1101 1
48 1102 1
47 1103 1
47 1104 1
46 1105 1
46 1106 1
46 1107 1
46 1108 1
.PEN_UP
.PEN_DOWN
79 1085 1
80 1087 1
80 1088 1
80 1089 1
80 1090 1
80 1091 1
82 1093 1
82 1094 1
82 1095 1
82 1096 1
82 1097 1
82 1098 1
82 1099 1
82 1100 1
82 1101 1
82 1102 1
82 1103 1
82 1104 1
82 1105 1
82 1106 1
82 1107 1
82 1108 1
82 1109 1
82 1110 1
82 1111 1
82 1112 1
82 1113 1
82 1114 1
82 1115 1
82 1116 1
82 1117 1
82 1118 1
82 1119 1
82 1120 1
82 1121 1
82 1122 1
82 1123 1
82 1124 1
82 1125 1
82 1126 1
82 1127 1
82 1128 1
82 1129 1
82 1130 1
82 1131 1
82 1132 1
82 1133 1
82 1134 1
82 1135 1
82 1136 1
82 1137 1
82 1138 1
82 1139 1
82 1140 1
82 1141 1
82 1142 1
82 1143 1
82 1144 1
82 1145 1
82 1146 1
82 1147 1
82 1148 1
82 1149 1
82 1150 1
82 1151 1
82 1152 1
82 1153 1
82 1154 1
82 1155 1
82 1156 1
82 1157 1
82 1158 1
82 1159 1
82 1160 1
82 1161 1
82 1162 1
82 1163 1
82 1164 1
82 1165 1
82 1166 1
82 1167 1
82 1168 1
82 1169 1
82 1170 1
82 1171 1
82 1172 1
82 1173 1
82 1174 1
82 1175 1
82 1176 1
82 1177 1
82 1178 1
82 1179 1
82 1180 1
82 1181 1
82 1182 1
82 1183 1
82 1184 1
82 1185 1
82 1186 1
82 1187 1
82 1188 1
82 1189 1
82 1190 1
82 1191 1
82 1192 1
82 1193 1
82 1194 1
82 1195 1
82 1196 1
82 1197 1
82 1198 1
82 1199 1
82 1200 1
82 1201 1
82 1202 1
82 1203 1
82 1204 1
82 1205 1
82 1206 1
82 1207 1
82 1208 1
82 1209 1
82 1210 1
82 1211 1
82 1212 1
82 1213 1
82 1214 1
82 1215 1
82 1216 1
82 1217 1
82 1218 1
82 1219 1
82 1220 1
82 1221 1
82 1222 1
82 1223 1
82 1224 1
82 1225 1
82 1226 1
82 1227 1
82 1228 1
82 1229 1
82 1230 1
82 1231 1
82 1232 1
82 1233 1
82 1234 1
82 1235 1
82 1236 1
82 1237 1
82 1238 1
82 1239 1
82 1240 1
82 1241 1
82 1242 1
82 1243 1
82 1244 1
82 1245 1
82 1246 1
82 1247 1
82 1248 1
82 1249 1
82 1250 1
82 1251 1
82 1252 1
82 1253 1
82 1254 1
82 1255 1
82 1256 1
82 1257 1
82 1258 1
82 1259 1
82 1260 1
82 1261 1
82 1262 1
82 1263 1
82 1264 1
82 1265 1
82 1266 1
82 1267 1
82 1268 1
82 1269 1
82 1270 1
82 1271 1
82 1272 1
82 1273 1
82 1274 1
82 1275 1
82 1276 1
82 1277 1
82 1278 1
82 1279 1
82 1280 1
82 1281 1
82 1282 1
82 1283 1
82 1284 1
82 1285 1
82 1286 1
82 1287 1
82 1288 1
82 1289 1
82 1290 1
82 1291 1
82 1292 1
82 1293 1
82 1294 1
82 1295 1
82 1296 1
82 1297 1
82 1298 1
82 1299 1
82 1300 1
82 1301 1
82 1302 1
82 1303 1
82 1304 1
82 1305 1
82 1306 1
82 1307 1
82 1308 1
82 1309 1
82 1310 1
82 1311 1
82 1312 1
82 1313 1
82 1314 1
82 1315 1
82 1316 1
82 1317 1
82 1318 1
82 1319 1
82 1320 1
82 1321 1
82 1322 1
82 1323 1
82 1324 1
82 1325 1
82 1326 1
82 1327 1
82 1328 1
82 1329 1
82 1330 1
82 1331 1
82 1332 1
82 1333 1
82 1334 1
82 1335 1
82 1336 1
82 1337 1
82 1338 1
82 1339 1
82 1340 1
82 1341 1
82 1342 1
82 1343 1
82 1344 1
82 1345 1
82 1346 1
82 1347 1
82 1348 1
82 1349 1
82 1350 1
82 1351 1
82 1352 1
82 1353 1
82 1354 1
82 1355 1
82 1356 1
82 1357 1
82 1358 1
82 1359 1
82 1360 1
82 1361 1
82 1362 1
82 1363 1
82 1364 1
82 1365 1
82 1366 1
82 1367 1
82 1368 1
82 1369 1
82 1370 1
82 1371 1
82 1372 1
82 1373 1
82 1374 1
82 1375 1
81 1376 1
81 1377 1
81 1378 1
81 1379 1
81 1380 1
82 1381 1
82 1382 1
82 1383 1
82 1384 1
82 1385 1
82 1386 1
82 1387 1
82 1388 1
82 1389 1
82 1390 1
82 1391 1
82 1392 1
82 1393 1
82 1394 1
82 1395 1
82 1396 1
81 1397 1
81 1398 1
81 1399 1
81 1400 1
81 1401 1
81 1402 1
81 1403 1
81 1404 1
81 1405 1
81 1406 1
81 1407 1
81 1408 1
81 1409 1
81 1410 1
81 1411 1
81 1412 1
81 1413 1
81 1414 1
81 1415 1
81 1416 1
81 1417 1
81 1418 1
81 1419 1
81 1420 1
81 1421 1
81 1422 1
81 1423 1
81 1424 1
81 1425 1
81 1426 1
81 1427 1
81 1428 1
81 1429 1
81 1430 1
81 1431 1
81 1432 1
81 1433 1
81 1434 1
81 1435 1
81 1436 1
81 1437 1
81 1438 1
81 1439 1
81 1440 1
81 1441 1
81 1442 1
81 1443 1
81 1444 1
81 1445 1
81 1446 1
81 1447 1
81 1448 1
81 1449 1
81 1450 1
81 1451 1
81 1452 1
81 1453 1
81 1454 1
81 1455 1
81 1456 1
81 1457 1
81 1458 1
81 1459 1
81 1460 1
81 1461 1
81 1462 1
81 1463 1
81 1464 1
81 1465 1
81 1466 1
81 1467 1
81 1468 1
81 1469 1
81 1470 1
81 1471 1
81 1472 1
81 1473 1
81 1474 1
81 1475 1
81 1476 1
81 1477 1
81 1478 1
81 1479 1
81 1480 1
81 1481 1
81 1482 1
81 1483 1
81 1484 1
81 1485 1
81 1486 1
81 1487 1
81 1488 1
81 1489 1
81 1490 1
81 1491 1
81 1492 1
81 1493 1
81 1494 1
81 1495 1
81 1496 1
81 1497 1
81 1498 1
81 1499 1
81 1500 1
81 1501 1
81 1502 1
81 1503 1
81 1504 1
81 1505 1
81 1506 1
81 1507 1
81 1508 1
81 1509 1
81 1510 1
81 1511 1
81 1512 1
81 1513 1
81 1514 1
81 1515 1
81 1516 1
81 1517 1
81 1518 1
81 1519 1
81 1520 1
81 1521 1
81 1522 1
81 1523 1
81 1524 1
81 1525 1
81 1526 1
81 1527 1
81 1528 1
81 1529 1
81 1530 1
81 1531 1
81 1532 1
81 1533 1
81 1534 1
81 1535 1
81 1536 1
81 1537 1
81 1538 1
81 1539 1
81 1540 1
81 1541 1
81 1542 1
81 1543 1
81 1544 1
81 1545 1
81 1546 1
81 1547 1
81 1548 1
81 1549 1
81 1550 1
81 1551 1
81 1552 1
81 1553 1
81 1554 1
81 1555 1
81 1556 1
81 1557 1
81 1558 1
81 1559 1
81 1560 1
81 1561 1
81 1562 1
81 1563 1
81 1564 1
81 1565 1
81 1566 1
81 1567 1
81 1568 1
81 1569 1
81 1570 1
81 1571 1
81 1572 1
81 1573 1
81 1574 1
81 1575 1
81 1576 1
81 1577 1
81 1578 1
81 1579 1
81 1580 1
81 1581 1
81 1582 1
81 1583 1
81 1584 1
81 1585 1
81 1586 1
81 1587 1
81 1588 1
81 1589 1
81 1590 1
81 1591 1
81 1592 1
81 1593 1
81 1594 1
81 1595 1
81 1596 1
81 1597 1
81 1598 1
81 1599 1
81 1600 1
81 1601 1
81 1602 1
81 1603 1
81 1604 1
81 1605 1
81 1606 1
81 1607 1
81 1608 1
81 1609 1
81 1610 1
81 1611 1
81 1612 1
81 1613 1
81 1614 1
81 1615 1
81 1616 1
81 1617 1
81 1618 1
81 1619 1
81 1620 1
81 1621 1
81 1622 1
81 1623 1
81 1624 1
81 1625 1
81 1626 1
81 1627 1
81 1628 1
81 1629 1
81 1630 1
81 1631 1
81 1632 1
81 1633 1
81 1634 1
81 1635 1
81 1636 1
81 1637 1
81 1638 1
81 1639 1
81 1640 1
81 1641 1
81 1642 1
81 1643 1
81 1644 1
81 1645 1
81 1646 1
81 1647 1
81 1648 1
81 1649 1
81 1650 1
81 1651 1
81 1652 1
81 1653 1
81 1654 1
81 1655 1
81 1656 1
81 1657 1
81 1658 1
81 1659 1
81 1660 1
81 1661 1
81 1662 1
81 1663 1
81 1664 1
81 1665 1
81 1666 1
81 1667 1
81 1668 1
81 1669 1
81 1670 1
81 1671 1
81 1672 1
81 1673 1
81 1674 1
81 1675 1
81 1676 1
81 1677 1
81 1678 1
81 1679 1
81 1680 1
81 1681 1
81 1682 1
81 1683 1
81 1684 1
81 1685 1
81 1686 1
81 1687 1
81 1688 1
81 1689 1
81 1690 1
81 1691 1
81 1692 1
81 1693 1
81 1694 1
81 1695 1
81 1696 1
81 1697 1
81 1698 1
81 1699 1
81 1700 1
81 1701 1
81 1702 1
81 1703 1
81 1704 1
81 1705 1
81 1706 1
81 1707 1
81 1708 1
81 1709 1
81 1710 1
81 1711 1
81 1712 1
81 1713 1
81 1714 1
81 1715 1
81 1716 1
81 1717 1
81 1718 1
81 1719 1
81 1720 1
81 1721 1
81 1722 1
81 1723 1
81 1724 1
81 1725 1
81 1726 1
81 1727 1
81 1728 1
81 1729 1
81 1730 1
81 1731 1
81 1732 1
81 1733 1
81 1734 1
81 1735 1
81 1736 1
81 1737 1
81 1738 1
81 1739 1
81 1740 1
81 1741 1
81 1742 1
81 1743 1
81 1744 1
81 1745 1
81 1746 1
81 1747 1
81 1748 1
81 1749 1
81 1750 1
81 1751 1
81 1752 1
81 1753 1
81 1754 1
81 1755 1
81 1756 1
81 1757 1
81 1758 1
81 1759 1
81 1760 1
81 1761 1
80 1762 1
80 1763 1
80 1764 1
80 1765 1
80 1766 1
80 1767 1
81 1768 1
81 1769 1
81 1770 1
81 1771 1
80 1772 1
80 1773 1
80 1774 1
80 1775 1
80 1776 1
80 1777 1
81 1778 1
81 1779 1
81 1780 1
81 1781 1
81 1782 1
81 1783 1
81 1784 1
81 1785 1
81 1786 1
81 1787 1
81 1788 1
81 1789 1
81 1790 1
81 1791 1
81 1792 1
81 1793 1
81 1794 1
81 1795 1
81 1796 1
81 1797 1
81 1798 1
80 1799 1
.PEN_UP
.PEN_DOWN
79 1092 1
78 1092 1
77 1092 1
76 1093 1
75 1093 1
74 1094 1
73 1095 1
72 1095 1
71 1096 1
70 1096 1
69 1097 1
68 1098 1
67 1099 1
66 1100 1
65 1100 1
64 1101 1
63 1101 1
62 1102 1
61 1103 1
60 1104 1
59 1104 1
58 1105 1
57 1106 1
56 1106 1
55 1107 1
54 1108 1
53 1109 1
52 1109 1
51 1110 1
50 1111 1
49 1111 1
48 1112 1
47 1113 1
46 1113 1
45 1114 1
44 1115 1
43 1116 1
42 1116 1
41 1117 1
40 1117 1
39 1118 1
38 1119 1
37 1120 1
36 1120 1
35 1121 1
34 1122 1
33 1123 1
32 1123 1
31 1124 1
30 1125 1
29 1125 1
28 1126 1
27 1127 1
26 1128 1
25 1128 1
24 1129 1
23 1129 1
22 1129 1
21 1130 1
20 1130 1
19 1130 1
17 1132 1
16 1133 1
15 1134 1
14 1135 1
14 1136 1
13 1137 1
12 1138 1
11 1139 1
10 1140 1
10 1141 1
9 1142 1
8 1143 1
7 1144 1
6 1145 1
.PEN_UP
.PEN_DOWN
18 1129 1
18 1128 1
18 1127 1
18 1126 1
19 1125 1
19 1124 1
20 1123 1
20 1122 1
21 1121 1
21 1120 1
22 1119 1
22 1118 1
22 1117 1
22 1116 1
23 1115 1
24 1114 1
24 1113 1
24 1112 1
24 1111 1
25 1110 1
25 1109 1
25 1108 1
25 1107 1
25 1106 1
25 1105 1
26 1104 1
25 1103 1
25 1102 1
25 1101 1
24 1100 1
24 1099 1
23 1098 1
22 1097 1
21 1097 1
20 1096 1
19 1096 1
18 1096 1
17 1097 1
16 1097 1
15 1098 1
14 1098 1
13 1098 1
12 1099 1
11 1100 1
10 1101 1
9 1102 1
8 1103 1
7 1104 1
.PEN_UP
.PEN_DOWN
79 933 1
78 933 1
77 934 1
76 934 1
75 935 1
74 936 1
73 937 1
72 938 1
71 938 1
70 939 1
69 940 1
68 941 1
67 942 1
66 942 1
65 943 1
64 944 1
63 945 1
62 945 1
61 946 1
60 947 1
59 948 1
58 948 1
57 949 1
56 950 1
55 950 1
54 951 1
53 952 1
52 953 1
51 953 1
50 954 1
49 955 1
48 955 1
47 956 1
46 957 1
45 957 1
44 958 1
43 959 1
42 959 1
41 960 1
40 960 1
39 960 1
38 960 1
37 961 1
36 963 1
35 964 1
34 965 1
33 966 1
32 967 1
31 967 1
30 967 1
29 968 1
28 968 1
27 968 1
26 968 1
24 969 1
24 970 1
23 971 1
23 972 1
22 973 1
21 974 1
20 975 1
20 976 1
19 977 1
19 978 1
18 979 1
17 980 1
16 981 1
15 982 1
15 983 1
.PEN_UP
.PEN_DOWN
25 967 1
25 966 1
25 965 1
25 964 1
25 963 1
25 962 1
25 961 1
26 960 1
26 959 1
26 958 1
26 957 1
27 956 1
28 952 1
28 951 1
28 950 1
28 949 1
29 948 1
29 947 1
29 946 1
29 945 1
29 944 1
30 943 1
30 942 1
30 941 1
30 940 1
29 939 1
29 938 1
28 937 1
27 937 1
26 936 1
25 936 1
23 937 1
22 938 1
21 939 1
20 940 1
19 941 1
18 942 1
18 943 1
17 944 1
16 945 1
16 946 1
16 947 1
16 948 1
16 949 1
17 950 1
18 951 1
19 951 1
20 952 1
21 952 1
22 952 1
23 952 1
24 953 1
25 953 1
26 953 1
29 957 1
30 957 1
31 957 1
32 957 1
33 958 1
34 958 1
35 959 1
36 960 1
.PEN_UP
.PEN_DOWN
24 935 1
24 934 1
24 933 1
24 932 1
24 931 1
25 930 1
25 929 1
25 928 1
26 927 1
26 926 1
26 925 1
27 924 1
27 923 1
27 922 1
28 921 1
28 920 1
28 919 1
28 918 1
29 917 1
29 916 1
29 915 1
29 914 1
30 913 1
30 912 1
30 911 1
30 910 1
30 909 1
30 908 1
30 907 1
31 906 1
31 905 1
31 904 1
31 903 1
31 902 1
31 901 1
31 900 1
31 899 1
31 898 1
30 897 1
29 896 1
28 896 1
27 895 1
26 895 1
25 895 1
24 896 1
23 896 1
22 897 1
21 898 1
20 899 1
19 900 1
18 901 1
18 902 1
17 903 1
16 904 1
15 905 1
14 906 1
14 907 1
13 908 1
12 909 1
12 910 1
11 911 1
11 912 1
10 913 1
9 914 1
9 915 1
8 916 1
8 917 1
7 918 1
6 919 1
6 920 1
5 921 1
5 922 1
4 923 1
3 924 1
3 925 1
2 926 1
.PEN_UP
.PEN_DOWN
81 614 1
80 615 1
79 615 1
78 615 1
77 616 1
76 616 1
75 617 1
74 617 1
73 618 1
72 619 1
71 619 1
70 620 1
69 621 1
68 621 1
67 622 1
66 623 1
65 624 1
64 625 1
63 626 1
62 627 1
62 628 1
61 629 1
60 630 1
59 631 1
59 632 1
58 633 1
57 634 1
56 635 1
56 636 1
55 637 1
55 638 1
.PEN_UP
.PEN_DOWN
39 425 1
39 426 1
38 427 1
38 428 1
38 429 1
36 430 1
35 430 1
34 431 1
33 432 1
32 433 1
31 433 1
30 434 1
30 435 1
29 436 1
27 437 1
26 437 1
25 438 1
24 438 1
23 439 1
23 440 1
22 441 1
.PEN_UP
.PEN_DOWN
28 437 1
29 439 1
29 440 1
29 441 1
29 442 1
29 443 1
28 444 1
28 445 1
27 446 1
27 447 1
27 448 1
27 449 1
27 450 1
26 451 1
26 452 1
26 453 1
26 454 1
26 455 1
25 456 1
25 457 1
25 458 1
25 459 1
25 460 1
25 461 1
25 462 1
25 463 1
24 464 1
24 465 1
24 466 1
24 467 1
24 468 1
24 469 1
24 470 1
24 471 1
24 472 1
25 473 1
25 474 1
25 475 1
26 476 1
28 477 1
29 476 1
30 476 1
31 476 1
32 475 1
33 474 1
34 473 1
35 473 1
36 472 1
37 471 1
37 470 1
38 469 1
39 468 1
41 468 1
42 468 1
43 468 1
44 469 1
45 469 1
46 470 1
46 471 1
46 472 1
46 473 1
46 474 1
46 475 1
46 476 1
46 477 1
46 478 1
45 479 1
45 480 1
44 481 1
44 482 1
44 483 1
44 484 1
43 485 1
43 486 1
43 487 1
43 488 1
42 489 1
42 490 1
41 491 1
41 492 1
41 493 1
40 494 1
40 495 1
40 496 1
39 497 1
39 498 1
39 499 1
38 500 1
38 501 1
38 502 1
38 503 1
38 504 1
38 505 1
37 506 1
37 507 1
38 508 1
39 508 1
40 507 1
41 507 1
42 507 1
43 507 1
44 506 1
45 506 1
46 505 1
47 504 1
48 503 1
.PEN_UP
.PEN_DOWN
39 467 1
39 466 1
39 465 1
39 464 1
39 463 1
39 462 1
39 461 1
40 460 1
40 459 1
40 458 1
40 457 1
41 456 1
41 455 1
42 454 1
42 453 1
42 452 1
42 451 1
42 450 1
42 449 1
43 448 1
43 447 1
43 446 1
43 445 1
43 444 1
43 443 1
44 442 1
44 441 1
44 440 1
44 439 1
43 438 1
43 437 1
43 436 1
43 435 1
43 434 1
43 433 1
42 432 1
41 431 1
40 431 1
39 430 1
.PEN_UP
.PEN_DOWN
26 477 1
25 479 1
25 480 1
24 481 1
23 482 1
22 483 1
21 484 1
20 485 1
19 486 1
18 487 1
17 487 1
16 488 1
15 489 1
14 490 1
13 491 1
12 492 1
11 493 1
10 494 1
9 495 1
9 496 1
9 497 1
9 498 1
.PEN_UP
.PEN_DOWN
43 542 1
42 541 1
41 541 1
40 540 1
39 540 1
38 540 1
37 539 1
36 539 1
35 539 1
34 539 1
33 539 1
32 540 1
31 541 1
30 541 1
29 542 1
28 543 1
27 543 1
26 544 1
25 545 1
25 546 1
24 547 1
23 548 1
22 549 1
22 550 1
21 551 1
20 552 1
20 553 1
20 554 1
19 555 1
19 556 1
18 557 1
18 558 1
18 559 1
17 560 1
17 561 1
17 562 1
16 563 1
16 564 1
16 565 1
16 566 1
15 567 1
15 568 1
15 569 1
15 570 1
14 571 1
14 572 1
14 573 1
14 574 1
14 575 1
15 576 1
15 577 1
15 578 1
16 579 1
17 580 1
18 580 1
19 580 1
20 580 1
21 580 1
22 580 1
23 579 1
24 579 1
25 578 1
26 578 1
27 577 1
28 577 1
29 576 1
30 576 1
31 575 1
32 574 1
33 573 1
34 572 1
35 572 1
36 572 1
37 571 1
38 571 1
39 571 1
40 569 1
41 568 1
42 567 1
42 566 1
43 565 1
.PEN_UP
.PEN_DOWN
40 570 1
40 573 1
40 574 1
40 575 1
39 576 1
39 577 1
39 578 1
38 579 1
38 580 1
37 581 1
37 582 1
36 583 1
36 584 1
35 585 1
35 586 1
34 587 1
34 588 1
33 589 1
33 590 1
32 591 1
32 592 1
31 593 1
31 594 1
31 595 1
31 596 1
31 597 1
31 598 1
31 599 1
32 600 1
33 600 1
34 600 1
35 600 1
36 600 1
37 600 1
38 600 1
39 601 1
39 602 1
39 603 1
39 604 1
39 605 1
39 606 1
39 607 1
38 608 1
38 609 1
38 610 1
37 611 1
37 612 1
37 613 1
37 614 1
36 615 1
36 616 1
36 617 1
36 618 1
36 619 1
36 620 1
36 621 1
36 622 1
34 623 1
33 624 1
32 625 1
32 626 1
32 627 1
31 628 1
31 629 1
31 630 1
30 631 1
29 632 1
28 633 1
28 634 1
27 635 1
27 636 1
26 637 1
25 638 1
25 639 1
25 640 1
24 641 1
24 642 1
24 643 1
24 644 1
23 645 1
23 646 1
23 647 1
22 648 1
22 649 1
22 650 1
22 651 1
22 652 1
21 653 1
21 654 1
21 655 1
21 656 1
21 657 1
21 658 1
21 659 1
21 660 1
22 661 1
22 662 1
22 663 1
22 664 1
22 665 1
22 666 1
23 667 1
23 668 1
24 669 1
25 670 1
26 670 1
27 671 1
28 671 1
29 671 1
30 671 1
31 670 1
32 669 1
32 668 1
33 667 1
33 666 1
34 665 1
34 664 1
34 663 1
35 662 1
35 661 1
35 660 1
36 659 1
36 658 1
36 657 1
36 656 1
37 655 1
37 654 1
37 653 1
37 652 1
37 651 1
37 650 1
38 649 1
38 648 1
38 647 1
38 646 1
38 645 1
39 644 1
39 643 1
39 642 1
39 641 1
39 640 1
39 639 1
39 638 1
39 637 1
39 636 1
40 635 1
40 634 1
40 633 1
40 632 1
40 631 1
40 630 1
40 629 1
40 628 1
40 627 1
39 626 1
39 625 1
38 624 1
37 623 1
.PEN_UP
.PEN_DOWN
28 760 1
27 760 1
26 761 1
26 762 1
25 763 1
25 764 1
25 765 1
25 766 1
24 767 1
23 768 1
23 769 1
22 770 1
21 771 1
21 772 1
20 773 1
20 774 1
19 775 1
18 776 1
18 777 1
17 778 1
17 779 1
16 780 1
16 781 1
15 782 1
14 783 1
13 784 1
13 785 1
12 786 1
10 788 1
10 789 1
9 790 1
9 791 1
8 792 1
7 793 1
7 794 1
6 795 1
5 796 1
5 797 1
4 798 1
4 799 1
3 800 1
3 801 1
3 802 1
2 803 1
2 804 1
1 807 1
1 808 1
1 809 1
.PEN_UP
.PEN_DOWN
2 805 1
4 804 1
5 804 1
6 804 1
7 803 1
8 803 1
9 802 1
10 802 1
11 801 1
12 800 1
13 800 1
14 799 1
15 799 1
16 799 1
17 798 1
18 798 1
20 796 1
20 795 1
20 794 1
20 793 1
21 792 1
21 791 1
23 790 1
24 789 1
25 789 1
26 789 1
27 788 1
28 788 1
29 787 1
30 787 1
31 786 1
32 785 1
33 785 1
34 785 1
35 784 1
36 783 1
37 782 1
38 782 1
39 781 1
40 781 1
41 781 1
42 780 1
43 780 1
44 779 1
45 779 1
.PEN_UP
.PEN_DOWN
21 790 1
20 789 1
19 789 1
18 789 1
17 789 1
16 789 1
15 788 1
14 787 1
13 787 1
.PEN_UP
.PEN_DOWN
19 797 1
19 800 1
19 801 1
19 802 1
18 803 1
18 804 1
18 805 1
18 806 1
17 807 1
17 808 1
17 809 1
16 810 1
16 811 1
15 812 1
15 813 1
15 814 1
14 815 1
14 816 1
14 817 1
13 818 1
13 819 1
13 820 1
13 821 1
13 822 1
13 823 1
12 825 1
11 826 1
10 827 1
9 828 1
9 829 1
8 830 1
8 831 1
7 832 1
6 833 1
5 834 1
4 835 1
3 835 1
2 836 1
2 837 1
1 838 1
1 839 1
1 840 1
.PEN_UP
.PEN_DOWN
13 824 1
15 824 1
16 824 1
17 824 1
18 824 1
19 823 1
20 822 1
21 822 1
22 821 1
23 821 1
24 821 1
25 820 1
26 820 1
27 819 1
28 819 1
29 819 1
30 819 1
31 819 1
32 819 1
33 819 1
34 820 1
34 821 1
34 822 1
34 823 1
34 824 1
34 825 1
34 826 1
33 827 1
33 828 1
33 829 1
32 830 1
32 831 1
31 832 1
31 833 1
30 834 1
30 835 1
29 836 1
29 837 1
28 838 1
27 839 1
27 840 1
26 841 1
26 842 1
25 843 1
24 844 1
24 845 1
23 846 1
23 847 1
23 848 1
22 849 1
22 850 1
21 851 1
20 852 1
20 853 1
20 854 1
19 855 1
19 856 1
18 857 1
18 858 1
18 859 1
18 860 1
19 861 1
20 862 1
21 863 1
22 863 1
23 863 1
24 863 1
25 863 1
26 863 1
27 862 1
28 862 1
30 861 1
31 860 1
32 859 1
33 858 1
34 858 1
35 857 1
36 856 1
.PEN_UP
.PEN_DOWN
29 862 1
29 864 1
29 865 1
29 866 1
28 867 1
28 868 1
28 869 1
28 870 1
27 871 1
26 872 1
26 873 1
25 874 1
25 875 1
24 876 1
23 877 1
23 878 1
22 879 1
21 880 1
20 881 1
19 882 1
18 882 1
17 883 1
16 884 1
.PEN_UP
.PEN_DOWN
40 1178 1
39 1178 1
38 1178 1
37 1178 1
36 1177 1
35 1177 1
34 1177 1
33 1178 1
32 1178 1
31 1178 1
30 1178 1
29 1179 1
28 1179 1
27 1179 1
25 1180 1
24 1181 1
23 1182 1
22 1183 1
21 1184 1
20 1185 1
19 1186 1
18 1186 1
17 1186 1
16 1187 1
15 1188 1
14 1188 1
13 1188 1
12 1188 1
11 1188 1
10 1188 1
9 1187 1
8 1186 1
7 1185 1
7 1184 1
7 1183 1
7 1182 1
7 1181 1
7 1180 1
8 1179 1
8 1178 1
8 1177 1
9 1176 1
9 1175 1
9 1174 1
10 1173 1
10 1172 1
10 1171 1
10 1170 1
10 1169 1
10 1168 1
11 1167 1
12 1166 1
12 1165 1
13 1164 1
14 1163 1
14 1162 1
15 1161 1
16 1160 1
17 1159 1
18 1158 1
19 1157 1
20 1156 1
21 1155 1
22 1154 1
23 1153 1
24 1152 1
25 1152 1
26 1151 1
27 1151 1
28 1151 1
29 1151 1
30 1151 1
31 1152 1
32 1153 1
32 1154 1
32 1155 1
32 1156 1
32 1157 1
32 1158 1
31 1159 1
31 1160 1
31 1161 1
31 1162 1
31 1163 1
30 1164 1
30 1165 1
30 1166 1
30 1167 1
29 1168 1
28 1169 1
28 1170 1
28 1171 1
27 1172 1
26 1173 1
26 1174 1
26 1175 1
26 1176 1
26 1177 1
26 1178 1
.PEN_UP
.PEN_DOWN
8 1228 1
9 1227 1
9 1226 1
9 1225 1
10 1224 1
11 1223 1
12 1223 1
13 1222 1
14 1221 1
15 1220 1
16 1219 1
17 1218 1
18 1217 1
19 1216 1
20 1216 1
21 1215 1
22 1214 1
23 1213 1
24 1213 1
25 1212 1
26 1212 1
27 1211 1
28 1211 1
29 1211 1
30 1211 1
31 1211 1
32 1212 1
33 1213 1
33 1214 1
33 1215 1
32 1216 1
32 1217 1
32 1218 1
32 1219 1
31 1220 1
31 1221 1
31 1222 1
30 1223 1
30 1224 1
30 1225 1
29 1226 1
29 1227 1
28 1228 1
28 1229 1
27 1230 1
27 1231 1
26 1232 1
26 1233 1
26 1234 1
25 1235 1
24 1235 1
23 1235 1
22 1236 1
21 1236 1
20 1237 1
19 1238 1
18 1239 1
17 1239 1
16 1240 1
.PEN_UP
.PEN_DOWN
26 1236 1
27 1237 1
28 1238 1
29 1239 1
29 1240 1
30 1241 1
30 1242 1
30 1243 1
30 1244 1
31 1245 1
31 1246 1
30 1247 1
30 1248 1
29 1249 1
28 1250 1
27 1250 1
26 1251 1
25 1251 1
24 1252 1
23 1252 1
22 1252 1
21 1253 1
21 1254 1
21 1255 1
21 1256 1
21 1257 1
21 1258 1
21 1259 1
21 1260 1
22 1261 1
22 1262 1
22 1263 1
22 1264 1
22 1265 1
22 1266 1
22 1267 1
21 1268 1
20 1269 1
19 1270 1
.PEN_UP
.PEN_DOWN
29 1275 1
29 1276 1
29 1277 1
28 1278 1
28 1279 1
28 1280 1
27 1281 1
27 1282 1
27 1283 1
27 1284 1
27 1285 1
27 1286 1
26 1288 1
26 1289 1
25 1290 1
24 1291 1
23 1292 1
23 1293 1
22 1294 1
21 1295 1
20 1296 1
20 1297 1
19 1298 1
18 1299 1
18 1300 1
17 1301 1
16 1302 1
15 1303 1
13 1304 1
12 1305 1
11 1305 1
10 1305 1
9 1306 1
8 1307 1
7 1308 1
6 1309 1
5 1310 1
4 1311 1
3 1312 1
2 1313 1
2 1314 1
2 1315 1
2 1316 1
2 1317 1
4 1318 1
5 1317 1
6 1317 1
7 1317 1
8 1317 1
9 1316 1
10 1315 1
10 1314 1
11 1313 1
12 1312 1
13 1311 1
14 1310 1
14 1309 1
14 1308 1
15 1307 1
15 1306 1
15 1305 1
.PEN_UP
.PEN_DOWN
27 1287 1
29 1287 1
30 1287 1
31 1287 1
32 1287 1
33 1287 1
34 1286 1
35 1287 1
36 1287 1
37 1288 1
38 1289 1
38 1290 1
38 1291 1
38 1292 1
38 1293 1
38 1294 1
38 1295 1
38 1296 1
38 1297 1
38 1298 1
38 1299 1
37 1300 1
37 1301 1
37 1302 1
37 1303 1
36 1304 1
36 1305 1
36 1306 1
36 1307 1
35 1308 1
35 1309 1
35 1310 1
34 1311 1
34 1312 1
34 1313 1
33 1314 1
33 1315 1
32 1316 1
32 1317 1
31 1318 1
.PEN_UP
.PEN_DOWN
41 1415 1
40 1415 1
39 1416 1
38 1417 1
37 1417 1
36 1417 1
35 1418 1
34 1419 1
33 1420 1
32 1421 1
31 1421 1
30 1422 1
29 1423 1
28 1424 1
27 1425 1
26 1426 1
26 1427 1
25 1428 1
24 1429 1
23 1430 1
22 1431 1
22 1432 1
21 1433 1
20 1434 1
19 1435 1
19 1436 1
18 1437 1
16 1438 1
15 1438 1
14 1438 1
13 1439 1
12 1439 1
11 1440 1
10 1441 1
9 1442 1
8 1442 1
7 1443 1
6 1444 1
5 1445 1
4 1445 1
3 1446 1
2 1447 1
1 1448 1
.PEN_UP
.PEN_DOWN
17 1438 1
18 1440 1
18 1441 1
18 1442 1
17 1443 1
17 1444 1
17 1445 1
17 1446 1
17 1447 1
17 1448 1
17 1449 1
17 1450 1
17 1451 1
17 1452 1
17 1453 1
18 1454 1
19 1453 1
20 1453 1
21 1452 1
22 1452 1
23 1452 1
24 1451 1
25 1450 1
26 1450 1
27 1449 1
28 1448 1
29 1447 1
30 1447 1
31 1447 1
32 1447 1
33 1447 1
34 1446 1
35 1447 1
36 1447 1
37 1448 1
37 1449 1
38 1450 1
38 1451 1
38 1452 1
38 1453 1
38 1454 1
38 1455 1
38 1456 1
38 1457 1
38 1458 1
37 1459 1
37 1460 1
37 1461 1
37 1462 1
36 1463 1
36 1464 1
36 1465 1
36 1466 1
35 1467 1
35 1468 1
35 1469 1
34 1470 1
34 1471 1
34 1472 1
33 1473 1
33 1474 1
32 1475 1
32 1476 1
31 1477 1
31 1478 1
30 1479 1
30 1480 1
29 1481 1
29 1482 1
28 1483 1
28 1484 1
27 1485 1
26 1486 1
25 1487 1
24 1488 1
23 1489 1
22 1490 1
21 1491 1
20 1491 1
19 1491 1
18 1492 1
17 1492 1
16 1491 1
15 1491 1
14 1491 1
13 1490 1
13 1489 1
12 1488 1
11 1487 1
11 1486 1
11 1485 1
11 1484 1
11 1483 1
11 1482 1
11 1481 1
12 1480 1
12 1479 1
12 1478 1
12 1477 1
13 1476 1
13 1475 1
13 1474 1
13 1473 1
13 1472 1
14 1471 1
14 1470 1
14 1469 1
14 1468 1
14 1467 1
15 1466 1
15 1465 1
15 1464 1
15 1463 1
15 1462 1
16 1461 1
16 1460 1
16 1459 1
16 1458 1
17 1457 1
17 1456 1
17 1455 1
.PEN_UP
.PEN_DOWN
44 1500 1
43 1501 1
41 1501 1
40 1502 1
39 1502 1
38 1502 1
37 1503 1
36 1503 1
35 1504 1
34 1505 1
34 1506 1
33 1507 1
32 1508 1
31 1508 1
30 1509 1
29 1510 1
28 1511 1
27 1512 1
26 1513 1
25 1514 1
24 1515 1
23 1516 1
22 1517 1
21 1517 1
20 1518 1
19 1519 1
18 1520 1
17 1520 1
16 1521 1
15 1522 1
14 1522 1
13 1523 1
12 1524 1
11 1525 1
10 1525 1
9 1526 1
8 1526 1
7 1526 1
6 1526 1
5 1527 1
4 1528 1
.PEN_UP
.PEN_DOWN
42 1501 1
42 1503 1
42 1504 1
42 1505 1
42 1506 1
41 1507 1
41 1508 1
41 1509 1
41 1510 1
40 1511 1
39 1512 1
39 1513 1
39 1514 1
38 1515 1
37 1516 1
37 1517 1
36 1518 1
35 1519 1
35 1520 1
34 1521 1
33 1522 1
32 1523 1
32 1524 1
32 1525 1
31 1526 1
30 1527 1
30 1528 1
29 1529 1
29 1530 1
29 1531 1
29 1532 1
28 1533 1
28 1534 1
27 1535 1
26 1536 1
25 1537 1
24 1538 1
23 1539 1
22 1540 1
21 1541 1
21 1542 1
20 1543 1
19 1544 1
.PEN_UP
.PEN_DOWN
29 1535 1
30 1535 1
31 1535 1
32 1536 1
33 1537 1
34 1538 1
35 1539 1
35 1540 1
36 1541 1
36 1542 1
36 1543 1
37 1544 1
37 1545 1
37 1546 1
37 1547 1
38 1548 1
38 1549 1
38 1550 1
38 1551 1
38 1552 1
38 1553 1
38 1554 1
37 1555 1
37 1556 1
37 1557 1
37 1558 1
36 1559 1
36 1560 1
36 1561 1
36 1562 1
35 1563 1
35 1564 1
33 1565 1
32 1565 1
31 1565 1
30 1566 1
29 1566 1
28 1567 1
27 1567 1
26 1568 1
25 1569 1
24 1570 1
23 1571 1
.PEN_UP
.PEN_DOWN
34 1565 1
37 1566 1
37 1567 1
37 1568 1
37 1569 1
37 1570 1
37 1571 1
37 1572 1
37 1573 1
37 1574 1
37 1575 1
37 1576 1
37 1577 1
36 1578 1
36 1579 1
36 1580 1
36 1581 1
36 1582 1
36 1583 1
35 1584 1
35 1585 1
35 1586 1
35 1587 1
34 1588 1
34 1589 1
34 1590 1
34 1591 1
34 1592 1
33 1593 1
31 1593 1
30 1592 1
29 1591 1
28 1591 1
27 1591 1
26 1592 1
25 1592 1
24 1593 1
23 1594 1
22 1595 1
22 1596 1
22 1597 1
21 1598 1
20 1599 1
20 1600 1
19 1601 1
19 1602 1
19 1603 1
18 1604 1
18 1605 1
18 1606 1
18 1607 1
17 1608 1
17 1609 1
17 1610 1
16 1611 1
16 1612 1
16 1613 1
16 1614 1
16 1615 1
16 1616 1
15 1617 1
15 1618 1
15 1619 1
16 1620 1
16 1621 1
16 1622 1
16 1623 1
16 1624 1
16 1625 1
15 1626 1
16 1627 1
16 1628 1
16 1629 1
16 1630 1
16 1631 1
16 1632 1
16 1633 1
17 1634 1
17 1635 1
17 1636 1
18 1637 1
18 1638 1
19 1639 1
20 1640 1
21 1641 1
22 1641 1
23 1641 1
24 1642 1
25 1642 1
26 1642 1
27 1641 1
28 1640 1
28 1639 1
29 1638 1
29 1637 1
30 1636 1
31 1635 1
31 1634 1
32 1633 1
32 1632 1
33 1631 1
34 1630 1
34 1629 1
34 1628 1
36 1627 1
37 1627 1
38 1626 1
39 1626 1
40 1625 1
41 1625 1
42 1624 1
.PEN_UP
.PEN_DOWN
34 1627 1
34 1625 1
34 1624 1
34 1623 1
34 1622 1
34 1621 1
34 1620 1
34 1619 1
35 1618 1
35 1617 1
35 1616 1
35 1615 1
35 1614 1
35 1613 1
35 1612 1
36 1611 1
36 1610 1
36 1609 1
36 1608 1
36 1607 1
36 1606 1
36 1605 1
36 1604 1
36 1603 1
36 1602 1
36 1601 1
36 1600 1
36 1599 1
36 1598 1
35 1597 1
35 1596 1
34 1595 1
33 1594 1
.PEN_UP
.PEN_DOWN
37 1645 1
37 1646 1
36 1647 1
36 1648 1
35 1649 1
34 1650 1
33 1651 1
33 1652 1
32 1653 1
31 1654 1
30 1655 1
29 1656 1
29 1657 1
28 1658 1
27 1659 1
27 1660 1
26 1661 1
25 1662 1
25 1663 1
24 1664 1
23 1665 1
23 1666 1
22 1667 1
21 1668 1
21 1669 1
20 1670 1
20 1671 1
20 1672 1
20 1673 1
19 1674 1
19 1675 1
19 1676 1
18 1677 1
18 1678 1
17 1679 1
17 1680 1
17 1681 1
17 1682 1
17 1683 1
17 1684 1
17 1685 1
18 1686 1
19 1687 1
20 1688 1
20 1690 1
20 1691 1
20 1692 1
20 1693 1
20 1694 1
19 1695 1
19 1696 1
19 1697 1
18 1698 1
18 1699 1
18 1700 1
17 1701 1
17 1702 1
17 1703 1
17 1704 1
17 1705 1
17 1706 1
17 1707 1
16 1708 1
16 1709 1
16 1710 1
16 1711 1
16 1712 1
16 1713 1
16 1714 1
16 1715 1
17 1716 1
17 1717 1
17 1718 1
17 1719 1
17 1720 1
17 1721 1
17 1722 1
18 1723 1
18 1724 1
18 1725 1
18 1726 1
19 1727 1
19 1728 1
20 1729 1
21 1730 1
22 1731 1
23 1731 1
24 1731 1
25 1731 1
26 1731 1
27 1730 1
28 1729 1
29 1728 1
29 1727 1
29 1726 1
29 1725 1
30 1724 1
30 1723 1
31 1722 1
31 1721 1
31 1720 1
31 1719 1
32 1718 1
32 1717 1
32 1716 1
32 1715 1
33 1714 1
33 1713 1
33 1712 1
33 1711 1
33 1710 1
33 1709 1
33 1708 1
34 1707 1
34 1706 1
34 1705 1
34 1704 1
34 1703 1
34 1702 1
34 1701 1
34 1700 1
34 1699 1
33 1698 1
33 1697 1
32 1696 1
31 1696 1
30 1696 1
29 1696 1
28 1697 1
27 1698 1
26 1699 1
26 1700 1
25 1701 1
25 1702 1
24 1703 1
24 1704 1
24 1705 1
23 1706 1
23 1707 1
23 1708 1
.PEN_UP
.PEN_DOWN
31 1736 1
30 1737 1
29 1738 1
28 1738 1
27 1739 1
26 1740 1
25 1740 1
24 1741 1
23 1742 1
22 1742 1
21 1743 1
20 1743 1
19 1744 1
18 1745 1
17 1746 1
16 1746 1
15 1747 1
14 1748 1
13 1748 1
12 1749 1
11 1750 1
10 1750 1
9 1751 1
8 1751 1
7 1752 1
6 1752 1
5 1753 1
4 1754 1
3 1754 1
2 1755 1
1 1756 1
.PEN_UP
