.PEN_DOWN
70 1 1
70 2 1
70 3 1
70 4 1
69 5 1
69 6 1
69 7 1
68 8 1
68 9 1
68 10 1
67 11 1
67 12 1
67 13 1
66 14 1
66 15 1
66 16 1
66 17 1
66 18 1
66 19 1
66 20 1
65 22 1
64 23 1
63 24 1
63 25 1
62 26 1
61 27 1
60 28 1
59 29 1
58 30 1
58 31 1
57 32 1
57 33 1
56 34 1
55 35 1
55 36 1
53 37 1
52 37 1
51 38 1
50 38 1
49 39 1
48 40 1
47 41 1
46 42 1
45 43 1
44 44 1
44 45 1
43 46 1
42 47 1
41 48 1
40 49 1
39 50 1
38 51 1
37 52 1
36 53 1
35 54 1
34 55 1
33 56 1
32 57 1
31 58 1
31 59 1
30 60 1
29 61 1
28 62 1
27 63 1
26 64 1
25 65 1
24 66 1
23 67 1
23 68 1
22 69 1
21 70 1
20 71 1
19 72 1
18 73 1
18 74 1
17 75 1
16 76 1
15 77 1
14 78 1
14 79 1
13 80 1
13 81 1
12 82 1
11 83 1
10 84 1
10 85 1
9 86 1
8 87 1
7 88 1
7 89 1
6 90 1
6 91 1
5 92 1
4 93 1
3 94 1
3 95 1
2 96 1
2 97 1
2 98 1
1 99 1
1 100 1
1 101 1
1 102 1
2 103 1
2 104 1
3 105 1
4 106 1
5 106 1
6 106 1
7 106 1
8 105 1
9 104 1
10 103 1
11 102 1
12 101 1
13 100 1
14 99 1
15 98 1
16 97 1
17 96 1
18 95 1
19 94 1
20 93 1
21 93 1
22 92 1
23 91 1
23 90 1
24 89 1
25 88 1
26 87 1
27 86 1
27 85 1
28 84 1
29 83 1
30 82 1
31 81 1
32 80 1
32 79 1
33 78 1
34 77 1
34 76 1
35 75 1
36 74 1
37 73 1
37 72 1
38 71 1
39 70 1
39 69 1
40 68 1
41 67 1
41 66 1
42 65 1
42 64 1
43 63 1
44 62 1
44 61 1
45 60 1
46 59 1
46 58 1
47 57 1
48 56 1
48 55 1
49 54 1
49 53 1
50 52 1
50 51 1
51 50 1
51 49 1
52 48 1
52 47 1
53 46 1
53 45 1
54 44 1
54 43 1
54 42 1
55 41 1
55 40 1
55 39 1
55 38 1
.PEN_UP
.PEN_DOWN
66 21 1
68 20 1
69 20 1
70 20 1
71 20 1
72 20 1
73 20 1
74 20 1
75 20 1
76 21 1
76 22 1
76 23 1
76 24 1
76 25 1
76 26 1
76 27 1
76 28 1
75 29 1
75 30 1
75 31 1
75 32 1
74 33 1
74 34 1
74 35 1
73 36 1
73 37 1
73 38 1
72 39 1
72 40 1
72 41 1
71 42 1
71 43 1
70 44 1
70 45 1
70 46 1
70 47 1
70 48 1
70 49 1
70 50 1
69 52 1
68 53 1
68 54 1
67 55 1
66 56 1
66 57 1
65 58 1
64 59 1
64 60 1
63 61 1
63 62 1
62 63 1
61 64 1
60 65 1
60 66 1
59 67 1
58 68 1
58 69 1
57 70 1
.PEN_UP
.PEN_DOWN
70 51 1
72 51 1
73 51 1
74 51 1
75 52 1
76 53 1
76 54 1
76 55 1
76 56 1
76 57 1
76 58 1
76 59 1
76 60 1
75 61 1
75 62 1
75 63 1
75 64 1
75 65 1
75 66 1
74 67 1
74 68 1
74 69 1
74 70 1
73 71 1
73 72 1
73 73 1
72 74 1
72 75 1
72 76 1
72 77 1
72 78 1
71 79 1
71 80 1
71 81 1
70 82 1
70 83 1
70 84 1
69 85 1
68 86 1
.PEN_UP
.PEN_DOWN
70 98 1
69 99 1
68 100 1
67 101 1
66 102 1
65 103 1
65 104 1
64 105 1
63 106 1
62 106 1
61 107 1
60 107 1
59 108 1
58 109 1
57 110 1
56 111 1
55 112 1
54 113 1
53 114 1
52 115 1
51 115 1
50 116 1
49 117 1
48 118 1
47 119 1
46 120 1
45 121 1
44 122 1
43 123 1
42 124 1
41 125 1
40 126 1
39 127 1
38 127 1
37 128 1
36 129 1
35 130 1
34 131 1
33 132 1
32 133 1
31 134 1
30 135 1
29 136 1
28 136 1
27 137 1
26 138 1
25 139 1
24 140 1
23 141 1
22 142 1
21 142 1
20 143 1
19 144 1
18 145 1
17 146 1
16 146 1
15 147 1
14 148 1
13 148 1
12 149 1
11 149 1
.PEN_UP
.PEN_DOWN
12 124 1
13 124 1
14 124 1
15 124 1
16 125 1
.PEN_UP
.PEN_DOWN
77 109 1
76 110 1
76 111 1
75 112 1
74 113 1
73 114 1
72 115 1
71 116 1
70 117 1
69 118 1
68 119 1
67 120 1
66 121 1
66 122 1
65 123 1
65 124 1
65 125 1
65 126 1
64 127 1
64 128 1
62 129 1
61 129 1
60 130 1
59 130 1
58 131 1
57 132 1
56 133 1
55 134 1
54 135 1
53 136 1
52 137 1
51 138 1
50 139 1
49 140 1
48 141 1
47 142 1
46 143 1
45 144 1
44 145 1
43 146 1
42 147 1
41 148 1
40 149 1
39 150 1
38 151 1
37 152 1
36 153 1
35 154 1
34 155 1
33 156 1
32 157 1
31 158 1
30 159 1
29 160 1
28 161 1
27 162 1
26 163 1
25 163 1
24 164 1
23 165 1
22 166 1
21 167 1
20 168 1
19 169 1
18 170 1
17 171 1
16 172 1
15 173 1
14 174 1
13 175 1
12 175 1
11 176 1
10 176 1
9 177 1
.PEN_UP
.PEN_DOWN
63 129 1
64 131 1
64 132 1
64 133 1
64 134 1
64 135 1
63 136 1
63 137 1
63 138 1
62 139 1
62 140 1
61 141 1
61 142 1
61 143 1
60 144 1
60 145 1
60 146 1
59 147 1
59 148 1
59 149 1
59 150 1
59 151 1
59 152 1
59 153 1
57 155 1
57 156 1
56 157 1
55 158 1
54 159 1
53 160 1
52 161 1
51 162 1
50 163 1
50 164 1
49 165 1
49 166 1
48 167 1
47 168 1
46 169 1
46 170 1
45 171 1
44 172 1
43 173 1
41 174 1
40 174 1
39 175 1
38 175 1
37 176 1
36 177 1
35 178 1
34 179 1
33 180 1
32 181 1
31 182 1
30 183 1
29 184 1
28 185 1
27 186 1
26 187 1
25 188 1
24 189 1
23 190 1
23 191 1
22 192 1
21 193 1
20 194 1
19 195 1
18 196 1
17 197 1
17 198 1
16 199 1
15 200 1
14 201 1
13 202 1
13 203 1
12 204 1
11 205 1
10 206 1
10 207 1
9 208 1
9 209 1
9 210 1
9 211 1
10 212 1
11 213 1
12 213 1
13 213 1
14 212 1
15 212 1
16 211 1
17 210 1
18 209 1
19 208 1
20 207 1
21 207 1
22 206 1
23 205 1
23 204 1
24 203 1
25 202 1
26 202 1
27 201 1
28 200 1
28 199 1
29 198 1
30 197 1
31 196 1
32 195 1
32 194 1
33 193 1
34 192 1
35 191 1
36 190 1
36 189 1
37 188 1
38 187 1
38 186 1
39 185 1
40 184 1
40 183 1
41 182 1
42 181 1
42 180 1
42 179 1
42 178 1
43 177 1
43 176 1
43 175 1
.PEN_UP
.PEN_DOWN
58 154 1
61 154 1
62 154 1
63 154 1
64 154 1
65 155 1
65 156 1
66 157 1
66 158 1
66 159 1
66 160 1
66 161 1
66 162 1
66 163 1
65 164 1
65 165 1
65 166 1
65 167 1
65 168 1
65 169 1
65 170 1
65 171 1
66 172 1
65 174 1
64 175 1
63 176 1
63 177 1
62 178 1
61 179 1
60 180 1
60 181 1
59 182 1
59 183 1
58 184 1
57 185 1
57 186 1
56 187 1
54 188 1
53 189 1
52 189 1
51 189 1
50 190 1
49 191 1
49 192 1
48 193 1
48 194 1
48 195 1
48 196 1
48 197 1
47 198 1
47 199 1
48 200 1
49 199 1
50 199 1
51 199 1
52 198 1
53 198 1
54 197 1
55 196 1
55 195 1
55 194 1
56 193 1
56 192 1
56 191 1
56 190 1
56 189 1
.PEN_UP
