.PEN_DOWN
72 1 1
71 2 1
70 3 1
69 3 1
68 4 1
67 4 1
66 5 1
65 5 1
64 6 1
63 6 1
62 7 1
61 7 1
60 7 1
59 8 1
58 9 1
57 9 1
56 10 1
55 10 1
54 11 1
53 11 1
52 12 1
51 11 1
50 11 1
49 11 1
48 11 1
47 11 1
46 12 1
45 12 1
44 13 1
43 13 1
42 13 1
41 14 1
40 15 1
39 15 1
38 16 1
37 17 1
36 17 1
35 18 1
34 18 1
33 19 1
32 20 1
31 21 1
30 21 1
29 22 1
29 23 1
28 24 1
28 25 1
28 26 1
27 27 1
26 29 1
25 30 1
24 30 1
23 31 1
22 32 1
22 33 1
21 34 1
21 35 1
21 36 1
21 37 1
21 38 1
21 39 1
22 40 1
23 40 1
24 41 1
25 41 1
26 41 1
27 41 1
28 40 1
29 40 1
30 40 1
31 40 1
32 39 1
33 39 1
34 39 1
35 39 1
37 37 1
37 36 1
38 35 1
39 34 1
39 33 1
40 32 1
40 31 1
40 30 1
41 29 1
41 28 1
41 27 1
43 25 1
44 24 1
45 23 1
46 22 1
47 21 1
48 20 1
49 19 1
49 18 1
50 17 1
50 16 1
51 15 1
51 14 1
52 13 1
.PEN_UP
.PEN_DOWN
40 26 1
39 26 1
38 26 1
37 26 1
36 26 1
35 26 1
34 27 1
33 27 1
32 27 1
31 27 1
30 28 1
29 28 1
28 28 1
.PEN_UP
.PEN_DOWN
36 38 1
36 41 1
36 42 1
36 43 1
36 44 1
36 45 1
35 46 1
35 47 1
35 48 1
34 49 1
34 50 1
34 51 1
34 52 1
34 53 1
34 54 1
33 56 1
32 57 1
31 58 1
30 58 1
29 59 1
28 60 1
27 61 1
26 62 1
25 63 1
23 64 1
22 64 1
21 64 1
20 65 1
19 65 1
18 66 1
17 67 1
16 67 1
15 68 1
14 69 1
13 70 1
12 70 1
11 71 1
10 72 1
10 73 1
9 74 1
8 75 1
7 76 1
6 77 1
5 78 1
4 79 1
3 80 1
2 81 1
2 82 1
1 83 1
1 84 1
1 85 1
1 86 1
2 87 1
3 86 1
4 86 1
5 86 1
6 86 1
7 85 1
8 85 1
9 84 1
10 84 1
11 83 1
12 82 1
13 82 1
14 81 1
15 80 1
16 79 1
17 78 1
18 77 1
19 76 1
20 75 1
20 74 1
21 73 1
22 72 1
23 71 1
24 70 1
24 69 1
24 68 1
24 67 1
25 66 1
25 65 1
25 64 1
.PEN_UP
.PEN_DOWN
34 55 1
36 55 1
37 55 1
38 55 1
39 55 1
40 55 1
41 55 1
42 55 1
43 56 1
44 57 1
45 58 1
46 59 1
46 60 1
46 61 1
47 62 1
47 63 1
47 64 1
47 65 1
47 66 1
47 67 1
47 68 1
46 69 1
46 70 1
46 71 1
46 72 1
46 73 1
46 74 1
45 75 1
45 76 1
45 77 1
45 78 1
45 79 1
44 80 1
44 81 1
44 82 1
43 83 1
43 84 1
42 85 1
41 86 1
41 87 1
40 88 1
38 88 1
37 88 1
36 88 1
35 88 1
34 88 1
33 89 1
32 89 1
31 90 1
30 91 1
29 92 1
28 93 1
27 94 1
26 95 1
25 96 1
24 97 1
24 98 1
24 99 1
23 100 1
23 101 1
23 102 1
25 103 1
26 103 1
27 102 1
28 102 1
29 102 1
30 101 1
31 100 1
32 99 1
33 98 1
34 97 1
35 96 1
36 96 1
37 95 1
38 95 1
39 97 1
39 98 1
38 99 1
38 100 1
38 101 1
38 102 1
37 103 1
37 104 1
37 105 1
36 107 1
35 108 1
34 109 1
.PEN_UP
.PEN_DOWN
37 106 1
39 106 1
40 105 1
41 105 1
42 105 1
43 105 1
44 105 1
45 105 1
46 106 1
46 107 1
47 108 1
47 109 1
.PEN_UP
.PEN_DOWN
26 145 1
27 144 1
28 143 1
29 142 1
30 141 1
31 140 1
32 139 1
33 138 1
34 137 1
35 136 1
36 135 1
37 134 1
38 134 1
39 133 1
40 132 1
41 132 1
42 131 1
43 131 1
44 131 1
45 132 1
46 133 1
47 134 1
47 135 1
47 136 1
47 137 1
47 138 1
47 139 1
47 140 1
47 141 1
46 142 1
46 143 1
46 144 1
46 145 1
46 146 1
46 147 1
46 148 1
45 149 1
45 150 1
45 151 1
45 152 1
44 153 1
42 155 1
41 155 1
40 156 1
39 159 1
39 160 1
39 161 1
39 162 1
38 163 1
38 164 1
37 165 1
36 166 1
35 167 1
34 168 1
33 169 1
32 169 1
31 169 1
30 169 1
29 169 1
28 168 1
28 167 1
28 166 1
28 165 1
29 164 1
29 163 1
30 162 1
31 161 1
32 160 1
33 159 1
34 158 1
35 157 1
36 157 1
37 157 1
38 157 1
39 157 1
.PEN_UP
.PEN_DOWN
43 154 1
46 155 1
47 155 1
48 156 1
49 157 1
49 158 1
50 159 1
50 160 1
50 161 1
50 162 1
50 163 1
50 164 1
50 165 1
50 166 1
50 167 1
50 168 1
50 169 1
50 170 1
50 171 1
50 172 1
50 173 1
50 174 1
50 175 1
49 176 1
49 177 1
49 178 1
.PEN_UP
