.PEN_DOWN
24 31 1
24 32 1
25 33 1
25 34 1
25 35 1
25 36 1
25 37 1
26 38 1
28 39 1
29 39 1
30 39 1
31 39 1
32 39 1
33 39 1
34 39 1
35 39 1
36 38 1
39 37 1
40 37 1
41 37 1
42 37 1
43 37 1
44 37 1
45 37 1
46 37 1
47 37 1
48 37 1
49 37 1
50 37 1
.PEN_UP
.PEN_DOWN
37 37 1
37 40 1
37 41 1
37 42 1
37 43 1
37 44 1
38 45 1
38 46 1
.PEN_UP
.PEN_DOWN
37 36 1
37 35 1
37 34 1
37 33 1
.PEN_UP
.PEN_DOWN
26 39 1
25 40 1
24 41 1
23 41 1
22 42 1
21 42 1
20 43 1
19 44 1
18 45 1
17 45 1
16 46 1
15 47 1
14 47 1
13 47 1
12 48 1
11 48 1
10 49 1
9 50 1
8 50 1
7 50 1
6 51 1
5 51 1
4 51 1
3 51 1
2 52 1
1 52 1
.PEN_UP
