.PEN_DOWN
13 85 1
14 85 1
15 86 1
16 86 1
17 86 1
18 86 1
19 86 1
20 86 1
21 86 1
22 86 1
23 86 1
24 86 1
25 86 1
27 88 1
28 88 1
29 89 1
30 89 1
31 90 1
32 90 1
33 91 1
34 91 1
35 91 1
36 91 1
37 92 1
38 93 1
39 94 1
40 95 1
41 96 1
42 97 1
.PEN_UP
.PEN_DOWN
26 85 1
26 84 1
27 83 1
28 82 1
28 81 1
29 80 1
30 80 1
31 79 1
32 78 1
33 78 1
34 78 1
35 77 1
36 76 1
37 76 1
38 75 1
38 74 1
39 73 1
39 72 1
40 71 1
40 70 1
39 69 1
39 68 1
38 67 1
37 66 1
36 66 1
35 65 1
34 65 1
33 65 1
32 65 1
31 65 1
30 65 1
29 65 1
28 64 1
27 64 1
26 64 1
25 64 1
24 64 1
23 63 1
22 63 1
21 63 1
20 62 1
19 62 1
18 62 1
17 62 1
16 62 1
15 61 1
14 61 1
13 60 1
12 60 1
11 59 1
10 58 1
9 57 1
9 56 1
9 55 1
8 54 1
8 53 1
8 52 1
7 51 1
7 50 1
7 49 1
7 48 1
7 47 1
7 46 1
7 45 1
7 44 1
7 43 1
6 42 1
6 41 1
6 40 1
6 39 1
6 38 1
6 37 1
7 36 1
6 35 1
6 34 1
6 33 1
6 32 1
6 31 1
5 30 1
5 29 1
4 28 1
4 27 1
3 26 1
3 25 1
2 24 1
2 23 1
1 22 1
1 21 1
1 20 1
1 19 1
1 18 1
1 17 1
1 16 1
2 15 1
2 14 1
2 13 1
3 12 1
4 11 1
5 10 1
6 9 1
7 8 1
8 7 1
9 6 1
10 5 1
11 4 1
12 4 1
13 3 1
14 3 1
15 2 1
16 2 1
17 1 1
18 1 1
19 1 1
20 1 1
21 1 1
22 1 1
23 1 1
24 1 1
25 1 1
26 1 1
27 1 1
28 1 1
29 1 1
30 1 1
31 1 1
32 1 1
33 1 1
34 1 1
35 1 1
36 2 1
37 2 1
38 2 1
39 2 1
40 3 1
41 3 1
42 4 1
43 5 1
44 6 1
45 7 1
46 8 1
46 9 1
47 10 1
48 11 1
48 12 1
48 13 1
49 14 1
49 15 1
50 16 1
50 17 1
50 18 1
50 19 1
50 20 1
50 21 1
50 22 1
50 23 1
50 24 1
49 25 1
49 26 1
49 27 1
48 28 1
48 29 1
48 30 1
47 31 1
47 32 1
46 33 1
46 34 1
45 35 1
44 36 1
43 37 1
42 38 1
41 39 1
40 40 1
39 41 1
38 41 1
37 41 1
36 42 1
35 42 1
34 43 1
33 43 1
32 43 1
31 43 1
30 43 1
29 43 1
28 43 1
27 43 1
26 43 1
25 43 1
24 43 1
23 42 1
22 42 1
21 42 1
20 41 1
19 41 1
18 40 1
17 40 1
16 39 1
15 38 1
14 38 1
13 38 1
12 38 1
11 37 1
10 37 1
9 37 1
8 36 1
.PEN_UP
