.PEN_DOWN
36 11 1
36 12 1
36 13 1
36 14 1
37 15 1
37 16 1
38 17 1
39 18 1
40 19 1
41 20 1
42 21 1
43 22 1
44 22 1
45 23 1
46 23 1
47 23 1
48 23 1
49 23 1
50 23 1
51 22 1
52 21 1
53 20 1
54 19 1
54 18 1
54 17 1
55 16 1
55 15 1
55 14 1
55 13 1
55 12 1
55 11 1
54 10 1
54 9 1
54 8 1
53 7 1
53 6 1
52 5 1
51 4 1
50 3 1
49 2 1
48 2 1
47 2 1
46 1 1
45 2 1
44 2 1
43 2 1
42 3 1
41 4 1
41 5 1
41 6 1
41 7 1
42 8 1
42 9 1
42 10 1
42 11 1
43 12 1
.PEN_UP
.PEN_DOWN
6 45 1
5 44 1
4 43 1
3 43 1
2 42 1
2 41 1
2 40 1
2 39 1
2 38 1
3 37 1
4 36 1
5 36 1
6 36 1
7 36 1
8 36 1
9 36 1
10 36 1
11 36 1
12 37 1
13 37 1
14 37 1
15 37 1
16 37 1
17 37 1
18 37 1
19 37 1
20 37 1
21 38 1
22 38 1
23 38 1
24 38 1
25 38 1
26 38 1
27 38 1
28 38 1
29 38 1
30 38 1
31 38 1
32 38 1
33 39 1
36 40 1
37 40 1
38 40 1
39 40 1
40 40 1
41 41 1
42 41 1
43 41 1
44 41 1
45 41 1
46 41 1
47 41 1
48 42 1
49 42 1
50 42 1
51 42 1
52 42 1
53 43 1
54 43 1
.PEN_UP
.PEN_DOWN
34 39 1
33 41 1
33 42 1
33 43 1
32 44 1
32 45 1
32 46 1
31 47 1
31 48 1
30 49 1
29 50 1
29 51 1
29 52 1
28 53 1
28 54 1
28 55 1
27 56 1
26 56 1
25 57 1
24 57 1
23 57 1
22 57 1
21 57 1
20 57 1
19 57 1
18 57 1
17 57 1
16 58 1
15 58 1
14 58 1
13 58 1
12 58 1
10 57 1
9 57 1
8 57 1
7 57 1
6 57 1
5 57 1
4 57 1
3 58 1
2 59 1
2 60 1
1 61 1
1 62 1
2 63 1
3 63 1
4 63 1
5 63 1
6 63 1
7 63 1
8 63 1
9 62 1
10 61 1
10 60 1
11 59 1
.PEN_UP
.PEN_DOWN
28 57 1
29 57 1
30 57 1
31 57 1
32 57 1
33 57 1
34 57 1
35 56 1
36 56 1
37 56 1
38 56 1
39 56 1
40 56 1
41 56 1
42 56 1
43 56 1
44 56 1
45 56 1
46 56 1
47 58 1
46 59 1
46 60 1
46 61 1
45 62 1
45 63 1
44 64 1
43 65 1
43 66 1
42 67 1
41 68 1
41 69 1
41 70 1
41 71 1
41 72 1
41 73 1
42 74 1
43 75 1
44 76 1
44 77 1
44 78 1
44 79 1
44 80 1
44 81 1
44 82 1
45 84 1
46 85 1
47 86 1
48 87 1
48 88 1
48 89 1
48 90 1
49 91 1
49 92 1
49 93 1
49 94 1
49 95 1
49 96 1
48 97 1
48 98 1
48 99 1
48 100 1
47 101 1
47 102 1
46 103 1
46 104 1
45 105 1
44 106 1
43 107 1
43 108 1
42 109 1
41 109 1
40 110 1
39 110 1
38 111 1
37 111 1
36 111 1
35 111 1
34 110 1
33 110 1
32 110 1
31 109 1
30 109 1
29 109 1
28 109 1
27 109 1
26 111 1
26 112 1
26 113 1
26 114 1
26 115 1
.PEN_UP
.PEN_DOWN
43 83 1
41 81 1
40 81 1
39 81 1
38 81 1
37 81 1
36 81 1
35 81 1
34 81 1
33 82 1
32 83 1
32 84 1
32 85 1
33 86 1
34 87 1
35 88 1
36 88 1
37 88 1
38 88 1
39 87 1
40 86 1
41 85 1
42 84 1
.PEN_UP
