.PEN_DOWN
1 5 1
2 5 1
3 5 1
4 6 1
5 6 1
6 6 1
7 6 1
8 6 1
9 6 1
10 6 1
11 6 1
12 6 1
13 6 1
14 6 1
15 6 1
16 6 1
17 6 1
18 6 1
19 7 1
20 7 1
22 5 1
22 4 1
23 3 1
24 3 1
25 3 1
26 3 1
27 3 1
28 3 1
29 2 1
30 2 1
31 2 1
32 2 1
33 2 1
34 1 1
35 1 1
36 1 1
37 2 1
38 2 1
.PEN_UP
.PEN_DOWN
21 6 1
21 9 1
22 10 1
23 11 1
24 12 1
25 13 1
26 14 1
27 14 1
28 15 1
29 16 1
30 17 1
31 18 1
31 19 1
32 20 1
33 21 1
33 22 1
33 23 1
33 24 1
33 25 1
33 26 1
33 27 1
33 28 1
33 29 1
33 30 1
32 31 1
32 32 1
31 33 1
30 34 1
29 35 1
29 36 1
28 37 1
28 38 1
26 39 1
25 39 1
24 39 1
23 39 1
22 39 1
21 39 1
20 39 1
19 38 1
18 38 1
.PEN_UP
.PEN_DOWN
27 39 1
29 41 1
30 42 1
31 42 1
32 43 1
33 44 1
34 45 1
35 46 1
36 46 1
37 47 1
38 48 1
38 49 1
39 50 1
39 51 1
39 52 1
40 53 1
40 54 1
40 55 1
40 56 1
40 57 1
39 58 1
39 59 1
38 60 1
38 61 1
37 62 1
37 63 1
36 64 1
36 65 1
35 66 1
34 67 1
33 68 1
32 69 1
32 70 1
31 71 1
29 71 1
28 71 1
27 71 1
26 70 1
25 70 1
.PEN_UP
.PEN_DOWN
30 72 1
32 74 1
33 74 1
34 75 1
35 76 1
36 76 1
37 77 1
38 78 1
39 79 1
40 80 1
41 81 1
42 82 1
42 83 1
42 84 1
42 85 1
42 86 1
42 87 1
41 88 1
40 89 1
39 90 1
38 90 1
37 91 1
36 91 1
35 91 1
34 91 1
33 91 1
32 91 1
31 91 1
30 91 1
29 91 1
28 91 1
27 91 1
26 91 1
25 91 1
24 90 1
23 90 1
22 90 1
21 90 1
20 92 1
20 93 1
20 94 1
20 95 1
20 96 1
20 97 1
20 98 1
20 99 1
21 100 1
21 101 1
21 102 1
22 103 1
22 104 1
22 105 1
22 106 1
22 107 1
22 108 1
23 109 1
23 110 1
23 111 1
24 112 1
24 113 1
24 114 1
25 115 1
26 116 1
.PEN_UP
.PEN_DOWN
45 138 1
46 138 1
47 139 1
48 139 1
.PEN_UP
