.PEN_DOWN
5 10 1
6 9 1
7 9 1
8 9 1
9 9 1
10 10 1
11 10 1
12 10 1
13 10 1
14 10 1
15 9 1
16 9 1
17 9 1
18 9 1
19 9 1
20 9 1
21 9 1
22 9 1
23 9 1
24 9 1
25 9 1
26 8 1
27 8 1
28 8 1
29 8 1
30 8 1
31 8 1
32 8 1
33 8 1
34 8 1
35 8 1
38 7 1
39 7 1
40 6 1
42 6 1
43 6 1
44 6 1
45 6 1
46 6 1
47 5 1
48 5 1
49 5 1
50 5 1
51 4 1
52 4 1
53 4 1
54 4 1
55 3 1
56 3 1
57 3 1
58 2 1
59 2 1
60 2 1
.PEN_UP
.PEN_DOWN
40 5 1
40 4 1
40 3 1
39 2 1
39 1 1
.PEN_UP
.PEN_DOWN
36 8 1
36 10 1
36 11 1
36 12 1
36 13 1
35 14 1
35 15 1
34 16 1
33 17 1
33 18 1
32 19 1
31 20 1
30 21 1
30 22 1
29 23 1
29 24 1
29 25 1
27 27 1
26 27 1
25 27 1
24 28 1
23 29 1
22 29 1
21 29 1
20 30 1
19 31 1
18 31 1
17 32 1
16 32 1
15 33 1
14 34 1
13 34 1
12 35 1
11 35 1
10 36 1
9 36 1
8 36 1
7 37 1
6 37 1
5 38 1
4 38 1
3 39 1
2 39 1
1 40 1
.PEN_UP
.PEN_DOWN
28 26 1
31 26 1
32 26 1
33 26 1
34 26 1
35 26 1
36 26 1
37 26 1
38 26 1
39 26 1
40 25 1
41 25 1
42 25 1
43 25 1
44 25 1
45 25 1
46 25 1
47 25 1
48 26 1
50 26 1
51 27 1
52 27 1
.PEN_UP
.PEN_DOWN
48 27 1
48 28 1
48 29 1
48 30 1
48 31 1
48 32 1
48 33 1
48 34 1
49 35 1
49 36 1
50 37 1
51 37 1
52 38 1
53 39 1
54 40 1
55 41 1
56 42 1
57 43 1
58 44 1
59 45 1
60 46 1
61 47 1
61 48 1
62 49 1
62 50 1
63 51 1
63 52 1
63 53 1
63 54 1
64 55 1
65 56 1
.PEN_UP
.PEN_DOWN
53 67 1
54 67 1
55 67 1
56 68 1
57 68 1
58 68 1
58 70 1
58 71 1
58 72 1
58 73 1
58 74 1
58 75 1
57 76 1
58 77 1
58 78 1
59 79 1
60 80 1
61 81 1
62 81 1
63 82 1
64 82 1
65 83 1
66 84 1
67 85 1
68 86 1
.PEN_UP
