.PEN_DOWN
4 1 1
5 1 1
6 2 1
7 3 1
8 3 1
9 3 1
10 3 1
11 3 1
12 3 1
13 3 1
14 4 1
15 4 1
16 4 1
17 4 1
18 5 1
19 5 1
20 5 1
21 6 1
22 6 1
23 6 1
24 6 1
25 6 1
26 7 1
27 7 1
28 8 1
.PEN_UP
.PEN_DOWN
6 4 1
6 5 1
6 6 1
7 7 1
7 8 1
7 9 1
7 10 1
7 11 1
8 12 1
8 13 1
9 14 1
9 15 1
11 16 1
12 16 1
13 16 1
14 17 1
15 17 1
16 17 1
17 17 1
18 17 1
19 18 1
20 18 1
21 18 1
22 18 1
23 18 1
24 18 1
25 19 1
26 19 1
.PEN_UP
.PEN_DOWN
9 16 1
8 17 1
7 17 1
6 18 1
5 19 1
5 20 1
6 21 1
6 22 1
7 23 1
8 23 1
9 23 1
10 24 1
11 24 1
12 24 1
13 24 1
14 24 1
15 25 1
16 25 1
17 25 1
18 25 1
19 25 1
20 26 1
21 27 1
22 27 1
23 28 1
23 29 1
24 30 1
24 31 1
24 32 1
23 33 1
22 34 1
23 37 1
23 38 1
24 39 1
24 40 1
24 41 1
24 42 1
.PEN_UP
.PEN_DOWN
20 35 1
19 35 1
18 36 1
17 37 1
16 38 1
15 38 1
14 38 1
13 39 1
12 39 1
11 39 1
10 38 1
9 38 1
8 38 1
7 37 1
6 36 1
6 35 1
6 34 1
6 33 1
7 32 1
8 31 1
9 31 1
10 31 1
11 31 1
12 31 1
13 31 1
14 31 1
15 32 1
16 33 1
17 33 1
18 34 1
.PEN_UP
