.PEN_DOWN
34 48 1
33 48 1
32 47 1
31 47 1
30 47 1
29 47 1
28 47 1
27 47 1
26 47 1
25 47 1
24 47 1
23 47 1
22 47 1
21 47 1
20 47 1
19 45 1
18 44 1
17 43 1
16 42 1
15 41 1
14 41 1
13 40 1
12 39 1
11 38 1
10 37 1
9 36 1
9 35 1
8 34 1
8 33 1
8 32 1
8 31 1
7 30 1
7 29 1
7 28 1
7 27 1
7 26 1
8 25 1
8 24 1
9 23 1
10 22 1
11 22 1
12 21 1
14 22 1
15 22 1
16 23 1
17 24 1
18 24 1
19 25 1
20 25 1
21 26 1
22 26 1
23 26 1
24 26 1
25 26 1
26 26 1
27 25 1
28 25 1
29 25 1
30 24 1
31 24 1
32 23 1
33 23 1
34 23 1
35 22 1
36 21 1
37 20 1
38 20 1
39 19 1
40 18 1
40 17 1
41 16 1
42 15 1
42 14 1
42 13 1
42 12 1
42 11 1
42 10 1
42 9 1
42 8 1
41 7 1
40 6 1
39 5 1
38 4 1
37 3 1
36 3 1
35 2 1
34 2 1
33 2 1
32 1 1
31 1 1
30 1 1
29 1 1
28 1 1
27 1 1
26 1 1
25 1 1
24 2 1
23 2 1
22 2 1
21 3 1
20 4 1
19 4 1
18 4 1
17 5 1
16 6 1
15 6 1
14 7 1
13 8 1
12 9 1
11 10 1
11 11 1
11 12 1
10 13 1
11 14 1
11 15 1
11 16 1
11 17 1
11 18 1
12 19 1
12 20 1
.PEN_UP
.PEN_DOWN
19 46 1
18 49 1
18 50 1
17 51 1
16 51 1
15 52 1
15 53 1
14 54 1
13 55 1
13 56 1
12 57 1
12 58 1
12 59 1
11 60 1
10 61 1
10 62 1
10 63 1
10 64 1
10 65 1
11 66 1
11 67 1
12 68 1
13 69 1
14 70 1
15 71 1
16 71 1
17 71 1
18 72 1
19 72 1
20 72 1
21 72 1
22 72 1
23 73 1
24 73 1
25 73 1
26 73 1
27 74 1
28 74 1
29 74 1
30 74 1
31 74 1
32 74 1
33 74 1
34 74 1
35 74 1
36 74 1
37 75 1
38 75 1
39 75 1
40 76 1
41 76 1
42 77 1
43 78 1
44 79 1
44 80 1
.PEN_UP
.PEN_DOWN
24 91 1
23 92 1
23 93 1
23 94 1
23 95 1
23 96 1
20 98 1
20 99 1
20 100 1
19 101 1
19 102 1
19 103 1
19 104 1
18 105 1
17 106 1
16 107 1
16 108 1
15 109 1
14 110 1
13 111 1
12 112 1
11 113 1
10 114 1
9 115 1
8 116 1
7 116 1
6 116 1
5 116 1
4 117 1
3 116 1
2 115 1
1 114 1
1 113 1
1 112 1
1 111 1
1 110 1
1 109 1
1 108 1
2 107 1
2 106 1
3 105 1
4 104 1
5 103 1
6 102 1
7 102 1
8 101 1
9 100 1
10 99 1
11 99 1
12 98 1
13 98 1
14 98 1
15 97 1
16 97 1
17 97 1
18 97 1
19 96 1
20 96 1
21 97 1
25 97 1
26 97 1
27 97 1
28 98 1
29 98 1
30 98 1
31 99 1
32 100 1
33 101 1
34 102 1
34 103 1
34 104 1
34 105 1
34 106 1
35 107 1
35 108 1
35 109 1
35 110 1
35 111 1
35 112 1
35 113 1
35 114 1
35 115 1
35 116 1
35 117 1
35 118 1
35 119 1
34 120 1
34 121 1
34 122 1
34 123 1
34 124 1
34 125 1
34 126 1
33 127 1
33 128 1
33 129 1
33 130 1
32 131 1
33 132 1
33 133 1
.PEN_UP
