.PEN_DOWN
1 6 1
2 5 1
3 5 1
4 5 1
5 5 1
6 5 1
7 5 1
8 5 1
9 4 1
10 4 1
11 4 1
12 3 1
13 3 1
14 3 1
15 3 1
16 3 1
17 3 1
18 3 1
19 3 1
20 3 1
21 3 1
22 3 1
23 3 1
24 3 1
25 2 1
26 2 1
27 2 1
28 2 1
29 2 1
30 2 1
31 2 1
32 2 1
33 2 1
34 2 1
35 1 1
36 1 1
37 1 1
38 1 1
39 1 1
40 1 1
41 1 1
42 1 1
43 1 1
44 1 1
45 1 1
46 1 1
47 1 1
48 1 1
49 1 1
50 1 1
51 1 1
52 1 1
53 1 1
54 1 1
55 1 1
56 1 1
57 1 1
58 1 1
59 1 1
60 1 1
61 2 1
62 2 1
63 2 1
64 2 1
65 2 1
66 2 1
67 2 1
68 2 1
69 2 1
70 3 1
71 3 1
72 3 1
73 3 1
74 3 1
75 4 1
76 4 1
77 4 1
78 4 1
79 4 1
80 5 1
81 5 1
82 5 1
83 5 1
84 5 1
85 6 1
86 6 1
87 6 1
88 6 1
89 7 1
90 7 1
91 7 1
92 7 1
93 8 1
94 8 1
95 8 1
96 9 1
97 9 1
98 9 1
99 10 1
100 10 1
101 10 1
102 11 1
103 11 1
104 11 1
105 12 1
106 12 1
107 13 1
108 13 1
109 14 1
110 14 1
111 15 1
112 15 1
113 15 1
114 16 1
115 17 1
116 17 1
117 18 1
118 18 1
119 18 1
120 19 1
121 19 1
122 20 1
123 20 1
124 20 1
.PEN_UP
