.PEN_DOWN
38 16 1
39 15 1
39 14 1
40 13 1
41 12 1
43 8 1
43 7 1
44 6 1
45 5 1
46 4 1
47 4 1
48 3 1
49 2 1
50 1 1
51 1 1
52 1 1
53 1 1
54 1 1
55 1 1
56 1 1
57 2 1
58 3 1
59 4 1
59 5 1
60 6 1
60 7 1
60 8 1
60 9 1
60 10 1
60 11 1
60 12 1
60 13 1
60 14 1
60 15 1
.PEN_UP
.PEN_DOWN
51 29 1
51 30 1
49 31 1
48 31 1
47 32 1
46 32 1
45 33 1
44 34 1
43 35 1
42 36 1
41 37 1
41 38 1
40 39 1
40 40 1
40 41 1
41 42 1
42 42 1
43 41 1
44 41 1
45 41 1
46 41 1
47 40 1
48 40 1
49 40 1
50 39 1
51 38 1
53 37 1
54 37 1
55 37 1
56 37 1
.PEN_UP
.PEN_DOWN
51 37 1
51 35 1
51 34 1
51 33 1
51 32 1
.PEN_UP
.PEN_DOWN
41 56 1
42 56 1
43 55 1
44 55 1
45 55 1
46 54 1
47 54 1
48 54 1
50 52 1
51 52 1
52 51 1
53 50 1
54 49 1
.PEN_UP
.PEN_DOWN
49 53 1
49 56 1
49 57 1
49 58 1
48 59 1
48 60 1
47 61 1
47 62 1
47 63 1
47 64 1
46 65 1
46 66 1
47 67 1
48 67 1
49 67 1
50 67 1
51 67 1
52 66 1
53 66 1
54 66 1
55 66 1
56 66 1
57 66 1
58 67 1
59 67 1
.PEN_UP
.PEN_DOWN
3 141 1
4 140 1
5 139 1
5 138 1
6 137 1
7 137 1
8 136 1
9 135 1
10 134 1
11 134 1
12 133 1
13 132 1
14 131 1
15 130 1
16 129 1
17 129 1
18 128 1
19 127 1
20 126 1
21 125 1
22 124 1
23 123 1
24 123 1
25 122 1
26 122 1
27 121 1
28 120 1
29 119 1
30 118 1
31 118 1
32 117 1
33 116 1
34 115 1
35 115 1
36 114 1
37 113 1
38 113 1
39 113 1
40 112 1
41 111 1
42 111 1
43 111 1
44 110 1
45 110 1
46 110 1
49 110 1
50 111 1
51 112 1
52 113 1
52 114 1
52 115 1
52 116 1
52 117 1
51 118 1
51 119 1
50 120 1
50 121 1
49 122 1
48 123 1
48 124 1
48 125 1
48 126 1
47 127 1
47 128 1
45 129 1
44 130 1
43 130 1
42 131 1
41 131 1
40 132 1
39 132 1
38 133 1
37 133 1
36 134 1
35 135 1
34 135 1
33 136 1
32 137 1
31 137 1
30 138 1
29 139 1
28 140 1
27 141 1
26 141 1
25 142 1
24 143 1
23 144 1
22 144 1
21 145 1
20 146 1
19 147 1
18 148 1
17 149 1
16 150 1
15 151 1
14 152 1
13 153 1
12 154 1
11 154 1
10 155 1
9 156 1
8 157 1
7 158 1
6 159 1
5 160 1
4 161 1
3 162 1
2 163 1
1 164 1
.PEN_UP
.PEN_DOWN
46 129 1
49 129 1
50 129 1
51 129 1
52 130 1
53 130 1
54 131 1
55 132 1
55 133 1
55 134 1
55 135 1
55 136 1
55 137 1
55 138 1
55 139 1
55 140 1
54 141 1
54 142 1
54 143 1
53 144 1
53 145 1
52 146 1
52 147 1
51 148 1
50 149 1
49 150 1
48 151 1
47 151 1
46 152 1
45 153 1
45 154 1
44 155 1
43 155 1
42 156 1
41 156 1
40 156 1
39 156 1
38 157 1
37 157 1
36 158 1
35 159 1
34 160 1
33 161 1
32 162 1
.PEN_UP
.PEN_DOWN
45 156 1
46 157 1
47 158 1
47 159 1
47 160 1
48 161 1
48 162 1
49 163 1
49 164 1
49 165 1
50 166 1
50 167 1
51 168 1
52 169 1
52 170 1
53 171 1
53 172 1
54 173 1
55 174 1
56 175 1
57 176 1
58 177 1
59 177 1
60 177 1
61 177 1
62 177 1
63 176 1
64 176 1
65 175 1
66 174 1
67 174 1
68 173 1
69 172 1
70 171 1
70 170 1
71 169 1
72 168 1
72 167 1
73 166 1
74 165 1
.PEN_UP
.PEN_DOWN
47 109 1
47 108 1
47 107 1
47 106 1
47 105 1
47 104 1
47 103 1
49 102 1
50 101 1
51 101 1
52 100 1
53 99 1
54 98 1
55 97 1
56 96 1
56 95 1
57 94 1
57 93 1
57 92 1
58 91 1
58 90 1
58 89 1
58 88 1
57 87 1
56 87 1
55 87 1
54 87 1
53 88 1
52 88 1
51 89 1
50 90 1
49 91 1
49 92 1
48 93 1
47 94 1
46 95 1
46 96 1
45 97 1
45 98 1
45 99 1
45 100 1
45 101 1
46 102 1
.PEN_UP
