.PEN_DOWN
17 48 1
16 49 1
16 50 1
15 51 1
14 51 1
13 52 1
12 52 1
11 53 1
10 53 1
9 53 1
8 54 1
7 54 1
6 54 1
5 54 1
4 55 1
3 55 1
2 54 1
1 53 1
1 52 1
1 51 1
1 50 1
1 49 1
2 48 1
3 48 1
4 47 1
5 47 1
6 46 1
7 45 1
8 44 1
9 43 1
10 42 1
11 42 1
12 41 1
13 41 1
14 40 1
15 39 1
16 39 1
17 38 1
18 37 1
19 37 1
20 36 1
21 36 1
22 35 1
23 34 1
24 33 1
25 33 1
26 33 1
27 32 1
28 31 1
29 31 1
30 30 1
31 29 1
32 29 1
33 28 1
34 27 1
35 26 1
36 26 1
37 25 1
38 25 1
39 24 1
40 24 1
41 23 1
42 23 1
43 23 1
44 23 1
45 22 1
46 22 1
48 21 1
48 20 1
49 19 1
50 18 1
51 17 1
53 16 1
54 16 1
55 16 1
56 15 1
57 15 1
58 14 1
59 14 1
60 13 1
61 13 1
62 12 1
63 12 1
64 12 1
65 12 1
66 11 1
67 10 1
68 9 1
69 9 1
70 8 1
70 7 1
71 6 1
71 5 1
72 4 1
71 3 1
70 2 1
69 2 1
68 1 1
67 1 1
66 1 1
65 1 1
64 1 1
63 1 1
62 2 1
61 2 1
60 2 1
59 3 1
58 4 1
57 5 1
56 6 1
55 6 1
54 7 1
53 8 1
52 9 1
51 10 1
51 11 1
51 12 1
51 13 1
51 14 1
51 15 1
.PEN_UP
.PEN_DOWN
47 22 1
47 24 1
47 25 1
47 26 1
47 27 1
47 28 1
47 29 1
47 30 1
46 31 1
46 32 1
46 33 1
46 34 1
46 35 1
46 36 1
46 37 1
45 38 1
45 39 1
45 40 1
45 41 1
45 42 1
46 43 1
45 44 1
44 45 1
43 46 1
42 47 1
40 47 1
39 48 1
38 48 1
37 48 1
36 48 1
35 49 1
34 50 1
34 51 1
34 52 1
33 53 1
32 54 1
31 54 1
30 54 1
29 55 1
28 56 1
28 57 1
28 58 1
28 59 1
29 60 1
30 60 1
31 60 1
32 60 1
33 59 1
34 58 1
35 57 1
37 56 1
38 56 1
39 56 1
40 56 1
41 56 1
43 57 1
44 57 1
45 57 1
46 58 1
47 59 1
47 60 1
47 61 1
48 62 1
48 63 1
48 64 1
48 65 1
48 66 1
48 67 1
48 68 1
48 69 1
48 70 1
47 71 1
47 72 1
46 73 1
45 74 1
44 74 1
43 75 1
42 75 1
41 75 1
40 75 1
39 76 1
38 76 1
37 76 1
36 77 1
35 77 1
34 78 1
34 79 1
34 80 1
34 81 1
33 82 1
33 83 1
33 84 1
33 85 1
33 86 1
33 87 1
33 88 1
32 89 1
32 90 1
32 91 1
32 92 1
31 93 1
31 94 1
31 95 1
31 96 1
30 97 1
30 98 1
.PEN_UP
.PEN_DOWN
42 55 1
42 54 1
42 53 1
42 52 1
42 51 1
42 50 1
42 49 1
42 48 1
.PEN_UP
