.PEN_DOWN
26 12 1
26 13 1
26 14 1
26 15 1
26 16 1
25 17 1
26 20 1
27 21 1
28 21 1
29 21 1
30 21 1
31 22 1
32 22 1
33 22 1
34 22 1
35 22 1
36 22 1
37 22 1
39 24 1
39 25 1
40 26 1
41 27 1
42 28 1
42 29 1
43 30 1
44 31 1
44 32 1
44 33 1
44 34 1
45 35 1
45 36 1
45 37 1
45 38 1
45 39 1
45 40 1
45 41 1
45 42 1
44 43 1
43 43 1
42 43 1
41 43 1
40 44 1
39 43 1
38 43 1
37 42 1
36 42 1
35 42 1
34 42 1
33 42 1
32 42 1
31 42 1
29 41 1
28 41 1
27 40 1
26 39 1
25 38 1
.PEN_UP
.PEN_DOWN
30 42 1
30 44 1
31 45 1
31 46 1
32 47 1
33 48 1
33 49 1
34 50 1
34 51 1
33 53 1
32 54 1
31 54 1
30 55 1
29 56 1
29 57 1
28 58 1
28 59 1
28 60 1
28 61 1
29 62 1
30 63 1
31 64 1
32 65 1
33 66 1
34 67 1
35 68 1
36 68 1
37 69 1
38 69 1
39 70 1
40 71 1
41 71 1
.PEN_UP
.PEN_DOWN
38 22 1
39 21 1
40 20 1
41 20 1
42 19 1
43 18 1
43 17 1
43 16 1
43 15 1
43 14 1
43 13 1
43 12 1
43 11 1
43 10 1
43 9 1
42 8 1
41 7 1
40 6 1
39 5 1
38 5 1
37 4 1
36 3 1
35 3 1
34 3 1
33 3 1
32 2 1
31 2 1
30 2 1
29 2 1
28 1 1
27 1 1
26 1 1
25 2 1
24 2 1
23 2 1
22 2 1
21 3 1
20 3 1
19 4 1
18 5 1
18 6 1
17 7 1
17 8 1
17 9 1
18 10 1
18 11 1
18 12 1
19 13 1
20 14 1
21 15 1
22 16 1
23 17 1
24 18 1
.PEN_UP
.PEN_DOWN
31 88 1
30 88 1
29 88 1
28 88 1
27 87 1
26 86 1
25 85 1
25 84 1
25 83 1
25 82 1
26 81 1
27 80 1
28 79 1
29 78 1
30 78 1
31 77 1
32 77 1
33 77 1
34 77 1
35 76 1
36 76 1
37 77 1
38 77 1
39 78 1
40 79 1
41 80 1
42 81 1
43 82 1
43 83 1
43 84 1
43 85 1
43 86 1
43 87 1
43 88 1
43 89 1
43 90 1
42 91 1
41 92 1
40 93 1
39 94 1
38 94 1
37 95 1
36 95 1
35 96 1
34 96 1
33 96 1
32 96 1
31 96 1
30 97 1
28 98 1
27 97 1
26 97 1
25 97 1
24 97 1
23 97 1
22 97 1
21 97 1
20 97 1
19 97 1
18 97 1
17 97 1
16 97 1
15 97 1
14 97 1
13 97 1
12 97 1
11 97 1
10 97 1
9 97 1
8 97 1
7 97 1
6 98 1
5 98 1
4 98 1
3 98 1
2 98 1
1 99 1
.PEN_UP
.PEN_DOWN
29 98 1
31 100 1
31 101 1
32 102 1
33 103 1
34 103 1
35 104 1
36 105 1
37 106 1
38 107 1
39 108 1
39 109 1
39 110 1
40 111 1
40 112 1
40 113 1
40 114 1
40 115 1
40 116 1
40 117 1
39 118 1
38 119 1
.PEN_UP
