.PEN_DOWN
20 9 1
20 8 1
21 7 1
22 6 1
23 5 1
24 5 1
25 5 1
26 5 1
27 5 1
28 5 1
29 5 1
30 5 1
31 4 1
32 4 1
33 4 1
34 4 1
35 4 1
36 4 1
39 4 1
40 3 1
41 2 1
42 1 1
.PEN_UP
.PEN_DOWN
37 4 1
37 6 1
37 7 1
37 8 1
36 9 1
36 10 1
36 11 1
35 12 1
35 13 1
34 14 1
33 15 1
33 16 1
32 17 1
32 18 1
32 19 1
32 20 1
31 21 1
31 22 1
31 23 1
30 24 1
29 25 1
28 25 1
27 25 1
26 26 1
.PEN_UP
.PEN_DOWN
31 25 1
32 25 1
33 25 1
34 25 1
35 25 1
36 25 1
37 25 1
38 25 1
39 25 1
40 25 1
41 25 1
42 25 1
43 26 1
43 27 1
42 28 1
42 29 1
42 30 1
42 31 1
41 32 1
40 33 1
39 34 1
38 35 1
37 36 1
36 37 1
35 38 1
34 39 1
33 39 1
32 40 1
31 41 1
30 42 1
29 43 1
28 44 1
27 44 1
26 45 1
25 46 1
.PEN_UP
.PEN_DOWN
41 87 1
40 88 1
39 89 1
38 89 1
37 90 1
36 90 1
35 91 1
34 91 1
33 92 1
32 93 1
31 93 1
30 94 1
29 94 1
28 95 1
27 96 1
26 97 1
26 98 1
26 99 1
26 100 1
26 101 1
26 102 1
26 103 1
27 104 1
27 105 1
27 106 1
27 107 1
.PEN_UP
.PEN_DOWN
39 117 1
38 118 1
37 119 1
36 120 1
36 121 1
35 122 1
34 123 1
31 123 1
30 123 1
29 124 1
28 124 1
27 124 1
26 124 1
25 124 1
24 125 1
23 125 1
22 126 1
21 126 1
20 126 1
19 127 1
18 127 1
17 128 1
16 128 1
15 129 1
14 129 1
13 129 1
12 130 1
11 130 1
10 130 1
9 131 1
8 131 1
7 132 1
6 132 1
5 132 1
4 133 1
3 133 1
2 134 1
.PEN_UP
.PEN_DOWN
33 123 1
33 125 1
33 126 1
33 127 1
33 128 1
33 129 1
33 130 1
33 131 1
33 132 1
33 133 1
33 134 1
31 135 1
30 136 1
29 137 1
28 138 1
27 139 1
27 140 1
26 141 1
25 142 1
25 143 1
24 144 1
23 145 1
23 146 1
.PEN_UP
.PEN_DOWN
32 135 1
35 135 1
36 136 1
37 136 1
38 136 1
39 136 1
40 137 1
41 137 1
.PEN_UP
.PEN_DOWN
40 178 1
40 177 1
40 176 1
40 175 1
40 174 1
40 173 1
40 172 1
40 171 1
40 170 1
40 169 1
41 168 1
41 167 1
41 166 1
40 165 1
40 164 1
40 163 1
39 162 1
38 161 1
37 160 1
36 160 1
35 160 1
34 159 1
33 159 1
32 159 1
31 160 1
30 160 1
29 161 1
28 162 1
28 163 1
28 164 1
27 165 1
27 166 1
25 168 1
24 168 1
23 169 1
22 170 1
21 171 1
20 172 1
20 173 1
20 174 1
20 175 1
20 176 1
20 177 1
20 178 1
21 179 1
22 179 1
23 180 1
24 180 1
25 180 1
26 180 1
27 180 1
28 179 1
29 178 1
29 177 1
29 176 1
30 175 1
30 174 1
30 173 1
30 172 1
30 171 1
30 170 1
29 169 1
28 168 1
27 167 1
.PEN_UP
.PEN_DOWN
43 216 1
42 216 1
41 215 1
40 215 1
38 216 1
37 217 1
36 218 1
35 218 1
34 218 1
33 219 1
32 219 1
31 219 1
30 219 1
29 220 1
28 220 1
26 222 1
26 223 1
25 224 1
24 225 1
23 226 1
22 226 1
21 227 1
20 228 1
19 228 1
18 229 1
17 229 1
16 230 1
15 230 1
14 231 1
13 231 1
12 232 1
11 232 1
10 233 1
9 233 1
8 234 1
7 235 1
6 235 1
5 236 1
4 236 1
3 236 1
2 236 1
1 237 1
.PEN_UP
.PEN_DOWN
27 220 1
26 219 1
25 218 1
24 217 1
24 216 1
23 215 1
22 214 1
22 213 1
22 212 1
22 211 1
22 210 1
21 209 1
22 208 1
22 207 1
22 206 1
22 205 1
22 204 1
22 203 1
23 202 1
24 201 1
24 200 1
25 199 1
26 198 1
27 197 1
28 196 1
29 196 1
30 196 1
31 196 1
32 196 1
33 195 1
34 195 1
35 196 1
36 196 1
37 196 1
38 197 1
39 198 1
40 199 1
41 200 1
41 201 1
42 202 1
42 203 1
41 204 1
41 205 1
41 206 1
41 207 1
41 208 1
41 209 1
40 210 1
40 211 1
40 212 1
40 213 1
39 214 1
.PEN_UP
