.PEN_DOWN
7 5 1
8 4 1
9 4 1
10 4 1
11 4 1
12 4 1
13 4 1
14 4 1
15 4 1
.PEN_UP
.PEN_DOWN
30 6 1
31 5 1
32 5 1
33 5 1
34 5 1
35 5 1
36 5 1
37 5 1
38 5 1
39 5 1
40 5 1
41 4 1
42 4 1
43 4 1
44 4 1
45 4 1
46 3 1
47 3 1
48 3 1
49 3 1
50 3 1
51 3 1
52 3 1
53 3 1
54 3 1
55 2 1
56 2 1
57 2 1
58 1 1
59 1 1
60 1 1
61 1 1
.PEN_UP
.PEN_DOWN
31 23 1
32 22 1
33 22 1
34 22 1
35 21 1
36 21 1
37 21 1
38 21 1
39 21 1
40 20 1
41 20 1
42 20 1
43 20 1
44 19 1
45 19 1
46 19 1
47 19 1
48 19 1
49 18 1
50 18 1
51 18 1
52 18 1
53 18 1
54 18 1
55 18 1
56 18 1
57 19 1
58 19 1
59 20 1
60 21 1
60 22 1
60 23 1
60 24 1
60 25 1
59 26 1
59 27 1
58 28 1
57 29 1
56 30 1
55 31 1
55 32 1
55 33 1
55 34 1
54 35 1
55 36 1
56 37 1
57 38 1
58 38 1
59 38 1
.PEN_UP
.PEN_DOWN
49 55 1
50 56 1
51 57 1
52 58 1
53 59 1
53 60 1
53 61 1
53 62 1
54 63 1
54 64 1
54 65 1
54 66 1
55 67 1
56 68 1
54 69 1
53 69 1
52 69 1
51 70 1
50 70 1
49 70 1
48 70 1
47 70 1
46 70 1
45 70 1
44 70 1
43 70 1
42 71 1
41 71 1
40 71 1
39 71 1
38 71 1
37 72 1
36 72 1
35 72 1
34 72 1
33 73 1
32 73 1
31 73 1
30 73 1
29 74 1
28 74 1
27 74 1
26 74 1
25 74 1
24 75 1
23 75 1
22 75 1
21 75 1
20 76 1
19 76 1
18 76 1
17 76 1
16 76 1
15 76 1
14 76 1
13 77 1
12 77 1
11 77 1
10 78 1
9 78 1
8 78 1
7 79 1
6 79 1
5 80 1
4 80 1
3 80 1
2 81 1
1 82 1
1 83 1
1 84 1
2 85 1
2 86 1
3 87 1
.PEN_UP
.PEN_DOWN
57 70 1
57 71 1
56 74 1
55 75 1
54 76 1
54 77 1
53 78 1
52 79 1
52 80 1
51 81 1
50 82 1
49 83 1
49 84 1
48 85 1
48 86 1
47 87 1
46 88 1
45 89 1
44 90 1
44 91 1
43 92 1
43 93 1
43 94 1
43 95 1
42 96 1
42 97 1
42 98 1
42 99 1
43 100 1
44 100 1
45 100 1
46 101 1
47 102 1
48 102 1
49 102 1
50 103 1
51 104 1
52 104 1
53 104 1
54 104 1
55 104 1
56 104 1
57 104 1
58 104 1
59 104 1
60 103 1
61 103 1
62 103 1
63 102 1
64 102 1
65 101 1
66 101 1
67 100 1
68 99 1
68 98 1
69 97 1
70 96 1
70 95 1
71 94 1
71 93 1
71 92 1
71 91 1
72 90 1
72 89 1
72 88 1
71 87 1
71 86 1
71 85 1
71 84 1
71 83 1
71 82 1
70 81 1
70 80 1
69 79 1
68 78 1
67 77 1
66 76 1
65 75 1
64 74 1
63 73 1
62 72 1
60 72 1
59 72 1
58 72 1
.PEN_UP
.PEN_DOWN
62 71 1
63 70 1
64 69 1
65 69 1
66 68 1
67 68 1
68 68 1
69 68 1
70 68 1
71 68 1
72 68 1
73 68 1
74 68 1
75 68 1
76 68 1
77 67 1
.PEN_UP
