.PEN_DOWN
1 12 1
1 11 1
1 10 1
2 9 1
3 8 1
4 7 1
5 6 1
6 5 1
7 5 1
8 4 1
9 3 1
10 3 1
11 3 1
12 2 1
13 2 1
14 1 1
15 1 1
16 1 1
17 1 1
18 1 1
19 1 1
20 1 1
21 1 1
22 1 1
23 2 1
24 2 1
25 3 1
26 3 1
27 4 1
28 4 1
29 5 1
30 5 1
31 6 1
32 7 1
33 7 1
34 8 1
35 8 1
36 9 1
37 10 1
38 10 1
39 11 1
40 12 1
41 13 1
42 14 1
43 14 1
44 15 1
45 15 1
46 16 1
47 16 1
48 16 1
49 17 1
50 17 1
51 17 1
52 17 1
54 16 1
54 15 1
54 14 1
54 13 1
55 12 1
56 11 1
57 10 1
58 10 1
59 10 1
60 10 1
.PEN_UP
.PEN_DOWN
53 17 1
53 19 1
53 20 1
53 21 1
54 22 1
56 23 1
57 23 1
58 24 1
59 24 1
60 24 1
61 25 1
62 26 1
63 26 1
64 27 1
65 27 1
66 28 1
67 28 1
68 29 1
69 29 1
70 30 1
71 31 1
72 31 1
73 32 1
74 33 1
75 33 1
76 33 1
77 34 1
78 34 1
79 35 1
80 35 1
81 36 1
82 36 1
83 36 1
84 37 1
85 37 1
86 38 1
87 39 1
88 39 1
89 40 1
90 40 1
91 41 1
92 41 1
93 41 1
94 42 1
95 42 1
96 43 1
97 43 1
98 44 1
99 44 1
100 45 1
101 45 1
102 46 1
103 46 1
104 47 1
105 47 1
106 48 1
107 49 1
108 49 1
109 49 1
110 50 1
111 50 1
112 50 1
113 51 1
114 51 1
115 51 1
116 52 1
117 52 1
118 52 1
119 53 1
120 53 1
121 53 1
.PEN_UP
.PEN_DOWN
54 23 1
53 24 1
53 25 1
53 26 1
53 27 1
53 28 1
53 29 1
53 30 1
53 31 1
53 32 1
53 33 1
53 34 1
52 35 1
52 36 1
52 37 1
52 38 1
52 39 1
52 40 1
52 41 1
52 42 1
52 43 1
51 44 1
51 45 1
51 46 1
50 47 1
50 48 1
50 49 1
50 50 1
49 51 1
49 52 1
49 53 1
49 54 1
49 55 1
49 56 1
50 57 1
51 58 1
52 58 1
53 59 1
54 59 1
55 59 1
56 60 1
57 60 1
58 60 1
59 60 1
60 61 1
61 61 1
62 61 1
63 62 1
64 62 1
65 62 1
66 62 1
67 62 1
68 63 1
69 63 1
70 63 1
71 63 1
72 63 1
73 64 1
74 64 1
75 64 1
76 64 1
77 65 1
78 65 1
79 65 1
80 65 1
81 65 1
82 66 1
83 66 1
84 66 1
85 66 1
86 67 1
87 67 1
88 67 1
89 68 1
90 68 1
91 69 1
92 69 1
.PEN_UP
.PEN_DOWN
1 21 1
1 22 1
1 23 1
1 24 1
1 25 1
1 26 1
1 27 1
2 28 1
3 29 1
4 30 1
5 31 1
6 32 1
7 33 1
8 34 1
9 35 1
10 36 1
11 37 1
12 37 1
13 38 1
14 38 1
15 39 1
16 39 1
17 39 1
18 39 1
19 39 1
20 40 1
21 40 1
22 40 1
23 40 1
24 40 1
25 40 1
26 40 1
27 40 1
28 40 1
29 39 1
30 39 1
31 39 1
32 39 1
33 38 1
34 38 1
35 38 1
36 38 1
37 37 1
38 37 1
39 36 1
40 36 1
41 36 1
42 35 1
43 35 1
44 34 1
45 34 1
46 34 1
.PEN_UP
.PEN_DOWN
26 53 1
26 54 1
26 55 1
26 56 1
27 57 1
26 58 1
26 59 1
25 60 1
25 61 1
26 62 1
26 63 1
.PEN_UP
.PEN_DOWN
29 81 1
30 81 1
31 81 1
32 81 1
33 81 1
34 80 1
35 80 1
36 80 1
37 80 1
38 80 1
39 80 1
40 80 1
41 80 1
42 80 1
43 81 1
44 81 1
45 81 1
46 81 1
47 81 1
48 81 1
49 81 1
50 82 1
51 82 1
52 82 1
53 82 1
54 82 1
55 83 1
56 83 1
57 83 1
58 83 1
59 83 1
60 83 1
61 83 1
62 83 1
63 84 1
64 84 1
65 84 1
66 84 1
67 84 1
68 84 1
69 84 1
70 84 1
71 85 1
72 85 1
73 85 1
74 85 1
75 85 1
76 86 1
77 86 1
78 86 1
79 86 1
80 86 1
81 86 1
82 87 1
83 87 1
84 87 1
85 87 1
86 88 1
87 88 1
88 88 1
89 88 1
90 89 1
91 89 1
92 90 1
93 91 1
94 92 1
95 92 1
96 93 1
.PEN_UP
.PEN_DOWN
96 114 1
95 114 1
94 114 1
93 113 1
92 113 1
91 112 1
90 112 1
89 111 1
88 111 1
87 110 1
86 110 1
85 109 1
84 109 1
83 108 1
82 108 1
81 108 1
80 107 1
79 107 1
78 107 1
77 106 1
76 106 1
75 106 1
74 106 1
73 105 1
72 105 1
71 105 1
70 105 1
69 104 1
68 104 1
67 104 1
66 103 1
65 103 1
64 103 1
63 103 1
62 102 1
61 102 1
60 102 1
59 102 1
58 102 1
57 102 1
56 102 1
55 102 1
54 102 1
53 103 1
52 104 1
51 105 1
50 106 1
49 107 1
49 108 1
49 109 1
49 110 1
49 111 1
49 112 1
49 113 1
49 114 1
50 115 1
50 116 1
50 117 1
51 118 1
51 119 1
52 120 1
53 121 1
54 122 1
55 123 1
56 124 1
57 125 1
58 126 1
59 127 1
60 128 1
60 129 1
60 130 1
61 131 1
63 133 1
64 133 1
65 133 1
66 133 1
67 134 1
68 134 1
69 135 1
70 135 1
71 136 1
72 137 1
73 137 1
74 138 1
75 138 1
76 139 1
77 139 1
78 140 1
79 140 1
80 140 1
81 141 1
82 141 1
83 142 1
84 142 1
85 142 1
86 143 1
87 144 1
88 144 1
89 144 1
90 145 1
91 145 1
92 146 1
93 146 1
94 146 1
95 147 1
96 147 1
.PEN_UP
.PEN_DOWN
61 132 1
60 133 1
59 134 1
58 134 1
57 134 1
56 134 1
55 134 1
54 135 1
53 135 1
52 136 1
51 137 1
50 138 1
49 139 1
48 140 1
48 141 1
48 142 1
47 143 1
47 144 1
47 145 1
47 146 1
47 147 1
46 148 1
46 149 1
46 150 1
46 151 1
46 152 1
47 153 1
47 154 1
47 155 1
47 156 1
47 157 1
47 158 1
47 159 1
48 160 1
48 161 1
49 162 1
49 163 1
50 164 1
51 165 1
52 166 1
52 167 1
53 168 1
54 169 1
55 170 1
56 171 1
57 171 1
58 172 1
59 173 1
60 174 1
61 174 1
62 175 1
63 176 1
64 176 1
65 177 1
66 177 1
67 178 1
68 178 1
69 178 1
70 179 1
71 179 1
72 180 1
73 180 1
74 180 1
75 181 1
76 181 1
77 181 1
78 182 1
79 182 1
80 182 1
81 182 1
82 182 1
83 183 1
84 183 1
85 183 1
86 183 1
87 183 1
88 183 1
89 184 1
90 184 1
91 184 1
92 184 1
93 184 1
94 184 1
95 185 1
96 185 1
.PEN_UP
