.PEN_DOWN
15 22 1
14 22 1
13 21 1
12 21 1
11 21 1
10 21 1
9 21 1
8 20 1
7 20 1
6 20 1
5 19 1
4 19 1
3 19 1
2 18 1
2 17 1
1 16 1
1 15 1
1 14 1
2 13 1
3 12 1
4 11 1
5 11 1
6 11 1
7 11 1
8 10 1
9 10 1
10 10 1
11 10 1
12 10 1
13 10 1
14 10 1
15 10 1
16 10 1
17 10 1
18 10 1
19 10 1
20 10 1
21 11 1
22 11 1
23 11 1
24 11 1
25 12 1
26 12 1
27 12 1
28 12 1
29 12 1
30 13 1
31 13 1
32 13 1
33 13 1
34 13 1
35 14 1
36 14 1
37 14 1
38 14 1
39 14 1
40 14 1
41 14 1
42 14 1
43 13 1
44 12 1
45 11 1
45 10 1
45 9 1
45 8 1
45 7 1
45 6 1
45 5 1
45 4 1
45 3 1
44 2 1
43 1 1
42 1 1
41 1 1
40 1 1
39 2 1
38 2 1
37 3 1
36 4 1
35 5 1
.PEN_UP
.PEN_DOWN
18 56 1
19 56 1
20 56 1
22 57 1
23 57 1
24 57 1
25 57 1
26 58 1
27 58 1
28 58 1
29 59 1
30 59 1
31 60 1
32 61 1
32 62 1
32 63 1
32 64 1
32 65 1
31 66 1
31 67 1
30 68 1
29 69 1
28 70 1
27 71 1
26 72 1
26 73 1
25 74 1
23 75 1
22 75 1
21 75 1
.PEN_UP
.PEN_DOWN
24 75 1
26 76 1
27 77 1
28 77 1
29 77 1
30 78 1
31 79 1
32 80 1
33 80 1
.PEN_UP
.PEN_DOWN
21 55 1
22 54 1
22 53 1
22 52 1
22 51 1
23 50 1
23 49 1
24 48 1
25 48 1
26 48 1
27 48 1
28 48 1
29 48 1
31 49 1
32 49 1
33 49 1
34 49 1
35 48 1
36 48 1
37 47 1
37 46 1
38 45 1
38 44 1
38 43 1
38 42 1
38 41 1
37 40 1
36 39 1
35 37 1
35 36 1
35 35 1
34 34 1
34 33 1
33 32 1
32 32 1
31 31 1
30 30 1
29 30 1
28 30 1
27 30 1
26 29 1
25 29 1
24 29 1
23 29 1
22 30 1
21 30 1
20 31 1
19 31 1
18 32 1
17 32 1
16 33 1
15 34 1
14 35 1
14 36 1
14 37 1
14 38 1
14 39 1
15 40 1
15 41 1
16 42 1
17 43 1
18 44 1
19 45 1
20 45 1
21 46 1
22 46 1
23 47 1
.PEN_UP
.PEN_DOWN
35 38 1
34 40 1
33 41 1
32 42 1
31 43 1
31 44 1
31 45 1
30 46 1
30 47 1
.PEN_UP
