.PEN_DOWN
4 57 1
5 57 1
6 56 1
7 55 1
8 55 1
9 55 1
10 54 1
11 54 1
12 54 1
13 54 1
14 54 1
15 54 1
16 54 1
17 54 1
18 53 1
19 53 1
20 53 1
21 53 1
22 53 1
23 53 1
24 53 1
25 53 1
26 53 1
27 53 1
28 53 1
29 53 1
30 52 1
31 52 1
32 52 1
33 52 1
34 52 1
35 52 1
36 52 1
37 52 1
38 52 1
39 52 1
40 52 1
41 52 1
42 52 1
43 52 1
44 52 1
45 52 1
46 52 1
47 52 1
48 52 1
49 52 1
50 52 1
51 52 1
52 52 1
53 52 1
54 53 1
54 54 1
55 55 1
56 56 1
56 57 1
56 58 1
57 59 1
57 60 1
57 61 1
57 62 1
58 63 1
58 64 1
58 65 1
59 66 1
59 67 1
59 68 1
58 69 1
58 70 1
58 71 1
58 72 1
58 73 1
58 74 1
58 75 1
57 76 1
57 77 1
56 78 1
54 80 1
53 80 1
52 80 1
51 80 1
50 81 1
49 82 1
48 83 1
48 84 1
47 85 1
47 86 1
47 87 1
46 88 1
46 89 1
46 90 1
46 91 1
46 92 1
46 93 1
46 94 1
46 95 1
46 96 1
45 97 1
45 98 1
44 99 1
45 100 1
45 101 1
45 102 1
45 103 1
45 104 1
46 105 1
46 106 1
47 107 1
48 108 1
49 109 1
50 110 1
50 111 1
51 112 1
52 113 1
53 114 1
55 117 1
56 118 1
57 118 1
58 119 1
59 119 1
60 120 1
60 121 1
60 122 1
61 123 1
61 124 1
61 125 1
62 126 1
62 127 1
62 128 1
63 129 1
63 130 1
63 131 1
63 132 1
63 133 1
63 134 1
62 135 1
62 136 1
62 137 1
62 138 1
61 139 1
61 140 1
61 141 1
60 142 1
60 143 1
59 144 1
59 145 1
59 146 1
59 147 1
58 148 1
56 149 1
55 149 1
54 149 1
53 149 1
52 149 1
51 149 1
50 150 1
49 150 1
48 150 1
47 150 1
46 150 1
45 150 1
44 150 1
43 150 1
42 150 1
41 150 1
40 150 1
39 151 1
38 151 1
37 151 1
36 152 1
35 152 1
34 152 1
33 152 1
32 153 1
31 153 1
30 153 1
29 154 1
28 154 1
27 154 1
26 154 1
25 155 1
24 155 1
23 155 1
22 156 1
21 156 1
20 156 1
19 156 1
18 157 1
17 157 1
16 157 1
15 158 1
14 158 1
13 158 1
12 159 1
11 159 1
10 159 1
9 160 1
8 160 1
7 161 1
6 161 1
5 162 1
4 162 1
3 162 1
2 163 1
1 164 1
.PEN_UP
.PEN_DOWN
57 149 1
59 151 1
60 152 1
60 153 1
60 154 1
60 155 1
60 156 1
60 157 1
60 158 1
60 159 1
60 160 1
60 161 1
59 162 1
58 163 1
58 164 1
57 165 1
57 166 1
55 167 1
54 167 1
53 168 1
52 168 1
51 169 1
50 170 1
50 171 1
50 172 1
50 173 1
.PEN_UP
.PEN_DOWN
56 167 1
58 168 1
59 169 1
60 169 1
61 170 1
62 171 1
62 172 1
62 173 1
62 174 1
63 175 1
63 176 1
63 177 1
63 178 1
63 179 1
63 180 1
63 181 1
63 182 1
63 183 1
63 184 1
63 185 1
63 186 1
63 187 1
63 188 1
62 189 1
.PEN_UP
.PEN_DOWN
54 114 1
55 113 1
56 112 1
57 111 1
58 111 1
59 110 1
60 109 1
60 108 1
61 107 1
62 106 1
62 105 1
62 104 1
63 103 1
63 102 1
63 101 1
63 100 1
63 99 1
64 98 1
64 97 1
64 96 1
64 95 1
64 94 1
64 93 1
64 92 1
64 91 1
64 90 1
64 89 1
64 88 1
64 87 1
63 86 1
63 85 1
62 84 1
61 83 1
60 82 1
59 81 1
58 80 1
57 80 1
56 79 1
.PEN_UP
.PEN_DOWN
54 115 1
53 117 1
52 118 1
51 119 1
50 120 1
49 121 1
49 122 1
49 123 1
49 124 1
48 125 1
48 126 1
48 127 1
48 128 1
48 129 1
49 130 1
49 131 1
49 132 1
49 133 1
49 134 1
49 135 1
49 136 1
50 137 1
51 138 1
52 139 1
53 140 1
.PEN_UP
