.PEN_DOWN
30 12 1
31 11 1
32 10 1
33 9 1
34 8 1
35 7 1
35 6 1
36 5 1
37 4 1
38 3 1
39 2 1
40 1 1
.PEN_UP
.PEN_DOWN
19 34 1
20 33 1
21 33 1
22 32 1
23 31 1
24 31 1
25 30 1
26 29 1
27 29 1
28 28 1
29 27 1
30 26 1
31 26 1
32 25 1
33 24 1
34 24 1
35 24 1
36 24 1
38 22 1
39 21 1
40 20 1
41 19 1
42 19 1
43 18 1
44 17 1
45 16 1
46 16 1
47 15 1
48 15 1
49 14 1
50 13 1
51 13 1
52 12 1
53 11 1
54 11 1
.PEN_UP
.PEN_DOWN
37 23 1
37 26 1
37 27 1
37 28 1
36 29 1
36 30 1
36 31 1
36 32 1
35 33 1
35 34 1
35 35 1
34 38 1
34 39 1
33 40 1
33 41 1
32 42 1
32 43 1
31 44 1
31 45 1
30 46 1
30 47 1
30 48 1
29 49 1
29 50 1
28 51 1
28 52 1
27 53 1
27 54 1
27 55 1
26 56 1
26 57 1
25 58 1
.PEN_UP
.PEN_DOWN
35 36 1
37 36 1
38 36 1
39 35 1
40 34 1
41 33 1
42 32 1
43 31 1
44 31 1
45 30 1
46 30 1
47 29 1
48 29 1
49 29 1
50 30 1
50 31 1
50 32 1
50 33 1
50 34 1
50 35 1
50 36 1
49 37 1
48 38 1
48 39 1
48 40 1
47 41 1
47 42 1
46 43 1
46 44 1
45 45 1
45 46 1
44 47 1
44 48 1
43 49 1
42 50 1
42 51 1
41 52 1
40 53 1
40 54 1
40 55 1
39 56 1
38 57 1
38 58 1
37 59 1
37 60 1
37 61 1
36 62 1
36 63 1
36 64 1
36 65 1
35 67 1
34 68 1
34 69 1
33 70 1
32 71 1
31 71 1
30 72 1
29 73 1
28 74 1
27 75 1
26 76 1
25 77 1
24 78 1
23 79 1
22 80 1
21 81 1
20 82 1
19 82 1
18 83 1
17 84 1
17 85 1
16 86 1
15 88 1
15 89 1
15 90 1
14 91 1
13 92 1
12 93 1
11 94 1
10 95 1
9 95 1
8 96 1
7 96 1
6 96 1
5 96 1
5 94 1
5 93 1
6 92 1
7 91 1
8 90 1
9 89 1
10 88 1
11 87 1
12 87 1
13 86 1
14 86 1
15 86 1
.PEN_UP
.PEN_DOWN
36 66 1
38 66 1
39 65 1
40 65 1
41 65 1
42 65 1
43 65 1
44 64 1
45 63 1
46 63 1
47 63 1
48 62 1
49 62 1
50 63 1
51 64 1
51 65 1
51 66 1
51 67 1
51 68 1
51 69 1
50 70 1
50 71 1
49 72 1
49 73 1
49 74 1
48 75 1
48 76 1
48 77 1
46 79 1
45 80 1
44 81 1
43 82 1
42 83 1
41 84 1
40 85 1
39 86 1
39 87 1
38 88 1
37 89 1
37 90 1
36 91 1
35 92 1
33 93 1
32 93 1
31 94 1
31 95 1
30 96 1
32 97 1
33 96 1
34 95 1
35 94 1
35 93 1
.PEN_UP
.PEN_DOWN
30 97 1
29 99 1
28 100 1
27 101 1
27 102 1
26 103 1
25 104 1
24 105 1
.PEN_UP
.PEN_DOWN
47 78 1
50 79 1
51 80 1
52 81 1
52 82 1
53 83 1
53 84 1
53 85 1
53 86 1
53 87 1
53 88 1
53 89 1
53 90 1
53 91 1
53 92 1
53 93 1
53 94 1
53 95 1
52 96 1
52 97 1
52 98 1
52 99 1
52 100 1
52 101 1
52 102 1
52 103 1
51 104 1
51 105 1
51 106 1
51 107 1
50 108 1
50 109 1
49 110 1
.PEN_UP
.PEN_DOWN
29 135 1
29 136 1
30 137 1
30 138 1
30 139 1
30 140 1
30 141 1
29 142 1
29 143 1
29 144 1
29 145 1
29 146 1
28 147 1
28 148 1
28 149 1
28 150 1
28 151 1
27 152 1
.PEN_UP
