.PEN_DOWN
1 21 1
2 21 1
3 21 1
4 21 1
5 21 1
6 21 1
7 21 1
8 22 1
9 22 1
10 22 1
11 22 1
12 22 1
13 22 1
14 22 1
15 22 1
16 23 1
17 23 1
18 23 1
19 23 1
20 23 1
21 23 1
22 23 1
23 23 1
24 23 1
25 23 1
26 23 1
27 23 1
28 23 1
29 23 1
30 23 1
31 23 1
32 23 1
33 23 1
34 23 1
35 23 1
36 23 1
37 22 1
38 22 1
39 22 1
41 23 1
41 24 1
41 25 1
42 26 1
43 26 1
44 27 1
45 27 1
46 27 1
47 27 1
48 27 1
49 28 1
50 28 1
51 29 1
52 29 1
53 30 1
54 30 1
55 30 1
56 30 1
57 31 1
58 32 1
.PEN_UP
.PEN_DOWN
40 26 1
40 27 1
40 28 1
39 29 1
39 30 1
39 31 1
39 32 1
39 33 1
38 34 1
38 35 1
37 36 1
37 37 1
37 38 1
36 39 1
36 40 1
36 41 1
36 42 1
35 43 1
35 44 1
35 45 1
35 46 1
35 47 1
34 48 1
33 48 1
32 49 1
31 49 1
29 51 1
29 52 1
29 53 1
29 54 1
29 55 1
28 56 1
27 57 1
27 58 1
26 59 1
26 60 1
25 61 1
24 62 1
24 63 1
23 64 1
22 65 1
21 66 1
21 67 1
20 68 1
19 69 1
18 69 1
17 70 1
16 71 1
15 72 1
14 73 1
13 74 1
12 74 1
11 74 1
10 75 1
9 75 1
8 75 1
7 75 1
6 75 1
5 74 1
4 73 1
3 72 1
2 71 1
1 70 1
1 69 1
1 68 1
1 67 1
1 66 1
1 65 1
1 64 1
1 63 1
1 62 1
1 61 1
1 60 1
2 59 1
3 58 1
3 57 1
4 56 1
4 55 1
5 54 1
6 53 1
7 52 1
8 51 1
9 50 1
10 50 1
11 50 1
12 49 1
13 49 1
14 49 1
15 49 1
16 48 1
17 48 1
18 48 1
19 48 1
20 48 1
21 47 1
22 47 1
23 47 1
24 48 1
25 48 1
26 48 1
27 48 1
28 48 1
29 48 1
30 49 1
.PEN_UP
.PEN_DOWN
35 49 1
36 49 1
37 49 1
38 49 1
39 50 1
40 50 1
41 50 1
42 50 1
43 51 1
44 51 1
45 52 1
46 52 1
47 53 1
48 54 1
49 54 1
50 55 1
51 56 1
52 57 1
53 58 1
53 59 1
53 60 1
53 61 1
53 62 1
54 63 1
53 64 1
53 65 1
53 66 1
52 67 1
51 68 1
50 68 1
49 69 1
48 69 1
47 70 1
46 70 1
45 71 1
44 72 1
44 73 1
43 74 1
42 75 1
40 75 1
39 75 1
38 75 1
37 75 1
36 75 1
35 75 1
34 76 1
33 76 1
32 76 1
31 76 1
.PEN_UP
.PEN_DOWN
41 75 1
43 77 1
43 78 1
44 79 1
45 80 1
46 80 1
47 81 1
48 82 1
49 83 1
49 84 1
50 85 1
50 86 1
50 87 1
50 88 1
50 89 1
50 90 1
50 91 1
50 92 1
50 93 1
50 94 1
48 95 1
47 95 1
46 95 1
45 95 1
44 95 1
43 95 1
42 95 1
41 96 1
40 96 1
39 97 1
38 97 1
37 97 1
36 97 1
35 98 1
34 98 1
33 99 1
32 99 1
31 100 1
30 101 1
29 101 1
28 102 1
27 103 1
26 104 1
25 105 1
24 106 1
23 107 1
23 108 1
22 109 1
22 110 1
23 111 1
23 112 1
23 113 1
24 114 1
25 115 1
26 116 1
27 117 1
28 118 1
29 119 1
30 120 1
31 120 1
32 121 1
33 121 1
34 122 1
35 122 1
36 122 1
37 122 1
38 122 1
39 122 1
40 122 1
41 122 1
42 122 1
44 123 1
45 124 1
46 125 1
47 126 1
48 127 1
49 128 1
49 129 1
49 130 1
50 131 1
50 132 1
50 133 1
50 134 1
50 135 1
50 136 1
50 137 1
50 138 1
50 139 1
49 140 1
49 141 1
49 142 1
49 143 1
48 144 1
48 145 1
48 146 1
48 147 1
46 148 1
45 148 1
44 148 1
43 148 1
42 148 1
41 148 1
40 147 1
39 147 1
38 147 1
37 147 1
36 147 1
35 146 1
34 146 1
33 147 1
32 147 1
31 147 1
30 147 1
29 147 1
26 147 1
25 146 1
24 146 1
23 146 1
22 146 1
21 146 1
20 146 1
19 146 1
18 146 1
17 146 1
16 146 1
15 146 1
14 146 1
13 145 1
12 145 1
11 145 1
10 145 1
9 145 1
8 145 1
7 145 1
6 146 1
5 146 1
.PEN_UP
.PEN_DOWN
28 147 1
28 149 1
28 150 1
28 151 1
28 152 1
28 153 1
28 154 1
28 155 1
28 156 1
28 157 1
28 158 1
27 159 1
27 160 1
27 161 1
27 162 1
27 163 1
27 164 1
26 165 1
.PEN_UP
.PEN_DOWN
47 148 1
49 150 1
50 150 1
51 150 1
.PEN_UP
.PEN_DOWN
43 121 1
44 120 1
44 119 1
45 118 1
45 117 1
46 116 1
46 115 1
47 114 1
48 113 1
48 112 1
48 111 1
49 110 1
49 109 1
50 108 1
51 107 1
51 106 1
51 105 1
51 104 1
51 103 1
51 102 1
52 101 1
51 100 1
51 99 1
51 98 1
51 97 1
50 96 1
.PEN_UP
.PEN_DOWN
40 21 1
40 20 1
40 19 1
40 18 1
40 17 1
40 16 1
41 13 1
41 12 1
41 11 1
41 10 1
41 9 1
41 8 1
41 7 1
41 6 1
40 5 1
40 4 1
39 3 1
38 2 1
37 1 1
36 1 1
35 1 1
34 1 1
33 1 1
32 2 1
31 3 1
31 4 1
31 5 1
31 6 1
31 7 1
32 8 1
33 9 1
33 10 1
34 11 1
35 12 1
36 12 1
37 13 1
38 14 1
39 15 1
.PEN_UP
.PEN_DOWN
41 15 1
43 15 1
44 15 1
45 14 1
46 14 1
47 14 1
48 14 1
49 14 1
50 13 1
51 13 1
52 12 1
53 12 1
54 12 1
55 12 1
56 11 1
57 11 1
58 11 1
.PEN_UP
