.PEN_DOWN
39 23 1
39 22 1
39 21 1
38 20 1
38 19 1
38 18 1
37 17 1
37 16 1
37 15 1
37 14 1
37 13 1
37 12 1
38 11 1
39 11 1
40 10 1
41 11 1
42 11 1
43 11 1
44 11 1
45 12 1
46 12 1
48 14 1
49 14 1
50 15 1
51 15 1
52 16 1
53 16 1
54 17 1
55 18 1
56 19 1
57 19 1
58 20 1
59 20 1
60 21 1
61 21 1
62 22 1
63 22 1
64 23 1
65 23 1
66 23 1
67 23 1
68 24 1
69 24 1
70 24 1
71 23 1
72 22 1
72 21 1
72 20 1
72 19 1
72 18 1
71 17 1
71 16 1
71 15 1
71 14 1
70 13 1
70 12 1
70 11 1
69 10 1
69 9 1
69 8 1
69 7 1
69 6 1
68 5 1
67 4 1
67 3 1
66 2 1
65 1 1
64 1 1
63 1 1
.PEN_UP
.PEN_DOWN
47 11 1
48 10 1
48 9 1
49 8 1
50 7 1
51 6 1
52 5 1
53 4 1
54 3 1
55 2 1
56 1 1
57 1 1
58 1 1
.PEN_UP
.PEN_DOWN
14 47 1
13 47 1
12 46 1
11 46 1
10 45 1
9 44 1
8 43 1
8 42 1
7 41 1
8 40 1
9 39 1
10 39 1
11 39 1
12 38 1
13 38 1
14 38 1
15 38 1
16 38 1
17 38 1
18 38 1
19 38 1
20 39 1
21 39 1
22 39 1
23 39 1
24 39 1
25 39 1
26 39 1
27 39 1
28 39 1
29 39 1
30 39 1
31 39 1
32 39 1
33 39 1
34 39 1
35 39 1
36 39 1
37 39 1
38 40 1
39 40 1
40 40 1
41 40 1
42 40 1
43 41 1
44 41 1
45 42 1
46 42 1
47 42 1
48 43 1
49 43 1
50 43 1
51 44 1
52 44 1
53 44 1
54 45 1
55 45 1
56 46 1
56 47 1
57 48 1
57 49 1
57 50 1
55 52 1
54 53 1
53 53 1
52 53 1
51 53 1
50 54 1
49 55 1
48 55 1
47 55 1
46 56 1
45 57 1
44 57 1
43 58 1
43 59 1
42 60 1
40 61 1
39 61 1
38 61 1
37 61 1
36 62 1
35 62 1
34 61 1
33 61 1
.PEN_UP
.PEN_DOWN
41 61 1
43 62 1
44 63 1
45 63 1
46 63 1
47 63 1
48 64 1
49 64 1
50 64 1
51 65 1
52 65 1
53 65 1
54 66 1
55 66 1
56 67 1
57 67 1
58 68 1
59 69 1
60 70 1
61 71 1
61 72 1
62 73 1
62 74 1
62 75 1
.PEN_UP
.PEN_DOWN
1 140 1
2 141 1
3 141 1
4 142 1
5 142 1
6 143 1
7 143 1
8 143 1
9 144 1
10 144 1
11 144 1
12 144 1
13 144 1
14 144 1
15 145 1
16 145 1
17 144 1
18 144 1
19 144 1
20 144 1
21 144 1
22 144 1
23 144 1
24 144 1
25 144 1
26 144 1
27 144 1
28 144 1
29 144 1
30 144 1
31 144 1
32 144 1
33 144 1
34 144 1
35 144 1
36 144 1
38 145 1
39 146 1
40 146 1
41 147 1
42 147 1
43 147 1
44 148 1
45 149 1
45 150 1
46 151 1
46 152 1
46 153 1
48 154 1
49 155 1
50 155 1
51 155 1
52 156 1
53 157 1
54 157 1
55 158 1
56 159 1
57 160 1
58 161 1
59 162 1
59 163 1
60 164 1
60 165 1
60 166 1
60 167 1
59 168 1
59 169 1
58 170 1
57 171 1
56 172 1
55 173 1
54 174 1
53 174 1
52 175 1
51 176 1
50 176 1
49 176 1
48 177 1
47 178 1
46 178 1
45 178 1
44 178 1
43 179 1
42 179 1
41 179 1
40 179 1
39 179 1
38 180 1
37 180 1
36 181 1
33 183 1
32 184 1
31 185 1
30 185 1
29 185 1
28 186 1
27 186 1
26 186 1
25 185 1
24 185 1
.PEN_UP
.PEN_DOWN
35 182 1
33 181 1
32 180 1
31 179 1
30 178 1
29 177 1
28 176 1
27 175 1
26 175 1
25 174 1
24 174 1
23 173 1
22 172 1
21 171 1
21 170 1
21 169 1
22 168 1
22 167 1
23 166 1
24 165 1
25 164 1
26 163 1
27 162 1
28 161 1
29 160 1
30 160 1
31 159 1
32 158 1
33 158 1
34 158 1
35 157 1
36 157 1
37 157 1
38 156 1
39 156 1
40 156 1
41 156 1
42 156 1
43 156 1
44 155 1
45 155 1
46 154 1
.PEN_UP
.PEN_DOWN
34 182 1
37 184 1
38 185 1
39 186 1
40 186 1
41 186 1
42 186 1
43 186 1
44 186 1
45 187 1
46 187 1
47 187 1
48 188 1
49 188 1
50 188 1
51 189 1
52 190 1
53 191 1
54 192 1
55 193 1
56 193 1
57 194 1
58 195 1
58 196 1
59 197 1
60 198 1
60 199 1
60 200 1
60 201 1
60 202 1
60 203 1
60 204 1
60 205 1
60 206 1
59 207 1
59 208 1
58 209 1
57 210 1
56 211 1
55 211 1
54 212 1
53 212 1
52 213 1
51 213 1
50 214 1
50 215 1
49 216 1
47 216 1
46 216 1
45 217 1
44 217 1
43 217 1
42 217 1
41 217 1
40 217 1
39 217 1
38 217 1
37 217 1
36 216 1
.PEN_UP
.PEN_DOWN
48 216 1
50 218 1
51 219 1
52 219 1
53 220 1
54 220 1
55 221 1
56 221 1
57 222 1
58 223 1
59 224 1
60 225 1
60 226 1
60 227 1
60 228 1
60 229 1
60 230 1
60 231 1
59 232 1
58 233 1
57 234 1
56 235 1
55 236 1
54 236 1
53 237 1
52 237 1
51 238 1
50 238 1
49 238 1
48 239 1
47 239 1
46 239 1
45 239 1
44 239 1
43 239 1
42 239 1
41 238 1
40 238 1
39 237 1
38 237 1
37 236 1
36 235 1
35 235 1
34 234 1
33 234 1
32 233 1
31 232 1
30 231 1
29 231 1
28 231 1
27 230 1
26 231 1
25 232 1
24 233 1
24 234 1
24 235 1
23 236 1
23 237 1
23 238 1
23 239 1
23 240 1
22 241 1
22 242 1
22 243 1
.PEN_UP
.PEN_DOWN
37 143 1
38 142 1
38 141 1
39 140 1
39 139 1
40 138 1
42 137 1
43 137 1
44 136 1
45 136 1
46 136 1
47 136 1
48 135 1
49 134 1
50 133 1
51 133 1
52 132 1
53 131 1
54 130 1
55 129 1
56 128 1
57 127 1
58 126 1
58 125 1
59 124 1
59 123 1
59 122 1
59 121 1
59 120 1
59 119 1
59 118 1
58 117 1
58 116 1
57 115 1
57 114 1
56 113 1
55 112 1
54 111 1
53 111 1
52 110 1
51 110 1
50 109 1
49 109 1
48 109 1
47 108 1
46 108 1
45 108 1
44 108 1
43 108 1
42 108 1
41 108 1
40 108 1
39 108 1
38 108 1
37 108 1
36 108 1
35 109 1
34 109 1
33 109 1
32 110 1
31 111 1
30 111 1
29 112 1
28 113 1
27 114 1
27 115 1
26 116 1
26 117 1
26 118 1
26 119 1
26 120 1
27 121 1
27 122 1
27 123 1
28 124 1
29 125 1
30 126 1
30 127 1
31 128 1
32 129 1
33 130 1
34 131 1
35 132 1
36 133 1
37 133 1
38 134 1
39 135 1
39 136 1
40 137 1
.PEN_UP
.PEN_DOWN
46 247 1
47 247 1
48 247 1
49 248 1
50 249 1
51 250 1
51 251 1
52 252 1
52 253 1
53 254 1
53 255 1
53 256 1
53 257 1
53 258 1
53 259 1
53 260 1
54 261 1
54 262 1
53 263 1
52 264 1
51 265 1
50 265 1
49 265 1
48 265 1
47 265 1
46 265 1
45 264 1
44 264 1
43 264 1
42 264 1
41 263 1
40 263 1
39 262 1
38 261 1
37 261 1
36 260 1
35 259 1
34 258 1
33 258 1
32 257 1
31 256 1
30 255 1
29 254 1
28 254 1
27 253 1
26 253 1
25 254 1
24 255 1
23 256 1
23 257 1
22 258 1
22 259 1
22 260 1
22 261 1
22 262 1
22 263 1
23 264 1
24 265 1
25 266 1
26 267 1
26 268 1
.PEN_UP
