.PEN_DOWN
1 13 1
2 12 1
3 12 1
4 12 1
5 12 1
6 12 1
7 12 1
8 12 1
9 11 1
10 11 1
11 11 1
12 10 1
13 10 1
14 10 1
15 10 1
16 10 1
17 10 1
18 10 1
19 9 1
20 10 1
21 10 1
22 10 1
23 10 1
24 9 1
25 9 1
26 8 1
27 8 1
28 8 1
29 8 1
30 8 1
31 8 1
32 8 1
33 7 1
34 7 1
35 6 1
36 6 1
37 6 1
38 6 1
39 5 1
40 5 1
41 5 1
42 5 1
43 5 1
44 5 1
45 5 1
46 4 1
47 4 1
48 4 1
49 4 1
50 3 1
51 3 1
52 3 1
53 3 1
54 3 1
55 3 1
56 2 1
57 2 1
58 2 1
59 2 1
60 2 1
63 2 1
64 2 1
65 1 1
.PEN_UP
.PEN_DOWN
61 2 1
61 4 1
61 5 1
60 6 1
60 7 1
60 8 1
60 9 1
59 10 1
58 11 1
57 12 1
56 13 1
55 14 1
54 15 1
53 16 1
52 17 1
52 18 1
52 19 1
51 20 1
51 21 1
51 22 1
49 24 1
48 24 1
47 25 1
46 26 1
45 26 1
44 27 1
43 27 1
42 28 1
.PEN_UP
.PEN_DOWN
50 23 1
53 23 1
54 23 1
55 23 1
56 23 1
57 23 1
58 23 1
59 23 1
60 23 1
61 23 1
62 23 1
63 23 1
64 24 1
64 25 1
66 26 1
67 27 1
68 27 1
69 27 1
70 27 1
71 28 1
72 29 1
72 30 1
73 31 1
73 32 1
73 33 1
73 34 1
72 35 1
72 36 1
72 37 1
72 38 1
72 39 1
72 40 1
71 41 1
71 42 1
71 43 1
71 44 1
70 45 1
70 46 1
68 48 1
67 49 1
66 50 1
65 50 1
64 51 1
63 51 1
62 51 1
61 52 1
60 52 1
59 52 1
58 53 1
57 53 1
56 53 1
55 53 1
54 54 1
53 55 1
52 55 1
51 55 1
50 56 1
49 56 1
48 57 1
47 56 1
46 55 1
45 55 1
44 55 1
43 55 1
42 55 1
41 55 1
40 54 1
40 53 1
40 52 1
40 51 1
40 50 1
41 49 1
41 48 1
42 47 1
43 46 1
43 45 1
44 44 1
45 44 1
46 43 1
47 42 1
48 41 1
49 40 1
50 39 1
51 38 1
52 37 1
53 36 1
54 36 1
55 35 1
56 34 1
57 33 1
58 32 1
59 32 1
60 31 1
61 30 1
61 29 1
62 28 1
63 27 1
64 26 1
.PEN_UP
.PEN_DOWN
47 58 1
47 59 1
46 60 1
46 61 1
.PEN_UP
.PEN_DOWN
69 47 1
72 47 1
73 47 1
74 47 1
75 47 1
76 47 1
77 48 1
78 48 1
79 48 1
.PEN_UP
.PEN_DOWN
38 80 1
39 79 1
40 78 1
41 77 1
42 77 1
43 76 1
44 75 1
45 75 1
46 74 1
47 74 1
48 73 1
49 73 1
50 73 1
51 72 1
52 72 1
53 71 1
54 71 1
55 71 1
56 71 1
57 70 1
58 70 1
59 70 1
60 69 1
61 69 1
62 69 1
63 69 1
64 69 1
65 69 1
66 69 1
67 69 1
68 70 1
69 70 1
70 71 1
71 72 1
72 73 1
72 74 1
72 75 1
71 76 1
71 77 1
71 78 1
70 79 1
69 80 1
68 81 1
67 82 1
66 83 1
65 84 1
64 84 1
63 85 1
62 86 1
61 87 1
60 88 1
59 88 1
58 89 1
57 89 1
56 90 1
55 90 1
54 91 1
53 91 1
52 92 1
51 92 1
50 93 1
49 94 1
.PEN_UP
.PEN_DOWN
71 99 1
70 100 1
70 101 1
69 102 1
69 103 1
68 104 1
67 105 1
67 106 1
66 107 1
65 107 1
64 107 1
63 107 1
62 108 1
61 108 1
60 108 1
57 108 1
56 108 1
55 108 1
54 108 1
53 109 1
52 109 1
51 109 1
50 110 1
49 110 1
48 111 1
47 112 1
46 113 1
45 114 1
44 114 1
43 115 1
42 116 1
41 117 1
41 118 1
40 119 1
40 120 1
40 121 1
38 123 1
37 124 1
36 125 1
35 126 1
34 127 1
33 127 1
32 128 1
31 129 1
.PEN_UP
.PEN_DOWN
39 122 1
42 122 1
43 122 1
44 122 1
45 122 1
46 122 1
47 121 1
48 121 1
49 120 1
50 119 1
51 119 1
52 118 1
53 118 1
54 117 1
55 116 1
56 116 1
57 115 1
57 114 1
58 113 1
58 112 1
58 111 1
59 110 1
59 109 1
.PEN_UP
.PEN_DOWN
67 108 1
68 109 1
69 110 1
70 111 1
70 112 1
71 113 1
71 114 1
71 115 1
71 116 1
71 117 1
71 118 1
71 119 1
71 120 1
71 121 1
71 122 1
71 123 1
71 124 1
71 125 1
71 126 1
70 127 1
70 128 1
69 129 1
69 130 1
68 131 1
68 132 1
68 133 1
68 134 1
68 135 1
68 136 1
67 137 1
67 138 1
67 139 1
66 140 1
66 141 1
65 142 1
65 143 1
65 144 1
65 145 1
64 146 1
64 147 1
63 148 1
63 149 1
62 150 1
62 151 1
62 152 1
61 153 1
61 154 1
61 155 1
.PEN_UP
