.PEN_DOWN
9 22 1
10 21 1
11 20 1
12 20 1
13 19 1
14 19 1
15 18 1
16 18 1
17 17 1
18 16 1
19 15 1
20 15 1
21 14 1
22 14 1
23 14 1
24 14 1
25 13 1
26 13 1
27 13 1
28 13 1
29 12 1
30 12 1
31 12 1
32 12 1
33 12 1
35 10 1
36 9 1
37 8 1
38 7 1
39 6 1
41 5 1
42 5 1
43 5 1
44 5 1
45 5 1
46 5 1
47 5 1
48 5 1
49 4 1
50 4 1
51 4 1
52 3 1
53 3 1
54 3 1
55 3 1
56 2 1
57 2 1
58 2 1
59 2 1
60 2 1
61 2 1
62 2 1
63 2 1
.PEN_UP
.PEN_DOWN
39 5 1
38 4 1
38 3 1
38 2 1
38 1 1
.PEN_UP
.PEN_DOWN
34 11 1
34 14 1
34 15 1
33 16 1
33 17 1
33 18 1
33 19 1
33 20 1
33 21 1
33 22 1
33 23 1
33 24 1
33 25 1
33 26 1
33 27 1
33 28 1
33 29 1
34 30 1
35 31 1
37 31 1
38 31 1
39 30 1
40 30 1
41 29 1
42 28 1
43 27 1
44 26 1
45 25 1
46 25 1
47 25 1
48 25 1
49 24 1
50 24 1
51 23 1
52 23 1
53 23 1
54 23 1
55 23 1
56 23 1
57 23 1
58 24 1
59 25 1
59 26 1
60 27 1
60 28 1
60 29 1
60 30 1
60 31 1
60 32 1
60 33 1
60 34 1
60 35 1
60 36 1
59 37 1
58 38 1
58 39 1
58 40 1
57 41 1
57 42 1
56 43 1
56 44 1
55 45 1
55 46 1
54 47 1
54 48 1
53 49 1
52 50 1
51 51 1
51 52 1
50 53 1
49 53 1
48 54 1
47 55 1
46 56 1
46 57 1
45 58 1
43 61 1
43 62 1
42 63 1
41 63 1
40 63 1
39 63 1
38 64 1
37 64 1
36 64 1
35 64 1
34 65 1
33 66 1
32 67 1
31 68 1
31 69 1
30 70 1
29 71 1
28 72 1
28 73 1
27 74 1
26 75 1
26 76 1
26 77 1
26 78 1
26 79 1
26 80 1
27 81 1
28 82 1
29 83 1
30 84 1
31 84 1
32 85 1
33 85 1
34 86 1
35 87 1
37 87 1
38 87 1
39 87 1
40 87 1
41 87 1
42 87 1
43 87 1
44 86 1
45 86 1
46 87 1
47 88 1
48 88 1
49 88 1
50 89 1
51 90 1
51 91 1
51 92 1
51 93 1
51 94 1
51 95 1
51 96 1
51 97 1
51 98 1
50 99 1
49 100 1
49 101 1
48 102 1
48 103 1
47 104 1
46 105 1
46 106 1
46 107 1
45 108 1
45 109 1
45 110 1
44 111 1
44 112 1
42 113 1
41 113 1
40 113 1
39 114 1
38 114 1
37 114 1
36 115 1
35 116 1
34 117 1
33 117 1
32 118 1
31 119 1
31 120 1
30 121 1
30 122 1
30 123 1
30 124 1
30 125 1
31 126 1
32 127 1
33 128 1
34 128 1
35 129 1
36 129 1
37 129 1
38 128 1
39 128 1
40 128 1
41 128 1
42 128 1
43 128 1
44 127 1
45 126 1
46 125 1
47 124 1
48 124 1
49 123 1
50 122 1
50 120 1
50 119 1
50 118 1
50 117 1
49 116 1
49 115 1
48 114 1
47 113 1
46 113 1
45 113 1
.PEN_UP
.PEN_DOWN
50 121 1
52 122 1
53 123 1
54 124 1
54 125 1
54 126 1
53 127 1
53 128 1
53 129 1
53 130 1
53 131 1
53 132 1
53 133 1
53 134 1
53 135 1
53 136 1
52 137 1
51 138 1
50 139 1
50 140 1
50 141 1
50 142 1
49 143 1
48 144 1
46 145 1
45 145 1
44 145 1
43 145 1
42 145 1
41 145 1
40 146 1
39 146 1
.PEN_UP
.PEN_DOWN
49 146 1
50 147 1
52 147 1
53 146 1
54 146 1
55 145 1
56 144 1
57 144 1
58 143 1
59 142 1
60 141 1
61 141 1
62 140 1
63 139 1
64 139 1
65 138 1
66 137 1
67 136 1
68 136 1
69 135 1
70 134 1
71 133 1
72 132 1
73 132 1
74 131 1
75 130 1
76 129 1
77 129 1
78 128 1
79 127 1
80 126 1
81 125 1
82 125 1
83 124 1
84 123 1
85 123 1
86 122 1
87 121 1
88 120 1
89 120 1
90 119 1
91 119 1
92 118 1
93 118 1
94 117 1
95 117 1
96 116 1
97 115 1
98 115 1
99 114 1
100 113 1
101 113 1
102 112 1
103 111 1
104 110 1
106 109 1
107 109 1
108 109 1
.PEN_UP
.PEN_DOWN
104 109 1
104 107 1
103 106 1
102 105 1
101 104 1
100 104 1
99 103 1
98 103 1
97 103 1
96 102 1
95 102 1
94 102 1
93 102 1
92 102 1
91 103 1
90 103 1
89 103 1
88 104 1
87 105 1
.PEN_UP
.PEN_DOWN
51 147 1
50 149 1
50 150 1
50 151 1
50 152 1
50 153 1
49 154 1
48 155 1
48 156 1
47 157 1
47 158 1
46 159 1
46 160 1
45 161 1
44 161 1
43 162 1
42 163 1
41 164 1
41 165 1
.PEN_UP
.PEN_DOWN
46 85 1
46 84 1
46 83 1
47 82 1
48 81 1
49 80 1
50 79 1
50 78 1
51 77 1
51 76 1
52 75 1
52 74 1
52 73 1
53 72 1
53 71 1
53 70 1
53 69 1
53 68 1
53 67 1
53 66 1
53 65 1
52 64 1
51 63 1
50 62 1
49 61 1
48 61 1
47 61 1
46 60 1
45 59 1
43 57 1
42 56 1
41 56 1
40 56 1
39 56 1
38 56 1
37 56 1
36 56 1
35 56 1
34 55 1
33 54 1
32 53 1
31 52 1
30 51 1
30 50 1
30 49 1
30 48 1
30 47 1
30 46 1
30 45 1
30 44 1
31 43 1
31 42 1
31 41 1
32 40 1
32 39 1
32 38 1
33 37 1
33 36 1
34 35 1
34 34 1
35 33 1
35 32 1
.PEN_UP
.PEN_DOWN
36 87 1
35 89 1
34 90 1
33 91 1
32 91 1
31 91 1
30 92 1
29 92 1
28 93 1
27 93 1
26 94 1
25 94 1
24 95 1
23 95 1
22 95 1
21 96 1
20 96 1
19 97 1
18 98 1
17 99 1
16 99 1
15 99 1
14 100 1
13 101 1
12 101 1
11 101 1
10 102 1
9 103 1
8 103 1
7 104 1
6 104 1
5 105 1
4 106 1
3 107 1
2 108 1
1 109 1
.PEN_UP
