.PEN_DOWN
18 26 1
19 26 1
20 25 1
21 25 1
22 24 1
23 24 1
24 24 1
25 24 1
26 24 1
27 24 1
28 23 1
29 23 1
30 22 1
31 22 1
32 21 1
33 21 1
34 20 1
35 20 1
36 19 1
37 19 1
38 18 1
39 19 1
40 19 1
41 19 1
42 19 1
43 19 1
44 19 1
45 19 1
46 19 1
48 18 1
49 17 1
50 17 1
51 17 1
52 16 1
53 16 1
54 16 1
55 16 1
.PEN_UP
.PEN_DOWN
47 19 1
47 21 1
47 22 1
47 23 1
47 24 1
47 25 1
47 26 1
46 27 1
46 28 1
45 29 1
45 30 1
44 31 1
44 32 1
44 33 1
44 34 1
43 35 1
43 36 1
43 37 1
41 39 1
40 39 1
39 39 1
38 40 1
37 40 1
36 41 1
35 41 1
34 42 1
.PEN_UP
.PEN_DOWN
43 38 1
45 38 1
46 37 1
47 37 1
48 37 1
49 37 1
50 37 1
51 37 1
52 37 1
53 36 1
54 36 1
55 35 1
56 35 1
.PEN_UP
.PEN_DOWN
42 39 1
43 41 1
43 42 1
43 43 1
43 44 1
43 47 1
44 48 1
44 49 1
48 49 1
49 49 1
50 50 1
51 50 1
52 50 1
53 50 1
54 51 1
55 52 1
56 53 1
56 54 1
56 55 1
56 56 1
56 57 1
56 58 1
56 59 1
56 60 1
55 61 1
55 62 1
55 63 1
54 64 1
54 65 1
54 66 1
53 67 1
53 68 1
53 69 1
52 70 1
52 71 1
52 72 1
51 73 1
51 74 1
50 75 1
50 76 1
49 77 1
48 78 1
48 79 1
47 80 1
46 81 1
45 82 1
44 83 1
43 84 1
42 85 1
42 86 1
41 87 1
41 88 1
40 89 1
40 90 1
39 91 1
37 92 1
36 93 1
35 93 1
34 94 1
33 94 1
32 95 1
31 96 1
30 96 1
29 96 1
28 97 1
27 98 1
26 98 1
25 99 1
24 100 1
22 100 1
21 100 1
20 100 1
19 101 1
18 101 1
.PEN_UP
.PEN_DOWN
23 100 1
24 102 1
24 103 1
24 104 1
25 105 1
25 106 1
26 107 1
27 108 1
28 108 1
29 109 1
30 109 1
31 109 1
32 109 1
33 109 1
34 109 1
35 109 1
36 109 1
37 109 1
38 109 1
39 109 1
40 110 1
42 110 1
43 109 1
44 109 1
45 109 1
46 108 1
47 108 1
48 108 1
49 108 1
50 108 1
51 107 1
52 107 1
53 107 1
54 106 1
55 106 1
56 106 1
57 105 1
58 104 1
59 104 1
.PEN_UP
.PEN_DOWN
41 110 1
39 112 1
39 113 1
39 114 1
38 115 1
38 116 1
37 117 1
36 118 1
35 119 1
34 120 1
33 121 1
32 122 1
32 123 1
32 124 1
31 125 1
31 126 1
32 127 1
33 128 1
34 128 1
35 128 1
36 129 1
37 129 1
38 129 1
39 129 1
40 128 1
41 128 1
42 128 1
43 127 1
44 127 1
45 127 1
46 127 1
47 126 1
48 126 1
49 125 1
50 125 1
51 125 1
52 124 1
53 124 1
54 124 1
55 123 1
56 123 1
57 123 1
58 123 1
59 124 1
59 125 1
59 126 1
59 127 1
59 128 1
58 129 1
58 130 1
57 131 1
56 132 1
55 133 1
54 134 1
53 135 1
52 136 1
52 137 1
51 138 1
51 139 1
51 140 1
49 141 1
48 141 1
47 142 1
46 142 1
45 142 1
44 143 1
43 143 1
42 144 1
41 144 1
40 144 1
39 144 1
38 144 1
37 145 1
36 146 1
35 146 1
34 146 1
33 147 1
32 147 1
30 146 1
29 146 1
28 146 1
27 146 1
26 146 1
25 146 1
24 146 1
23 147 1
22 147 1
21 147 1
20 147 1
19 148 1
18 148 1
17 148 1
16 149 1
15 149 1
14 150 1
13 150 1
12 151 1
11 151 1
10 152 1
9 152 1
8 153 1
8 154 1
8 155 1
8 156 1
9 157 1
10 157 1
11 157 1
12 157 1
13 157 1
14 157 1
15 157 1
16 157 1
17 157 1
18 157 1
19 157 1
20 156 1
21 156 1
22 155 1
23 155 1
24 155 1
25 154 1
26 154 1
27 153 1
28 152 1
29 151 1
30 150 1
30 149 1
31 148 1
.PEN_UP
.PEN_DOWN
50 141 1
53 141 1
54 141 1
55 142 1
56 142 1
57 143 1
58 144 1
58 145 1
57 146 1
57 147 1
57 148 1
56 149 1
55 150 1
54 151 1
53 152 1
52 152 1
51 153 1
50 154 1
49 155 1
48 155 1
47 156 1
45 157 1
44 157 1
43 157 1
42 158 1
41 158 1
40 158 1
39 158 1
38 158 1
37 159 1
36 160 1
35 160 1
34 161 1
.PEN_UP
.PEN_DOWN
46 157 1
47 159 1
47 160 1
47 161 1
47 162 1
47 163 1
47 164 1
46 165 1
46 166 1
46 167 1
46 168 1
46 169 1
45 170 1
45 171 1
43 173 1
42 173 1
41 173 1
40 174 1
39 174 1
38 174 1
37 175 1
36 175 1
35 176 1
34 176 1
33 177 1
32 177 1
31 178 1
30 178 1
29 179 1
28 182 1
28 183 1
27 184 1
26 185 1
25 186 1
24 186 1
23 187 1
22 187 1
21 188 1
20 189 1
19 189 1
18 189 1
17 190 1
16 190 1
15 191 1
14 191 1
13 191 1
12 191 1
11 191 1
10 191 1
9 192 1
8 191 1
7 191 1
6 191 1
5 191 1
4 191 1
3 190 1
3 188 1
4 187 1
4 186 1
5 185 1
6 185 1
7 184 1
8 184 1
9 183 1
10 183 1
11 182 1
12 182 1
13 181 1
14 180 1
15 180 1
16 180 1
17 180 1
18 179 1
19 179 1
20 179 1
21 178 1
22 178 1
23 178 1
24 178 1
25 178 1
26 178 1
27 179 1
.PEN_UP
.PEN_DOWN
44 172 1
46 173 1
47 173 1
48 173 1
49 173 1
50 173 1
51 173 1
52 173 1
53 173 1
54 174 1
55 174 1
56 175 1
56 176 1
56 177 1
56 178 1
56 179 1
56 180 1
56 181 1
56 182 1
56 183 1
55 184 1
55 185 1
54 186 1
53 187 1
52 186 1
51 186 1
50 186 1
49 186 1
48 187 1
47 187 1
46 187 1
45 187 1
44 188 1
43 189 1
42 189 1
41 190 1
40 191 1
39 192 1
38 193 1
37 194 1
37 195 1
37 196 1
37 197 1
37 198 1
38 199 1
39 200 1
40 200 1
41 200 1
42 199 1
43 199 1
44 199 1
45 198 1
46 197 1
47 197 1
48 196 1
49 195 1
50 194 1
51 193 1
52 192 1
53 191 1
55 192 1
56 193 1
56 194 1
56 195 1
56 196 1
56 197 1
55 198 1
55 199 1
55 200 1
55 201 1
54 202 1
54 203 1
54 204 1
54 205 1
54 206 1
54 207 1
54 208 1
53 209 1
53 210 1
53 211 1
52 212 1
.PEN_UP
.PEN_DOWN
38 92 1
41 92 1
42 92 1
43 92 1
44 92 1
45 92 1
46 92 1
47 91 1
48 91 1
49 91 1
50 90 1
51 90 1
52 90 1
53 89 1
54 89 1
55 89 1
56 89 1
57 89 1
58 88 1
.PEN_UP
.PEN_DOWN
43 50 1
42 51 1
41 51 1
40 51 1
39 51 1
38 52 1
37 53 1
36 53 1
35 54 1
34 55 1
33 56 1
32 57 1
32 58 1
32 59 1
31 60 1
31 61 1
30 62 1
30 63 1
30 64 1
30 65 1
.PEN_UP
.PEN_DOWN
44 50 1
46 52 1
46 53 1
46 54 1
46 55 1
46 56 1
46 57 1
46 58 1
46 59 1
45 60 1
45 61 1
45 62 1
44 63 1
44 64 1
44 65 1
43 66 1
42 67 1
41 68 1
40 69 1
39 70 1
38 70 1
37 70 1
36 70 1
35 70 1
34 69 1
.PEN_UP
.PEN_DOWN
42 45 1
41 45 1
40 45 1
39 46 1
.PEN_UP
.PEN_DOWN
39 17 1
39 16 1
40 15 1
40 14 1
41 13 1
41 12 1
42 11 1
43 10 1
44 10 1
45 9 1
46 8 1
47 7 1
47 6 1
48 5 1
49 4 1
49 3 1
50 2 1
51 1 1
.PEN_UP
