.PEN_DOWN
27 45 1
28 45 1
29 44 1
30 43 1
31 43 1
32 43 1
33 43 1
34 43 1
35 42 1
36 41 1
37 40 1
38 40 1
39 40 1
40 38 1
41 37 1
42 36 1
43 35 1
44 34 1
45 34 1
46 33 1
47 33 1
48 33 1
49 34 1
51 33 1
52 33 1
53 32 1
54 32 1
55 31 1
56 31 1
57 30 1
58 29 1
59 29 1
60 28 1
61 28 1
62 27 1
63 27 1
64 26 1
65 26 1
66 25 1
67 25 1
68 24 1
69 24 1
70 23 1
71 23 1
72 22 1
73 22 1
74 21 1
75 21 1
76 20 1
77 19 1
78 19 1
79 18 1
80 18 1
81 17 1
82 17 1
83 17 1
84 16 1
87 16 1
88 16 1
89 16 1
90 16 1
91 16 1
92 16 1
93 16 1
94 16 1
95 16 1
96 15 1
97 16 1
98 16 1
99 16 1
100 16 1
101 17 1
102 18 1
101 19 1
101 20 1
101 21 1
100 22 1
99 23 1
98 23 1
97 24 1
96 25 1
95 25 1
94 25 1
93 26 1
92 26 1
91 27 1
90 27 1
89 28 1
88 28 1
87 29 1
86 29 1
85 29 1
84 30 1
83 30 1
82 31 1
81 32 1
79 33 1
78 33 1
77 33 1
76 33 1
75 33 1
74 33 1
73 34 1
72 34 1
.PEN_UP
.PEN_DOWN
80 33 1
82 35 1
83 36 1
84 37 1
85 38 1
85 39 1
85 40 1
85 41 1
85 42 1
85 43 1
85 44 1
84 45 1
84 46 1
83 47 1
83 48 1
83 49 1
82 50 1
82 51 1
82 52 1
80 54 1
79 54 1
78 55 1
77 56 1
76 57 1
75 57 1
74 58 1
73 59 1
72 60 1
71 61 1
69 61 1
68 62 1
67 62 1
66 63 1
65 63 1
64 64 1
63 65 1
63 66 1
62 67 1
62 68 1
62 69 1
62 70 1
62 71 1
63 72 1
66 72 1
67 71 1
68 70 1
69 69 1
69 68 1
70 67 1
70 66 1
71 65 1
71 64 1
71 63 1
71 62 1
.PEN_UP
.PEN_DOWN
81 53 1
84 53 1
85 53 1
86 53 1
87 53 1
88 53 1
89 53 1
90 53 1
91 53 1
92 53 1
93 53 1
94 54 1
95 55 1
95 56 1
95 57 1
95 58 1
95 59 1
94 60 1
94 61 1
93 62 1
92 63 1
91 64 1
91 65 1
90 66 1
89 67 1
88 68 1
87 69 1
87 70 1
86 71 1
85 71 1
84 72 1
83 73 1
82 74 1
81 75 1
80 76 1
79 77 1
78 78 1
77 79 1
76 80 1
75 81 1
75 82 1
74 83 1
74 84 1
74 85 1
73 86 1
73 87 1
73 88 1
72 90 1
71 90 1
70 91 1
69 91 1
68 91 1
67 92 1
66 93 1
65 93 1
64 94 1
63 95 1
62 96 1
61 96 1
60 97 1
59 98 1
58 98 1
57 99 1
56 100 1
55 100 1
54 101 1
53 102 1
52 102 1
51 103 1
50 103 1
49 104 1
48 105 1
47 105 1
46 106 1
45 106 1
44 107 1
43 108 1
42 109 1
41 109 1
40 110 1
39 110 1
38 111 1
37 112 1
36 112 1
35 113 1
34 114 1
33 114 1
32 115 1
32 119 1
31 120 1
30 121 1
29 122 1
28 122 1
27 123 1
26 124 1
25 124 1
24 125 1
23 126 1
22 126 1
21 127 1
20 127 1
19 127 1
18 128 1
17 129 1
16 129 1
15 130 1
14 130 1
13 131 1
12 131 1
11 132 1
10 132 1
9 132 1
8 133 1
7 133 1
6 133 1
5 133 1
4 133 1
3 133 1
2 133 1
1 132 1
1 131 1
1 130 1
1 129 1
1 128 1
1 127 1
2 126 1
3 126 1
4 125 1
5 125 1
6 124 1
7 123 1
8 123 1
9 123 1
10 122 1
11 122 1
12 121 1
13 121 1
14 120 1
15 119 1
16 119 1
17 118 1
18 118 1
19 118 1
20 117 1
21 117 1
22 116 1
23 116 1
24 115 1
25 115 1
26 114 1
27 114 1
28 114 1
29 114 1
30 115 1
.PEN_UP
.PEN_DOWN
73 89 1
75 91 1
76 92 1
76 93 1
76 94 1
75 95 1
75 96 1
75 97 1
75 98 1
75 99 1
75 100 1
75 101 1
74 102 1
74 103 1
74 104 1
73 105 1
73 106 1
73 107 1
72 108 1
72 109 1
71 110 1
71 111 1
71 112 1
71 113 1
70 114 1
70 115 1
70 116 1
69 119 1
68 119 1
67 120 1
67 121 1
66 122 1
65 123 1
64 124 1
64 125 1
63 126 1
63 127 1
64 129 1
65 130 1
65 131 1
65 132 1
65 133 1
65 134 1
65 135 1
65 136 1
65 137 1
65 138 1
65 139 1
66 140 1
66 141 1
66 142 1
67 143 1
68 144 1
69 145 1
70 146 1
71 146 1
72 146 1
73 146 1
74 146 1
75 146 1
76 147 1
78 147 1
79 146 1
80 146 1
81 146 1
82 145 1
83 145 1
84 145 1
85 145 1
86 145 1
87 144 1
88 144 1
89 143 1
90 143 1
91 142 1
92 142 1
.PEN_UP
.PEN_DOWN
77 147 1
76 149 1
76 150 1
76 151 1
77 152 1
77 153 1
77 154 1
78 155 1
79 156 1
80 157 1
81 158 1
81 159 1
82 160 1
82 161 1
82 162 1
82 163 1
82 164 1
82 165 1
82 166 1
83 168 1
84 168 1
85 168 1
86 168 1
87 168 1
88 168 1
89 169 1
90 169 1
91 170 1
92 171 1
93 172 1
93 173 1
93 174 1
93 175 1
94 176 1
94 177 1
93 178 1
93 179 1
93 180 1
93 181 1
93 182 1
93 183 1
92 184 1
92 185 1
92 186 1
91 187 1
91 188 1
90 189 1
90 190 1
89 191 1
.PEN_UP
.PEN_DOWN
81 167 1
79 166 1
78 166 1
77 167 1
76 167 1
75 167 1
74 167 1
73 167 1
72 167 1
71 167 1
70 167 1
69 168 1
68 169 1
67 170 1
66 171 1
65 172 1
64 173 1
63 174 1
62 175 1
62 176 1
62 177 1
62 178 1
62 179 1
63 180 1
63 181 1
64 182 1
65 183 1
66 183 1
67 183 1
68 183 1
69 184 1
70 183 1
71 183 1
72 183 1
73 182 1
74 181 1
75 180 1
75 179 1
76 178 1
77 177 1
77 176 1
78 175 1
78 174 1
78 173 1
79 172 1
79 171 1
79 170 1
79 169 1
80 168 1
.PEN_UP
.PEN_DOWN
70 117 1
72 117 1
73 117 1
74 117 1
75 117 1
76 117 1
77 117 1
78 117 1
79 117 1
80 116 1
81 116 1
82 115 1
83 115 1
84 114 1
85 114 1
86 113 1
87 112 1
88 112 1
89 112 1
90 111 1
91 111 1
92 111 1
93 111 1
.PEN_UP
.PEN_DOWN
74 89 1
76 88 1
77 88 1
78 88 1
79 87 1
80 87 1
81 87 1
82 87 1
83 86 1
84 86 1
85 85 1
86 85 1
87 84 1
88 84 1
89 83 1
90 82 1
91 82 1
92 82 1
93 81 1
94 81 1
95 80 1
96 80 1
97 79 1
98 79 1
99 78 1
100 78 1
101 77 1
102 77 1
103 76 1
104 76 1
105 76 1
106 75 1
107 75 1
108 74 1
109 74 1
110 73 1
111 73 1
112 73 1
113 72 1
114 72 1
115 71 1
116 71 1
117 71 1
118 71 1
119 70 1
120 70 1
121 69 1
122 69 1
123 69 1
124 68 1
125 67 1
126 67 1
127 67 1
128 66 1
129 66 1
130 66 1
131 65 1
132 65 1
.PEN_UP
.PEN_DOWN
85 15 1
85 14 1
85 13 1
86 12 1
86 11 1
87 10 1
88 9 1
89 8 1
89 7 1
90 6 1
91 5 1
92 4 1
93 3 1
93 2 1
94 1 1
.PEN_UP
.PEN_DOWN
49 35 1
48 36 1
48 37 1
47 38 1
46 39 1
45 39 1
44 40 1
43 40 1
42 40 1
41 40 1
.PEN_UP
