.PEN_DOWN
5 30 1
6 30 1
7 30 1
8 30 1
9 30 1
10 30 1
11 30 1
12 29 1
13 29 1
14 29 1
15 29 1
16 29 1
17 29 1
18 29 1
19 29 1
20 29 1
21 28 1
22 28 1
23 28 1
24 28 1
25 28 1
26 28 1
27 27 1
28 27 1
29 26 1
31 26 1
32 26 1
33 26 1
34 26 1
35 26 1
36 25 1
37 25 1
38 25 1
39 25 1
40 25 1
41 25 1
42 25 1
44 26 1
45 26 1
46 26 1
47 27 1
.PEN_UP
.PEN_DOWN
43 24 1
43 23 1
43 22 1
44 21 1
44 20 1
44 19 1
44 18 1
45 17 1
45 16 1
46 15 1
46 14 1
46 13 1
46 12 1
46 11 1
47 10 1
47 9 1
46 8 1
46 7 1
46 6 1
46 5 1
45 4 1
44 3 1
43 2 1
42 1 1
41 1 1
40 1 1
39 1 1
38 1 1
37 1 1
36 1 1
35 1 1
34 2 1
33 3 1
32 4 1
32 5 1
31 6 1
30 7 1
30 8 1
29 9 1
28 10 1
28 11 1
28 12 1
28 13 1
28 14 1
27 15 1
27 16 1
27 17 1
28 18 1
28 19 1
28 20 1
28 21 1
28 22 1
28 23 1
29 24 1
29 25 1
.PEN_UP
.PEN_DOWN
44 62 1
44 61 1
44 60 1
45 59 1
45 58 1
45 57 1
45 56 1
46 55 1
46 54 1
46 53 1
46 52 1
46 51 1
46 50 1
46 49 1
46 48 1
45 47 1
44 46 1
43 46 1
42 45 1
41 43 1
41 42 1
40 41 1
39 40 1
38 40 1
37 39 1
36 40 1
35 40 1
34 40 1
33 40 1
32 41 1
31 42 1
31 43 1
31 44 1
30 45 1
30 46 1
30 47 1
31 48 1
32 48 1
33 49 1
34 49 1
35 49 1
36 49 1
37 48 1
38 48 1
39 47 1
40 46 1
41 45 1
.PEN_UP
.PEN_DOWN
32 73 1
32 74 1
32 75 1
32 76 1
32 77 1
33 78 1
33 79 1
33 80 1
32 85 1
32 86 1
32 87 1
32 88 1
32 89 1
32 90 1
32 91 1
32 92 1
33 93 1
32 96 1
32 97 1
32 98 1
31 99 1
31 100 1
30 101 1
30 102 1
30 103 1
29 104 1
29 105 1
29 106 1
29 107 1
29 108 1
29 109 1
29 110 1
29 111 1
29 112 1
30 113 1
31 114 1
32 114 1
33 115 1
34 115 1
35 115 1
36 115 1
37 115 1
38 114 1
39 113 1
40 112 1
42 113 1
43 113 1
44 113 1
45 114 1
46 115 1
47 115 1
48 116 1
49 117 1
49 118 1
49 119 1
50 120 1
50 121 1
50 122 1
50 123 1
50 124 1
50 125 1
49 126 1
49 127 1
49 128 1
48 129 1
48 130 1
48 131 1
48 132 1
48 133 1
47 134 1
47 135 1
47 136 1
46 137 1
46 138 1
46 139 1
46 140 1
44 141 1
43 141 1
42 142 1
41 142 1
40 142 1
39 142 1
38 142 1
37 142 1
36 142 1
35 142 1
34 142 1
33 142 1
32 143 1
31 143 1
.PEN_UP
.PEN_DOWN
45 141 1
48 142 1
49 142 1
50 143 1
51 143 1
.PEN_UP
.PEN_DOWN
41 111 1
41 110 1
41 109 1
41 108 1
41 107 1
41 106 1
42 105 1
43 104 1
43 103 1
44 102 1
43 101 1
43 100 1
43 99 1
43 98 1
43 97 1
42 96 1
41 95 1
40 94 1
39 94 1
38 94 1
37 94 1
36 94 1
35 94 1
34 94 1
.PEN_UP
.PEN_DOWN
33 81 1
35 81 1
36 81 1
37 81 1
38 81 1
39 81 1
40 81 1
41 81 1
42 81 1
43 81 1
44 81 1
45 81 1
46 81 1
47 82 1
48 82 1
49 82 1
.PEN_UP
.PEN_DOWN
34 81 1
30 83 1
29 83 1
28 83 1
27 83 1
26 83 1
25 83 1
24 83 1
23 84 1
22 84 1
21 84 1
20 84 1
19 84 1
18 85 1
17 85 1
16 86 1
15 86 1
14 86 1
13 86 1
12 86 1
11 87 1
10 87 1
9 88 1
8 88 1
7 88 1
6 89 1
5 89 1
4 89 1
3 90 1
2 89 1
1 89 1
.PEN_UP
.PEN_DOWN
16 169 1
17 168 1
18 168 1
19 168 1
20 168 1
21 167 1
22 167 1
23 167 1
24 167 1
25 167 1
26 166 1
27 166 1
28 166 1
29 165 1
30 165 1
31 165 1
32 165 1
33 164 1
34 164 1
35 164 1
36 164 1
37 164 1
38 164 1
39 163 1
40 163 1
41 163 1
42 163 1
43 163 1
44 163 1
45 162 1
46 162 1
47 162 1
48 162 1
49 163 1
50 163 1
.PEN_UP
.PEN_DOWN
47 172 1
48 172 1
49 172 1
50 172 1
51 172 1
52 173 1
53 174 1
53 175 1
54 176 1
54 177 1
54 178 1
54 179 1
54 180 1
54 181 1
53 182 1
53 183 1
53 184 1
53 185 1
52 186 1
52 187 1
51 188 1
51 189 1
50 190 1
49 190 1
48 190 1
47 191 1
46 190 1
45 190 1
44 190 1
43 189 1
42 188 1
41 187 1
41 186 1
40 185 1
39 184 1
38 183 1
37 182 1
36 182 1
35 182 1
34 182 1
33 183 1
32 183 1
31 184 1
31 185 1
31 186 1
30 187 1
30 188 1
30 189 1
29 190 1
29 191 1
29 192 1
29 193 1
.PEN_UP
