.PEN_DOWN
56 1 1
55 2 1
55 3 1
55 4 1
55 5 1
54 6 1
54 7 1
54 10 1
54 11 1
53 12 1
53 13 1
53 14 1
53 15 1
52 16 1
51 17 1
51 18 1
50 19 1
49 20 1
49 21 1
48 22 1
48 23 1
47 24 1
46 25 1
46 26 1
45 27 1
45 28 1
44 29 1
44 30 1
43 31 1
42 32 1
42 33 1
41 34 1
40 35 1
40 38 1
41 38 1
42 38 1
43 38 1
44 37 1
45 37 1
46 37 1
47 36 1
48 35 1
49 34 1
50 33 1
51 32 1
52 31 1
53 30 1
54 29 1
55 28 1
55 27 1
56 26 1
57 25 1
58 24 1
58 23 1
59 22 1
59 21 1
.PEN_UP
.PEN_DOWN
39 34 1
36 32 1
37 31 1
37 30 1
37 29 1
38 28 1
38 27 1
38 26 1
38 25 1
39 24 1
39 23 1
40 22 1
40 21 1
41 20 1
41 19 1
42 18 1
42 17 1
43 16 1
44 15 1
45 14 1
45 13 1
46 12 1
47 11 1
48 10 1
49 9 1
50 9 1
51 8 1
52 8 1
53 8 1
.PEN_UP
.PEN_DOWN
38 40 1
38 41 1
36 43 1
35 43 1
34 44 1
34 45 1
33 46 1
33 47 1
32 48 1
31 49 1
30 50 1
29 51 1
28 51 1
27 52 1
26 53 1
25 54 1
24 55 1
23 56 1
22 57 1
21 58 1
20 59 1
19 60 1
18 61 1
17 62 1
17 63 1
16 64 1
16 65 1
15 66 1
14 67 1
13 68 1
12 69 1
11 70 1
10 71 1
9 71 1
8 72 1
7 73 1
6 74 1
5 75 1
5 76 1
4 77 1
3 78 1
2 78 1
1 79 1
.PEN_UP
.PEN_DOWN
37 42 1
40 43 1
41 44 1
42 44 1
43 44 1
44 44 1
45 44 1
46 44 1
47 45 1
48 45 1
49 45 1
50 45 1
51 45 1
52 45 1
.PEN_UP
