.PEN_DOWN
30 4 1
31 3 1
32 3 1
33 3 1
34 3 1
35 2 1
36 2 1
37 2 1
38 2 1
39 1 1
40 1 1
41 1 1
42 1 1
43 2 1
44 2 1
45 2 1
46 3 1
47 3 1
48 3 1
49 4 1
50 5 1
51 6 1
52 7 1
53 8 1
54 9 1
54 10 1
54 11 1
54 12 1
54 13 1
54 14 1
54 15 1
53 16 1
53 17 1
53 18 1
53 19 1
52 20 1
52 21 1
52 22 1
51 23 1
51 24 1
51 25 1
50 26 1
50 27 1
49 28 1
49 29 1
49 30 1
49 31 1
49 32 1
49 33 1
50 34 1
51 35 1
52 36 1
53 37 1
54 38 1
55 39 1
56 40 1
57 41 1
58 42 1
59 43 1
60 44 1
60 45 1
61 46 1
61 47 1
61 48 1
62 49 1
62 50 1
62 51 1
62 52 1
62 53 1
62 54 1
62 55 1
62 56 1
61 57 1
61 58 1
61 59 1
61 60 1
60 61 1
60 62 1
59 63 1
59 64 1
58 65 1
57 65 1
56 66 1
55 66 1
54 66 1
53 66 1
52 66 1
51 66 1
50 67 1
49 68 1
49 69 1
48 70 1
48 71 1
46 73 1
45 73 1
44 74 1
43 74 1
42 74 1
41 74 1
40 74 1
39 75 1
38 75 1
37 76 1
36 76 1
35 77 1
34 78 1
33 79 1
33 80 1
32 81 1
32 82 1
31 83 1
31 84 1
30 85 1
30 86 1
29 87 1
29 88 1
29 89 1
29 90 1
29 91 1
29 92 1
30 93 1
31 94 1
32 95 1
33 95 1
34 95 1
35 95 1
36 95 1
37 95 1
38 94 1
39 94 1
40 93 1
41 92 1
42 91 1
43 90 1
44 89 1
45 88 1
46 87 1
47 86 1
48 85 1
49 84 1
49 83 1
50 82 1
51 81 1
52 80 1
53 79 1
53 77 1
52 76 1
51 75 1
50 74 1
49 73 1
48 72 1
.PEN_UP
.PEN_DOWN
54 78 1
56 80 1
57 81 1
58 82 1
58 83 1
58 84 1
58 85 1
59 86 1
59 87 1
59 88 1
59 89 1
59 90 1
59 91 1
59 92 1
59 93 1
59 94 1
59 95 1
59 96 1
59 97 1
59 98 1
58 99 1
58 100 1
58 101 1
58 102 1
58 103 1
57 104 1
57 105 1
57 106 1
57 107 1
56 108 1
56 109 1
56 110 1
55 111 1
55 112 1
54 113 1
54 114 1
53 115 1
53 116 1
52 117 1
51 118 1
50 119 1
49 119 1
48 119 1
47 119 1
46 119 1
45 119 1
44 119 1
43 118 1
42 118 1
41 118 1
40 118 1
39 118 1
38 118 1
37 118 1
36 118 1
35 118 1
34 118 1
33 118 1
32 118 1
31 118 1
30 118 1
29 118 1
28 118 1
27 118 1
26 118 1
25 119 1
24 119 1
23 119 1
22 119 1
21 119 1
20 119 1
19 119 1
18 119 1
17 120 1
16 120 1
15 120 1
14 120 1
13 120 1
12 120 1
11 120 1
10 120 1
9 120 1
8 121 1
7 121 1
6 122 1
5 122 1
4 122 1
.PEN_UP
.PEN_DOWN
1 142 1
2 141 1
3 140 1
4 140 1
5 140 1
6 140 1
7 139 1
8 139 1
9 139 1
10 139 1
11 139 1
12 138 1
13 138 1
14 138 1
15 138 1
16 138 1
17 138 1
18 138 1
19 138 1
20 137 1
21 137 1
22 137 1
23 137 1
24 137 1
25 137 1
26 137 1
27 137 1
28 137 1
29 137 1
30 137 1
31 136 1
32 136 1
33 136 1
34 136 1
35 136 1
36 136 1
37 136 1
38 136 1
39 136 1
40 136 1
41 136 1
42 136 1
43 136 1
44 136 1
45 136 1
46 136 1
47 136 1
48 136 1
49 136 1
50 136 1
51 136 1
52 137 1
53 137 1
54 137 1
55 137 1
56 137 1
57 138 1
58 138 1
59 139 1
60 139 1
.PEN_UP
.PEN_DOWN
31 164 1
30 165 1
29 166 1
28 167 1
28 168 1
27 169 1
27 170 1
27 171 1
27 172 1
27 173 1
27 174 1
27 175 1
26 176 1
26 177 1
26 178 1
.PEN_UP
.PEN_DOWN
22 204 1
23 204 1
24 204 1
25 204 1
26 204 1
27 204 1
28 203 1
29 203 1
30 203 1
31 204 1
32 204 1
33 204 1
34 204 1
35 204 1
36 204 1
37 204 1
38 204 1
39 204 1
40 205 1
41 206 1
41 207 1
40 208 1
40 209 1
40 210 1
40 211 1
39 212 1
39 213 1
39 214 1
39 215 1
38 216 1
38 217 1
38 218 1
37 219 1
37 220 1
37 221 1
37 222 1
37 223 1
37 224 1
38 225 1
39 226 1
40 227 1
41 228 1
42 228 1
43 229 1
44 230 1
45 231 1
46 231 1
47 232 1
48 232 1
49 232 1
50 232 1
51 233 1
52 233 1
53 233 1
54 233 1
.PEN_UP
.PEN_DOWN
41 250 1
42 250 1
43 251 1
44 251 1
45 251 1
46 251 1
47 251 1
48 251 1
49 251 1
50 251 1
51 251 1
52 251 1
53 252 1
54 252 1
.PEN_UP
.PEN_DOWN
90 265 1
90 266 1
90 267 1
89 268 1
89 269 1
88 270 1
88 271 1
87 272 1
87 273 1
86 274 1
86 275 1
85 276 1
85 277 1
84 278 1
83 279 1
82 280 1
82 281 1
81 282 1
80 283 1
80 284 1
79 285 1
78 286 1
77 287 1
76 288 1
75 289 1
74 289 1
73 290 1
72 290 1
71 290 1
70 291 1
69 291 1
68 291 1
67 291 1
66 291 1
65 291 1
64 291 1
63 290 1
62 290 1
61 289 1
60 288 1
59 287 1
58 286 1
57 285 1
56 284 1
55 283 1
54 282 1
53 280 1
53 279 1
52 278 1
52 277 1
51 276 1
50 275 1
50 274 1
49 273 1
49 272 1
48 271 1
47 270 1
47 269 1
46 268 1
46 267 1
45 266 1
45 265 1
44 264 1
43 263 1
42 263 1
41 263 1
40 263 1
39 263 1
38 263 1
37 264 1
37 265 1
37 266 1
37 267 1
37 268 1
37 269 1
37 270 1
37 271 1
37 272 1
37 273 1
37 274 1
37 275 1
37 276 1
36 277 1
36 278 1
36 279 1
36 280 1
36 281 1
36 282 1
36 283 1
37 284 1
37 285 1
37 286 1
38 287 1
39 288 1
40 288 1
41 288 1
42 288 1
43 288 1
44 288 1
45 287 1
46 287 1
47 286 1
48 285 1
49 284 1
50 284 1
51 283 1
52 282 1
.PEN_UP
.PEN_DOWN
11 299 1
12 298 1
13 298 1
14 298 1
15 297 1
16 297 1
17 297 1
18 297 1
19 297 1
20 297 1
21 297 1
22 297 1
23 297 1
24 297 1
25 297 1
26 297 1
27 297 1
28 297 1
29 297 1
30 297 1
31 297 1
32 297 1
33 297 1
34 297 1
35 297 1
36 297 1
37 297 1
38 297 1
39 298 1
40 298 1
41 298 1
42 298 1
43 298 1
44 298 1
45 298 1
46 299 1
47 299 1
48 299 1
49 300 1
50 301 1
50 302 1
50 303 1
50 304 1
49 305 1
49 306 1
48 307 1
48 308 1
47 309 1
47 310 1
47 311 1
47 312 1
48 313 1
49 314 1
50 315 1
51 316 1
52 317 1
53 317 1
54 318 1
55 319 1
56 320 1
57 321 1
.PEN_UP
