.PEN_DOWN
1 28 1
2 27 1
3 26 1
4 26 1
5 26 1
6 25 1
7 25 1
8 25 1
9 25 1
10 25 1
11 25 1
12 25 1
13 26 1
14 26 1
15 26 1
16 26 1
17 26 1
18 26 1
19 26 1
20 26 1
21 26 1
22 26 1
23 26 1
24 26 1
25 26 1
26 26 1
27 26 1
28 26 1
29 27 1
32 27 1
33 27 1
34 27 1
35 27 1
36 27 1
37 27 1
38 27 1
39 27 1
40 27 1
41 27 1
42 27 1
43 27 1
44 27 1
45 27 1
46 27 1
47 27 1
48 27 1
49 27 1
50 27 1
51 27 1
52 26 1
53 26 1
54 26 1
55 26 1
56 26 1
57 26 1
58 25 1
59 25 1
60 25 1
61 25 1
62 25 1
63 25 1
64 25 1
65 24 1
66 23 1
67 23 1
.PEN_UP
.PEN_DOWN
30 26 1
30 25 1
30 24 1
31 23 1
31 22 1
31 21 1
31 20 1
31 19 1
31 18 1
32 17 1
32 16 1
32 15 1
32 14 1
32 13 1
32 12 1
32 11 1
32 10 1
32 9 1
32 8 1
32 7 1
32 6 1
33 5 1
32 4 1
32 3 1
31 2 1
31 1 1
.PEN_UP
.PEN_DOWN
30 27 1
29 29 1
29 30 1
29 31 1
29 32 1
29 33 1
29 34 1
29 35 1
29 36 1
29 37 1
29 38 1
29 39 1
29 40 1
29 41 1
30 42 1
30 43 1
30 44 1
.PEN_UP
