.PEN_DOWN
44 6 1
45 6 1
46 5 1
47 5 1
48 5 1
49 5 1
50 5 1
51 5 1
52 5 1
53 5 1
54 5 1
55 4 1
56 4 1
57 4 1
58 4 1
59 4 1
60 4 1
61 4 1
62 4 1
63 4 1
64 4 1
65 4 1
66 3 1
67 3 1
68 3 1
69 3 1
70 3 1
71 3 1
72 2 1
73 2 1
74 2 1
75 2 1
76 2 1
77 1 1
78 1 1
79 1 1
80 1 1
81 1 1
82 1 1
83 1 1
84 1 1
85 1 1
86 1 1
87 1 1
.PEN_UP
.PEN_DOWN
1 46 1
2 46 1
3 45 1
4 45 1
5 45 1
6 45 1
7 44 1
8 44 1
9 44 1
10 44 1
11 44 1
12 43 1
13 43 1
14 43 1
15 43 1
16 42 1
17 42 1
18 42 1
19 42 1
20 42 1
21 41 1
22 41 1
23 41 1
24 41 1
25 41 1
26 41 1
27 41 1
28 41 1
29 41 1
30 40 1
31 40 1
32 40 1
33 40 1
34 40 1
35 40 1
36 40 1
37 40 1
38 39 1
39 39 1
40 39 1
41 39 1
42 39 1
43 39 1
44 39 1
45 39 1
46 38 1
47 38 1
51 38 1
52 37 1
53 37 1
54 37 1
55 37 1
56 37 1
57 37 1
58 37 1
59 37 1
60 37 1
61 37 1
62 37 1
63 37 1
64 37 1
65 37 1
66 37 1
67 37 1
68 37 1
69 37 1
70 37 1
71 37 1
72 38 1
73 38 1
74 38 1
75 38 1
76 39 1
77 39 1
78 39 1
79 39 1
80 40 1
81 40 1
.PEN_UP
.PEN_DOWN
48 38 1
48 40 1
48 41 1
48 42 1
48 43 1
48 44 1
48 45 1
48 46 1
48 47 1
48 48 1
48 49 1
48 50 1
48 51 1
48 52 1
48 53 1
48 54 1
48 55 1
48 56 1
49 57 1
49 58 1
49 59 1
49 60 1
49 61 1
49 62 1
49 63 1
49 64 1
49 65 1
.PEN_UP
.PEN_DOWN
49 37 1
49 36 1
49 35 1
49 34 1
49 33 1
49 32 1
49 31 1
49 30 1
49 29 1
49 28 1
49 27 1
49 26 1
50 25 1
.PEN_UP
