.PEN_DOWN
1 16 1
2 16 1
3 17 1
4 17 1
5 17 1
6 17 1
7 17 1
8 17 1
9 17 1
10 18 1
11 18 1
12 18 1
13 19 1
14 19 1
15 19 1
16 19 1
17 19 1
18 19 1
19 19 1
20 19 1
21 19 1
22 19 1
23 19 1
24 20 1
25 20 1
26 20 1
27 20 1
28 20 1
29 20 1
30 20 1
31 20 1
32 20 1
33 20 1
34 20 1
35 20 1
36 20 1
37 20 1
38 20 1
39 20 1
40 20 1
41 20 1
42 20 1
43 20 1
44 20 1
45 20 1
46 20 1
47 20 1
48 20 1
49 20 1
50 20 1
51 21 1
53 21 1
54 21 1
55 21 1
56 20 1
57 20 1
58 20 1
59 20 1
60 20 1
61 20 1
62 20 1
63 20 1
64 20 1
65 20 1
66 20 1
67 20 1
68 20 1
69 20 1
70 20 1
71 20 1
72 19 1
73 19 1
74 19 1
75 19 1
76 19 1
77 19 1
78 19 1
79 19 1
80 19 1
81 19 1
82 19 1
83 19 1
84 20 1
85 20 1
86 20 1
87 20 1
.PEN_UP
.PEN_DOWN
51 22 1
50 23 1
50 24 1
50 25 1
49 26 1
49 27 1
48 28 1
47 29 1
47 30 1
46 31 1
46 32 1
46 33 1
46 34 1
46 35 1
46 36 1
46 37 1
47 38 1
47 39 1
48 40 1
48 41 1
49 42 1
50 43 1
51 44 1
52 45 1
53 46 1
54 47 1
55 47 1
56 47 1
57 48 1
58 48 1
59 49 1
60 49 1
61 49 1
62 50 1
63 50 1
64 50 1
65 50 1
66 50 1
67 50 1
68 51 1
69 51 1
70 51 1
71 51 1
72 51 1
73 51 1
74 50 1
75 50 1
76 50 1
77 50 1
78 50 1
79 49 1
80 49 1
81 49 1
82 48 1
83 48 1
84 48 1
85 48 1
86 47 1
87 46 1
88 46 1
89 46 1
90 45 1
91 44 1
92 43 1
93 42 1
94 41 1
95 40 1
95 39 1
96 38 1
96 37 1
97 36 1
97 35 1
98 34 1
98 33 1
98 32 1
98 31 1
98 30 1
98 29 1
98 28 1
98 27 1
98 26 1
98 25 1
98 24 1
97 23 1
97 22 1
.PEN_UP
.PEN_DOWN
75 78 1
75 79 1
75 80 1
75 81 1
75 82 1
75 83 1
74 84 1
73 85 1
72 86 1
71 87 1
70 87 1
69 88 1
68 89 1
67 89 1
66 89 1
65 90 1
64 90 1
63 91 1
62 91 1
61 91 1
60 92 1
59 92 1
58 92 1
57 92 1
56 92 1
55 92 1
54 92 1
53 92 1
52 92 1
51 91 1
50 91 1
49 90 1
48 90 1
47 89 1
46 88 1
45 87 1
45 86 1
45 85 1
45 84 1
45 83 1
46 82 1
47 81 1
48 80 1
49 79 1
50 78 1
51 77 1
52 76 1
53 75 1
54 75 1
55 74 1
56 73 1
57 73 1
58 73 1
59 72 1
60 72 1
61 72 1
62 71 1
63 71 1
64 70 1
65 70 1
66 69 1
67 69 1
68 69 1
69 68 1
70 68 1
71 68 1
72 68 1
73 68 1
74 67 1
75 67 1
76 67 1
77 67 1
78 66 1
79 66 1
80 66 1
81 66 1
82 66 1
83 66 1
84 66 1
85 66 1
86 67 1
87 67 1
88 67 1
89 67 1
90 67 1
91 68 1
92 69 1
93 70 1
94 71 1
94 72 1
95 73 1
95 74 1
95 75 1
95 76 1
95 77 1
95 78 1
95 79 1
94 80 1
94 81 1
94 82 1
93 83 1
92 84 1
92 85 1
91 86 1
90 87 1
89 88 1
88 89 1
87 90 1
86 91 1
85 92 1
84 93 1
83 94 1
82 95 1
81 95 1
80 96 1
79 97 1
.PEN_UP
.PEN_DOWN
2 113 1
2 112 1
3 111 1
4 111 1
5 111 1
6 112 1
7 112 1
8 112 1
9 112 1
10 112 1
11 112 1
12 113 1
13 113 1
14 113 1
15 113 1
16 113 1
17 113 1
18 113 1
19 113 1
20 113 1
21 113 1
22 113 1
23 113 1
24 114 1
25 114 1
26 114 1
27 114 1
28 114 1
29 114 1
30 114 1
31 114 1
32 114 1
33 114 1
34 114 1
35 114 1
36 114 1
37 114 1
38 114 1
39 114 1
40 114 1
41 114 1
42 114 1
43 114 1
44 115 1
45 115 1
46 115 1
47 115 1
48 115 1
49 115 1
50 115 1
51 115 1
52 115 1
53 115 1
54 113 1
53 112 1
53 111 1
53 110 1
53 109 1
53 108 1
52 107 1
52 106 1
.PEN_UP
.PEN_DOWN
54 114 1
58 116 1
59 116 1
60 116 1
61 116 1
62 116 1
63 116 1
64 116 1
65 116 1
66 116 1
67 116 1
68 116 1
69 116 1
70 117 1
71 117 1
72 117 1
73 117 1
74 117 1
75 117 1
76 118 1
77 118 1
78 118 1
79 118 1
80 118 1
81 118 1
82 118 1
83 118 1
84 118 1
85 118 1
86 119 1
87 119 1
.PEN_UP
.PEN_DOWN
54 115 1
56 118 1
56 119 1
56 120 1
56 121 1
56 122 1
55 123 1
55 124 1
55 125 1
55 126 1
55 127 1
55 128 1
55 129 1
.PEN_UP
.PEN_DOWN
47 148 1
48 147 1
49 146 1
50 145 1
51 145 1
52 145 1
53 145 1
54 144 1
55 144 1
56 144 1
57 144 1
58 144 1
59 144 1
60 144 1
61 143 1
62 143 1
63 143 1
64 144 1
65 144 1
66 144 1
67 144 1
68 144 1
69 144 1
70 144 1
71 144 1
72 144 1
73 145 1
74 145 1
75 145 1
76 146 1
77 147 1
78 148 1
78 149 1
78 150 1
78 151 1
77 152 1
77 153 1
76 154 1
75 155 1
75 156 1
74 157 1
73 158 1
72 159 1
71 160 1
70 161 1
70 162 1
69 163 1
69 164 1
69 165 1
69 166 1
69 167 1
69 168 1
69 169 1
69 170 1
69 171 1
69 172 1
70 173 1
70 174 1
71 175 1
71 176 1
72 177 1
73 178 1
74 179 1
75 180 1
75 181 1
76 182 1
77 183 1
77 184 1
78 185 1
78 186 1
79 187 1
79 188 1
79 189 1
80 190 1
80 191 1
80 192 1
80 193 1
80 194 1
80 195 1
80 196 1
79 197 1
79 198 1
79 199 1
78 200 1
78 201 1
77 202 1
76 203 1
76 204 1
75 205 1
74 206 1
73 207 1
72 208 1
71 209 1
70 209 1
69 210 1
68 210 1
67 211 1
66 211 1
65 212 1
64 212 1
63 213 1
62 213 1
61 213 1
60 213 1
59 213 1
58 213 1
57 213 1
56 213 1
55 212 1
54 212 1
53 212 1
52 212 1
51 211 1
50 211 1
49 210 1
48 209 1
47 208 1
46 207 1
45 206 1
45 205 1
45 204 1
45 203 1
45 202 1
46 201 1
46 200 1
47 199 1
.PEN_UP
.PEN_DOWN
86 235 1
86 234 1
85 233 1
85 232 1
85 231 1
84 230 1
83 229 1
83 228 1
82 227 1
81 226 1
80 225 1
79 224 1
78 224 1
77 224 1
76 224 1
75 223 1
74 223 1
73 223 1
70 223 1
69 223 1
68 224 1
67 224 1
66 224 1
65 224 1
64 224 1
63 225 1
62 225 1
61 226 1
60 226 1
59 226 1
58 227 1
57 228 1
56 228 1
55 229 1
54 229 1
53 230 1
52 230 1
51 231 1
50 232 1
49 233 1
48 234 1
48 235 1
47 236 1
47 237 1
46 238 1
46 239 1
45 240 1
45 241 1
45 242 1
45 243 1
45 244 1
46 245 1
47 246 1
48 247 1
49 248 1
50 249 1
51 250 1
52 251 1
53 251 1
54 251 1
55 251 1
56 251 1
57 251 1
58 251 1
59 251 1
60 250 1
61 250 1
62 249 1
63 248 1
64 247 1
65 246 1
66 245 1
67 244 1
68 243 1
68 242 1
69 241 1
70 240 1
70 239 1
71 238 1
71 237 1
71 236 1
72 235 1
72 234 1
72 233 1
72 232 1
72 231 1
72 230 1
72 229 1
72 228 1
72 227 1
72 226 1
72 225 1
72 224 1
.PEN_UP
.PEN_DOWN
90 288 1
90 287 1
90 286 1
90 285 1
90 284 1
90 283 1
90 282 1
90 281 1
90 280 1
90 279 1
90 278 1
90 277 1
89 276 1
89 275 1
89 274 1
88 273 1
87 272 1
87 271 1
86 270 1
85 269 1
85 268 1
84 267 1
83 266 1
82 265 1
81 265 1
80 264 1
79 264 1
78 263 1
77 263 1
76 263 1
75 263 1
74 262 1
73 261 1
72 261 1
71 260 1
70 260 1
69 260 1
68 260 1
67 261 1
66 261 1
65 261 1
64 261 1
63 261 1
62 261 1
61 261 1
60 262 1
59 262 1
58 263 1
57 264 1
56 265 1
55 265 1
54 266 1
53 266 1
52 267 1
52 268 1
51 269 1
50 270 1
50 271 1
49 272 1
49 273 1
48 274 1
48 275 1
47 276 1
47 277 1
46 278 1
46 279 1
46 280 1
46 281 1
45 282 1
45 283 1
45 284 1
46 285 1
47 286 1
48 286 1
49 286 1
50 285 1
51 285 1
52 285 1
53 284 1
54 284 1
55 283 1
56 283 1
57 282 1
58 281 1
59 280 1
60 279 1
61 279 1
62 278 1
63 277 1
64 276 1
65 275 1
66 274 1
67 274 1
68 273 1
69 272 1
70 271 1
71 270 1
72 269 1
73 268 1
73 267 1
74 266 1
74 265 1
74 264 1
.PEN_UP
.PEN_DOWN
55 307 1
56 307 1
57 308 1
58 308 1
59 308 1
60 308 1
61 309 1
62 309 1
63 309 1
64 309 1
65 309 1
66 309 1
67 310 1
68 310 1
69 310 1
70 310 1
71 310 1
72 310 1
73 310 1
74 310 1
75 311 1
76 311 1
77 312 1
78 313 1
79 314 1
80 314 1
81 314 1
82 314 1
83 314 1
84 314 1
85 315 1
86 315 1
.PEN_UP
.PEN_DOWN
78 315 1
78 316 1
77 317 1
76 318 1
75 319 1
74 319 1
73 320 1
72 321 1
71 321 1
70 322 1
69 323 1
68 324 1
67 325 1
66 326 1
65 327 1
64 328 1
63 329 1
62 330 1
61 331 1
61 332 1
61 333 1
60 334 1
60 335 1
60 336 1
60 337 1
60 338 1
60 339 1
61 340 1
61 341 1
61 342 1
62 343 1
63 344 1
64 345 1
65 346 1
66 347 1
67 347 1
68 348 1
69 348 1
70 348 1
71 349 1
72 349 1
73 349 1
74 349 1
75 349 1
76 350 1
77 350 1
78 350 1
79 349 1
80 349 1
81 349 1
82 349 1
83 349 1
84 348 1
85 348 1
86 348 1
87 347 1
88 346 1
.PEN_UP
