.PEN_DOWN
25 5 1
26 5 1
27 6 1
28 7 1
28 8 1
32 10 1
32 11 1
33 12 1
33 13 1
34 14 1
35 15 1
36 16 1
37 16 1
38 16 1
39 17 1
40 17 1
41 17 1
42 15 1
41 14 1
41 13 1
41 12 1
40 11 1
40 10 1
39 9 1
39 8 1
38 7 1
37 7 1
36 7 1
35 7 1
34 7 1
33 7 1
32 8 1
27 10 1
26 10 1
25 10 1
24 10 1
23 10 1
22 10 1
21 10 1
20 10 1
19 10 1
18 10 1
17 10 1
16 11 1
15 11 1
14 11 1
13 12 1
12 12 1
11 13 1
10 14 1
9 14 1
8 15 1
7 16 1
6 17 1
5 18 1
4 19 1
3 20 1
3 21 1
2 22 1
2 23 1
1 24 1
1 25 1
1 26 1
1 27 1
1 28 1
2 29 1
2 30 1
3 31 1
3 32 1
4 33 1
5 34 1
6 35 1
7 35 1
8 36 1
9 37 1
10 38 1
11 38 1
12 38 1
13 39 1
14 39 1
15 40 1
16 40 1
17 41 1
18 41 1
19 41 1
20 41 1
21 41 1
22 41 1
23 41 1
24 41 1
25 41 1
26 41 1
27 41 1
28 40 1
29 40 1
30 40 1
31 39 1
32 39 1
33 39 1
34 38 1
35 38 1
36 37 1
37 37 1
38 36 1
39 35 1
40 34 1
41 33 1
42 32 1
43 32 1
45 33 1
45 34 1
45 35 1
46 36 1
46 37 1
46 38 1
46 39 1
46 40 1
46 41 1
46 42 1
46 43 1
46 44 1
47 45 1
47 46 1
47 47 1
46 48 1
.PEN_UP
.PEN_DOWN
44 31 1
44 30 1
44 29 1
44 28 1
44 27 1
44 26 1
44 25 1
44 24 1
44 23 1
43 22 1
43 21 1
43 20 1
42 19 1
42 18 1
.PEN_UP
