.PEN_DOWN
67 1 1
67 2 1
67 3 1
67 4 1
66 5 1
66 6 1
66 7 1
66 8 1
65 9 1
65 10 1
65 11 1
65 12 1
63 13 1
62 13 1
61 13 1
60 15 1
60 16 1
59 17 1
59 18 1
58 19 1
57 20 1
56 21 1
55 21 1
54 22 1
53 23 1
52 23 1
51 24 1
50 24 1
49 24 1
48 25 1
47 25 1
46 25 1
45 26 1
44 26 1
43 26 1
42 27 1
41 27 1
40 27 1
39 28 1
38 28 1
37 28 1
36 28 1
35 28 1
34 29 1
33 29 1
32 29 1
31 29 1
30 29 1
29 30 1
28 30 1
27 30 1
26 30 1
25 30 1
24 30 1
23 30 1
22 30 1
21 31 1
20 31 1
19 31 1
18 31 1
17 31 1
16 31 1
15 31 1
14 31 1
13 31 1
12 31 1
11 31 1
10 31 1
9 31 1
8 30 1
7 30 1
6 30 1
5 29 1
4 29 1
3 29 1
2 28 1
1 27 1
1 26 1
1 25 1
1 24 1
2 23 1
3 22 1
4 21 1
5 20 1
6 20 1
7 19 1
8 19 1
9 18 1
10 18 1
11 17 1
12 17 1
13 17 1
14 16 1
15 16 1
16 16 1
17 15 1
18 15 1
19 15 1
20 15 1
21 15 1
22 14 1
23 14 1
24 14 1
25 14 1
26 14 1
27 14 1
28 13 1
29 13 1
30 13 1
31 13 1
32 13 1
33 13 1
34 13 1
35 13 1
36 13 1
37 14 1
38 14 1
39 14 1
40 13 1
41 13 1
42 13 1
43 13 1
44 13 1
45 13 1
46 13 1
47 13 1
48 13 1
49 13 1
50 13 1
51 13 1
52 13 1
53 13 1
54 13 1
55 13 1
56 13 1
57 13 1
58 13 1
59 13 1
.PEN_UP
.PEN_DOWN
64 13 1
67 13 1
68 13 1
69 13 1
70 13 1
71 13 1
72 13 1
73 13 1
74 13 1
75 15 1
75 16 1
75 17 1
75 18 1
75 19 1
74 20 1
74 21 1
74 22 1
74 23 1
74 24 1
74 25 1
74 26 1
74 27 1
74 28 1
74 29 1
74 30 1
74 31 1
75 32 1
76 32 1
77 32 1
78 32 1
79 32 1
80 32 1
81 32 1
82 32 1
83 32 1
84 32 1
85 32 1
86 33 1
87 33 1
88 34 1
89 34 1
90 35 1
91 36 1
92 37 1
92 38 1
93 39 1
94 40 1
94 41 1
94 42 1
95 43 1
95 44 1
95 45 1
95 46 1
96 47 1
96 48 1
96 49 1
96 50 1
96 51 1
97 52 1
97 53 1
97 54 1
97 55 1
97 56 1
96 57 1
96 58 1
95 59 1
95 60 1
95 61 1
94 62 1
93 63 1
93 64 1
92 65 1
91 65 1
90 65 1
89 65 1
88 65 1
87 66 1
86 66 1
85 66 1
84 66 1
83 67 1
82 67 1
81 67 1
80 67 1
79 67 1
78 67 1
77 67 1
76 67 1
75 67 1
74 67 1
73 67 1
72 67 1
71 68 1
71 69 1
70 70 1
71 71 1
71 72 1
72 73 1
73 74 1
74 75 1
75 75 1
76 76 1
77 77 1
79 77 1
80 77 1
81 77 1
82 77 1
83 77 1
84 76 1
85 76 1
86 76 1
87 76 1
88 75 1
89 75 1
90 74 1
91 74 1
92 73 1
.PEN_UP
.PEN_DOWN
77 78 1
76 79 1
76 80 1
75 81 1
74 82 1
73 83 1
72 84 1
71 85 1
70 86 1
69 87 1
68 88 1
67 89 1
.PEN_UP
.PEN_DOWN
74 33 1
74 34 1
73 35 1
72 36 1
71 37 1
70 37 1
69 38 1
68 39 1
67 40 1
66 41 1
65 42 1
65 43 1
64 44 1
64 45 1
63 46 1
62 47 1
62 48 1
62 49 1
61 50 1
61 51 1
61 52 1
61 53 1
62 54 1
63 55 1
64 56 1
65 57 1
66 57 1
67 58 1
68 58 1
.PEN_UP
.PEN_DOWN
75 13 1
79 11 1
79 10 1
79 9 1
79 8 1
80 7 1
81 6 1
82 5 1
83 5 1
84 4 1
85 4 1
86 4 1
87 4 1
88 3 1
89 3 1
90 3 1
91 3 1
92 3 1
93 4 1
94 4 1
95 4 1
96 5 1
97 5 1
98 6 1
99 7 1
.PEN_UP
.PEN_DOWN
76 13 1
80 14 1
81 14 1
82 14 1
83 14 1
84 14 1
85 14 1
86 14 1
87 14 1
88 14 1
89 15 1
90 15 1
91 15 1
92 15 1
93 15 1
94 15 1
95 15 1
96 16 1
97 16 1
98 16 1
99 16 1
100 16 1
101 17 1
102 17 1
103 17 1
104 17 1
105 17 1
106 18 1
107 18 1
108 18 1
109 18 1
110 18 1
111 18 1
112 19 1
113 19 1
114 19 1
115 19 1
116 19 1
117 19 1
118 19 1
119 19 1
120 20 1
121 20 1
122 20 1
123 20 1
124 20 1
125 20 1
126 20 1
127 20 1
128 20 1
129 20 1
130 20 1
131 20 1
.PEN_UP
