.PEN_DOWN
12 41 1
11 41 1
10 40 1
9 39 1
8 39 1
7 38 1
6 38 1
5 37 1
4 36 1
3 35 1
2 34 1
1 33 1
1 32 1
1 31 1
1 30 1
1 29 1
2 28 1
2 27 1
3 26 1
3 25 1
3 24 1
4 23 1
5 22 1
6 21 1
7 20 1
8 20 1
9 19 1
10 19 1
11 19 1
12 18 1
13 18 1
14 18 1
15 18 1
16 18 1
17 17 1
18 17 1
19 18 1
20 18 1
21 18 1
22 18 1
23 18 1
24 18 1
25 18 1
26 18 1
27 19 1
28 19 1
29 19 1
30 20 1
31 20 1
32 20 1
33 20 1
34 21 1
35 21 1
36 22 1
37 22 1
38 22 1
39 23 1
40 23 1
41 23 1
42 24 1
43 25 1
44 25 1
45 25 1
46 26 1
47 26 1
48 26 1
49 27 1
50 27 1
51 28 1
52 28 1
53 28 1
54 29 1
55 29 1
56 30 1
57 30 1
58 30 1
59 31 1
60 31 1
61 31 1
62 32 1
63 32 1
64 32 1
65 33 1
66 33 1
67 33 1
68 33 1
69 33 1
70 33 1
71 34 1
72 34 1
73 34 1
74 34 1
75 34 1
76 34 1
77 34 1
78 34 1
79 34 1
80 34 1
81 34 1
82 34 1
83 33 1
84 33 1
85 33 1
86 33 1
87 33 1
88 32 1
89 32 1
90 32 1
91 31 1
92 31 1
93 30 1
94 30 1
95 29 1
96 28 1
97 27 1
98 26 1
99 25 1
100 24 1
100 23 1
101 22 1
102 21 1
102 20 1
102 19 1
102 18 1
102 17 1
102 16 1
102 15 1
102 14 1
101 13 1
100 12 1
99 11 1
99 10 1
98 9 1
97 8 1
96 8 1
95 7 1
94 6 1
93 5 1
92 5 1
91 4 1
90 4 1
89 3 1
88 3 1
87 3 1
86 2 1
85 2 1
84 2 1
83 2 1
82 2 1
81 2 1
80 1 1
79 1 1
78 1 1
77 1 1
76 2 1
75 2 1
74 2 1
73 2 1
72 2 1
71 2 1
70 3 1
69 3 1
68 3 1
67 3 1
66 4 1
65 4 1
64 5 1
63 5 1
62 6 1
61 7 1
60 8 1
59 8 1
.PEN_UP
.PEN_DOWN
19 85 1
18 85 1
17 84 1
16 84 1
15 85 1
12 84 1
11 84 1
10 83 1
9 82 1
8 81 1
7 80 1
7 79 1
6 78 1
5 77 1
4 76 1
4 75 1
3 74 1
3 73 1
3 72 1
3 71 1
3 70 1
4 69 1
4 68 1
5 67 1
6 66 1
7 65 1
8 65 1
9 64 1
10 64 1
11 64 1
12 64 1
13 63 1
14 63 1
15 63 1
16 64 1
17 64 1
18 64 1
19 64 1
20 64 1
21 65 1
22 66 1
23 66 1
24 67 1
25 68 1
26 69 1
27 70 1
28 71 1
29 72 1
29 73 1
30 74 1
30 75 1
31 76 1
31 77 1
31 78 1
31 79 1
31 80 1
32 81 1
32 82 1
31 83 1
31 84 1
31 85 1
31 86 1
31 87 1
31 88 1
30 89 1
30 90 1
29 91 1
28 92 1
27 92 1
26 93 1
25 93 1
24 93 1
23 93 1
22 93 1
21 93 1
20 93 1
19 93 1
18 93 1
17 92 1
16 91 1
16 90 1
15 89 1
15 88 1
14 87 1
14 86 1
.PEN_UP
