.PEN_DOWN
1 70 1
2 69 1
3 68 1
4 68 1
5 67 1
6 66 1
7 65 1
8 64 1
9 64 1
10 63 1
13 63 1
14 63 1
15 62 1
16 61 1
20 60 1
21 59 1
22 59 1
23 58 1
24 57 1
25 56 1
26 56 1
27 55 1
28 54 1
29 54 1
30 53 1
31 52 1
31 51 1
32 50 1
33 49 1
34 49 1
35 48 1
36 47 1
38 38 1
39 37 1
40 37 1
41 37 1
42 36 1
43 35 1
44 34 1
45 33 1
46 32 1
47 31 1
48 30 1
49 29 1
50 28 1
51 27 1
52 27 1
53 26 1
54 26 1
56 27 1
57 27 1
58 27 1
59 27 1
60 27 1
61 28 1
62 28 1
63 28 1
64 29 1
64 30 1
64 31 1
64 32 1
64 33 1
64 34 1
64 35 1
64 36 1
64 37 1
64 38 1
63 39 1
63 40 1
62 41 1
62 42 1
61 43 1
61 44 1
61 45 1
60 46 1
59 47 1
58 48 1
58 49 1
57 50 1
56 51 1
56 52 1
55 53 1
54 54 1
54 55 1
53 56 1
52 57 1
51 58 1
50 59 1
49 59 1
48 59 1
47 60 1
46 60 1
45 61 1
44 62 1
43 63 1
42 63 1
41 64 1
40 65 1
39 66 1
.PEN_UP
.PEN_DOWN
55 25 1
55 24 1
55 23 1
55 22 1
56 21 1
56 20 1
57 19 1
57 18 1
58 17 1
58 16 1
59 15 1
59 14 1
60 13 1
60 12 1
61 11 1
61 10 1
61 9 1
62 8 1
62 7 1
62 6 1
62 5 1
62 4 1
62 3 1
61 2 1
60 1 1
59 1 1
58 1 1
57 1 1
56 1 1
55 1 1
54 2 1
53 3 1
52 3 1
51 4 1
50 4 1
49 5 1
48 6 1
47 7 1
46 8 1
45 9 1
44 9 1
43 10 1
42 11 1
41 12 1
40 13 1
39 14 1
38 15 1
37 16 1
36 17 1
36 18 1
35 19 1
34 20 1
33 21 1
33 22 1
32 23 1
31 24 1
31 25 1
30 26 1
30 27 1
29 28 1
29 29 1
29 30 1
28 31 1
28 32 1
28 33 1
29 34 1
30 35 1
31 36 1
32 36 1
33 37 1
34 38 1
35 39 1
36 40 1
33 42 1
32 42 1
31 43 1
30 43 1
29 44 1
28 45 1
26 47 1
25 47 1
24 47 1
23 48 1
22 49 1
21 50 1
20 51 1
19 51 1
18 52 1
17 53 1
16 54 1
15 55 1
15 56 1
13 58 1
12 59 1
11 60 1
11 61 1
11 62 1
.PEN_UP
.PEN_DOWN
10 92 1
11 93 1
12 93 1
13 94 1
.PEN_UP
.PEN_DOWN
51 127 1
52 126 1
53 125 1
54 124 1
54 123 1
55 122 1
55 121 1
56 120 1
56 119 1
57 118 1
57 117 1
57 116 1
57 115 1
57 114 1
57 113 1
58 112 1
58 111 1
57 110 1
57 109 1
57 108 1
56 107 1
55 106 1
54 106 1
53 106 1
52 106 1
49 107 1
48 108 1
47 108 1
46 109 1
45 110 1
44 111 1
43 112 1
42 113 1
41 113 1
40 114 1
39 115 1
37 116 1
36 116 1
35 116 1
34 116 1
33 116 1
31 118 1
30 119 1
29 120 1
28 121 1
27 122 1
26 123 1
25 124 1
24 124 1
23 125 1
22 126 1
22 127 1
21 128 1
21 129 1
21 130 1
20 131 1
20 132 1
15 135 1
14 136 1
13 137 1
12 138 1
11 139 1
10 139 1
9 140 1
8 141 1
7 142 1
.PEN_UP
.PEN_DOWN
19 133 1
22 133 1
23 133 1
24 133 1
25 133 1
26 132 1
27 132 1
28 131 1
29 130 1
30 130 1
31 129 1
32 128 1
33 127 1
34 126 1
35 125 1
36 125 1
37 124 1
37 123 1
38 122 1
38 121 1
38 120 1
38 119 1
39 118 1
39 117 1
39 116 1
.PEN_UP
