.PEN_DOWN
39 37 1
38 36 1
37 35 1
36 34 1
35 34 1
34 33 1
33 33 1
32 32 1
31 32 1
30 31 1
29 30 1
28 30 1
27 30 1
26 30 1
25 29 1
24 29 1
23 29 1
22 29 1
21 28 1
20 27 1
18 27 1
17 27 1
16 27 1
15 27 1
14 27 1
13 27 1
12 27 1
11 27 1
10 27 1
9 27 1
8 27 1
7 27 1
6 26 1
5 25 1
5 24 1
4 23 1
3 22 1
3 21 1
2 20 1
1 19 1
1 18 1
1 17 1
1 16 1
1 15 1
1 14 1
2 13 1
2 12 1
2 11 1
3 10 1
4 9 1
5 8 1
6 7 1
6 6 1
7 5 1
8 4 1
9 3 1
10 3 1
11 3 1
12 2 1
13 2 1
14 2 1
15 2 1
16 2 1
17 1 1
18 1 1
19 2 1
20 2 1
21 2 1
22 3 1
23 3 1
24 4 1
25 4 1
26 5 1
27 6 1
28 7 1
28 8 1
29 9 1
29 10 1
29 11 1
28 12 1
28 13 1
28 14 1
28 15 1
27 16 1
27 17 1
26 18 1
26 19 1
25 20 1
24 21 1
23 22 1
22 23 1
21 24 1
20 25 1
20 26 1
.PEN_UP
