.PEN_DOWN
46 11 1
47 10 1
48 9 1
49 9 1
50 8 1
51 8 1
52 7 1
53 7 1
54 6 1
55 6 1
56 6 1
57 5 1
58 5 1
59 5 1
60 4 1
61 4 1
62 3 1
63 3 1
64 3 1
65 3 1
66 3 1
67 3 1
68 3 1
69 2 1
70 2 1
71 2 1
72 1 1
73 1 1
74 1 1
75 1 1
76 2 1
77 3 1
78 4 1
78 5 1
78 6 1
78 7 1
78 8 1
77 9 1
77 10 1
76 11 1
75 12 1
75 13 1
75 14 1
74 15 1
74 16 1
73 17 1
73 18 1
72 19 1
72 20 1
71 21 1
71 22 1
70 23 1
70 24 1
69 25 1
69 26 1
68 27 1
68 28 1
67 29 1
66 30 1
66 31 1
65 32 1
65 33 1
64 34 1
64 35 1
63 36 1
62 37 1
62 38 1
61 39 1
61 40 1
61 41 1
60 42 1
60 43 1
59 44 1
59 45 1
58 46 1
58 47 1
57 48 1
57 49 1
56 50 1
56 51 1
55 52 1
55 53 1
54 54 1
54 55 1
53 56 1
53 57 1
52 58 1
51 59 1
51 60 1
51 61 1
50 62 1
50 63 1
49 64 1
49 65 1
49 66 1
48 67 1
48 68 1
48 69 1
48 70 1
47 71 1
47 72 1
47 73 1
47 74 1
47 75 1
.PEN_UP
.PEN_DOWN
17 84 1
18 84 1
19 83 1
20 83 1
21 83 1
22 83 1
23 83 1
24 83 1
25 83 1
26 83 1
27 82 1
28 82 1
29 82 1
30 82 1
31 82 1
32 82 1
33 82 1
34 81 1
35 81 1
36 81 1
37 81 1
38 81 1
39 81 1
40 81 1
41 81 1
42 80 1
.PEN_UP
.PEN_DOWN
62 69 1
63 69 1
64 70 1
65 69 1
66 68 1
67 68 1
68 68 1
69 67 1
70 67 1
71 67 1
72 66 1
73 65 1
74 65 1
75 65 1
76 64 1
77 63 1
78 63 1
79 62 1
80 62 1
.PEN_UP
.PEN_DOWN
63 71 1
63 72 1
62 73 1
62 74 1
.PEN_UP
.PEN_DOWN
80 103 1
80 104 1
80 105 1
81 106 1
82 107 1
82 108 1
82 109 1
83 110 1
83 111 1
83 112 1
83 113 1
83 114 1
83 115 1
83 116 1
84 117 1
84 118 1
84 119 1
83 120 1
84 121 1
84 122 1
84 123 1
84 124 1
84 125 1
84 126 1
84 127 1
84 128 1
83 129 1
82 130 1
81 130 1
80 130 1
79 130 1
78 130 1
77 129 1
76 128 1
75 127 1
74 126 1
73 126 1
72 125 1
71 124 1
70 123 1
69 123 1
68 122 1
67 121 1
66 121 1
65 120 1
64 119 1
63 118 1
62 118 1
61 118 1
60 118 1
59 117 1
58 117 1
57 117 1
56 116 1
55 116 1
54 116 1
53 117 1
52 117 1
51 118 1
50 119 1
49 120 1
49 121 1
49 122 1
49 123 1
48 124 1
48 125 1
47 126 1
47 127 1
47 128 1
47 129 1
47 130 1
47 131 1
47 132 1
47 133 1
47 134 1
47 135 1
47 136 1
48 137 1
48 138 1
48 139 1
49 140 1
49 141 1
.PEN_UP
.PEN_DOWN
53 186 1
52 185 1
51 184 1
51 183 1
51 182 1
52 181 1
52 180 1
52 179 1
53 178 1
53 177 1
53 176 1
54 175 1
54 174 1
55 173 1
55 172 1
56 171 1
56 170 1
57 169 1
57 168 1
58 167 1
58 166 1
59 165 1
60 164 1
60 163 1
61 162 1
62 161 1
63 160 1
64 159 1
65 158 1
66 157 1
67 156 1
68 156 1
69 155 1
70 155 1
71 155 1
72 154 1
73 154 1
74 155 1
75 155 1
76 156 1
77 157 1
77 158 1
77 159 1
78 160 1
78 161 1
78 162 1
78 163 1
78 164 1
77 165 1
77 166 1
77 167 1
77 168 1
77 169 1
77 170 1
76 171 1
76 172 1
76 173 1
76 174 1
75 175 1
75 176 1
75 177 1
75 178 1
74 179 1
74 180 1
74 181 1
73 182 1
73 183 1
73 184 1
72 185 1
72 186 1
72 187 1
72 188 1
71 189 1
71 190 1
71 191 1
70 192 1
70 193 1
70 194 1
69 195 1
69 196 1
69 197 1
68 198 1
68 199 1
68 200 1
67 201 1
67 202 1
67 203 1
66 204 1
66 205 1
65 206 1
65 207 1
65 208 1
64 209 1
64 210 1
64 211 1
63 212 1
63 213 1
63 214 1
63 215 1
63 216 1
63 217 1
62 218 1
62 219 1
63 220 1
62 221 1
61 222 1
61 223 1
60 224 1
59 225 1
58 226 1
57 227 1
57 228 1
56 229 1
56 230 1
56 231 1
56 232 1
56 233 1
56 234 1
56 235 1
56 236 1
56 237 1
56 238 1
55 239 1
55 240 1
55 241 1
55 242 1
55 243 1
55 244 1
55 245 1
56 246 1
56 247 1
57 248 1
57 249 1
58 250 1
59 251 1
60 251 1
61 252 1
62 252 1
63 252 1
64 252 1
65 251 1
66 251 1
67 250 1
68 249 1
69 249 1
70 248 1
71 247 1
72 246 1
73 245 1
74 244 1
75 243 1
75 242 1
76 241 1
76 240 1
77 239 1
78 238 1
78 237 1
78 236 1
79 235 1
79 234 1
79 233 1
80 232 1
80 231 1
80 230 1
80 229 1
81 228 1
81 227 1
81 226 1
81 225 1
81 224 1
81 223 1
81 222 1
80 221 1
80 220 1
79 219 1
78 218 1
77 218 1
76 218 1
75 218 1
74 217 1
73 218 1
72 218 1
71 218 1
70 218 1
69 219 1
68 219 1
67 219 1
66 219 1
65 219 1
64 220 1
.PEN_UP
.PEN_DOWN
85 270 1
84 271 1
84 272 1
84 273 1
83 274 1
83 275 1
83 276 1
83 277 1
81 282 1
81 283 1
81 284 1
81 285 1
81 286 1
80 290 1
79 291 1
79 292 1
79 293 1
78 294 1
77 296 1
77 297 1
77 298 1
77 299 1
77 300 1
77 301 1
77 302 1
76 303 1
76 304 1
75 305 1
75 306 1
74 307 1
74 308 1
74 309 1
74 310 1
73 311 1
73 312 1
73 313 1
73 314 1
72 315 1
72 316 1
72 317 1
72 318 1
72 319 1
72 320 1
72 321 1
72 322 1
73 323 1
74 323 1
75 323 1
76 324 1
78 323 1
79 323 1
80 322 1
81 322 1
82 321 1
.PEN_UP
.PEN_DOWN
77 324 1
75 326 1
75 327 1
75 328 1
74 329 1
73 330 1
72 330 1
71 331 1
70 332 1
69 332 1
68 333 1
67 334 1
66 334 1
65 334 1
64 335 1
63 335 1
62 335 1
61 336 1
60 336 1
59 337 1
58 337 1
57 338 1
56 338 1
55 338 1
54 339 1
53 339 1
52 339 1
51 339 1
50 340 1
49 340 1
48 340 1
47 340 1
46 341 1
45 341 1
44 341 1
43 342 1
42 342 1
41 342 1
40 343 1
39 343 1
38 343 1
37 344 1
36 344 1
35 345 1
34 346 1
33 346 1
32 347 1
31 347 1
30 348 1
29 348 1
28 349 1
27 349 1
26 350 1
25 350 1
24 351 1
23 351 1
22 352 1
21 353 1
20 354 1
19 355 1
19 356 1
18 357 1
17 358 1
16 359 1
15 360 1
14 361 1
13 362 1
12 363 1
11 364 1
10 365 1
9 366 1
9 367 1
9 368 1
8 369 1
7 370 1
6 371 1
5 372 1
5 373 1
4 374 1
4 375 1
4 376 1
4 377 1
3 379 1
2 379 1
1 380 1
.PEN_UP
.PEN_DOWN
4 378 1
6 378 1
7 378 1
8 378 1
9 378 1
10 377 1
11 377 1
12 376 1
13 376 1
14 376 1
15 376 1
16 375 1
17 375 1
18 375 1
19 374 1
20 374 1
21 373 1
22 373 1
23 373 1
24 372 1
25 372 1
26 371 1
27 371 1
28 371 1
29 371 1
30 370 1
31 370 1
32 369 1
33 369 1
34 368 1
35 368 1
36 368 1
37 367 1
38 367 1
39 366 1
40 366 1
41 366 1
42 365 1
43 365 1
44 365 1
45 364 1
46 364 1
47 363 1
48 363 1
49 362 1
50 362 1
51 362 1
52 362 1
53 361 1
54 361 1
55 360 1
56 360 1
57 359 1
58 358 1
59 357 1
60 357 1
61 356 1
62 356 1
63 356 1
64 356 1
65 356 1
66 355 1
67 355 1
68 355 1
69 355 1
70 354 1
71 354 1
72 353 1
.PEN_UP
.PEN_DOWN
57 361 1
57 362 1
58 363 1
58 364 1
59 365 1
60 366 1
60 367 1
60 368 1
60 369 1
61 370 1
61 371 1
61 372 1
61 373 1
61 374 1
61 375 1
60 376 1
60 377 1
60 378 1
59 379 1
59 380 1
59 381 1
59 382 1
58 383 1
58 384 1
58 385 1
57 386 1
57 387 1
57 388 1
57 389 1
.PEN_UP
.PEN_DOWN
77 294 1
76 293 1
75 293 1
74 292 1
73 292 1
72 291 1
71 290 1
70 290 1
69 289 1
68 289 1
67 289 1
66 289 1
65 289 1
64 289 1
63 289 1
62 289 1
61 289 1
60 289 1
59 290 1
58 290 1
57 291 1
56 291 1
55 292 1
54 292 1
53 293 1
52 294 1
51 295 1
51 296 1
50 297 1
50 298 1
49 299 1
50 300 1
50 301 1
50 302 1
50 303 1
51 304 1
51 305 1
51 306 1
51 307 1
52 308 1
53 309 1
53 310 1
.PEN_UP
.PEN_DOWN
141 372 1
140 371 1
139 371 1
138 371 1
137 371 1
136 371 1
135 371 1
134 371 1
133 372 1
132 372 1
131 372 1
130 373 1
129 373 1
128 373 1
127 374 1
126 374 1
125 374 1
124 375 1
123 375 1
122 376 1
121 376 1
120 377 1
119 377 1
118 378 1
117 378 1
116 379 1
115 379 1
114 380 1
113 381 1
112 381 1
111 382 1
110 382 1
109 383 1
108 384 1
107 384 1
106 385 1
105 385 1
104 386 1
103 387 1
102 387 1
101 388 1
100 388 1
99 389 1
98 390 1
97 391 1
96 392 1
95 393 1
94 394 1
93 395 1
92 395 1
91 396 1
90 397 1
89 398 1
88 399 1
87 400 1
86 401 1
85 402 1
84 403 1
83 404 1
82 405 1
81 406 1
80 406 1
79 406 1
78 407 1
77 409 1
76 410 1
76 411 1
76 412 1
75 413 1
74 414 1
73 415 1
73 416 1
71 417 1
70 418 1
69 418 1
68 419 1
68 420 1
67 421 1
66 422 1
65 423 1
64 424 1
63 425 1
62 426 1
62 427 1
61 428 1
60 429 1
59 430 1
59 431 1
58 432 1
58 433 1
57 434 1
56 435 1
56 436 1
55 437 1
55 438 1
55 439 1
54 440 1
54 441 1
53 442 1
.PEN_UP
