.PEN_DOWN
4 1 1
5 1 1
6 2 1
7 2 1
8 2 1
9 2 1
10 2 1
11 2 1
12 2 1
13 3 1
14 3 1
15 3 1
16 3 1
17 3 1
18 3 1
19 4 1
20 4 1
21 4 1
22 4 1
23 4 1
24 4 1
25 5 1
26 5 1
27 5 1
28 5 1
29 5 1
30 5 1
31 5 1
32 5 1
33 5 1
34 5 1
35 6 1
37 5 1
38 5 1
39 5 1
40 5 1
41 5 1
42 5 1
43 5 1
44 5 1
45 5 1
46 5 1
47 5 1
48 6 1
49 6 1
50 6 1
51 6 1
52 6 1
53 6 1
54 6 1
55 6 1
56 6 1
57 6 1
58 6 1
59 6 1
60 6 1
61 6 1
62 6 1
63 5 1
64 5 1
65 5 1
66 6 1
67 6 1
.PEN_UP
.PEN_DOWN
35 7 1
35 8 1
35 9 1
35 10 1
35 11 1
35 12 1
34 13 1
34 14 1
34 15 1
34 16 1
34 17 1
34 18 1
34 19 1
34 20 1
33 21 1
33 22 1
33 23 1
33 24 1
32 25 1
31 25 1
30 26 1
29 27 1
28 28 1
28 29 1
27 30 1
26 31 1
25 32 1
24 32 1
23 33 1
22 33 1
21 34 1
20 34 1
19 34 1
18 35 1
17 35 1
16 34 1
15 34 1
14 34 1
13 33 1
12 32 1
12 31 1
11 30 1
10 29 1
10 28 1
9 27 1
9 26 1
8 25 1
8 24 1
8 23 1
7 22 1
7 21 1
7 20 1
7 19 1
7 18 1
6 17 1
6 16 1
6 15 1
6 14 1
6 13 1
6 12 1
5 11 1
5 10 1
5 9 1
5 8 1
5 7 1
5 6 1
5 5 1
5 4 1
5 3 1
.PEN_UP
.PEN_DOWN
34 25 1
35 26 1
36 27 1
36 28 1
37 29 1
38 30 1
38 31 1
39 32 1
39 33 1
40 34 1
41 35 1
42 36 1
43 37 1
44 38 1
45 38 1
46 39 1
47 40 1
48 40 1
49 41 1
50 41 1
51 41 1
52 41 1
53 41 1
54 42 1
55 42 1
56 42 1
57 43 1
58 43 1
59 43 1
60 43 1
61 43 1
62 43 1
63 42 1
64 42 1
65 41 1
66 41 1
67 40 1
68 40 1
69 40 1
70 39 1
71 38 1
71 37 1
72 36 1
72 35 1
73 34 1
74 33 1
74 32 1
75 31 1
75 30 1
75 29 1
75 28 1
75 27 1
75 26 1
75 25 1
75 24 1
75 23 1
75 22 1
75 21 1
75 20 1
75 19 1
75 18 1
75 17 1
75 16 1
75 15 1
75 14 1
75 13 1
75 12 1
75 11 1
74 10 1
74 9 1
.PEN_UP
.PEN_DOWN
9 180 1
8 179 1
7 178 1
7 177 1
7 176 1
6 175 1
7 174 1
7 173 1
7 172 1
8 171 1
8 170 1
9 169 1
10 168 1
10 167 1
11 166 1
12 165 1
13 164 1
14 163 1
15 162 1
16 161 1
17 160 1
18 159 1
19 158 1
20 157 1
21 157 1
22 156 1
23 155 1
24 155 1
25 155 1
26 154 1
27 153 1
28 152 1
29 152 1
30 151 1
31 151 1
32 150 1
33 149 1
34 149 1
35 148 1
36 148 1
37 148 1
38 147 1
39 146 1
40 146 1
41 146 1
42 145 1
43 145 1
44 144 1
45 144 1
46 144 1
47 144 1
48 143 1
49 143 1
50 143 1
51 142 1
52 142 1
53 142 1
54 142 1
55 142 1
56 142 1
57 141 1
58 141 1
59 141 1
60 141 1
61 142 1
62 142 1
63 142 1
64 142 1
65 143 1
66 144 1
67 145 1
68 146 1
69 147 1
69 148 1
70 149 1
70 150 1
70 151 1
71 152 1
71 153 1
71 154 1
71 155 1
72 156 1
72 157 1
72 158 1
72 159 1
72 160 1
72 161 1
72 162 1
71 163 1
71 164 1
71 165 1
70 166 1
70 167 1
70 168 1
69 169 1
69 170 1
69 171 1
68 172 1
68 173 1
68 174 1
67 175 1
67 176 1
.PEN_UP
.PEN_DOWN
29 93 1
31 94 1
31 95 1
31 96 1
31 97 1
32 98 1
32 99 1
32 100 1
32 101 1
33 102 1
33 103 1
34 104 1
35 105 1
35 106 1
36 107 1
36 108 1
37 109 1
38 110 1
39 111 1
40 112 1
41 113 1
42 114 1
43 115 1
44 116 1
45 116 1
46 116 1
47 117 1
48 117 1
49 117 1
50 118 1
51 118 1
52 118 1
53 118 1
54 118 1
55 118 1
56 117 1
57 117 1
58 116 1
59 116 1
60 116 1
61 115 1
62 115 1
63 114 1
64 114 1
65 113 1
66 113 1
67 112 1
68 111 1
69 110 1
70 109 1
70 108 1
71 107 1
71 106 1
71 105 1
71 104 1
71 103 1
72 102 1
72 101 1
71 100 1
71 99 1
71 98 1
71 97 1
70 96 1
70 95 1
70 94 1
69 93 1
69 92 1
68 91 1
68 90 1
68 89 1
68 88 1
67 87 1
67 86 1
67 85 1
67 84 1
67 83 1
66 82 1
65 81 1
64 80 1
63 80 1
62 80 1
61 80 1
60 80 1
59 80 1
58 80 1
57 80 1
56 80 1
55 80 1
54 80 1
53 80 1
52 80 1
51 79 1
50 79 1
49 79 1
48 79 1
47 79 1
46 79 1
45 79 1
44 79 1
43 79 1
42 79 1
41 78 1
40 78 1
39 78 1
38 78 1
37 78 1
36 78 1
35 78 1
34 78 1
33 78 1
32 78 1
29 77 1
28 77 1
27 77 1
26 77 1
25 76 1
24 76 1
23 76 1
22 76 1
21 76 1
20 76 1
19 76 1
18 76 1
17 76 1
16 76 1
15 76 1
14 76 1
13 76 1
12 76 1
11 77 1
10 77 1
9 77 1
8 77 1
7 77 1
6 77 1
5 78 1
4 78 1
3 79 1
2 80 1
1 81 1
1 82 1
1 83 1
1 84 1
2 85 1
2 86 1
3 87 1
4 88 1
5 89 1
5 90 1
6 91 1
7 92 1
8 92 1
9 93 1
10 93 1
11 93 1
12 94 1
13 94 1
14 94 1
15 94 1
16 94 1
17 94 1
18 94 1
19 94 1
20 94 1
21 94 1
22 94 1
23 93 1
24 93 1
25 93 1
26 93 1
27 93 1
28 93 1
.PEN_UP
.PEN_DOWN
31 78 1
31 80 1
31 81 1
31 82 1
31 83 1
32 84 1
32 85 1
32 86 1
31 87 1
31 88 1
31 89 1
31 90 1
31 91 1
30 92 1
.PEN_UP
