.PEN_DOWN
35 14 1
36 14 1
37 13 1
38 13 1
39 13 1
40 14 1
41 14 1
42 14 1
43 15 1
44 15 1
45 15 1
46 16 1
47 17 1
48 18 1
49 19 1
50 20 1
51 21 1
51 22 1
51 23 1
52 24 1
52 25 1
53 26 1
53 27 1
53 28 1
54 29 1
54 30 1
54 31 1
54 32 1
54 33 1
54 34 1
54 35 1
54 36 1
54 37 1
54 38 1
54 39 1
54 40 1
54 41 1
54 42 1
54 43 1
54 44 1
54 45 1
54 46 1
53 47 1
53 48 1
53 49 1
53 50 1
53 51 1
53 52 1
53 53 1
52 56 1
51 57 1
50 58 1
49 59 1
48 60 1
47 61 1
46 62 1
45 63 1
45 65 1
45 66 1
44 67 1
44 68 1
44 69 1
43 70 1
42 71 1
41 72 1
40 73 1
39 74 1
38 75 1
37 76 1
36 77 1
35 78 1
34 79 1
33 80 1
32 80 1
31 81 1
30 82 1
29 82 1
28 83 1
27 83 1
26 84 1
25 84 1
24 85 1
23 85 1
22 85 1
21 85 1
20 85 1
19 86 1
18 86 1
17 86 1
16 87 1
15 87 1
14 87 1
13 87 1
12 87 1
11 87 1
10 88 1
9 88 1
8 88 1
7 88 1
6 88 1
5 88 1
4 88 1
3 88 1
2 87 1
3 86 1
3 85 1
3 84 1
4 83 1
5 82 1
6 81 1
7 80 1
8 79 1
9 78 1
10 78 1
11 78 1
12 77 1
13 76 1
14 76 1
15 76 1
16 75 1
17 74 1
18 73 1
19 73 1
20 73 1
21 72 1
22 72 1
23 72 1
24 71 1
25 71 1
26 71 1
27 70 1
28 69 1
29 69 1
30 68 1
31 68 1
32 67 1
33 66 1
34 66 1
35 66 1
36 65 1
37 65 1
38 64 1
39 64 1
40 64 1
41 64 1
42 63 1
43 63 1
44 63 1
.PEN_UP
.PEN_DOWN
53 54 1
55 54 1
56 54 1
57 54 1
58 53 1
59 53 1
60 53 1
61 52 1
62 51 1
63 50 1
64 50 1
65 49 1
66 49 1
67 48 1
68 47 1
69 47 1
70 46 1
71 45 1
73 43 1
74 42 1
75 41 1
76 41 1
77 41 1
78 40 1
79 40 1
80 40 1
81 40 1
82 39 1
83 38 1
84 38 1
85 38 1
86 37 1
87 37 1
88 37 1
89 36 1
90 35 1
91 35 1
92 35 1
93 34 1
94 34 1
95 34 1
96 33 1
97 33 1
98 32 1
99 32 1
100 31 1
101 31 1
102 31 1
.PEN_UP
.PEN_DOWN
72 44 1
73 46 1
74 47 1
74 48 1
75 49 1
75 50 1
75 51 1
.PEN_UP
.PEN_DOWN
71 16 1
71 15 1
70 14 1
70 13 1
71 12 1
72 11 1
72 10 1
73 9 1
74 8 1
75 7 1
76 6 1
77 5 1
78 5 1
79 4 1
80 4 1
81 3 1
82 2 1
83 2 1
84 1 1
85 1 1
86 1 1
87 1 1
88 1 1
89 2 1
90 3 1
90 4 1
89 5 1
.PEN_UP
