.PEN_DOWN
1 15 1
2 14 1
3 14 1
4 14 1
5 13 1
6 13 1
7 12 1
8 12 1
9 12 1
10 12 1
11 11 1
12 11 1
13 11 1
14 10 1
15 10 1
16 10 1
17 10 1
18 9 1
19 9 1
20 9 1
21 9 1
22 9 1
23 8 1
24 8 1
25 8 1
26 8 1
27 8 1
28 7 1
29 7 1
30 7 1
31 6 1
32 6 1
33 6 1
34 6 1
35 6 1
36 6 1
37 6 1
38 6 1
39 6 1
40 6 1
41 5 1
42 5 1
43 5 1
44 5 1
45 5 1
46 5 1
47 5 1
48 5 1
50 4 1
51 3 1
52 3 1
53 2 1
54 1 1
55 1 1
56 1 1
57 1 1
58 1 1
59 2 1
60 2 1
61 1 1
62 1 1
63 1 1
64 1 1
65 1 1
66 1 1
67 1 1
68 1 1
69 2 1
70 2 1
.PEN_UP
.PEN_DOWN
49 5 1
49 7 1
49 8 1
49 9 1
49 10 1
49 11 1
49 12 1
49 13 1
49 14 1
49 15 1
49 16 1
49 17 1
50 18 1
50 19 1
50 20 1
50 21 1
50 22 1
50 23 1
51 24 1
51 25 1
51 26 1
51 27 1
51 28 1
51 29 1
51 30 1
52 31 1
53 32 1
55 32 1
56 32 1
57 32 1
58 32 1
59 32 1
60 31 1
61 30 1
.PEN_UP
