.PEN_DOWN
1 33 1
2 33 1
3 33 1
4 33 1
5 32 1
6 32 1
7 32 1
8 32 1
9 32 1
10 31 1
11 31 1
12 31 1
13 31 1
14 30 1
15 30 1
16 30 1
17 30 1
18 30 1
19 30 1
20 30 1
21 30 1
22 29 1
23 29 1
24 29 1
25 29 1
26 29 1
27 28 1
28 28 1
29 28 1
30 27 1
31 27 1
32 27 1
33 27 1
34 27 1
35 27 1
36 28 1
37 30 1
37 31 1
37 32 1
36 33 1
36 34 1
36 35 1
36 36 1
35 37 1
35 38 1
35 39 1
35 40 1
35 41 1
36 42 1
35 44 1
34 44 1
33 44 1
32 44 1
31 45 1
30 45 1
29 45 1
28 45 1
27 45 1
26 46 1
25 46 1
24 46 1
23 47 1
22 47 1
21 47 1
20 48 1
19 48 1
18 49 1
17 49 1
16 49 1
15 49 1
14 50 1
13 50 1
12 51 1
11 51 1
10 52 1
9 53 1
8 53 1
7 53 1
.PEN_UP
.PEN_DOWN
36 43 1
38 43 1
39 43 1
40 43 1
41 43 1
42 43 1
43 43 1
44 43 1
45 42 1
46 43 1
47 43 1
48 43 1
49 43 1
50 44 1
50 45 1
50 46 1
50 47 1
50 48 1
50 49 1
49 50 1
49 51 1
48 52 1
48 53 1
47 54 1
46 55 1
46 56 1
45 57 1
45 58 1
45 59 1
45 60 1
45 61 1
45 62 1
45 63 1
46 64 1
47 65 1
48 66 1
49 67 1
50 68 1
51 69 1
52 70 1
53 71 1
54 72 1
55 73 1
56 74 1
57 75 1
57 76 1
58 77 1
58 78 1
58 79 1
58 80 1
57 81 1
57 82 1
56 83 1
55 84 1
54 85 1
53 86 1
52 87 1
51 86 1
50 86 1
49 86 1
48 85 1
47 84 1
46 84 1
45 83 1
44 83 1
43 83 1
42 83 1
41 83 1
40 84 1
39 84 1
38 84 1
37 85 1
36 86 1
35 87 1
34 87 1
33 88 1
32 89 1
31 90 1
31 91 1
30 92 1
29 93 1
29 94 1
29 95 1
29 96 1
28 97 1
28 98 1
28 99 1
27 100 1
27 101 1
27 102 1
26 103 1
26 104 1
26 105 1
27 106 1
27 107 1
27 108 1
28 109 1
29 110 1
30 110 1
31 111 1
32 111 1
33 111 1
34 110 1
35 110 1
36 110 1
37 109 1
38 108 1
39 107 1
40 106 1
41 105 1
42 104 1
43 103 1
44 102 1
45 101 1
45 100 1
46 99 1
47 98 1
48 97 1
48 96 1
49 95 1
50 94 1
51 93 1
54 94 1
55 95 1
55 96 1
55 97 1
55 98 1
55 99 1
56 100 1
56 101 1
56 102 1
56 103 1
56 104 1
56 105 1
56 106 1
56 107 1
56 108 1
56 109 1
57 110 1
57 111 1
57 112 1
57 113 1
57 114 1
57 115 1
57 116 1
57 117 1
57 118 1
57 119 1
57 120 1
57 121 1
57 122 1
57 123 1
57 124 1
58 125 1
58 126 1
58 127 1
58 128 1
58 129 1
57 130 1
.PEN_UP
.PEN_DOWN
52 92 1
52 91 1
52 90 1
52 89 1
52 88 1
.PEN_UP
.PEN_DOWN
37 28 1
41 27 1
42 27 1
43 27 1
44 27 1
45 27 1
46 27 1
47 27 1
48 27 1
49 27 1
50 27 1
51 27 1
52 27 1
53 27 1
54 26 1
55 26 1
56 26 1
57 27 1
58 27 1
59 27 1
60 27 1
61 27 1
62 27 1
63 28 1
63 29 1
.PEN_UP
.PEN_DOWN
37 29 1
39 25 1
39 24 1
39 23 1
39 22 1
39 21 1
39 20 1
40 19 1
40 18 1
40 17 1
40 16 1
40 15 1
41 14 1
41 13 1
41 12 1
41 11 1
41 10 1
42 9 1
42 8 1
42 7 1
42 6 1
43 5 1
43 4 1
44 3 1
44 2 1
45 1 1
.PEN_UP
