.PEN_DOWN
2 1 1
3 1 1
4 2 1
5 2 1
6 3 1
7 4 1
8 4 1
9 5 1
10 6 1
.PEN_UP
.PEN_DOWN
38 11 1
39 11 1
40 11 1
41 11 1
42 11 1
43 11 1
44 11 1
45 11 1
46 11 1
47 10 1
48 10 1
49 10 1
50 10 1
51 10 1
52 10 1
53 10 1
54 10 1
55 10 1
56 10 1
57 10 1
58 10 1
59 10 1
60 10 1
61 10 1
62 10 1
63 10 1
64 10 1
65 10 1
66 10 1
67 10 1
68 10 1
69 10 1
70 10 1
71 10 1
72 10 1
73 11 1
74 11 1
75 11 1
76 11 1
77 12 1
.PEN_UP
.PEN_DOWN
30 32 1
31 32 1
32 31 1
33 31 1
34 31 1
35 31 1
36 30 1
37 30 1
38 30 1
39 30 1
40 30 1
41 29 1
42 28 1
43 28 1
44 28 1
45 28 1
46 28 1
47 27 1
48 27 1
49 27 1
50 27 1
51 27 1
52 26 1
53 26 1
54 26 1
55 26 1
56 26 1
57 26 1
58 26 1
59 26 1
60 26 1
61 26 1
62 26 1
63 25 1
64 25 1
65 25 1
66 25 1
67 25 1
68 25 1
69 25 1
70 25 1
71 25 1
72 25 1
73 25 1
74 25 1
75 25 1
76 25 1
77 25 1
78 25 1
79 26 1
80 27 1
80 28 1
81 29 1
81 30 1
80 31 1
80 32 1
79 33 1
78 34 1
77 34 1
76 35 1
75 36 1
74 37 1
73 37 1
72 38 1
71 39 1
70 39 1
69 40 1
68 40 1
67 40 1
66 41 1
65 41 1
64 42 1
63 43 1
62 44 1
60 45 1
59 45 1
58 46 1
57 46 1
56 46 1
55 46 1
54 46 1
53 46 1
52 46 1
51 46 1
50 47 1
49 47 1
48 47 1
47 47 1
46 47 1
45 47 1
44 47 1
43 47 1
42 47 1
41 48 1
40 48 1
39 48 1
.PEN_UP
.PEN_DOWN
61 45 1
63 46 1
64 46 1
65 47 1
66 47 1
67 47 1
68 48 1
69 48 1
70 48 1
71 49 1
72 49 1
73 50 1
74 50 1
75 51 1
76 52 1
77 52 1
78 53 1
79 54 1
80 54 1
81 55 1
.PEN_UP
