.PEN_DOWN
1 46 1
2 46 1
3 45 1
4 45 1
5 44 1
6 44 1
7 43 1
8 42 1
9 42 1
10 41 1
11 41 1
12 40 1
13 40 1
14 39 1
15 39 1
16 38 1
17 38 1
18 37 1
19 37 1
20 37 1
21 36 1
22 36 1
23 36 1
24 35 1
25 35 1
26 34 1
27 34 1
28 33 1
29 33 1
30 32 1
31 32 1
32 32 1
33 31 1
34 31 1
35 30 1
36 30 1
37 30 1
38 29 1
39 29 1
40 29 1
41 29 1
42 29 1
44 27 1
45 26 1
46 25 1
47 25 1
48 24 1
49 24 1
50 23 1
51 23 1
52 23 1
53 22 1
54 22 1
55 21 1
56 21 1
57 21 1
58 20 1
59 20 1
60 19 1
61 19 1
62 19 1
63 19 1
64 18 1
65 18 1
66 18 1
67 17 1
68 17 1
69 17 1
70 17 1
71 16 1
72 16 1
73 15 1
.PEN_UP
.PEN_DOWN
43 28 1
43 31 1
44 32 1
44 33 1
.PEN_UP
