.PEN_DOWN
24 11 1
25 10 1
26 9 1
27 9 1
28 8 1
29 7 1
30 7 1
31 6 1
32 6 1
33 5 1
34 4 1
35 3 1
36 3 1
37 2 1
38 2 1
39 1 1
40 1 1
41 1 1
42 1 1
43 1 1
44 2 1
44 3 1
44 4 1
44 5 1
44 6 1
44 7 1
43 8 1
43 9 1
42 10 1
42 11 1
41 12 1
40 13 1
40 14 1
39 15 1
39 16 1
39 17 1
39 18 1
38 19 1
38 20 1
36 21 1
35 22 1
34 22 1
33 22 1
32 23 1
31 24 1
30 25 1
29 26 1
28 26 1
27 27 1
27 28 1
.PEN_UP
.PEN_DOWN
37 21 1
39 22 1
40 23 1
40 24 1
39 25 1
39 26 1
39 27 1
38 28 1
38 29 1
38 30 1
38 31 1
38 32 1
37 33 1
37 34 1
35 35 1
34 36 1
33 36 1
32 36 1
31 36 1
30 37 1
.PEN_UP
.PEN_DOWN
36 35 1
38 36 1
39 37 1
39 38 1
39 39 1
39 40 1
39 41 1
38 42 1
38 43 1
38 44 1
38 45 1
38 46 1
38 47 1
38 48 1
38 49 1
38 50 1
38 51 1
39 52 1
39 53 1
39 54 1
39 55 1
38 56 1
37 56 1
36 57 1
35 58 1
34 59 1
33 60 1
32 61 1
32 62 1
32 63 1
32 64 1
31 65 1
33 66 1
34 65 1
35 65 1
36 65 1
37 64 1
38 63 1
39 62 1
39 61 1
39 60 1
39 59 1
40 58 1
40 57 1
40 56 1
.PEN_UP
.PEN_DOWN
31 66 1
30 68 1
30 69 1
29 70 1
29 71 1
27 73 1
26 73 1
25 73 1
24 74 1
23 74 1
22 76 1
22 77 1
21 78 1
21 79 1
20 80 1
19 81 1
18 82 1
17 82 1
16 83 1
15 83 1
14 84 1
13 85 1
12 85 1
11 86 1
10 86 1
9 87 1
8 87 1
7 87 1
6 87 1
4 88 1
3 88 1
2 89 1
1 90 1
.PEN_UP
.PEN_DOWN
5 86 1
5 85 1
5 84 1
6 83 1
6 82 1
7 81 1
8 81 1
9 80 1
10 79 1
11 79 1
12 78 1
13 77 1
14 76 1
15 75 1
16 75 1
17 74 1
18 74 1
19 74 1
20 74 1
21 74 1
.PEN_UP
.PEN_DOWN
28 72 1
30 73 1
31 74 1
32 75 1
32 76 1
32 77 1
32 78 1
32 79 1
32 80 1
32 81 1
32 82 1
33 84 1
34 84 1
35 84 1
36 85 1
36 86 1
36 87 1
37 88 1
37 89 1
37 90 1
37 91 1
37 92 1
37 93 1
37 94 1
36 95 1
36 96 1
36 97 1
36 98 1
35 99 1
34 100 1
33 101 1
32 101 1
31 101 1
30 102 1
29 102 1
28 102 1
27 103 1
26 103 1
25 104 1
24 105 1
23 106 1
23 107 1
22 108 1
22 109 1
22 110 1
22 111 1
21 112 1
21 113 1
22 114 1
22 115 1
22 116 1
21 117 1
.PEN_UP
.PEN_DOWN
31 83 1
30 83 1
29 83 1
28 84 1
27 85 1
26 86 1
25 87 1
24 88 1
.PEN_UP
