.PEN_DOWN
31 1 1
31 2 1
30 3 1
30 4 1
30 5 1
29 6 1
29 7 1
28 8 1
27 9 1
26 10 1
26 11 1
25 12 1
24 13 1
24 14 1
23 15 1
22 16 1
21 17 1
20 18 1
19 19 1
19 20 1
18 21 1
17 22 1
16 23 1
16 24 1
16 25 1
16 26 1
15 27 1
15 28 1
15 29 1
14 30 1
13 31 1
12 32 1
11 33 1
10 34 1
9 34 1
8 35 1
7 36 1
6 37 1
5 38 1
4 39 1
3 40 1
2 40 1
1 41 1
.PEN_UP
.PEN_DOWN
15 31 1
16 31 1
17 30 1
18 30 1
19 30 1
20 30 1
21 30 1
22 30 1
23 30 1
24 30 1
25 29 1
26 29 1
27 29 1
28 29 1
29 29 1
30 29 1
31 29 1
32 29 1
33 29 1
34 30 1
35 31 1
35 32 1
35 33 1
36 34 1
36 35 1
35 36 1
35 37 1
35 38 1
34 39 1
33 40 1
32 41 1
31 42 1
30 43 1
29 44 1
28 45 1
27 46 1
26 47 1
25 48 1
24 49 1
24 50 1
23 51 1
23 52 1
23 53 1
22 54 1
22 55 1
20 56 1
19 56 1
18 56 1
17 56 1
16 57 1
.PEN_UP
.PEN_DOWN
21 56 1
23 57 1
24 58 1
25 58 1
26 58 1
27 58 1
28 59 1
29 60 1
30 60 1
31 61 1
32 62 1
33 63 1
34 64 1
35 65 1
35 66 1
35 67 1
36 68 1
35 69 1
35 70 1
35 71 1
34 72 1
33 73 1
32 74 1
31 75 1
30 76 1
29 77 1
28 78 1
27 79 1
26 80 1
25 81 1
24 81 1
23 82 1
22 82 1
21 83 1
20 84 1
19 84 1
18 85 1
17 85 1
16 85 1
15 86 1
14 86 1
11 86 1
10 86 1
9 86 1
8 85 1
7 85 1
.PEN_UP
.PEN_DOWN
13 86 1
13 89 1
13 90 1
14 91 1
14 92 1
14 93 1
14 94 1
14 95 1
14 96 1
14 97 1
15 98 1
15 99 1
16 100 1
17 99 1
18 99 1
19 99 1
20 99 1
21 99 1
22 99 1
23 99 1
24 99 1
25 99 1
26 99 1
27 100 1
28 101 1
28 102 1
28 103 1
28 104 1
28 105 1
28 106 1
28 107 1
28 108 1
28 109 1
27 110 1
27 111 1
27 112 1
25 114 1
24 114 1
23 115 1
22 116 1
21 116 1
20 116 1
19 116 1
18 116 1
17 117 1
16 117 1
15 117 1
14 117 1
13 117 1
12 116 1
11 117 1
10 117 1
9 118 1
9 119 1
8 120 1
8 121 1
8 122 1
8 123 1
8 124 1
8 125 1
.PEN_UP
.PEN_DOWN
12 115 1
13 114 1
13 113 1
13 112 1
14 111 1
14 110 1
14 109 1
14 108 1
14 107 1
15 106 1
15 105 1
15 104 1
15 103 1
15 102 1
15 101 1
.PEN_UP
.PEN_DOWN
26 113 1
28 114 1
29 114 1
30 114 1
31 114 1
32 115 1
33 116 1
34 117 1
34 118 1
34 119 1
34 120 1
34 121 1
34 122 1
34 123 1
34 124 1
34 125 1
33 126 1
33 127 1
32 128 1
31 129 1
31 130 1
31 131 1
30 132 1
30 133 1
29 134 1
28 135 1
28 136 1
27 137 1
27 138 1
26 139 1
25 140 1
25 141 1
24 142 1
24 143 1
23 144 1
23 145 1
22 146 1
22 147 1
21 148 1
21 149 1
20 150 1
20 151 1
19 152 1
19 153 1
18 154 1
18 155 1
17 156 1
17 157 1
16 158 1
16 159 1
16 160 1
15 161 1
15 162 1
14 163 1
14 164 1
14 165 1
14 166 1
15 167 1
16 168 1
17 169 1
18 169 1
19 170 1
20 170 1
21 171 1
22 171 1
23 171 1
24 171 1
25 171 1
26 170 1
27 170 1
28 170 1
29 169 1
30 169 1
31 168 1
32 167 1
33 166 1
34 165 1
34 164 1
35 163 1
36 162 1
36 161 1
37 160 1
37 159 1
38 158 1
38 157 1
39 156 1
39 155 1
39 154 1
39 153 1
40 152 1
40 151 1
.PEN_UP
