.PEN_DOWN
5 31 1
6 31 1
7 30 1
8 29 1
9 29 1
10 29 1
11 29 1
12 29 1
13 29 1
14 29 1
15 29 1
16 29 1
17 29 1
18 29 1
19 29 1
20 29 1
22 31 1
23 31 1
24 32 1
.PEN_UP
.PEN_DOWN
21 28 1
21 27 1
21 26 1
21 25 1
22 24 1
22 23 1
22 22 1
22 21 1
22 20 1
22 19 1
22 18 1
22 17 1
22 16 1
22 15 1
22 14 1
22 13 1
22 12 1
22 11 1
21 10 1
21 9 1
20 8 1
20 7 1
19 6 1
18 5 1
17 4 1
16 3 1
15 2 1
14 1 1
13 1 1
12 1 1
11 1 1
10 1 1
9 1 1
8 1 1
7 1 1
6 2 1
6 3 1
5 4 1
4 5 1
4 6 1
4 7 1
4 8 1
4 9 1
4 10 1
4 11 1
4 12 1
4 13 1
4 14 1
4 15 1
4 16 1
4 17 1
4 18 1
5 19 1
5 20 1
5 21 1
6 22 1
6 23 1
6 24 1
7 25 1
7 26 1
7 27 1
7 28 1
.PEN_UP
.PEN_DOWN
26 42 1
26 43 1
26 44 1
26 45 1
25 46 1
25 47 1
24 48 1
24 49 1
24 50 1
23 51 1
22 52 1
19 51 1
18 51 1
17 51 1
16 51 1
15 51 1
14 50 1
13 50 1
12 50 1
11 49 1
10 49 1
9 49 1
8 49 1
7 49 1
6 50 1
5 50 1
4 50 1
3 51 1
2 52 1
2 53 1
1 54 1
1 55 1
1 56 1
2 57 1
2 58 1
3 59 1
3 60 1
.PEN_UP
.PEN_DOWN
21 52 1
21 54 1
21 55 1
21 56 1
.PEN_UP
