.PEN_DOWN
1 26 1
2 25 1
3 25 1
4 24 1
5 24 1
6 24 1
7 23 1
8 23 1
9 23 1
10 22 1
11 22 1
12 21 1
13 21 1
14 20 1
15 20 1
16 19 1
17 19 1
18 18 1
19 18 1
20 18 1
21 17 1
22 17 1
23 16 1
24 16 1
25 15 1
26 14 1
27 14 1
28 14 1
29 13 1
30 13 1
31 12 1
32 12 1
33 12 1
34 12 1
35 11 1
36 11 1
37 11 1
38 11 1
39 13 1
38 14 1
38 15 1
38 16 1
38 17 1
38 18 1
38 19 1
38 20 1
38 21 1
38 22 1
39 23 1
40 24 1
42 26 1
42 27 1
42 28 1
42 29 1
43 30 1
43 31 1
44 32 1
45 32 1
46 33 1
47 33 1
48 33 1
49 33 1
50 33 1
51 33 1
52 33 1
53 33 1
54 33 1
55 33 1
56 33 1
57 33 1
58 33 1
59 34 1
60 34 1
61 35 1
62 36 1
62 37 1
63 38 1
63 39 1
62 40 1
62 41 1
62 42 1
62 43 1
61 44 1
60 45 1
58 46 1
57 46 1
56 46 1
55 46 1
54 46 1
53 47 1
52 48 1
51 49 1
50 50 1
49 50 1
48 51 1
47 52 1
.PEN_UP
.PEN_DOWN
59 46 1
61 47 1
62 48 1
63 49 1
64 50 1
64 51 1
64 52 1
64 53 1
64 54 1
64 55 1
64 56 1
64 57 1
63 58 1
.PEN_UP
.PEN_DOWN
39 25 1
38 25 1
37 26 1
36 26 1
35 27 1
34 27 1
33 28 1
32 28 1
31 28 1
30 29 1
29 29 1
28 30 1
27 30 1
26 31 1
25 31 1
24 32 1
23 33 1
22 33 1
21 33 1
20 34 1
19 34 1
18 34 1
17 35 1
16 35 1
15 36 1
14 36 1
13 36 1
12 36 1
11 37 1
10 37 1
9 37 1
8 37 1
7 38 1
.PEN_UP
.PEN_DOWN
41 23 1
43 22 1
44 22 1
45 22 1
46 21 1
47 20 1
48 20 1
49 19 1
50 18 1
51 18 1
52 17 1
53 17 1
54 16 1
55 16 1
56 16 1
57 15 1
58 15 1
59 15 1
.PEN_UP
.PEN_DOWN
39 9 1
39 8 1
38 6 1
38 5 1
38 4 1
38 3 1
38 2 1
.PEN_UP
.PEN_DOWN
39 7 1
41 7 1
42 6 1
43 6 1
44 6 1
45 6 1
46 6 1
47 5 1
48 5 1
49 5 1
50 5 1
51 4 1
52 4 1
53 4 1
54 3 1
55 2 1
56 2 1
57 1 1
58 1 1
59 1 1
.PEN_UP
