.PEN_DOWN
4 12 1
5 11 1
6 11 1
7 10 1
8 10 1
9 10 1
10 9 1
11 8 1
12 8 1
13 7 1
14 7 1
15 7 1
16 6 1
17 6 1
18 6 1
19 6 1
20 6 1
21 6 1
22 5 1
23 5 1
24 5 1
25 5 1
26 5 1
27 5 1
28 4 1
29 4 1
30 4 1
31 4 1
32 4 1
33 5 1
34 5 1
35 5 1
38 3 1
39 2 1
40 2 1
41 2 1
42 2 1
43 2 1
44 1 1
45 1 1
46 1 1
47 1 1
48 1 1
49 1 1
50 1 1
51 1 1
52 1 1
53 1 1
54 1 1
55 1 1
56 1 1
57 1 1
58 2 1
59 2 1
60 2 1
61 2 1
62 2 1
63 2 1
64 3 1
65 4 1
66 4 1
67 5 1
68 6 1
69 7 1
70 8 1
70 9 1
70 10 1
71 11 1
71 12 1
70 13 1
70 14 1
70 15 1
69 16 1
68 17 1
67 18 1
66 19 1
.PEN_UP
.PEN_DOWN
36 4 1
37 7 1
37 8 1
37 9 1
37 10 1
37 11 1
37 12 1
38 13 1
38 14 1
38 15 1
38 16 1
37 17 1
37 18 1
37 19 1
37 20 1
37 21 1
37 22 1
37 23 1
37 24 1
36 25 1
35 26 1
.PEN_UP
.PEN_DOWN
1 38 1
2 37 1
3 37 1
4 37 1
5 37 1
6 37 1
7 37 1
8 37 1
9 37 1
10 37 1
11 37 1
12 37 1
13 37 1
14 37 1
15 37 1
16 36 1
17 36 1
18 36 1
19 36 1
20 36 1
21 36 1
22 36 1
23 36 1
24 36 1
25 36 1
26 36 1
27 36 1
28 36 1
29 36 1
30 36 1
31 35 1
32 35 1
33 35 1
34 35 1
35 35 1
36 35 1
37 35 1
38 35 1
39 35 1
40 35 1
41 35 1
42 35 1
43 35 1
44 35 1
45 35 1
46 35 1
47 35 1
48 35 1
49 35 1
50 35 1
51 35 1
52 35 1
53 35 1
54 35 1
55 35 1
56 35 1
57 35 1
58 35 1
59 35 1
60 35 1
61 35 1
62 35 1
63 36 1
64 37 1
65 38 1
65 39 1
65 40 1
64 41 1
64 42 1
64 43 1
64 44 1
64 45 1
63 46 1
63 47 1
63 48 1
62 49 1
62 50 1
62 51 1
62 52 1
62 53 1
63 54 1
64 55 1
65 55 1
66 55 1
67 56 1
68 56 1
69 57 1
70 58 1
71 59 1
71 60 1
71 61 1
71 62 1
71 63 1
71 64 1
71 65 1
71 66 1
71 67 1
70 68 1
67 70 1
66 71 1
66 72 1
66 73 1
65 74 1
64 75 1
63 76 1
62 76 1
61 76 1
60 76 1
59 77 1
58 76 1
57 75 1
57 74 1
58 73 1
58 72 1
58 71 1
58 70 1
59 69 1
60 68 1
61 68 1
62 68 1
63 67 1
64 67 1
65 67 1
66 67 1
67 67 1
68 68 1
71 69 1
72 69 1
73 70 1
74 70 1
75 71 1
75 72 1
76 73 1
77 74 1
77 75 1
78 76 1
79 77 1
79 78 1
79 79 1
79 80 1
79 81 1
79 82 1
79 83 1
79 84 1
79 85 1
79 86 1
79 87 1
79 88 1
79 89 1
79 90 1
.PEN_UP
