.PEN_DOWN
37 24 1
36 25 1
36 26 1
35 27 1
34 28 1
33 29 1
32 29 1
31 30 1
30 31 1
29 31 1
28 31 1
27 32 1
26 32 1
25 32 1
24 32 1
23 31 1
22 30 1
21 29 1
21 28 1
21 27 1
21 26 1
21 25 1
20 24 1
20 23 1
20 22 1
20 21 1
21 20 1
21 19 1
21 18 1
21 17 1
21 16 1
21 15 1
21 14 1
21 13 1
22 12 1
23 11 1
23 10 1
24 9 1
24 8 1
25 7 1
25 6 1
26 5 1
27 4 1
28 3 1
29 3 1
30 2 1
31 2 1
32 1 1
33 1 1
34 1 1
35 1 1
36 1 1
37 1 1
38 1 1
39 1 1
40 1 1
41 2 1
42 2 1
43 3 1
44 4 1
.PEN_UP
.PEN_DOWN
25 89 1
26 89 1
27 89 1
28 89 1
29 89 1
30 89 1
32 87 1
32 86 1
33 85 1
34 85 1
35 84 1
36 83 1
36 82 1
37 81 1
38 80 1
39 79 1
39 78 1
39 77 1
39 76 1
39 75 1
40 74 1
40 73 1
40 72 1
39 71 1
39 70 1
39 69 1
39 68 1
38 67 1
37 66 1
36 65 1
35 64 1
34 64 1
33 63 1
31 63 1
30 63 1
29 63 1
28 63 1
27 63 1
26 63 1
25 64 1
24 64 1
23 63 1
22 63 1
21 62 1
20 61 1
19 60 1
19 59 1
20 58 1
20 57 1
20 56 1
21 55 1
22 54 1
23 53 1
23 52 1
24 51 1
25 50 1
25 49 1
26 48 1
27 47 1
28 46 1
29 45 1
30 44 1
31 44 1
32 43 1
33 42 1
34 42 1
35 42 1
36 41 1
37 42 1
38 43 1
39 44 1
40 45 1
41 46 1
41 47 1
41 48 1
41 49 1
41 50 1
40 51 1
40 52 1
39 53 1
39 54 1
38 55 1
37 56 1
36 57 1
35 58 1
34 59 1
34 60 1
34 61 1
33 62 1
.PEN_UP
.PEN_DOWN
31 88 1
32 90 1
33 91 1
34 92 1
35 93 1
36 94 1
36 95 1
36 96 1
.PEN_UP
.PEN_DOWN
1 101 1
2 102 1
3 103 1
3 104 1
.PEN_UP
.PEN_DOWN
7 150 1
8 150 1
9 150 1
10 149 1
11 149 1
12 149 1
13 149 1
14 149 1
15 148 1
16 148 1
17 148 1
18 148 1
19 147 1
20 147 1
21 147 1
22 147 1
23 146 1
24 146 1
25 146 1
26 146 1
27 146 1
28 145 1
29 145 1
30 146 1
31 147 1
32 147 1
33 148 1
34 148 1
35 148 1
36 148 1
37 149 1
38 149 1
39 150 1
40 151 1
41 152 1
42 153 1
43 154 1
44 155 1
45 156 1
46 157 1
47 158 1
.PEN_UP
.PEN_DOWN
30 144 1
30 143 1
31 142 1
31 141 1
32 140 1
32 139 1
33 138 1
33 137 1
35 135 1
36 135 1
37 135 1
38 134 1
39 133 1
40 132 1
41 131 1
41 130 1
42 129 1
42 128 1
42 127 1
43 126 1
43 125 1
43 124 1
42 123 1
42 122 1
41 121 1
40 121 1
39 121 1
38 121 1
37 121 1
36 121 1
35 121 1
34 121 1
33 121 1
32 122 1
31 122 1
30 123 1
29 123 1
28 124 1
27 125 1
26 126 1
25 127 1
25 128 1
24 129 1
24 130 1
24 131 1
25 132 1
26 133 1
27 134 1
28 134 1
29 134 1
30 134 1
31 134 1
32 134 1
33 135 1
.PEN_UP
