.PEN_DOWN
57 44 1
56 45 1
55 46 1
55 47 1
55 48 1
54 49 1
53 50 1
51 50 1
50 50 1
49 49 1
48 49 1
47 49 1
46 48 1
46 47 1
45 46 1
45 45 1
45 44 1
44 43 1
44 42 1
44 41 1
44 40 1
44 39 1
45 38 1
45 37 1
45 36 1
45 35 1
45 34 1
45 33 1
46 32 1
46 31 1
47 30 1
47 29 1
48 28 1
49 27 1
50 26 1
51 25 1
52 24 1
52 23 1
53 22 1
54 21 1
55 20 1
56 19 1
57 18 1
58 17 1
59 16 1
60 16 1
61 15 1
62 14 1
63 13 1
64 12 1
65 12 1
66 11 1
67 11 1
68 10 1
69 9 1
70 9 1
71 8 1
72 8 1
73 7 1
74 7 1
75 6 1
76 6 1
77 5 1
78 5 1
79 5 1
80 4 1
81 4 1
82 3 1
83 3 1
84 3 1
85 3 1
86 2 1
87 2 1
88 2 1
89 2 1
90 1 1
91 2 1
92 2 1
93 2 1
94 3 1
95 3 1
96 4 1
97 5 1
98 6 1
98 7 1
98 8 1
98 9 1
99 10 1
99 11 1
99 12 1
99 13 1
99 14 1
99 15 1
99 16 1
98 17 1
98 18 1
98 19 1
97 20 1
97 21 1
97 22 1
96 23 1
96 24 1
95 25 1
95 26 1
95 27 1
94 28 1
93 29 1
92 30 1
91 31 1
91 32 1
90 33 1
89 34 1
88 35 1
87 36 1
86 37 1
85 38 1
84 39 1
83 40 1
82 41 1
81 42 1
80 43 1
79 43 1
78 44 1
77 45 1
76 45 1
75 46 1
74 47 1
73 47 1
72 48 1
71 48 1
70 49 1
69 50 1
68 50 1
67 50 1
66 50 1
65 51 1
64 51 1
63 51 1
62 52 1
61 52 1
60 52 1
59 52 1
58 53 1
57 53 1
54 54 1
53 53 1
53 52 1
.PEN_UP
.PEN_DOWN
56 53 1
57 56 1
57 57 1
57 58 1
57 59 1
57 60 1
57 61 1
58 62 1
58 63 1
57 64 1
57 65 1
57 66 1
57 67 1
57 68 1
57 69 1
57 70 1
57 71 1
57 72 1
56 74 1
55 75 1
55 76 1
54 77 1
53 78 1
52 79 1
51 80 1
51 81 1
50 82 1
49 83 1
48 84 1
47 85 1
46 85 1
45 86 1
44 87 1
43 88 1
42 88 1
41 89 1
40 90 1
39 91 1
38 92 1
37 93 1
36 94 1
35 94 1
34 95 1
33 96 1
32 97 1
31 98 1
30 99 1
29 100 1
28 101 1
27 102 1
26 103 1
25 103 1
24 104 1
23 105 1
22 106 1
21 107 1
20 108 1
19 109 1
18 109 1
17 110 1
16 111 1
15 112 1
15 113 1
.PEN_UP
.PEN_DOWN
57 73 1
59 73 1
60 73 1
61 73 1
62 73 1
63 72 1
64 72 1
65 71 1
66 71 1
67 70 1
68 70 1
69 69 1
70 68 1
71 68 1
72 67 1
73 66 1
74 66 1
75 65 1
76 65 1
77 64 1
78 63 1
79 63 1
80 63 1
81 63 1
82 63 1
83 62 1
84 62 1
85 60 1
86 59 1
86 58 1
86 57 1
86 56 1
87 55 1
88 55 1
89 55 1
90 54 1
91 54 1
92 54 1
93 53 1
94 52 1
95 51 1
96 51 1
97 50 1
98 50 1
99 49 1
100 48 1
101 48 1
102 47 1
103 46 1
104 45 1
105 45 1
106 44 1
107 43 1
108 43 1
109 42 1
110 41 1
111 40 1
112 40 1
113 39 1
114 38 1
115 38 1
116 37 1
117 37 1
118 36 1
119 35 1
120 34 1
.PEN_UP
.PEN_DOWN
85 55 1
85 54 1
84 53 1
84 52 1
.PEN_UP
.PEN_DOWN
85 61 1
85 64 1
85 65 1
85 66 1
85 67 1
85 68 1
85 69 1
84 70 1
84 71 1
84 72 1
83 73 1
83 74 1
82 75 1
82 76 1
81 77 1
80 78 1
80 79 1
79 80 1
78 81 1
77 82 1
77 83 1
76 84 1
75 85 1
74 86 1
74 87 1
73 88 1
72 89 1
71 90 1
70 91 1
69 92 1
68 93 1
68 94 1
67 95 1
66 96 1
65 97 1
64 98 1
63 99 1
62 100 1
61 101 1
60 102 1
59 103 1
58 104 1
57 105 1
56 106 1
55 107 1
54 108 1
53 109 1
52 110 1
51 111 1
50 112 1
49 113 1
48 114 1
47 115 1
47 116 1
46 117 1
46 118 1
46 119 1
45 120 1
45 121 1
45 122 1
44 123 1
43 125 1
42 126 1
41 126 1
40 127 1
39 128 1
38 128 1
37 129 1
36 130 1
35 131 1
34 132 1
33 132 1
32 133 1
31 134 1
30 135 1
29 136 1
28 136 1
27 137 1
26 138 1
25 139 1
24 140 1
23 141 1
22 142 1
21 142 1
20 143 1
19 144 1
18 144 1
17 145 1
16 146 1
15 147 1
14 148 1
13 148 1
12 149 1
11 150 1
10 150 1
9 151 1
8 151 1
7 152 1
6 152 1
5 153 1
4 153 1
3 153 1
2 152 1
1 152 1
.PEN_UP
.PEN_DOWN
44 124 1
46 124 1
47 123 1
48 123 1
49 123 1
50 123 1
51 123 1
52 122 1
53 122 1
54 122 1
55 121 1
56 120 1
57 119 1
58 118 1
59 118 1
60 117 1
61 116 1
62 115 1
63 114 1
64 114 1
65 113 1
66 112 1
67 111 1
68 110 1
69 110 1
70 109 1
71 108 1
72 108 1
73 107 1
74 106 1
75 106 1
76 106 1
77 105 1
78 105 1
79 104 1
80 102 1
80 101 1
80 100 1
81 99 1
82 99 1
83 99 1
84 98 1
85 98 1
86 97 1
87 96 1
88 95 1
89 95 1
90 94 1
91 93 1
92 92 1
93 92 1
94 91 1
95 91 1
96 90 1
.PEN_UP
.PEN_DOWN
80 103 1
81 105 1
82 106 1
82 107 1
82 108 1
82 109 1
82 110 1
82 111 1
82 112 1
82 113 1
82 114 1
82 115 1
82 116 1
82 117 1
83 118 1
84 118 1
85 118 1
86 118 1
87 118 1
88 118 1
89 118 1
90 118 1
91 118 1
92 118 1
93 118 1
94 119 1
95 119 1
96 120 1
97 121 1
97 122 1
97 123 1
97 124 1
98 125 1
98 126 1
98 127 1
98 128 1
98 129 1
98 130 1
97 131 1
97 132 1
97 133 1
97 134 1
96 135 1
96 136 1
96 137 1
95 138 1
95 139 1
95 140 1
94 141 1
94 142 1
93 143 1
93 144 1
92 145 1
91 146 1
91 147 1
90 148 1
89 149 1
89 150 1
88 151 1
88 152 1
88 153 1
88 154 1
87 155 1
87 156 1
87 157 1
87 158 1
86 159 1
85 161 1
85 162 1
84 163 1
83 163 1
82 164 1
81 165 1
80 166 1
79 167 1
78 168 1
77 169 1
76 170 1
75 171 1
74 172 1
73 173 1
72 174 1
71 175 1
70 176 1
69 177 1
68 177 1
67 178 1
66 179 1
65 180 1
65 181 1
64 182 1
63 182 1
62 183 1
61 184 1
60 185 1
60 186 1
59 187 1
59 188 1
58 189 1
58 190 1
58 191 1
58 192 1
57 193 1
57 194 1
57 195 1
57 196 1
56 197 1
56 198 1
55 199 1
55 200 1
54 201 1
54 202 1
54 203 1
54 204 1
53 205 1
53 206 1
53 207 1
53 208 1
53 209 1
53 210 1
53 211 1
54 212 1
55 213 1
56 213 1
57 214 1
58 214 1
59 214 1
60 214 1
61 214 1
62 214 1
63 213 1
64 213 1
65 213 1
66 212 1
67 211 1
68 210 1
69 210 1
70 210 1
71 209 1
72 208 1
73 207 1
74 207 1
75 206 1
76 205 1
77 204 1
78 203 1
79 202 1
80 201 1
81 200 1
82 199 1
83 198 1
84 197 1
85 197 1
86 196 1
87 195 1
88 194 1
89 193 1
90 193 1
91 192 1
92 192 1
93 191 1
94 191 1
95 191 1
96 190 1
97 190 1
98 190 1
99 190 1
100 191 1
101 191 1
102 192 1
103 193 1
104 194 1
105 195 1
105 196 1
106 197 1
106 198 1
106 199 1
105 200 1
105 201 1
105 202 1
105 203 1
105 204 1
105 205 1
104 206 1
104 207 1
104 208 1
103 209 1
103 210 1
103 211 1
102 212 1
101 213 1
101 214 1
100 215 1
99 216 1
.PEN_UP
.PEN_DOWN
86 160 1
88 160 1
89 160 1
90 159 1
91 159 1
92 159 1
93 159 1
94 158 1
.PEN_UP
.PEN_DOWN
82 119 1
82 120 1
81 121 1
81 122 1
80 123 1
79 124 1
78 125 1
77 126 1
77 127 1
76 128 1
75 129 1
74 130 1
74 131 1
73 132 1
71 133 1
70 133 1
69 133 1
68 134 1
67 134 1
66 134 1
65 134 1
64 135 1
63 136 1
62 136 1
61 137 1
60 138 1
59 139 1
58 140 1
57 141 1
56 142 1
55 143 1
55 144 1
54 145 1
53 146 1
53 147 1
52 148 1
51 149 1
50 150 1
50 151 1
50 152 1
49 153 1
49 154 1
49 155 1
49 156 1
50 157 1
51 157 1
52 157 1
53 157 1
54 157 1
55 157 1
56 156 1
57 156 1
58 155 1
59 154 1
60 153 1
61 152 1
62 151 1
63 150 1
64 149 1
65 148 1
66 147 1
67 146 1
68 145 1
68 144 1
69 143 1
70 142 1
71 141 1
71 140 1
71 139 1
72 138 1
72 137 1
72 136 1
73 135 1
73 134 1
73 133 1
.PEN_UP
