.PEN_DOWN
1 1 1
2 1 1
3 1 1
4 1 1
5 1 1
6 1 1
7 1 1
8 1 1
9 1 1
10 1 1
11 2 1
12 2 1
13 2 1
14 3 1
15 3 1
16 3 1
17 3 1
18 4 1
19 4 1
20 4 1
21 5 1
22 5 1
23 6 1
24 6 1
25 7 1
26 7 1
27 8 1
28 9 1
29 10 1
31 11 1
32 11 1
33 11 1
34 12 1
35 12 1
36 13 1
37 14 1
38 15 1
38 16 1
38 17 1
38 18 1
38 19 1
38 20 1
38 21 1
38 22 1
38 23 1
38 24 1
38 25 1
37 26 1
36 27 1
36 28 1
35 29 1
34 30 1
33 30 1
32 31 1
31 31 1
30 31 1
29 31 1
28 32 1
27 32 1
26 32 1
25 31 1
24 31 1
23 30 1
22 30 1
21 30 1
20 29 1
19 28 1
18 27 1
17 26 1
17 25 1
17 24 1
17 23 1
17 22 1
18 21 1
18 20 1
18 19 1
18 18 1
19 17 1
20 16 1
21 16 1
22 15 1
23 14 1
24 14 1
25 13 1
26 13 1
27 12 1
28 11 1
.PEN_UP
.PEN_DOWN
42 76 1
42 75 1
42 74 1
42 73 1
42 72 1
42 71 1
42 70 1
43 69 1
43 68 1
43 67 1
43 66 1
43 65 1
42 64 1
42 63 1
42 62 1
41 61 1
41 60 1
41 59 1
40 58 1
40 57 1
40 56 1
39 55 1
39 54 1
38 53 1
38 52 1
37 51 1
37 50 1
36 49 1
35 48 1
34 48 1
33 48 1
32 47 1
30 45 1
29 45 1
28 45 1
27 46 1
26 46 1
25 46 1
24 47 1
23 48 1
22 49 1
22 50 1
21 51 1
20 52 1
19 53 1
19 54 1
19 55 1
18 56 1
18 57 1
18 58 1
18 59 1
17 60 1
16 61 1
16 62 1
16 63 1
16 64 1
16 65 1
17 66 1
18 66 1
19 66 1
20 66 1
21 66 1
22 65 1
23 65 1
24 64 1
25 63 1
25 62 1
26 61 1
26 60 1
27 59 1
27 58 1
28 57 1
28 56 1
29 55 1
29 54 1
29 53 1
29 52 1
30 51 1
30 50 1
30 49 1
31 48 1
.PEN_UP
