.PEN_DOWN
25 1 1
26 2 1
27 2 1
28 2 1
29 2 1
30 3 1
31 3 1
32 3 1
33 3 1
34 3 1
35 3 1
36 3 1
37 3 1
38 3 1
39 4 1
40 4 1
41 4 1
42 4 1
43 4 1
44 4 1
45 4 1
46 4 1
47 4 1
48 4 1
49 4 1
50 4 1
51 4 1
52 4 1
53 4 1
54 4 1
55 4 1
56 5 1
57 6 1
57 7 1
57 8 1
56 9 1
56 10 1
55 11 1
54 12 1
53 13 1
52 14 1
51 15 1
50 16 1
49 17 1
48 17 1
47 18 1
46 19 1
45 20 1
44 20 1
43 21 1
42 21 1
41 21 1
40 22 1
39 22 1
38 23 1
38 24 1
38 25 1
38 26 1
39 27 1
40 28 1
41 28 1
42 29 1
43 29 1
44 29 1
45 30 1
46 30 1
47 30 1
48 31 1
49 31 1
50 32 1
51 32 1
52 33 1
52 34 1
52 35 1
52 36 1
51 37 1
51 38 1
50 39 1
49 40 1
48 40 1
47 41 1
46 42 1
45 42 1
44 43 1
.PEN_UP
.PEN_DOWN
33 70 1
34 69 1
34 68 1
34 67 1
34 66 1
34 65 1
35 64 1
35 63 1
35 62 1
35 61 1
36 60 1
36 59 1
36 58 1
37 57 1
38 57 1
39 58 1
40 58 1
41 59 1
42 60 1
43 61 1
44 62 1
44 63 1
45 64 1
46 65 1
47 66 1
48 66 1
49 67 1
50 67 1
51 67 1
52 67 1
53 66 1
54 65 1
54 64 1
54 63 1
53 62 1
53 61 1
52 60 1
.PEN_UP
.PEN_DOWN
49 81 1
48 82 1
48 83 1
48 84 1
48 85 1
48 86 1
47 87 1
47 88 1
47 89 1
46 90 1
46 91 1
45 92 1
43 93 1
42 94 1
41 94 1
40 95 1
40 96 1
39 97 1
38 98 1
37 99 1
37 100 1
37 101 1
36 102 1
.PEN_UP
.PEN_DOWN
44 93 1
47 94 1
48 94 1
49 95 1
50 96 1
50 97 1
50 98 1
51 99 1
51 100 1
51 101 1
51 102 1
51 103 1
51 104 1
51 105 1
51 106 1
51 107 1
52 108 1
52 109 1
52 110 1
.PEN_UP
.PEN_DOWN
1 166 1
2 166 1
3 166 1
4 166 1
5 166 1
6 166 1
7 166 1
8 165 1
9 165 1
10 165 1
11 165 1
12 165 1
13 165 1
14 165 1
15 165 1
16 165 1
17 165 1
18 165 1
19 165 1
20 165 1
21 165 1
22 165 1
23 164 1
24 164 1
25 164 1
27 165 1
28 165 1
29 165 1
30 165 1
31 165 1
32 165 1
33 165 1
34 166 1
35 166 1
36 166 1
37 166 1
38 166 1
39 167 1
40 167 1
41 167 1
42 167 1
43 167 1
44 168 1
45 168 1
46 168 1
47 168 1
48 169 1
49 169 1
.PEN_UP
.PEN_DOWN
26 163 1
27 162 1
27 161 1
27 160 1
28 159 1
29 158 1
30 158 1
31 157 1
32 156 1
33 155 1
34 154 1
35 154 1
36 153 1
37 152 1
38 151 1
39 150 1
40 149 1
41 148 1
42 147 1
43 146 1
44 145 1
45 144 1
45 143 1
46 142 1
46 141 1
46 140 1
48 139 1
49 138 1
50 137 1
51 136 1
51 135 1
52 134 1
52 133 1
52 132 1
52 131 1
52 130 1
52 129 1
52 128 1
52 127 1
52 126 1
51 125 1
50 124 1
49 123 1
48 122 1
47 122 1
46 122 1
45 122 1
44 123 1
43 124 1
42 125 1
41 126 1
40 127 1
40 128 1
40 129 1
40 130 1
40 131 1
40 132 1
40 133 1
41 134 1
42 135 1
43 136 1
44 137 1
45 138 1
46 139 1
.PEN_UP
