.PEN_DOWN
47 45 1
47 46 1
46 47 1
45 48 1
44 49 1
43 50 1
43 51 1
42 52 1
41 53 1
40 53 1
39 53 1
38 54 1
37 54 1
36 53 1
35 52 1
34 51 1
33 51 1
32 50 1
31 49 1
30 48 1
30 47 1
29 46 1
29 45 1
28 44 1
28 43 1
28 42 1
28 41 1
28 40 1
27 39 1
27 38 1
27 37 1
27 36 1
27 35 1
27 34 1
27 33 1
27 32 1
27 31 1
27 30 1
27 29 1
27 28 1
28 27 1
28 26 1
28 25 1
28 24 1
28 23 1
29 22 1
29 21 1
30 20 1
31 19 1
32 18 1
32 17 1
33 16 1
33 15 1
34 14 1
34 13 1
35 12 1
36 11 1
37 10 1
38 9 1
39 9 1
40 8 1
40 7 1
41 6 1
42 5 1
43 4 1
44 3 1
45 3 1
46 2 1
47 1 1
48 1 1
49 1 1
50 1 1
51 1 1
52 1 1
53 1 1
54 2 1
55 3 1
56 4 1
57 5 1
58 6 1
58 7 1
58 8 1
58 9 1
58 10 1
58 11 1
58 12 1
58 13 1
58 14 1
58 15 1
59 16 1
59 17 1
59 18 1
59 19 1
59 20 1
59 21 1
59 22 1
59 23 1
59 24 1
59 25 1
58 26 1
58 27 1
58 28 1
58 29 1
58 30 1
58 31 1
58 32 1
58 33 1
58 34 1
58 35 1
58 36 1
57 37 1
57 38 1
57 39 1
57 40 1
57 41 1
57 42 1
56 43 1
56 44 1
56 45 1
56 46 1
56 47 1
55 48 1
55 49 1
55 50 1
54 51 1
54 52 1
54 53 1
53 54 1
53 55 1
53 56 1
52 57 1
52 58 1
52 59 1
51 60 1
51 61 1
.PEN_UP
.PEN_DOWN
33 75 1
32 76 1
32 77 1
32 78 1
32 79 1
32 80 1
32 81 1
32 82 1
30 87 1
29 87 1
28 87 1
27 87 1
26 87 1
25 87 1
24 88 1
23 88 1
22 89 1
21 90 1
20 90 1
19 91 1
18 91 1
17 92 1
16 93 1
15 93 1
14 94 1
13 95 1
12 95 1
11 96 1
10 97 1
9 97 1
8 98 1
7 99 1
6 100 1
5 101 1
4 102 1
3 103 1
3 104 1
2 105 1
2 106 1
1 107 1
1 108 1
1 109 1
1 110 1
1 111 1
2 112 1
2 113 1
3 114 1
4 115 1
5 115 1
6 115 1
7 116 1
8 116 1
9 116 1
10 116 1
11 116 1
12 116 1
13 115 1
14 115 1
15 115 1
16 114 1
17 113 1
18 113 1
19 112 1
20 112 1
21 111 1
22 111 1
23 110 1
24 109 1
25 108 1
.PEN_UP
.PEN_DOWN
32 83 1
33 87 1
33 88 1
33 89 1
33 90 1
33 91 1
34 92 1
34 93 1
34 94 1
34 95 1
35 96 1
35 97 1
35 98 1
35 99 1
35 100 1
35 101 1
35 102 1
35 103 1
35 104 1
36 105 1
36 106 1
36 107 1
35 108 1
.PEN_UP
.PEN_DOWN
33 83 1
34 83 1
35 83 1
36 83 1
37 83 1
38 82 1
39 82 1
40 82 1
41 82 1
42 82 1
43 81 1
44 81 1
45 81 1
46 80 1
47 80 1
48 80 1
49 80 1
50 80 1
51 80 1
52 80 1
53 80 1
54 80 1
55 80 1
56 80 1
57 80 1
58 80 1
59 80 1
60 80 1
61 80 1
62 80 1
63 81 1
64 81 1
65 81 1
.PEN_UP
