.PEN_DOWN
9 38 1
8 38 1
7 38 1
6 38 1
5 38 1
4 38 1
3 38 1
2 37 1
1 36 1
1 35 1
1 34 1
1 33 1
1 32 1
2 31 1
2 30 1
3 29 1
4 28 1
5 27 1
6 26 1
7 25 1
8 24 1
9 23 1
10 23 1
11 22 1
12 22 1
13 21 1
14 20 1
15 19 1
16 19 1
17 19 1
18 18 1
19 18 1
20 17 1
21 17 1
22 16 1
23 15 1
24 15 1
25 14 1
26 14 1
27 14 1
28 13 1
29 13 1
30 13 1
31 12 1
32 12 1
33 12 1
34 11 1
35 11 1
36 11 1
37 10 1
38 10 1
39 10 1
40 10 1
41 10 1
42 9 1
43 9 1
44 9 1
45 9 1
46 9 1
47 9 1
48 8 1
49 8 1
50 8 1
51 8 1
52 8 1
53 8 1
54 7 1
55 7 1
56 7 1
57 7 1
58 7 1
59 6 1
60 6 1
61 6 1
62 6 1
63 5 1
64 5 1
65 5 1
66 5 1
67 5 1
68 5 1
69 5 1
70 5 1
71 5 1
72 4 1
73 4 1
74 4 1
75 4 1
76 4 1
77 4 1
80 3 1
81 3 1
82 3 1
83 3 1
84 3 1
85 3 1
86 3 1
87 2 1
88 2 1
89 2 1
90 2 1
91 2 1
92 2 1
93 2 1
94 2 1
95 2 1
96 2 1
97 2 1
98 1 1
99 1 1
100 1 1
101 1 1
102 1 1
103 1 1
104 1 1
105 2 1
106 2 1
107 2 1
108 2 1
109 2 1
110 2 1
111 2 1
112 2 1
113 2 1
114 2 1
115 2 1
116 2 1
117 2 1
118 2 1
119 2 1
120 2 1
121 2 1
122 1 1
123 1 1
.PEN_UP
.PEN_DOWN
78 4 1
77 6 1
77 7 1
77 8 1
77 9 1
76 10 1
76 11 1
75 12 1
75 13 1
75 14 1
75 15 1
75 16 1
75 17 1
75 18 1
75 19 1
75 20 1
75 21 1
75 22 1
76 23 1
76 24 1
76 25 1
76 26 1
76 27 1
76 28 1
76 29 1
76 30 1
76 31 1
76 32 1
76 33 1
76 34 1
.PEN_UP
.PEN_DOWN
87 41 1
88 40 1
89 40 1
90 40 1
91 40 1
92 40 1
93 40 1
94 40 1
95 40 1
96 40 1
97 41 1
98 42 1
99 43 1
99 44 1
100 45 1
100 46 1
100 47 1
100 48 1
99 49 1
99 50 1
98 51 1
97 52 1
96 53 1
95 54 1
94 55 1
93 56 1
92 57 1
91 58 1
90 59 1
89 59 1
88 60 1
87 60 1
.PEN_UP
.PEN_DOWN
21 114 1
22 113 1
23 112 1
24 111 1
25 110 1
26 110 1
27 109 1
28 109 1
29 108 1
30 108 1
31 107 1
32 106 1
33 106 1
34 106 1
35 105 1
36 104 1
37 104 1
38 103 1
39 102 1
40 102 1
41 101 1
42 101 1
43 101 1
44 100 1
45 100 1
46 99 1
47 99 1
48 98 1
49 98 1
50 97 1
51 97 1
52 96 1
53 96 1
54 96 1
55 95 1
56 95 1
57 95 1
58 94 1
59 94 1
60 93 1
61 93 1
62 92 1
63 92 1
64 92 1
65 91 1
66 91 1
67 90 1
68 90 1
69 89 1
70 89 1
71 89 1
72 88 1
73 88 1
74 88 1
75 87 1
76 87 1
77 86 1
78 86 1
79 86 1
80 85 1
81 85 1
82 85 1
83 84 1
84 84 1
85 84 1
86 83 1
87 83 1
88 83 1
89 82 1
90 82 1
91 82 1
92 81 1
93 81 1
94 81 1
95 81 1
96 81 1
97 81 1
98 81 1
99 82 1
98 83 1
98 84 1
97 85 1
97 86 1
96 87 1
95 87 1
94 88 1
93 88 1
92 89 1
.PEN_UP
.PEN_DOWN
8 145 1
9 144 1
10 143 1
11 143 1
12 143 1
13 142 1
14 142 1
15 142 1
16 142 1
17 141 1
18 141 1
19 141 1
20 141 1
21 141 1
22 140 1
23 140 1
24 139 1
25 138 1
26 138 1
27 137 1
28 137 1
29 136 1
30 136 1
31 135 1
32 134 1
33 134 1
34 134 1
35 133 1
36 132 1
37 132 1
38 131 1
39 131 1
40 130 1
41 130 1
42 130 1
43 129 1
44 129 1
45 128 1
46 128 1
47 127 1
48 127 1
49 126 1
50 125 1
51 125 1
52 124 1
53 124 1
54 124 1
55 123 1
56 123 1
57 122 1
58 122 1
59 121 1
60 121 1
61 120 1
62 120 1
63 119 1
64 119 1
65 118 1
66 117 1
67 117 1
68 117 1
69 116 1
70 116 1
71 115 1
72 115 1
73 115 1
74 114 1
75 114 1
76 113 1
77 113 1
78 112 1
79 112 1
80 111 1
81 111 1
82 111 1
83 110 1
84 110 1
85 109 1
86 109 1
87 109 1
88 108 1
89 108 1
90 108 1
91 107 1
92 107 1
93 106 1
94 106 1
95 106 1
96 106 1
97 106 1
98 106 1
99 105 1
100 105 1
101 105 1
102 105 1
.PEN_UP
.PEN_DOWN
67 145 1
68 145 1
69 146 1
70 147 1
71 147 1
72 148 1
73 148 1
74 148 1
75 149 1
76 149 1
77 149 1
78 150 1
79 150 1
80 150 1
81 151 1
82 151 1
83 151 1
84 152 1
85 152 1
86 153 1
87 153 1
88 154 1
89 155 1
89 156 1
90 157 1
91 157 1
92 156 1
93 156 1
94 156 1
95 156 1
96 156 1
97 155 1
98 155 1
99 154 1
100 154 1
101 153 1
102 153 1
103 152 1
104 152 1
105 151 1
106 150 1
107 150 1
108 150 1
109 150 1
110 149 1
111 149 1
112 148 1
113 147 1
114 147 1
115 146 1
116 146 1
117 146 1
118 145 1
119 144 1
120 144 1
121 143 1
122 143 1
123 142 1
124 142 1
125 142 1
126 141 1
127 141 1
128 140 1
129 140 1
130 139 1
131 139 1
132 138 1
133 138 1
134 137 1
135 137 1
136 136 1
137 136 1
138 135 1
.PEN_UP
.PEN_DOWN
89 158 1
89 159 1
88 160 1
87 161 1
86 161 1
85 162 1
84 162 1
83 163 1
82 164 1
81 164 1
80 164 1
79 165 1
78 165 1
77 166 1
76 166 1
75 167 1
74 168 1
73 168 1
72 168 1
71 169 1
70 170 1
69 171 1
.PEN_UP
.PEN_DOWN
68 257 1
68 258 1
69 259 1
69 260 1
70 261 1
70 262 1
70 263 1
71 264 1
71 265 1
71 266 1
71 267 1
71 268 1
72 269 1
72 270 1
72 271 1
72 272 1
72 273 1
72 274 1
72 275 1
72 276 1
72 277 1
72 278 1
72 279 1
72 280 1
72 281 1
72 282 1
72 283 1
72 284 1
72 285 1
72 286 1
71 287 1
.PEN_UP
.PEN_DOWN
122 315 1
121 315 1
120 315 1
119 315 1
118 315 1
117 316 1
116 316 1
115 316 1
114 316 1
113 316 1
112 317 1
111 317 1
110 317 1
109 318 1
108 318 1
107 318 1
106 318 1
105 319 1
104 319 1
103 319 1
102 320 1
101 320 1
100 320 1
99 320 1
98 321 1
97 321 1
96 321 1
95 321 1
94 322 1
93 322 1
92 322 1
91 322 1
90 322 1
89 322 1
88 322 1
87 322 1
86 322 1
85 323 1
84 323 1
83 324 1
82 325 1
81 326 1
80 326 1
79 327 1
78 327 1
77 328 1
75 329 1
74 329 1
73 329 1
72 329 1
71 329 1
70 329 1
69 329 1
68 330 1
67 330 1
66 330 1
65 331 1
64 331 1
63 331 1
62 332 1
61 332 1
60 332 1
59 333 1
58 333 1
57 333 1
56 334 1
55 334 1
54 334 1
53 335 1
52 335 1
51 336 1
50 336 1
49 337 1
48 337 1
47 337 1
46 337 1
45 338 1
44 338 1
43 338 1
42 339 1
41 339 1
40 340 1
39 340 1
38 341 1
37 341 1
36 342 1
35 342 1
34 342 1
33 342 1
32 343 1
31 344 1
30 344 1
29 345 1
28 345 1
27 345 1
26 346 1
25 346 1
24 346 1
23 347 1
22 347 1
21 348 1
20 348 1
19 349 1
18 350 1
17 351 1
16 352 1
15 352 1
14 353 1
13 354 1
12 355 1
12 356 1
12 357 1
12 358 1
12 359 1
12 360 1
12 361 1
13 362 1
13 363 1
.PEN_UP
.PEN_DOWN
76 329 1
77 331 1
77 332 1
76 333 1
76 334 1
76 335 1
76 336 1
76 337 1
76 338 1
76 339 1
76 340 1
76 341 1
76 342 1
76 343 1
76 344 1
76 345 1
76 346 1
76 347 1
76 348 1
76 349 1
76 350 1
76 351 1
76 352 1
76 353 1
75 354 1
.PEN_UP
.PEN_DOWN
105 362 1
104 362 1
103 362 1
102 363 1
101 363 1
100 363 1
99 363 1
98 364 1
97 364 1
96 365 1
95 365 1
94 365 1
93 366 1
92 366 1
91 366 1
90 367 1
89 367 1
88 367 1
87 368 1
86 368 1
85 369 1
84 369 1
83 370 1
82 370 1
81 370 1
80 371 1
79 371 1
78 371 1
77 372 1
76 372 1
75 373 1
74 374 1
73 374 1
72 374 1
71 374 1
70 375 1
69 375 1
68 376 1
67 376 1
66 377 1
65 377 1
64 378 1
63 378 1
62 378 1
61 379 1
60 380 1
59 380 1
58 381 1
57 381 1
56 382 1
55 382 1
54 383 1
53 383 1
52 383 1
51 384 1
50 385 1
49 385 1
48 385 1
47 386 1
46 386 1
45 387 1
44 387 1
43 388 1
42 388 1
41 389 1
40 389 1
39 390 1
38 390 1
37 391 1
36 391 1
35 392 1
34 392 1
33 393 1
32 393 1
31 394 1
30 394 1
29 395 1
28 395 1
27 396 1
26 396 1
25 396 1
24 397 1
23 398 1
22 398 1
21 399 1
20 399 1
19 400 1
18 400 1
17 401 1
16 402 1
15 403 1
14 403 1
13 404 1
13 405 1
.PEN_UP
.PEN_DOWN
62 410 1
62 409 1
61 408 1
61 407 1
61 406 1
62 405 1
63 404 1
64 403 1
65 402 1
66 401 1
67 401 1
68 401 1
69 401 1
70 401 1
71 401 1
72 401 1
73 401 1
74 401 1
75 400 1
76 400 1
77 400 1
78 400 1
79 400 1
80 401 1
81 402 1
82 403 1
82 404 1
82 405 1
81 406 1
81 407 1
80 408 1
.PEN_UP
.PEN_DOWN
7 488 1
8 488 1
9 488 1
10 488 1
11 487 1
12 487 1
13 486 1
14 486 1
15 486 1
16 486 1
17 486 1
18 486 1
19 485 1
20 485 1
21 485 1
22 484 1
23 484 1
24 483 1
25 483 1
26 483 1
27 483 1
28 483 1
29 482 1
30 482 1
31 482 1
32 481 1
33 481 1
34 481 1
35 481 1
36 480 1
37 480 1
38 480 1
39 479 1
40 479 1
41 479 1
42 479 1
43 479 1
44 478 1
45 478 1
46 478 1
47 478 1
48 477 1
49 477 1
50 477 1
51 476 1
52 476 1
53 475 1
54 475 1
55 475 1
56 474 1
57 474 1
58 473 1
59 473 1
60 473 1
61 472 1
62 472 1
63 471 1
64 471 1
65 470 1
66 470 1
67 470 1
68 470 1
69 469 1
70 469 1
71 468 1
72 468 1
73 467 1
73 466 1
74 465 1
76 464 1
77 464 1
78 463 1
79 463 1
80 463 1
81 463 1
82 463 1
83 462 1
84 462 1
85 461 1
86 460 1
87 460 1
88 459 1
88 458 1
88 457 1
88 456 1
88 455 1
88 454 1
88 453 1
87 452 1
87 451 1
86 450 1
85 449 1
84 449 1
83 448 1
82 448 1
81 448 1
80 448 1
79 448 1
78 447 1
77 447 1
76 447 1
75 447 1
74 447 1
73 447 1
72 447 1
71 447 1
70 447 1
69 448 1
68 448 1
67 449 1
66 449 1
65 449 1
64 450 1
63 451 1
62 452 1
61 453 1
61 454 1
61 455 1
61 456 1
62 457 1
63 458 1
64 459 1
65 460 1
66 460 1
67 460 1
68 461 1
69 461 1
70 461 1
71 462 1
72 462 1
73 463 1
74 464 1
.PEN_UP
.PEN_DOWN
148 487 1
147 488 1
146 488 1
145 489 1
144 489 1
143 490 1
142 490 1
141 491 1
140 491 1
139 491 1
138 492 1
137 492 1
136 493 1
135 493 1
134 494 1
133 494 1
132 494 1
131 495 1
130 496 1
129 496 1
128 497 1
127 497 1
126 498 1
125 498 1
124 499 1
123 499 1
122 500 1
121 500 1
120 500 1
119 501 1
118 501 1
117 502 1
116 503 1
115 503 1
114 503 1
113 504 1
112 505 1
111 505 1
110 505 1
109 506 1
108 506 1
107 507 1
106 507 1
105 507 1
104 508 1
103 508 1
102 508 1
101 508 1
100 509 1
99 509 1
98 509 1
97 509 1
96 510 1
95 510 1
94 510 1
91 511 1
90 512 1
89 513 1
88 513 1
87 514 1
86 514 1
85 515 1
84 516 1
83 516 1
82 516 1
81 517 1
80 518 1
79 518 1
78 519 1
77 519 1
76 520 1
75 521 1
74 521 1
73 522 1
.PEN_UP
.PEN_DOWN
93 509 1
93 508 1
93 507 1
93 506 1
94 505 1
94 504 1
94 503 1
94 502 1
96 501 1
97 502 1
98 502 1
.PEN_UP
.PEN_DOWN
94 501 1
94 499 1
93 498 1
92 497 1
91 497 1
90 497 1
89 497 1
88 497 1
87 497 1
86 496 1
85 496 1
84 496 1
83 496 1
82 496 1
81 496 1
80 496 1
79 497 1
78 497 1
77 497 1
76 498 1
75 498 1
74 499 1
73 499 1
72 500 1
72 501 1
72 502 1
71 503 1
71 504 1
70 505 1
70 506 1
70 507 1
69 508 1
69 509 1
69 510 1
70 511 1
70 512 1
71 513 1
71 514 1
.PEN_UP
.PEN_DOWN
78 562 1
77 561 1
76 560 1
76 559 1
76 558 1
77 557 1
78 556 1
79 556 1
80 556 1
81 556 1
82 556 1
83 556 1
84 556 1
85 556 1
86 556 1
87 556 1
88 556 1
89 555 1
90 555 1
91 555 1
92 554 1
93 555 1
94 555 1
95 555 1
96 555 1
97 555 1
98 556 1
99 556 1
100 557 1
101 558 1
102 559 1
102 560 1
102 561 1
102 562 1
.PEN_UP
.PEN_DOWN
93 604 1
92 605 1
91 605 1
90 605 1
89 606 1
88 606 1
87 606 1
86 606 1
85 607 1
84 607 1
83 608 1
82 608 1
81 608 1
80 608 1
79 608 1
78 608 1
77 609 1
75 611 1
74 612 1
73 613 1
72 614 1
71 614 1
70 615 1
69 615 1
68 615 1
67 616 1
66 616 1
65 616 1
64 617 1
63 617 1
62 618 1
61 618 1
60 619 1
59 619 1
58 619 1
57 620 1
56 620 1
55 620 1
54 621 1
53 621 1
52 622 1
51 622 1
50 622 1
49 623 1
48 623 1
47 624 1
46 624 1
45 625 1
44 625 1
43 625 1
42 626 1
41 626 1
40 627 1
39 627 1
38 627 1
37 628 1
36 628 1
35 628 1
34 629 1
33 629 1
32 630 1
31 630 1
30 631 1
29 631 1
28 632 1
27 632 1
26 633 1
25 633 1
24 633 1
23 633 1
22 634 1
21 634 1
20 635 1
19 636 1
18 636 1
17 636 1
16 637 1
15 637 1
14 638 1
13 638 1
12 638 1
11 639 1
10 640 1
9 641 1
8 641 1
.PEN_UP
.PEN_DOWN
76 608 1
75 607 1
74 606 1
73 606 1
72 606 1
71 606 1
70 605 1
69 604 1
69 603 1
68 602 1
67 601 1
67 600 1
67 599 1
67 598 1
68 597 1
69 596 1
70 595 1
71 594 1
72 593 1
73 592 1
74 591 1
75 590 1
76 589 1
77 589 1
78 588 1
79 587 1
80 587 1
81 587 1
82 586 1
83 586 1
84 586 1
85 586 1
86 585 1
87 585 1
88 585 1
89 585 1
90 585 1
91 584 1
92 584 1
93 584 1
94 584 1
95 585 1
96 585 1
97 585 1
98 585 1
99 586 1
100 587 1
101 588 1
101 589 1
102 590 1
102 591 1
102 592 1
102 593 1
102 594 1
102 595 1
102 596 1
102 597 1
102 598 1
101 599 1
101 600 1
101 601 1
101 602 1
100 603 1
100 604 1
100 605 1
100 606 1
.PEN_UP
