.PEN_DOWN
29 36 1
30 35 1
30 34 1
30 33 1
30 32 1
30 31 1
31 30 1
31 29 1
30 28 1
29 27 1
28 27 1
27 27 1
26 26 1
25 27 1
24 27 1
23 27 1
22 28 1
21 29 1
20 30 1
19 30 1
18 30 1
17 30 1
16 30 1
15 30 1
14 30 1
13 30 1
12 31 1
11 32 1
10 33 1
9 34 1
8 34 1
7 34 1
6 34 1
5 34 1
4 34 1
3 33 1
2 32 1
1 31 1
1 30 1
1 29 1
1 28 1
2 27 1
2 26 1
3 25 1
3 24 1
4 23 1
5 22 1
5 21 1
6 20 1
7 19 1
7 18 1
8 17 1
8 16 1
9 15 1
10 14 1
11 13 1
12 12 1
12 11 1
13 10 1
14 9 1
15 8 1
16 7 1
17 6 1
18 5 1
19 4 1
20 3 1
21 3 1
22 2 1
23 2 1
24 1 1
25 1 1
26 1 1
27 1 1
28 1 1
29 2 1
30 3 1
30 4 1
30 5 1
31 6 1
31 7 1
31 8 1
31 9 1
30 10 1
30 11 1
30 12 1
30 13 1
29 14 1
29 15 1
29 16 1
28 17 1
27 18 1
27 19 1
27 20 1
26 21 1
26 22 1
26 23 1
26 24 1
26 25 1
.PEN_UP
