.PEN_DOWN
35 12 1
36 11 1
37 11 1
38 10 1
39 10 1
40 9 1
41 8 1
42 8 1
43 7 1
44 7 1
45 6 1
46 6 1
47 5 1
48 5 1
49 4 1
50 3 1
51 3 1
52 3 1
53 3 1
54 3 1
55 3 1
56 2 1
57 2 1
57 4 1
57 5 1
57 6 1
57 7 1
56 8 1
56 9 1
56 10 1
56 11 1
56 12 1
55 13 1
55 14 1
54 15 1
54 16 1
52 17 1
51 17 1
50 18 1
49 18 1
48 18 1
47 19 1
46 19 1
.PEN_UP
.PEN_DOWN
56 18 1
57 19 1
57 20 1
56 21 1
56 22 1
56 23 1
55 24 1
55 25 1
55 26 1
54 27 1
53 28 1
52 29 1
51 30 1
50 31 1
49 31 1
48 32 1
47 33 1
46 34 1
45 35 1
44 35 1
43 36 1
42 37 1
41 37 1
40 38 1
.PEN_UP
.PEN_DOWN
52 47 1
51 47 1
50 48 1
49 49 1
48 50 1
47 50 1
46 51 1
44 51 1
43 52 1
42 52 1
41 52 1
40 52 1
39 52 1
38 53 1
37 53 1
36 53 1
35 54 1
34 55 1
33 55 1
32 56 1
31 56 1
30 57 1
29 57 1
28 58 1
27 58 1
26 58 1
25 59 1
24 60 1
23 60 1
22 61 1
21 62 1
20 62 1
19 63 1
18 63 1
17 64 1
16 65 1
15 65 1
14 66 1
13 66 1
12 67 1
11 67 1
10 68 1
9 68 1
8 68 1
7 69 1
6 69 1
5 70 1
4 70 1
3 71 1
2 71 1
1 71 1
.PEN_UP
.PEN_DOWN
45 51 1
45 53 1
45 54 1
45 55 1
45 56 1
44 57 1
44 58 1
44 59 1
43 60 1
43 61 1
43 62 1
42 63 1
42 64 1
42 65 1
42 66 1
41 67 1
42 68 1
43 69 1
44 69 1
45 69 1
46 68 1
47 68 1
48 68 1
49 68 1
50 68 1
51 68 1
52 67 1
53 67 1
54 67 1
55 67 1
56 67 1
57 67 1
58 67 1
59 67 1
60 67 1
61 68 1
62 69 1
62 70 1
.PEN_UP
.PEN_DOWN
40 102 1
40 101 1
40 100 1
41 99 1
41 98 1
42 97 1
42 96 1
43 95 1
44 94 1
45 94 1
46 93 1
47 93 1
48 93 1
49 92 1
50 92 1
51 93 1
51 94 1
51 95 1
51 96 1
51 97 1
50 98 1
50 99 1
49 100 1
49 101 1
.PEN_UP
.PEN_DOWN
53 123 1
52 124 1
51 125 1
50 126 1
49 127 1
48 127 1
47 128 1
46 129 1
46 130 1
45 131 1
43 132 1
42 132 1
41 132 1
40 132 1
39 132 1
.PEN_UP
.PEN_DOWN
44 132 1
45 134 1
45 135 1
45 136 1
45 137 1
45 138 1
45 139 1
45 140 1
46 141 1
47 141 1
48 141 1
49 141 1
50 141 1
51 141 1
52 141 1
53 143 1
52 144 1
52 145 1
52 146 1
52 147 1
51 148 1
51 149 1
51 150 1
50 151 1
50 152 1
49 153 1
49 154 1
49 155 1
49 156 1
48 157 1
48 158 1
48 159 1
48 160 1
48 161 1
47 162 1
48 163 1
49 163 1
50 163 1
51 163 1
52 163 1
53 163 1
54 163 1
55 162 1
56 162 1
.PEN_UP
