.PEN_DOWN
11 1 1
12 1 1
13 1 1
14 2 1
15 2 1
16 2 1
17 2 1
18 2 1
19 3 1
20 3 1
21 3 1
22 3 1
23 4 1
24 4 1
25 5 1
26 6 1
27 7 1
27 8 1
28 9 1
28 10 1
29 11 1
30 12 1
32 15 1
32 16 1
33 17 1
34 18 1
35 18 1
36 18 1
37 18 1
38 18 1
39 18 1
40 18 1
41 18 1
42 16 1
43 15 1
43 14 1
43 13 1
42 12 1
42 11 1
41 10 1
40 10 1
39 9 1
38 9 1
37 9 1
36 9 1
35 9 1
34 9 1
33 9 1
32 10 1
31 11 1
.PEN_UP
.PEN_DOWN
42 17 1
42 20 1
42 21 1
42 22 1
43 23 1
43 24 1
44 25 1
44 26 1
45 27 1
45 28 1
45 29 1
46 30 1
46 31 1
46 32 1
46 33 1
46 34 1
46 35 1
46 36 1
46 37 1
45 38 1
45 39 1
44 40 1
44 41 1
43 42 1
42 43 1
41 44 1
40 44 1
39 45 1
38 45 1
37 45 1
36 45 1
35 45 1
34 46 1
33 45 1
32 45 1
31 45 1
30 44 1
29 44 1
28 43 1
27 42 1
26 41 1
25 40 1
24 39 1
23 38 1
22 37 1
22 36 1
21 35 1
20 34 1
20 33 1
20 32 1
20 31 1
.PEN_UP
.PEN_DOWN
30 13 1
28 15 1
27 15 1
26 14 1
25 14 1
24 14 1
23 14 1
.PEN_UP
.PEN_DOWN
21 55 1
21 56 1
22 57 1
23 58 1
23 59 1
23 60 1
24 61 1
26 62 1
27 62 1
28 63 1
29 63 1
30 63 1
31 64 1
32 64 1
33 64 1
34 65 1
35 65 1
36 66 1
37 66 1
38 66 1
39 67 1
40 67 1
41 68 1
42 68 1
43 69 1
44 69 1
45 70 1
46 69 1
47 69 1
.PEN_UP
.PEN_DOWN
24 62 1
23 63 1
23 64 1
23 65 1
22 66 1
22 67 1
22 68 1
22 69 1
22 70 1
22 71 1
22 72 1
22 73 1
22 74 1
22 75 1
22 76 1
22 77 1
22 78 1
22 79 1
.PEN_UP
.PEN_DOWN
2 77 1
2 78 1
2 79 1
2 80 1
1 81 1
1 82 1
1 83 1
1 84 1
1 85 1
1 86 1
1 87 1
1 88 1
1 89 1
1 90 1
1 91 1
1 92 1
1 93 1
2 94 1
.PEN_UP
.PEN_DOWN
23 92 1
24 93 1
25 94 1
26 95 1
27 95 1
28 96 1
29 96 1
30 97 1
31 97 1
32 97 1
33 97 1
34 98 1
35 98 1
36 98 1
37 98 1
38 99 1
39 99 1
40 99 1
41 99 1
42 99 1
43 99 1
44 99 1
45 99 1
46 100 1
47 100 1
.PEN_UP
.PEN_DOWN
25 115 1
24 116 1
24 117 1
24 118 1
23 119 1
23 120 1
23 121 1
25 125 1
26 125 1
27 125 1
28 125 1
29 125 1
30 125 1
31 125 1
32 126 1
33 126 1
34 126 1
35 126 1
36 127 1
37 127 1
38 127 1
39 127 1
40 128 1
41 128 1
.PEN_UP
.PEN_DOWN
22 122 1
21 122 1
20 121 1
19 121 1
18 121 1
17 121 1
16 121 1
15 121 1
14 121 1
13 120 1
12 120 1
11 120 1
10 120 1
9 119 1
8 119 1
7 119 1
6 119 1
5 118 1
4 118 1
.PEN_UP
.PEN_DOWN
23 123 1
24 127 1
24 128 1
24 129 1
24 130 1
.PEN_UP
.PEN_DOWN
37 199 1
38 198 1
39 197 1
39 196 1
39 195 1
40 194 1
40 193 1
41 192 1
41 191 1
42 190 1
42 189 1
43 188 1
43 187 1
43 186 1
44 185 1
44 184 1
44 183 1
44 182 1
45 181 1
45 180 1
45 179 1
45 178 1
45 177 1
45 176 1
45 175 1
45 174 1
45 173 1
44 172 1
44 171 1
44 170 1
44 169 1
44 168 1
44 167 1
43 166 1
43 165 1
42 164 1
41 164 1
40 163 1
38 161 1
38 160 1
38 159 1
38 158 1
38 157 1
38 156 1
37 155 1
37 154 1
36 153 1
35 152 1
34 151 1
33 150 1
32 150 1
31 149 1
30 148 1
29 148 1
28 148 1
27 147 1
26 147 1
25 147 1
24 147 1
23 147 1
22 147 1
21 147 1
20 148 1
19 148 1
18 149 1
17 150 1
16 151 1
16 152 1
15 153 1
15 154 1
14 155 1
14 156 1
14 157 1
14 158 1
14 159 1
14 160 1
15 161 1
15 162 1
15 163 1
16 164 1
16 165 1
16 166 1
16 167 1
17 168 1
17 169 1
17 170 1
18 171 1
18 172 1
19 173 1
20 174 1
21 175 1
22 176 1
23 177 1
24 177 1
25 177 1
26 177 1
27 177 1
28 177 1
29 177 1
30 176 1
31 176 1
32 175 1
32 174 1
33 173 1
33 172 1
34 171 1
34 170 1
34 169 1
35 168 1
35 167 1
36 166 1
36 165 1
37 164 1
38 163 1
.PEN_UP
