.PEN_DOWN
1 26 1
2 26 1
3 27 1
4 27 1
5 27 1
6 27 1
7 27 1
8 27 1
9 27 1
10 27 1
11 27 1
12 27 1
13 27 1
14 27 1
15 27 1
16 27 1
17 28 1
18 28 1
19 28 1
20 29 1
21 29 1
22 29 1
23 29 1
24 29 1
26 30 1
27 30 1
28 30 1
29 30 1
30 30 1
31 30 1
32 30 1
33 30 1
34 30 1
35 30 1
36 31 1
37 31 1
38 31 1
41 32 1
42 32 1
43 32 1
44 32 1
45 32 1
46 32 1
47 32 1
48 32 1
49 32 1
50 33 1
51 33 1
52 33 1
53 33 1
54 33 1
55 33 1
56 33 1
57 33 1
58 33 1
59 33 1
60 33 1
61 33 1
62 34 1
63 34 1
64 34 1
65 34 1
66 34 1
67 34 1
68 34 1
69 34 1
70 34 1
71 34 1
72 34 1
73 34 1
74 34 1
75 34 1
76 34 1
77 35 1
78 35 1
79 35 1
80 35 1
81 35 1
82 35 1
83 35 1
84 35 1
85 35 1
86 35 1
87 35 1
88 35 1
89 35 1
90 35 1
91 35 1
92 35 1
93 35 1
94 35 1
95 34 1
96 34 1
97 34 1
98 34 1
.PEN_UP
.PEN_DOWN
39 30 1
39 29 1
39 28 1
39 27 1
39 26 1
39 25 1
39 24 1
39 23 1
38 22 1
38 21 1
38 20 1
38 19 1
38 18 1
38 17 1
38 16 1
38 15 1
38 14 1
38 13 1
38 12 1
38 11 1
38 10 1
38 9 1
38 8 1
38 7 1
38 6 1
38 5 1
38 4 1
38 3 1
38 2 1
39 1 1
.PEN_UP
.PEN_DOWN
39 32 1
39 34 1
39 35 1
39 36 1
38 37 1
38 38 1
38 39 1
38 40 1
.PEN_UP
.PEN_DOWN
25 28 1
26 27 1
26 26 1
26 25 1
27 24 1
28 23 1
29 23 1
.PEN_UP
.PEN_DOWN
2 50 1
3 49 1
4 49 1
5 49 1
6 49 1
7 49 1
8 49 1
9 49 1
10 49 1
11 49 1
12 49 1
13 49 1
14 49 1
15 49 1
16 49 1
17 49 1
18 49 1
19 50 1
20 50 1
21 50 1
22 50 1
23 50 1
24 50 1
25 51 1
26 51 1
27 51 1
28 51 1
29 51 1
30 51 1
31 51 1
32 51 1
33 52 1
34 52 1
35 52 1
36 52 1
37 52 1
38 52 1
39 52 1
40 52 1
41 52 1
42 52 1
43 53 1
44 53 1
45 53 1
46 53 1
47 53 1
48 53 1
49 53 1
50 53 1
51 54 1
52 54 1
53 54 1
54 54 1
55 54 1
56 54 1
57 54 1
58 55 1
59 55 1
60 55 1
61 55 1
62 55 1
63 55 1
64 55 1
65 56 1
66 56 1
67 56 1
68 57 1
70 58 1
71 58 1
72 58 1
73 58 1
74 58 1
75 58 1
76 57 1
77 57 1
78 57 1
79 57 1
80 57 1
81 57 1
82 57 1
83 57 1
84 57 1
85 57 1
.PEN_UP
.PEN_DOWN
68 58 1
67 60 1
66 61 1
65 62 1
64 62 1
63 62 1
62 62 1
61 63 1
60 63 1
59 63 1
58 63 1
57 64 1
56 65 1
55 65 1
54 65 1
53 65 1
52 66 1
51 66 1
50 67 1
50 68 1
49 69 1
50 70 1
51 71 1
52 71 1
53 71 1
54 71 1
55 71 1
56 72 1
57 72 1
58 72 1
59 72 1
60 72 1
61 72 1
62 72 1
63 73 1
64 73 1
65 73 1
66 73 1
67 73 1
68 73 1
69 73 1
70 73 1
71 73 1
72 73 1
73 73 1
74 74 1
75 74 1
76 74 1
77 74 1
78 74 1
79 74 1
80 74 1
81 74 1
82 74 1
83 74 1
84 74 1
85 74 1
86 74 1
87 75 1
88 75 1
89 75 1
90 75 1
91 75 1
92 75 1
.PEN_UP
.PEN_DOWN
49 93 1
50 92 1
51 92 1
52 92 1
53 92 1
54 92 1
55 91 1
56 91 1
57 91 1
58 91 1
59 91 1
60 91 1
61 92 1
62 92 1
63 92 1
64 92 1
65 92 1
66 92 1
67 93 1
69 94 1
70 94 1
71 94 1
72 94 1
73 94 1
74 94 1
75 94 1
76 94 1
77 94 1
78 94 1
79 94 1
80 94 1
81 94 1
82 94 1
83 94 1
84 95 1
85 95 1
86 95 1
87 95 1
88 96 1
89 96 1
.PEN_UP
.PEN_DOWN
67 94 1
66 96 1
65 97 1
64 98 1
63 98 1
62 99 1
61 99 1
60 100 1
59 101 1
58 102 1
58 103 1
57 104 1
56 105 1
56 106 1
56 107 1
55 108 1
55 109 1
55 110 1
54 111 1
54 112 1
54 113 1
54 114 1
54 115 1
54 116 1
54 117 1
54 118 1
54 119 1
55 120 1
55 121 1
55 122 1
55 123 1
56 124 1
56 125 1
56 126 1
57 127 1
58 128 1
59 129 1
60 129 1
61 130 1
63 131 1
63 132 1
63 133 1
64 134 1
64 135 1
64 136 1
64 137 1
65 138 1
65 139 1
65 140 1
66 141 1
66 142 1
66 143 1
67 144 1
68 145 1
69 146 1
70 146 1
71 146 1
72 146 1
73 145 1
74 145 1
75 145 1
76 144 1
77 144 1
78 143 1
79 143 1
80 142 1
80 141 1
80 140 1
81 139 1
82 138 1
83 137 1
83 136 1
84 135 1
84 134 1
85 133 1
85 132 1
86 131 1
86 130 1
86 129 1
87 128 1
88 127 1
88 126 1
88 125 1
88 124 1
88 123 1
88 122 1
88 121 1
88 120 1
88 119 1
89 118 1
89 117 1
89 116 1
89 115 1
88 114 1
88 113 1
88 112 1
88 111 1
87 110 1
86 109 1
85 108 1
84 108 1
83 108 1
82 108 1
81 108 1
80 109 1
79 109 1
78 109 1
77 110 1
76 111 1
75 112 1
74 113 1
73 114 1
72 115 1
72 116 1
71 117 1
70 118 1
69 119 1
68 120 1
67 121 1
66 122 1
66 123 1
65 124 1
65 125 1
65 126 1
64 127 1
63 128 1
62 129 1
.PEN_UP
.PEN_DOWN
56 158 1
57 158 1
58 157 1
59 157 1
60 157 1
61 157 1
62 157 1
63 156 1
64 156 1
65 156 1
66 156 1
67 156 1
68 156 1
69 156 1
70 156 1
71 156 1
72 156 1
73 156 1
74 156 1
75 156 1
76 155 1
77 155 1
78 155 1
79 155 1
80 155 1
81 155 1
82 155 1
83 156 1
83 157 1
83 158 1
83 159 1
82 160 1
82 161 1
81 162 1
80 163 1
79 164 1
78 164 1
77 165 1
76 166 1
75 167 1
74 167 1
73 168 1
73 169 1
72 170 1
72 171 1
71 172 1
69 173 1
68 173 1
67 174 1
66 175 1
65 175 1
64 176 1
63 176 1
62 176 1
.PEN_UP
.PEN_DOWN
70 173 1
72 174 1
73 174 1
74 174 1
75 174 1
76 174 1
77 174 1
78 174 1
79 174 1
80 174 1
81 175 1
82 175 1
83 176 1
84 176 1
85 177 1
86 177 1
87 178 1
88 179 1
89 180 1
90 181 1
91 182 1
92 183 1
93 184 1
93 185 1
93 186 1
94 187 1
94 188 1
94 189 1
95 190 1
95 191 1
95 192 1
.PEN_UP
.PEN_DOWN
71 212 1
70 212 1
69 212 1
68 211 1
67 211 1
66 210 1
65 209 1
64 208 1
63 207 1
63 206 1
62 205 1
62 204 1
62 203 1
62 202 1
61 201 1
61 200 1
61 199 1
62 198 1
62 197 1
62 196 1
63 195 1
64 194 1
65 194 1
66 193 1
67 193 1
68 193 1
69 192 1
70 192 1
71 192 1
72 192 1
73 192 1
74 192 1
75 192 1
76 192 1
77 192 1
78 193 1
79 193 1
80 194 1
81 195 1
82 195 1
83 196 1
84 197 1
85 198 1
86 199 1
87 200 1
88 200 1
89 201 1
90 201 1
91 202 1
92 202 1
93 203 1
94 203 1
95 204 1
96 204 1
97 205 1
98 205 1
99 206 1
100 206 1
101 206 1
102 206 1
103 207 1
104 207 1
105 207 1
106 207 1
107 207 1
108 208 1
109 208 1
110 208 1
111 209 1
112 209 1
113 209 1
114 209 1
115 209 1
116 209 1
117 210 1
118 210 1
119 210 1
120 210 1
121 210 1
122 210 1
123 211 1
124 211 1
125 212 1
126 212 1
127 212 1
128 212 1
129 212 1
130 212 1
131 212 1
132 212 1
133 212 1
134 212 1
135 213 1
136 213 1
137 213 1
138 213 1
139 213 1
140 213 1
141 213 1
142 214 1
143 214 1
144 214 1
145 214 1
146 214 1
147 214 1
148 214 1
149 214 1
150 215 1
151 215 1
152 215 1
153 215 1
154 215 1
155 215 1
156 215 1
157 215 1
158 216 1
159 216 1
160 216 1
161 216 1
162 216 1
163 216 1
164 216 1
165 216 1
166 216 1
167 216 1
168 216 1
169 217 1
170 217 1
171 217 1
172 217 1
173 217 1
174 217 1
175 217 1
176 217 1
177 216 1
178 216 1
179 216 1
180 215 1
181 215 1
182 215 1
183 215 1
184 215 1
185 214 1
186 213 1
187 212 1
186 211 1
186 210 1
186 209 1
185 208 1
184 207 1
184 206 1
183 205 1
182 204 1
181 203 1
180 203 1
179 202 1
178 201 1
177 200 1
176 199 1
175 198 1
174 198 1
173 197 1
172 197 1
171 196 1
170 196 1
169 195 1
168 194 1
167 194 1
166 193 1
165 193 1
164 192 1
163 192 1
162 192 1
161 192 1
160 191 1
159 191 1
158 191 1
157 191 1
156 191 1
.PEN_UP
.PEN_DOWN
2 226 1
3 225 1
4 225 1
5 224 1
6 224 1
7 224 1
8 224 1
9 224 1
10 224 1
11 224 1
12 224 1
13 224 1
14 224 1
15 224 1
16 223 1
17 223 1
18 223 1
19 223 1
20 223 1
21 223 1
22 223 1
23 223 1
24 222 1
25 222 1
26 222 1
27 222 1
28 222 1
29 222 1
30 222 1
31 221 1
32 221 1
33 221 1
34 221 1
35 221 1
36 221 1
37 221 1
38 221 1
39 221 1
40 221 1
41 221 1
42 221 1
43 221 1
44 221 1
45 221 1
46 221 1
47 222 1
48 222 1
49 222 1
50 222 1
51 222 1
52 222 1
53 222 1
54 222 1
55 222 1
56 222 1
57 222 1
58 222 1
59 222 1
60 222 1
61 222 1
62 223 1
63 223 1
64 223 1
65 223 1
66 223 1
67 223 1
68 223 1
69 223 1
70 223 1
71 223 1
72 224 1
73 224 1
74 224 1
75 224 1
76 224 1
77 224 1
78 224 1
79 224 1
80 224 1
81 225 1
82 225 1
83 225 1
84 225 1
85 225 1
86 226 1
87 227 1
89 227 1
90 227 1
91 227 1
92 227 1
93 227 1
94 227 1
95 227 1
.PEN_UP
.PEN_DOWN
88 227 1
86 229 1
86 230 1
85 231 1
84 231 1
83 232 1
82 232 1
81 232 1
80 233 1
79 234 1
79 235 1
78 236 1
78 237 1
79 238 1
79 239 1
80 240 1
81 240 1
82 241 1
83 241 1
84 242 1
85 242 1
86 243 1
87 244 1
88 244 1
89 245 1
90 246 1
91 247 1
92 247 1
93 248 1
94 249 1
95 249 1
96 250 1
97 250 1
98 251 1
99 252 1
100 253 1
101 254 1
102 255 1
103 256 1
104 257 1
104 258 1
105 259 1
106 260 1
106 261 1
107 262 1
107 263 1
.PEN_UP
