.PEN_DOWN
30 26 1
29 26 1
28 27 1
27 27 1
26 27 1
25 27 1
24 28 1
23 28 1
22 28 1
21 28 1
19 30 1
18 31 1
17 32 1
16 33 1
15 34 1
14 35 1
13 36 1
12 36 1
11 36 1
10 37 1
9 36 1
8 36 1
7 36 1
6 35 1
5 35 1
4 34 1
4 33 1
3 32 1
2 31 1
2 30 1
2 29 1
2 28 1
1 27 1
1 26 1
2 25 1
2 24 1
2 23 1
2 22 1
2 21 1
3 20 1
3 19 1
3 18 1
4 17 1
4 16 1
5 15 1
5 14 1
6 13 1
6 12 1
7 11 1
8 10 1
8 9 1
9 8 1
10 7 1
10 6 1
11 5 1
12 4 1
13 3 1
14 3 1
15 2 1
16 2 1
17 2 1
18 1 1
19 1 1
20 1 1
21 1 1
22 1 1
23 1 1
24 2 1
25 3 1
25 4 1
24 5 1
24 6 1
24 7 1
24 8 1
24 9 1
24 10 1
24 11 1
23 12 1
23 13 1
23 14 1
22 15 1
22 16 1
22 17 1
22 18 1
22 19 1
22 20 1
21 21 1
21 22 1
21 23 1
21 24 1
21 25 1
21 26 1
20 27 1
.PEN_UP
