.PEN_DOWN
21 17 1
22 16 1
23 15 1
23 12 1
23 11 1
23 10 1
23 9 1
24 8 1
25 7 1
26 6 1
27 6 1
28 6 1
29 6 1
30 6 1
31 7 1
32 7 1
33 8 1
34 8 1
35 9 1
36 9 1
37 10 1
38 10 1
39 11 1
40 12 1
41 12 1
42 13 1
43 14 1
44 14 1
45 15 1
46 16 1
47 16 1
48 17 1
49 17 1
50 17 1
51 17 1
52 17 1
53 18 1
54 18 1
55 16 1
55 15 1
55 14 1
55 13 1
55 12 1
55 11 1
54 10 1
54 9 1
53 8 1
53 7 1
53 6 1
53 5 1
52 4 1
51 3 1
50 2 1
50 1 1
.PEN_UP
.PEN_DOWN
55 18 1
55 21 1
54 22 1
54 23 1
54 24 1
54 25 1
54 26 1
54 27 1
54 28 1
53 29 1
53 30 1
53 31 1
53 32 1
53 33 1
53 34 1
53 35 1
53 36 1
53 37 1
53 38 1
51 39 1
50 40 1
49 41 1
48 42 1
47 43 1
46 44 1
45 45 1
.PEN_UP
.PEN_DOWN
52 39 1
55 39 1
56 40 1
57 40 1
58 41 1
59 42 1
60 43 1
61 44 1
61 45 1
62 46 1
63 47 1
63 48 1
63 49 1
63 50 1
63 51 1
63 52 1
63 53 1
63 54 1
63 55 1
62 56 1
62 57 1
61 58 1
60 59 1
60 60 1
59 61 1
59 62 1
59 63 1
58 64 1
58 65 1
58 66 1
58 67 1
56 68 1
55 68 1
54 69 1
53 69 1
52 69 1
51 69 1
50 70 1
49 70 1
48 71 1
47 72 1
46 73 1
46 74 1
45 75 1
45 76 1
45 77 1
44 78 1
43 79 1
42 79 1
41 80 1
40 80 1
39 81 1
38 82 1
37 83 1
37 84 1
36 85 1
36 86 1
35 87 1
35 88 1
35 89 1
35 90 1
35 91 1
35 92 1
35 93 1
34 94 1
.PEN_UP
.PEN_DOWN
45 79 1
46 79 1
47 79 1
48 79 1
49 79 1
50 79 1
51 79 1
52 79 1
53 79 1
54 79 1
55 79 1
56 79 1
57 79 1
58 79 1
59 79 1
60 79 1
61 77 1
61 76 1
60 75 1
60 74 1
60 73 1
60 72 1
60 71 1
60 70 1
59 69 1
58 68 1
.PEN_UP
.PEN_DOWN
61 78 1
61 81 1
61 82 1
60 83 1
60 84 1
60 85 1
60 86 1
59 87 1
59 88 1
59 89 1
59 90 1
58 91 1
58 92 1
57 93 1
57 94 1
56 95 1
56 96 1
55 97 1
55 98 1
55 99 1
55 100 1
54 101 1
54 102 1
54 103 1
54 104 1
54 105 1
54 106 1
53 107 1
53 108 1
53 109 1
52 112 1
51 113 1
51 114 1
50 115 1
50 116 1
50 117 1
49 118 1
49 119 1
48 120 1
48 121 1
48 122 1
47 123 1
48 124 1
48 125 1
48 126 1
48 127 1
48 128 1
48 129 1
47 132 1
47 133 1
46 134 1
46 135 1
45 136 1
45 137 1
45 138 1
45 139 1
45 140 1
44 141 1
44 142 1
45 143 1
45 144 1
46 145 1
47 146 1
48 146 1
49 147 1
49 148 1
49 149 1
49 150 1
49 151 1
48 152 1
48 153 1
47 154 1
47 155 1
46 156 1
46 157 1
46 158 1
46 159 1
46 160 1
46 161 1
46 162 1
47 163 1
47 164 1
48 165 1
49 166 1
49 167 1
49 168 1
49 169 1
49 170 1
49 171 1
48 172 1
48 173 1
48 174 1
48 175 1
47 176 1
47 177 1
47 178 1
47 179 1
46 180 1
46 181 1
46 182 1
46 183 1
46 184 1
46 185 1
44 187 1
43 187 1
42 188 1
42 189 1
42 190 1
42 191 1
42 192 1
41 193 1
41 194 1
41 195 1
43 196 1
44 195 1
45 195 1
46 195 1
47 194 1
48 194 1
49 193 1
49 192 1
50 191 1
50 190 1
51 189 1
51 188 1
51 187 1
50 186 1
49 186 1
48 186 1
47 186 1
.PEN_UP
.PEN_DOWN
41 196 1
41 198 1
41 199 1
41 200 1
41 201 1
39 203 1
38 203 1
37 203 1
36 203 1
35 203 1
34 204 1
33 204 1
32 204 1
31 204 1
30 205 1
29 205 1
28 205 1
27 206 1
26 206 1
25 206 1
24 207 1
23 207 1
22 208 1
21 208 1
20 208 1
19 209 1
18 209 1
17 210 1
16 210 1
15 211 1
14 211 1
13 211 1
12 212 1
11 212 1
10 213 1
9 213 1
8 214 1
7 214 1
6 215 1
5 215 1
4 216 1
3 216 1
2 216 1
1 216 1
.PEN_UP
.PEN_DOWN
40 202 1
42 203 1
43 204 1
44 204 1
45 204 1
46 205 1
47 205 1
48 206 1
49 207 1
50 208 1
50 209 1
50 210 1
51 211 1
.PEN_UP
.PEN_DOWN
48 130 1
50 130 1
51 130 1
52 130 1
53 130 1
54 130 1
55 129 1
56 129 1
57 129 1
58 129 1
59 128 1
60 128 1
61 127 1
62 127 1
63 127 1
64 126 1
65 125 1
65 124 1
66 123 1
67 122 1
68 121 1
68 120 1
68 119 1
68 118 1
68 117 1
68 116 1
68 115 1
68 114 1
67 113 1
66 112 1
65 111 1
64 111 1
63 110 1
62 110 1
61 110 1
60 110 1
59 110 1
58 110 1
57 110 1
56 110 1
55 110 1
54 110 1
.PEN_UP
