.PEN_DOWN
16 19 1
16 18 1
17 17 1
17 16 1
17 15 1
18 13 1
19 13 1
20 13 1
21 13 1
22 13 1
23 13 1
24 13 1
25 13 1
26 12 1
27 12 1
28 12 1
29 12 1
31 13 1
32 13 1
33 13 1
34 13 1
35 13 1
36 13 1
37 13 1
38 13 1
39 13 1
40 13 1
41 12 1
42 12 1
43 12 1
44 12 1
45 12 1
46 12 1
47 12 1
48 12 1
49 12 1
50 11 1
51 11 1
52 11 1
53 11 1
54 11 1
55 10 1
56 10 1
57 9 1
56 6 1
56 5 1
55 4 1
54 3 1
53 2 1
52 2 1
51 1 1
50 1 1
49 1 1
48 1 1
47 1 1
46 1 1
45 1 1
44 1 1
43 2 1
42 2 1
41 3 1
40 3 1
39 3 1
38 4 1
37 5 1
36 5 1
35 6 1
34 6 1
33 7 1
32 8 1
31 9 1
31 10 1
30 11 1
.PEN_UP
.PEN_DOWN
16 14 1
15 14 1
14 14 1
13 14 1
12 14 1
11 14 1
10 14 1
9 14 1
8 14 1
7 15 1
6 15 1
5 16 1
4 16 1
3 17 1
2 18 1
1 19 1
1 20 1
1 21 1
1 22 1
2 23 1
3 24 1
4 25 1
5 25 1
6 26 1
7 26 1
8 27 1
9 27 1
10 28 1
11 28 1
.PEN_UP
