.PEN_DOWN
22 26 1
23 26 1
24 25 1
25 25 1
26 25 1
27 24 1
28 24 1
29 23 1
30 23 1
31 23 1
32 22 1
33 22 1
34 21 1
35 21 1
36 21 1
37 21 1
38 20 1
39 20 1
40 20 1
41 20 1
42 20 1
43 19 1
44 19 1
45 18 1
46 18 1
47 18 1
48 18 1
49 18 1
50 17 1
51 17 1
52 17 1
53 17 1
54 19 1
54 20 1
54 21 1
54 22 1
54 23 1
54 24 1
53 25 1
53 26 1
53 27 1
53 28 1
52 29 1
52 30 1
52 31 1
52 32 1
52 33 1
52 34 1
52 35 1
52 36 1
52 37 1
52 38 1
52 39 1
50 40 1
49 40 1
48 40 1
47 40 1
46 40 1
45 40 1
44 41 1
43 41 1
42 41 1
41 41 1
40 42 1
39 42 1
38 42 1
37 42 1
36 43 1
35 43 1
34 43 1
33 43 1
32 44 1
31 44 1
30 44 1
29 44 1
28 45 1
27 45 1
26 45 1
25 45 1
24 46 1
23 46 1
22 46 1
21 46 1
20 47 1
19 47 1
18 47 1
17 48 1
16 49 1
16 50 1
17 51 1
17 52 1
.PEN_UP
.PEN_DOWN
51 40 1
54 40 1
55 40 1
56 40 1
57 40 1
58 40 1
59 40 1
60 40 1
61 40 1
62 40 1
63 40 1
64 41 1
65 41 1
66 41 1
67 41 1
68 41 1
69 42 1
70 42 1
71 43 1
72 44 1
72 45 1
72 46 1
72 47 1
72 48 1
72 49 1
72 50 1
71 51 1
71 52 1
70 53 1
69 54 1
69 55 1
68 56 1
68 57 1
68 58 1
68 59 1
67 60 1
66 61 1
65 61 1
64 61 1
63 61 1
62 62 1
61 62 1
60 63 1
59 63 1
58 64 1
57 64 1
56 65 1
55 65 1
54 66 1
53 66 1
52 67 1
51 67 1
50 68 1
50 69 1
.PEN_UP
.PEN_DOWN
68 61 1
69 61 1
70 61 1
71 62 1
72 62 1
73 63 1
74 64 1
74 65 1
74 66 1
74 67 1
74 68 1
74 69 1
74 70 1
73 71 1
73 72 1
72 73 1
72 74 1
71 75 1
71 76 1
70 77 1
70 78 1
70 79 1
69 80 1
68 81 1
68 82 1
67 83 1
66 84 1
66 85 1
65 86 1
64 87 1
64 88 1
64 89 1
63 90 1
63 91 1
63 92 1
61 93 1
60 93 1
59 94 1
58 94 1
57 94 1
56 95 1
55 95 1
54 96 1
53 96 1
52 96 1
51 97 1
50 97 1
49 97 1
48 98 1
.PEN_UP
.PEN_DOWN
62 93 1
65 93 1
66 93 1
67 93 1
68 93 1
69 93 1
.PEN_UP
.PEN_DOWN
55 15 1
56 14 1
57 14 1
58 14 1
59 14 1
60 14 1
61 14 1
62 14 1
63 14 1
64 14 1
65 14 1
66 14 1
67 14 1
68 14 1
69 14 1
70 14 1
71 14 1
72 14 1
73 14 1
74 14 1
75 14 1
76 14 1
77 14 1
78 14 1
79 15 1
80 15 1
81 15 1
.PEN_UP
.PEN_DOWN
55 13 1
55 12 1
55 11 1
55 10 1
55 9 1
55 8 1
55 7 1
55 6 1
55 5 1
55 4 1
55 3 1
55 2 1
55 1 1
.PEN_UP
.PEN_DOWN
1 120 1
2 120 1
3 120 1
4 121 1
4 122 1
5 123 1
6 124 1
7 124 1
8 125 1
9 125 1
.PEN_UP
.PEN_DOWN
38 129 1
39 129 1
40 128 1
41 128 1
42 127 1
43 127 1
44 126 1
45 126 1
46 126 1
47 126 1
48 125 1
49 125 1
50 125 1
51 124 1
52 124 1
53 124 1
54 123 1
55 123 1
56 123 1
57 123 1
58 122 1
59 122 1
60 122 1
61 121 1
62 121 1
63 121 1
64 121 1
65 122 1
66 122 1
67 122 1
68 122 1
69 122 1
70 122 1
71 122 1
72 123 1
73 124 1
73 125 1
74 126 1
74 127 1
75 128 1
75 129 1
75 130 1
75 131 1
75 132 1
74 133 1
74 134 1
74 135 1
73 136 1
73 137 1
72 138 1
72 139 1
71 140 1
70 141 1
69 141 1
68 142 1
68 143 1
67 144 1
66 145 1
65 145 1
64 146 1
63 147 1
63 148 1
62 149 1
62 150 1
61 151 1
62 154 1
63 154 1
64 154 1
65 155 1
66 155 1
67 155 1
68 155 1
69 156 1
70 156 1
71 156 1
72 157 1
73 157 1
74 157 1
75 158 1
76 159 1
77 160 1
.PEN_UP
.PEN_DOWN
1 191 1
1 190 1
2 189 1
3 188 1
4 188 1
5 188 1
6 187 1
7 187 1
8 187 1
9 187 1
10 187 1
11 186 1
12 186 1
13 186 1
14 186 1
15 186 1
16 186 1
17 185 1
18 185 1
19 185 1
20 185 1
21 185 1
22 185 1
23 185 1
24 185 1
25 185 1
26 185 1
27 184 1
28 184 1
29 184 1
30 184 1
31 184 1
32 184 1
33 184 1
34 184 1
35 184 1
36 184 1
37 184 1
38 184 1
39 184 1
40 184 1
41 183 1
42 183 1
43 183 1
44 183 1
45 183 1
46 183 1
47 183 1
48 183 1
49 183 1
50 183 1
51 183 1
52 183 1
53 183 1
54 183 1
55 183 1
56 183 1
57 183 1
58 183 1
59 183 1
60 183 1
61 183 1
62 183 1
63 183 1
64 183 1
65 184 1
66 185 1
66 186 1
66 187 1
67 188 1
67 189 1
67 190 1
68 192 1
69 192 1
70 192 1
71 193 1
72 193 1
73 194 1
74 195 1
75 196 1
76 197 1
77 198 1
77 199 1
77 200 1
77 201 1
77 202 1
77 203 1
77 204 1
77 205 1
77 206 1
77 207 1
76 208 1
76 209 1
76 210 1
76 211 1
75 212 1
75 213 1
75 214 1
74 215 1
73 216 1
.PEN_UP
.PEN_DOWN
66 191 1
65 192 1
64 192 1
63 193 1
62 194 1
61 194 1
60 195 1
59 195 1
58 196 1
57 197 1
56 198 1
55 199 1
54 200 1
53 201 1
52 202 1
51 203 1
51 204 1
50 205 1
49 206 1
49 207 1
48 208 1
47 209 1
.PEN_UP
