.PEN_DOWN
46 29 1
45 29 1
44 29 1
43 28 1
42 27 1
42 26 1
42 25 1
42 24 1
43 23 1
43 22 1
44 21 1
44 20 1
45 19 1
45 18 1
46 17 1
47 16 1
48 15 1
49 14 1
49 13 1
50 12 1
51 11 1
52 10 1
53 9 1
54 8 1
55 7 1
56 7 1
57 6 1
58 5 1
59 5 1
60 4 1
61 3 1
62 3 1
63 2 1
64 2 1
65 1 1
66 1 1
67 1 1
68 1 1
69 1 1
70 1 1
71 2 1
72 3 1
72 4 1
72 5 1
73 6 1
73 7 1
73 8 1
73 9 1
72 10 1
72 11 1
72 12 1
72 13 1
71 14 1
71 15 1
71 16 1
70 17 1
70 18 1
70 19 1
69 20 1
69 21 1
68 22 1
68 23 1
68 24 1
67 25 1
67 26 1
65 27 1
64 28 1
64 29 1
64 30 1
63 31 1
63 32 1
62 33 1
61 34 1
61 35 1
59 36 1
58 36 1
57 37 1
56 37 1
55 37 1
54 38 1
53 38 1
52 39 1
51 40 1
50 40 1
49 40 1
48 40 1
47 41 1
46 42 1
45 42 1
44 42 1
43 43 1
42 43 1
41 44 1
40 44 1
39 44 1
38 45 1
37 45 1
36 46 1
35 46 1
34 46 1
33 47 1
32 47 1
31 47 1
30 47 1
29 48 1
28 48 1
27 49 1
26 49 1
25 49 1
24 50 1
23 50 1
22 50 1
21 51 1
20 51 1
19 51 1
18 52 1
17 52 1
16 53 1
15 53 1
14 53 1
13 53 1
12 54 1
11 54 1
10 55 1
9 55 1
8 55 1
7 56 1
6 56 1
5 56 1
4 56 1
3 56 1
2 57 1
1 58 1
.PEN_UP
.PEN_DOWN
60 36 1
62 37 1
63 38 1
63 39 1
64 40 1
66 39 1
67 39 1
68 38 1
69 37 1
70 36 1
70 35 1
71 34 1
72 33 1
72 32 1
73 31 1
73 30 1
73 29 1
74 28 1
75 27 1
76 27 1
77 26 1
77 25 1
78 24 1
.PEN_UP
.PEN_DOWN
73 27 1
72 27 1
71 27 1
70 27 1
69 27 1
68 27 1
.PEN_UP
.PEN_DOWN
64 41 1
64 42 1
64 43 1
64 44 1
64 45 1
63 46 1
61 47 1
60 48 1
59 48 1
58 49 1
57 50 1
56 50 1
55 50 1
54 51 1
53 52 1
52 53 1
51 53 1
50 54 1
49 55 1
48 55 1
47 56 1
46 56 1
45 57 1
44 57 1
43 58 1
42 59 1
41 59 1
40 60 1
39 60 1
38 61 1
.PEN_UP
.PEN_DOWN
62 47 1
65 48 1
66 48 1
67 49 1
67 50 1
67 51 1
67 52 1
66 53 1
66 54 1
66 55 1
65 56 1
65 57 1
64 58 1
64 59 1
64 60 1
64 61 1
63 62 1
63 63 1
62 65 1
61 65 1
60 65 1
59 66 1
58 67 1
57 67 1
56 68 1
55 69 1
54 69 1
53 70 1
52 70 1
51 71 1
50 72 1
49 73 1
48 74 1
47 75 1
46 76 1
45 77 1
45 78 1
45 79 1
44 80 1
44 81 1
44 82 1
44 83 1
44 84 1
44 85 1
44 86 1
45 87 1
46 88 1
47 89 1
48 89 1
49 90 1
50 91 1
52 91 1
53 91 1
54 91 1
55 90 1
56 90 1
57 89 1
58 88 1
59 88 1
60 88 1
61 87 1
62 86 1
63 86 1
64 85 1
65 86 1
66 86 1
67 87 1
68 87 1
69 87 1
70 87 1
71 87 1
72 88 1
72 89 1
72 90 1
72 91 1
71 92 1
71 93 1
70 94 1
69 95 1
68 96 1
67 97 1
66 98 1
65 99 1
64 100 1
63 100 1
62 101 1
61 102 1
60 102 1
59 103 1
58 104 1
57 104 1
56 105 1
55 106 1
54 106 1
53 107 1
52 108 1
51 108 1
50 109 1
49 109 1
48 110 1
47 111 1
46 112 1
46 113 1
46 114 1
45 115 1
45 116 1
45 117 1
45 118 1
45 119 1
44 120 1
45 121 1
46 122 1
47 123 1
48 123 1
49 123 1
50 123 1
51 123 1
52 123 1
53 123 1
54 123 1
55 123 1
56 124 1
60 124 1
61 124 1
62 124 1
63 124 1
64 124 1
65 124 1
66 124 1
67 124 1
68 125 1
69 126 1
70 127 1
70 128 1
70 129 1
70 130 1
70 131 1
70 132 1
70 133 1
70 134 1
70 135 1
69 136 1
69 137 1
69 138 1
68 140 1
67 141 1
66 142 1
65 143 1
64 144 1
63 145 1
62 146 1
61 146 1
60 147 1
59 148 1
58 149 1
56 151 1
55 151 1
54 151 1
53 151 1
52 151 1
51 151 1
50 151 1
49 151 1
48 150 1
48 149 1
47 148 1
47 147 1
46 146 1
46 145 1
46 144 1
45 143 1
45 142 1
46 141 1
46 140 1
47 139 1
47 138 1
48 137 1
48 136 1
49 135 1
50 134 1
51 133 1
52 132 1
53 131 1
54 130 1
54 129 1
55 128 1
55 127 1
56 126 1
56 125 1
59 122 1
59 121 1
59 120 1
60 119 1
60 118 1
61 117 1
62 117 1
63 116 1
64 115 1
65 115 1
66 114 1
67 113 1
68 112 1
69 112 1
70 111 1
.PEN_UP
.PEN_DOWN
57 150 1
58 152 1
58 153 1
58 154 1
59 155 1
60 154 1
61 154 1
62 154 1
63 154 1
64 154 1
65 154 1
66 154 1
67 155 1
68 156 1
69 157 1
69 158 1
69 159 1
70 160 1
70 161 1
70 162 1
70 163 1
70 164 1
70 165 1
70 166 1
70 167 1
70 168 1
70 169 1
70 170 1
70 171 1
70 172 1
70 173 1
69 174 1
69 175 1
69 176 1
69 177 1
69 178 1
69 179 1
68 180 1
68 181 1
.PEN_UP
.PEN_DOWN
59 156 1
59 157 1
59 158 1
57 160 1
56 160 1
55 160 1
54 161 1
53 161 1
52 162 1
52 163 1
51 164 1
51 165 1
50 166 1
49 167 1
48 168 1
48 169 1
47 170 1
47 171 1
47 172 1
46 173 1
46 174 1
46 175 1
46 176 1
47 177 1
47 178 1
48 179 1
49 179 1
50 180 1
51 180 1
52 179 1
53 179 1
54 178 1
55 177 1
56 176 1
56 175 1
57 174 1
57 173 1
58 172 1
58 171 1
58 170 1
59 169 1
59 168 1
59 167 1
60 166 1
60 165 1
60 164 1
60 163 1
60 162 1
60 161 1
60 160 1
59 159 1
.PEN_UP
.PEN_DOWN
69 139 1
71 139 1
72 139 1
73 139 1
74 139 1
75 139 1
76 139 1
77 138 1
78 138 1
79 138 1
80 137 1
81 137 1
82 137 1
83 136 1
84 136 1
85 136 1
86 135 1
87 135 1
88 135 1
89 134 1
90 134 1
91 133 1
92 133 1
93 133 1
94 132 1
95 132 1
96 131 1
97 131 1
98 131 1
99 130 1
100 130 1
101 129 1
102 129 1
103 129 1
104 128 1
105 128 1
106 128 1
107 127 1
108 127 1
109 126 1
110 126 1
111 125 1
112 125 1
113 125 1
114 124 1
115 124 1
116 123 1
117 123 1
118 123 1
119 122 1
120 122 1
121 121 1
122 121 1
123 120 1
124 120 1
125 119 1
126 119 1
127 118 1
128 118 1
129 118 1
130 117 1
131 116 1
132 116 1
133 115 1
134 115 1
135 114 1
136 113 1
137 113 1
138 112 1
139 112 1
140 111 1
141 111 1
142 110 1
143 109 1
144 109 1
145 108 1
146 107 1
147 107 1
148 106 1
149 105 1
150 104 1
150 103 1
151 102 1
151 101 1
151 100 1
150 99 1
149 98 1
148 97 1
147 96 1
146 96 1
145 95 1
144 95 1
143 94 1
142 94 1
141 94 1
140 94 1
139 93 1
138 93 1
137 93 1
136 93 1
135 93 1
134 93 1
133 93 1
132 93 1
131 93 1
130 93 1
129 93 1
128 93 1
127 93 1
126 93 1
125 93 1
124 93 1
123 93 1
122 93 1
121 93 1
120 93 1
119 93 1
118 93 1
117 94 1
116 94 1
115 94 1
114 94 1
113 94 1
112 95 1
111 95 1
110 95 1
109 95 1
108 96 1
107 96 1
106 96 1
105 97 1
104 97 1
103 98 1
102 98 1
101 99 1
100 99 1
99 100 1
98 101 1
97 102 1
96 102 1
95 103 1
94 104 1
93 105 1
92 106 1
91 107 1
90 108 1
89 109 1
89 110 1
88 111 1
87 112 1
87 113 1
86 114 1
85 115 1
85 116 1
84 117 1
84 118 1
83 119 1
83 120 1
83 121 1
82 122 1
81 123 1
81 124 1
81 125 1
80 126 1
.PEN_UP
.PEN_DOWN
65 84 1
65 83 1
65 82 1
66 81 1
66 80 1
66 79 1
67 78 1
67 77 1
68 76 1
68 75 1
68 74 1
69 73 1
69 72 1
69 71 1
70 70 1
70 69 1
70 68 1
70 67 1
69 66 1
68 65 1
67 65 1
66 65 1
65 64 1
64 64 1
.PEN_UP
.PEN_DOWN
51 91 1
50 93 1
49 94 1
49 95 1
48 96 1
47 97 1
46 98 1
45 98 1
44 99 1
43 100 1
.PEN_UP
