.PEN_DOWN
1 5 1
2 5 1
3 5 1
4 5 1
5 4 1
6 4 1
7 4 1
8 4 1
9 4 1
10 4 1
11 3 1
12 3 1
13 3 1
14 3 1
15 2 1
16 2 1
17 2 1
18 2 1
19 2 1
20 2 1
21 2 1
22 2 1
23 2 1
24 2 1
25 2 1
26 2 1
27 2 1
28 2 1
29 2 1
30 2 1
31 2 1
32 1 1
33 1 1
34 1 1
35 1 1
36 1 1
37 1 1
38 1 1
39 1 1
40 1 1
41 1 1
42 1 1
43 1 1
44 1 1
45 1 1
46 1 1
47 1 1
48 2 1
50 2 1
51 2 1
52 1 1
53 1 1
54 1 1
55 1 1
56 1 1
57 1 1
58 1 1
59 1 1
60 1 1
61 1 1
62 1 1
63 1 1
64 1 1
65 1 1
66 1 1
67 2 1
68 2 1
.PEN_UP
.PEN_DOWN
48 3 1
48 4 1
47 5 1
46 6 1
46 7 1
45 8 1
44 8 1
43 9 1
42 9 1
41 10 1
40 11 1
39 11 1
38 12 1
37 13 1
36 14 1
35 14 1
34 15 1
34 16 1
33 17 1
32 18 1
31 19 1
31 20 1
31 21 1
30 22 1
30 23 1
30 24 1
30 25 1
31 26 1
31 27 1
32 28 1
33 29 1
34 30 1
35 31 1
36 31 1
37 32 1
38 33 1
39 33 1
40 33 1
41 33 1
42 33 1
43 34 1
44 34 1
45 34 1
46 34 1
47 34 1
48 34 1
49 34 1
50 34 1
51 34 1
52 34 1
53 34 1
54 33 1
55 33 1
56 33 1
57 33 1
58 33 1
59 33 1
60 33 1
61 33 1
.PEN_UP
.PEN_DOWN
29 50 1
29 51 1
29 52 1
29 53 1
30 54 1
.PEN_UP
.PEN_DOWN
37 49 1
38 49 1
39 49 1
40 49 1
41 49 1
42 48 1
43 48 1
44 48 1
45 48 1
46 48 1
47 48 1
48 48 1
49 48 1
50 48 1
51 48 1
52 47 1
53 47 1
54 47 1
55 47 1
56 47 1
57 48 1
58 48 1
59 49 1
.PEN_UP
.PEN_DOWN
63 66 1
62 66 1
61 65 1
60 65 1
59 65 1
58 65 1
57 65 1
56 65 1
55 65 1
54 65 1
53 65 1
52 65 1
51 65 1
50 66 1
49 66 1
48 66 1
47 66 1
46 67 1
45 68 1
44 68 1
43 68 1
42 69 1
41 69 1
40 70 1
39 71 1
38 71 1
37 72 1
36 73 1
35 74 1
34 75 1
33 76 1
33 77 1
32 78 1
31 79 1
31 80 1
30 81 1
30 82 1
29 83 1
29 84 1
29 85 1
29 86 1
28 87 1
28 88 1
28 89 1
28 90 1
28 91 1
28 92 1
28 93 1
29 94 1
29 95 1
29 96 1
30 97 1
31 98 1
31 99 1
32 100 1
33 101 1
34 102 1
35 103 1
36 104 1
37 105 1
38 106 1
39 106 1
40 107 1
41 108 1
42 108 1
43 109 1
44 109 1
45 109 1
46 109 1
47 110 1
48 110 1
49 110 1
50 111 1
51 112 1
52 112 1
53 111 1
54 111 1
55 111 1
56 111 1
57 111 1
58 111 1
59 111 1
60 111 1
61 110 1
62 110 1
.PEN_UP
.PEN_DOWN
50 113 1
50 114 1
49 115 1
49 116 1
48 117 1
47 118 1
46 119 1
45 120 1
44 121 1
43 122 1
42 123 1
41 124 1
40 125 1
40 126 1
39 127 1
38 128 1
37 129 1
36 130 1
36 131 1
36 132 1
35 133 1
35 134 1
34 135 1
34 136 1
33 137 1
33 138 1
33 139 1
33 140 1
33 141 1
33 142 1
33 143 1
34 144 1
34 145 1
35 146 1
35 147 1
36 148 1
37 149 1
38 149 1
39 150 1
40 151 1
41 151 1
42 152 1
43 153 1
44 153 1
45 153 1
46 154 1
47 154 1
48 154 1
49 155 1
50 155 1
51 155 1
52 156 1
53 156 1
54 156 1
55 156 1
56 156 1
57 156 1
58 156 1
59 156 1
60 156 1
61 156 1
62 156 1
63 156 1
64 156 1
65 155 1
.PEN_UP
