.PEN_DOWN
63 1 1
63 2 1
63 3 1
62 4 1
61 5 1
60 6 1
59 7 1
58 7 1
57 8 1
56 9 1
56 10 1
55 11 1
54 12 1
54 13 1
53 14 1
53 15 1
52 16 1
51 17 1
50 18 1
50 19 1
49 20 1
49 21 1
48 22 1
48 23 1
47 24 1
47 25 1
46 26 1
46 27 1
45 28 1
44 29 1
44 30 1
44 31 1
43 32 1
43 33 1
43 34 1
42 35 1
42 36 1
42 37 1
41 38 1
41 39 1
41 40 1
41 41 1
41 42 1
41 43 1
41 44 1
41 45 1
41 46 1
41 47 1
42 48 1
43 49 1
44 50 1
45 50 1
46 50 1
47 50 1
48 50 1
49 50 1
50 50 1
51 49 1
52 49 1
53 48 1
54 48 1
55 48 1
56 47 1
57 47 1
58 47 1
59 47 1
60 48 1
61 49 1
61 50 1
61 51 1
61 52 1
61 53 1
60 54 1
60 55 1
60 56 1
59 57 1
59 58 1
58 59 1
58 60 1
57 61 1
57 62 1
56 63 1
56 64 1
55 65 1
54 66 1
54 67 1
53 68 1
52 69 1
52 70 1
51 71 1
50 72 1
50 73 1
49 74 1
49 75 1
49 76 1
49 77 1
48 79 1
47 80 1
46 80 1
45 81 1
44 81 1
43 82 1
42 83 1
41 84 1
40 85 1
39 86 1
38 87 1
37 87 1
36 88 1
35 89 1
34 90 1
33 91 1
32 92 1
.PEN_UP
.PEN_DOWN
49 78 1
51 78 1
52 78 1
53 78 1
54 78 1
55 78 1
56 78 1
57 79 1
58 80 1
59 81 1
59 82 1
59 83 1
59 84 1
59 85 1
59 86 1
58 87 1
58 88 1
58 89 1
57 90 1
56 91 1
56 92 1
55 93 1
55 94 1
54 95 1
53 96 1
53 97 1
52 98 1
51 99 1
51 100 1
50 101 1
50 102 1
49 103 1
49 104 1
48 105 1
47 106 1
47 107 1
46 108 1
45 109 1
45 110 1
44 111 1
44 112 1
43 113 1
42 114 1
41 115 1
41 116 1
40 117 1
40 118 1
39 119 1
39 120 1
39 121 1
38 122 1
38 123 1
38 124 1
37 125 1
35 127 1
34 128 1
33 129 1
32 129 1
31 130 1
30 131 1
29 132 1
28 133 1
27 134 1
26 135 1
25 136 1
24 136 1
23 137 1
22 138 1
21 138 1
20 138 1
19 139 1
16 143 1
15 144 1
14 145 1
13 145 1
12 146 1
11 147 1
10 148 1
9 149 1
8 149 1
7 149 1
6 150 1
5 151 1
4 152 1
3 153 1
2 154 1
1 155 1
.PEN_UP
.PEN_DOWN
18 139 1
19 143 1
20 144 1
21 145 1
21 146 1
22 147 1
23 148 1
24 149 1
25 150 1
25 151 1
.PEN_UP
.PEN_DOWN
17 139 1
16 138 1
15 137 1
14 136 1
13 135 1
12 134 1
12 133 1
11 132 1
10 131 1
9 131 1
.PEN_UP
.PEN_DOWN
36 126 1
39 126 1
40 126 1
41 125 1
42 125 1
43 125 1
44 125 1
45 125 1
46 124 1
47 123 1
48 123 1
49 123 1
50 122 1
51 122 1
52 123 1
53 124 1
54 125 1
54 126 1
54 127 1
54 128 1
54 129 1
54 130 1
54 131 1
54 132 1
54 133 1
53 134 1
53 135 1
52 136 1
52 137 1
52 138 1
52 139 1
52 140 1
51 141 1
51 142 1
50 143 1
50 144 1
49 145 1
49 146 1
48 147 1
48 148 1
48 149 1
48 150 1
47 151 1
47 152 1
47 153 1
47 154 1
45 156 1
44 157 1
43 158 1
42 159 1
41 160 1
40 161 1
40 162 1
39 163 1
38 164 1
37 165 1
36 166 1
35 167 1
35 168 1
34 169 1
33 170 1
.PEN_UP
.PEN_DOWN
46 155 1
49 155 1
50 155 1
51 156 1
52 156 1
53 157 1
54 158 1
54 159 1
54 160 1
54 161 1
54 162 1
54 163 1
54 164 1
53 165 1
53 166 1
52 167 1
51 168 1
51 169 1
51 170 1
51 171 1
50 172 1
50 173 1
50 174 1
50 175 1
50 176 1
48 177 1
47 178 1
46 179 1
45 179 1
44 180 1
43 181 1
42 181 1
41 182 1
40 183 1
39 184 1
38 185 1
37 186 1
36 187 1
35 188 1
.PEN_UP
.PEN_DOWN
49 177 1
52 177 1
53 177 1
54 177 1
55 178 1
56 179 1
56 180 1
56 181 1
56 182 1
56 183 1
56 184 1
56 185 1
56 186 1
55 187 1
55 188 1
54 189 1
54 190 1
54 191 1
53 192 1
53 193 1
53 194 1
52 195 1
52 196 1
51 197 1
51 198 1
51 199 1
51 200 1
50 201 1
50 202 1
50 203 1
50 204 1
50 205 1
50 206 1
50 207 1
50 208 1
50 209 1
48 211 1
47 212 1
46 213 1
46 214 1
46 215 1
46 216 1
45 217 1
45 218 1
45 219 1
45 220 1
45 221 1
45 222 1
45 223 1
45 226 1
44 227 1
43 228 1
42 229 1
42 230 1
42 231 1
41 232 1
40 233 1
40 234 1
39 235 1
.PEN_UP
.PEN_DOWN
45 224 1
47 224 1
48 224 1
49 224 1
50 224 1
52 225 1
53 225 1
54 225 1
55 225 1
56 226 1
57 226 1
58 227 1
59 228 1
59 229 1
59 230 1
59 231 1
59 232 1
59 233 1
58 234 1
58 235 1
58 236 1
58 237 1
57 238 1
57 239 1
57 240 1
56 241 1
55 242 1
55 243 1
54 244 1
53 245 1
53 246 1
52 247 1
51 248 1
51 249 1
50 250 1
50 251 1
49 252 1
48 253 1
47 254 1
46 255 1
46 256 1
46 257 1
45 258 1
44 259 1
44 260 1
44 261 1
43 262 1
43 263 1
43 264 1
42 265 1
41 267 1
40 267 1
39 268 1
38 269 1
37 270 1
36 271 1
35 272 1
34 272 1
33 273 1
32 274 1
31 275 1
30 275 1
29 276 1
28 277 1
27 278 1
26 279 1
25 279 1
24 280 1
23 281 1
22 281 1
21 282 1
20 282 1
19 283 1
17 286 1
16 287 1
15 288 1
14 288 1
13 289 1
12 290 1
11 291 1
10 291 1
9 292 1
8 293 1
7 293 1
6 294 1
5 295 1
4 295 1
.PEN_UP
.PEN_DOWN
18 283 1
17 282 1
16 281 1
16 280 1
15 279 1
14 278 1
13 277 1
12 276 1
11 275 1
10 274 1
9 273 1
9 272 1
.PEN_UP
.PEN_DOWN
18 284 1
20 285 1
21 286 1
22 287 1
23 288 1
24 288 1
25 289 1
26 290 1
.PEN_UP
.PEN_DOWN
42 266 1
44 266 1
45 266 1
46 266 1
47 266 1
48 266 1
49 266 1
50 266 1
51 266 1
52 267 1
52 268 1
52 269 1
52 270 1
52 271 1
52 272 1
52 273 1
52 274 1
52 275 1
51 276 1
51 277 1
51 278 1
50 279 1
50 280 1
49 281 1
49 282 1
48 283 1
48 284 1
48 285 1
48 286 1
47 287 1
47 288 1
47 289 1
46 291 1
45 292 1
44 293 1
43 294 1
43 295 1
42 296 1
42 297 1
41 298 1
40 299 1
39 300 1
38 301 1
37 302 1
37 303 1
.PEN_UP
.PEN_DOWN
47 290 1
49 290 1
50 290 1
51 290 1
52 290 1
53 290 1
54 290 1
55 290 1
56 290 1
57 290 1
58 291 1
58 292 1
58 293 1
58 294 1
58 295 1
58 296 1
58 297 1
58 298 1
57 299 1
57 300 1
57 301 1
57 302 1
57 303 1
56 304 1
56 305 1
55 306 1
55 307 1
55 308 1
55 309 1
54 310 1
54 311 1
54 312 1
53 313 1
53 314 1
53 315 1
53 316 1
53 317 1
53 318 1
53 319 1
53 320 1
52 323 1
51 324 1
51 325 1
50 326 1
50 327 1
50 328 1
50 329 1
49 330 1
49 331 1
49 332 1
49 333 1
48 334 1
48 335 1
47 336 1
47 337 1
47 338 1
46 339 1
44 340 1
43 340 1
42 340 1
41 340 1
40 341 1
39 342 1
38 343 1
38 344 1
38 345 1
38 346 1
39 347 1
39 348 1
40 349 1
41 350 1
42 350 1
43 350 1
44 350 1
47 348 1
47 347 1
47 346 1
48 345 1
48 344 1
48 343 1
50 342 1
51 342 1
52 341 1
53 341 1
54 340 1
55 340 1
56 339 1
56 338 1
57 337 1
57 336 1
58 335 1
58 334 1
58 333 1
59 332 1
59 331 1
59 330 1
60 329 1
60 328 1
60 327 1
60 326 1
60 325 1
60 324 1
59 323 1
58 322 1
57 322 1
56 321 1
55 321 1
54 321 1
.PEN_UP
.PEN_DOWN
45 349 1
45 352 1
45 353 1
45 354 1
45 355 1
45 356 1
45 357 1
45 358 1
45 359 1
45 360 1
45 361 1
45 362 1
45 363 1
45 364 1
45 365 1
45 366 1
45 367 1
45 368 1
45 369 1
45 370 1
45 371 1
45 372 1
45 373 1
46 374 1
46 375 1
46 376 1
46 377 1
47 378 1
47 379 1
48 380 1
49 381 1
50 381 1
51 381 1
52 382 1
55 381 1
55 380 1
56 379 1
57 378 1
57 377 1
57 376 1
.PEN_UP
.PEN_DOWN
53 382 1
53 384 1
53 385 1
53 386 1
53 387 1
53 388 1
53 389 1
53 390 1
53 391 1
53 392 1
53 393 1
53 394 1
53 395 1
54 396 1
54 397 1
54 398 1
54 399 1
55 400 1
56 401 1
57 401 1
58 402 1
59 402 1
60 403 1
61 403 1
62 403 1
63 404 1
64 404 1
65 405 1
66 406 1
66 407 1
67 408 1
68 409 1
68 410 1
68 411 1
68 412 1
68 413 1
69 414 1
69 415 1
68 416 1
.PEN_UP
.PEN_DOWN
51 223 1
52 222 1
53 221 1
53 220 1
53 219 1
53 218 1
54 217 1
54 216 1
54 215 1
54 214 1
54 213 1
54 212 1
54 211 1
53 210 1
52 210 1
51 210 1
.PEN_UP
.PEN_DOWN
4 104 1
5 104 1
6 104 1
7 105 1
8 105 1
9 105 1
10 105 1
11 104 1
12 104 1
13 104 1
14 104 1
15 105 1
16 105 1
17 105 1
18 105 1
19 105 1
.PEN_UP
.PEN_DOWN
24 320 1
23 321 1
22 321 1
21 322 1
20 323 1
19 324 1
18 325 1
18 326 1
17 327 1
16 328 1
.PEN_UP
