.PEN_DOWN
7 21 1
8 20 1
9 19 1
10 19 1
11 19 1
12 19 1
13 18 1
14 18 1
15 18 1
16 18 1
17 18 1
18 17 1
19 17 1
20 17 1
21 17 1
22 17 1
23 16 1
24 16 1
25 16 1
26 16 1
27 16 1
28 15 1
29 15 1
30 15 1
31 15 1
32 14 1
33 14 1
34 14 1
35 14 1
36 13 1
37 13 1
38 13 1
39 13 1
40 13 1
41 13 1
42 13 1
43 13 1
44 13 1
45 13 1
46 13 1
47 13 1
48 13 1
49 13 1
50 13 1
51 13 1
52 13 1
53 13 1
54 13 1
55 13 1
56 13 1
60 13 1
61 13 1
62 13 1
63 13 1
64 13 1
65 13 1
66 13 1
67 13 1
68 13 1
69 13 1
70 13 1
71 13 1
72 14 1
73 14 1
74 14 1
75 14 1
76 15 1
77 15 1
.PEN_UP
.PEN_DOWN
57 13 1
58 11 1
58 10 1
58 9 1
58 8 1
59 7 1
59 6 1
59 5 1
60 4 1
.PEN_UP
.PEN_DOWN
57 14 1
57 15 1
57 16 1
57 17 1
57 18 1
56 19 1
56 20 1
56 21 1
56 22 1
56 23 1
56 24 1
56 25 1
55 26 1
52 29 1
52 30 1
51 31 1
51 32 1
51 33 1
50 34 1
50 35 1
49 36 1
48 37 1
47 38 1
46 39 1
45 40 1
44 41 1
43 41 1
42 42 1
41 43 1
40 44 1
39 44 1
38 45 1
37 45 1
36 46 1
35 46 1
34 47 1
33 48 1
32 48 1
31 49 1
30 49 1
29 49 1
28 50 1
27 50 1
26 51 1
25 51 1
24 52 1
23 52 1
22 52 1
21 53 1
20 53 1
19 53 1
18 54 1
17 55 1
16 55 1
15 55 1
14 56 1
13 56 1
12 56 1
11 56 1
10 57 1
9 57 1
8 57 1
7 57 1
6 57 1
5 57 1
4 57 1
3 56 1
2 55 1
1 54 1
1 53 1
1 52 1
1 51 1
1 50 1
1 49 1
1 48 1
2 47 1
2 46 1
3 45 1
4 44 1
4 43 1
5 42 1
6 41 1
7 40 1
8 39 1
9 38 1
10 38 1
11 37 1
12 36 1
13 35 1
14 34 1
15 34 1
16 33 1
17 32 1
18 31 1
19 31 1
20 31 1
21 30 1
22 30 1
23 29 1
24 29 1
25 29 1
26 28 1
27 28 1
28 28 1
29 27 1
30 27 1
31 27 1
32 27 1
33 27 1
34 26 1
35 26 1
36 26 1
37 26 1
38 26 1
39 26 1
40 26 1
41 26 1
42 26 1
43 26 1
44 26 1
45 26 1
46 26 1
47 26 1
48 26 1
49 26 1
50 26 1
51 26 1
52 27 1
56 28 1
57 29 1
58 29 1
59 29 1
60 29 1
61 29 1
62 30 1
63 30 1
64 31 1
65 31 1
66 32 1
67 32 1
68 33 1
69 33 1
70 34 1
71 35 1
72 36 1
73 37 1
74 38 1
74 39 1
75 40 1
76 41 1
76 42 1
77 43 1
77 44 1
78 45 1
78 46 1
78 47 1
79 48 1
79 49 1
79 50 1
79 51 1
79 52 1
79 53 1
79 54 1
79 55 1
79 56 1
78 57 1
77 57 1
76 57 1
75 57 1
74 56 1
73 56 1
.PEN_UP
.PEN_DOWN
79 58 1
79 59 1
80 60 1
81 61 1
81 62 1
82 63 1
82 64 1
82 65 1
82 66 1
83 67 1
83 68 1
83 69 1
83 70 1
83 71 1
83 72 1
83 73 1
83 74 1
84 75 1
84 76 1
84 77 1
84 78 1
84 79 1
84 80 1
84 81 1
84 82 1
83 83 1
81 83 1
80 83 1
79 83 1
78 84 1
77 84 1
76 84 1
75 84 1
74 84 1
73 84 1
72 84 1
71 85 1
70 86 1
69 87 1
68 88 1
67 88 1
66 89 1
65 90 1
64 91 1
63 92 1
63 93 1
62 94 1
61 95 1
61 96 1
60 97 1
59 98 1
59 99 1
58 100 1
58 101 1
58 102 1
58 103 1
58 104 1
58 105 1
58 106 1
58 107 1
58 108 1
58 109 1
59 110 1
60 111 1
61 112 1
62 112 1
63 112 1
64 112 1
65 113 1
66 112 1
67 112 1
68 112 1
69 112 1
70 112 1
71 111 1
72 111 1
73 110 1
74 109 1
75 108 1
76 107 1
77 106 1
78 105 1
79 104 1
80 103 1
80 102 1
81 101 1
81 100 1
82 99 1
82 98 1
83 97 1
83 96 1
83 95 1
83 94 1
84 93 1
84 92 1
85 91 1
87 90 1
88 91 1
89 92 1
90 93 1
90 94 1
91 95 1
91 96 1
92 97 1
92 98 1
92 99 1
93 100 1
93 101 1
93 102 1
93 103 1
94 104 1
94 105 1
94 106 1
94 107 1
94 108 1
94 109 1
94 110 1
94 111 1
94 112 1
94 113 1
94 114 1
94 115 1
94 116 1
94 117 1
94 118 1
94 119 1
94 120 1
94 121 1
94 122 1
94 123 1
94 124 1
93 125 1
93 126 1
93 127 1
93 128 1
92 129 1
.PEN_UP
.PEN_DOWN
85 90 1
85 88 1
85 87 1
84 86 1
83 85 1
83 84 1
.PEN_UP
