.PEN_DOWN
32 3 1
33 4 1
34 4 1
35 4 1
36 4 1
37 5 1
38 5 1
39 5 1
40 5 1
41 5 1
42 5 1
43 5 1
44 5 1
45 5 1
46 5 1
47 5 1
48 5 1
49 6 1
51 5 1
52 5 1
53 5 1
54 5 1
55 5 1
56 4 1
57 4 1
58 4 1
59 3 1
60 3 1
61 3 1
62 2 1
63 2 1
64 2 1
65 1 1
66 1 1
67 1 1
68 1 1
.PEN_UP
.PEN_DOWN
49 7 1
49 8 1
48 9 1
48 10 1
47 11 1
47 12 1
47 13 1
46 14 1
46 15 1
46 16 1
46 17 1
46 18 1
46 19 1
46 20 1
46 21 1
46 22 1
46 23 1
46 24 1
46 25 1
46 26 1
46 27 1
46 28 1
46 29 1
46 30 1
46 31 1
46 32 1
46 33 1
46 34 1
46 35 1
46 36 1
46 37 1
47 38 1
49 38 1
50 38 1
51 38 1
52 38 1
53 38 1
54 38 1
55 38 1
56 38 1
57 38 1
58 39 1
59 39 1
60 40 1
61 41 1
62 42 1
63 43 1
64 44 1
64 45 1
64 46 1
65 47 1
65 48 1
65 49 1
65 50 1
65 51 1
65 52 1
65 53 1
65 54 1
65 55 1
65 56 1
65 57 1
65 58 1
65 59 1
65 60 1
64 61 1
64 62 1
64 63 1
64 64 1
64 65 1
63 66 1
63 67 1
63 68 1
62 69 1
62 70 1
62 71 1
62 72 1
61 73 1
61 74 1
60 75 1
60 76 1
59 77 1
59 78 1
59 79 1
58 80 1
58 81 1
57 82 1
57 83 1
57 84 1
56 85 1
56 86 1
55 87 1
54 88 1
54 89 1
53 90 1
.PEN_UP
.PEN_DOWN
47 39 1
47 40 1
47 41 1
46 42 1
45 43 1
45 44 1
44 45 1
43 46 1
41 47 1
40 48 1
39 48 1
38 49 1
37 50 1
37 51 1
36 52 1
35 53 1
35 54 1
34 55 1
34 56 1
33 57 1
33 58 1
32 59 1
32 60 1
32 61 1
31 62 1
31 63 1
31 64 1
31 65 1
31 66 1
31 67 1
31 68 1
31 69 1
31 70 1
32 71 1
33 71 1
34 71 1
35 70 1
36 70 1
37 69 1
38 68 1
39 67 1
39 66 1
40 65 1
40 64 1
41 63 1
41 62 1
41 61 1
42 60 1
42 59 1
43 58 1
43 57 1
43 56 1
43 55 1
43 54 1
43 53 1
43 52 1
43 51 1
44 50 1
44 49 1
44 48 1
43 47 1
.PEN_UP
.PEN_DOWN
34 128 1
34 127 1
34 126 1
34 125 1
34 124 1
35 123 1
35 122 1
36 121 1
36 120 1
37 119 1
38 118 1
38 117 1
39 116 1
40 115 1
41 114 1
41 113 1
42 112 1
43 111 1
44 110 1
44 109 1
45 108 1
46 107 1
47 106 1
48 105 1
49 104 1
50 103 1
51 102 1
52 102 1
53 102 1
54 102 1
55 102 1
56 102 1
57 103 1
58 104 1
58 105 1
58 106 1
59 107 1
59 108 1
58 109 1
58 110 1
58 111 1
58 112 1
58 113 1
58 114 1
57 115 1
57 116 1
57 117 1
57 118 1
56 119 1
56 120 1
56 121 1
56 122 1
56 123 1
55 124 1
55 125 1
54 126 1
54 127 1
53 128 1
53 129 1
53 130 1
52 131 1
51 132 1
51 133 1
51 134 1
50 135 1
50 136 1
50 137 1
50 138 1
49 140 1
48 140 1
47 141 1
47 142 1
46 143 1
45 144 1
44 145 1
.PEN_UP
.PEN_DOWN
50 139 1
52 139 1
53 139 1
54 139 1
55 139 1
56 140 1
57 140 1
58 141 1
59 142 1
59 143 1
59 144 1
58 145 1
58 146 1
57 147 1
57 148 1
56 149 1
56 150 1
55 151 1
54 152 1
54 153 1
53 154 1
52 155 1
51 156 1
50 157 1
47 159 1
46 160 1
45 161 1
44 161 1
43 161 1
42 161 1
41 161 1
40 161 1
39 160 1
38 159 1
38 158 1
38 157 1
38 156 1
38 155 1
39 154 1
40 154 1
41 154 1
42 154 1
43 154 1
44 154 1
45 154 1
46 155 1
47 156 1
48 157 1
51 159 1
52 160 1
52 161 1
53 162 1
53 163 1
53 164 1
54 165 1
54 166 1
55 167 1
55 168 1
55 169 1
56 170 1
56 171 1
56 172 1
56 173 1
56 174 1
57 175 1
57 176 1
57 177 1
57 178 1
57 179 1
57 180 1
57 181 1
59 182 1
60 182 1
61 182 1
62 182 1
63 183 1
62 185 1
62 186 1
62 187 1
61 188 1
60 189 1
59 190 1
58 191 1
57 192 1
56 193 1
55 193 1
54 194 1
53 195 1
52 196 1
51 197 1
50 198 1
49 199 1
49 200 1
48 201 1
48 202 1
47 203 1
47 204 1
46 205 1
46 206 1
46 207 1
45 208 1
45 209 1
45 210 1
45 211 1
45 212 1
45 213 1
45 214 1
44 215 1
44 216 1
44 217 1
44 218 1
44 219 1
44 220 1
43 221 1
43 222 1
43 223 1
43 224 1
43 225 1
43 226 1
43 227 1
43 228 1
43 229 1
43 230 1
43 231 1
43 232 1
43 233 1
43 234 1
43 235 1
43 236 1
43 237 1
44 238 1
46 237 1
47 237 1
48 237 1
49 236 1
50 236 1
51 235 1
52 234 1
53 233 1
54 232 1
55 231 1
56 230 1
57 229 1
58 228 1
59 228 1
60 228 1
61 227 1
62 227 1
65 225 1
66 224 1
66 223 1
.PEN_UP
.PEN_DOWN
63 226 1
63 229 1
63 230 1
63 231 1
62 232 1
62 233 1
61 234 1
61 235 1
60 236 1
59 237 1
59 238 1
58 239 1
58 240 1
58 241 1
58 242 1
57 243 1
57 244 1
55 246 1
54 246 1
53 246 1
52 246 1
51 247 1
50 247 1
47 247 1
46 247 1
45 247 1
42 248 1
41 248 1
40 248 1
39 249 1
38 249 1
37 249 1
36 249 1
35 250 1
34 250 1
33 250 1
32 250 1
31 251 1
30 251 1
29 251 1
28 251 1
27 252 1
26 252 1
25 253 1
24 253 1
23 253 1
22 253 1
21 254 1
20 254 1
19 255 1
18 255 1
17 255 1
16 256 1
15 256 1
14 256 1
13 257 1
12 258 1
11 258 1
10 259 1
9 259 1
8 260 1
7 260 1
6 260 1
5 261 1
4 262 1
3 263 1
2 264 1
1 265 1
1 266 1
1 267 1
1 268 1
1 269 1
1 270 1
2 271 1
3 272 1
4 272 1
5 273 1
6 273 1
7 273 1
8 273 1
9 273 1
10 274 1
11 274 1
12 274 1
13 274 1
14 273 1
15 273 1
16 273 1
17 273 1
18 273 1
19 273 1
20 272 1
21 272 1
22 272 1
23 272 1
24 271 1
25 271 1
26 270 1
27 270 1
28 270 1
29 269 1
30 269 1
31 268 1
32 268 1
33 267 1
34 266 1
35 265 1
36 265 1
37 264 1
38 263 1
39 262 1
40 261 1
41 260 1
42 259 1
43 258 1
44 257 1
45 256 1
46 255 1
47 254 1
47 253 1
47 252 1
48 251 1
48 250 1
48 249 1
49 248 1
.PEN_UP
.PEN_DOWN
44 246 1
44 245 1
44 244 1
44 243 1
44 242 1
44 241 1
44 240 1
44 239 1
.PEN_UP
.PEN_DOWN
56 245 1
59 245 1
60 245 1
61 245 1
62 246 1
63 246 1
64 246 1
65 246 1
66 247 1
67 248 1
68 249 1
69 250 1
69 251 1
69 252 1
69 253 1
70 254 1
70 255 1
70 256 1
70 257 1
69 258 1
69 259 1
69 260 1
.PEN_UP
.PEN_DOWN
57 182 1
56 183 1
55 184 1
55 185 1
54 186 1
53 186 1
52 187 1
.PEN_UP
.PEN_DOWN
75 263 1
76 264 1
76 265 1
76 266 1
77 267 1
77 268 1
77 269 1
78 270 1
78 271 1
78 272 1
78 273 1
78 274 1
79 275 1
79 276 1
79 277 1
79 278 1
79 279 1
80 280 1
80 281 1
80 282 1
80 283 1
80 284 1
79 285 1
79 286 1
78 287 1
78 288 1
77 289 1
77 290 1
77 291 1
76 292 1
75 293 1
75 294 1
74 295 1
73 296 1
72 297 1
71 297 1
70 297 1
69 298 1
68 298 1
67 298 1
66 297 1
65 296 1
64 295 1
64 294 1
63 293 1
63 292 1
63 291 1
63 290 1
63 289 1
63 288 1
63 287 1
62 286 1
62 285 1
62 284 1
61 283 1
61 282 1
60 281 1
59 280 1
58 280 1
57 280 1
56 280 1
55 280 1
54 280 1
53 280 1
52 281 1
51 282 1
50 283 1
49 283 1
48 284 1
47 285 1
47 286 1
46 287 1
46 288 1
46 289 1
46 290 1
46 291 1
46 292 1
46 293 1
47 294 1
48 295 1
.PEN_UP
