.PEN_DOWN
15 1 1
14 2 1
13 3 1
12 4 1
11 5 1
10 6 1
9 7 1
8 8 1
7 9 1
6 10 1
6 11 1
5 12 1
5 13 1
4 14 1
4 15 1
3 16 1
3 17 1
3 18 1
3 19 1
3 20 1
4 21 1
4 22 1
4 23 1
5 24 1
6 25 1
7 26 1
8 27 1
9 27 1
10 28 1
11 28 1
12 28 1
13 28 1
14 29 1
15 29 1
16 29 1
17 29 1
18 29 1
19 29 1
20 29 1
21 28 1
22 28 1
23 28 1
24 28 1
25 28 1
26 28 1
27 28 1
28 28 1
29 27 1
30 27 1
32 26 1
32 25 1
33 24 1
33 23 1
33 22 1
33 21 1
33 20 1
33 19 1
34 18 1
35 17 1
35 16 1
35 15 1
35 14 1
36 13 1
37 12 1
.PEN_UP
.PEN_DOWN
31 27 1
31 29 1
31 30 1
31 31 1
31 32 1
31 33 1
31 34 1
31 35 1
30 36 1
30 37 1
29 38 1
29 39 1
29 40 1
29 41 1
29 42 1
28 43 1
28 44 1
28 45 1
28 46 1
28 47 1
27 48 1
27 49 1
27 50 1
27 51 1
26 52 1
25 53 1
24 52 1
23 52 1
22 52 1
21 52 1
20 52 1
19 52 1
18 52 1
17 52 1
16 52 1
15 52 1
14 53 1
13 53 1
12 53 1
11 54 1
10 55 1
9 55 1
8 56 1
7 56 1
6 57 1
5 57 1
4 58 1
4 59 1
3 60 1
2 61 1
2 62 1
1 63 1
1 64 1
2 65 1
2 66 1
3 67 1
4 68 1
5 69 1
6 69 1
7 69 1
8 69 1
9 69 1
10 69 1
11 69 1
12 69 1
13 69 1
14 69 1
15 68 1
16 67 1
17 67 1
18 67 1
19 66 1
20 66 1
21 65 1
22 64 1
22 63 1
23 62 1
24 61 1
25 60 1
27 60 1
28 61 1
29 61 1
30 62 1
30 63 1
30 64 1
30 65 1
31 66 1
31 67 1
31 68 1
32 69 1
32 70 1
32 71 1
32 72 1
32 73 1
31 74 1
31 75 1
31 76 1
31 77 1
31 78 1
30 79 1
30 80 1
30 81 1
30 82 1
30 83 1
29 84 1
29 85 1
29 86 1
29 87 1
28 88 1
28 89 1
27 90 1
27 91 1
27 92 1
26 93 1
25 94 1
23 93 1
22 93 1
21 93 1
20 94 1
19 94 1
18 94 1
17 94 1
16 94 1
15 95 1
14 96 1
13 97 1
12 98 1
11 99 1
10 100 1
9 101 1
8 102 1
7 103 1
6 104 1
6 105 1
6 106 1
6 107 1
6 108 1
7 109 1
8 110 1
9 110 1
10 110 1
11 110 1
12 110 1
13 110 1
14 110 1
15 109 1
15 108 1
16 107 1
17 106 1
18 106 1
19 105 1
20 104 1
21 103 1
21 102 1
22 101 1
23 100 1
24 99 1
25 98 1
26 99 1
27 99 1
28 100 1
29 101 1
29 102 1
30 103 1
30 104 1
30 105 1
30 106 1
30 107 1
30 108 1
30 109 1
30 110 1
30 111 1
30 112 1
30 113 1
30 114 1
29 115 1
29 116 1
29 117 1
28 118 1
28 119 1
28 120 1
28 121 1
27 122 1
27 123 1
27 124 1
26 125 1
26 126 1
26 127 1
25 128 1
25 129 1
24 130 1
24 131 1
24 132 1
23 133 1
23 134 1
23 135 1
23 136 1
22 137 1
22 138 1
22 139 1
22 140 1
22 141 1
21 142 1
21 143 1
23 145 1
24 145 1
25 145 1
26 146 1
26 147 1
26 148 1
26 149 1
25 150 1
25 151 1
25 152 1
25 153 1
25 154 1
25 155 1
24 156 1
24 157 1
24 158 1
23 159 1
23 160 1
23 161 1
22 162 1
22 163 1
22 164 1
22 165 1
21 166 1
20 167 1
20 168 1
20 169 1
20 170 1
20 171 1
20 172 1
19 173 1
19 174 1
19 175 1
19 176 1
19 177 1
19 178 1
19 179 1
19 180 1
19 181 1
19 182 1
19 183 1
19 184 1
19 185 1
19 186 1
20 187 1
21 188 1
22 189 1
23 190 1
24 190 1
25 190 1
26 190 1
27 190 1
28 190 1
29 190 1
30 189 1
31 189 1
32 188 1
33 188 1
.PEN_UP
