.PEN_DOWN
1 1 1
2 1 1
3 1 1
4 1 1
5 1 1
6 2 1
7 2 1
8 3 1
9 3 1
10 3 1
11 3 1
12 3 1
13 3 1
14 3 1
15 3 1
16 3 1
17 3 1
18 3 1
19 3 1
20 3 1
21 4 1
22 4 1
23 4 1
24 4 1
25 4 1
26 4 1
27 4 1
28 4 1
29 4 1
30 4 1
31 4 1
32 4 1
33 4 1
34 4 1
35 4 1
36 4 1
37 4 1
38 4 1
39 3 1
40 3 1
41 3 1
42 3 1
43 3 1
44 3 1
45 3 1
46 3 1
47 4 1
49 4 1
50 4 1
51 4 1
52 4 1
53 4 1
54 4 1
.PEN_UP
.PEN_DOWN
47 5 1
46 6 1
46 7 1
45 8 1
44 9 1
43 10 1
42 11 1
41 12 1
40 13 1
39 14 1
39 15 1
38 16 1
38 17 1
38 18 1
38 19 1
38 20 1
38 21 1
38 22 1
39 23 1
39 24 1
40 25 1
40 26 1
41 27 1
42 28 1
43 29 1
44 30 1
45 30 1
46 30 1
47 31 1
48 31 1
49 32 1
50 33 1
51 33 1
52 33 1
53 34 1
54 34 1
55 34 1
56 35 1
57 35 1
58 35 1
59 35 1
60 35 1
61 35 1
62 35 1
63 35 1
64 34 1
65 33 1
65 32 1
65 31 1
65 30 1
65 29 1
65 28 1
65 27 1
65 26 1
65 25 1
65 24 1
65 23 1
65 22 1
64 21 1
64 20 1
64 19 1
64 18 1
64 17 1
64 16 1
64 15 1
64 14 1
64 13 1
63 12 1
63 11 1
63 10 1
63 9 1
63 8 1
62 7 1
62 6 1
62 5 1
62 4 1
.PEN_UP
.PEN_DOWN
68 94 1
68 93 1
68 92 1
68 91 1
68 90 1
68 89 1
68 88 1
68 87 1
67 86 1
67 85 1
66 84 1
65 83 1
64 82 1
64 81 1
63 80 1
62 79 1
61 79 1
60 78 1
59 78 1
58 77 1
57 77 1
56 76 1
54 76 1
53 76 1
52 76 1
51 76 1
50 76 1
49 76 1
48 76 1
47 76 1
46 75 1
45 75 1
44 75 1
43 75 1
42 75 1
41 74 1
40 73 1
39 72 1
39 71 1
39 70 1
39 69 1
39 68 1
39 67 1
39 66 1
39 65 1
40 64 1
40 63 1
40 62 1
41 61 1
42 60 1
42 59 1
43 58 1
44 57 1
45 56 1
45 55 1
46 54 1
47 53 1
48 52 1
49 51 1
50 50 1
51 49 1
52 49 1
53 48 1
54 47 1
55 46 1
56 45 1
57 44 1
58 44 1
59 43 1
60 42 1
61 42 1
62 42 1
63 42 1
64 42 1
65 42 1
66 43 1
67 44 1
67 45 1
67 46 1
68 47 1
68 48 1
68 49 1
68 50 1
67 51 1
67 52 1
67 53 1
66 54 1
66 55 1
66 56 1
66 57 1
65 58 1
65 59 1
65 60 1
64 61 1
64 62 1
63 63 1
63 64 1
62 65 1
62 66 1
61 67 1
60 68 1
60 69 1
60 70 1
59 71 1
59 72 1
58 73 1
57 74 1
56 75 1
.PEN_UP
.PEN_DOWN
47 125 1
46 125 1
45 125 1
44 125 1
43 125 1
42 125 1
41 124 1
41 123 1
41 122 1
42 121 1
42 120 1
42 119 1
43 118 1
43 117 1
43 116 1
44 115 1
44 114 1
45 113 1
46 112 1
47 111 1
48 110 1
48 109 1
49 108 1
50 107 1
51 106 1
52 105 1
53 104 1
54 103 1
55 103 1
56 102 1
57 102 1
58 101 1
59 102 1
60 103 1
61 104 1
62 105 1
63 106 1
63 107 1
63 108 1
63 109 1
64 110 1
64 111 1
64 112 1
64 113 1
64 114 1
63 115 1
63 116 1
63 117 1
62 118 1
62 119 1
62 120 1
62 121 1
62 122 1
62 123 1
61 124 1
61 125 1
60 126 1
60 127 1
59 128 1
59 129 1
58 130 1
58 131 1
58 132 1
57 133 1
57 134 1
56 135 1
55 136 1
55 137 1
54 138 1
53 139 1
52 140 1
51 141 1
50 142 1
49 143 1
48 143 1
47 144 1
46 145 1
45 146 1
44 146 1
43 147 1
42 147 1
41 147 1
40 148 1
39 149 1
39 150 1
38 151 1
38 152 1
36 153 1
35 153 1
34 153 1
33 153 1
32 153 1
31 154 1
30 154 1
29 154 1
28 154 1
27 154 1
26 154 1
25 155 1
24 155 1
23 155 1
22 155 1
21 155 1
20 155 1
19 155 1
18 155 1
17 155 1
16 154 1
15 154 1
14 154 1
13 154 1
12 154 1
11 154 1
10 154 1
9 154 1
8 154 1
.PEN_UP
.PEN_DOWN
37 153 1
40 153 1
41 153 1
42 153 1
43 153 1
44 153 1
45 153 1
46 153 1
47 153 1
48 153 1
49 153 1
50 153 1
51 153 1
52 153 1
53 153 1
54 153 1
55 154 1
56 153 1
57 153 1
58 153 1
59 153 1
60 152 1
.PEN_UP
.PEN_DOWN
54 155 1
54 156 1
54 157 1
53 158 1
53 159 1
52 160 1
51 161 1
51 162 1
51 163 1
51 164 1
51 165 1
50 166 1
49 167 1
48 168 1
47 169 1
46 170 1
45 171 1
45 172 1
44 173 1
44 174 1
43 175 1
42 176 1
42 177 1
41 178 1
40 179 1
40 180 1
39 181 1
.PEN_UP
.PEN_DOWN
51 167 1
52 167 1
53 167 1
54 167 1
55 168 1
56 169 1
56 170 1
57 171 1
58 172 1
58 173 1
59 174 1
59 175 1
59 176 1
60 177 1
60 178 1
60 179 1
60 180 1
60 181 1
60 182 1
60 183 1
60 184 1
60 185 1
61 186 1
61 187 1
61 188 1
61 189 1
61 190 1
61 191 1
61 192 1
61 193 1
61 194 1
61 195 1
61 196 1
.PEN_UP
