.PEN_DOWN
1 48 1
2 47 1
3 47 1
4 47 1
5 47 1
6 47 1
7 47 1
8 47 1
9 47 1
10 47 1
11 47 1
12 47 1
13 47 1
14 47 1
15 47 1
16 48 1
17 48 1
18 48 1
19 48 1
20 48 1
21 48 1
22 48 1
23 48 1
24 48 1
25 48 1
26 48 1
27 48 1
28 48 1
29 48 1
30 48 1
31 48 1
32 48 1
33 48 1
34 48 1
35 48 1
36 48 1
37 48 1
38 48 1
39 48 1
40 48 1
41 48 1
42 49 1
43 49 1
44 49 1
45 49 1
46 49 1
47 50 1
48 50 1
49 50 1
50 51 1
52 52 1
53 53 1
54 53 1
55 54 1
56 55 1
57 56 1
57 57 1
58 58 1
58 59 1
59 60 1
59 61 1
59 62 1
60 63 1
60 64 1
60 65 1
60 66 1
60 67 1
60 68 1
60 69 1
60 70 1
60 71 1
60 72 1
60 73 1
60 74 1
58 75 1
57 75 1
56 75 1
55 75 1
54 75 1
53 77 1
52 78 1
52 79 1
51 80 1
51 81 1
50 82 1
50 83 1
49 84 1
49 85 1
49 86 1
49 87 1
49 88 1
49 89 1
49 90 1
49 91 1
49 92 1
49 93 1
49 94 1
50 95 1
51 96 1
52 97 1
53 97 1
54 98 1
55 98 1
56 99 1
57 100 1
58 101 1
59 102 1
60 103 1
61 104 1
62 104 1
63 104 1
64 105 1
65 105 1
66 104 1
67 104 1
68 103 1
69 102 1
70 101 1
70 100 1
70 99 1
70 98 1
70 97 1
70 96 1
70 95 1
71 94 1
71 93 1
71 92 1
71 91 1
71 90 1
71 89 1
71 88 1
70 87 1
69 86 1
69 85 1
68 84 1
67 83 1
67 82 1
66 81 1
65 80 1
64 79 1
63 78 1
62 77 1
61 76 1
60 75 1
.PEN_UP
.PEN_DOWN
53 74 1
52 73 1
51 72 1
50 71 1
49 71 1
48 70 1
47 69 1
46 68 1
46 67 1
46 66 1
45 65 1
45 64 1
45 63 1
45 62 1
45 61 1
46 60 1
46 59 1
47 58 1
48 57 1
48 56 1
49 55 1
49 54 1
50 53 1
.PEN_UP
.PEN_DOWN
34 36 1
35 36 1
36 35 1
39 34 1
40 34 1
41 34 1
42 34 1
43 34 1
44 34 1
45 34 1
46 34 1
47 33 1
48 33 1
49 33 1
50 33 1
51 33 1
52 33 1
53 33 1
54 33 1
55 33 1
56 33 1
57 34 1
58 34 1
59 34 1
60 34 1
61 34 1
62 34 1
63 35 1
64 35 1
65 35 1
66 35 1
67 33 1
67 32 1
68 31 1
68 30 1
68 29 1
68 28 1
68 27 1
68 26 1
68 25 1
68 24 1
69 23 1
69 22 1
69 21 1
69 20 1
69 19 1
68 18 1
68 17 1
68 16 1
68 15 1
68 14 1
68 13 1
67 12 1
67 11 1
67 10 1
66 9 1
66 8 1
65 7 1
65 6 1
64 5 1
63 4 1
62 3 1
61 2 1
60 2 1
59 2 1
58 1 1
57 1 1
56 1 1
55 1 1
54 1 1
53 1 1
52 1 1
51 1 1
50 1 1
49 2 1
48 2 1
47 3 1
46 4 1
45 5 1
44 6 1
43 7 1
42 8 1
41 9 1
41 10 1
40 11 1
39 12 1
39 13 1
39 14 1
38 15 1
38 16 1
38 17 1
37 18 1
37 19 1
37 20 1
36 21 1
36 22 1
36 23 1
36 24 1
36 25 1
36 26 1
36 27 1
36 28 1
36 29 1
36 30 1
36 31 1
36 32 1
36 33 1
36 34 1
38 37 1
38 38 1
38 39 1
.PEN_UP
.PEN_DOWN
54 115 1
55 114 1
56 114 1
57 115 1
58 115 1
59 115 1
60 115 1
61 116 1
62 117 1
63 118 1
64 119 1
64 120 1
65 121 1
65 122 1
65 123 1
65 124 1
65 125 1
65 126 1
65 127 1
65 128 1
65 129 1
65 130 1
65 131 1
64 132 1
64 133 1
64 134 1
64 135 1
62 136 1
61 136 1
60 136 1
59 137 1
58 137 1
57 137 1
56 137 1
55 137 1
54 137 1
53 136 1
52 136 1
51 136 1
50 136 1
49 136 1
.PEN_UP
.PEN_DOWN
14 160 1
15 160 1
16 160 1
17 160 1
18 160 1
19 159 1
20 159 1
21 159 1
22 158 1
23 158 1
24 158 1
25 158 1
26 158 1
27 157 1
28 156 1
29 156 1
30 156 1
31 156 1
32 156 1
33 156 1
34 155 1
35 155 1
36 155 1
37 155 1
38 155 1
39 155 1
40 155 1
41 155 1
42 155 1
43 154 1
44 154 1
46 153 1
47 153 1
48 152 1
49 152 1
50 152 1
51 151 1
52 151 1
53 151 1
54 151 1
55 151 1
56 151 1
57 151 1
58 150 1
59 150 1
60 150 1
61 150 1
62 150 1
63 150 1
64 150 1
65 150 1
66 150 1
67 150 1
68 151 1
69 151 1
70 152 1
70 153 1
70 154 1
70 155 1
69 156 1
69 157 1
68 158 1
.PEN_UP
.PEN_DOWN
45 154 1
45 156 1
45 157 1
46 158 1
46 159 1
46 160 1
46 161 1
46 162 1
46 163 1
46 164 1
46 165 1
46 166 1
47 167 1
47 168 1
.PEN_UP
