.PEN_DOWN
6 21 1
7 20 1
8 19 1
9 19 1
10 19 1
11 18 1
12 18 1
13 17 1
14 17 1
15 16 1
16 16 1
17 15 1
18 15 1
19 14 1
20 14 1
21 14 1
22 14 1
23 14 1
24 12 1
25 11 1
26 10 1
27 9 1
28 8 1
29 7 1
30 6 1
31 5 1
32 4 1
33 4 1
34 3 1
35 3 1
36 2 1
37 2 1
38 2 1
39 2 1
40 1 1
41 1 1
.PEN_UP
.PEN_DOWN
24 13 1
23 16 1
23 17 1
23 18 1
23 19 1
23 20 1
22 21 1
22 22 1
22 23 1
22 24 1
22 25 1
22 26 1
21 29 1
20 30 1
19 30 1
18 31 1
18 32 1
17 33 1
16 35 1
16 36 1
16 37 1
16 38 1
16 39 1
15 40 1
15 41 1
14 42 1
13 43 1
12 44 1
11 45 1
10 46 1
9 47 1
8 47 1
7 48 1
6 48 1
5 48 1
4 48 1
3 47 1
2 46 1
1 45 1
1 44 1
1 43 1
1 42 1
2 41 1
3 40 1
4 39 1
5 38 1
6 37 1
7 36 1
8 36 1
9 35 1
10 35 1
11 34 1
12 34 1
13 34 1
14 34 1
15 33 1
.PEN_UP
.PEN_DOWN
22 27 1
24 27 1
25 27 1
26 27 1
27 27 1
28 27 1
29 27 1
30 27 1
31 29 1
32 30 1
32 31 1
32 32 1
33 33 1
34 34 1
35 35 1
36 36 1
37 37 1
38 38 1
38 39 1
38 40 1
38 41 1
38 42 1
38 43 1
37 44 1
37 45 1
37 46 1
37 47 1
36 48 1
36 49 1
35 50 1
35 51 1
35 52 1
35 53 1
34 54 1
32 56 1
31 56 1
30 57 1
29 57 1
28 58 1
27 59 1
26 60 1
25 61 1
24 61 1
.PEN_UP
.PEN_DOWN
33 55 1
36 56 1
37 56 1
38 57 1
39 58 1
40 59 1
40 60 1
40 61 1
40 62 1
40 63 1
40 64 1
40 65 1
40 66 1
40 67 1
.PEN_UP
