.PEN_DOWN
42 17 1
41 16 1
40 15 1
39 14 1
39 13 1
39 12 1
39 11 1
39 10 1
40 9 1
41 8 1
42 7 1
43 6 1
43 5 1
44 4 1
45 3 1
46 2 1
47 1 1
48 1 1
49 1 1
50 1 1
51 1 1
52 1 1
53 1 1
54 1 1
55 1 1
56 2 1
57 3 1
58 4 1
58 5 1
58 6 1
59 7 1
59 8 1
59 9 1
58 10 1
58 11 1
58 12 1
58 13 1
58 14 1
57 15 1
57 16 1
56 17 1
56 18 1
56 19 1
55 20 1
54 21 1
54 22 1
53 23 1
53 24 1
52 25 1
51 26 1
51 27 1
50 28 1
49 29 1
48 30 1
47 31 1
46 32 1
45 33 1
44 34 1
43 35 1
42 36 1
41 37 1
39 38 1
38 38 1
37 38 1
36 38 1
35 38 1
33 40 1
33 41 1
32 42 1
31 42 1
30 42 1
29 42 1
28 42 1
27 42 1
26 43 1
25 43 1
24 43 1
23 43 1
22 43 1
21 43 1
20 43 1
19 44 1
18 44 1
17 44 1
16 44 1
15 44 1
14 44 1
13 44 1
12 44 1
11 44 1
10 44 1
9 44 1
8 43 1
7 43 1
6 43 1
5 43 1
4 43 1
3 42 1
2 41 1
2 40 1
1 39 1
2 38 1
2 37 1
3 36 1
4 35 1
5 34 1
6 34 1
7 33 1
8 33 1
9 33 1
10 33 1
11 32 1
12 32 1
13 32 1
14 32 1
15 32 1
16 32 1
17 32 1
18 32 1
19 32 1
20 32 1
21 32 1
22 32 1
23 32 1
24 32 1
25 32 1
26 32 1
27 32 1
28 33 1
29 33 1
30 33 1
31 34 1
32 34 1
33 35 1
34 36 1
34 37 1
.PEN_UP
.PEN_DOWN
40 38 1
42 39 1
42 40 1
43 41 1
44 42 1
45 43 1
45 44 1
45 45 1
46 46 1
46 47 1
46 48 1
46 49 1
46 50 1
45 51 1
45 52 1
44 53 1
44 54 1
43 55 1
44 57 1
44 58 1
44 59 1
45 60 1
46 61 1
46 62 1
47 63 1
47 64 1
47 65 1
47 66 1
47 67 1
47 68 1
47 69 1
47 70 1
47 71 1
48 72 1
49 73 1
50 74 1
50 75 1
51 76 1
51 77 1
51 78 1
51 79 1
51 80 1
50 81 1
50 82 1
49 83 1
49 84 1
49 85 1
48 86 1
47 87 1
46 88 1
46 89 1
45 90 1
44 91 1
43 92 1
43 95 1
43 96 1
44 97 1
45 98 1
45 99 1
45 100 1
45 101 1
45 102 1
45 103 1
45 104 1
44 105 1
44 106 1
44 107 1
43 108 1
41 108 1
40 109 1
39 109 1
38 109 1
37 109 1
36 110 1
.PEN_UP
.PEN_DOWN
42 108 1
44 110 1
44 111 1
44 112 1
45 113 1
45 114 1
45 115 1
45 116 1
45 117 1
45 118 1
45 119 1
44 120 1
44 121 1
44 122 1
44 123 1
43 124 1
43 125 1
43 126 1
43 127 1
44 128 1
44 129 1
44 130 1
44 131 1
44 132 1
44 133 1
44 134 1
44 135 1
45 136 1
47 136 1
48 136 1
49 136 1
50 136 1
51 136 1
52 136 1
53 136 1
54 136 1
55 136 1
56 136 1
57 136 1
58 136 1
59 136 1
60 136 1
61 136 1
62 136 1
63 136 1
64 136 1
65 137 1
66 137 1
67 137 1
68 137 1
69 137 1
70 137 1
71 137 1
72 137 1
73 138 1
74 138 1
75 139 1
76 140 1
77 141 1
77 142 1
77 143 1
77 144 1
76 145 1
76 146 1
75 147 1
75 148 1
74 149 1
73 150 1
72 150 1
71 151 1
70 152 1
69 152 1
68 153 1
67 153 1
66 154 1
65 154 1
64 155 1
63 155 1
62 155 1
61 156 1
60 156 1
59 157 1
58 157 1
57 157 1
56 158 1
55 158 1
54 159 1
51 160 1
50 160 1
49 160 1
48 159 1
47 159 1
46 159 1
45 159 1
44 158 1
43 159 1
42 159 1
.PEN_UP
.PEN_DOWN
53 159 1
53 162 1
53 163 1
53 164 1
53 165 1
53 166 1
53 167 1
53 168 1
53 169 1
52 170 1
52 171 1
52 172 1
52 173 1
51 174 1
51 175 1
51 176 1
50 177 1
50 178 1
50 179 1
49 180 1
49 181 1
48 182 1
48 183 1
47 184 1
46 185 1
46 186 1
45 187 1
45 188 1
44 189 1
44 190 1
43 191 1
43 192 1
43 193 1
43 194 1
43 195 1
44 196 1
45 197 1
46 198 1
47 198 1
48 198 1
49 198 1
50 198 1
.PEN_UP
.PEN_DOWN
46 136 1
44 138 1
43 139 1
42 140 1
41 141 1
40 142 1
40 143 1
41 144 1
41 145 1
41 146 1
42 147 1
43 147 1
.PEN_UP
