.PEN_DOWN
47 1 1
48 2 1
48 3 1
48 4 1
48 5 1
48 6 1
48 7 1
49 8 1
49 9 1
49 10 1
49 11 1
49 12 1
49 13 1
49 14 1
49 15 1
49 16 1
49 17 1
48 18 1
48 19 1
48 20 1
48 21 1
48 22 1
47 23 1
47 24 1
46 25 1
45 26 1
42 29 1
41 30 1
40 31 1
39 32 1
38 33 1
37 33 1
36 33 1
35 33 1
34 34 1
33 34 1
32 35 1
31 35 1
30 35 1
29 35 1
28 35 1
27 35 1
26 35 1
25 36 1
24 36 1
23 36 1
22 36 1
21 36 1
20 36 1
19 36 1
18 36 1
17 36 1
16 36 1
15 36 1
14 36 1
13 36 1
12 36 1
11 36 1
10 36 1
9 36 1
8 35 1
7 35 1
6 35 1
5 35 1
4 34 1
4 33 1
4 32 1
4 31 1
5 30 1
6 29 1
7 28 1
8 27 1
9 27 1
10 26 1
11 26 1
12 25 1
13 25 1
14 25 1
15 25 1
16 25 1
17 24 1
18 24 1
19 24 1
20 24 1
21 24 1
22 24 1
23 23 1
24 23 1
25 23 1
26 23 1
27 23 1
28 23 1
29 23 1
30 23 1
31 23 1
32 23 1
33 23 1
34 23 1
35 23 1
36 23 1
37 23 1
38 23 1
39 24 1
40 24 1
41 24 1
42 25 1
43 26 1
46 28 1
47 29 1
48 30 1
49 31 1
49 32 1
50 33 1
50 34 1
51 35 1
51 36 1
52 37 1
52 38 1
52 39 1
52 40 1
52 41 1
52 42 1
52 43 1
52 44 1
52 45 1
52 46 1
52 47 1
52 48 1
51 49 1
49 50 1
48 49 1
47 49 1
46 49 1
45 49 1
44 49 1
43 49 1
42 49 1
41 49 1
40 50 1
39 51 1
39 52 1
39 53 1
38 54 1
38 55 1
37 56 1
36 57 1
35 58 1
35 59 1
34 60 1
34 61 1
34 62 1
34 63 1
33 64 1
33 65 1
33 66 1
34 67 1
34 68 1
34 69 1
34 70 1
35 71 1
36 72 1
37 73 1
38 74 1
39 75 1
40 76 1
41 77 1
42 78 1
43 79 1
44 79 1
45 79 1
46 79 1
47 80 1
48 80 1
49 79 1
50 79 1
51 78 1
52 77 1
53 76 1
53 75 1
53 74 1
54 73 1
54 72 1
54 71 1
54 70 1
54 69 1
55 68 1
55 67 1
55 66 1
55 65 1
55 64 1
55 63 1
55 62 1
54 61 1
54 60 1
54 59 1
54 58 1
53 57 1
53 56 1
52 55 1
51 54 1
49 55 1
48 56 1
47 56 1
46 56 1
45 57 1
44 57 1
43 57 1
42 57 1
41 57 1
40 57 1
39 56 1
.PEN_UP
.PEN_DOWN
1 133 1
2 133 1
3 133 1
5 134 1
6 135 1
7 135 1
8 135 1
9 135 1
10 136 1
11 136 1
12 136 1
13 136 1
14 136 1
15 136 1
16 136 1
17 136 1
18 137 1
19 137 1
20 137 1
21 137 1
22 137 1
23 137 1
24 138 1
25 138 1
26 138 1
27 138 1
28 139 1
29 139 1
30 139 1
31 139 1
32 139 1
33 139 1
34 139 1
36 138 1
36 137 1
36 136 1
37 135 1
37 134 1
37 133 1
37 132 1
37 131 1
37 130 1
37 129 1
36 128 1
35 127 1
34 126 1
33 126 1
32 125 1
31 125 1
30 125 1
29 125 1
28 125 1
27 125 1
26 125 1
25 125 1
24 125 1
23 125 1
22 125 1
21 126 1
20 126 1
19 126 1
18 126 1
17 126 1
16 127 1
15 127 1
14 127 1
13 127 1
12 127 1
11 127 1
10 128 1
9 128 1
8 129 1
7 129 1
6 130 1
5 131 1
4 132 1
.PEN_UP
.PEN_DOWN
35 139 1
35 141 1
34 142 1
34 143 1
34 144 1
34 145 1
33 146 1
33 147 1
33 148 1
33 149 1
33 150 1
33 151 1
33 152 1
34 153 1
35 153 1
36 153 1
37 152 1
38 152 1
39 152 1
40 151 1
41 151 1
42 151 1
43 150 1
44 149 1
45 149 1
46 148 1
47 148 1
48 147 1
49 146 1
50 145 1
51 145 1
52 144 1
53 143 1
54 143 1
55 143 1
56 143 1
57 144 1
58 145 1
58 146 1
58 147 1
58 148 1
58 149 1
58 150 1
58 151 1
58 152 1
58 153 1
58 154 1
58 155 1
57 156 1
57 157 1
57 158 1
57 159 1
57 160 1
56 161 1
56 162 1
56 163 1
55 164 1
55 165 1
55 166 1
.PEN_UP
.PEN_DOWN
43 170 1
43 171 1
43 172 1
44 173 1
46 174 1
47 174 1
48 173 1
49 173 1
50 173 1
51 173 1
52 173 1
53 174 1
54 174 1
55 175 1
56 176 1
57 177 1
58 178 1
58 179 1
59 180 1
59 181 1
59 182 1
59 183 1
60 184 1
60 185 1
60 186 1
60 187 1
60 188 1
60 189 1
60 190 1
60 191 1
60 192 1
60 193 1
60 194 1
59 195 1
59 196 1
59 197 1
58 198 1
57 199 1
55 199 1
54 199 1
53 199 1
52 199 1
51 198 1
50 198 1
49 198 1
48 198 1
47 198 1
46 198 1
45 198 1
44 198 1
43 199 1
42 199 1
41 199 1
40 200 1
39 201 1
38 201 1
37 202 1
36 203 1
36 204 1
35 205 1
35 206 1
34 207 1
35 208 1
35 209 1
35 210 1
36 211 1
36 212 1
36 213 1
37 214 1
37 215 1
37 216 1
39 218 1
40 218 1
41 218 1
42 219 1
43 219 1
44 219 1
45 219 1
46 219 1
47 220 1
48 220 1
49 220 1
50 220 1
52 218 1
53 218 1
54 217 1
55 216 1
56 216 1
57 215 1
58 214 1
59 213 1
59 212 1
60 211 1
60 210 1
60 209 1
60 208 1
60 207 1
60 206 1
60 205 1
60 204 1
59 203 1
58 202 1
57 201 1
57 200 1
.PEN_UP
.PEN_DOWN
51 219 1
51 222 1
51 223 1
52 224 1
53 225 1
54 226 1
54 227 1
55 228 1
56 229 1
56 230 1
56 231 1
56 232 1
56 233 1
56 234 1
56 235 1
56 236 1
56 237 1
55 238 1
.PEN_UP
.PEN_DOWN
36 217 1
35 218 1
34 218 1
33 218 1
32 218 1
30 219 1
29 220 1
28 220 1
27 220 1
26 220 1
25 220 1
24 220 1
23 220 1
22 220 1
21 219 1
20 218 1
21 216 1
22 216 1
23 215 1
24 215 1
25 215 1
26 215 1
27 215 1
28 215 1
29 215 1
30 216 1
31 217 1
.PEN_UP
.PEN_DOWN
19 217 1
18 217 1
17 217 1
16 217 1
15 217 1
14 217 1
13 217 1
12 217 1
11 218 1
10 218 1
9 218 1
8 218 1
7 218 1
6 218 1
5 219 1
4 219 1
.PEN_UP
.PEN_DOWN
44 174 1
44 176 1
44 177 1
43 178 1
43 179 1
42 180 1
42 181 1
41 182 1
41 183 1
40 184 1
.PEN_UP
