.PEN_DOWN
1 6 1
2 6 1
3 6 1
4 7 1
5 7 1
6 6 1
7 6 1
8 6 1
9 6 1
10 6 1
11 7 1
12 7 1
13 7 1
14 7 1
15 7 1
16 7 1
17 7 1
18 6 1
19 6 1
20 6 1
21 6 1
22 6 1
23 6 1
24 6 1
25 6 1
26 6 1
27 6 1
28 6 1
29 6 1
30 6 1
31 6 1
32 6 1
33 6 1
34 6 1
35 6 1
36 5 1
37 5 1
38 5 1
39 5 1
40 5 1
41 5 1
42 5 1
43 5 1
44 5 1
45 5 1
46 4 1
47 4 1
48 4 1
49 4 1
50 4 1
51 4 1
52 4 1
53 4 1
54 4 1
55 3 1
56 3 1
57 3 1
58 3 1
59 3 1
60 3 1
61 3 1
62 3 1
63 3 1
64 3 1
65 4 1
64 5 1
64 6 1
64 7 1
64 8 1
63 9 1
63 10 1
63 11 1
61 12 1
60 13 1
59 14 1
58 14 1
57 15 1
56 16 1
55 17 1
54 18 1
53 19 1
52 20 1
51 20 1
50 21 1
49 22 1
48 23 1
48 24 1
47 25 1
47 26 1
46 27 1
46 28 1
46 29 1
46 30 1
47 31 1
48 31 1
49 31 1
50 31 1
51 30 1
52 30 1
53 30 1
54 29 1
55 29 1
56 28 1
57 28 1
58 27 1
59 27 1
60 26 1
61 26 1
62 25 1
63 25 1
64 25 1
65 24 1
66 24 1
67 23 1
68 23 1
69 23 1
70 23 1
71 22 1
72 22 1
73 22 1
74 22 1
75 22 1
76 22 1
77 23 1
78 24 1
79 25 1
78 26 1
78 27 1
78 28 1
77 29 1
77 30 1
77 31 1
76 32 1
75 33 1
75 34 1
74 35 1
73 36 1
72 37 1
71 38 1
70 38 1
69 39 1
68 40 1
67 41 1
66 40 1
65 40 1
64 40 1
63 40 1
62 40 1
61 40 1
60 40 1
59 40 1
58 41 1
57 42 1
56 42 1
55 42 1
54 42 1
53 43 1
52 44 1
51 44 1
50 45 1
49 46 1
48 47 1
48 48 1
47 49 1
47 50 1
47 51 1
49 52 1
50 53 1
51 54 1
53 54 1
54 54 1
55 53 1
56 53 1
57 53 1
58 52 1
59 52 1
60 52 1
61 52 1
62 52 1
63 52 1
65 53 1
66 54 1
67 54 1
68 54 1
69 55 1
70 55 1
71 56 1
72 57 1
73 58 1
74 59 1
75 60 1
75 61 1
75 62 1
75 63 1
74 64 1
74 65 1
73 66 1
72 67 1
72 68 1
71 69 1
70 70 1
69 70 1
68 70 1
67 71 1
66 72 1
65 72 1
64 73 1
63 73 1
62 74 1
61 75 1
60 75 1
59 75 1
58 76 1
58 77 1
57 78 1
55 79 1
54 79 1
53 79 1
52 79 1
51 79 1
50 79 1
.PEN_UP
.PEN_DOWN
56 79 1
58 81 1
58 82 1
59 83 1
60 84 1
61 85 1
61 86 1
61 87 1
61 88 1
61 89 1
61 90 1
61 91 1
61 92 1
61 93 1
61 94 1
61 95 1
61 96 1
60 97 1
56 101 1
56 102 1
56 103 1
56 104 1
56 105 1
55 106 1
55 107 1
54 108 1
53 109 1
52 110 1
51 111 1
51 112 1
50 113 1
49 113 1
48 113 1
47 114 1
46 114 1
45 114 1
44 114 1
43 114 1
42 113 1
42 112 1
42 111 1
42 110 1
43 109 1
43 108 1
43 107 1
44 106 1
45 105 1
46 104 1
47 103 1
48 102 1
49 101 1
50 101 1
51 100 1
52 100 1
53 100 1
54 99 1
55 99 1
56 99 1
.PEN_UP
.PEN_DOWN
58 99 1
62 99 1
63 99 1
64 99 1
65 99 1
66 100 1
67 100 1
68 101 1
69 102 1
70 103 1
71 104 1
72 105 1
73 106 1
73 107 1
74 108 1
74 109 1
75 110 1
75 111 1
75 112 1
76 113 1
76 114 1
76 115 1
77 116 1
77 117 1
77 118 1
77 119 1
78 120 1
78 121 1
78 122 1
78 123 1
78 124 1
79 125 1
79 126 1
79 127 1
79 128 1
79 129 1
79 130 1
79 131 1
79 132 1
79 133 1
79 134 1
79 135 1
79 136 1
.PEN_UP
.PEN_DOWN
64 51 1
64 50 1
64 49 1
65 48 1
65 47 1
65 46 1
66 45 1
66 44 1
66 43 1
67 42 1
.PEN_UP
.PEN_DOWN
52 54 1
50 56 1
49 57 1
49 58 1
.PEN_UP
.PEN_DOWN
62 12 1
64 13 1
65 14 1
66 14 1
67 15 1
68 16 1
.PEN_UP
.PEN_DOWN
11 5 1
11 4 1
12 3 1
12 2 1
13 1 1
.PEN_UP
