.PEN_DOWN
53 45 1
54 44 1
55 43 1
56 42 1
57 41 1
58 40 1
60 40 1
61 40 1
62 40 1
63 40 1
.PEN_UP
.PEN_DOWN
58 39 1
58 38 1
58 37 1
59 36 1
59 35 1
59 34 1
59 33 1
60 32 1
60 31 1
61 30 1
62 29 1
62 28 1
63 27 1
63 26 1
64 25 1
64 24 1
65 23 1
66 22 1
66 21 1
66 20 1
66 19 1
67 18 1
67 17 1
68 16 1
68 15 1
68 14 1
69 13 1
69 12 1
69 11 1
69 10 1
69 9 1
69 8 1
70 7 1
70 6 1
69 5 1
69 4 1
68 3 1
67 2 1
66 2 1
65 1 1
64 1 1
63 1 1
62 2 1
61 2 1
60 2 1
59 3 1
58 3 1
57 3 1
56 4 1
55 4 1
54 5 1
53 5 1
52 6 1
51 7 1
50 7 1
49 8 1
48 8 1
47 9 1
46 10 1
45 10 1
44 11 1
43 12 1
42 13 1
41 14 1
40 15 1
39 16 1
38 17 1
37 18 1
36 19 1
35 20 1
35 21 1
34 22 1
32 22 1
31 22 1
30 22 1
29 23 1
28 23 1
27 24 1
26 24 1
25 25 1
24 26 1
23 26 1
22 27 1
21 28 1
20 28 1
19 29 1
18 30 1
17 31 1
16 32 1
15 33 1
14 34 1
13 35 1
12 35 1
11 36 1
10 37 1
9 38 1
8 39 1
7 40 1
6 41 1
5 42 1
4 43 1
3 44 1
3 45 1
2 46 1
2 47 1
2 48 1
1 49 1
1 50 1
1 51 1
1 52 1
1 53 1
2 54 1
3 54 1
4 54 1
5 54 1
6 54 1
7 54 1
8 54 1
9 53 1
10 53 1
11 52 1
12 51 1
13 51 1
14 50 1
15 50 1
16 49 1
17 48 1
18 48 1
19 47 1
20 46 1
21 45 1
22 44 1
23 43 1
23 42 1
24 41 1
25 40 1
26 39 1
26 38 1
27 37 1
28 36 1
29 35 1
30 34 1
30 33 1
31 32 1
31 31 1
32 30 1
32 29 1
33 28 1
33 27 1
33 26 1
33 25 1
34 24 1
34 23 1
.PEN_UP
.PEN_DOWN
49 99 1
50 98 1
50 97 1
51 96 1
51 95 1
54 92 1
54 91 1
55 90 1
55 89 1
55 88 1
56 87 1
57 86 1
57 85 1
58 84 1
58 83 1
59 82 1
60 81 1
60 80 1
61 79 1
61 78 1
62 77 1
62 76 1
63 75 1
63 74 1
63 73 1
64 72 1
65 71 1
65 70 1
65 69 1
64 68 1
64 67 1
63 66 1
62 65 1
61 65 1
60 64 1
59 64 1
58 65 1
57 65 1
56 66 1
55 66 1
54 67 1
53 68 1
52 69 1
51 70 1
50 71 1
49 72 1
48 73 1
47 74 1
46 75 1
46 76 1
46 77 1
45 78 1
45 79 1
44 80 1
44 81 1
44 82 1
44 83 1
44 84 1
44 85 1
44 86 1
44 87 1
44 88 1
45 89 1
46 90 1
47 91 1
48 91 1
49 92 1
50 93 1
51 94 1
.PEN_UP
.PEN_DOWN
52 94 1
56 94 1
57 94 1
58 94 1
59 93 1
60 93 1
61 93 1
62 93 1
63 93 1
64 92 1
65 92 1
66 92 1
67 92 1
68 92 1
69 92 1
71 90 1
72 89 1
73 88 1
74 87 1
75 86 1
76 85 1
77 84 1
78 84 1
79 83 1
80 82 1
81 82 1
82 81 1
82 80 1
83 79 1
84 78 1
85 77 1
86 76 1
87 76 1
88 75 1
89 74 1
90 73 1
92 72 1
93 72 1
94 72 1
95 71 1
96 71 1
97 71 1
98 70 1
99 69 1
100 69 1
101 68 1
102 67 1
103 66 1
103 65 1
103 64 1
103 63 1
103 62 1
102 61 1
101 60 1
100 60 1
99 60 1
98 60 1
97 60 1
96 60 1
95 61 1
94 62 1
93 63 1
92 64 1
91 65 1
91 66 1
91 67 1
90 68 1
90 69 1
90 70 1
90 71 1
.PEN_UP
.PEN_DOWN
70 91 1
69 94 1
69 95 1
69 96 1
69 97 1
68 98 1
68 99 1
68 100 1
67 101 1
67 102 1
67 103 1
66 104 1
66 105 1
66 106 1
66 107 1
65 108 1
65 109 1
64 110 1
63 111 1
63 112 1
62 113 1
62 114 1
61 115 1
60 116 1
58 118 1
57 118 1
56 118 1
55 119 1
54 119 1
53 120 1
52 121 1
51 121 1
50 121 1
49 122 1
49 123 1
48 124 1
47 125 1
46 126 1
45 126 1
44 127 1
43 128 1
42 129 1
41 129 1
40 130 1
39 131 1
38 132 1
37 133 1
36 133 1
35 133 1
34 134 1
33 135 1
32 135 1
31 136 1
30 137 1
29 138 1
28 139 1
27 139 1
26 140 1
25 141 1
24 141 1
23 142 1
22 143 1
21 143 1
20 144 1
19 145 1
18 146 1
17 146 1
16 147 1
15 148 1
14 149 1
13 149 1
12 150 1
11 151 1
10 152 1
9 153 1
8 154 1
.PEN_UP
.PEN_DOWN
59 117 1
60 119 1
60 120 1
60 121 1
60 122 1
60 123 1
60 124 1
59 125 1
59 126 1
59 127 1
59 128 1
59 129 1
58 130 1
58 131 1
59 132 1
60 133 1
61 134 1
62 134 1
63 134 1
64 134 1
65 134 1
66 134 1
67 135 1
68 136 1
68 137 1
69 138 1
68 139 1
68 140 1
68 141 1
67 142 1
67 143 1
66 144 1
65 145 1
64 146 1
63 147 1
62 148 1
62 149 1
61 150 1
60 151 1
59 152 1
58 152 1
57 153 1
56 154 1
55 155 1
54 156 1
53 157 1
53 158 1
52 159 1
52 160 1
52 161 1
51 162 1
51 163 1
50 165 1
49 166 1
48 166 1
47 167 1
46 167 1
45 168 1
44 169 1
43 169 1
42 170 1
41 171 1
40 171 1
39 172 1
38 173 1
37 174 1
36 174 1
35 175 1
34 176 1
33 177 1
32 177 1
31 178 1
30 179 1
29 180 1
28 180 1
27 181 1
26 182 1
25 182 1
24 183 1
23 184 1
22 185 1
21 186 1
20 186 1
19 187 1
18 188 1
17 188 1
16 189 1
15 189 1
14 190 1
13 191 1
12 191 1
11 191 1
10 191 1
.PEN_UP
.PEN_DOWN
51 164 1
53 164 1
54 164 1
55 164 1
56 164 1
57 164 1
58 164 1
59 164 1
60 164 1
61 164 1
62 163 1
63 163 1
64 162 1
65 161 1
66 161 1
67 161 1
68 160 1
69 159 1
70 159 1
71 158 1
.PEN_UP
