.PEN_DOWN
25 1 1
25 2 1
25 3 1
25 4 1
24 5 1
24 6 1
24 7 1
24 8 1
24 9 1
24 10 1
24 11 1
24 12 1
23 13 1
23 14 1
23 15 1
23 16 1
22 17 1
22 18 1
22 19 1
21 20 1
21 21 1
21 22 1
21 23 1
21 24 1
21 25 1
23 26 1
24 26 1
25 26 1
26 26 1
27 26 1
28 26 1
29 26 1
30 26 1
31 26 1
32 26 1
33 26 1
34 26 1
35 26 1
36 26 1
37 26 1
38 26 1
39 26 1
40 26 1
41 26 1
42 26 1
43 26 1
44 26 1
45 26 1
46 26 1
47 26 1
48 26 1
49 26 1
50 26 1
51 26 1
52 26 1
53 26 1
54 26 1
55 26 1
56 26 1
57 26 1
58 26 1
59 26 1
60 25 1
61 25 1
62 25 1
63 25 1
64 25 1
65 25 1
66 25 1
67 25 1
68 26 1
69 26 1
70 26 1
71 26 1
72 26 1
73 26 1
74 26 1
75 26 1
76 26 1
77 26 1
78 26 1
79 26 1
80 26 1
81 26 1
82 26 1
83 26 1
84 26 1
85 26 1
86 26 1
87 27 1
88 27 1
89 27 1
.PEN_UP
.PEN_DOWN
19 26 1
18 26 1
15 26 1
14 26 1
13 26 1
12 26 1
11 26 1
10 27 1
9 27 1
8 27 1
7 27 1
6 27 1
5 27 1
4 27 1
3 27 1
2 27 1
1 28 1
.PEN_UP
.PEN_DOWN
17 26 1
17 28 1
17 29 1
16 30 1
16 31 1
16 32 1
15 33 1
15 34 1
15 35 1
14 36 1
13 37 1
13 38 1
13 39 1
12 40 1
12 41 1
10 42 1
9 42 1
8 42 1
7 43 1
6 43 1
5 43 1
4 43 1
3 43 1
2 44 1
1 44 1
.PEN_UP
.PEN_DOWN
11 42 1
13 43 1
14 43 1
15 43 1
16 43 1
17 43 1
18 43 1
19 43 1
20 43 1
21 42 1
22 43 1
23 43 1
24 43 1
25 43 1
26 43 1
27 43 1
28 43 1
29 43 1
30 43 1
31 43 1
32 43 1
33 44 1
34 44 1
35 44 1
36 44 1
37 44 1
38 44 1
39 44 1
40 44 1
41 44 1
42 44 1
43 44 1
44 44 1
45 44 1
46 44 1
47 44 1
48 45 1
49 45 1
50 45 1
51 46 1
52 47 1
54 47 1
55 47 1
56 47 1
57 47 1
58 47 1
59 47 1
60 47 1
61 47 1
62 47 1
63 47 1
64 46 1
65 46 1
66 46 1
67 46 1
68 46 1
69 46 1
70 46 1
71 46 1
72 46 1
73 46 1
74 46 1
75 45 1
76 45 1
77 45 1
78 45 1
.PEN_UP
.PEN_DOWN
52 48 1
52 49 1
51 50 1
50 51 1
49 51 1
48 51 1
47 52 1
46 52 1
45 52 1
44 53 1
43 53 1
42 54 1
41 55 1
40 56 1
40 57 1
39 58 1
40 59 1
41 60 1
42 60 1
43 60 1
44 60 1
45 60 1
46 61 1
47 61 1
48 61 1
49 61 1
50 61 1
51 61 1
52 61 1
53 61 1
54 62 1
55 62 1
56 62 1
57 62 1
58 62 1
59 62 1
60 62 1
61 62 1
62 62 1
63 62 1
64 62 1
65 62 1
66 62 1
67 62 1
68 63 1
69 63 1
70 63 1
71 63 1
72 63 1
73 63 1
74 63 1
75 63 1
76 64 1
77 64 1
.PEN_UP
.PEN_DOWN
78 93 1
78 92 1
78 91 1
79 90 1
79 89 1
79 88 1
79 87 1
79 86 1
79 85 1
79 84 1
79 83 1
78 82 1
78 81 1
78 80 1
78 79 1
78 78 1
78 77 1
77 76 1
76 75 1
75 74 1
74 73 1
73 73 1
72 72 1
71 72 1
70 72 1
69 72 1
68 72 1
67 71 1
66 71 1
65 72 1
64 72 1
63 73 1
62 74 1
61 74 1
58 74 1
57 75 1
56 75 1
55 75 1
54 75 1
53 75 1
52 76 1
51 76 1
50 77 1
49 78 1
48 79 1
47 80 1
46 81 1
45 82 1
45 83 1
44 84 1
44 85 1
44 86 1
44 87 1
43 88 1
44 89 1
45 89 1
46 89 1
47 89 1
48 88 1
49 88 1
50 88 1
51 87 1
52 86 1
53 85 1
54 84 1
55 84 1
56 83 1
57 82 1
58 81 1
58 80 1
59 79 1
59 78 1
59 77 1
60 76 1
60 75 1
.PEN_UP
