.PEN_DOWN
30 5 1
31 5 1
32 5 1
33 5 1
34 5 1
35 5 1
36 5 1
39 5 1
40 4 1
41 4 1
43 5 1
44 5 1
45 5 1
46 5 1
47 5 1
48 5 1
49 5 1
50 5 1
51 5 1
52 5 1
53 5 1
54 5 1
55 5 1
56 5 1
57 5 1
58 5 1
59 5 1
60 5 1
61 5 1
62 5 1
63 5 1
64 5 1
65 5 1
66 5 1
67 5 1
68 5 1
69 5 1
70 5 1
71 5 1
72 5 1
73 5 1
74 5 1
75 5 1
76 5 1
77 5 1
78 5 1
79 5 1
80 5 1
81 5 1
82 5 1
83 5 1
84 5 1
85 5 1
86 5 1
87 5 1
88 5 1
89 5 1
90 5 1
91 5 1
92 5 1
93 5 1
94 5 1
95 5 1
96 5 1
97 5 1
98 5 1
99 5 1
100 5 1
101 6 1
102 6 1
103 6 1
104 6 1
105 6 1
106 6 1
107 6 1
108 6 1
109 6 1
110 6 1
111 6 1
112 6 1
113 6 1
114 6 1
115 6 1
116 6 1
117 7 1
118 7 1
119 7 1
120 8 1
121 8 1
.PEN_UP
.PEN_DOWN
37 5 1
37 7 1
37 8 1
37 9 1
37 10 1
37 11 1
37 12 1
36 13 1
36 14 1
36 15 1
36 16 1
36 17 1
36 18 1
36 19 1
36 20 1
36 21 1
36 22 1
36 23 1
36 24 1
36 25 1
36 26 1
37 27 1
37 28 1
37 29 1
37 30 1
37 31 1
38 32 1
39 33 1
40 34 1
41 35 1
42 35 1
43 35 1
44 35 1
45 35 1
46 34 1
47 34 1
48 33 1
49 32 1
50 31 1
51 30 1
52 29 1
53 28 1
53 27 1
54 26 1
55 25 1
55 24 1
55 23 1
56 22 1
56 21 1
.PEN_UP
.PEN_DOWN
39 94 1
39 95 1
39 96 1
39 97 1
39 98 1
40 99 1
40 100 1
40 101 1
40 102 1
40 103 1
40 104 1
41 105 1
41 106 1
41 107 1
43 109 1
44 109 1
45 109 1
46 109 1
47 110 1
48 110 1
49 110 1
50 110 1
51 110 1
52 110 1
53 110 1
54 110 1
55 110 1
56 111 1
57 111 1
58 111 1
59 111 1
60 111 1
61 112 1
62 112 1
.PEN_UP
.PEN_DOWN
41 108 1
40 109 1
39 109 1
38 109 1
37 109 1
36 109 1
35 109 1
34 109 1
33 109 1
32 109 1
31 109 1
30 109 1
29 109 1
28 109 1
27 109 1
26 109 1
25 109 1
24 109 1
23 109 1
22 109 1
21 109 1
20 109 1
19 109 1
18 109 1
17 109 1
16 109 1
15 109 1
14 109 1
13 109 1
12 109 1
11 109 1
10 109 1
9 109 1
8 110 1
7 110 1
6 110 1
5 110 1
4 110 1
.PEN_UP
.PEN_DOWN
60 88 1
60 87 1
60 86 1
60 85 1
61 84 1
61 83 1
61 82 1
61 81 1
60 80 1
60 79 1
59 78 1
58 77 1
57 76 1
56 75 1
55 75 1
54 74 1
53 74 1
52 73 1
51 73 1
50 72 1
49 71 1
47 70 1
46 70 1
45 70 1
44 70 1
43 70 1
42 70 1
41 70 1
40 70 1
39 69 1
39 68 1
38 67 1
37 66 1
36 65 1
36 64 1
36 63 1
36 62 1
36 61 1
36 60 1
36 59 1
36 58 1
36 57 1
36 56 1
37 55 1
37 54 1
38 53 1
39 52 1
40 51 1
41 50 1
42 49 1
43 49 1
44 48 1
45 48 1
46 48 1
47 48 1
48 49 1
49 49 1
50 49 1
51 50 1
52 50 1
53 51 1
54 52 1
54 53 1
55 54 1
55 55 1
55 56 1
55 57 1
55 58 1
54 59 1
54 60 1
54 61 1
53 62 1
52 63 1
52 64 1
51 65 1
50 66 1
50 67 1
49 68 1
49 69 1
.PEN_UP
.PEN_DOWN
38 125 1
39 125 1
40 124 1
41 124 1
42 124 1
43 124 1
44 124 1
45 123 1
46 123 1
47 123 1
48 123 1
49 123 1
50 123 1
51 123 1
52 123 1
53 124 1
54 123 1
55 123 1
56 123 1
57 123 1
58 123 1
59 123 1
60 123 1
61 123 1
62 123 1
63 124 1
64 124 1
.PEN_UP
.PEN_DOWN
53 125 1
53 126 1
53 127 1
53 128 1
53 129 1
53 130 1
53 131 1
53 132 1
53 133 1
53 134 1
53 135 1
53 136 1
52 137 1
51 138 1
50 138 1
49 139 1
48 139 1
47 140 1
46 141 1
45 142 1
44 143 1
43 143 1
.PEN_UP
.PEN_DOWN
53 138 1
54 138 1
55 138 1
56 138 1
57 138 1
58 138 1
59 139 1
60 139 1
61 139 1
62 139 1
63 140 1
64 141 1
65 142 1
65 143 1
65 144 1
65 145 1
65 146 1
65 147 1
64 148 1
64 149 1
63 150 1
62 151 1
62 152 1
61 153 1
60 154 1
59 155 1
59 156 1
58 157 1
57 158 1
57 159 1
56 160 1
55 161 1
54 162 1
54 163 1
53 164 1
52 164 1
51 165 1
50 166 1
.PEN_UP
.PEN_DOWN
1 132 1
2 132 1
3 132 1
4 132 1
5 132 1
6 132 1
7 132 1
8 132 1
9 132 1
10 132 1
11 132 1
12 133 1
13 133 1
.PEN_UP
.PEN_DOWN
45 173 1
46 174 1
47 174 1
48 174 1
49 174 1
50 174 1
51 174 1
52 174 1
53 174 1
54 174 1
55 174 1
56 174 1
57 174 1
58 174 1
59 174 1
60 174 1
61 174 1
62 174 1
63 174 1
64 175 1
65 176 1
64 177 1
64 178 1
64 179 1
63 180 1
63 181 1
.PEN_UP
.PEN_DOWN
37 200 1
36 201 1
36 202 1
36 203 1
36 204 1
36 205 1
36 206 1
35 207 1
38 207 1
39 207 1
40 207 1
41 207 1
42 207 1
43 207 1
44 207 1
45 206 1
46 206 1
47 206 1
48 206 1
49 206 1
50 206 1
51 206 1
52 205 1
53 205 1
54 205 1
55 205 1
56 205 1
57 205 1
58 205 1
59 205 1
60 205 1
61 205 1
62 205 1
63 206 1
64 207 1
65 207 1
.PEN_UP
.PEN_DOWN
34 207 1
33 207 1
32 207 1
31 207 1
30 208 1
29 208 1
28 208 1
27 208 1
26 208 1
25 208 1
24 208 1
23 208 1
22 208 1
21 208 1
20 209 1
19 209 1
18 209 1
17 209 1
16 209 1
15 209 1
14 209 1
13 209 1
12 209 1
11 209 1
10 210 1
.PEN_UP
.PEN_DOWN
36 208 1
36 210 1
36 211 1
36 212 1
36 213 1
37 214 1
37 215 1
37 216 1
37 217 1
37 218 1
.PEN_UP
.PEN_DOWN
14 234 1
15 234 1
16 235 1
17 235 1
18 234 1
19 234 1
20 234 1
21 234 1
22 234 1
23 234 1
24 234 1
25 233 1
26 233 1
27 233 1
28 233 1
29 233 1
30 233 1
31 233 1
32 233 1
33 233 1
34 233 1
35 233 1
36 233 1
37 233 1
38 233 1
39 233 1
40 233 1
41 233 1
42 232 1
43 232 1
44 232 1
45 232 1
46 232 1
47 232 1
48 232 1
49 232 1
50 232 1
51 232 1
52 232 1
53 232 1
54 232 1
55 233 1
56 233 1
57 233 1
58 233 1
59 234 1
60 234 1
61 234 1
62 235 1
.PEN_UP
.PEN_DOWN
41 246 1
41 247 1
41 248 1
41 249 1
41 250 1
41 251 1
41 252 1
41 253 1
40 254 1
40 255 1
40 256 1
40 257 1
40 258 1
40 259 1
41 260 1
41 261 1
41 262 1
42 263 1
42 264 1
43 265 1
44 266 1
45 266 1
46 267 1
47 267 1
48 267 1
49 267 1
50 266 1
51 266 1
52 265 1
53 265 1
54 265 1
55 265 1
56 264 1
57 264 1
58 263 1
59 263 1
60 262 1
61 262 1
62 261 1
63 261 1
64 260 1
65 260 1
66 260 1
67 259 1
68 258 1
69 258 1
70 258 1
71 257 1
72 257 1
73 256 1
74 256 1
75 255 1
76 255 1
77 255 1
78 254 1
79 253 1
80 253 1
81 252 1
82 252 1
83 251 1
84 251 1
85 251 1
86 250 1
87 250 1
88 249 1
89 249 1
90 248 1
91 248 1
92 247 1
93 247 1
94 246 1
95 246 1
96 246 1
97 245 1
98 245 1
99 244 1
100 244 1
101 243 1
102 243 1
103 242 1
104 242 1
105 241 1
106 241 1
107 240 1
108 240 1
109 239 1
110 238 1
111 238 1
.PEN_UP
