.PEN_DOWN
12 26 1
12 27 1
11 28 1
10 28 1
7 28 1
6 28 1
5 27 1
4 27 1
3 26 1
2 26 1
1 25 1
1 24 1
1 23 1
2 22 1
2 21 1
2 20 1
2 19 1
3 18 1
3 17 1
4 16 1
4 15 1
5 14 1
6 13 1
6 12 1
7 11 1
8 10 1
9 9 1
10 8 1
11 7 1
12 6 1
13 5 1
14 4 1
15 3 1
16 3 1
17 2 1
18 2 1
19 2 1
20 1 1
21 1 1
22 1 1
23 1 1
24 1 1
25 2 1
26 3 1
27 4 1
27 5 1
27 6 1
27 7 1
27 8 1
27 9 1
27 10 1
27 11 1
26 12 1
26 13 1
26 14 1
26 15 1
26 16 1
26 17 1
26 18 1
25 19 1
25 20 1
25 21 1
24 22 1
24 23 1
24 24 1
23 25 1
23 26 1
22 27 1
22 28 1
22 29 1
21 30 1
21 31 1
20 32 1
20 33 1
20 34 1
19 35 1
18 36 1
18 37 1
17 38 1
16 39 1
15 39 1
14 39 1
13 39 1
12 39 1
11 39 1
10 38 1
9 37 1
9 36 1
9 35 1
8 34 1
9 33 1
9 32 1
9 31 1
9 30 1
9 29 1
.PEN_UP
.PEN_DOWN
18 39 1
18 40 1
19 41 1
21 41 1
22 40 1
23 40 1
24 40 1
25 39 1
26 39 1
.PEN_UP
.PEN_DOWN
20 41 1
18 43 1
17 44 1
16 45 1
15 46 1
14 46 1
13 47 1
12 48 1
11 49 1
10 50 1
9 51 1
8 52 1
7 53 1
7 54 1
6 55 1
6 56 1
6 57 1
6 58 1
6 59 1
6 60 1
6 61 1
6 62 1
5 63 1
5 64 1
5 65 1
5 66 1
6 67 1
7 68 1
8 69 1
9 68 1
10 68 1
11 67 1
12 67 1
13 66 1
13 65 1
14 64 1
15 63 1
16 62 1
17 61 1
18 61 1
19 60 1
20 59 1
21 59 1
22 58 1
23 58 1
24 57 1
25 57 1
26 57 1
27 58 1
28 59 1
29 60 1
29 61 1
29 62 1
29 63 1
30 64 1
30 65 1
29 66 1
.PEN_UP
