.PEN_DOWN
47 1 1
47 2 1
48 3 1
48 4 1
49 5 1
49 6 1
49 7 1
49 8 1
50 9 1
50 10 1
50 11 1
50 12 1
51 13 1
51 14 1
51 15 1
52 16 1
52 17 1
52 18 1
52 19 1
52 20 1
53 21 1
53 22 1
53 23 1
53 24 1
53 25 1
53 26 1
53 27 1
53 28 1
52 29 1
51 29 1
50 29 1
49 29 1
48 29 1
47 29 1
46 28 1
45 28 1
44 27 1
43 26 1
42 25 1
41 24 1
40 23 1
39 22 1
39 21 1
38 20 1
38 19 1
37 18 1
37 17 1
36 16 1
36 15 1
35 14 1
35 13 1
34 12 1
34 11 1
33 10 1
32 10 1
31 9 1
30 9 1
29 9 1
28 10 1
27 11 1
26 12 1
26 13 1
25 14 1
25 15 1
25 16 1
24 17 1
24 18 1
24 19 1
24 20 1
24 21 1
24 22 1
24 23 1
23 24 1
23 25 1
23 26 1
23 27 1
23 28 1
23 29 1
22 30 1
22 31 1
22 32 1
22 33 1
22 34 1
22 35 1
22 36 1
22 37 1
22 38 1
22 39 1
23 40 1
23 41 1
23 42 1
24 43 1
25 43 1
27 42 1
28 42 1
29 41 1
.PEN_UP
.PEN_DOWN
42 62 1
42 61 1
42 60 1
42 59 1
42 58 1
41 57 1
41 56 1
40 55 1
39 54 1
38 53 1
39 51 1
40 50 1
41 49 1
42 49 1
43 48 1
44 48 1
45 48 1
46 48 1
47 47 1
48 47 1
49 47 1
50 47 1
51 47 1
52 48 1
53 48 1
54 49 1
55 50 1
55 51 1
56 52 1
56 53 1
56 54 1
56 55 1
55 56 1
55 57 1
55 58 1
55 59 1
55 60 1
54 61 1
54 62 1
53 63 1
53 64 1
53 65 1
52 66 1
51 67 1
51 68 1
50 69 1
50 70 1
49 71 1
49 72 1
48 73 1
48 74 1
47 75 1
46 76 1
45 77 1
44 78 1
43 79 1
42 80 1
41 81 1
40 81 1
39 81 1
38 81 1
37 82 1
36 82 1
35 82 1
34 82 1
33 81 1
32 81 1
31 80 1
30 79 1
30 78 1
29 77 1
29 76 1
29 75 1
28 74 1
28 73 1
28 72 1
28 71 1
28 70 1
28 69 1
28 68 1
28 67 1
28 66 1
28 65 1
28 64 1
29 63 1
29 62 1
29 61 1
29 60 1
30 59 1
30 58 1
31 57 1
32 56 1
33 55 1
34 54 1
35 54 1
36 53 1
37 53 1
.PEN_UP
.PEN_DOWN
48 101 1
47 102 1
46 103 1
45 104 1
45 105 1
44 106 1
43 107 1
41 109 1
40 109 1
39 109 1
38 110 1
37 110 1
36 111 1
35 112 1
35 113 1
34 114 1
34 115 1
33 116 1
32 116 1
31 117 1
30 117 1
29 118 1
28 119 1
27 120 1
26 121 1
25 122 1
24 122 1
23 123 1
.PEN_UP
.PEN_DOWN
35 116 1
36 117 1
37 117 1
38 117 1
39 117 1
40 118 1
41 117 1
42 116 1
42 115 1
43 114 1
43 113 1
43 112 1
44 111 1
44 110 1
44 109 1
43 108 1
.PEN_UP
.PEN_DOWN
40 119 1
39 120 1
39 121 1
39 122 1
39 123 1
38 124 1
38 125 1
38 126 1
37 127 1
37 128 1
36 129 1
36 130 1
36 131 1
35 132 1
34 133 1
34 134 1
34 135 1
34 136 1
33 139 1
32 140 1
31 141 1
30 142 1
.PEN_UP
.PEN_DOWN
34 137 1
36 137 1
37 137 1
38 136 1
39 136 1
40 135 1
41 134 1
42 134 1
43 134 1
44 133 1
45 133 1
46 133 1
48 131 1
49 130 1
50 129 1
51 128 1
51 127 1
52 126 1
.PEN_UP
.PEN_DOWN
47 132 1
47 135 1
47 136 1
46 137 1
46 138 1
46 139 1
46 140 1
45 141 1
44 142 1
44 143 1
43 144 1
43 145 1
42 146 1
41 147 1
41 148 1
41 149 1
41 150 1
40 151 1
40 152 1
39 153 1
38 154 1
38 155 1
37 156 1
37 157 1
37 158 1
36 159 1
36 160 1
35 161 1
35 162 1
34 163 1
34 164 1
33 165 1
33 166 1
32 167 1
32 168 1
32 169 1
32 170 1
31 171 1
31 172 1
31 173 1
31 174 1
31 175 1
32 176 1
33 176 1
34 176 1
35 176 1
36 175 1
37 175 1
38 175 1
39 174 1
40 173 1
41 173 1
42 172 1
43 171 1
44 170 1
45 169 1
46 169 1
47 169 1
48 168 1
49 168 1
50 167 1
51 166 1
52 165 1
53 164 1
54 163 1
55 162 1
.PEN_UP
.PEN_DOWN
55 209 1
55 208 1
55 207 1
55 206 1
56 205 1
56 204 1
56 203 1
56 202 1
56 201 1
56 200 1
56 199 1
55 198 1
55 197 1
54 196 1
53 195 1
52 195 1
51 195 1
50 195 1
49 195 1
48 196 1
47 196 1
46 197 1
45 198 1
44 198 1
43 198 1
42 199 1
42 200 1
42 201 1
41 202 1
41 203 1
41 204 1
41 205 1
39 206 1
38 206 1
37 207 1
36 208 1
35 209 1
34 210 1
34 211 1
33 212 1
33 213 1
32 214 1
32 215 1
31 216 1
31 217 1
31 218 1
30 219 1
30 220 1
30 221 1
29 222 1
29 223 1
29 224 1
29 225 1
29 226 1
29 227 1
29 228 1
29 229 1
29 230 1
30 231 1
30 232 1
31 233 1
32 234 1
33 235 1
34 235 1
35 235 1
36 235 1
37 235 1
38 234 1
38 233 1
38 232 1
39 231 1
39 230 1
39 229 1
39 228 1
40 227 1
40 226 1
40 225 1
40 224 1
40 223 1
41 222 1
41 221 1
41 220 1
41 219 1
41 218 1
41 217 1
41 216 1
41 215 1
41 214 1
42 213 1
42 212 1
42 211 1
42 210 1
42 209 1
42 208 1
42 207 1
41 206 1
.PEN_UP
.PEN_DOWN
11 291 1
11 290 1
12 289 1
13 288 1
14 287 1
15 286 1
16 285 1
17 284 1
18 283 1
19 282 1
19 281 1
20 280 1
21 279 1
22 279 1
23 278 1
24 277 1
25 276 1
26 276 1
27 275 1
28 274 1
29 273 1
30 272 1
31 272 1
32 271 1
33 270 1
34 269 1
35 269 1
36 268 1
37 267 1
38 266 1
39 265 1
40 264 1
41 264 1
42 263 1
43 263 1
44 263 1
45 263 1
47 261 1
48 260 1
49 259 1
50 259 1
51 259 1
52 259 1
53 259 1
54 260 1
55 260 1
56 261 1
56 262 1
57 263 1
57 264 1
57 265 1
58 266 1
58 267 1
58 268 1
58 269 1
58 270 1
58 271 1
58 272 1
58 273 1
58 274 1
59 275 1
59 276 1
59 277 1
59 278 1
59 279 1
59 280 1
58 281 1
58 282 1
58 283 1
58 284 1
58 285 1
58 286 1
58 287 1
57 288 1
57 289 1
56 290 1
55 291 1
54 292 1
53 293 1
53 294 1
52 295 1
51 295 1
50 296 1
49 296 1
48 297 1
47 298 1
46 298 1
45 299 1
44 299 1
43 299 1
42 300 1
41 300 1
40 300 1
39 300 1
38 300 1
37 300 1
36 300 1
35 299 1
34 298 1
33 297 1
33 296 1
33 295 1
33 294 1
33 293 1
34 292 1
34 291 1
35 290 1
35 289 1
36 288 1
36 287 1
37 286 1
37 285 1
37 284 1
38 283 1
38 282 1
39 281 1
39 280 1
39 279 1
40 278 1
40 277 1
41 276 1
41 275 1
42 274 1
43 273 1
43 272 1
44 271 1
45 270 1
45 269 1
45 268 1
46 267 1
46 266 1
46 265 1
46 264 1
.PEN_UP
.PEN_DOWN
43 334 1
42 335 1
41 336 1
41 337 1
40 338 1
39 339 1
38 340 1
37 340 1
36 341 1
37 343 1
37 344 1
38 345 1
39 346 1
40 347 1
41 348 1
42 348 1
43 349 1
44 349 1
45 349 1
46 348 1
47 348 1
48 348 1
49 347 1
50 346 1
51 345 1
52 344 1
52 343 1
53 342 1
54 341 1
54 340 1
55 339 1
55 338 1
55 337 1
56 336 1
56 335 1
57 334 1
57 333 1
58 332 1
58 331 1
58 330 1
59 329 1
59 328 1
59 327 1
60 326 1
60 325 1
60 324 1
61 323 1
61 322 1
62 321 1
62 320 1
62 319 1
62 318 1
62 317 1
62 316 1
62 315 1
62 314 1
61 313 1
60 312 1
59 312 1
58 311 1
57 311 1
56 311 1
55 311 1
54 312 1
53 312 1
52 313 1
51 313 1
50 314 1
49 314 1
48 315 1
47 316 1
46 317 1
45 318 1
44 318 1
43 319 1
42 320 1
41 321 1
40 322 1
39 323 1
39 324 1
38 325 1
37 326 1
37 327 1
36 328 1
36 329 1
35 330 1
35 331 1
35 332 1
34 333 1
34 334 1
34 335 1
34 336 1
34 337 1
34 338 1
34 339 1
34 340 1
35 341 1
.PEN_UP
.PEN_DOWN
59 404 1
59 403 1
59 402 1
59 401 1
59 400 1
59 399 1
59 398 1
59 397 1
59 396 1
58 395 1
58 392 1
58 391 1
58 390 1
58 389 1
58 388 1
58 387 1
58 386 1
57 385 1
57 384 1
57 383 1
56 382 1
56 381 1
55 380 1
54 379 1
53 378 1
52 377 1
51 376 1
50 375 1
49 375 1
48 375 1
47 374 1
46 374 1
45 374 1
44 374 1
43 374 1
42 374 1
41 375 1
40 375 1
39 376 1
38 376 1
37 377 1
36 378 1
36 379 1
35 380 1
35 381 1
34 382 1
34 383 1
34 384 1
34 385 1
35 386 1
35 387 1
35 388 1
36 389 1
37 390 1
38 391 1
39 392 1
40 393 1
41 394 1
42 394 1
43 394 1
44 394 1
45 395 1
47 395 1
48 395 1
49 394 1
50 394 1
51 394 1
52 394 1
53 394 1
54 394 1
55 394 1
56 394 1
57 394 1
.PEN_UP
.PEN_DOWN
46 395 1
45 397 1
45 398 1
44 399 1
44 400 1
43 401 1
42 402 1
41 403 1
40 404 1
39 405 1
38 406 1
37 406 1
36 407 1
35 408 1
34 408 1
33 409 1
32 410 1
31 410 1
30 411 1
29 412 1
28 412 1
27 413 1
26 414 1
25 414 1
24 415 1
23 415 1
22 416 1
21 417 1
20 417 1
19 418 1
18 418 1
17 419 1
16 419 1
15 420 1
14 421 1
13 421 1
12 422 1
11 422 1
10 423 1
9 424 1
8 424 1
7 425 1
6 425 1
5 426 1
4 426 1
3 427 1
2 426 1
1 426 1
.PEN_UP
.PEN_DOWN
104 403 1
103 404 1
102 404 1
101 405 1
100 405 1
99 406 1
98 407 1
97 408 1
96 408 1
95 409 1
94 409 1
93 410 1
92 411 1
91 412 1
90 413 1
89 414 1
88 415 1
87 415 1
86 416 1
85 417 1
84 418 1
83 418 1
82 419 1
81 420 1
80 421 1
79 422 1
78 422 1
77 423 1
76 424 1
75 425 1
74 426 1
73 427 1
72 427 1
71 428 1
70 429 1
69 429 1
68 429 1
67 429 1
66 430 1
64 432 1
64 433 1
64 434 1
63 435 1
62 436 1
61 437 1
60 437 1
59 438 1
58 439 1
57 440 1
56 441 1
55 442 1
54 443 1
53 444 1
52 445 1
51 446 1
50 447 1
49 447 1
48 448 1
47 449 1
46 450 1
45 451 1
44 452 1
44 453 1
43 454 1
42 455 1
41 456 1
40 457 1
39 458 1
39 459 1
38 460 1
.PEN_UP
.PEN_DOWN
65 430 1
64 429 1
63 429 1
62 428 1
61 428 1
60 428 1
59 428 1
58 428 1
57 429 1
56 429 1
55 429 1
54 429 1
53 430 1
52 430 1
51 431 1
50 431 1
49 432 1
48 432 1
47 433 1
46 433 1
45 434 1
44 435 1
43 435 1
42 436 1
41 436 1
40 437 1
39 437 1
38 438 1
37 439 1
36 439 1
35 440 1
35 441 1
.PEN_UP
