.PEN_DOWN
1 3 1
2 2 1
3 2 1
4 2 1
5 2 1
6 1 1
7 1 1
8 1 1
9 1 1
10 1 1
11 1 1
12 1 1
13 1 1
14 1 1
15 1 1
16 2 1
17 2 1
18 3 1
19 4 1
20 5 1
21 5 1
22 6 1
23 7 1
24 8 1
25 9 1
26 10 1
26 11 1
26 12 1
27 13 1
27 14 1
27 15 1
28 16 1
28 17 1
27 18 1
27 19 1
26 20 1
26 21 1
25 22 1
24 23 1
23 24 1
22 24 1
21 24 1
20 25 1
19 25 1
18 25 1
17 25 1
16 25 1
15 25 1
14 25 1
13 25 1
12 25 1
11 25 1
10 24 1
9 24 1
8 24 1
7 24 1
6 23 1
5 22 1
4 22 1
3 21 1
2 21 1
.PEN_UP
.PEN_DOWN
2 35 1
3 36 1
5 38 1
6 38 1
7 38 1
8 38 1
9 39 1
10 40 1
11 41 1
12 42 1
13 43 1
14 44 1
15 45 1
16 46 1
16 47 1
17 48 1
18 49 1
19 50 1
20 51 1
21 52 1
22 53 1
23 53 1
24 53 1
25 54 1
26 54 1
27 53 1
28 52 1
28 51 1
28 50 1
28 49 1
28 48 1
28 47 1
28 46 1
28 45 1
28 44 1
28 43 1
28 42 1
28 41 1
27 40 1
27 39 1
27 38 1
26 37 1
26 36 1
25 35 1
25 34 1
24 33 1
.PEN_UP
.PEN_DOWN
3 37 1
3 39 1
3 40 1
4 41 1
4 42 1
4 43 1
5 44 1
5 45 1
.PEN_UP
.PEN_DOWN
32 99 1
33 98 1
33 97 1
34 96 1
34 95 1
34 94 1
34 93 1
34 92 1
34 91 1
34 90 1
34 89 1
34 88 1
33 87 1
33 86 1
33 85 1
32 84 1
32 83 1
32 82 1
31 81 1
31 80 1
30 79 1
30 78 1
29 77 1
29 76 1
29 75 1
28 74 1
28 73 1
27 72 1
27 71 1
26 70 1
25 69 1
24 68 1
23 67 1
22 66 1
21 66 1
20 66 1
19 64 1
18 63 1
17 62 1
16 62 1
15 62 1
14 63 1
13 63 1
12 63 1
11 64 1
10 64 1
9 65 1
8 66 1
7 67 1
7 68 1
6 69 1
6 70 1
5 71 1
5 72 1
5 73 1
5 74 1
5 75 1
5 76 1
5 77 1
6 78 1
7 79 1
8 80 1
9 81 1
10 81 1
11 81 1
12 81 1
13 80 1
14 80 1
15 79 1
15 78 1
16 77 1
16 76 1
16 75 1
16 74 1
16 73 1
17 72 1
17 71 1
17 70 1
18 69 1
18 68 1
18 67 1
19 66 1
.PEN_UP
