.PEN_DOWN
1 30 1
2 30 1
3 29 1
4 29 1
5 29 1
6 29 1
7 29 1
8 30 1
9 30 1
10 30 1
11 30 1
12 30 1
13 30 1
14 30 1
15 30 1
16 30 1
17 30 1
18 29 1
19 29 1
20 29 1
21 29 1
22 29 1
23 29 1
24 29 1
25 29 1
26 29 1
27 29 1
28 29 1
29 29 1
30 27 1
30 26 1
30 25 1
30 24 1
30 23 1
30 22 1
30 21 1
30 20 1
30 19 1
30 18 1
30 17 1
29 16 1
29 15 1
29 14 1
29 13 1
29 12 1
29 11 1
29 10 1
29 9 1
29 8 1
29 7 1
29 6 1
30 5 1
30 4 1
31 3 1
31 2 1
31 1 1
.PEN_UP
.PEN_DOWN
32 30 1
33 30 1
36 30 1
37 30 1
38 30 1
39 30 1
40 30 1
41 30 1
42 30 1
43 31 1
44 31 1
45 31 1
46 31 1
47 31 1
48 31 1
49 32 1
50 32 1
51 32 1
52 33 1
53 33 1
54 33 1
55 33 1
56 34 1
57 34 1
58 35 1
59 35 1
.PEN_UP
.PEN_DOWN
34 30 1
34 32 1
35 33 1
35 34 1
35 35 1
35 36 1
36 37 1
36 38 1
36 39 1
37 40 1
38 41 1
39 42 1
40 43 1
41 44 1
42 45 1
44 46 1
45 46 1
46 46 1
47 46 1
48 47 1
49 47 1
50 48 1
51 49 1
52 50 1
53 51 1
54 52 1
55 53 1
55 54 1
56 55 1
57 56 1
57 57 1
57 58 1
56 59 1
56 60 1
56 61 1
56 62 1
56 63 1
56 64 1
56 65 1
55 66 1
54 67 1
53 68 1
52 69 1
51 70 1
50 71 1
49 71 1
48 72 1
47 73 1
46 73 1
45 73 1
44 73 1
43 73 1
42 73 1
41 73 1
40 73 1
39 73 1
38 73 1
37 72 1
36 72 1
35 71 1
34 71 1
33 70 1
32 69 1
31 68 1
30 67 1
29 66 1
28 65 1
28 64 1
27 63 1
26 62 1
26 61 1
26 60 1
27 59 1
27 58 1
27 57 1
28 56 1
28 55 1
29 54 1
30 53 1
31 52 1
32 52 1
33 51 1
34 50 1
35 50 1
36 50 1
37 49 1
38 49 1
39 48 1
40 47 1
41 46 1
.PEN_UP
