.PEN_DOWN
1 58 1
2 58 1
3 57 1
4 56 1
5 56 1
6 55 1
7 54 1
8 54 1
11 54 1
12 54 1
13 53 1
14 53 1
15 53 1
16 53 1
17 52 1
18 51 1
19 51 1
20 50 1
21 49 1
22 49 1
23 49 1
24 48 1
25 48 1
26 48 1
27 47 1
28 46 1
29 45 1
30 45 1
31 44 1
32 44 1
33 43 1
34 43 1
35 42 1
36 42 1
37 41 1
38 40 1
39 40 1
40 39 1
41 38 1
42 38 1
43 37 1
44 37 1
45 36 1
46 36 1
47 35 1
48 35 1
49 34 1
50 33 1
51 33 1
52 32 1
53 32 1
54 32 1
55 32 1
56 31 1
57 31 1
58 31 1
59 31 1
60 30 1
61 32 1
60 33 1
60 34 1
60 35 1
60 36 1
60 37 1
59 38 1
59 39 1
58 40 1
58 41 1
58 42 1
57 43 1
56 44 1
56 45 1
56 46 1
56 47 1
56 48 1
55 49 1
55 50 1
55 51 1
55 52 1
57 53 1
58 53 1
59 52 1
60 52 1
61 52 1
62 51 1
63 51 1
64 51 1
65 51 1
66 51 1
67 50 1
68 50 1
69 50 1
70 49 1
71 48 1
72 47 1
73 46 1
74 45 1
75 45 1
76 44 1
77 43 1
78 42 1
.PEN_UP
.PEN_DOWN
55 55 1
55 56 1
56 57 1
56 58 1
56 59 1
56 60 1
56 61 1
56 62 1
56 63 1
56 64 1
56 65 1
55 66 1
55 67 1
55 68 1
55 69 1
54 70 1
54 71 1
55 72 1
55 73 1
.PEN_UP
.PEN_DOWN
61 30 1
62 29 1
62 28 1
62 27 1
62 26 1
64 24 1
65 24 1
66 24 1
67 23 1
68 23 1
69 22 1
70 22 1
71 21 1
72 21 1
73 20 1
74 20 1
75 19 1
76 18 1
77 18 1
78 17 1
79 16 1
80 15 1
81 14 1
82 14 1
83 13 1
84 12 1
85 11 1
86 10 1
87 9 1
88 9 1
.PEN_UP
.PEN_DOWN
62 25 1
61 24 1
61 23 1
61 22 1
60 21 1
59 20 1
58 20 1
57 20 1
56 19 1
55 19 1
54 19 1
53 19 1
52 19 1
51 18 1
50 17 1
48 17 1
47 17 1
46 18 1
45 18 1
44 19 1
43 20 1
42 21 1
41 22 1
40 23 1
39 24 1
38 25 1
37 26 1
36 27 1
35 28 1
34 29 1
33 29 1
32 30 1
31 31 1
30 32 1
29 33 1
28 33 1
27 34 1
26 35 1
25 36 1
24 37 1
23 38 1
22 39 1
21 39 1
20 40 1
19 41 1
18 42 1
17 43 1
16 44 1
15 44 1
14 45 1
13 46 1
12 47 1
11 48 1
10 49 1
10 50 1
9 51 1
9 52 1
9 53 1
.PEN_UP
.PEN_DOWN
49 17 1
50 15 1
51 14 1
52 13 1
53 12 1
54 11 1
55 11 1
56 10 1
57 10 1
58 9 1
60 7 1
60 6 1
60 5 1
61 4 1
61 3 1
62 2 1
63 1 1
.PEN_UP
.PEN_DOWN
59 8 1
60 10 1
61 11 1
61 12 1
.PEN_UP
