.PEN_DOWN
43 20 1
43 19 1
42 18 1
41 17 1
40 16 1
39 16 1
38 16 1
37 16 1
36 17 1
36 18 1
36 19 1
36 20 1
36 21 1
36 22 1
36 23 1
37 24 1
37 25 1
38 26 1
38 27 1
39 28 1
40 29 1
41 30 1
42 31 1
43 32 1
44 33 1
45 33 1
46 34 1
47 34 1
48 34 1
49 35 1
50 35 1
51 35 1
52 35 1
53 35 1
54 35 1
55 35 1
56 34 1
57 34 1
58 34 1
59 33 1
60 33 1
61 32 1
62 31 1
63 31 1
64 31 1
65 30 1
65 29 1
65 28 1
66 27 1
67 26 1
67 25 1
68 24 1
68 23 1
68 22 1
68 21 1
69 20 1
69 19 1
69 18 1
69 17 1
68 16 1
68 15 1
68 14 1
68 13 1
67 12 1
66 11 1
65 10 1
64 9 1
63 8 1
62 7 1
61 6 1
60 5 1
59 4 1
58 4 1
57 3 1
56 2 1
55 2 1
54 2 1
53 1 1
52 1 1
51 1 1
50 1 1
49 1 1
48 1 1
47 1 1
46 2 1
45 3 1
44 4 1
43 5 1
43 6 1
43 7 1
44 8 1
44 9 1
45 10 1
45 11 1
46 12 1
47 13 1
47 14 1
48 15 1
.PEN_UP
.PEN_DOWN
41 56 1
40 57 1
39 58 1
38 59 1
37 60 1
36 60 1
35 61 1
34 62 1
33 62 1
32 62 1
31 63 1
30 63 1
29 64 1
28 64 1
27 64 1
26 65 1
25 65 1
24 65 1
23 65 1
22 65 1
21 65 1
20 65 1
19 65 1
18 65 1
17 65 1
16 65 1
15 65 1
14 65 1
13 65 1
12 65 1
11 65 1
10 64 1
9 64 1
8 63 1
7 63 1
6 62 1
5 61 1
4 60 1
3 59 1
2 58 1
2 57 1
1 56 1
1 55 1
1 54 1
1 53 1
1 52 1
1 51 1
1 50 1
2 49 1
2 48 1
3 47 1
4 46 1
5 45 1
6 44 1
7 44 1
8 43 1
9 43 1
10 43 1
11 43 1
12 43 1
13 43 1
14 43 1
15 42 1
16 42 1
17 42 1
18 42 1
19 42 1
20 42 1
21 42 1
22 42 1
23 42 1
24 42 1
25 42 1
26 43 1
27 43 1
28 43 1
29 43 1
30 44 1
31 44 1
32 44 1
33 44 1
34 44 1
35 44 1
36 45 1
37 45 1
38 45 1
39 45 1
40 45 1
41 46 1
42 46 1
43 46 1
44 46 1
45 47 1
46 47 1
47 47 1
48 47 1
49 47 1
50 48 1
51 48 1
52 48 1
53 49 1
54 49 1
55 49 1
56 49 1
57 49 1
58 50 1
59 50 1
60 50 1
61 50 1
62 50 1
63 51 1
64 51 1
65 51 1
66 51 1
67 51 1
68 51 1
69 52 1
70 52 1
71 52 1
72 52 1
73 52 1
74 53 1
75 53 1
76 53 1
77 54 1
78 54 1
79 54 1
80 54 1
81 55 1
82 55 1
83 55 1
84 55 1
85 55 1
86 55 1
87 55 1
88 55 1
89 56 1
90 56 1
91 56 1
92 56 1
93 56 1
94 57 1
95 57 1
96 57 1
97 57 1
98 57 1
99 57 1
100 57 1
101 58 1
102 58 1
103 58 1
104 58 1
105 58 1
106 58 1
107 59 1
108 59 1
109 59 1
110 59 1
111 59 1
112 59 1
113 59 1
114 59 1
115 59 1
116 60 1
117 60 1
118 60 1
119 60 1
120 60 1
121 60 1
122 60 1
123 61 1
124 61 1
125 61 1
126 61 1
127 61 1
128 61 1
129 61 1
130 62 1
131 62 1
132 62 1
133 62 1
134 62 1
.PEN_UP
