.PEN_DOWN
54 33 1
54 32 1
53 31 1
53 28 1
53 27 1
53 26 1
53 25 1
54 24 1
54 23 1
54 22 1
54 21 1
55 20 1
56 19 1
56 18 1
57 17 1
58 16 1
59 15 1
60 14 1
60 13 1
61 12 1
62 12 1
63 11 1
64 11 1
65 10 1
65 9 1
66 8 1
67 8 1
68 7 1
69 6 1
70 6 1
71 5 1
72 4 1
73 4 1
74 3 1
75 3 1
76 2 1
77 2 1
78 2 1
79 2 1
80 1 1
81 1 1
82 1 1
83 1 1
84 1 1
85 1 1
86 2 1
87 3 1
87 4 1
87 5 1
87 6 1
87 7 1
87 8 1
86 9 1
86 10 1
86 11 1
85 12 1
85 13 1
85 14 1
84 15 1
84 16 1
83 17 1
83 18 1
82 19 1
82 20 1
81 21 1
81 22 1
80 23 1
79 24 1
79 25 1
78 26 1
77 27 1
77 28 1
76 29 1
76 30 1
75 31 1
74 32 1
74 33 1
73 34 1
72 35 1
72 36 1
71 37 1
70 38 1
70 39 1
69 40 1
69 41 1
69 42 1
69 43 1
68 44 1
67 45 1
66 45 1
65 45 1
64 45 1
63 45 1
60 46 1
59 46 1
58 46 1
57 46 1
56 46 1
55 46 1
54 46 1
53 46 1
52 47 1
51 47 1
50 47 1
49 47 1
48 48 1
47 48 1
46 48 1
45 49 1
44 49 1
43 50 1
42 50 1
41 51 1
40 51 1
39 51 1
38 52 1
37 52 1
36 53 1
35 53 1
34 54 1
33 54 1
32 55 1
31 55 1
30 56 1
29 56 1
28 57 1
27 58 1
26 58 1
25 59 1
24 59 1
23 60 1
22 61 1
21 62 1
20 63 1
19 64 1
18 65 1
17 65 1
16 66 1
15 67 1
14 68 1
13 69 1
12 70 1
11 71 1
10 71 1
9 72 1
8 72 1
7 73 1
7 74 1
6 75 1
5 76 1
4 77 1
3 77 1
2 78 1
2 79 1
2 80 1
2 81 1
2 82 1
1 83 1
2 84 1
3 85 1
4 85 1
5 85 1
6 85 1
7 85 1
8 85 1
9 85 1
10 85 1
11 85 1
12 85 1
13 85 1
14 84 1
15 84 1
16 83 1
17 83 1
18 83 1
19 83 1
20 82 1
21 82 1
22 82 1
23 82 1
24 82 1
25 81 1
26 81 1
27 81 1
28 80 1
29 80 1
30 79 1
31 78 1
32 78 1
33 78 1
34 77 1
35 77 1
36 76 1
37 76 1
38 75 1
39 74 1
40 74 1
41 73 1
42 72 1
43 71 1
44 70 1
45 69 1
46 68 1
47 67 1
48 66 1
49 66 1
50 65 1
51 64 1
52 63 1
52 62 1
53 61 1
53 60 1
54 59 1
55 58 1
56 57 1
57 56 1
58 55 1
59 54 1
60 53 1
60 52 1
61 51 1
61 50 1
62 49 1
62 48 1
62 47 1
62 46 1
.PEN_UP
.PEN_DOWN
69 45 1
70 45 1
71 46 1
72 47 1
73 48 1
74 49 1
74 50 1
74 51 1
75 52 1
75 53 1
75 54 1
75 55 1
75 56 1
75 57 1
75 58 1
75 59 1
75 60 1
74 61 1
74 62 1
74 63 1
74 64 1
74 65 1
73 66 1
73 67 1
73 68 1
73 69 1
73 70 1
74 71 1
73 72 1
72 73 1
71 74 1
71 75 1
70 76 1
69 80 1
68 81 1
67 82 1
66 82 1
65 83 1
64 84 1
63 85 1
62 85 1
61 86 1
60 86 1
59 86 1
.PEN_UP
