.PEN_DOWN
5 20 1
6 19 1
7 19 1
8 19 1
9 18 1
10 18 1
11 18 1
12 18 1
13 18 1
14 17 1
15 17 1
16 17 1
17 16 1
18 16 1
19 16 1
20 16 1
21 16 1
22 15 1
23 15 1
24 15 1
25 15 1
26 14 1
27 14 1
28 14 1
29 13 1
30 13 1
31 13 1
32 13 1
33 12 1
34 12 1
35 12 1
36 12 1
37 12 1
38 12 1
39 12 1
40 12 1
43 11 1
44 11 1
45 10 1
46 10 1
47 9 1
48 9 1
49 9 1
50 8 1
51 8 1
52 7 1
53 7 1
54 6 1
55 6 1
56 5 1
57 5 1
58 4 1
59 4 1
60 4 1
61 3 1
62 3 1
63 3 1
64 2 1
65 2 1
66 2 1
67 1 1
68 1 1
69 1 1
70 1 1
71 1 1
.PEN_UP
.PEN_DOWN
41 12 1
41 14 1
40 15 1
40 16 1
40 17 1
39 18 1
39 19 1
39 20 1
38 21 1
37 22 1
36 23 1
36 24 1
35 25 1
34 26 1
33 27 1
32 28 1
31 29 1
30 30 1
30 31 1
29 32 1
28 33 1
27 34 1
26 35 1
25 36 1
25 37 1
24 38 1
23 39 1
22 40 1
21 41 1
20 42 1
20 43 1
19 44 1
19 45 1
18 46 1
18 47 1
18 48 1
16 49 1
15 50 1
14 50 1
13 51 1
12 51 1
11 51 1
10 52 1
9 52 1
8 52 1
7 53 1
6 53 1
5 54 1
4 54 1
3 55 1
2 55 1
1 56 1
.PEN_UP
.PEN_DOWN
17 49 1
20 49 1
21 49 1
22 49 1
23 49 1
24 49 1
25 48 1
26 48 1
27 48 1
28 48 1
29 48 1
30 48 1
31 48 1
32 48 1
33 48 1
34 48 1
35 48 1
36 48 1
37 47 1
38 47 1
39 47 1
40 47 1
41 47 1
42 47 1
43 47 1
44 47 1
45 47 1
46 47 1
47 47 1
48 47 1
49 47 1
50 47 1
51 47 1
52 47 1
53 47 1
54 48 1
55 49 1
55 50 1
55 51 1
55 52 1
54 53 1
54 54 1
53 55 1
52 56 1
51 57 1
50 58 1
49 59 1
48 60 1
48 61 1
47 62 1
47 63 1
47 64 1
47 65 1
48 66 1
49 67 1
50 67 1
51 67 1
52 68 1
53 68 1
54 69 1
55 70 1
56 71 1
56 72 1
57 73 1
57 74 1
61 78 1
62 78 1
63 78 1
64 79 1
65 79 1
66 80 1
67 81 1
68 82 1
68 83 1
68 84 1
68 85 1
69 86 1
69 87 1
69 88 1
69 89 1
69 90 1
70 91 1
70 92 1
70 93 1
70 94 1
70 95 1
70 96 1
70 97 1
70 98 1
70 99 1
70 100 1
69 101 1
.PEN_UP
.PEN_DOWN
57 75 1
56 76 1
55 77 1
54 77 1
53 77 1
52 77 1
51 78 1
50 78 1
49 79 1
49 80 1
48 81 1
48 82 1
48 83 1
48 84 1
49 85 1
50 85 1
51 85 1
52 85 1
53 85 1
54 85 1
55 85 1
56 84 1
57 83 1
58 82 1
58 81 1
58 80 1
59 79 1
59 78 1
.PEN_UP
