.PEN_DOWN
8 51 1
9 50 1
10 49 1
11 49 1
12 49 1
13 49 1
14 48 1
15 48 1
16 48 1
17 48 1
18 47 1
19 47 1
20 46 1
21 46 1
22 46 1
23 45 1
24 45 1
25 45 1
26 44 1
27 44 1
28 44 1
29 44 1
30 43 1
31 42 1
31 41 1
33 40 1
34 40 1
35 40 1
36 40 1
37 40 1
38 40 1
39 40 1
40 40 1
41 40 1
42 40 1
43 40 1
44 39 1
45 39 1
46 39 1
47 38 1
48 38 1
49 39 1
50 39 1
51 39 1
52 39 1
53 39 1
54 39 1
55 39 1
56 39 1
57 39 1
58 39 1
59 39 1
60 39 1
61 39 1
62 39 1
63 39 1
64 39 1
65 39 1
66 39 1
.PEN_UP
.PEN_DOWN
49 37 1
49 36 1
49 35 1
50 34 1
50 33 1
51 32 1
52 31 1
53 30 1
54 29 1
55 29 1
56 28 1
57 27 1
57 26 1
58 25 1
59 24 1
59 23 1
60 22 1
61 21 1
62 20 1
62 19 1
63 18 1
63 17 1
64 16 1
64 15 1
64 14 1
65 13 1
65 12 1
65 11 1
65 10 1
65 9 1
65 8 1
65 7 1
65 6 1
65 5 1
64 4 1
64 3 1
63 2 1
62 2 1
61 1 1
60 1 1
59 1 1
58 1 1
57 1 1
56 1 1
55 1 1
54 1 1
53 1 1
52 1 1
51 1 1
50 1 1
49 1 1
48 1 1
47 1 1
46 1 1
45 1 1
44 2 1
43 2 1
42 3 1
41 4 1
40 5 1
39 6 1
38 6 1
37 7 1
36 8 1
35 9 1
35 10 1
34 11 1
33 12 1
33 13 1
32 14 1
32 15 1
31 16 1
31 17 1
30 18 1
30 19 1
30 20 1
30 21 1
29 22 1
29 23 1
29 24 1
29 25 1
29 26 1
29 27 1
28 28 1
28 29 1
28 30 1
29 31 1
29 32 1
29 33 1
29 34 1
30 35 1
30 36 1
30 37 1
30 38 1
31 39 1
.PEN_UP
.PEN_DOWN
9 67 1
8 67 1
7 68 1
6 68 1
5 69 1
4 69 1
3 69 1
2 69 1
1 70 1
.PEN_UP
.PEN_DOWN
30 64 1
31 64 1
32 64 1
33 64 1
34 64 1
35 64 1
36 64 1
37 64 1
38 64 1
39 64 1
40 64 1
41 64 1
42 63 1
43 63 1
44 63 1
45 63 1
46 63 1
47 63 1
48 63 1
49 62 1
50 62 1
51 62 1
52 62 1
.PEN_UP
.PEN_DOWN
44 83 1
45 83 1
46 83 1
47 83 1
48 83 1
49 83 1
50 83 1
51 84 1
52 85 1
53 86 1
53 87 1
53 88 1
53 89 1
53 90 1
53 91 1
53 92 1
53 93 1
52 94 1
51 95 1
50 95 1
49 95 1
48 94 1
47 94 1
46 94 1
45 94 1
44 94 1
43 93 1
42 93 1
41 92 1
40 92 1
39 91 1
38 91 1
37 91 1
36 91 1
35 91 1
34 91 1
33 91 1
32 92 1
31 93 1
31 94 1
31 95 1
31 96 1
31 97 1
31 98 1
32 99 1
32 100 1
33 101 1
.PEN_UP
.PEN_DOWN
33 133 1
33 132 1
32 131 1
32 130 1
32 129 1
32 128 1
32 127 1
32 126 1
32 125 1
32 124 1
32 123 1
32 122 1
32 121 1
33 120 1
33 119 1
33 118 1
33 117 1
34 116 1
34 115 1
35 114 1
36 113 1
36 112 1
37 111 1
38 111 1
39 110 1
40 110 1
41 109 1
42 109 1
43 109 1
44 109 1
45 109 1
46 109 1
47 109 1
48 109 1
49 109 1
50 110 1
51 111 1
52 112 1
53 113 1
54 114 1
54 115 1
55 116 1
55 117 1
55 118 1
55 119 1
56 120 1
56 121 1
56 122 1
56 123 1
56 124 1
56 125 1
56 126 1
56 127 1
55 128 1
55 129 1
55 130 1
55 131 1
54 132 1
53 133 1
.PEN_UP
.PEN_DOWN
29 191 1
30 190 1
31 190 1
32 190 1
33 189 1
34 189 1
35 189 1
36 189 1
37 189 1
38 189 1
39 189 1
40 189 1
41 189 1
42 189 1
43 189 1
44 189 1
45 189 1
46 189 1
47 189 1
48 189 1
49 189 1
50 189 1
51 189 1
52 189 1
53 190 1
54 191 1
56 191 1
57 191 1
58 190 1
.PEN_UP
.PEN_DOWN
55 191 1
54 193 1
53 194 1
53 195 1
53 196 1
52 197 1
51 198 1
50 198 1
49 199 1
49 200 1
48 201 1
47 202 1
46 202 1
45 202 1
44 202 1
43 203 1
42 203 1
41 204 1
40 204 1
39 205 1
38 205 1
37 205 1
36 205 1
35 206 1
34 206 1
33 207 1
32 207 1
31 207 1
30 207 1
.PEN_UP
.PEN_DOWN
49 202 1
50 203 1
50 204 1
50 205 1
51 206 1
51 207 1
52 208 1
52 209 1
52 210 1
52 211 1
52 212 1
52 213 1
52 214 1
52 215 1
54 216 1
55 216 1
56 216 1
57 217 1
58 217 1
59 218 1
60 219 1
60 220 1
61 221 1
61 222 1
61 223 1
61 224 1
61 225 1
61 226 1
61 227 1
61 228 1
60 229 1
60 230 1
59 231 1
59 232 1
58 233 1
58 234 1
57 235 1
57 236 1
56 237 1
55 238 1
54 239 1
53 240 1
53 241 1
52 242 1
51 243 1
50 243 1
49 244 1
48 245 1
47 246 1
46 247 1
45 248 1
44 249 1
44 250 1
44 251 1
43 252 1
43 253 1
41 254 1
40 254 1
39 255 1
.PEN_UP
.PEN_DOWN
42 254 1
43 256 1
44 257 1
45 258 1
47 258 1
48 258 1
49 257 1
50 257 1
51 257 1
52 257 1
53 257 1
54 256 1
55 256 1
56 256 1
57 256 1
58 256 1
.PEN_UP
.PEN_DOWN
46 258 1
44 260 1
43 261 1
43 262 1
42 263 1
41 264 1
40 264 1
39 265 1
38 266 1
38 267 1
38 268 1
37 269 1
37 270 1
37 271 1
36 272 1
36 273 1
36 274 1
36 275 1
36 276 1
35 277 1
35 278 1
34 279 1
.PEN_UP
.PEN_DOWN
51 216 1
50 217 1
49 218 1
48 218 1
45 218 1
44 218 1
43 218 1
42 218 1
41 218 1
40 218 1
39 218 1
38 219 1
37 220 1
36 221 1
35 222 1
35 223 1
34 224 1
34 225 1
34 226 1
35 227 1
36 227 1
37 227 1
38 227 1
39 228 1
40 227 1
41 227 1
42 227 1
43 226 1
44 225 1
45 224 1
45 223 1
46 222 1
46 221 1
46 220 1
47 219 1
.PEN_UP
