.PEN_DOWN
1 23 1
2 22 1
3 22 1
4 22 1
5 22 1
6 21 1
9 19 1
10 19 1
11 18 1
12 18 1
13 17 1
13 16 1
14 15 1
14 14 1
14 13 1
14 12 1
14 11 1
14 10 1
14 9 1
14 8 1
14 7 1
14 6 1
14 5 1
14 4 1
14 3 1
13 2 1
12 1 1
11 1 1
10 1 1
9 1 1
8 1 1
7 1 1
6 2 1
5 2 1
4 3 1
3 4 1
3 5 1
3 6 1
3 7 1
3 8 1
3 9 1
2 10 1
2 11 1
2 12 1
3 13 1
3 14 1
4 15 1
4 16 1
4 17 1
5 18 1
5 19 1
6 20 1
9 22 1
9 23 1
9 24 1
10 25 1
11 26 1
12 27 1
13 28 1
14 29 1
15 30 1
16 31 1
17 32 1
18 33 1
19 34 1
20 35 1
20 36 1
20 37 1
21 38 1
21 39 1
22 40 1
23 41 1
24 42 1
24 43 1
.PEN_UP
