.PEN_DOWN
1 3 1
2 2 1
3 2 1
4 2 1
5 2 1
6 2 1
7 2 1
8 2 1
9 2 1
10 2 1
11 2 1
12 2 1
13 2 1
14 2 1
15 2 1
16 2 1
17 2 1
18 2 1
19 1 1
20 1 1
21 1 1
22 1 1
23 1 1
24 1 1
25 1 1
26 1 1
27 1 1
28 1 1
29 1 1
30 1 1
31 1 1
32 1 1
33 1 1
34 1 1
35 1 1
36 1 1
37 1 1
38 1 1
39 2 1
39 3 1
40 4 1
39 5 1
39 6 1
39 7 1
38 8 1
37 9 1
36 10 1
35 11 1
34 12 1
33 13 1
32 14 1
31 15 1
30 16 1
29 17 1
29 18 1
28 19 1
27 20 1
26 21 1
26 22 1
26 23 1
26 24 1
26 25 1
27 26 1
28 27 1
29 27 1
30 27 1
31 27 1
32 27 1
33 27 1
34 27 1
35 28 1
36 29 1
36 30 1
36 31 1
39 33 1
40 33 1
41 33 1
42 33 1
43 33 1
44 34 1
45 35 1
46 36 1
47 37 1
47 38 1
48 39 1
48 40 1
48 41 1
48 42 1
48 43 1
48 44 1
47 45 1
47 46 1
47 47 1
47 48 1
47 49 1
46 50 1
46 51 1
45 52 1
45 53 1
45 54 1
.PEN_UP
.PEN_DOWN
35 32 1
34 33 1
33 34 1
32 34 1
31 34 1
30 35 1
29 35 1
28 36 1
27 37 1
26 38 1
25 39 1
24 40 1
23 41 1
23 42 1
23 43 1
22 44 1
23 45 1
23 46 1
24 47 1
25 48 1
26 48 1
27 47 1
28 47 1
29 47 1
30 46 1
31 45 1
32 44 1
33 43 1
34 42 1
35 41 1
36 40 1
37 39 1
37 38 1
37 37 1
37 36 1
37 35 1
37 34 1
37 33 1
.PEN_UP
