.PEN_DOWN
71 59 1
70 59 1
69 59 1
68 59 1
67 59 1
66 58 1
64 57 1
64 56 1
63 55 1
62 54 1
61 54 1
60 53 1
59 52 1
58 52 1
57 51 1
56 51 1
55 50 1
54 49 1
53 49 1
52 48 1
51 47 1
50 46 1
49 45 1
48 44 1
48 43 1
48 42 1
48 41 1
48 40 1
48 39 1
49 38 1
50 37 1
51 36 1
52 36 1
53 35 1
54 35 1
55 35 1
56 35 1
57 35 1
58 35 1
59 35 1
60 35 1
61 35 1
62 35 1
63 35 1
64 35 1
65 35 1
66 35 1
67 35 1
68 35 1
69 35 1
70 34 1
71 34 1
72 34 1
73 34 1
74 33 1
75 33 1
76 33 1
77 32 1
78 32 1
79 32 1
80 31 1
81 30 1
82 30 1
83 30 1
84 29 1
84 28 1
84 27 1
85 26 1
85 25 1
85 24 1
85 23 1
85 22 1
85 21 1
85 20 1
85 19 1
85 18 1
85 17 1
85 16 1
84 15 1
84 14 1
83 13 1
82 12 1
82 11 1
81 10 1
80 9 1
79 8 1
78 7 1
77 6 1
76 5 1
75 5 1
74 4 1
73 4 1
72 3 1
71 3 1
70 3 1
69 3 1
68 2 1
67 2 1
66 2 1
65 2 1
64 1 1
63 1 1
62 1 1
61 1 1
60 1 1
59 1 1
58 1 1
57 2 1
55 2 1
54 3 1
53 3 1
52 3 1
51 3 1
50 3 1
49 4 1
48 4 1
47 5 1
46 6 1
45 7 1
44 8 1
43 9 1
42 10 1
41 10 1
40 11 1
39 12 1
39 13 1
38 14 1
38 15 1
38 16 1
38 17 1
39 18 1
39 19 1
40 20 1
41 21 1
42 22 1
43 22 1
44 23 1
45 24 1
46 24 1
47 24 1
48 24 1
49 24 1
50 24 1
51 23 1
52 23 1
53 22 1
54 21 1
55 20 1
55 19 1
56 18 1
56 17 1
56 16 1
57 15 1
57 14 1
57 13 1
57 12 1
58 11 1
58 10 1
58 9 1
58 8 1
58 7 1
58 6 1
58 5 1
58 4 1
57 3 1
.PEN_UP
.PEN_DOWN
65 58 1
64 60 1
63 61 1
62 62 1
61 63 1
60 64 1
59 64 1
58 65 1
57 66 1
56 67 1
55 68 1
55 69 1
54 70 1
53 71 1
52 72 1
52 73 1
51 74 1
51 75 1
51 76 1
51 77 1
51 78 1
51 79 1
51 80 1
52 81 1
53 82 1
54 83 1
55 84 1
56 84 1
57 85 1
58 85 1
59 85 1
60 86 1
61 86 1
62 86 1
63 87 1
64 87 1
65 87 1
66 88 1
67 88 1
68 88 1
69 88 1
70 89 1
71 89 1
72 89 1
73 89 1
74 89 1
75 90 1
76 90 1
77 90 1
78 90 1
79 91 1
80 92 1
81 92 1
.PEN_UP
.PEN_DOWN
45 91 1
46 91 1
47 92 1
47 93 1
47 94 1
47 95 1
47 96 1
46 97 1
45 98 1
45 99 1
45 100 1
45 101 1
45 102 1
44 103 1
44 104 1
44 105 1
44 106 1
44 107 1
44 108 1
43 109 1
42 109 1
41 109 1
40 108 1
39 108 1
38 108 1
37 108 1
36 108 1
35 108 1
34 108 1
33 108 1
32 108 1
31 108 1
30 108 1
29 108 1
28 108 1
27 108 1
26 108 1
25 108 1
24 107 1
23 107 1
22 107 1
21 107 1
20 107 1
19 107 1
18 107 1
17 107 1
16 107 1
15 107 1
14 107 1
13 107 1
12 107 1
11 107 1
10 107 1
9 106 1
8 106 1
.PEN_UP
.PEN_DOWN
44 110 1
46 110 1
47 110 1
48 110 1
49 110 1
50 110 1
51 110 1
52 110 1
53 111 1
54 111 1
55 111 1
56 111 1
57 111 1
58 112 1
59 112 1
60 112 1
61 112 1
62 112 1
63 112 1
64 113 1
65 113 1
66 113 1
67 113 1
68 113 1
69 113 1
70 114 1
71 114 1
72 114 1
73 114 1
74 114 1
75 114 1
76 114 1
77 115 1
78 115 1
79 115 1
80 115 1
.PEN_UP
.PEN_DOWN
45 110 1
44 112 1
44 113 1
44 114 1
44 115 1
44 116 1
.PEN_UP
.PEN_DOWN
62 183 1
63 182 1
64 182 1
65 181 1
66 181 1
67 181 1
68 181 1
69 181 1
70 180 1
71 180 1
72 179 1
74 179 1
75 180 1
76 180 1
77 180 1
78 180 1
79 181 1
80 181 1
81 181 1
82 182 1
83 182 1
84 182 1
85 182 1
.PEN_UP
.PEN_DOWN
72 178 1
71 177 1
71 176 1
71 175 1
70 174 1
69 173 1
68 172 1
67 171 1
66 170 1
65 169 1
64 168 1
64 167 1
63 166 1
62 165 1
61 164 1
61 163 1
61 162 1
61 161 1
61 160 1
60 159 1
58 159 1
57 159 1
56 160 1
55 160 1
54 160 1
53 161 1
52 161 1
51 161 1
50 162 1
49 162 1
48 162 1
47 162 1
46 162 1
45 162 1
44 161 1
43 161 1
42 160 1
41 159 1
40 158 1
40 157 1
39 156 1
38 155 1
38 154 1
37 153 1
37 152 1
36 151 1
36 150 1
36 149 1
36 148 1
35 147 1
35 146 1
35 145 1
36 144 1
36 143 1
36 142 1
36 141 1
37 140 1
37 139 1
38 138 1
39 137 1
39 136 1
40 135 1
41 134 1
42 134 1
43 133 1
44 132 1
45 131 1
46 131 1
47 130 1
48 129 1
49 129 1
50 128 1
51 128 1
52 128 1
53 128 1
54 127 1
55 127 1
56 127 1
57 127 1
58 127 1
59 127 1
60 128 1
63 127 1
64 127 1
65 127 1
66 127 1
67 127 1
68 128 1
69 128 1
70 128 1
71 129 1
72 129 1
73 130 1
74 130 1
75 131 1
76 131 1
77 132 1
78 133 1
79 134 1
80 135 1
81 136 1
81 137 1
81 138 1
82 139 1
82 140 1
82 141 1
82 142 1
82 143 1
82 144 1
81 145 1
80 145 1
79 146 1
78 146 1
77 146 1
76 147 1
75 147 1
74 147 1
73 148 1
72 148 1
71 149 1
70 150 1
69 151 1
68 151 1
67 152 1
66 152 1
65 152 1
64 153 1
63 153 1
62 153 1
61 154 1
60 155 1
60 156 1
60 157 1
60 158 1
.PEN_UP
.PEN_DOWN
60 153 1
60 152 1
60 151 1
61 150 1
61 149 1
61 148 1
61 147 1
61 146 1
61 145 1
61 144 1
61 143 1
61 142 1
61 141 1
61 140 1
61 139 1
61 138 1
61 137 1
61 136 1
61 135 1
61 134 1
61 133 1
61 132 1
61 131 1
61 130 1
61 129 1
.PEN_UP
.PEN_DOWN
56 200 1
56 201 1
56 202 1
56 203 1
56 204 1
56 205 1
56 206 1
56 207 1
56 208 1
56 209 1
56 210 1
56 211 1
56 212 1
56 213 1
56 214 1
56 215 1
55 216 1
54 216 1
53 216 1
52 216 1
51 216 1
50 216 1
49 216 1
48 216 1
47 215 1
46 215 1
45 215 1
44 215 1
43 215 1
42 215 1
41 215 1
40 215 1
39 215 1
38 215 1
37 215 1
36 215 1
35 215 1
34 215 1
33 214 1
32 214 1
31 214 1
30 214 1
29 214 1
28 214 1
27 213 1
26 213 1
25 213 1
24 213 1
23 213 1
22 213 1
21 213 1
20 213 1
19 213 1
18 213 1
17 213 1
.PEN_UP
.PEN_DOWN
56 217 1
57 218 1
58 218 1
59 218 1
60 218 1
61 218 1
62 219 1
63 219 1
64 219 1
65 219 1
66 220 1
67 220 1
68 220 1
69 220 1
70 220 1
71 221 1
72 221 1
73 221 1
74 222 1
75 222 1
76 222 1
77 222 1
78 222 1
79 222 1
80 223 1
81 223 1
82 223 1
83 223 1
84 224 1
85 224 1
86 224 1
87 224 1
88 224 1
89 224 1
90 224 1
91 224 1
92 224 1
93 225 1
94 225 1
.PEN_UP
.PEN_DOWN
47 270 1
47 269 1
46 268 1
46 267 1
46 266 1
45 265 1
45 264 1
45 263 1
45 262 1
45 261 1
45 260 1
45 259 1
45 258 1
45 257 1
46 256 1
46 255 1
47 254 1
48 253 1
49 252 1
50 252 1
51 251 1
52 250 1
53 249 1
54 249 1
55 248 1
56 248 1
57 248 1
58 248 1
59 247 1
60 247 1
61 247 1
62 247 1
63 247 1
64 248 1
65 248 1
66 248 1
67 248 1
68 248 1
69 249 1
70 249 1
71 250 1
72 251 1
73 252 1
74 253 1
74 254 1
75 255 1
76 256 1
76 257 1
76 258 1
76 259 1
76 260 1
76 261 1
76 262 1
75 263 1
75 264 1
74 265 1
73 266 1
72 267 1
71 268 1
70 269 1
70 270 1
69 271 1
69 272 1
67 273 1
66 273 1
65 273 1
64 273 1
63 273 1
62 273 1
61 273 1
60 273 1
59 273 1
58 273 1
57 273 1
56 272 1
55 272 1
54 273 1
53 273 1
52 273 1
51 273 1
50 272 1
49 271 1
.PEN_UP
.PEN_DOWN
68 273 1
70 274 1
71 275 1
72 275 1
73 276 1
74 277 1
75 278 1
76 278 1
77 279 1
78 280 1
79 281 1
80 282 1
80 283 1
80 284 1
80 285 1
80 286 1
80 287 1
80 288 1
80 289 1
80 290 1
80 291 1
79 292 1
78 293 1
78 294 1
77 295 1
76 296 1
75 297 1
75 298 1
75 299 1
74 300 1
72 301 1
71 301 1
70 302 1
69 302 1
68 301 1
67 301 1
66 301 1
65 302 1
64 302 1
63 302 1
62 302 1
61 302 1
60 302 1
59 302 1
58 301 1
.PEN_UP
.PEN_DOWN
73 301 1
75 302 1
76 302 1
77 302 1
78 303 1
79 303 1
80 303 1
81 304 1
82 304 1
83 305 1
84 305 1
85 305 1
86 306 1
87 306 1
88 307 1
.PEN_UP
.PEN_DOWN
15 298 1
14 299 1
14 300 1
14 301 1
14 302 1
15 303 1
16 304 1
17 305 1
18 306 1
.PEN_UP
.PEN_DOWN
74 317 1
73 317 1
72 317 1
71 317 1
70 317 1
69 317 1
68 317 1
67 317 1
66 317 1
65 317 1
64 317 1
63 317 1
62 318 1
61 318 1
60 318 1
59 318 1
58 318 1
57 319 1
56 320 1
55 320 1
54 321 1
53 321 1
52 321 1
51 322 1
50 323 1
49 324 1
49 325 1
48 326 1
47 327 1
47 328 1
47 329 1
46 330 1
46 331 1
46 332 1
47 333 1
47 334 1
47 335 1
48 336 1
49 337 1
50 338 1
51 339 1
52 340 1
53 341 1
54 341 1
55 342 1
56 343 1
58 344 1
59 344 1
60 344 1
61 344 1
62 344 1
63 344 1
64 344 1
65 344 1
66 344 1
67 344 1
68 344 1
69 344 1
70 344 1
71 344 1
72 345 1
73 345 1
74 346 1
75 346 1
.PEN_UP
.PEN_DOWN
56 344 1
56 346 1
55 347 1
55 348 1
55 349 1
54 350 1
53 351 1
53 352 1
52 353 1
52 354 1
52 355 1
53 356 1
53 357 1
53 358 1
53 359 1
54 360 1
55 361 1
56 362 1
57 363 1
58 364 1
59 364 1
60 365 1
61 365 1
62 366 1
63 366 1
64 367 1
65 367 1
66 368 1
67 368 1
68 368 1
69 369 1
70 369 1
71 369 1
72 370 1
73 370 1
74 370 1
75 370 1
76 370 1
77 371 1
78 371 1
79 371 1
.PEN_UP
.PEN_DOWN
52 386 1
52 387 1
53 388 1
55 389 1
56 389 1
57 389 1
58 389 1
59 389 1
60 389 1
61 389 1
62 389 1
63 389 1
64 390 1
65 390 1
66 390 1
67 390 1
68 391 1
69 391 1
70 391 1
71 391 1
72 391 1
73 392 1
74 392 1
.PEN_UP
.PEN_DOWN
53 389 1
52 391 1
51 392 1
50 393 1
49 394 1
48 395 1
48 396 1
47 397 1
47 398 1
47 399 1
48 400 1
48 401 1
49 402 1
49 403 1
50 404 1
51 405 1
52 406 1
53 406 1
54 407 1
55 408 1
56 409 1
57 410 1
58 411 1
59 412 1
61 413 1
62 413 1
63 413 1
64 413 1
65 413 1
66 413 1
67 413 1
68 413 1
69 414 1
70 414 1
.PEN_UP
.PEN_DOWN
59 413 1
58 414 1
57 415 1
57 416 1
56 417 1
55 418 1
54 419 1
53 420 1
52 421 1
51 422 1
51 423 1
50 424 1
50 425 1
50 426 1
50 427 1
50 428 1
49 429 1
50 430 1
50 431 1
50 432 1
51 433 1
51 434 1
52 435 1
53 436 1
54 437 1
55 438 1
56 439 1
57 440 1
58 441 1
59 441 1
60 442 1
61 443 1
62 444 1
63 445 1
64 445 1
65 446 1
66 447 1
67 447 1
68 448 1
69 449 1
70 449 1
71 450 1
72 450 1
73 451 1
74 451 1
.PEN_UP
.PEN_DOWN
56 475 1
55 476 1
55 477 1
55 478 1
55 479 1
55 480 1
55 481 1
55 482 1
55 483 1
55 484 1
54 485 1
54 486 1
53 487 1
53 488 1
52 489 1
51 490 1
50 490 1
49 491 1
48 491 1
47 491 1
46 491 1
45 491 1
44 491 1
43 491 1
42 490 1
41 490 1
40 489 1
39 488 1
38 487 1
38 486 1
38 485 1
38 484 1
37 483 1
37 482 1
37 481 1
37 480 1
37 479 1
38 478 1
38 477 1
38 476 1
38 475 1
39 474 1
39 473 1
40 472 1
40 471 1
40 470 1
40 469 1
41 468 1
41 467 1
42 466 1
43 465 1
44 464 1
44 463 1
45 462 1
46 461 1
47 460 1
48 459 1
49 459 1
50 458 1
51 457 1
52 457 1
53 457 1
54 457 1
55 457 1
56 457 1
57 457 1
58 457 1
59 458 1
60 459 1
61 459 1
62 460 1
63 461 1
64 462 1
65 463 1
65 464 1
66 465 1
67 466 1
67 467 1
68 468 1
69 469 1
69 470 1
70 471 1
71 472 1
71 473 1
72 474 1
72 475 1
72 476 1
72 477 1
72 478 1
72 479 1
73 480 1
73 481 1
73 482 1
73 483 1
74 484 1
74 485 1
74 486 1
75 487 1
75 488 1
75 489 1
75 490 1
75 491 1
75 492 1
75 493 1
75 494 1
74 495 1
74 496 1
74 497 1
73 498 1
72 499 1
71 500 1
70 500 1
69 500 1
68 501 1
67 501 1
66 501 1
65 501 1
64 501 1
63 501 1
62 501 1
61 501 1
60 501 1
59 501 1
58 501 1
57 501 1
56 501 1
55 501 1
54 501 1
53 501 1
52 501 1
51 501 1
50 502 1
49 502 1
48 502 1
47 502 1
46 503 1
.PEN_UP
.PEN_DOWN
45 508 1
45 509 1
45 510 1
45 511 1
45 512 1
46 513 1
46 514 1
47 515 1
48 516 1
49 517 1
50 518 1
51 519 1
52 520 1
53 521 1
54 521 1
55 522 1
56 523 1
56 524 1
57 525 1
59 526 1
60 526 1
61 526 1
62 526 1
63 526 1
64 526 1
65 526 1
66 526 1
67 526 1
68 526 1
.PEN_UP
.PEN_DOWN
58 525 1
56 527 1
55 528 1
55 529 1
54 530 1
53 531 1
52 532 1
51 533 1
51 534 1
50 535 1
50 536 1
51 537 1
51 538 1
51 539 1
51 540 1
52 541 1
53 542 1
54 543 1
55 544 1
56 545 1
57 546 1
58 547 1
59 547 1
60 548 1
61 548 1
62 549 1
63 549 1
64 549 1
65 550 1
66 550 1
67 551 1
68 551 1
69 551 1
70 552 1
71 552 1
72 553 1
73 553 1
.PEN_UP
.PEN_DOWN
39 556 1
39 557 1
39 558 1
38 559 1
38 560 1
38 561 1
38 562 1
38 563 1
38 564 1
38 565 1
39 566 1
39 567 1
39 568 1
39 569 1
39 570 1
39 571 1
39 572 1
39 573 1
39 574 1
39 575 1
39 576 1
39 577 1
38 578 1
39 582 1
39 583 1
39 584 1
39 585 1
39 586 1
38 587 1
.PEN_UP
.PEN_DOWN
37 578 1
36 578 1
35 578 1
34 578 1
33 578 1
32 578 1
31 577 1
30 577 1
29 577 1
28 577 1
27 577 1
26 577 1
25 577 1
24 577 1
23 577 1
22 577 1
21 577 1
20 577 1
19 577 1
18 577 1
17 576 1
16 576 1
15 576 1
14 576 1
13 576 1
12 576 1
11 576 1
10 576 1
9 575 1
8 575 1
7 575 1
6 575 1
5 575 1
4 575 1
3 576 1
2 576 1
1 577 1
.PEN_UP
.PEN_DOWN
39 579 1
41 580 1
42 580 1
43 580 1
44 580 1
45 580 1
46 580 1
47 580 1
48 580 1
49 581 1
50 581 1
51 581 1
52 581 1
53 581 1
54 582 1
55 582 1
56 582 1
57 582 1
58 582 1
59 582 1
60 583 1
61 583 1
62 583 1
63 583 1
64 583 1
65 584 1
66 584 1
67 584 1
68 585 1
69 586 1
.PEN_UP
