.PEN_DOWN
1 20 1
2 20 1
3 20 1
4 20 1
5 20 1
8 20 1
9 20 1
10 20 1
11 20 1
12 20 1
13 20 1
14 20 1
15 21 1
16 21 1
17 21 1
18 21 1
19 21 1
20 21 1
21 21 1
22 22 1
23 22 1
24 22 1
27 24 1
28 24 1
29 25 1
30 25 1
31 26 1
32 27 1
34 28 1
35 28 1
36 28 1
37 28 1
39 30 1
40 31 1
41 32 1
41 33 1
42 34 1
43 35 1
44 36 1
45 37 1
46 38 1
46 39 1
47 40 1
47 41 1
47 42 1
47 43 1
48 44 1
48 45 1
49 46 1
48 47 1
47 48 1
46 49 1
46 50 1
45 51 1
45 52 1
43 53 1
42 54 1
41 54 1
40 55 1
39 56 1
38 57 1
37 58 1
37 59 1
36 60 1
36 61 1
36 62 1
35 63 1
34 64 1
34 65 1
33 66 1
32 67 1
.PEN_UP
.PEN_DOWN
44 53 1
46 54 1
46 55 1
46 56 1
46 57 1
46 58 1
46 59 1
46 60 1
46 61 1
46 62 1
46 63 1
46 64 1
45 65 1
45 66 1
45 67 1
45 68 1
45 69 1
45 70 1
45 71 1
45 72 1
45 73 1
.PEN_UP
.PEN_DOWN
45 48 1
44 47 1
43 46 1
42 45 1
41 44 1
40 43 1
39 43 1
38 43 1
37 43 1
36 43 1
35 43 1
34 44 1
33 44 1
32 45 1
31 46 1
30 47 1
30 48 1
29 49 1
28 50 1
28 51 1
27 52 1
27 53 1
27 54 1
26 55 1
26 56 1
26 57 1
26 58 1
25 59 1
26 60 1
26 61 1
26 62 1
26 63 1
26 64 1
26 65 1
26 66 1
.PEN_UP
.PEN_DOWN
38 27 1
39 26 1
40 25 1
41 24 1
41 23 1
42 22 1
43 21 1
43 20 1
44 19 1
44 18 1
45 17 1
45 16 1
46 15 1
46 14 1
46 13 1
46 12 1
47 11 1
47 10 1
47 9 1
47 8 1
47 7 1
47 6 1
46 5 1
46 4 1
45 3 1
44 2 1
43 1 1
42 1 1
41 1 1
40 1 1
39 2 1
38 2 1
37 3 1
36 3 1
35 4 1
34 4 1
33 5 1
32 6 1
31 7 1
31 8 1
30 9 1
30 10 1
29 11 1
29 12 1
28 13 1
27 14 1
27 15 1
26 16 1
26 17 1
25 18 1
25 19 1
25 20 1
25 21 1
24 25 1
24 26 1
24 27 1
24 28 1
25 30 1
26 31 1
27 31 1
28 31 1
29 31 1
30 31 1
31 30 1
32 29 1
.PEN_UP
.PEN_DOWN
23 29 1
22 29 1
21 29 1
20 29 1
19 30 1
18 30 1
17 30 1
16 29 1
15 29 1
14 28 1
13 28 1
12 28 1
11 27 1
10 27 1
9 26 1
8 25 1
7 24 1
7 23 1
6 22 1
6 21 1
.PEN_UP
.PEN_DOWN
8 99 1
9 100 1
10 100 1
11 101 1
12 101 1
13 102 1
14 102 1
15 102 1
16 103 1
17 103 1
18 104 1
19 105 1
20 106 1
21 106 1
.PEN_UP
.PEN_DOWN
32 98 1
31 99 1
30 99 1
29 100 1
28 100 1
27 99 1
26 99 1
25 98 1
25 97 1
25 96 1
25 95 1
25 94 1
25 93 1
26 92 1
26 91 1
26 90 1
26 89 1
26 88 1
27 87 1
27 86 1
28 85 1
28 84 1
29 83 1
29 82 1
30 81 1
31 80 1
32 80 1
33 79 1
34 79 1
35 79 1
36 79 1
37 79 1
38 79 1
39 79 1
40 80 1
41 81 1
42 81 1
43 82 1
44 83 1
44 84 1
45 85 1
45 86 1
46 87 1
46 88 1
47 89 1
47 90 1
47 91 1
47 92 1
48 93 1
48 94 1
48 95 1
48 96 1
48 97 1
48 98 1
48 99 1
48 100 1
48 101 1
48 102 1
48 103 1
48 104 1
48 105 1
48 106 1
47 107 1
47 108 1
47 109 1
46 110 1
44 110 1
43 110 1
42 110 1
41 110 1
40 109 1
39 109 1
38 109 1
37 109 1
36 109 1
35 109 1
34 110 1
33 111 1
33 112 1
33 113 1
34 114 1
35 115 1
.PEN_UP
.PEN_DOWN
45 111 1
47 113 1
48 114 1
49 115 1
49 116 1
49 117 1
49 118 1
49 119 1
.PEN_UP
.PEN_DOWN
27 141 1
26 142 1
25 141 1
25 140 1
25 139 1
25 138 1
25 137 1
25 136 1
25 135 1
26 134 1
26 133 1
26 132 1
27 131 1
27 130 1
28 129 1
29 128 1
30 128 1
31 127 1
32 127 1
33 128 1
34 129 1
35 130 1
36 131 1
37 132 1
37 133 1
37 134 1
38 135 1
38 136 1
39 137 1
40 138 1
41 137 1
42 137 1
43 136 1
43 135 1
44 134 1
45 134 1
46 133 1
47 133 1
48 134 1
48 135 1
48 136 1
48 137 1
48 138 1
48 139 1
48 140 1
47 141 1
47 142 1
46 143 1
45 144 1
44 144 1
43 144 1
42 144 1
41 144 1
39 145 1
38 146 1
38 147 1
37 148 1
37 149 1
36 150 1
35 151 1
35 152 1
34 153 1
34 154 1
34 155 1
34 156 1
33 157 1
33 158 1
35 160 1
36 160 1
37 160 1
38 161 1
39 161 1
40 161 1
41 162 1
42 162 1
43 163 1
44 163 1
45 164 1
46 164 1
47 165 1
48 165 1
.PEN_UP
.PEN_DOWN
40 143 1
40 142 1
40 141 1
40 140 1
40 139 1
.PEN_UP
.PEN_DOWN
19 150 1
20 151 1
21 152 1
22 153 1
.PEN_UP
.PEN_DOWN
29 213 1
30 212 1
31 212 1
32 211 1
35 211 1
36 211 1
37 211 1
38 211 1
39 211 1
40 211 1
41 212 1
42 213 1
43 214 1
43 215 1
43 216 1
44 217 1
43 218 1
43 219 1
43 220 1
43 221 1
43 222 1
43 223 1
43 224 1
42 225 1
42 226 1
42 227 1
42 228 1
41 229 1
41 230 1
41 231 1
41 232 1
40 233 1
40 234 1
40 235 1
39 236 1
39 237 1
39 238 1
38 239 1
38 240 1
38 241 1
37 242 1
37 243 1
37 244 1
38 245 1
39 246 1
40 247 1
41 248 1
42 249 1
43 249 1
44 250 1
45 251 1
46 252 1
46 253 1
47 254 1
47 255 1
48 256 1
.PEN_UP
.PEN_DOWN
33 210 1
33 209 1
33 208 1
34 207 1
34 206 1
34 205 1
34 204 1
34 203 1
35 202 1
36 198 1
36 197 1
37 196 1
37 195 1
37 194 1
37 193 1
37 192 1
37 191 1
37 190 1
38 189 1
38 188 1
38 187 1
38 186 1
38 185 1
37 184 1
36 183 1
35 182 1
36 181 1
36 180 1
37 179 1
38 179 1
39 178 1
40 178 1
41 177 1
42 177 1
43 177 1
44 178 1
45 179 1
45 180 1
45 181 1
45 182 1
45 183 1
45 184 1
45 185 1
45 186 1
45 187 1
45 188 1
45 189 1
45 190 1
45 191 1
45 192 1
45 193 1
44 194 1
44 195 1
43 196 1
43 197 1
43 198 1
42 199 1
41 200 1
40 201 1
39 201 1
38 201 1
37 202 1
36 202 1
33 200 1
32 199 1
31 198 1
30 197 1
30 196 1
30 195 1
30 194 1
30 193 1
30 192 1
30 191 1
30 190 1
30 189 1
30 188 1
31 187 1
31 186 1
31 185 1
32 184 1
33 183 1
34 183 1
.PEN_UP
