.PEN_DOWN
4 30 1
4 31 1
4 32 1
5 33 1
6 34 1
7 33 1
8 33 1
9 33 1
10 33 1
11 32 1
12 31 1
13 31 1
14 30 1
15 29 1
16 28 1
17 27 1
18 26 1
19 26 1
20 25 1
21 24 1
22 24 1
23 23 1
24 22 1
25 22 1
26 21 1
27 20 1
28 19 1
29 18 1
30 17 1
31 17 1
32 16 1
33 15 1
34 14 1
35 14 1
36 13 1
37 13 1
38 13 1
39 12 1
42 10 1
42 9 1
43 8 1
44 7 1
45 6 1
46 5 1
47 4 1
48 3 1
49 2 1
50 1 1
.PEN_UP
.PEN_DOWN
40 11 1
40 14 1
40 15 1
40 16 1
40 17 1
40 18 1
39 19 1
38 20 1
38 21 1
37 22 1
37 23 1
36 24 1
36 25 1
35 26 1
35 27 1
34 28 1
34 29 1
33 30 1
33 31 1
33 32 1
33 33 1
32 34 1
32 35 1
32 36 1
32 37 1
33 38 1
34 38 1
35 38 1
36 38 1
37 38 1
38 38 1
40 37 1
41 36 1
41 35 1
42 34 1
43 34 1
44 33 1
45 32 1
46 32 1
47 32 1
48 31 1
49 30 1
49 29 1
50 28 1
51 27 1
52 27 1
53 27 1
54 27 1
55 28 1
55 29 1
54 30 1
54 31 1
54 32 1
53 33 1
50 32 1
49 32 1
.PEN_UP
.PEN_DOWN
52 33 1
52 35 1
52 36 1
52 37 1
52 38 1
52 39 1
52 40 1
53 41 1
54 43 1
55 44 1
55 45 1
55 46 1
55 47 1
55 48 1
55 49 1
55 50 1
55 51 1
55 52 1
55 53 1
55 54 1
55 55 1
55 56 1
55 57 1
55 58 1
55 59 1
55 60 1
55 61 1
55 62 1
54 63 1
54 64 1
54 65 1
54 66 1
.PEN_UP
.PEN_DOWN
52 42 1
51 43 1
50 44 1
49 45 1
48 46 1
48 47 1
47 48 1
47 49 1
46 50 1
46 51 1
45 52 1
45 53 1
44 54 1
43 55 1
42 55 1
41 56 1
40 56 1
39 56 1
38 56 1
37 55 1
37 54 1
37 53 1
37 52 1
37 51 1
37 50 1
37 49 1
37 48 1
37 47 1
37 46 1
38 45 1
38 44 1
38 43 1
38 42 1
38 41 1
39 40 1
39 39 1
.PEN_UP
.PEN_DOWN
42 79 1
41 79 1
40 79 1
39 78 1
38 78 1
37 78 1
36 78 1
35 78 1
34 77 1
33 77 1
32 77 1
31 77 1
30 77 1
29 78 1
28 78 1
27 78 1
26 78 1
25 79 1
24 79 1
23 79 1
22 80 1
21 81 1
20 82 1
19 82 1
18 83 1
17 84 1
16 84 1
15 85 1
14 85 1
13 86 1
12 87 1
11 87 1
10 88 1
9 88 1
8 89 1
7 90 1
6 90 1
5 91 1
4 91 1
3 92 1
2 92 1
1 91 1
.PEN_UP
.PEN_DOWN
71 76 1
70 77 1
69 77 1
68 78 1
67 79 1
66 80 1
65 80 1
64 81 1
63 82 1
62 83 1
61 83 1
60 84 1
59 84 1
58 85 1
57 86 1
56 87 1
55 88 1
54 89 1
53 89 1
52 90 1
51 91 1
50 92 1
50 93 1
49 94 1
48 95 1
48 96 1
47 97 1
46 97 1
45 98 1
44 98 1
41 98 1
40 98 1
39 99 1
38 99 1
37 100 1
36 100 1
35 101 1
34 101 1
.PEN_UP
.PEN_DOWN
43 98 1
43 100 1
43 101 1
42 102 1
42 103 1
41 104 1
41 105 1
40 106 1
39 107 1
38 108 1
37 109 1
36 110 1
36 111 1
35 112 1
35 113 1
34 114 1
34 115 1
34 116 1
34 117 1
35 118 1
35 119 1
36 120 1
36 121 1
37 122 1
38 123 1
39 123 1
40 123 1
41 124 1
42 123 1
43 123 1
44 122 1
45 121 1
46 120 1
46 119 1
47 118 1
47 117 1
48 116 1
48 115 1
48 114 1
49 113 1
49 112 1
49 111 1
49 110 1
49 109 1
49 108 1
49 107 1
49 106 1
49 105 1
49 104 1
49 103 1
49 102 1
49 101 1
49 100 1
49 99 1
48 98 1
.PEN_UP
