.PEN_DOWN
7 27 1
8 27 1
9 27 1
10 27 1
11 27 1
12 27 1
13 27 1
15 28 1
16 28 1
17 28 1
18 28 1
19 28 1
20 28 1
21 28 1
22 28 1
23 28 1
24 28 1
25 28 1
26 28 1
27 27 1
28 27 1
29 27 1
30 27 1
31 26 1
32 26 1
33 25 1
34 25 1
35 24 1
36 24 1
37 24 1
.PEN_UP
.PEN_DOWN
14 26 1
14 25 1
15 24 1
15 23 1
16 22 1
17 22 1
18 22 1
19 21 1
20 21 1
21 21 1
22 20 1
23 20 1
24 20 1
25 19 1
26 18 1
27 18 1
28 18 1
29 17 1
30 17 1
31 17 1
32 16 1
33 16 1
34 16 1
35 15 1
36 15 1
37 15 1
38 15 1
39 14 1
40 14 1
41 13 1
42 13 1
43 13 1
44 12 1
45 12 1
46 12 1
47 11 1
48 11 1
49 11 1
50 11 1
51 10 1
52 10 1
53 10 1
54 10 1
55 9 1
56 9 1
57 9 1
58 9 1
59 8 1
60 8 1
61 8 1
62 8 1
63 8 1
64 7 1
65 7 1
66 7 1
67 7 1
68 7 1
69 7 1
70 7 1
71 8 1
73 8 1
74 7 1
75 7 1
76 7 1
77 6 1
78 6 1
79 5 1
80 5 1
81 4 1
82 4 1
83 4 1
84 4 1
85 3 1
86 3 1
87 3 1
88 3 1
89 3 1
90 2 1
91 2 1
92 2 1
93 2 1
94 2 1
95 2 1
96 1 1
97 1 1
98 1 1
99 1 1
100 1 1
101 1 1
.PEN_UP
.PEN_DOWN
71 9 1
70 10 1
70 11 1
70 12 1
69 13 1
68 14 1
67 15 1
66 15 1
65 15 1
64 16 1
63 17 1
62 17 1
61 18 1
60 18 1
59 19 1
58 20 1
57 20 1
56 21 1
55 21 1
54 22 1
53 22 1
52 22 1
51 23 1
51 24 1
50 25 1
50 26 1
49 27 1
49 28 1
49 29 1
50 30 1
51 30 1
52 30 1
53 30 1
56 30 1
57 29 1
58 29 1
59 29 1
60 28 1
61 28 1
62 28 1
63 27 1
64 27 1
65 26 1
66 26 1
67 25 1
68 25 1
69 25 1
.PEN_UP
.PEN_DOWN
54 30 1
54 32 1
53 33 1
53 34 1
53 35 1
52 36 1
52 37 1
52 38 1
52 39 1
52 40 1
51 41 1
50 43 1
49 44 1
49 45 1
48 46 1
47 47 1
47 48 1
46 49 1
45 50 1
44 51 1
43 52 1
43 53 1
42 54 1
42 55 1
41 56 1
40 57 1
39 58 1
38 59 1
38 60 1
37 61 1
36 61 1
35 62 1
34 63 1
.PEN_UP
.PEN_DOWN
51 42 1
53 42 1
54 42 1
55 42 1
56 42 1
57 42 1
58 42 1
59 42 1
60 42 1
61 42 1
62 42 1
63 43 1
64 44 1
64 45 1
64 46 1
64 47 1
64 48 1
64 49 1
63 50 1
62 51 1
62 52 1
61 53 1
61 54 1
60 55 1
59 56 1
59 57 1
58 58 1
58 59 1
57 60 1
56 61 1
55 62 1
55 63 1
54 64 1
53 65 1
53 66 1
52 67 1
51 68 1
51 69 1
51 70 1
51 71 1
50 72 1
50 73 1
50 74 1
49 75 1
49 76 1
49 77 1
48 78 1
48 79 1
48 80 1
48 81 1
49 82 1
50 82 1
51 83 1
52 83 1
53 83 1
54 83 1
55 83 1
56 83 1
57 83 1
58 83 1
59 83 1
60 82 1
61 82 1
62 81 1
63 81 1
64 80 1
65 79 1
65 78 1
66 77 1
66 76 1
67 75 1
67 74 1
67 73 1
68 72 1
68 71 1
69 70 1
69 69 1
69 68 1
.PEN_UP
.PEN_DOWN
1 109 1
2 109 1
3 109 1
4 108 1
5 108 1
6 108 1
7 108 1
8 108 1
9 108 1
10 108 1
11 108 1
12 107 1
13 107 1
14 106 1
15 106 1
16 106 1
17 105 1
18 105 1
19 105 1
20 105 1
21 104 1
22 104 1
23 104 1
24 103 1
25 103 1
26 103 1
27 103 1
28 102 1
29 102 1
30 101 1
31 101 1
32 101 1
33 101 1
34 101 1
35 101 1
36 101 1
37 101 1
38 100 1
41 100 1
42 99 1
43 99 1
44 98 1
45 98 1
46 98 1
47 98 1
48 97 1
49 97 1
50 97 1
51 96 1
52 96 1
53 96 1
54 95 1
55 95 1
56 94 1
57 94 1
58 94 1
59 93 1
60 93 1
61 92 1
62 92 1
63 92 1
64 91 1
65 91 1
.PEN_UP
.PEN_DOWN
39 100 1
39 102 1
39 103 1
38 104 1
38 105 1
38 106 1
37 107 1
37 108 1
37 109 1
37 110 1
37 111 1
38 112 1
39 112 1
40 112 1
41 113 1
42 113 1
43 113 1
44 113 1
45 113 1
46 113 1
47 113 1
48 113 1
49 113 1
50 113 1
51 113 1
52 113 1
53 113 1
54 112 1
55 112 1
56 112 1
57 112 1
58 112 1
59 112 1
60 112 1
61 112 1
62 112 1
63 112 1
64 112 1
65 112 1
66 112 1
67 113 1
68 113 1
.PEN_UP
