.PEN_DOWN
1 21 1
2 21 1
3 21 1
4 20 1
5 19 1
6 18 1
7 17 1
8 16 1
9 16 1
10 15 1
11 14 1
12 13 1
13 12 1
14 11 1
15 11 1
16 10 1
17 9 1
18 9 1
19 8 1
20 7 1
21 7 1
22 6 1
23 5 1
24 5 1
25 4 1
26 4 1
27 3 1
28 3 1
29 2 1
30 2 1
31 2 1
32 1 1
33 1 1
34 1 1
35 1 1
36 2 1
36 3 1
36 4 1
36 5 1
36 6 1
36 7 1
35 8 1
35 9 1
34 10 1
34 11 1
33 12 1
32 13 1
31 14 1
30 15 1
29 16 1
29 17 1
28 18 1
27 19 1
26 20 1
26 21 1
26 22 1
25 23 1
25 24 1
23 25 1
22 26 1
21 27 1
20 28 1
19 29 1
18 29 1
17 30 1
16 31 1
15 31 1
.PEN_UP
.PEN_DOWN
24 25 1
27 25 1
28 25 1
29 25 1
30 25 1
31 25 1
32 25 1
33 25 1
34 26 1
35 26 1
.PEN_UP
.PEN_DOWN
32 37 1
32 38 1
32 39 1
32 40 1
31 42 1
30 42 1
29 42 1
28 42 1
27 42 1
26 42 1
25 42 1
24 42 1
23 42 1
22 42 1
21 42 1
20 42 1
19 42 1
18 42 1
17 42 1
16 42 1
15 43 1
14 43 1
13 43 1
12 44 1
11 45 1
10 46 1
9 47 1
8 48 1
8 49 1
7 50 1
7 51 1
6 52 1
6 53 1
6 54 1
6 55 1
6 56 1
5 57 1
5 58 1
5 59 1
6 60 1
6 61 1
6 62 1
7 63 1
7 64 1
8 65 1
9 65 1
.PEN_UP
