.PEN_DOWN
41 20 1
40 20 1
39 20 1
38 19 1
37 18 1
36 17 1
36 16 1
35 15 1
35 14 1
35 13 1
36 12 1
36 11 1
37 10 1
38 9 1
38 8 1
39 7 1
40 6 1
41 5 1
42 5 1
43 5 1
44 5 1
45 4 1
46 4 1
47 3 1
48 3 1
49 3 1
50 3 1
51 2 1
52 2 1
53 2 1
54 2 1
55 2 1
56 2 1
57 1 1
58 1 1
59 2 1
60 2 1
61 2 1
62 2 1
63 3 1
64 4 1
65 5 1
65 6 1
66 7 1
66 8 1
65 9 1
65 10 1
65 11 1
65 12 1
64 13 1
63 14 1
63 15 1
62 16 1
61 17 1
60 18 1
60 19 1
60 20 1
60 21 1
59 22 1
59 23 1
57 24 1
56 24 1
55 24 1
54 24 1
53 25 1
52 25 1
51 25 1
50 26 1
.PEN_UP
.PEN_DOWN
58 24 1
61 25 1
61 26 1
61 27 1
61 28 1
61 29 1
61 30 1
61 31 1
61 32 1
60 33 1
60 34 1
59 35 1
58 36 1
57 37 1
57 38 1
56 39 1
56 40 1
55 41 1
55 42 1
54 43 1
54 44 1
52 45 1
51 46 1
50 46 1
49 46 1
48 46 1
47 47 1
46 47 1
45 48 1
44 48 1
43 48 1
.PEN_UP
.PEN_DOWN
53 45 1
55 46 1
56 46 1
57 46 1
58 47 1
59 47 1
60 48 1
61 49 1
62 50 1
62 51 1
62 52 1
62 53 1
62 54 1
62 55 1
61 56 1
60 57 1
60 58 1
59 59 1
58 60 1
58 61 1
57 62 1
57 63 1
56 64 1
56 65 1
56 66 1
55 67 1
53 68 1
52 68 1
51 68 1
50 68 1
49 69 1
48 69 1
47 69 1
46 70 1
45 70 1
44 70 1
43 70 1
42 70 1
.PEN_UP
.PEN_DOWN
54 68 1
56 69 1
57 70 1
58 70 1
59 71 1
60 72 1
61 73 1
61 74 1
61 75 1
61 76 1
61 77 1
60 78 1
.PEN_UP
.PEN_DOWN
41 89 1
40 90 1
40 91 1
40 92 1
40 93 1
39 94 1
39 95 1
39 96 1
39 97 1
39 98 1
39 99 1
39 100 1
39 101 1
39 102 1
38 103 1
38 104 1
38 105 1
37 107 1
37 108 1
36 109 1
35 110 1
34 111 1
33 112 1
32 113 1
31 114 1
30 115 1
30 116 1
.PEN_UP
.PEN_DOWN
38 106 1
40 106 1
41 105 1
42 105 1
43 105 1
44 105 1
45 105 1
46 105 1
47 104 1
48 104 1
49 104 1
50 103 1
51 103 1
52 103 1
53 102 1
54 102 1
55 102 1
56 102 1
57 102 1
58 102 1
59 102 1
60 101 1
61 101 1
62 101 1
63 101 1
.PEN_UP
.PEN_DOWN
60 121 1
59 121 1
58 122 1
57 122 1
56 123 1
55 123 1
54 123 1
53 124 1
52 124 1
51 125 1
50 125 1
49 126 1
48 127 1
47 127 1
46 128 1
45 129 1
44 130 1
43 131 1
41 131 1
40 131 1
39 131 1
38 131 1
37 131 1
36 131 1
35 131 1
34 132 1
33 132 1
32 132 1
31 133 1
30 133 1
29 133 1
28 134 1
27 134 1
26 134 1
25 134 1
24 135 1
23 135 1
22 135 1
21 135 1
20 136 1
19 136 1
18 136 1
17 137 1
16 137 1
15 137 1
14 138 1
13 138 1
12 138 1
11 139 1
10 139 1
9 139 1
8 139 1
7 139 1
6 139 1
5 139 1
4 140 1
3 140 1
2 141 1
1 142 1
.PEN_UP
.PEN_DOWN
42 131 1
43 133 1
43 134 1
43 135 1
44 136 1
44 137 1
45 138 1
46 139 1
47 139 1
48 139 1
49 139 1
50 139 1
51 139 1
52 139 1
53 139 1
54 140 1
55 141 1
56 141 1
57 141 1
58 142 1
59 143 1
59 144 1
59 145 1
59 146 1
59 147 1
59 148 1
59 149 1
58 150 1
58 151 1
57 152 1
57 153 1
56 154 1
56 155 1
55 156 1
55 157 1
55 158 1
54 159 1
54 160 1
54 161 1
54 162 1
52 163 1
51 163 1
50 164 1
49 164 1
48 165 1
47 166 1
47 167 1
46 168 1
46 169 1
44 171 1
43 171 1
42 171 1
41 172 1
40 172 1
39 173 1
39 174 1
38 175 1
38 176 1
37 177 1
37 178 1
37 179 1
37 180 1
38 181 1
39 181 1
40 181 1
41 181 1
42 181 1
43 181 1
44 181 1
45 180 1
46 180 1
47 179 1
48 178 1
49 177 1
51 176 1
52 176 1
53 175 1
54 175 1
55 174 1
56 173 1
57 172 1
57 171 1
57 170 1
57 169 1
58 168 1
58 167 1
58 166 1
57 165 1
57 164 1
56 163 1
55 163 1
.PEN_UP
.PEN_DOWN
49 176 1
48 175 1
48 174 1
48 173 1
47 172 1
47 171 1
46 170 1
.PEN_UP
.PEN_DOWN
38 196 1
39 197 1
40 198 1
41 198 1
42 199 1
43 199 1
44 200 1
45 200 1
46 200 1
47 200 1
48 201 1
50 201 1
51 201 1
52 201 1
53 201 1
54 200 1
55 200 1
56 199 1
.PEN_UP
.PEN_DOWN
49 201 1
48 203 1
48 204 1
47 205 1
47 206 1
46 207 1
46 208 1
45 209 1
44 210 1
43 211 1
42 212 1
42 213 1
41 214 1
40 215 1
39 216 1
38 217 1
38 218 1
37 219 1
37 220 1
37 221 1
37 222 1
.PEN_UP
.PEN_DOWN
45 232 1
44 233 1
44 234 1
44 235 1
46 236 1
47 236 1
48 236 1
49 236 1
50 236 1
51 235 1
52 235 1
53 235 1
54 235 1
55 235 1
56 235 1
57 235 1
58 235 1
59 235 1
.PEN_UP
.PEN_DOWN
23 245 1
22 245 1
21 246 1
21 247 1
.PEN_UP
.PEN_DOWN
40 253 1
39 254 1
39 255 1
39 256 1
39 257 1
39 258 1
39 259 1
39 260 1
39 261 1
39 262 1
39 263 1
39 264 1
40 265 1
41 265 1
42 265 1
43 265 1
44 265 1
45 265 1
46 265 1
47 265 1
48 264 1
49 264 1
50 264 1
51 265 1
52 265 1
53 266 1
54 267 1
54 268 1
54 269 1
54 270 1
54 271 1
54 272 1
53 273 1
53 274 1
53 275 1
52 276 1
51 277 1
51 278 1
50 279 1
50 280 1
49 281 1
49 282 1
48 283 1
47 284 1
47 285 1
46 286 1
45 287 1
45 288 1
44 289 1
44 290 1
44 291 1
43 292 1
42 293 1
42 294 1
41 295 1
41 296 1
41 297 1
40 298 1
40 299 1
40 300 1
42 301 1
43 301 1
44 302 1
45 302 1
46 303 1
47 304 1
48 305 1
48 306 1
48 307 1
48 308 1
48 309 1
48 310 1
48 311 1
47 312 1
47 313 1
47 314 1
46 315 1
46 316 1
46 317 1
46 318 1
45 319 1
44 320 1
43 320 1
42 321 1
41 321 1
40 322 1
39 322 1
38 323 1
37 324 1
36 324 1
35 324 1
34 325 1
33 325 1
32 325 1
31 326 1
30 326 1
29 327 1
28 327 1
.PEN_UP
.PEN_DOWN
46 320 1
47 320 1
48 320 1
49 319 1
50 319 1
51 319 1
52 319 1
53 319 1
54 319 1
55 319 1
56 318 1
57 318 1
58 317 1
60 317 1
61 317 1
62 317 1
63 317 1
64 317 1
65 316 1
66 316 1
67 316 1
68 316 1
69 315 1
70 315 1
71 315 1
72 315 1
73 314 1
74 314 1
75 314 1
76 314 1
77 314 1
78 314 1
79 313 1
80 313 1
81 312 1
82 312 1
83 312 1
84 311 1
85 311 1
86 311 1
87 311 1
88 311 1
89 310 1
90 310 1
91 310 1
92 310 1
93 309 1
94 309 1
95 309 1
96 309 1
97 308 1
98 308 1
99 308 1
100 308 1
101 307 1
102 306 1
103 306 1
104 305 1
105 304 1
106 303 1
107 302 1
107 301 1
107 300 1
106 299 1
106 298 1
106 297 1
105 296 1
105 295 1
104 294 1
103 293 1
102 292 1
101 291 1
100 290 1
99 290 1
98 289 1
97 288 1
96 288 1
95 287 1
94 287 1
93 286 1
92 286 1
91 285 1
90 285 1
89 285 1
88 284 1
87 284 1
86 285 1
85 285 1
84 285 1
83 285 1
82 286 1
81 286 1
80 286 1
79 287 1
78 288 1
77 288 1
76 289 1
75 289 1
74 290 1
73 291 1
72 292 1
71 292 1
70 293 1
69 294 1
69 295 1
68 296 1
67 297 1
67 298 1
66 299 1
65 300 1
65 301 1
64 302 1
63 303 1
63 304 1
62 305 1
62 306 1
61 307 1
61 308 1
60 309 1
59 310 1
59 311 1
59 312 1
58 313 1
58 314 1
58 315 1
58 316 1
.PEN_UP
.PEN_DOWN
39 266 1
39 267 1
38 268 1
37 269 1
36 270 1
36 271 1
35 272 1
35 273 1
34 274 1
.PEN_UP
