.PEN_DOWN
1 31 1
2 30 1
3 30 1
4 30 1
5 29 1
6 29 1
7 29 1
8 29 1
9 28 1
10 28 1
11 28 1
12 27 1
13 27 1
14 27 1
15 27 1
16 26 1
17 26 1
18 25 1
19 25 1
20 24 1
21 23 1
22 23 1
23 22 1
24 22 1
25 22 1
26 21 1
27 21 1
28 20 1
29 20 1
30 19 1
31 19 1
32 18 1
33 17 1
34 17 1
35 17 1
36 16 1
37 15 1
38 15 1
39 14 1
40 14 1
41 13 1
42 13 1
43 12 1
44 12 1
45 11 1
46 11 1
47 10 1
48 10 1
49 10 1
50 10 1
51 8 1
51 7 1
51 6 1
52 5 1
53 5 1
54 5 1
55 5 1
56 5 1
57 4 1
58 4 1
59 4 1
60 4 1
61 4 1
62 4 1
63 3 1
64 3 1
65 3 1
66 3 1
67 2 1
68 2 1
69 2 1
70 1 1
71 1 1
.PEN_UP
.PEN_DOWN
51 4 1
50 3 1
50 2 1
49 1 1
48 1 1
47 2 1
.PEN_UP
.PEN_DOWN
51 9 1
52 11 1
52 12 1
52 13 1
52 14 1
53 15 1
53 16 1
53 17 1
53 18 1
53 19 1
52 20 1
.PEN_UP
.PEN_DOWN
58 58 1
58 57 1
57 56 1
57 55 1
57 54 1
56 53 1
55 52 1
57 51 1
58 50 1
59 50 1
60 50 1
61 49 1
62 48 1
63 48 1
64 47 1
65 46 1
66 45 1
67 44 1
68 43 1
68 42 1
69 41 1
70 40 1
71 39 1
72 38 1
72 37 1
73 36 1
73 35 1
74 34 1
74 33 1
75 32 1
75 31 1
76 30 1
76 29 1
76 28 1
76 27 1
76 26 1
76 25 1
76 24 1
75 23 1
74 22 1
73 22 1
72 22 1
71 22 1
70 22 1
69 22 1
68 22 1
67 23 1
66 23 1
65 23 1
64 24 1
63 24 1
62 25 1
61 26 1
60 27 1
59 27 1
58 28 1
57 29 1
56 30 1
55 31 1
55 32 1
55 33 1
54 34 1
54 35 1
54 36 1
54 37 1
54 38 1
54 39 1
54 40 1
53 41 1
53 42 1
53 43 1
53 44 1
53 45 1
53 46 1
52 47 1
52 48 1
52 49 1
53 50 1
54 51 1
.PEN_UP
