.PEN_DOWN
1 68 1
2 67 1
3 67 1
4 67 1
5 66 1
6 66 1
7 65 1
8 65 1
9 64 1
10 63 1
11 63 1
12 63 1
13 63 1
14 62 1
15 62 1
16 62 1
17 62 1
18 61 1
19 61 1
20 61 1
21 61 1
22 60 1
23 60 1
24 60 1
25 60 1
26 60 1
27 59 1
28 59 1
29 59 1
30 59 1
31 59 1
32 59 1
33 59 1
34 59 1
35 58 1
36 58 1
37 58 1
38 57 1
39 57 1
40 57 1
41 57 1
42 57 1
43 56 1
44 56 1
45 56 1
46 56 1
47 56 1
48 56 1
49 56 1
50 55 1
51 55 1
52 55 1
53 55 1
54 55 1
55 55 1
56 55 1
57 55 1
58 54 1
59 54 1
60 54 1
61 54 1
62 54 1
63 54 1
64 54 1
65 55 1
66 55 1
68 54 1
69 54 1
70 54 1
71 53 1
72 52 1
73 52 1
74 52 1
75 51 1
76 51 1
77 50 1
78 51 1
79 51 1
80 50 1
81 50 1
82 50 1
83 50 1
84 50 1
85 50 1
86 50 1
87 49 1
88 49 1
89 49 1
90 49 1
91 48 1
92 48 1
93 47 1
94 47 1
95 47 1
96 47 1
97 46 1
98 46 1
99 46 1
100 45 1
101 45 1
102 44 1
102 43 1
103 42 1
103 41 1
103 40 1
102 39 1
101 39 1
100 39 1
99 39 1
98 39 1
97 39 1
96 39 1
95 39 1
94 39 1
93 39 1
92 39 1
91 39 1
90 39 1
89 39 1
88 40 1
87 40 1
86 40 1
85 41 1
84 41 1
83 42 1
82 42 1
81 43 1
80 44 1
79 45 1
79 46 1
78 47 1
78 48 1
77 49 1
.PEN_UP
.PEN_DOWN
67 55 1
66 57 1
66 58 1
66 59 1
66 60 1
65 61 1
65 62 1
65 63 1
64 64 1
63 65 1
63 66 1
62 67 1
61 68 1
.PEN_UP
