.PEN_DOWN
38 36 1
38 35 1
37 34 1
37 33 1
37 32 1
37 31 1
37 30 1
37 29 1
38 28 1
38 27 1
38 26 1
39 25 1
39 24 1
40 23 1
41 22 1
42 22 1
43 22 1
44 22 1
45 22 1
46 23 1
47 23 1
48 24 1
49 25 1
50 26 1
51 27 1
52 28 1
53 29 1
54 30 1
55 31 1
56 31 1
57 32 1
58 32 1
59 33 1
60 33 1
61 32 1
62 31 1
63 30 1
63 29 1
64 28 1
64 27 1
64 26 1
65 25 1
65 24 1
65 23 1
66 22 1
66 21 1
66 20 1
66 19 1
66 18 1
66 17 1
66 16 1
66 15 1
67 14 1
67 13 1
67 12 1
67 11 1
67 10 1
67 9 1
67 8 1
66 7 1
66 6 1
66 5 1
66 4 1
66 3 1
65 2 1
64 1 1
63 1 1
62 1 1
61 2 1
60 3 1
59 4 1
.PEN_UP
.PEN_DOWN
39 42 1
39 43 1
39 44 1
39 45 1
40 46 1
40 47 1
.PEN_UP
.PEN_DOWN
44 91 1
44 90 1
45 89 1
46 88 1
47 87 1
48 86 1
49 85 1
50 84 1
51 83 1
52 82 1
53 81 1
54 80 1
56 80 1
57 80 1
58 80 1
59 80 1
60 80 1
61 81 1
62 82 1
62 83 1
62 84 1
62 85 1
62 86 1
62 87 1
61 88 1
61 89 1
61 90 1
61 91 1
61 92 1
.PEN_UP
.PEN_DOWN
54 78 1
54 77 1
52 75 1
51 75 1
50 76 1
49 76 1
48 76 1
47 77 1
46 78 1
45 78 1
44 79 1
43 80 1
42 80 1
41 80 1
40 80 1
39 80 1
38 80 1
37 79 1
36 78 1
35 77 1
35 76 1
35 75 1
35 74 1
35 73 1
36 72 1
36 71 1
37 70 1
38 69 1
39 68 1
39 67 1
39 66 1
40 65 1
41 64 1
42 63 1
43 62 1
44 61 1
45 60 1
46 59 1
47 58 1
48 57 1
49 56 1
50 55 1
51 54 1
52 54 1
53 53 1
54 53 1
55 52 1
56 52 1
57 52 1
58 53 1
59 54 1
60 55 1
60 56 1
60 57 1
61 58 1
61 59 1
61 60 1
60 61 1
60 62 1
60 63 1
60 64 1
60 65 1
59 66 1
59 67 1
59 68 1
58 69 1
58 70 1
57 71 1
56 72 1
56 73 1
56 74 1
55 75 1
54 76 1
.PEN_UP
.PEN_DOWN
45 117 1
46 118 1
46 119 1
47 120 1
48 121 1
50 120 1
51 120 1
52 120 1
53 119 1
54 119 1
55 118 1
56 118 1
57 117 1
58 117 1
59 116 1
60 115 1
61 114 1
62 114 1
63 113 1
.PEN_UP
.PEN_DOWN
49 121 1
50 123 1
51 124 1
51 125 1
51 126 1
51 127 1
51 128 1
51 129 1
50 130 1
50 131 1
50 132 1
49 133 1
49 134 1
49 135 1
48 136 1
48 137 1
47 138 1
47 139 1
46 140 1
45 141 1
45 142 1
44 143 1
43 144 1
43 145 1
42 146 1
41 147 1
41 148 1
40 149 1
39 150 1
38 151 1
38 152 1
37 153 1
37 154 1
37 155 1
37 156 1
36 157 1
36 158 1
35 160 1
34 160 1
33 161 1
.PEN_UP
.PEN_DOWN
36 159 1
38 159 1
39 158 1
40 158 1
41 158 1
42 158 1
43 157 1
44 157 1
45 156 1
46 155 1
47 155 1
48 154 1
49 154 1
50 153 1
51 153 1
52 152 1
53 152 1
54 152 1
55 152 1
56 152 1
57 153 1
.PEN_UP
.PEN_DOWN
48 122 1
47 123 1
46 124 1
45 125 1
44 125 1
43 125 1
42 126 1
41 127 1
40 127 1
39 128 1
38 128 1
37 129 1
36 129 1
35 130 1
34 130 1
33 131 1
32 131 1
31 132 1
30 132 1
29 133 1
28 133 1
27 134 1
26 134 1
25 135 1
24 135 1
23 136 1
22 136 1
21 137 1
20 137 1
19 138 1
18 138 1
17 139 1
16 139 1
15 140 1
14 140 1
13 141 1
12 141 1
11 142 1
10 143 1
9 143 1
8 143 1
7 144 1
6 145 1
5 145 1
4 146 1
3 146 1
2 147 1
1 147 1
.PEN_UP
.PEN_DOWN
55 168 1
55 169 1
55 170 1
55 171 1
55 172 1
55 173 1
55 174 1
55 175 1
54 176 1
54 177 1
54 178 1
54 179 1
54 180 1
54 181 1
53 182 1
53 183 1
53 184 1
52 185 1
52 186 1
52 187 1
51 188 1
51 189 1
50 190 1
49 191 1
48 191 1
47 192 1
46 192 1
45 191 1
44 191 1
43 190 1
42 189 1
41 188 1
40 188 1
39 187 1
38 186 1
37 185 1
36 185 1
35 185 1
34 185 1
33 185 1
32 186 1
31 187 1
31 188 1
32 189 1
32 190 1
32 191 1
32 192 1
32 193 1
31 194 1
31 195 1
31 196 1
31 197 1
31 198 1
31 199 1
.PEN_UP
.PEN_DOWN
19 181 1
19 182 1
19 183 1
19 184 1
20 185 1
20 186 1
21 187 1
21 188 1
21 189 1
22 190 1
22 191 1
22 192 1
22 193 1
.PEN_UP
.PEN_DOWN
66 225 1
67 224 1
67 223 1
68 222 1
68 221 1
69 220 1
69 219 1
70 218 1
70 217 1
70 216 1
71 215 1
71 214 1
71 213 1
71 212 1
72 211 1
72 210 1
72 209 1
73 207 1
73 206 1
74 205 1
75 204 1
77 204 1
78 204 1
79 204 1
80 204 1
81 204 1
82 203 1
83 203 1
84 203 1
85 202 1
86 202 1
87 201 1
88 201 1
89 201 1
90 201 1
91 200 1
92 200 1
93 199 1
94 198 1
95 197 1
95 196 1
94 195 1
94 194 1
93 193 1
92 192 1
91 191 1
90 191 1
89 191 1
88 191 1
87 190 1
86 190 1
85 190 1
84 190 1
83 190 1
82 191 1
81 191 1
80 191 1
79 192 1
78 192 1
77 193 1
77 194 1
76 195 1
76 196 1
76 197 1
75 198 1
75 199 1
75 200 1
75 201 1
75 202 1
75 203 1
.PEN_UP
.PEN_DOWN
71 208 1
70 208 1
69 208 1
68 209 1
67 209 1
66 209 1
65 209 1
64 209 1
63 209 1
62 210 1
61 210 1
60 210 1
59 211 1
58 211 1
57 212 1
56 212 1
55 212 1
54 213 1
53 213 1
52 213 1
51 214 1
50 214 1
49 215 1
48 215 1
47 215 1
46 216 1
45 216 1
44 217 1
43 217 1
42 217 1
41 218 1
40 218 1
39 219 1
38 219 1
37 219 1
36 220 1
35 220 1
34 221 1
33 221 1
32 221 1
31 222 1
30 222 1
29 223 1
28 223 1
27 224 1
26 224 1
25 225 1
24 225 1
23 226 1
22 227 1
21 227 1
20 228 1
19 228 1
18 228 1
17 229 1
16 229 1
15 230 1
14 231 1
13 231 1
12 232 1
11 232 1
10 233 1
9 233 1
8 234 1
7 235 1
6 235 1
5 236 1
4 237 1
3 238 1
2 239 1
1 240 1
1 241 1
1 242 1
2 243 1
3 244 1
.PEN_UP
.PEN_DOWN
64 229 1
63 230 1
63 231 1
63 232 1
63 233 1
61 235 1
60 235 1
59 236 1
58 236 1
57 237 1
56 237 1
55 238 1
54 238 1
53 239 1
52 240 1
51 240 1
50 240 1
49 241 1
48 242 1
47 243 1
46 243 1
45 243 1
44 244 1
43 245 1
42 246 1
41 246 1
40 247 1
39 248 1
38 248 1
37 249 1
37 250 1
36 251 1
37 252 1
38 253 1
.PEN_UP
.PEN_DOWN
62 255 1
62 256 1
62 257 1
62 258 1
62 259 1
61 260 1
61 261 1
61 262 1
60 263 1
60 264 1
59 265 1
58 266 1
56 269 1
55 270 1
55 271 1
54 272 1
53 273 1
53 274 1
52 275 1
51 276 1
50 277 1
49 277 1
48 278 1
47 279 1
46 280 1
45 281 1
44 282 1
43 282 1
42 283 1
41 284 1
40 284 1
39 285 1
38 285 1
37 285 1
36 286 1
35 286 1
34 286 1
33 285 1
32 284 1
32 283 1
32 282 1
32 281 1
32 280 1
33 279 1
34 278 1
35 277 1
36 276 1
36 275 1
37 274 1
38 273 1
39 272 1
40 271 1
41 270 1
42 269 1
43 268 1
44 267 1
45 267 1
46 266 1
47 266 1
48 265 1
49 265 1
50 265 1
51 265 1
52 265 1
53 265 1
54 265 1
55 265 1
56 265 1
57 266 1
59 268 1
60 269 1
61 270 1
62 271 1
62 272 1
62 273 1
62 274 1
62 275 1
62 276 1
62 277 1
62 278 1
62 279 1
62 280 1
63 281 1
63 282 1
63 283 1
63 284 1
62 285 1
62 286 1
61 287 1
61 288 1
61 289 1
61 290 1
60 291 1
60 292 1
60 293 1
60 294 1
60 295 1
60 296 1
59 297 1
58 298 1
56 297 1
55 297 1
54 297 1
53 296 1
52 296 1
51 295 1
50 294 1
49 294 1
48 293 1
47 293 1
46 293 1
45 293 1
44 293 1
43 293 1
42 293 1
41 293 1
40 294 1
39 294 1
38 295 1
37 296 1
36 297 1
35 298 1
34 299 1
33 300 1
32 301 1
31 302 1
31 303 1
31 304 1
30 305 1
30 306 1
30 307 1
31 308 1
32 308 1
33 309 1
34 309 1
35 309 1
36 309 1
37 309 1
38 310 1
39 310 1
.PEN_UP
.PEN_DOWN
57 298 1
58 300 1
59 301 1
59 302 1
59 303 1
.PEN_UP
.PEN_DOWN
16 264 1
15 265 1
16 266 1
16 267 1
.PEN_UP
