.PEN_DOWN
1 49 1
2 49 1
3 49 1
4 49 1
5 48 1
6 48 1
7 47 1
8 47 1
9 47 1
10 47 1
11 47 1
12 47 1
13 47 1
14 47 1
15 47 1
16 47 1
17 47 1
18 47 1
19 47 1
20 47 1
21 46 1
22 46 1
23 46 1
24 46 1
25 46 1
26 46 1
27 46 1
28 47 1
29 47 1
30 47 1
31 47 1
32 47 1
33 47 1
34 47 1
35 47 1
36 47 1
37 47 1
40 47 1
41 47 1
42 47 1
45 47 1
46 47 1
47 47 1
48 47 1
49 47 1
50 47 1
51 47 1
52 47 1
53 47 1
54 47 1
55 47 1
56 48 1
57 48 1
58 48 1
59 48 1
60 48 1
61 48 1
62 48 1
63 48 1
64 48 1
65 48 1
66 48 1
67 48 1
68 49 1
69 49 1
70 49 1
71 49 1
72 49 1
73 49 1
74 49 1
75 49 1
76 49 1
77 49 1
78 50 1
79 50 1
80 50 1
81 50 1
82 50 1
83 50 1
84 50 1
85 50 1
86 50 1
87 50 1
88 50 1
89 51 1
90 51 1
91 51 1
92 51 1
93 51 1
94 51 1
95 51 1
96 51 1
97 51 1
98 52 1
99 52 1
100 52 1
101 52 1
102 52 1
103 52 1
104 53 1
105 53 1
106 53 1
107 54 1
108 54 1
109 54 1
110 55 1
111 55 1
112 55 1
113 56 1
114 56 1
115 56 1
116 57 1
117 57 1
118 57 1
119 58 1
120 59 1
121 59 1
.PEN_UP
.PEN_DOWN
43 46 1
43 45 1
43 44 1
43 43 1
43 42 1
44 41 1
44 40 1
44 39 1
44 38 1
44 37 1
44 36 1
44 35 1
43 34 1
.PEN_UP
.PEN_DOWN
38 47 1
38 49 1
38 50 1
38 51 1
38 52 1
37 53 1
37 54 1
36 55 1
36 56 1
35 57 1
35 58 1
34 59 1
33 60 1
33 61 1
32 62 1
31 63 1
31 64 1
30 65 1
29 66 1
29 67 1
28 68 1
27 69 1
27 70 1
26 71 1
25 72 1
25 73 1
24 74 1
24 75 1
24 76 1
24 77 1
25 78 1
26 79 1
27 79 1
28 80 1
29 80 1
30 80 1
31 80 1
32 80 1
33 80 1
34 80 1
35 80 1
36 80 1
37 80 1
38 80 1
39 80 1
40 80 1
41 80 1
42 80 1
43 80 1
44 80 1
45 79 1
47 79 1
48 79 1
49 80 1
51 79 1
52 79 1
53 79 1
54 79 1
55 79 1
56 79 1
57 79 1
58 79 1
59 79 1
60 79 1
61 79 1
62 79 1
63 79 1
64 79 1
.PEN_UP
.PEN_DOWN
50 80 1
49 82 1
49 83 1
49 84 1
49 85 1
49 86 1
49 87 1
49 88 1
49 89 1
49 90 1
49 91 1
49 92 1
49 93 1
49 94 1
49 95 1
48 96 1
48 97 1
48 98 1
48 99 1
47 100 1
47 101 1
47 102 1
47 103 1
47 104 1
46 105 1
46 106 1
45 108 1
44 109 1
43 110 1
42 111 1
41 112 1
40 113 1
.PEN_UP
.PEN_DOWN
46 107 1
48 107 1
49 107 1
50 107 1
51 107 1
52 107 1
53 108 1
54 108 1
55 108 1
56 108 1
57 108 1
58 109 1
59 109 1
60 109 1
61 109 1
62 110 1
63 111 1
64 112 1
64 113 1
65 114 1
65 115 1
65 116 1
64 117 1
64 118 1
63 119 1
62 120 1
61 121 1
60 122 1
59 123 1
59 124 1
58 125 1
57 126 1
56 126 1
55 127 1
54 128 1
53 128 1
52 129 1
51 130 1
50 130 1
49 131 1
.PEN_UP
.PEN_DOWN
45 78 1
45 77 1
44 76 1
44 75 1
.PEN_UP
.PEN_DOWN
46 133 1
46 134 1
46 135 1
46 136 1
47 137 1
48 138 1
49 138 1
50 138 1
51 138 1
52 138 1
53 138 1
54 138 1
55 138 1
56 139 1
57 139 1
58 139 1
59 139 1
60 140 1
61 141 1
61 142 1
61 143 1
60 144 1
60 145 1
60 146 1
60 147 1
60 148 1
59 149 1
59 150 1
58 151 1
.PEN_UP
