.PEN_DOWN
29 19 1
30 18 1
30 17 1
32 16 1
33 15 1
34 15 1
35 14 1
36 14 1
37 14 1
38 13 1
39 13 1
40 12 1
41 12 1
42 12 1
43 11 1
47 8 1
48 8 1
49 8 1
50 7 1
51 7 1
52 6 1
53 6 1
54 6 1
55 6 1
56 5 1
57 5 1
58 4 1
59 4 1
60 4 1
61 4 1
62 4 1
63 4 1
64 4 1
65 4 1
66 4 1
67 4 1
68 5 1
69 5 1
70 5 1
71 6 1
71 7 1
71 8 1
71 9 1
71 10 1
70 11 1
69 12 1
68 12 1
67 13 1
66 13 1
65 14 1
64 14 1
63 15 1
62 15 1
61 15 1
60 16 1
59 16 1
58 17 1
57 17 1
56 17 1
55 18 1
54 19 1
53 19 1
52 19 1
51 20 1
50 20 1
49 21 1
48 21 1
47 22 1
46 22 1
45 22 1
44 22 1
42 24 1
41 25 1
40 26 1
39 27 1
38 28 1
37 29 1
35 30 1
34 30 1
33 30 1
32 31 1
31 32 1
30 32 1
29 33 1
28 33 1
27 34 1
26 35 1
25 35 1
24 36 1
23 37 1
22 38 1
21 38 1
20 38 1
19 39 1
18 39 1
17 40 1
16 40 1
15 41 1
14 42 1
13 43 1
12 43 1
11 44 1
10 44 1
9 45 1
8 45 1
7 46 1
6 47 1
5 48 1
4 49 1
3 50 1
2 51 1
2 52 1
1 53 1
1 54 1
2 55 1
3 55 1
4 55 1
5 55 1
6 54 1
7 54 1
8 54 1
9 54 1
10 53 1
11 53 1
12 53 1
13 52 1
14 51 1
15 51 1
16 50 1
17 50 1
18 49 1
19 49 1
20 48 1
21 47 1
21 46 1
22 45 1
22 44 1
23 43 1
.PEN_UP
.PEN_DOWN
36 30 1
37 32 1
37 33 1
37 34 1
37 35 1
.PEN_UP
.PEN_DOWN
43 21 1
43 20 1
43 19 1
43 18 1
43 17 1
43 16 1
44 15 1
44 14 1
44 13 1
44 12 1
45 7 1
45 6 1
45 5 1
45 4 1
44 3 1
44 2 1
43 1 1
42 1 1
41 1 1
40 1 1
39 1 1
38 2 1
37 2 1
36 3 1
35 3 1
34 4 1
33 5 1
32 6 1
32 7 1
31 8 1
30 9 1
29 10 1
28 11 1
28 12 1
28 13 1
28 14 1
29 15 1
30 16 1
.PEN_UP
