.PEN_DOWN
1 73 1
2 72 1
3 72 1
4 71 1
5 70 1
6 70 1
7 69 1
8 68 1
9 67 1
10 66 1
11 66 1
12 65 1
13 64 1
14 64 1
15 63 1
16 63 1
17 62 1
18 61 1
19 61 1
20 60 1
21 60 1
22 59 1
23 58 1
24 57 1
25 57 1
26 56 1
27 55 1
28 54 1
29 54 1
30 53 1
31 53 1
32 52 1
33 51 1
34 50 1
35 50 1
36 49 1
37 49 1
38 48 1
39 48 1
40 47 1
41 47 1
42 47 1
43 46 1
44 46 1
45 44 1
45 43 1
46 42 1
46 41 1
46 40 1
46 39 1
47 38 1
47 37 1
47 36 1
48 35 1
49 34 1
49 33 1
50 32 1
51 31 1
51 30 1
52 29 1
53 28 1
53 27 1
54 26 1
55 25 1
56 24 1
57 23 1
57 22 1
57 21 1
58 20 1
59 19 1
60 18 1
60 17 1
61 16 1
62 15 1
62 14 1
63 13 1
64 12 1
64 11 1
65 10 1
66 9 1
67 8 1
68 7 1
69 6 1
70 5 1
71 4 1
72 3 1
73 2 1
73 1 1
.PEN_UP
.PEN_DOWN
45 45 1
47 46 1
48 46 1
49 47 1
48 48 1
48 49 1
48 50 1
48 51 1
48 52 1
47 53 1
47 54 1
47 55 1
47 56 1
47 57 1
47 58 1
47 59 1
48 62 1
49 62 1
50 63 1
51 64 1
52 64 1
53 65 1
54 65 1
55 66 1
56 67 1
57 68 1
57 69 1
58 70 1
58 71 1
58 72 1
58 73 1
59 74 1
59 75 1
59 76 1
.PEN_UP
.PEN_DOWN
57 119 1
57 118 1
57 117 1
56 116 1
55 115 1
54 114 1
53 113 1
52 113 1
51 113 1
50 113 1
49 112 1
48 112 1
47 111 1
46 110 1
45 109 1
45 108 1
45 107 1
44 106 1
43 106 1
42 105 1
41 105 1
40 105 1
39 104 1
38 104 1
37 103 1
36 102 1
35 101 1
35 100 1
36 99 1
36 98 1
36 97 1
36 96 1
37 95 1
37 94 1
38 93 1
39 92 1
40 91 1
41 90 1
42 90 1
43 90 1
44 89 1
45 89 1
46 89 1
47 89 1
48 90 1
49 91 1
50 92 1
50 93 1
50 94 1
50 95 1
49 96 1
49 97 1
49 98 1
49 99 1
49 100 1
49 101 1
48 102 1
48 103 1
48 104 1
47 105 1
46 106 1
.PEN_UP
.PEN_DOWN
41 156 1
40 156 1
39 156 1
38 155 1
37 154 1
36 153 1
35 152 1
35 151 1
35 150 1
35 149 1
35 148 1
35 147 1
35 146 1
36 145 1
36 144 1
37 143 1
38 142 1
39 141 1
40 140 1
41 139 1
42 138 1
43 138 1
44 137 1
45 137 1
46 137 1
47 137 1
48 137 1
49 137 1
50 137 1
51 138 1
52 139 1
53 140 1
53 141 1
53 142 1
54 143 1
54 144 1
54 145 1
53 146 1
53 147 1
53 148 1
53 149 1
53 150 1
53 151 1
53 152 1
52 153 1
52 154 1
51 155 1
51 156 1
51 157 1
51 158 1
50 159 1
50 160 1
49 161 1
49 162 1
49 163 1
48 164 1
47 165 1
47 166 1
47 167 1
46 168 1
46 169 1
45 170 1
45 171 1
45 172 1
45 173 1
45 174 1
44 175 1
44 176 1
42 178 1
41 178 1
40 178 1
39 178 1
38 179 1
37 179 1
36 180 1
35 181 1
34 181 1
33 182 1
32 183 1
31 184 1
30 185 1
29 185 1
28 186 1
27 186 1
26 187 1
25 188 1
24 189 1
23 189 1
22 190 1
21 191 1
20 192 1
19 193 1
18 194 1
.PEN_UP
.PEN_DOWN
43 177 1
45 178 1
46 178 1
47 178 1
48 178 1
49 178 1
50 178 1
51 179 1
52 179 1
53 180 1
54 180 1
55 181 1
56 182 1
57 183 1
58 184 1
58 185 1
.PEN_UP
