.PEN_DOWN
1 17 1
2 17 1
3 18 1
4 18 1
5 18 1
6 17 1
7 17 1
8 17 1
9 17 1
10 17 1
11 16 1
12 16 1
13 16 1
14 16 1
15 16 1
16 15 1
17 15 1
18 15 1
19 15 1
20 15 1
21 15 1
22 15 1
23 15 1
24 15 1
25 15 1
29 15 1
30 14 1
31 14 1
32 14 1
33 14 1
34 14 1
35 13 1
36 13 1
37 13 1
38 13 1
39 13 1
40 12 1
41 12 1
42 12 1
43 12 1
44 12 1
45 12 1
46 12 1
47 13 1
48 13 1
49 13 1
50 13 1
51 13 1
.PEN_UP
.PEN_DOWN
26 14 1
26 13 1
26 12 1
26 11 1
25 10 1
25 9 1
25 8 1
25 7 1
25 6 1
25 5 1
25 4 1
24 3 1
24 2 1
23 1 1
22 1 1
.PEN_UP
.PEN_DOWN
26 15 1
27 17 1
27 18 1
27 19 1
27 20 1
26 21 1
26 22 1
26 23 1
26 24 1
26 25 1
25 26 1
26 27 1
26 28 1
26 29 1
26 30 1
25 31 1
25 32 1
25 33 1
25 34 1
24 35 1
24 36 1
24 37 1
24 38 1
23 39 1
23 40 1
23 41 1
23 42 1
21 43 1
20 43 1
19 43 1
18 44 1
17 44 1
16 44 1
15 44 1
14 44 1
13 44 1
12 44 1
11 44 1
10 44 1
9 44 1
8 43 1
7 43 1
.PEN_UP
.PEN_DOWN
22 43 1
25 43 1
26 43 1
27 43 1
28 43 1
29 43 1
30 43 1
31 43 1
32 43 1
33 43 1
34 43 1
35 43 1
36 43 1
37 43 1
38 43 1
39 43 1
40 44 1
41 43 1
42 43 1
43 43 1
44 43 1
45 43 1
46 42 1
47 41 1
48 41 1
49 41 1
50 41 1
51 41 1
52 42 1
53 42 1
.PEN_UP
.PEN_DOWN
40 45 1
40 46 1
40 47 1
41 48 1
41 49 1
41 50 1
41 51 1
42 52 1
43 53 1
44 54 1
44 55 1
45 56 1
46 57 1
47 58 1
48 59 1
49 60 1
.PEN_UP
.PEN_DOWN
44 78 1
43 79 1
43 80 1
42 81 1
41 81 1
40 81 1
39 82 1
38 82 1
37 83 1
36 84 1
35 85 1
34 86 1
33 87 1
32 88 1
.PEN_UP
.PEN_DOWN
43 82 1
44 82 1
45 83 1
46 83 1
47 83 1
48 84 1
49 85 1
50 86 1
51 87 1
52 88 1
52 89 1
53 90 1
54 91 1
.PEN_UP
