.PEN_DOWN
10 13 1
11 13 1
12 12 1
13 12 1
14 11 1
15 10 1
16 9 1
17 8 1
18 7 1
19 6 1
20 6 1
21 6 1
22 5 1
23 4 1
24 3 1
25 3 1
26 3 1
27 2 1
28 2 1
29 2 1
30 2 1
31 1 1
32 2 1
32 3 1
32 4 1
32 5 1
32 6 1
31 7 1
31 8 1
31 9 1
31 10 1
31 11 1
30 12 1
30 13 1
28 15 1
27 15 1
26 16 1
25 17 1
24 18 1
23 19 1
22 19 1
21 20 1
20 20 1
19 21 1
18 21 1
17 22 1
16 23 1
15 23 1
14 24 1
13 24 1
12 25 1
11 25 1
10 26 1
9 27 1
.PEN_UP
.PEN_DOWN
29 14 1
32 14 1
33 15 1
34 16 1
35 17 1
35 18 1
35 19 1
35 20 1
34 21 1
34 22 1
34 23 1
33 24 1
33 25 1
33 26 1
32 27 1
31 28 1
31 29 1
30 30 1
30 31 1
29 32 1
28 33 1
28 34 1
27 35 1
26 36 1
26 37 1
25 38 1
24 39 1
24 40 1
24 41 1
23 42 1
23 43 1
23 44 1
21 46 1
20 46 1
19 47 1
18 48 1
17 48 1
16 49 1
15 49 1
14 50 1
12 49 1
11 49 1
10 49 1
9 49 1
8 49 1
7 49 1
6 49 1
5 49 1
4 49 1
3 48 1
4 47 1
4 46 1
5 45 1
.PEN_UP
.PEN_DOWN
13 50 1
13 52 1
12 53 1
12 54 1
12 55 1
11 56 1
10 57 1
10 58 1
9 59 1
9 60 1
8 61 1
9 62 1
9 63 1
9 64 1
9 65 1
10 66 1
10 67 1
11 68 1
12 69 1
13 70 1
14 71 1
15 71 1
16 72 1
17 73 1
19 73 1
20 73 1
21 73 1
22 72 1
23 72 1
24 72 1
25 71 1
26 70 1
27 69 1
28 69 1
29 68 1
30 67 1
32 67 1
33 67 1
34 67 1
35 67 1
36 67 1
37 68 1
38 68 1
.PEN_UP
.PEN_DOWN
30 66 1
30 65 1
31 64 1
31 63 1
31 62 1
31 61 1
31 60 1
32 59 1
32 58 1
33 57 1
33 56 1
33 55 1
34 54 1
34 53 1
34 52 1
34 51 1
34 50 1
34 49 1
34 48 1
33 47 1
32 46 1
31 46 1
30 45 1
29 45 1
28 45 1
27 45 1
26 45 1
25 45 1
24 45 1
.PEN_UP
.PEN_DOWN
18 73 1
17 75 1
16 76 1
15 77 1
14 78 1
13 78 1
12 79 1
11 79 1
10 80 1
.PEN_UP
.PEN_DOWN
38 74 1
38 75 1
38 76 1
38 77 1
38 78 1
38 79 1
38 80 1
38 81 1
38 82 1
38 83 1
39 84 1
39 85 1
39 86 1
39 87 1
40 88 1
40 89 1
40 90 1
40 91 1
40 92 1
40 93 1
40 94 1
40 95 1
39 96 1
39 97 1
38 98 1
37 99 1
36 99 1
35 99 1
34 99 1
33 99 1
32 99 1
31 99 1
30 99 1
29 99 1
28 99 1
27 98 1
26 97 1
25 97 1
24 97 1
23 96 1
22 96 1
21 96 1
20 96 1
19 95 1
18 95 1
17 95 1
16 95 1
15 94 1
14 94 1
13 94 1
12 94 1
11 94 1
10 94 1
9 95 1
8 96 1
8 97 1
9 98 1
9 99 1
9 100 1
.PEN_UP
