.PEN_DOWN
3 1 1
4 1 1
5 1 1
6 1 1
7 1 1
8 1 1
9 1 1
10 2 1
11 2 1
12 3 1
13 3 1
14 4 1
15 4 1
16 5 1
17 5 1
18 6 1
19 7 1
20 7 1
21 7 1
22 8 1
23 8 1
24 9 1
25 9 1
26 9 1
27 10 1
28 10 1
29 10 1
30 10 1
31 11 1
32 11 1
33 11 1
34 12 1
35 13 1
37 13 1
38 13 1
39 13 1
40 13 1
41 13 1
42 13 1
43 14 1
44 14 1
45 14 1
46 14 1
47 15 1
48 15 1
49 15 1
50 16 1
51 16 1
.PEN_UP
.PEN_DOWN
35 14 1
35 15 1
34 16 1
34 17 1
34 18 1
33 19 1
32 20 1
31 21 1
30 22 1
30 23 1
29 24 1
28 25 1
27 26 1
27 27 1
27 28 1
26 29 1
25 30 1
25 31 1
25 32 1
25 33 1
25 34 1
25 35 1
25 36 1
25 37 1
25 38 1
26 39 1
27 40 1
28 41 1
29 42 1
30 42 1
31 43 1
32 43 1
33 43 1
34 43 1
35 43 1
36 44 1
37 44 1
38 44 1
39 44 1
40 44 1
41 44 1
42 44 1
43 45 1
44 45 1
45 45 1
46 45 1
47 45 1
48 44 1
49 44 1
50 44 1
51 44 1
52 43 1
53 43 1
54 42 1
54 41 1
.PEN_UP
.PEN_DOWN
48 128 1
49 127 1
50 126 1
50 125 1
50 124 1
50 123 1
51 122 1
51 121 1
51 120 1
51 119 1
51 118 1
51 117 1
51 116 1
52 115 1
52 114 1
52 113 1
52 112 1
52 111 1
52 110 1
53 109 1
53 108 1
53 107 1
53 106 1
53 105 1
53 104 1
53 103 1
53 102 1
53 101 1
53 100 1
53 99 1
53 98 1
53 97 1
52 96 1
51 95 1
49 96 1
48 97 1
47 97 1
46 98 1
45 99 1
44 100 1
43 100 1
42 101 1
41 101 1
40 101 1
39 101 1
38 101 1
37 101 1
36 100 1
35 99 1
34 99 1
33 98 1
32 97 1
31 96 1
30 95 1
30 94 1
29 93 1
29 92 1
28 91 1
27 90 1
27 89 1
26 88 1
26 87 1
25 86 1
25 85 1
25 84 1
25 83 1
25 82 1
24 81 1
24 80 1
24 79 1
24 78 1
24 77 1
24 76 1
24 75 1
23 74 1
24 73 1
24 72 1
24 71 1
24 70 1
24 69 1
25 68 1
25 67 1
26 66 1
26 65 1
27 64 1
27 63 1
28 62 1
29 62 1
30 61 1
31 61 1
32 61 1
33 61 1
34 60 1
35 61 1
36 61 1
37 61 1
38 61 1
39 62 1
40 63 1
41 64 1
42 65 1
43 66 1
44 67 1
45 68 1
46 68 1
47 69 1
48 70 1
48 71 1
49 72 1
49 73 1
49 74 1
49 75 1
49 76 1
49 77 1
49 78 1
50 79 1
50 80 1
50 81 1
50 82 1
50 83 1
51 84 1
51 85 1
51 86 1
51 87 1
51 88 1
51 89 1
51 90 1
51 91 1
51 92 1
51 93 1
51 94 1
.PEN_UP
