.PEN_DOWN
48 77 1
48 76 1
47 75 1
46 74 1
45 73 1
44 73 1
41 73 1
40 73 1
39 74 1
38 74 1
37 75 1
36 76 1
35 76 1
34 77 1
33 78 1
32 79 1
31 80 1
31 81 1
30 82 1
30 83 1
29 84 1
28 85 1
28 86 1
27 87 1
26 88 1
.PEN_UP
.PEN_DOWN
43 72 1
43 71 1
43 70 1
43 69 1
43 68 1
43 67 1
44 66 1
44 65 1
44 64 1
44 63 1
44 62 1
45 61 1
45 60 1
45 59 1
45 58 1
45 57 1
46 56 1
46 55 1
46 54 1
46 53 1
45 52 1
45 51 1
44 50 1
43 49 1
42 48 1
41 47 1
40 47 1
39 47 1
38 47 1
37 47 1
36 47 1
35 47 1
34 46 1
33 46 1
32 46 1
29 47 1
28 47 1
27 48 1
26 48 1
25 49 1
24 50 1
23 51 1
20 52 1
19 52 1
18 53 1
17 53 1
16 53 1
15 53 1
14 54 1
13 54 1
12 55 1
11 56 1
10 56 1
9 57 1
8 58 1
7 59 1
6 60 1
5 61 1
5 62 1
4 63 1
3 64 1
3 65 1
3 66 1
2 67 1
2 68 1
2 69 1
2 70 1
3 71 1
4 71 1
5 71 1
6 71 1
7 70 1
8 70 1
9 70 1
10 70 1
11 69 1
12 68 1
13 67 1
14 67 1
15 66 1
16 66 1
17 65 1
17 64 1
18 63 1
19 62 1
19 61 1
20 60 1
21 59 1
21 58 1
21 57 1
22 56 1
22 55 1
22 54 1
22 53 1
.PEN_UP
.PEN_DOWN
31 45 1
31 44 1
32 43 1
32 42 1
32 41 1
32 40 1
32 39 1
33 38 1
33 37 1
33 36 1
34 35 1
34 34 1
35 33 1
35 32 1
36 31 1
36 30 1
36 29 1
36 28 1
36 27 1
36 26 1
36 25 1
37 24 1
37 23 1
38 21 1
39 20 1
40 19 1
40 18 1
40 17 1
40 16 1
41 15 1
41 14 1
41 13 1
41 12 1
41 11 1
41 10 1
41 9 1
41 8 1
41 7 1
42 6 1
41 5 1
41 4 1
41 3 1
40 2 1
39 1 1
38 1 1
37 1 1
36 1 1
35 1 1
34 1 1
33 1 1
32 2 1
31 2 1
30 3 1
29 3 1
28 4 1
27 5 1
26 6 1
25 7 1
24 7 1
23 8 1
22 9 1
21 10 1
21 11 1
20 12 1
19 13 1
18 14 1
18 15 1
17 16 1
17 17 1
16 18 1
16 19 1
16 20 1
16 21 1
16 22 1
15 23 1
15 24 1
15 25 1
16 26 1
16 27 1
17 28 1
18 28 1
19 28 1
20 28 1
21 28 1
22 28 1
23 27 1
24 27 1
25 27 1
26 26 1
27 25 1
28 24 1
29 23 1
30 23 1
31 23 1
32 22 1
33 22 1
34 22 1
35 22 1
36 22 1
.PEN_UP
.PEN_DOWN
1 103 1
2 103 1
3 103 1
4 103 1
5 103 1
6 103 1
7 103 1
.PEN_UP
.PEN_DOWN
46 117 1
45 118 1
43 118 1
42 118 1
41 118 1
40 119 1
39 119 1
38 119 1
37 119 1
36 119 1
35 119 1
34 120 1
33 120 1
32 121 1
31 121 1
30 121 1
29 122 1
28 122 1
27 123 1
26 123 1
25 124 1
24 125 1
23 125 1
22 126 1
21 127 1
20 127 1
19 128 1
.PEN_UP
.PEN_DOWN
44 118 1
44 120 1
44 121 1
44 122 1
44 123 1
43 124 1
43 125 1
43 126 1
42 127 1
42 128 1
41 129 1
40 130 1
40 131 1
39 132 1
38 133 1
38 134 1
37 135 1
36 136 1
35 137 1
34 138 1
34 139 1
33 140 1
32 141 1
32 142 1
31 143 1
30 144 1
29 145 1
28 146 1
27 147 1
26 148 1
26 149 1
25 150 1
24 151 1
23 152 1
22 153 1
22 154 1
21 155 1
20 156 1
19 156 1
.PEN_UP
.PEN_DOWN
47 215 1
46 215 1
45 215 1
44 215 1
43 216 1
42 216 1
41 216 1
40 216 1
39 217 1
38 217 1
35 216 1
35 215 1
35 214 1
35 213 1
35 212 1
35 211 1
35 210 1
35 209 1
35 208 1
35 207 1
36 206 1
36 205 1
36 204 1
36 203 1
36 202 1
37 201 1
37 200 1
37 199 1
37 198 1
38 197 1
38 196 1
38 195 1
39 194 1
39 193 1
39 192 1
39 191 1
39 190 1
39 189 1
37 188 1
36 188 1
35 188 1
34 187 1
33 187 1
32 187 1
31 187 1
30 187 1
29 187 1
28 187 1
27 186 1
26 186 1
25 185 1
24 184 1
23 183 1
22 182 1
22 181 1
22 180 1
22 179 1
22 178 1
22 177 1
22 176 1
22 175 1
23 174 1
23 173 1
24 172 1
25 171 1
26 171 1
27 170 1
28 170 1
29 170 1
30 169 1
31 169 1
32 169 1
33 169 1
34 169 1
36 167 1
36 166 1
36 165 1
37 164 1
38 163 1
39 163 1
40 162 1
41 161 1
42 160 1
43 160 1
44 160 1
45 160 1
46 160 1
47 160 1
48 160 1
49 160 1
50 160 1
51 160 1
52 161 1
53 161 1
54 162 1
54 163 1
55 164 1
55 165 1
55 166 1
55 167 1
55 168 1
55 169 1
55 170 1
55 171 1
55 172 1
55 173 1
55 174 1
54 175 1
54 176 1
54 177 1
54 178 1
53 179 1
53 180 1
52 181 1
51 182 1
50 183 1
49 184 1
48 184 1
47 185 1
46 185 1
45 185 1
44 185 1
43 186 1
42 186 1
41 186 1
40 185 1
40 184 1
40 183 1
40 182 1
40 181 1
40 180 1
40 179 1
39 178 1
39 177 1
39 176 1
38 175 1
38 174 1
37 173 1
36 172 1
35 171 1
35 170 1
.PEN_UP
.PEN_DOWN
37 217 1
37 219 1
38 220 1
38 221 1
38 222 1
38 223 1
38 224 1
38 225 1
38 226 1
37 227 1
37 228 1
37 229 1
38 230 1
38 231 1
38 232 1
37 233 1
37 234 1
37 235 1
37 236 1
37 237 1
37 238 1
37 239 1
37 240 1
37 241 1
37 242 1
37 243 1
37 244 1
37 245 1
36 246 1
36 247 1
36 248 1
36 249 1
36 250 1
36 251 1
36 252 1
36 253 1
36 254 1
36 255 1
37 256 1
38 256 1
39 255 1
40 255 1
41 255 1
42 255 1
43 255 1
44 255 1
45 255 1
46 255 1
47 255 1
48 256 1
49 256 1
50 257 1
51 258 1
51 259 1
51 260 1
52 261 1
52 262 1
51 263 1
51 264 1
51 265 1
51 266 1
51 267 1
51 268 1
51 269 1
50 270 1
50 271 1
50 272 1
50 273 1
50 274 1
50 275 1
50 276 1
50 277 1
50 278 1
50 279 1
49 280 1
49 281 1
49 282 1
47 283 1
46 283 1
45 284 1
44 285 1
43 286 1
42 287 1
41 288 1
40 289 1
39 290 1
38 291 1
38 292 1
37 293 1
36 294 1
36 295 1
35 296 1
.PEN_UP
.PEN_DOWN
48 283 1
51 283 1
52 283 1
53 284 1
54 284 1
55 284 1
56 285 1
57 286 1
58 287 1
59 288 1
59 289 1
60 290 1
61 291 1
61 292 1
62 293 1
62 294 1
63 295 1
63 296 1
63 297 1
64 298 1
64 299 1
64 300 1
64 301 1
65 302 1
65 303 1
66 304 1
66 305 1
66 306 1
67 307 1
67 308 1
67 309 1
68 310 1
68 311 1
69 312 1
69 313 1
69 314 1
69 315 1
.PEN_UP
.PEN_DOWN
36 257 1
36 258 1
36 259 1
35 260 1
35 261 1
34 262 1
33 263 1
33 264 1
32 265 1
32 266 1
32 267 1
31 268 1
31 269 1
31 270 1
31 271 1
31 272 1
31 273 1
32 274 1
.PEN_UP
