.PEN_DOWN
28 17 1
29 17 1
30 18 1
31 18 1
32 18 1
33 18 1
34 19 1
36 18 1
37 17 1
37 16 1
38 15 1
40 15 1
41 15 1
42 14 1
43 14 1
44 14 1
45 14 1
46 14 1
47 14 1
48 14 1
49 14 1
50 13 1
51 13 1
52 13 1
53 12 1
54 12 1
55 12 1
56 12 1
57 12 1
58 12 1
59 11 1
60 11 1
61 11 1
62 11 1
63 10 1
.PEN_UP
.PEN_DOWN
38 14 1
38 12 1
39 11 1
39 10 1
39 9 1
39 8 1
39 7 1
39 6 1
39 5 1
39 4 1
39 3 1
38 2 1
38 1 1
.PEN_UP
.PEN_DOWN
35 19 1
35 21 1
35 22 1
35 23 1
35 24 1
35 25 1
35 26 1
.PEN_UP
.PEN_DOWN
1 43 1
2 43 1
3 44 1
4 44 1
5 44 1
6 45 1
7 45 1
8 45 1
9 45 1
10 45 1
11 45 1
12 45 1
13 45 1
14 45 1
15 45 1
16 45 1
17 45 1
18 44 1
19 44 1
20 44 1
21 44 1
22 44 1
23 44 1
24 44 1
25 43 1
26 43 1
27 43 1
28 42 1
29 42 1
30 42 1
31 41 1
32 41 1
33 41 1
34 41 1
35 40 1
36 40 1
37 40 1
38 40 1
39 39 1
40 39 1
41 39 1
42 39 1
43 39 1
44 39 1
45 39 1
48 39 1
49 39 1
50 38 1
51 37 1
52 37 1
.PEN_UP
.PEN_DOWN
46 39 1
46 41 1
46 42 1
45 43 1
45 44 1
45 45 1
45 46 1
44 47 1
44 48 1
45 50 1
46 50 1
47 50 1
48 51 1
49 51 1
50 52 1
51 52 1
52 53 1
53 54 1
54 55 1
55 56 1
55 57 1
55 58 1
55 59 1
55 60 1
55 61 1
54 62 1
54 63 1
53 64 1
53 65 1
52 66 1
51 67 1
50 68 1
49 69 1
49 70 1
48 71 1
48 72 1
47 73 1
47 74 1
47 75 1
46 76 1
46 77 1
44 79 1
43 80 1
43 81 1
42 82 1
42 83 1
42 84 1
42 85 1
42 86 1
41 88 1
41 89 1
41 90 1
40 91 1
40 92 1
39 93 1
39 94 1
39 95 1
38 96 1
37 97 1
37 98 1
36 99 1
36 100 1
36 101 1
36 102 1
35 103 1
35 104 1
35 105 1
36 106 1
36 107 1
37 108 1
39 108 1
40 108 1
41 108 1
42 108 1
43 107 1
44 107 1
45 107 1
46 107 1
47 107 1
48 107 1
49 107 1
50 106 1
51 106 1
52 106 1
53 106 1
.PEN_UP
.PEN_DOWN
38 108 1
37 110 1
36 111 1
36 112 1
35 113 1
34 114 1
33 115 1
32 116 1
31 117 1
.PEN_UP
.PEN_DOWN
42 87 1
44 87 1
45 87 1
46 86 1
47 86 1
48 86 1
49 86 1
50 85 1
51 84 1
51 83 1
51 82 1
51 81 1
51 80 1
51 79 1
50 78 1
49 78 1
48 78 1
47 78 1
.PEN_UP
.PEN_DOWN
35 141 1
36 141 1
37 141 1
38 141 1
39 141 1
40 141 1
41 141 1
42 140 1
43 140 1
46 139 1
47 139 1
48 139 1
49 138 1
50 138 1
51 138 1
.PEN_UP
.PEN_DOWN
44 140 1
43 142 1
43 143 1
43 144 1
42 145 1
42 146 1
41 147 1
40 147 1
39 148 1
38 148 1
37 149 1
36 150 1
35 151 1
34 152 1
34 153 1
34 154 1
34 155 1
34 156 1
35 157 1
36 157 1
37 157 1
38 158 1
39 158 1
40 158 1
41 158 1
42 158 1
43 158 1
44 158 1
45 158 1
46 158 1
47 158 1
48 158 1
49 159 1
50 160 1
51 161 1
51 162 1
51 163 1
51 164 1
50 165 1
49 166 1
49 167 1
48 168 1
48 169 1
47 170 1
46 170 1
45 171 1
44 172 1
43 173 1
42 174 1
41 175 1
40 176 1
40 177 1
39 178 1
39 179 1
39 180 1
39 181 1
40 182 1
41 182 1
42 182 1
43 182 1
44 182 1
45 182 1
46 182 1
47 182 1
48 181 1
49 181 1
50 181 1
51 181 1
.PEN_UP
.PEN_DOWN
46 197 1
46 198 1
46 199 1
46 200 1
46 201 1
46 202 1
46 203 1
46 204 1
46 205 1
46 206 1
45 207 1
44 207 1
43 207 1
42 207 1
41 208 1
40 208 1
39 209 1
.PEN_UP
.PEN_DOWN
47 207 1
48 207 1
49 208 1
50 209 1
50 210 1
49 211 1
49 212 1
49 213 1
49 214 1
49 215 1
48 216 1
48 217 1
47 218 1
47 219 1
46 220 1
46 221 1
45 222 1
44 223 1
44 224 1
43 225 1
43 226 1
42 227 1
41 228 1
41 229 1
41 230 1
40 231 1
40 232 1
40 233 1
38 235 1
37 235 1
36 236 1
35 237 1
34 238 1
33 239 1
32 240 1
32 241 1
31 242 1
30 243 1
.PEN_UP
.PEN_DOWN
39 234 1
42 235 1
43 236 1
44 237 1
45 238 1
45 239 1
46 240 1
46 241 1
47 242 1
48 243 1
49 243 1
50 243 1
51 243 1
52 243 1
53 242 1
54 241 1
54 240 1
55 239 1
55 238 1
55 237 1
55 236 1
55 235 1
55 234 1
.PEN_UP
.PEN_DOWN
32 260 1
32 261 1
32 262 1
32 263 1
31 264 1
31 265 1
31 266 1
31 267 1
31 268 1
31 269 1
31 270 1
31 271 1
31 272 1
31 273 1
30 276 1
29 277 1
29 278 1
28 279 1
27 280 1
26 281 1
25 281 1
.PEN_UP
.PEN_DOWN
31 274 1
33 274 1
34 274 1
35 274 1
36 274 1
37 273 1
38 273 1
39 273 1
40 273 1
41 273 1
42 272 1
43 272 1
44 272 1
45 272 1
46 273 1
47 273 1
48 273 1
.PEN_UP
