.PEN_DOWN
16 56 1
17 55 1
18 54 1
19 54 1
20 53 1
21 52 1
22 52 1
23 51 1
24 50 1
25 49 1
26 48 1
27 48 1
28 47 1
29 46 1
30 45 1
31 44 1
32 43 1
33 43 1
34 42 1
35 41 1
36 40 1
37 39 1
38 39 1
39 38 1
40 37 1
41 37 1
42 36 1
43 35 1
44 34 1
45 34 1
46 33 1
47 32 1
48 31 1
49 31 1
50 30 1
51 30 1
52 30 1
53 28 1
53 27 1
53 26 1
54 25 1
54 24 1
54 23 1
55 22 1
55 21 1
56 20 1
57 19 1
58 18 1
59 17 1
60 16 1
61 15 1
62 14 1
63 13 1
63 12 1
64 11 1
65 10 1
66 9 1
67 8 1
68 7 1
68 6 1
69 5 1
70 4 1
71 3 1
71 2 1
72 1 1
.PEN_UP
.PEN_DOWN
53 29 1
57 28 1
58 28 1
59 27 1
60 27 1
61 27 1
62 26 1
63 25 1
64 25 1
65 24 1
66 24 1
67 23 1
68 23 1
69 22 1
70 21 1
71 21 1
72 20 1
73 20 1
74 19 1
75 18 1
76 17 1
77 17 1
78 16 1
79 16 1
80 16 1
81 15 1
82 14 1
83 13 1
.PEN_UP
.PEN_DOWN
53 30 1
57 31 1
58 32 1
58 33 1
57 34 1
57 35 1
57 36 1
57 37 1
57 38 1
57 39 1
56 40 1
56 41 1
55 42 1
55 43 1
55 44 1
55 45 1
54 46 1
54 47 1
54 48 1
54 49 1
54 50 1
54 51 1
55 52 1
57 51 1
58 50 1
59 50 1
60 49 1
61 49 1
62 48 1
63 47 1
64 47 1
65 47 1
66 46 1
67 45 1
68 45 1
69 45 1
70 45 1
.PEN_UP
.PEN_DOWN
56 52 1
57 55 1
58 56 1
59 57 1
60 57 1
61 57 1
62 57 1
63 57 1
64 57 1
65 57 1
66 57 1
67 58 1
68 58 1
69 59 1
70 60 1
70 61 1
69 62 1
69 63 1
69 64 1
69 65 1
68 66 1
68 67 1
67 68 1
67 69 1
66 70 1
65 71 1
65 72 1
64 73 1
64 74 1
63 75 1
63 76 1
62 77 1
61 78 1
61 79 1
60 80 1
60 81 1
59 82 1
59 83 1
58 84 1
58 85 1
57 86 1
57 87 1
57 88 1
56 89 1
55 90 1
55 91 1
54 92 1
54 93 1
54 94 1
54 95 1
54 96 1
54 97 1
54 98 1
54 99 1
55 100 1
56 100 1
57 100 1
58 100 1
59 100 1
60 100 1
61 100 1
62 100 1
65 99 1
66 98 1
67 98 1
68 97 1
69 97 1
70 97 1
71 96 1
72 95 1
73 95 1
74 95 1
75 94 1
76 94 1
77 94 1
78 93 1
79 93 1
80 93 1
81 93 1
.PEN_UP
.PEN_DOWN
63 99 1
63 102 1
63 103 1
63 104 1
64 105 1
64 106 1
64 107 1
65 108 1
65 109 1
65 110 1
65 111 1
65 112 1
65 113 1
65 114 1
64 115 1
64 116 1
64 117 1
63 118 1
63 119 1
63 120 1
62 121 1
62 122 1
62 123 1
61 124 1
61 125 1
61 126 1
61 127 1
61 128 1
60 129 1
60 130 1
60 131 1
60 132 1
61 133 1
63 132 1
64 131 1
65 131 1
66 131 1
67 130 1
68 130 1
69 129 1
70 129 1
71 128 1
72 128 1
73 128 1
74 127 1
75 127 1
76 127 1
77 127 1
78 128 1
78 129 1
77 130 1
77 131 1
77 132 1
76 133 1
75 134 1
74 134 1
73 135 1
72 136 1
71 136 1
70 137 1
69 137 1
68 137 1
67 137 1
66 138 1
65 138 1
64 138 1
63 137 1
62 136 1
61 137 1
60 138 1
59 139 1
58 140 1
58 141 1
57 142 1
57 143 1
57 144 1
56 145 1
56 146 1
56 147 1
56 148 1
56 149 1
56 150 1
55 151 1
55 152 1
55 153 1
55 154 1
55 155 1
55 156 1
55 157 1
55 158 1
55 159 1
55 160 1
56 161 1
57 161 1
58 161 1
59 161 1
60 161 1
61 161 1
62 161 1
63 161 1
64 161 1
65 161 1
66 162 1
68 162 1
69 162 1
70 161 1
71 161 1
72 160 1
73 160 1
74 160 1
75 160 1
76 159 1
.PEN_UP
.PEN_DOWN
67 162 1
66 164 1
65 165 1
65 166 1
64 167 1
64 168 1
63 169 1
62 170 1
62 171 1
62 172 1
61 173 1
62 175 1
63 175 1
64 175 1
65 175 1
66 175 1
67 175 1
68 175 1
69 175 1
70 175 1
71 175 1
72 174 1
73 174 1
74 174 1
75 174 1
76 174 1
77 174 1
78 175 1
79 176 1
78 178 1
78 179 1
78 180 1
77 181 1
77 182 1
76 183 1
75 184 1
74 185 1
74 186 1
73 187 1
72 188 1
72 189 1
71 190 1
71 191 1
70 192 1
70 193 1
69 194 1
68 195 1
68 196 1
68 197 1
67 198 1
66 199 1
66 200 1
66 201 1
66 202 1
66 203 1
65 204 1
65 205 1
65 206 1
65 207 1
65 208 1
64 211 1
64 212 1
63 213 1
62 214 1
62 215 1
61 216 1
61 217 1
61 218 1
61 219 1
60 220 1
60 221 1
60 222 1
60 223 1
61 224 1
62 224 1
63 224 1
64 224 1
65 225 1
67 225 1
68 224 1
69 224 1
70 223 1
71 222 1
72 222 1
73 221 1
74 220 1
75 219 1
76 219 1
77 218 1
78 217 1
79 217 1
80 216 1
81 215 1
82 214 1
83 213 1
84 212 1
85 211 1
88 211 1
89 211 1
90 210 1
91 210 1
92 210 1
93 210 1
94 209 1
95 209 1
96 209 1
97 208 1
98 207 1
99 207 1
100 206 1
101 206 1
102 205 1
103 204 1
104 204 1
105 203 1
106 202 1
107 202 1
108 201 1
109 200 1
109 199 1
109 198 1
110 197 1
110 196 1
110 195 1
109 194 1
108 194 1
107 194 1
106 194 1
105 194 1
104 194 1
103 194 1
102 194 1
101 195 1
100 196 1
99 196 1
98 196 1
97 197 1
96 198 1
95 198 1
94 199 1
93 200 1
92 201 1
91 202 1
90 202 1
89 203 1
88 204 1
88 205 1
87 206 1
87 207 1
87 208 1
86 209 1
86 210 1
.PEN_UP
.PEN_DOWN
66 225 1
65 227 1
65 228 1
64 229 1
64 230 1
64 231 1
63 232 1
63 233 1
62 234 1
62 235 1
61 236 1
60 237 1
59 238 1
58 239 1
58 240 1
57 241 1
56 242 1
55 243 1
54 244 1
53 245 1
52 246 1
52 247 1
52 248 1
51 249 1
51 250 1
51 251 1
51 252 1
49 254 1
48 255 1
47 256 1
46 256 1
45 257 1
44 258 1
43 258 1
42 259 1
41 260 1
40 260 1
39 261 1
38 262 1
37 262 1
36 263 1
35 264 1
34 264 1
33 265 1
32 266 1
31 267 1
30 267 1
29 268 1
28 269 1
27 270 1
26 270 1
25 271 1
24 272 1
23 274 1
22 275 1
22 276 1
21 277 1
21 278 1
20 279 1
19 280 1
18 280 1
17 280 1
16 281 1
15 282 1
14 282 1
13 283 1
12 283 1
11 284 1
10 284 1
9 284 1
8 284 1
7 285 1
6 285 1
5 285 1
4 283 1
5 282 1
5 281 1
5 280 1
6 279 1
7 278 1
8 278 1
9 277 1
10 276 1
11 276 1
12 275 1
13 275 1
14 274 1
15 274 1
16 273 1
17 273 1
18 272 1
19 272 1
20 272 1
21 272 1
22 272 1
.PEN_UP
.PEN_DOWN
50 253 1
53 253 1
54 253 1
55 253 1
56 253 1
59 253 1
60 252 1
61 251 1
62 251 1
63 250 1
64 250 1
65 249 1
66 248 1
67 248 1
68 247 1
69 247 1
70 246 1
.PEN_UP
.PEN_DOWN
57 253 1
58 255 1
58 256 1
58 257 1
58 258 1
58 259 1
58 260 1
59 261 1
60 261 1
61 262 1
62 262 1
63 262 1
64 262 1
65 262 1
66 262 1
67 262 1
68 262 1
69 262 1
70 263 1
71 263 1
72 263 1
73 263 1
74 263 1
75 263 1
76 264 1
77 264 1
78 265 1
78 266 1
78 267 1
78 268 1
77 269 1
77 270 1
77 271 1
76 272 1
76 273 1
76 274 1
76 275 1
.PEN_UP
.PEN_DOWN
65 209 1
67 208 1
68 208 1
69 208 1
70 207 1
.PEN_UP
