.PEN_DOWN
63 1 1
62 2 1
61 3 1
60 3 1
59 4 1
58 5 1
57 5 1
56 6 1
55 7 1
54 7 1
53 8 1
52 9 1
51 10 1
50 11 1
49 11 1
48 12 1
47 13 1
46 14 1
45 15 1
44 15 1
43 16 1
42 17 1
41 17 1
40 18 1
39 19 1
38 20 1
37 21 1
36 22 1
35 23 1
34 24 1
33 25 1
32 26 1
31 26 1
30 27 1
29 28 1
28 29 1
27 30 1
26 31 1
25 32 1
25 33 1
24 34 1
23 35 1
23 36 1
23 37 1
23 38 1
23 39 1
24 40 1
25 41 1
26 41 1
27 41 1
28 41 1
29 41 1
30 41 1
31 41 1
32 41 1
33 41 1
34 41 1
35 38 1
34 37 1
34 36 1
34 35 1
34 34 1
34 33 1
35 32 1
36 32 1
37 32 1
38 32 1
39 33 1
40 34 1
40 35 1
41 36 1
40 37 1
40 38 1
39 39 1
38 39 1
37 40 1
36 40 1
35 43 1
35 44 1
35 45 1
35 46 1
35 47 1
36 48 1
35 49 1
35 50 1
34 51 1
33 52 1
33 53 1
33 54 1
33 55 1
32 56 1
30 58 1
29 58 1
28 59 1
28 60 1
27 61 1
27 62 1
26 63 1
26 64 1
25 65 1
.PEN_UP
.PEN_DOWN
31 57 1
33 58 1
34 59 1
35 60 1
36 60 1
37 61 1
37 62 1
37 63 1
37 64 1
37 65 1
37 66 1
36 67 1
36 68 1
36 69 1
36 70 1
36 71 1
36 72 1
36 73 1
36 74 1
36 75 1
36 76 1
35 77 1
33 78 1
32 78 1
31 79 1
30 79 1
29 79 1
28 80 1
27 81 1
26 82 1
.PEN_UP
.PEN_DOWN
34 78 1
36 79 1
36 80 1
36 81 1
36 82 1
36 83 1
36 84 1
36 85 1
38 86 1
39 85 1
40 85 1
41 85 1
42 84 1
43 83 1
44 82 1
45 81 1
46 80 1
47 79 1
49 78 1
50 78 1
51 78 1
52 77 1
53 77 1
54 76 1
55 76 1
56 75 1
57 75 1
58 74 1
59 74 1
60 73 1
61 72 1
62 72 1
63 71 1
64 70 1
65 70 1
66 69 1
67 68 1
68 68 1
69 67 1
70 66 1
71 65 1
72 65 1
73 64 1
74 63 1
75 62 1
75 61 1
75 60 1
76 59 1
76 58 1
75 57 1
74 57 1
73 57 1
72 57 1
71 57 1
70 57 1
69 57 1
68 57 1
67 57 1
66 57 1
65 58 1
64 58 1
63 59 1
62 59 1
61 60 1
60 61 1
59 61 1
58 62 1
57 63 1
56 63 1
55 64 1
54 65 1
53 66 1
52 67 1
51 68 1
50 69 1
50 70 1
49 71 1
49 72 1
49 73 1
48 74 1
48 75 1
48 76 1
47 77 1
.PEN_UP
.PEN_DOWN
36 88 1
36 89 1
37 91 1
37 92 1
37 93 1
37 94 1
37 95 1
36 96 1
36 97 1
36 98 1
35 99 1
35 100 1
35 101 1
35 102 1
36 103 1
36 104 1
36 105 1
35 106 1
35 107 1
34 108 1
32 108 1
31 108 1
30 108 1
29 108 1
28 108 1
27 109 1
26 109 1
.PEN_UP
.PEN_DOWN
33 108 1
34 110 1
34 111 1
35 112 1
36 113 1
37 114 1
37 115 1
36 116 1
36 117 1
36 118 1
36 119 1
36 120 1
36 121 1
36 122 1
36 123 1
36 124 1
36 125 1
36 126 1
36 127 1
36 128 1
36 129 1
36 130 1
37 131 1
37 132 1
38 134 1
39 135 1
40 135 1
41 136 1
41 137 1
41 138 1
41 139 1
40 140 1
40 141 1
40 142 1
40 143 1
40 144 1
39 145 1
39 146 1
39 147 1
38 148 1
38 149 1
37 150 1
37 151 1
37 152 1
37 153 1
37 154 1
37 155 1
35 156 1
34 157 1
33 157 1
32 158 1
31 158 1
30 159 1
29 159 1
28 160 1
27 160 1
.PEN_UP
.PEN_DOWN
36 156 1
39 157 1
39 158 1
39 159 1
39 160 1
39 161 1
39 162 1
39 163 1
39 164 1
39 165 1
39 166 1
38 167 1
38 168 1
38 169 1
37 170 1
37 171 1
36 172 1
36 173 1
35 174 1
34 175 1
33 176 1
33 177 1
33 178 1
32 179 1
32 180 1
32 181 1
31 182 1
31 183 1
30 185 1
29 186 1
28 187 1
28 188 1
27 189 1
26 190 1
25 191 1
25 192 1
23 193 1
22 193 1
21 193 1
20 194 1
19 194 1
18 195 1
17 196 1
16 197 1
15 197 1
14 198 1
13 199 1
12 199 1
11 200 1
10 200 1
9 201 1
8 202 1
7 203 1
6 203 1
5 204 1
4 205 1
3 205 1
2 206 1
1 207 1
.PEN_UP
.PEN_DOWN
24 193 1
25 195 1
25 196 1
25 197 1
24 198 1
24 199 1
24 200 1
24 201 1
23 202 1
23 203 1
23 204 1
23 205 1
23 206 1
23 207 1
24 208 1
24 209 1
25 210 1
26 210 1
27 211 1
28 211 1
29 211 1
30 211 1
31 211 1
32 210 1
33 210 1
34 209 1
35 209 1
36 208 1
37 207 1
38 206 1
38 205 1
38 204 1
38 203 1
38 202 1
38 201 1
.PEN_UP
.PEN_DOWN
31 184 1
33 184 1
34 183 1
35 183 1
36 183 1
37 182 1
.PEN_UP
.PEN_DOWN
36 133 1
35 134 1
34 135 1
33 136 1
32 137 1
31 137 1
30 138 1
.PEN_UP
.PEN_DOWN
35 90 1
34 90 1
33 91 1
32 91 1
.PEN_UP
