.PEN_DOWN
1 7 1
2 7 1
3 8 1
4 8 1
5 8 1
6 8 1
8 9 1
9 9 1
10 9 1
11 9 1
12 9 1
13 10 1
14 10 1
15 10 1
16 10 1
18 11 1
19 12 1
20 12 1
21 12 1
22 12 1
23 12 1
24 12 1
25 13 1
26 13 1
27 13 1
28 13 1
29 13 1
30 13 1
31 14 1
32 14 1
33 14 1
34 14 1
35 14 1
36 14 1
37 14 1
38 15 1
39 15 1
40 15 1
41 15 1
.PEN_UP
.PEN_DOWN
17 9 1
17 8 1
18 7 1
18 6 1
18 5 1
19 4 1
19 3 1
19 2 1
20 1 1
.PEN_UP
.PEN_DOWN
17 11 1
16 12 1
16 13 1
16 14 1
16 15 1
16 16 1
16 17 1
16 18 1
16 19 1
16 20 1
16 21 1
16 22 1
16 23 1
16 24 1
16 25 1
16 26 1
16 27 1
15 29 1
14 30 1
13 31 1
13 32 1
13 33 1
13 34 1
13 35 1
13 36 1
13 37 1
13 38 1
13 39 1
14 40 1
14 41 1
14 42 1
14 43 1
15 44 1
15 45 1
15 46 1
16 47 1
16 48 1
17 49 1
17 50 1
18 51 1
19 52 1
20 53 1
20 54 1
21 55 1
22 56 1
23 56 1
24 56 1
25 56 1
26 56 1
27 56 1
28 56 1
29 56 1
30 55 1
31 55 1
32 54 1
33 53 1
34 52 1
35 51 1
35 50 1
35 49 1
36 48 1
36 47 1
36 46 1
36 45 1
37 44 1
37 43 1
37 42 1
37 41 1
37 40 1
37 39 1
37 38 1
37 37 1
37 36 1
37 35 1
36 34 1
35 33 1
34 32 1
33 31 1
32 30 1
31 30 1
30 30 1
29 29 1
28 29 1
27 29 1
26 29 1
25 29 1
24 29 1
23 29 1
22 28 1
21 28 1
20 28 1
19 28 1
18 28 1
17 28 1
.PEN_UP
