.PEN_DOWN
54 24 1
53 24 1
52 24 1
51 24 1
50 24 1
49 24 1
48 24 1
47 23 1
46 23 1
45 22 1
45 21 1
45 20 1
45 19 1
45 18 1
45 17 1
46 16 1
47 15 1
48 14 1
49 13 1
50 12 1
51 11 1
52 10 1
53 9 1
54 8 1
55 7 1
56 6 1
57 6 1
58 5 1
59 5 1
60 4 1
61 4 1
62 3 1
63 2 1
64 2 1
65 2 1
66 2 1
67 2 1
68 1 1
69 1 1
70 1 1
71 1 1
72 1 1
73 1 1
74 1 1
75 1 1
76 1 1
77 1 1
78 1 1
79 2 1
80 2 1
81 3 1
82 3 1
83 4 1
84 5 1
85 6 1
85 7 1
86 8 1
86 9 1
86 10 1
86 11 1
86 12 1
86 13 1
86 14 1
86 15 1
86 16 1
86 17 1
86 18 1
86 19 1
86 20 1
86 21 1
86 22 1
86 23 1
85 24 1
85 25 1
84 26 1
83 27 1
82 27 1
81 28 1
79 28 1
78 28 1
77 28 1
76 29 1
75 29 1
74 29 1
73 29 1
72 29 1
71 29 1
70 29 1
69 29 1
68 29 1
67 29 1
66 28 1
65 28 1
64 27 1
64 26 1
64 25 1
64 24 1
65 23 1
66 22 1
67 21 1
68 21 1
69 21 1
70 22 1
71 22 1
72 22 1
73 23 1
74 23 1
75 24 1
76 25 1
76 26 1
76 27 1
.PEN_UP
.PEN_DOWN
80 28 1
81 30 1
82 31 1
82 32 1
82 33 1
83 34 1
83 35 1
84 36 1
84 37 1
84 38 1
85 39 1
85 40 1
85 41 1
86 42 1
86 43 1
86 44 1
86 45 1
87 46 1
87 47 1
.PEN_UP
.PEN_DOWN
31 53 1
30 53 1
29 53 1
28 53 1
27 53 1
26 53 1
25 53 1
24 53 1
23 53 1
22 53 1
21 53 1
20 53 1
19 53 1
18 53 1
17 53 1
16 53 1
15 53 1
14 53 1
13 53 1
12 53 1
11 53 1
10 53 1
9 53 1
8 52 1
7 52 1
6 52 1
5 51 1
5 50 1
4 49 1
5 48 1
5 47 1
6 46 1
7 46 1
8 46 1
9 45 1
10 45 1
11 44 1
12 44 1
13 43 1
14 43 1
15 43 1
16 43 1
17 42 1
18 42 1
19 42 1
20 42 1
21 42 1
22 42 1
23 41 1
24 41 1
25 41 1
26 41 1
27 40 1
28 40 1
29 40 1
30 40 1
31 40 1
32 40 1
33 40 1
34 40 1
35 40 1
36 40 1
37 40 1
38 40 1
39 40 1
40 40 1
41 40 1
42 40 1
43 41 1
44 41 1
45 41 1
46 41 1
47 41 1
48 41 1
49 41 1
50 41 1
51 41 1
52 42 1
53 42 1
54 42 1
55 43 1
56 43 1
57 43 1
58 43 1
59 44 1
60 44 1
61 44 1
62 45 1
63 45 1
64 46 1
65 46 1
66 47 1
67 47 1
68 48 1
69 49 1
70 50 1
71 50 1
72 51 1
73 52 1
74 53 1
74 54 1
75 55 1
76 56 1
77 57 1
78 58 1
79 59 1
79 60 1
80 61 1
81 62 1
81 63 1
82 64 1
82 65 1
82 66 1
82 67 1
82 68 1
82 69 1
82 70 1
81 71 1
80 72 1
79 72 1
78 72 1
77 73 1
76 73 1
75 73 1
74 74 1
73 74 1
72 74 1
71 74 1
70 74 1
69 75 1
68 75 1
67 75 1
66 76 1
63 77 1
62 77 1
61 77 1
60 77 1
59 76 1
58 76 1
57 76 1
56 76 1
55 76 1
54 76 1
53 76 1
52 75 1
51 75 1
50 75 1
49 75 1
47 74 1
46 73 1
45 72 1
44 72 1
43 72 1
42 72 1
41 71 1
40 71 1
39 71 1
38 71 1
37 70 1
36 70 1
35 70 1
34 70 1
33 70 1
32 70 1
31 70 1
30 70 1
29 70 1
28 70 1
27 70 1
26 70 1
25 70 1
24 70 1
23 70 1
22 70 1
21 70 1
20 70 1
19 70 1
18 71 1
17 71 1
16 71 1
15 71 1
14 71 1
13 71 1
12 71 1
11 71 1
10 72 1
9 72 1
8 72 1
7 72 1
6 73 1
5 73 1
4 74 1
3 74 1
2 75 1
2 76 1
1 77 1
1 78 1
1 79 1
2 80 1
3 80 1
4 80 1
5 81 1
6 81 1
7 81 1
8 81 1
9 81 1
10 81 1
11 81 1
12 81 1
13 81 1
14 81 1
15 81 1
16 81 1
17 81 1
18 81 1
19 81 1
20 81 1
21 81 1
22 81 1
23 81 1
24 81 1
25 81 1
26 81 1
27 81 1
28 81 1
29 81 1
30 81 1
31 80 1
32 80 1
33 80 1
34 80 1
35 80 1
36 80 1
37 80 1
38 80 1
39 79 1
40 79 1
41 79 1
42 79 1
43 79 1
44 78 1
45 78 1
46 78 1
47 77 1
48 76 1
.PEN_UP
.PEN_DOWN
65 76 1
66 79 1
66 80 1
66 81 1
67 82 1
68 83 1
69 84 1
69 85 1
70 86 1
70 87 1
70 88 1
72 90 1
73 91 1
74 92 1
75 93 1
75 94 1
76 95 1
77 96 1
78 97 1
79 98 1
79 99 1
80 100 1
80 101 1
80 102 1
81 103 1
81 104 1
82 105 1
82 106 1
82 107 1
83 108 1
83 109 1
83 110 1
83 111 1
84 112 1
84 113 1
84 114 1
84 115 1
84 116 1
84 117 1
83 118 1
82 119 1
81 120 1
80 121 1
79 121 1
78 121 1
77 121 1
76 121 1
75 121 1
74 121 1
73 121 1
72 121 1
71 121 1
70 120 1
69 120 1
68 120 1
67 120 1
66 119 1
66 118 1
65 117 1
63 116 1
62 116 1
61 116 1
60 116 1
59 115 1
58 115 1
57 115 1
56 115 1
55 114 1
54 114 1
53 114 1
52 114 1
51 113 1
50 113 1
49 113 1
48 113 1
47 113 1
46 113 1
45 112 1
44 112 1
43 112 1
42 112 1
41 111 1
40 110 1
39 109 1
39 108 1
38 107 1
38 106 1
38 105 1
38 104 1
38 103 1
38 102 1
38 101 1
39 100 1
40 99 1
41 98 1
42 97 1
43 96 1
44 95 1
45 94 1
46 93 1
47 93 1
48 92 1
49 91 1
50 90 1
51 90 1
52 90 1
53 89 1
54 89 1
55 89 1
56 89 1
57 88 1
58 88 1
59 88 1
60 88 1
61 88 1
62 88 1
63 88 1
64 88 1
65 88 1
66 88 1
67 89 1
68 89 1
69 89 1
.PEN_UP
.PEN_DOWN
64 116 1
66 115 1
67 114 1
68 114 1
69 114 1
70 114 1
71 114 1
72 114 1
73 114 1
74 113 1
75 112 1
.PEN_UP
.PEN_DOWN
53 128 1
54 128 1
55 127 1
56 127 1
57 127 1
58 127 1
59 127 1
60 127 1
61 127 1
62 127 1
63 127 1
64 128 1
65 128 1
66 128 1
67 129 1
68 129 1
69 130 1
70 130 1
71 131 1
72 132 1
73 133 1
74 133 1
75 134 1
76 135 1
77 136 1
77 137 1
78 138 1
79 139 1
80 140 1
81 141 1
81 142 1
82 143 1
82 144 1
82 145 1
82 146 1
82 147 1
83 148 1
83 149 1
82 150 1
81 151 1
80 152 1
77 152 1
76 152 1
75 152 1
74 152 1
73 151 1
72 151 1
71 151 1
70 151 1
69 151 1
68 151 1
67 150 1
66 150 1
65 150 1
64 150 1
63 150 1
62 150 1
61 149 1
60 149 1
59 149 1
.PEN_UP
.PEN_DOWN
79 152 1
80 154 1
80 155 1
80 156 1
81 157 1
82 158 1
83 159 1
83 160 1
84 161 1
84 162 1
85 163 1
85 164 1
85 165 1
85 166 1
85 167 1
86 168 1
86 169 1
86 170 1
86 171 1
86 172 1
85 173 1
85 174 1
85 175 1
84 176 1
83 177 1
82 177 1
81 177 1
80 177 1
79 177 1
78 178 1
77 178 1
76 177 1
75 177 1
74 177 1
73 177 1
72 177 1
71 176 1
70 176 1
69 176 1
68 176 1
67 176 1
66 175 1
65 175 1
64 175 1
63 174 1
62 174 1
61 174 1
60 174 1
59 173 1
58 173 1
57 172 1
56 172 1
55 172 1
54 171 1
53 171 1
52 171 1
51 171 1
49 170 1
48 170 1
47 169 1
.PEN_UP
.PEN_DOWN
50 171 1
50 173 1
51 174 1
51 175 1
51 176 1
52 177 1
53 178 1
54 179 1
55 180 1
56 181 1
56 182 1
57 183 1
58 184 1
58 185 1
58 186 1
59 187 1
59 188 1
60 189 1
61 188 1
62 188 1
63 188 1
64 188 1
65 188 1
66 187 1
67 187 1
68 187 1
69 187 1
70 187 1
71 186 1
72 186 1
73 186 1
74 186 1
75 186 1
76 186 1
77 186 1
78 187 1
79 187 1
80 187 1
81 187 1
82 188 1
83 188 1
84 189 1
85 189 1
86 190 1
87 191 1
88 192 1
89 193 1
90 194 1
90 195 1
91 196 1
92 197 1
92 198 1
92 199 1
93 200 1
93 201 1
93 202 1
94 203 1
94 204 1
94 205 1
94 206 1
94 207 1
94 208 1
94 209 1
94 210 1
94 211 1
.PEN_UP
.PEN_DOWN
60 190 1
58 192 1
57 192 1
56 192 1
55 192 1
54 193 1
53 194 1
52 195 1
51 196 1
50 197 1
49 198 1
48 199 1
47 200 1
46 201 1
45 202 1
44 203 1
44 204 1
43 205 1
43 206 1
43 207 1
43 208 1
43 209 1
44 210 1
45 211 1
46 212 1
47 212 1
48 212 1
49 212 1
50 211 1
51 211 1
52 211 1
53 210 1
54 210 1
55 210 1
56 209 1
57 208 1
58 207 1
59 206 1
60 205 1
60 204 1
61 203 1
61 202 1
61 201 1
61 200 1
61 199 1
61 198 1
61 197 1
61 196 1
61 195 1
62 194 1
62 193 1
62 192 1
61 191 1
.PEN_UP
.PEN_DOWN
24 253 1
25 252 1
26 252 1
27 252 1
28 252 1
29 251 1
30 251 1
31 251 1
32 251 1
33 251 1
34 251 1
35 251 1
36 251 1
37 251 1
38 250 1
39 250 1
40 250 1
41 250 1
42 250 1
43 249 1
44 249 1
45 249 1
46 249 1
48 250 1
49 250 1
50 250 1
51 250 1
52 250 1
53 250 1
54 250 1
55 249 1
56 248 1
57 247 1
59 245 1
60 245 1
61 245 1
62 245 1
63 244 1
65 244 1
66 244 1
67 244 1
68 244 1
69 244 1
70 244 1
71 244 1
72 244 1
73 244 1
74 244 1
75 244 1
76 244 1
77 244 1
78 244 1
79 244 1
80 244 1
81 244 1
82 244 1
83 244 1
84 244 1
85 244 1
87 245 1
88 245 1
89 246 1
90 246 1
91 247 1
92 247 1
93 247 1
94 248 1
95 248 1
96 249 1
97 249 1
98 250 1
99 250 1
100 251 1
.PEN_UP
.PEN_DOWN
86 243 1
87 242 1
87 241 1
88 240 1
89 239 1
90 238 1
90 237 1
91 236 1
91 235 1
91 234 1
91 233 1
91 232 1
91 231 1
91 230 1
91 229 1
90 228 1
90 227 1
90 226 1
89 225 1
89 224 1
88 223 1
87 222 1
86 221 1
85 221 1
84 220 1
83 220 1
82 219 1
81 219 1
80 219 1
79 219 1
78 219 1
77 219 1
76 220 1
75 220 1
74 220 1
73 220 1
72 221 1
71 222 1
70 223 1
69 224 1
68 225 1
67 226 1
66 227 1
65 228 1
65 229 1
64 230 1
64 231 1
63 232 1
63 233 1
63 234 1
63 235 1
63 236 1
62 237 1
62 238 1
62 239 1
62 240 1
62 241 1
63 242 1
63 243 1
.PEN_UP
.PEN_DOWN
57 246 1
56 244 1
55 244 1
54 244 1
53 244 1
52 244 1
51 244 1
50 244 1
49 245 1
48 246 1
47 247 1
47 248 1
.PEN_UP
