.PEN_DOWN
42 1 1
42 2 1
41 3 1
41 4 1
40 5 1
40 6 1
39 7 1
38 8 1
38 9 1
37 10 1
37 11 1
36 12 1
36 13 1
35 14 1
35 15 1
35 16 1
35 17 1
34 18 1
34 19 1
35 20 1
33 21 1
32 22 1
31 23 1
30 24 1
30 25 1
29 26 1
28 27 1
28 28 1
27 29 1
27 30 1
26 31 1
26 32 1
25 33 1
25 34 1
24 35 1
24 36 1
23 37 1
23 38 1
22 39 1
21 40 1
21 41 1
20 42 1
19 43 1
19 44 1
18 45 1
18 46 1
17 47 1
17 48 1
16 49 1
16 50 1
15 51 1
14 52 1
14 53 1
13 54 1
12 55 1
12 56 1
11 57 1
11 58 1
10 59 1
10 60 1
9 61 1
8 62 1
8 63 1
7 64 1
7 65 1
6 66 1
5 67 1
5 68 1
4 69 1
3 70 1
3 71 1
2 72 1
1 73 1
.PEN_UP
.PEN_DOWN
34 21 1
36 22 1
37 23 1
37 24 1
37 25 1
37 26 1
38 27 1
38 28 1
39 29 1
39 30 1
39 31 1
41 32 1
42 33 1
43 33 1
44 34 1
44 35 1
44 36 1
44 37 1
44 38 1
44 39 1
44 40 1
44 41 1
44 42 1
44 43 1
44 44 1
44 45 1
43 46 1
43 47 1
43 48 1
43 49 1
43 50 1
42 51 1
42 52 1
42 53 1
41 54 1
40 55 1
39 56 1
39 57 1
38 58 1
38 59 1
37 60 1
36 60 1
35 61 1
34 61 1
33 62 1
32 62 1
31 61 1
31 60 1
30 59 1
31 58 1
31 57 1
31 56 1
31 55 1
32 54 1
32 53 1
32 52 1
32 51 1
32 50 1
33 49 1
33 48 1
33 47 1
33 46 1
34 45 1
34 44 1
35 43 1
35 42 1
35 41 1
35 40 1
36 39 1
36 38 1
36 37 1
37 36 1
37 35 1
37 34 1
38 33 1
39 32 1
.PEN_UP
