.PEN_DOWN
7 70 1
6 70 1
5 69 1
4 69 1
3 69 1
2 69 1
1 68 1
1 67 1
1 66 1
1 65 1
2 64 1
3 63 1
4 62 1
5 61 1
6 60 1
7 59 1
8 58 1
9 58 1
10 57 1
11 56 1
12 56 1
13 55 1
14 54 1
15 53 1
16 52 1
17 51 1
18 51 1
19 50 1
20 49 1
21 49 1
22 48 1
23 47 1
24 47 1
25 46 1
26 45 1
27 45 1
28 45 1
29 44 1
30 44 1
31 43 1
32 43 1
33 42 1
34 41 1
35 41 1
36 40 1
37 40 1
38 39 1
39 39 1
40 38 1
41 38 1
42 37 1
43 37 1
44 36 1
45 35 1
46 35 1
47 34 1
48 34 1
49 33 1
50 32 1
51 32 1
52 31 1
53 30 1
54 29 1
55 29 1
56 28 1
57 28 1
58 27 1
59 27 1
60 26 1
61 26 1
62 26 1
63 25 1
64 24 1
65 23 1
66 23 1
67 22 1
68 21 1
69 21 1
70 20 1
71 19 1
72 18 1
73 17 1
74 16 1
75 15 1
76 15 1
77 14 1
78 14 1
79 13 1
80 13 1
81 13 1
82 13 1
83 13 1
84 13 1
85 14 1
86 15 1
86 16 1
85 17 1
85 18 1
85 19 1
85 20 1
85 21 1
84 22 1
83 23 1
.PEN_UP
.PEN_DOWN
49 53 1
49 52 1
49 51 1
50 50 1
51 49 1
51 48 1
52 47 1
53 46 1
54 45 1
55 44 1
56 43 1
57 42 1
58 41 1
59 40 1
60 39 1
61 38 1
61 37 1
62 36 1
63 35 1
64 35 1
65 34 1
66 34 1
67 33 1
68 32 1
69 32 1
70 31 1
71 31 1
72 30 1
73 30 1
74 30 1
75 31 1
76 32 1
77 33 1
77 34 1
77 35 1
77 36 1
77 37 1
77 38 1
77 39 1
77 40 1
77 41 1
77 42 1
77 43 1
76 44 1
76 45 1
77 46 1
76 49 1
75 50 1
75 51 1
74 52 1
73 53 1
72 54 1
71 55 1
70 56 1
69 57 1
68 58 1
67 59 1
66 60 1
65 61 1
64 62 1
63 63 1
62 64 1
61 65 1
60 66 1
59 67 1
58 68 1
57 69 1
56 70 1
55 71 1
54 72 1
53 73 1
52 73 1
51 74 1
.PEN_UP
.PEN_DOWN
77 47 1
79 47 1
80 46 1
81 46 1
82 46 1
83 46 1
84 46 1
85 45 1
86 44 1
87 44 1
88 43 1
89 42 1
90 42 1
91 41 1
92 41 1
93 40 1
94 40 1
95 39 1
96 39 1
97 38 1
98 37 1
99 36 1
100 35 1
102 35 1
103 34 1
104 34 1
105 34 1
106 34 1
107 33 1
108 33 1
109 33 1
110 32 1
111 31 1
112 30 1
113 30 1
114 29 1
115 29 1
116 29 1
117 28 1
118 27 1
119 26 1
120 26 1
121 25 1
122 25 1
123 24 1
124 23 1
125 22 1
126 22 1
127 21 1
128 21 1
129 21 1
130 20 1
131 19 1
132 18 1
133 17 1
134 17 1
135 16 1
136 15 1
137 14 1
138 14 1
139 13 1
139 12 1
140 11 1
141 10 1
141 9 1
141 8 1
142 7 1
141 6 1
141 5 1
141 4 1
140 3 1
139 2 1
138 1 1
137 1 1
136 1 1
135 1 1
134 1 1
133 1 1
132 1 1
131 1 1
130 1 1
129 2 1
128 2 1
127 2 1
126 3 1
125 4 1
124 4 1
123 4 1
122 5 1
121 6 1
120 7 1
119 8 1
118 8 1
117 9 1
116 10 1
115 11 1
114 11 1
113 12 1
112 13 1
111 14 1
110 15 1
109 16 1
108 17 1
107 18 1
107 19 1
106 20 1
106 21 1
105 22 1
104 23 1
103 24 1
103 25 1
102 26 1
101 27 1
101 28 1
101 29 1
101 30 1
101 31 1
100 32 1
100 33 1
100 34 1
.PEN_UP
.PEN_DOWN
75 79 1
74 80 1
73 81 1
72 82 1
71 83 1
70 84 1
69 85 1
68 85 1
67 86 1
66 87 1
65 88 1
65 89 1
64 90 1
63 91 1
62 92 1
61 92 1
60 93 1
59 94 1
58 95 1
57 96 1
56 97 1
55 97 1
54 98 1
53 99 1
53 100 1
.PEN_UP
.PEN_DOWN
33 119 1
32 119 1
31 119 1
30 119 1
29 119 1
28 119 1
27 119 1
26 119 1
25 120 1
24 121 1
23 122 1
22 122 1
.PEN_UP
.PEN_DOWN
75 110 1
75 109 1
76 108 1
77 107 1
78 106 1
79 105 1
79 104 1
79 103 1
80 102 1
80 101 1
80 100 1
79 99 1
78 98 1
77 98 1
76 98 1
75 98 1
74 98 1
73 98 1
72 98 1
71 98 1
70 98 1
69 99 1
68 99 1
67 100 1
66 100 1
65 101 1
64 102 1
63 102 1
62 103 1
61 104 1
60 104 1
59 105 1
58 106 1
57 107 1
56 108 1
55 109 1
55 110 1
54 111 1
53 112 1
53 113 1
52 114 1
51 115 1
51 116 1
50 117 1
50 118 1
50 119 1
49 120 1
49 121 1
49 122 1
49 123 1
49 124 1
48 125 1
48 126 1
48 127 1
48 128 1
49 129 1
49 130 1
49 131 1
49 132 1
50 133 1
51 134 1
52 135 1
53 136 1
54 136 1
55 136 1
56 136 1
57 136 1
58 136 1
59 136 1
60 136 1
61 136 1
62 136 1
63 136 1
64 136 1
65 135 1
66 135 1
67 135 1
68 135 1
69 134 1
70 134 1
71 133 1
72 132 1
73 132 1
74 131 1
75 131 1
76 130 1
77 130 1
78 130 1
79 129 1
80 128 1
81 127 1
81 126 1
82 125 1
83 124 1
.PEN_UP
.PEN_DOWN
68 174 1
69 173 1
70 172 1
71 172 1
72 171 1
73 170 1
74 169 1
75 168 1
76 167 1
76 166 1
77 165 1
78 164 1
79 163 1
80 162 1
81 161 1
83 160 1
84 160 1
85 160 1
86 159 1
87 159 1
88 158 1
89 157 1
90 156 1
91 156 1
92 155 1
93 155 1
94 154 1
95 153 1
96 152 1
97 151 1
98 151 1
99 150 1
100 149 1
101 148 1
102 148 1
103 147 1
104 147 1
105 146 1
106 146 1
107 145 1
108 144 1
109 144 1
110 143 1
111 143 1
112 142 1
113 142 1
114 141 1
115 140 1
117 139 1
118 139 1
119 139 1
120 138 1
121 138 1
122 137 1
123 137 1
124 136 1
125 136 1
126 136 1
127 135 1
128 134 1
129 134 1
130 133 1
131 132 1
132 132 1
133 131 1
134 131 1
135 130 1
136 129 1
137 128 1
138 127 1
138 126 1
139 125 1
140 124 1
141 123 1
141 122 1
142 121 1
142 120 1
142 119 1
143 118 1
143 117 1
144 116 1
144 115 1
144 114 1
144 113 1
144 112 1
144 111 1
144 110 1
144 109 1
143 108 1
143 107 1
143 106 1
142 105 1
142 104 1
141 103 1
140 102 1
139 102 1
138 102 1
137 101 1
136 102 1
135 102 1
134 102 1
133 102 1
132 103 1
131 103 1
130 104 1
129 105 1
128 105 1
127 106 1
126 107 1
125 108 1
124 109 1
123 110 1
122 111 1
121 112 1
121 113 1
120 114 1
120 115 1
119 116 1
119 117 1
118 118 1
118 119 1
118 120 1
117 121 1
117 122 1
117 123 1
117 124 1
116 125 1
116 126 1
116 127 1
115 128 1
115 129 1
115 130 1
115 131 1
115 132 1
115 133 1
115 134 1
115 135 1
115 136 1
115 137 1
115 138 1
.PEN_UP
.PEN_DOWN
81 160 1
81 158 1
81 157 1
81 156 1
81 155 1
81 154 1
81 153 1
81 152 1
82 151 1
82 150 1
82 149 1
82 148 1
82 147 1
82 146 1
82 145 1
81 144 1
80 143 1
79 143 1
78 143 1
77 142 1
76 143 1
75 143 1
74 143 1
73 144 1
72 145 1
71 145 1
70 146 1
69 147 1
68 148 1
67 149 1
66 150 1
66 151 1
65 152 1
64 153 1
63 154 1
62 155 1
62 156 1
61 157 1
60 158 1
59 159 1
59 160 1
58 161 1
58 162 1
57 163 1
57 164 1
57 165 1
56 166 1
56 167 1
56 168 1
55 169 1
55 170 1
55 171 1
55 172 1
55 173 1
56 174 1
56 175 1
57 176 1
58 177 1
59 178 1
60 178 1
.PEN_UP
