.PEN_DOWN
24 31 1
25 30 1
26 29 1
27 28 1
28 27 1
29 26 1
30 25 1
31 25 1
32 24 1
33 23 1
33 22 1
34 21 1
36 21 1
37 21 1
38 21 1
39 21 1
40 21 1
41 21 1
42 21 1
43 21 1
44 21 1
45 20 1
46 20 1
47 19 1
48 19 1
49 18 1
50 18 1
51 17 1
52 17 1
53 16 1
53 15 1
54 14 1
54 13 1
54 12 1
54 11 1
54 10 1
53 9 1
53 8 1
52 7 1
51 6 1
50 5 1
49 4 1
48 3 1
47 2 1
46 2 1
45 2 1
44 1 1
43 1 1
42 1 1
41 1 1
40 1 1
39 2 1
38 2 1
37 2 1
36 3 1
35 3 1
34 4 1
33 5 1
32 6 1
32 7 1
32 8 1
31 9 1
31 10 1
31 11 1
31 12 1
31 13 1
31 14 1
32 15 1
32 16 1
33 17 1
33 18 1
33 19 1
34 20 1
.PEN_UP
.PEN_DOWN
1 49 1
2 49 1
3 50 1
4 50 1
5 50 1
6 50 1
7 48 1
8 47 1
9 46 1
10 46 1
11 46 1
12 46 1
13 46 1
14 46 1
15 46 1
16 46 1
17 45 1
18 45 1
19 45 1
20 45 1
21 45 1
22 45 1
23 45 1
24 45 1
25 45 1
26 44 1
27 44 1
28 44 1
29 44 1
30 44 1
31 44 1
32 44 1
33 44 1
34 44 1
35 44 1
36 44 1
37 44 1
38 46 1
38 47 1
38 48 1
38 49 1
38 50 1
37 51 1
37 52 1
37 53 1
37 54 1
37 55 1
37 56 1
37 57 1
37 58 1
37 59 1
37 60 1
38 61 1
38 62 1
37 63 1
37 64 1
37 65 1
38 66 1
38 67 1
.PEN_UP
.PEN_DOWN
39 43 1
40 42 1
42 42 1
43 42 1
44 42 1
45 42 1
46 42 1
47 42 1
48 42 1
49 42 1
50 42 1
51 42 1
52 42 1
53 42 1
54 42 1
55 42 1
56 41 1
57 41 1
58 41 1
59 41 1
60 41 1
61 41 1
62 41 1
63 41 1
64 41 1
65 41 1
66 41 1
67 41 1
68 42 1
69 42 1
70 42 1
71 42 1
72 42 1
73 42 1
74 42 1
75 42 1
76 42 1
77 42 1
78 42 1
79 42 1
80 43 1
81 42 1
82 42 1
.PEN_UP
.PEN_DOWN
40 41 1
41 40 1
41 39 1
41 38 1
41 37 1
41 36 1
42 35 1
42 34 1
43 33 1
.PEN_UP
.PEN_DOWN
7 49 1
8 51 1
8 52 1
9 53 1
10 54 1
11 54 1
.PEN_UP
