.PEN_DOWN
30 2 1
31 2 1
32 2 1
33 2 1
34 1 1
35 1 1
36 1 1
37 2 1
38 2 1
39 2 1
40 2 1
41 2 1
42 2 1
43 2 1
44 2 1
45 3 1
46 3 1
47 3 1
48 3 1
49 4 1
50 4 1
51 5 1
52 6 1
53 7 1
54 8 1
55 9 1
55 10 1
55 11 1
55 12 1
54 13 1
53 14 1
52 15 1
51 16 1
50 16 1
49 17 1
48 17 1
47 18 1
46 18 1
45 18 1
44 19 1
44 20 1
43 21 1
42 21 1
41 21 1
40 21 1
39 21 1
.PEN_UP
.PEN_DOWN
44 22 1
45 23 1
46 23 1
47 23 1
48 23 1
49 24 1
50 24 1
51 25 1
52 26 1
53 26 1
54 27 1
55 28 1
56 29 1
57 30 1
57 31 1
58 32 1
58 33 1
59 34 1
59 35 1
59 36 1
59 37 1
59 38 1
59 39 1
58 40 1
57 41 1
56 42 1
55 43 1
54 44 1
53 44 1
52 44 1
51 45 1
50 45 1
49 45 1
48 45 1
47 45 1
46 45 1
45 45 1
44 45 1
43 45 1
42 45 1
41 45 1
40 45 1
39 45 1
38 45 1
37 45 1
36 45 1
35 45 1
34 45 1
33 45 1
32 44 1
31 44 1
30 43 1
29 43 1
28 43 1
27 42 1
26 42 1
25 41 1
24 41 1
23 41 1
22 42 1
21 43 1
21 44 1
21 45 1
20 46 1
20 47 1
.PEN_UP
.PEN_DOWN
8 61 1
9 60 1
10 60 1
11 59 1
12 59 1
13 59 1
14 59 1
15 59 1
16 59 1
17 59 1
18 59 1
19 59 1
20 59 1
21 59 1
22 59 1
23 58 1
24 58 1
25 58 1
26 58 1
27 57 1
28 57 1
29 57 1
30 57 1
31 57 1
32 57 1
33 58 1
34 58 1
35 58 1
36 58 1
37 58 1
38 58 1
39 58 1
40 58 1
41 58 1
42 58 1
43 59 1
44 59 1
45 60 1
46 61 1
46 62 1
46 63 1
45 64 1
45 65 1
44 66 1
43 66 1
42 67 1
41 68 1
40 68 1
39 69 1
38 69 1
37 70 1
36 71 1
35 71 1
34 72 1
33 72 1
32 73 1
31 74 1
31 75 1
30 76 1
28 77 1
27 77 1
26 78 1
25 78 1
24 79 1
23 79 1
22 79 1
21 79 1
.PEN_UP
.PEN_DOWN
29 77 1
31 78 1
32 78 1
33 78 1
34 78 1
35 78 1
36 78 1
37 78 1
38 79 1
39 79 1
40 79 1
41 80 1
42 80 1
43 81 1
44 82 1
45 83 1
46 84 1
46 85 1
46 86 1
46 87 1
46 88 1
46 89 1
46 90 1
46 91 1
46 92 1
46 93 1
46 94 1
45 95 1
44 96 1
43 97 1
40 96 1
39 95 1
38 94 1
37 93 1
36 92 1
35 91 1
34 90 1
33 90 1
32 90 1
31 89 1
30 89 1
29 88 1
28 88 1
27 88 1
26 88 1
25 89 1
24 89 1
23 89 1
22 90 1
21 91 1
20 92 1
20 93 1
19 94 1
19 95 1
18 96 1
18 97 1
17 98 1
17 99 1
17 100 1
18 101 1
18 102 1
18 103 1
19 104 1
20 105 1
21 106 1
22 106 1
23 106 1
24 106 1
25 106 1
26 106 1
27 106 1
28 106 1
29 106 1
30 106 1
31 105 1
32 105 1
33 105 1
34 105 1
35 104 1
36 104 1
37 104 1
38 103 1
39 102 1
40 102 1
41 101 1
43 102 1
44 103 1
44 104 1
45 105 1
45 106 1
46 107 1
46 108 1
46 109 1
46 110 1
46 111 1
46 112 1
46 113 1
46 114 1
46 115 1
45 116 1
44 116 1
43 116 1
42 116 1
41 116 1
40 116 1
39 116 1
38 116 1
37 117 1
36 117 1
35 116 1
34 116 1
33 116 1
32 116 1
31 116 1
30 117 1
29 117 1
28 117 1
27 117 1
26 117 1
25 117 1
24 117 1
23 117 1
22 117 1
21 117 1
20 117 1
19 117 1
18 117 1
17 118 1
16 119 1
15 120 1
15 121 1
15 122 1
15 123 1
15 124 1
15 125 1
15 126 1
15 127 1
.PEN_UP
.PEN_DOWN
34 141 1
33 142 1
33 143 1
32 144 1
32 145 1
31 146 1
30 147 1
30 148 1
29 149 1
29 150 1
28 151 1
27 152 1
26 153 1
25 154 1
24 154 1
23 155 1
22 155 1
21 155 1
20 155 1
19 155 1
18 154 1
17 153 1
16 152 1
16 151 1
16 150 1
15 149 1
16 148 1
16 147 1
16 146 1
17 145 1
17 144 1
17 143 1
18 142 1
18 141 1
19 140 1
19 139 1
20 138 1
20 137 1
21 136 1
21 135 1
22 134 1
23 133 1
24 132 1
25 132 1
26 131 1
27 130 1
28 130 1
29 130 1
30 130 1
31 130 1
32 130 1
33 130 1
34 130 1
35 130 1
36 130 1
37 131 1
38 132 1
39 132 1
40 133 1
41 134 1
42 134 1
43 135 1
44 136 1
45 137 1
45 138 1
46 139 1
46 140 1
47 141 1
47 142 1
48 143 1
48 144 1
49 145 1
49 146 1
50 147 1
50 148 1
50 149 1
51 150 1
51 151 1
51 152 1
.PEN_UP
