.PEN_DOWN
39 1 1
40 1 1
41 1 1
42 1 1
43 1 1
44 1 1
45 1 1
46 1 1
47 1 1
48 1 1
49 1 1
50 1 1
51 1 1
52 1 1
53 1 1
54 1 1
55 1 1
56 1 1
57 1 1
58 1 1
59 1 1
60 1 1
61 1 1
62 2 1
63 3 1
64 3 1
65 3 1
66 3 1
67 3 1
68 3 1
69 3 1
70 3 1
71 3 1
72 3 1
73 3 1
74 3 1
75 4 1
76 4 1
77 4 1
78 4 1
79 4 1
80 4 1
81 4 1
82 5 1
83 5 1
84 5 1
85 5 1
86 5 1
87 5 1
88 5 1
89 5 1
90 5 1
91 5 1
92 5 1
93 5 1
94 5 1
95 5 1
96 5 1
97 5 1
98 5 1
99 5 1
100 6 1
101 6 1
102 6 1
103 6 1
104 6 1
105 6 1
106 6 1
107 6 1
108 6 1
109 6 1
110 6 1
111 7 1
112 7 1
113 7 1
114 7 1
115 7 1
116 8 1
117 8 1
118 8 1
119 8 1
120 8 1
121 8 1
122 8 1
123 9 1
124 9 1
125 9 1
126 9 1
127 9 1
128 9 1
129 9 1
130 9 1
.PEN_UP
.PEN_DOWN
62 4 1
61 5 1
60 6 1
59 7 1
58 7 1
57 7 1
56 7 1
55 7 1
54 8 1
53 8 1
52 9 1
51 9 1
50 10 1
49 10 1
48 11 1
47 12 1
46 13 1
45 13 1
44 14 1
43 15 1
42 16 1
41 17 1
40 18 1
39 19 1
38 20 1
37 21 1
37 22 1
36 23 1
36 24 1
36 25 1
37 26 1
37 27 1
38 28 1
39 28 1
40 29 1
41 29 1
42 29 1
43 30 1
44 30 1
45 30 1
46 31 1
47 31 1
48 31 1
49 31 1
50 31 1
51 31 1
52 31 1
53 31 1
54 31 1
55 31 1
56 31 1
57 31 1
58 31 1
59 31 1
60 31 1
61 31 1
62 31 1
63 31 1
64 30 1
65 30 1
66 30 1
67 30 1
68 30 1
69 30 1
70 30 1
71 30 1
72 30 1
73 29 1
74 29 1
75 29 1
76 29 1
77 28 1
78 28 1
79 28 1
80 27 1
81 27 1
82 27 1
83 26 1
84 25 1
85 25 1
86 24 1
87 23 1
88 22 1
89 21 1
90 20 1
90 19 1
90 18 1
90 17 1
90 16 1
89 15 1
88 14 1
87 13 1
86 13 1
85 13 1
84 13 1
83 13 1
82 13 1
.PEN_UP
.PEN_DOWN
1 54 1
2 54 1
3 53 1
4 53 1
5 53 1
6 52 1
7 52 1
8 52 1
9 52 1
10 52 1
11 52 1
12 52 1
13 52 1
14 52 1
15 52 1
16 52 1
17 52 1
18 52 1
19 52 1
20 52 1
21 52 1
22 51 1
23 51 1
24 51 1
25 51 1
26 51 1
27 51 1
28 51 1
29 51 1
30 51 1
31 51 1
32 51 1
33 51 1
34 51 1
35 51 1
36 51 1
37 51 1
38 51 1
39 51 1
40 51 1
41 51 1
42 51 1
43 51 1
44 51 1
45 51 1
46 51 1
47 51 1
48 51 1
49 51 1
50 51 1
51 51 1
52 51 1
53 51 1
54 51 1
55 51 1
56 51 1
57 51 1
58 51 1
59 51 1
60 51 1
61 51 1
62 51 1
63 52 1
64 52 1
65 52 1
66 52 1
67 52 1
68 53 1
69 53 1
70 53 1
71 53 1
72 53 1
73 53 1
74 53 1
75 54 1
76 54 1
77 55 1
78 55 1
79 56 1
80 57 1
81 58 1
81 59 1
82 60 1
82 61 1
82 62 1
82 63 1
81 64 1
81 65 1
80 66 1
80 67 1
80 68 1
.PEN_UP
.PEN_DOWN
46 102 1
46 103 1
46 104 1
46 105 1
46 106 1
48 107 1
49 107 1
50 107 1
51 107 1
52 107 1
53 106 1
54 105 1
55 105 1
57 106 1
58 106 1
59 106 1
60 106 1
61 106 1
62 106 1
63 106 1
64 106 1
65 106 1
66 106 1
67 107 1
68 107 1
69 108 1
70 109 1
71 110 1
72 111 1
72 112 1
72 113 1
72 114 1
72 115 1
72 116 1
72 117 1
72 118 1
71 119 1
71 120 1
70 121 1
70 122 1
69 123 1
69 124 1
68 125 1
67 125 1
66 126 1
65 127 1
64 128 1
63 128 1
62 129 1
.PEN_UP
.PEN_DOWN
56 104 1
56 103 1
57 102 1
57 101 1
58 100 1
59 99 1
60 98 1
61 98 1
62 97 1
63 96 1
64 96 1
65 95 1
66 94 1
67 93 1
68 92 1
69 91 1
70 90 1
71 90 1
72 89 1
73 88 1
74 87 1
75 86 1
75 85 1
76 84 1
77 83 1
77 82 1
77 81 1
77 80 1
77 79 1
77 78 1
77 77 1
76 76 1
75 75 1
74 74 1
73 73 1
72 73 1
71 73 1
70 73 1
69 73 1
68 73 1
67 73 1
66 73 1
65 73 1
64 73 1
63 74 1
62 74 1
61 74 1
60 75 1
59 75 1
58 76 1
57 76 1
56 77 1
55 77 1
54 78 1
53 78 1
52 79 1
51 79 1
50 80 1
49 80 1
48 81 1
47 82 1
46 83 1
45 84 1
44 84 1
43 85 1
42 86 1
41 86 1
40 87 1
39 88 1
38 89 1
37 90 1
36 91 1
35 92 1
34 93 1
34 94 1
33 95 1
32 96 1
32 97 1
31 98 1
31 99 1
31 100 1
30 101 1
30 102 1
31 103 1
31 104 1
31 105 1
32 106 1
33 107 1
34 108 1
35 108 1
36 108 1
37 108 1
38 108 1
39 108 1
40 108 1
41 108 1
42 108 1
43 108 1
44 108 1
45 108 1
46 107 1
.PEN_UP
.PEN_DOWN
38 154 1
37 154 1
36 154 1
35 153 1
35 152 1
35 151 1
35 150 1
36 149 1
36 148 1
37 147 1
38 146 1
39 145 1
40 144 1
41 143 1
42 142 1
43 141 1
44 140 1
45 139 1
46 138 1
47 138 1
48 138 1
49 137 1
50 136 1
51 136 1
52 135 1
53 135 1
54 134 1
55 134 1
56 134 1
57 134 1
58 134 1
59 134 1
60 134 1
61 134 1
62 134 1
63 134 1
64 134 1
65 135 1
66 135 1
67 136 1
68 137 1
69 138 1
70 139 1
70 140 1
70 141 1
70 142 1
70 143 1
70 144 1
70 145 1
70 146 1
70 147 1
70 148 1
70 149 1
70 150 1
70 151 1
70 152 1
69 153 1
69 154 1
68 155 1
68 156 1
67 157 1
67 158 1
66 159 1
66 160 1
65 161 1
65 162 1
64 163 1
64 164 1
63 165 1
63 166 1
62 167 1
63 170 1
64 170 1
65 171 1
65 172 1
65 173 1
65 174 1
65 175 1
65 176 1
65 177 1
64 178 1
64 179 1
64 180 1
64 181 1
63 182 1
63 183 1
62 184 1
61 185 1
61 186 1
60 187 1
59 188 1
58 189 1
57 190 1
56 190 1
.PEN_UP
.PEN_DOWN
60 168 1
59 168 1
57 167 1
56 166 1
55 166 1
54 166 1
53 166 1
52 166 1
51 166 1
50 166 1
49 167 1
48 167 1
47 167 1
46 167 1
45 168 1
44 168 1
43 169 1
42 169 1
41 170 1
40 171 1
39 172 1
38 173 1
37 173 1
36 174 1
35 175 1
34 176 1
33 177 1
33 178 1
32 179 1
31 180 1
31 181 1
30 182 1
30 183 1
29 184 1
29 185 1
29 186 1
29 187 1
29 188 1
29 189 1
30 190 1
31 191 1
32 191 1
33 191 1
34 191 1
35 190 1
36 190 1
37 189 1
38 189 1
39 189 1
40 188 1
41 187 1
42 186 1
43 186 1
44 185 1
45 184 1
46 183 1
47 183 1
48 182 1
49 181 1
50 180 1
51 179 1
52 178 1
53 177 1
54 176 1
55 175 1
56 174 1
56 173 1
56 172 1
56 171 1
57 170 1
58 169 1
.PEN_UP
