.PEN_DOWN
1 11 1
2 10 1
3 10 1
4 10 1
5 10 1
6 9 1
7 9 1
8 9 1
9 8 1
10 8 1
11 8 1
12 8 1
13 7 1
14 7 1
15 7 1
16 7 1
17 7 1
18 6 1
19 6 1
20 6 1
21 6 1
22 6 1
23 6 1
24 6 1
25 6 1
26 5 1
27 5 1
28 5 1
29 5 1
30 5 1
31 5 1
32 4 1
33 4 1
34 4 1
35 4 1
36 4 1
37 4 1
38 4 1
39 4 1
40 4 1
41 4 1
42 3 1
43 3 1
44 3 1
45 3 1
46 3 1
47 3 1
48 3 1
49 3 1
50 3 1
51 3 1
52 2 1
53 2 1
54 2 1
55 2 1
56 2 1
57 2 1
58 2 1
59 2 1
60 2 1
61 1 1
62 1 1
63 1 1
64 1 1
65 1 1
66 1 1
67 2 1
67 3 1
67 4 1
67 5 1
66 6 1
66 7 1
65 8 1
64 9 1
63 9 1
62 10 1
62 11 1
61 12 1
60 13 1
59 14 1
58 15 1
58 16 1
57 17 1
56 18 1
55 19 1
54 20 1
53 21 1
52 22 1
51 23 1
51 24 1
50 25 1
49 26 1
48 27 1
48 28 1
47 29 1
47 30 1
47 31 1
46 32 1
45 33 1
45 34 1
45 35 1
44 36 1
44 37 1
44 38 1
43 39 1
43 40 1
43 41 1
42 42 1
42 43 1
42 44 1
42 45 1
42 46 1
42 47 1
42 48 1
42 49 1
42 50 1
42 51 1
42 52 1
42 53 1
42 54 1
43 55 1
43 56 1
43 57 1
44 58 1
44 59 1
44 60 1
45 61 1
46 62 1
47 63 1
48 64 1
49 65 1
50 66 1
51 67 1
52 68 1
53 69 1
54 69 1
55 69 1
56 69 1
57 69 1
58 70 1
59 69 1
60 69 1
61 69 1
62 68 1
63 68 1
64 67 1
65 66 1
66 65 1
67 64 1
68 63 1
68 62 1
69 61 1
70 60 1
70 59 1
70 58 1
71 57 1
71 56 1
72 55 1
72 54 1
73 53 1
73 52 1
73 51 1
74 50 1
74 49 1
74 48 1
75 47 1
75 46 1
75 45 1
75 44 1
74 43 1
73 42 1
73 41 1
73 40 1
73 39 1
73 38 1
73 37 1
73 36 1
72 35 1
72 34 1
71 33 1
70 32 1
70 31 1
69 30 1
68 29 1
67 29 1
66 28 1
65 28 1
64 29 1
.PEN_UP
.PEN_DOWN
1 80 1
2 80 1
3 80 1
4 80 1
5 80 1
6 80 1
7 81 1
8 81 1
9 81 1
10 81 1
11 81 1
12 81 1
13 81 1
14 81 1
15 82 1
16 82 1
17 82 1
18 82 1
19 82 1
20 82 1
21 83 1
22 83 1
23 83 1
24 83 1
25 83 1
26 83 1
27 83 1
28 83 1
29 83 1
30 83 1
31 83 1
32 83 1
33 84 1
34 84 1
35 84 1
36 84 1
37 84 1
38 84 1
39 84 1
40 84 1
41 84 1
42 84 1
43 84 1
44 84 1
45 84 1
46 84 1
47 84 1
48 84 1
49 84 1
50 85 1
51 86 1
53 86 1
54 86 1
55 86 1
56 86 1
57 86 1
58 86 1
59 86 1
60 86 1
61 86 1
62 86 1
63 86 1
64 87 1
65 87 1
66 87 1
67 87 1
68 88 1
69 89 1
70 90 1
71 91 1
72 92 1
73 93 1
74 94 1
74 95 1
74 96 1
75 97 1
75 98 1
75 99 1
75 100 1
75 101 1
75 102 1
75 103 1
75 104 1
75 105 1
75 106 1
75 107 1
75 108 1
74 109 1
74 110 1
74 111 1
74 112 1
73 113 1
73 114 1
72 115 1
.PEN_UP
.PEN_DOWN
52 86 1
51 88 1
50 89 1
49 90 1
48 90 1
47 91 1
46 91 1
45 91 1
44 92 1
43 93 1
42 94 1
41 94 1
40 95 1
39 95 1
38 96 1
37 97 1
36 98 1
35 99 1
34 100 1
33 101 1
32 102 1
31 103 1
30 104 1
29 105 1
29 106 1
29 107 1
28 108 1
28 109 1
28 110 1
27 111 1
27 112 1
27 113 1
27 114 1
27 115 1
27 116 1
27 117 1
27 118 1
28 119 1
28 120 1
28 121 1
29 122 1
29 123 1
29 124 1
30 125 1
30 126 1
31 127 1
32 128 1
32 129 1
33 130 1
34 131 1
34 132 1
35 133 1
36 134 1
37 135 1
38 135 1
39 136 1
40 136 1
41 136 1
42 137 1
43 137 1
44 137 1
45 137 1
46 137 1
47 136 1
48 136 1
49 136 1
50 136 1
51 135 1
52 135 1
53 135 1
54 135 1
55 136 1
56 136 1
57 136 1
59 137 1
60 137 1
61 138 1
62 138 1
63 139 1
64 140 1
65 141 1
66 142 1
66 143 1
67 144 1
.PEN_UP
.PEN_DOWN
58 135 1
58 134 1
59 133 1
59 132 1
60 131 1
61 131 1
62 130 1
63 129 1
64 128 1
65 127 1
66 126 1
67 125 1
67 124 1
68 123 1
69 122 1
69 121 1
69 120 1
69 119 1
.PEN_UP
.PEN_DOWN
72 158 1
72 159 1
72 160 1
71 161 1
71 162 1
71 163 1
71 164 1
71 165 1
70 166 1
70 167 1
70 168 1
70 169 1
70 170 1
69 171 1
69 172 1
68 173 1
67 174 1
65 174 1
64 173 1
63 172 1
63 171 1
62 170 1
61 169 1
61 168 1
61 167 1
60 166 1
60 165 1
59 164 1
58 163 1
58 162 1
57 161 1
56 160 1
56 159 1
55 158 1
54 157 1
54 156 1
53 155 1
52 154 1
51 153 1
50 152 1
49 152 1
48 151 1
47 151 1
46 151 1
45 150 1
44 150 1
43 150 1
42 150 1
41 150 1
40 150 1
39 150 1
38 151 1
37 151 1
36 152 1
35 153 1
35 154 1
34 155 1
33 156 1
33 157 1
32 158 1
32 159 1
32 160 1
32 161 1
32 162 1
31 163 1
31 164 1
31 165 1
31 166 1
31 167 1
31 168 1
31 169 1
31 170 1
32 171 1
32 172 1
33 173 1
33 174 1
34 175 1
34 176 1
35 177 1
35 178 1
36 179 1
37 180 1
38 181 1
39 182 1
40 183 1
41 184 1
42 184 1
43 184 1
44 185 1
45 185 1
.PEN_UP
.PEN_DOWN
66 174 1
67 176 1
67 177 1
67 178 1
.PEN_UP
.PEN_DOWN
8 206 1
9 206 1
10 206 1
11 206 1
12 206 1
13 206 1
14 206 1
15 206 1
16 206 1
17 205 1
18 205 1
19 205 1
20 205 1
21 205 1
22 205 1
23 205 1
24 205 1
25 205 1
26 205 1
27 205 1
28 205 1
29 205 1
30 205 1
31 205 1
32 205 1
33 205 1
34 205 1
35 205 1
36 205 1
37 205 1
38 205 1
39 205 1
40 205 1
41 205 1
42 205 1
43 205 1
44 205 1
45 205 1
46 205 1
47 205 1
48 205 1
49 205 1
50 205 1
53 205 1
54 205 1
55 205 1
56 205 1
57 205 1
58 205 1
59 205 1
60 205 1
61 205 1
62 206 1
63 206 1
64 206 1
65 206 1
66 206 1
67 206 1
68 206 1
69 206 1
70 206 1
71 206 1
72 206 1
73 206 1
74 206 1
75 206 1
76 206 1
77 207 1
78 207 1
79 207 1
80 207 1
81 207 1
82 207 1
83 207 1
.PEN_UP
.PEN_DOWN
51 205 1
51 207 1
51 208 1
51 209 1
51 210 1
52 211 1
52 212 1
52 213 1
53 214 1
54 215 1
54 216 1
54 217 1
54 218 1
54 219 1
55 220 1
55 221 1
55 222 1
55 223 1
56 224 1
56 225 1
56 226 1
56 227 1
57 228 1
57 229 1
57 230 1
57 231 1
57 232 1
57 233 1
57 234 1
57 235 1
58 236 1
58 237 1
58 238 1
58 239 1
58 240 1
58 241 1
.PEN_UP
.PEN_DOWN
41 291 1
41 290 1
41 289 1
41 288 1
41 287 1
41 286 1
41 285 1
41 284 1
41 283 1
42 282 1
42 281 1
42 280 1
42 279 1
42 278 1
42 277 1
43 276 1
44 275 1
44 274 1
45 273 1
45 272 1
46 271 1
46 270 1
47 269 1
48 268 1
49 267 1
50 266 1
51 265 1
52 264 1
53 263 1
54 262 1
55 262 1
56 261 1
57 260 1
58 260 1
59 259 1
60 259 1
61 259 1
64 258 1
65 258 1
66 258 1
67 258 1
68 258 1
69 258 1
70 259 1
71 259 1
72 260 1
73 260 1
74 261 1
75 262 1
76 263 1
76 264 1
77 265 1
77 266 1
78 267 1
78 268 1
78 269 1
78 270 1
78 271 1
78 272 1
79 273 1
79 274 1
79 275 1
79 276 1
79 277 1
79 278 1
79 279 1
79 280 1
79 281 1
78 282 1
78 283 1
78 284 1
78 285 1
78 286 1
78 287 1
78 288 1
.PEN_UP
.PEN_DOWN
62 258 1
63 261 1
63 262 1
63 263 1
63 264 1
63 265 1
63 266 1
63 267 1
64 268 1
64 269 1
64 270 1
64 271 1
64 272 1
64 273 1
64 274 1
64 275 1
64 276 1
64 277 1
64 278 1
64 279 1
65 280 1
65 281 1
65 282 1
64 283 1
64 284 1
64 285 1
64 286 1
64 287 1
64 288 1
64 289 1
64 290 1
63 291 1
63 292 1
63 293 1
63 294 1
63 295 1
62 296 1
62 297 1
62 298 1
61 299 1
61 300 1
60 301 1
59 302 1
58 302 1
57 302 1
56 302 1
55 302 1
54 302 1
53 302 1
52 302 1
51 302 1
50 302 1
49 301 1
48 301 1
47 300 1
46 299 1
45 298 1
44 297 1
43 296 1
43 295 1
.PEN_UP
.PEN_DOWN
72 319 1
73 320 1
73 321 1
74 322 1
74 323 1
75 324 1
76 325 1
77 326 1
78 325 1
79 324 1
80 323 1
80 322 1
80 321 1
80 320 1
79 319 1
79 318 1
79 317 1
79 316 1
78 315 1
77 314 1
76 313 1
75 312 1
74 311 1
73 310 1
72 310 1
71 310 1
70 309 1
69 309 1
68 309 1
67 309 1
66 309 1
65 309 1
64 309 1
63 309 1
62 310 1
61 310 1
60 310 1
59 311 1
58 311 1
57 312 1
56 313 1
55 313 1
54 314 1
53 315 1
52 316 1
51 316 1
50 317 1
49 318 1
48 319 1
47 320 1
46 321 1
45 322 1
45 323 1
44 324 1
43 325 1
43 326 1
42 327 1
42 328 1
41 329 1
40 330 1
40 331 1
40 332 1
39 333 1
39 334 1
39 335 1
38 336 1
38 337 1
38 338 1
37 339 1
37 340 1
37 341 1
37 342 1
37 343 1
37 344 1
36 345 1
36 346 1
37 347 1
37 348 1
37 349 1
37 350 1
37 351 1
37 352 1
37 353 1
37 354 1
39 355 1
40 355 1
41 355 1
42 356 1
43 356 1
44 356 1
45 357 1
46 357 1
47 357 1
48 358 1
49 358 1
50 358 1
51 358 1
52 358 1
53 358 1
54 358 1
55 358 1
56 358 1
57 358 1
58 358 1
59 358 1
60 358 1
61 358 1
62 358 1
63 358 1
64 358 1
65 358 1
66 358 1
67 358 1
70 359 1
71 359 1
72 360 1
73 360 1
74 361 1
.PEN_UP
.PEN_DOWN
68 357 1
68 356 1
69 355 1
69 354 1
70 353 1
71 352 1
71 351 1
71 350 1
72 349 1
72 348 1
73 347 1
73 346 1
73 345 1
74 344 1
74 343 1
74 342 1
74 341 1
74 340 1
75 339 1
75 338 1
76 337 1
76 336 1
76 335 1
76 334 1
76 333 1
76 332 1
77 331 1
77 330 1
77 329 1
77 328 1
77 327 1
.PEN_UP
.PEN_DOWN
36 355 1
35 355 1
34 355 1
33 355 1
32 355 1
31 354 1
30 354 1
29 354 1
28 354 1
27 354 1
26 354 1
25 354 1
24 354 1
23 354 1
22 354 1
21 354 1
20 353 1
19 353 1
18 353 1
17 353 1
16 353 1
15 353 1
14 353 1
13 354 1
12 355 1
11 355 1
.PEN_UP
