.PEN_DOWN
4 1 1
5 1 1
6 1 1
7 1 1
8 2 1
9 2 1
10 2 1
11 2 1
12 2 1
13 2 1
14 2 1
15 2 1
16 2 1
17 2 1
18 2 1
19 2 1
20 2 1
21 2 1
22 3 1
23 3 1
24 3 1
25 3 1
26 4 1
27 4 1
28 4 1
29 5 1
30 5 1
31 6 1
32 6 1
33 7 1
33 8 1
33 9 1
33 10 1
33 11 1
33 12 1
32 13 1
32 14 1
31 15 1
31 16 1
30 17 1
30 18 1
30 19 1
29 20 1
29 21 1
29 22 1
30 23 1
31 24 1
32 24 1
33 25 1
34 24 1
35 24 1
36 24 1
37 24 1
38 24 1
39 24 1
40 24 1
41 24 1
42 24 1
44 22 1
45 21 1
46 20 1
47 19 1
48 18 1
48 17 1
48 16 1
48 15 1
48 14 1
48 13 1
48 12 1
48 11 1
47 10 1
47 9 1
46 8 1
46 7 1
45 6 1
45 5 1
44 4 1
43 3 1
42 2 1
41 1 1
.PEN_UP
.PEN_DOWN
43 23 1
44 26 1
45 27 1
45 28 1
46 29 1
46 30 1
46 31 1
47 32 1
47 33 1
47 34 1
48 35 1
48 36 1
48 37 1
48 38 1
48 39 1
48 40 1
49 41 1
48 42 1
47 43 1
45 42 1
44 42 1
43 42 1
42 41 1
41 40 1
40 39 1
39 39 1
38 39 1
37 39 1
36 38 1
35 38 1
34 38 1
33 38 1
32 38 1
31 38 1
30 38 1
29 39 1
28 39 1
27 39 1
26 39 1
25 39 1
24 39 1
23 39 1
22 39 1
21 40 1
20 40 1
19 40 1
18 41 1
17 41 1
16 41 1
15 41 1
14 41 1
13 41 1
12 42 1
11 43 1
10 43 1
9 43 1
8 44 1
7 44 1
6 45 1
5 46 1
5 47 1
5 48 1
5 49 1
6 50 1
7 51 1
8 51 1
9 51 1
10 51 1
11 51 1
12 51 1
13 51 1
14 52 1
15 52 1
16 52 1
17 52 1
18 52 1
19 52 1
20 52 1
21 52 1
22 52 1
23 52 1
24 52 1
25 52 1
26 52 1
27 52 1
28 52 1
29 52 1
30 52 1
31 52 1
32 51 1
33 51 1
34 51 1
35 51 1
36 51 1
37 51 1
38 51 1
39 51 1
40 51 1
41 50 1
42 50 1
43 50 1
44 50 1
45 50 1
46 49 1
47 50 1
47 51 1
48 52 1
48 53 1
48 54 1
48 55 1
48 56 1
48 57 1
48 58 1
48 59 1
48 60 1
48 61 1
48 62 1
48 63 1
48 64 1
48 65 1
48 66 1
47 67 1
.PEN_UP
.PEN_DOWN
46 48 1
46 47 1
46 46 1
46 45 1
46 44 1
.PEN_UP
.PEN_DOWN
32 76 1
32 77 1
33 78 1
33 79 1
34 80 1
34 81 1
34 82 1
34 83 1
34 84 1
35 86 1
36 87 1
37 87 1
38 87 1
39 87 1
40 88 1
41 88 1
42 88 1
43 88 1
44 88 1
45 88 1
46 88 1
47 88 1
48 88 1
49 88 1
50 87 1
50 86 1
50 85 1
50 84 1
50 83 1
50 82 1
50 81 1
50 80 1
50 79 1
50 78 1
49 77 1
48 76 1
47 75 1
46 74 1
45 73 1
44 72 1
43 71 1
42 71 1
41 70 1
40 70 1
39 70 1
38 69 1
37 69 1
36 69 1
35 69 1
34 69 1
33 69 1
32 69 1
31 69 1
30 69 1
29 69 1
28 70 1
27 70 1
26 70 1
25 71 1
24 72 1
23 73 1
23 74 1
23 75 1
23 76 1
23 77 1
24 78 1
25 79 1
26 80 1
26 81 1
27 82 1
28 83 1
28 84 1
30 85 1
31 85 1
32 85 1
33 85 1
.PEN_UP
.PEN_DOWN
28 85 1
28 87 1
27 88 1
27 89 1
27 90 1
27 91 1
28 92 1
28 93 1
28 94 1
29 95 1
29 96 1
30 97 1
31 98 1
31 99 1
32 100 1
33 101 1
33 102 1
34 103 1
34 104 1
34 105 1
33 106 1
33 107 1
32 108 1
31 109 1
31 110 1
30 111 1
30 112 1
30 113 1
30 114 1
30 115 1
30 116 1
30 117 1
30 118 1
31 119 1
32 120 1
33 121 1
34 122 1
35 122 1
36 122 1
37 122 1
38 123 1
39 123 1
40 123 1
41 123 1
42 124 1
43 124 1
44 124 1
45 124 1
46 125 1
47 126 1
47 127 1
.PEN_UP
.PEN_DOWN
1 155 1
2 155 1
3 155 1
4 154 1
5 154 1
6 154 1
7 154 1
8 154 1
9 154 1
10 154 1
11 154 1
12 154 1
13 154 1
14 154 1
15 154 1
16 154 1
17 154 1
18 154 1
19 153 1
20 153 1
21 153 1
22 153 1
23 153 1
24 153 1
27 153 1
28 153 1
29 153 1
30 152 1
31 152 1
32 152 1
33 152 1
34 152 1
35 152 1
36 152 1
37 153 1
38 153 1
39 153 1
40 153 1
41 153 1
42 153 1
43 153 1
45 152 1
46 152 1
47 151 1
47 150 1
48 149 1
49 148 1
49 147 1
49 146 1
50 145 1
50 144 1
50 143 1
49 142 1
49 141 1
49 140 1
48 139 1
47 138 1
46 137 1
45 136 1
44 136 1
43 136 1
42 136 1
41 136 1
40 136 1
39 136 1
38 136 1
37 136 1
36 136 1
35 136 1
34 136 1
33 137 1
32 137 1
31 137 1
30 138 1
29 138 1
28 138 1
27 138 1
26 139 1
25 140 1
24 141 1
23 142 1
22 143 1
22 144 1
22 145 1
22 146 1
22 147 1
23 148 1
23 149 1
24 150 1
24 151 1
25 152 1
.PEN_UP
.PEN_DOWN
44 153 1
45 155 1
45 156 1
45 157 1
46 158 1
47 159 1
47 160 1
48 161 1
49 162 1
49 163 1
49 164 1
49 165 1
48 166 1
.PEN_UP
.PEN_DOWN
27 183 1
27 182 1
28 181 1
29 180 1
30 179 1
30 178 1
31 177 1
32 176 1
33 175 1
34 174 1
35 174 1
36 174 1
37 174 1
38 173 1
39 173 1
40 173 1
41 173 1
42 173 1
43 173 1
44 174 1
45 175 1
46 176 1
46 177 1
46 178 1
46 179 1
46 180 1
46 181 1
45 182 1
45 183 1
45 184 1
45 185 1
45 186 1
44 187 1
44 188 1
43 189 1
42 190 1
42 191 1
41 192 1
41 193 1
40 194 1
39 195 1
39 196 1
.PEN_UP
