.PEN_DOWN
4 7 1
5 6 1
6 6 1
7 6 1
8 6 1
9 5 1
10 5 1
11 4 1
12 4 1
13 4 1
14 4 1
15 4 1
16 4 1
17 4 1
18 4 1
19 4 1
20 4 1
21 4 1
22 4 1
24 2 1
25 1 1
26 1 1
27 1 1
28 1 1
29 1 1
30 1 1
31 1 1
32 1 1
.PEN_UP
.PEN_DOWN
23 3 1
22 7 1
22 8 1
21 9 1
21 10 1
21 11 1
20 12 1
19 12 1
18 13 1
17 14 1
16 14 1
15 15 1
14 16 1
13 17 1
12 18 1
11 19 1
10 19 1
9 20 1
8 21 1
7 22 1
6 23 1
6 24 1
5 25 1
5 26 1
5 27 1
4 28 1
4 29 1
4 30 1
5 31 1
6 32 1
7 32 1
8 33 1
9 33 1
10 33 1
11 33 1
12 33 1
13 33 1
14 34 1
15 34 1
16 34 1
17 34 1
18 34 1
19 34 1
20 34 1
21 35 1
22 35 1
23 35 1
24 35 1
25 35 1
26 35 1
27 35 1
28 35 1
29 35 1
30 35 1
31 35 1
32 35 1
33 35 1
34 35 1
35 35 1
36 35 1
37 35 1
38 35 1
39 35 1
40 35 1
41 35 1
42 35 1
43 35 1
44 35 1
45 35 1
46 36 1
47 36 1
48 36 1
49 36 1
50 37 1
51 37 1
52 38 1
52 39 1
53 40 1
53 41 1
53 42 1
53 43 1
53 44 1
53 45 1
55 47 1
56 47 1
57 47 1
58 48 1
59 48 1
60 49 1
61 50 1
61 51 1
61 52 1
61 53 1
61 54 1
62 55 1
62 56 1
61 57 1
61 58 1
61 59 1
61 60 1
61 61 1
61 62 1
61 63 1
61 64 1
61 65 1
60 66 1
60 67 1
60 68 1
59 69 1
59 70 1
58 71 1
58 72 1
57 73 1
57 74 1
57 75 1
56 76 1
55 77 1
55 78 1
55 79 1
55 80 1
54 81 1
54 82 1
53 83 1
52 84 1
52 85 1
52 86 1
52 87 1
52 88 1
51 89 1
51 90 1
50 92 1
49 93 1
48 94 1
47 95 1
46 96 1
46 97 1
45 98 1
44 99 1
44 100 1
.PEN_UP
.PEN_DOWN
51 91 1
53 91 1
54 90 1
55 90 1
56 90 1
57 90 1
58 90 1
59 90 1
60 90 1
61 90 1
62 91 1
62 92 1
62 93 1
62 94 1
61 95 1
61 96 1
60 97 1
60 98 1
59 99 1
58 100 1
57 100 1
56 101 1
55 102 1
54 103 1
53 104 1
53 105 1
53 106 1
52 107 1
51 107 1
50 107 1
49 107 1
48 107 1
47 107 1
46 107 1
45 107 1
44 107 1
43 107 1
42 107 1
41 107 1
40 107 1
39 107 1
38 107 1
37 107 1
36 107 1
35 107 1
34 107 1
33 107 1
32 108 1
31 108 1
30 108 1
29 108 1
28 108 1
27 108 1
26 108 1
25 108 1
24 108 1
23 108 1
22 108 1
21 108 1
20 108 1
19 108 1
18 108 1
17 109 1
16 109 1
.PEN_UP
.PEN_DOWN
53 108 1
54 109 1
55 110 1
55 111 1
56 112 1
57 113 1
58 114 1
58 115 1
58 116 1
58 117 1
58 118 1
58 119 1
58 120 1
58 121 1
57 122 1
57 123 1
57 124 1
56 125 1
56 126 1
55 127 1
54 128 1
53 129 1
52 130 1
51 131 1
50 132 1
49 133 1
48 134 1
48 135 1
47 136 1
47 137 1
46 138 1
45 138 1
44 139 1
43 139 1
42 139 1
41 139 1
40 139 1
39 140 1
38 140 1
37 140 1
.PEN_UP
.PEN_DOWN
47 139 1
48 139 1
49 139 1
50 139 1
51 139 1
52 140 1
53 140 1
54 140 1
55 140 1
56 141 1
57 141 1
58 142 1
59 142 1
60 143 1
.PEN_UP
.PEN_DOWN
52 46 1
51 46 1
50 46 1
49 46 1
48 46 1
47 46 1
46 47 1
45 47 1
44 48 1
43 48 1
42 49 1
41 50 1
40 50 1
39 51 1
38 52 1
37 53 1
36 54 1
35 55 1
35 56 1
34 57 1
34 58 1
34 59 1
34 60 1
34 61 1
34 62 1
35 63 1
36 64 1
37 64 1
38 64 1
39 63 1
40 63 1
41 63 1
42 62 1
43 61 1
44 61 1
45 60 1
46 59 1
47 58 1
47 57 1
47 56 1
48 55 1
49 54 1
50 53 1
51 52 1
52 51 1
52 50 1
53 49 1
53 48 1
53 47 1
.PEN_UP
.PEN_DOWN
21 141 1
22 141 1
23 141 1
24 142 1
25 143 1
.PEN_UP
.PEN_DOWN
38 173 1
38 172 1
38 171 1
38 170 1
38 169 1
39 168 1
39 167 1
40 166 1
41 165 1
41 164 1
42 163 1
43 162 1
44 161 1
45 160 1
46 160 1
47 159 1
48 158 1
49 158 1
50 157 1
51 157 1
52 156 1
53 156 1
54 156 1
55 156 1
56 156 1
57 156 1
58 157 1
59 158 1
60 159 1
60 160 1
60 161 1
60 162 1
60 163 1
60 164 1
59 165 1
59 166 1
59 167 1
59 168 1
58 169 1
58 170 1
57 171 1
57 172 1
57 173 1
56 174 1
56 175 1
55 176 1
55 177 1
54 178 1
53 179 1
53 180 1
52 181 1
52 182 1
52 183 1
51 184 1
50 185 1
50 186 1
50 187 1
50 188 1
49 189 1
48 191 1
47 192 1
46 193 1
45 194 1
44 195 1
43 196 1
42 197 1
42 198 1
41 199 1
40 200 1
39 201 1
38 202 1
37 202 1
36 203 1
.PEN_UP
.PEN_DOWN
49 190 1
51 191 1
52 191 1
53 190 1
54 190 1
55 190 1
56 190 1
57 190 1
58 190 1
59 191 1
60 192 1
60 193 1
60 194 1
60 195 1
60 196 1
60 197 1
59 198 1
59 199 1
59 200 1
58 201 1
58 202 1
57 203 1
56 204 1
56 205 1
56 206 1
55 207 1
55 208 1
53 209 1
52 209 1
51 209 1
50 209 1
49 209 1
48 210 1
47 210 1
46 210 1
45 210 1
44 210 1
43 210 1
42 211 1
41 212 1
40 212 1
.PEN_UP
.PEN_DOWN
54 209 1
56 210 1
57 211 1
58 212 1
59 213 1
59 214 1
60 215 1
60 216 1
61 217 1
61 218 1
61 219 1
61 220 1
60 221 1
60 222 1
60 223 1
60 224 1
60 225 1
59 226 1
59 227 1
58 228 1
58 229 1
57 230 1
56 231 1
55 232 1
55 233 1
55 234 1
54 235 1
54 236 1
52 237 1
51 237 1
50 237 1
49 237 1
48 237 1
47 237 1
46 237 1
45 237 1
44 238 1
43 237 1
42 237 1
41 237 1
40 237 1
39 237 1
38 237 1
37 237 1
36 237 1
35 237 1
34 237 1
33 238 1
32 238 1
31 238 1
30 238 1
29 238 1
28 238 1
27 238 1
26 238 1
25 239 1
24 239 1
23 239 1
22 239 1
21 239 1
20 239 1
19 240 1
18 240 1
17 240 1
16 240 1
15 241 1
14 241 1
13 242 1
12 242 1
11 243 1
10 243 1
9 244 1
8 244 1
7 245 1
6 245 1
5 246 1
4 247 1
3 247 1
2 248 1
2 249 1
1 250 1
1 251 1
1 252 1
1 253 1
1 254 1
1 255 1
2 256 1
3 256 1
4 256 1
5 256 1
6 256 1
7 256 1
8 256 1
9 256 1
10 256 1
11 256 1
12 256 1
13 256 1
14 256 1
15 256 1
16 255 1
17 255 1
18 254 1
19 254 1
20 254 1
21 254 1
22 253 1
23 253 1
24 253 1
25 252 1
26 252 1
27 251 1
28 250 1
29 250 1
30 250 1
31 249 1
32 249 1
33 248 1
34 248 1
35 247 1
36 247 1
37 246 1
38 245 1
39 245 1
40 244 1
41 243 1
42 242 1
43 241 1
43 240 1
43 239 1
.PEN_UP
.PEN_DOWN
53 237 1
55 239 1
56 240 1
57 240 1
58 241 1
59 242 1
60 243 1
61 244 1
61 245 1
62 246 1
63 247 1
63 248 1
63 249 1
64 250 1
64 251 1
64 252 1
64 253 1
64 254 1
64 255 1
64 256 1
64 257 1
64 258 1
63 259 1
63 260 1
63 261 1
63 262 1
62 263 1
62 264 1
62 265 1
61 266 1
60 267 1
59 268 1
.PEN_UP
