.PEN_DOWN
1 8 1
2 8 1
3 8 1
4 8 1
5 7 1
6 7 1
7 7 1
8 6 1
9 6 1
10 6 1
11 5 1
12 5 1
13 5 1
14 4 1
15 4 1
16 4 1
17 4 1
18 4 1
19 3 1
20 3 1
21 3 1
22 3 1
23 3 1
24 2 1
25 2 1
26 2 1
27 2 1
28 1 1
29 1 1
30 1 1
31 2 1
32 2 1
33 2 1
34 2 1
35 3 1
36 3 1
37 3 1
38 3 1
39 4 1
40 4 1
41 5 1
42 6 1
43 7 1
44 8 1
45 9 1
45 10 1
46 11 1
46 12 1
46 13 1
46 14 1
46 15 1
46 16 1
46 17 1
46 18 1
46 19 1
45 20 1
45 21 1
45 22 1
44 23 1
44 24 1
43 25 1
43 26 1
42 27 1
42 28 1
41 29 1
41 30 1
40 31 1
40 32 1
40 33 1
39 34 1
40 35 1
40 36 1
41 37 1
42 37 1
43 37 1
44 38 1
45 38 1
46 39 1
47 40 1
48 41 1
.PEN_UP
.PEN_DOWN
11 51 1
11 52 1
11 53 1
12 54 1
13 55 1
14 55 1
15 56 1
16 57 1
17 57 1
18 58 1
.PEN_UP
.PEN_DOWN
36 52 1
37 52 1
38 52 1
39 52 1
40 52 1
41 52 1
42 53 1
43 53 1
44 53 1
45 54 1
46 55 1
47 55 1
48 56 1
.PEN_UP
.PEN_DOWN
31 65 1
31 66 1
31 67 1
31 68 1
30 69 1
29 70 1
29 71 1
29 72 1
28 73 1
28 74 1
28 75 1
28 76 1
28 77 1
27 78 1
27 79 1
27 80 1
27 81 1
27 82 1
27 83 1
27 84 1
27 85 1
27 86 1
27 87 1
27 88 1
27 89 1
27 90 1
27 91 1
27 92 1
27 93 1
26 94 1
26 95 1
26 96 1
26 97 1
.PEN_UP
.PEN_DOWN
32 69 1
33 69 1
34 69 1
35 70 1
35 71 1
36 72 1
36 73 1
37 74 1
37 75 1
37 76 1
38 77 1
38 78 1
39 79 1
40 80 1
41 81 1
42 82 1
43 82 1
44 83 1
45 83 1
46 83 1
47 83 1
48 83 1
49 83 1
50 82 1
51 81 1
51 80 1
52 79 1
52 78 1
53 77 1
53 76 1
54 75 1
54 74 1
54 73 1
54 72 1
55 71 1
55 70 1
55 69 1
.PEN_UP
