.PEN_DOWN
1 21 1
1 22 1
1 23 1
2 24 1
2 25 1
2 26 1
2 27 1
2 28 1
.PEN_UP
.PEN_DOWN
33 1 1
32 2 1
32 3 1
31 4 1
31 5 1
31 6 1
30 7 1
30 8 1
30 9 1
30 10 1
30 11 1
29 12 1
29 13 1
30 14 1
31 15 1
32 15 1
33 15 1
34 15 1
35 15 1
36 15 1
37 15 1
38 14 1
39 14 1
40 15 1
40 16 1
40 17 1
40 18 1
39 19 1
39 20 1
39 21 1
38 22 1
38 23 1
37 24 1
36 25 1
36 26 1
35 27 1
34 28 1
34 29 1
34 30 1
33 31 1
32 32 1
32 33 1
32 34 1
32 35 1
32 36 1
31 37 1
32 38 1
33 39 1
34 39 1
37 39 1
38 39 1
39 38 1
40 38 1
41 37 1
42 36 1
.PEN_UP
.PEN_DOWN
35 39 1
35 41 1
35 42 1
34 43 1
34 44 1
34 45 1
33 46 1
33 47 1
33 48 1
32 49 1
31 50 1
30 51 1
30 52 1
29 53 1
29 54 1
28 55 1
28 56 1
28 57 1
28 58 1
27 59 1
28 60 1
28 61 1
29 62 1
30 62 1
31 63 1
32 63 1
33 63 1
34 63 1
35 63 1
36 63 1
37 62 1
38 62 1
39 62 1
40 62 1
41 62 1
42 62 1
43 62 1
44 61 1
45 60 1
.PEN_UP
