.PEN_DOWN
5 8 1
6 9 1
7 9 1
8 9 1
9 9 1
10 10 1
11 10 1
12 10 1
13 11 1
14 11 1
15 11 1
16 11 1
17 12 1
18 12 1
19 12 1
20 12 1
21 12 1
25 15 1
26 15 1
27 15 1
28 16 1
29 16 1
30 17 1
31 18 1
32 18 1
33 19 1
34 19 1
35 19 1
36 20 1
37 20 1
38 21 1
.PEN_UP
.PEN_DOWN
22 11 1
22 10 1
22 9 1
22 8 1
22 7 1
22 6 1
21 5 1
21 4 1
21 3 1
20 2 1
20 1 1
.PEN_UP
.PEN_DOWN
22 12 1
22 16 1
22 17 1
22 18 1
22 19 1
22 20 1
21 21 1
21 22 1
21 23 1
20 24 1
20 25 1
19 26 1
17 26 1
16 26 1
15 26 1
14 26 1
13 26 1
12 26 1
11 26 1
10 26 1
9 25 1
8 25 1
7 25 1
6 24 1
5 24 1
4 24 1
3 24 1
2 23 1
1 23 1
.PEN_UP
.PEN_DOWN
18 26 1
20 28 1
20 29 1
20 30 1
21 31 1
23 33 1
24 33 1
25 33 1
26 33 1
27 34 1
28 34 1
29 34 1
30 35 1
.PEN_UP
.PEN_DOWN
21 32 1
20 33 1
19 34 1
18 35 1
17 36 1
16 37 1
16 38 1
16 39 1
16 40 1
16 41 1
16 42 1
17 43 1
18 44 1
19 45 1
20 46 1
21 47 1
22 48 1
23 49 1
24 49 1
25 50 1
26 50 1
27 51 1
28 51 1
29 52 1
30 52 1
31 53 1
32 53 1
33 54 1
34 54 1
35 55 1
.PEN_UP
.PEN_DOWN
34 88 1
35 87 1
35 86 1
35 85 1
35 84 1
35 83 1
35 82 1
35 81 1
35 80 1
35 79 1
36 78 1
36 77 1
36 76 1
36 75 1
35 74 1
35 73 1
34 72 1
34 71 1
33 70 1
33 69 1
33 68 1
32 67 1
31 66 1
30 66 1
29 65 1
28 65 1
27 65 1
26 64 1
25 62 1
24 61 1
23 60 1
22 59 1
21 59 1
20 59 1
19 60 1
18 60 1
17 60 1
16 61 1
15 62 1
14 63 1
13 64 1
13 65 1
13 66 1
13 67 1
12 68 1
12 69 1
12 70 1
13 71 1
14 72 1
15 73 1
16 74 1
17 74 1
18 74 1
19 74 1
20 74 1
21 74 1
22 73 1
23 72 1
23 71 1
24 70 1
24 69 1
24 68 1
24 67 1
24 66 1
25 65 1
.PEN_UP
