.PEN_DOWN
29 52 1
29 51 1
29 50 1
28 49 1
28 48 1
28 47 1
29 46 1
30 45 1
31 44 1
32 43 1
33 42 1
34 42 1
35 42 1
36 41 1
37 41 1
38 41 1
39 41 1
40 41 1
41 40 1
42 40 1
43 40 1
44 40 1
45 40 1
46 40 1
47 41 1
48 41 1
49 41 1
50 41 1
51 41 1
53 43 1
54 44 1
54 45 1
55 46 1
56 47 1
57 48 1
57 49 1
58 50 1
58 51 1
58 52 1
58 53 1
58 54 1
58 55 1
58 56 1
58 57 1
58 58 1
58 59 1
58 60 1
57 61 1
57 62 1
57 63 1
56 64 1
55 65 1
55 66 1
54 67 1
53 68 1
52 69 1
51 69 1
50 70 1
49 70 1
48 70 1
47 71 1
46 71 1
45 71 1
44 72 1
43 72 1
42 72 1
41 72 1
40 72 1
39 72 1
38 72 1
37 72 1
36 72 1
35 71 1
34 71 1
33 71 1
32 70 1
31 70 1
30 69 1
29 68 1
28 67 1
27 66 1
26 65 1
25 64 1
25 63 1
25 62 1
25 61 1
25 60 1
26 59 1
27 59 1
.PEN_UP
.PEN_DOWN
52 40 1
53 39 1
53 38 1
53 37 1
54 36 1
54 35 1
54 34 1
55 33 1
55 32 1
55 31 1
55 30 1
55 29 1
55 28 1
55 27 1
56 26 1
56 25 1
56 24 1
56 23 1
56 22 1
56 21 1
56 20 1
56 19 1
56 18 1
56 17 1
55 16 1
55 15 1
55 14 1
55 13 1
54 12 1
54 11 1
54 10 1
53 9 1
53 8 1
53 7 1
52 6 1
51 6 1
50 6 1
49 6 1
48 4 1
47 3 1
46 3 1
45 3 1
44 3 1
43 3 1
42 2 1
41 2 1
40 2 1
39 1 1
38 1 1
37 1 1
36 1 1
35 1 1
34 1 1
33 1 1
32 1 1
31 1 1
30 1 1
29 1 1
28 1 1
27 1 1
26 1 1
25 1 1
24 1 1
23 1 1
22 1 1
21 1 1
20 2 1
19 3 1
19 4 1
18 5 1
18 6 1
17 7 1
16 8 1
15 9 1
14 10 1
14 11 1
14 12 1
13 13 1
13 14 1
13 15 1
13 16 1
13 17 1
13 18 1
13 19 1
14 20 1
14 21 1
15 22 1
16 23 1
17 24 1
18 25 1
19 25 1
20 26 1
21 26 1
22 26 1
23 26 1
24 25 1
25 25 1
26 25 1
27 24 1
28 24 1
29 23 1
30 22 1
31 22 1
32 21 1
33 21 1
34 20 1
35 19 1
36 19 1
37 18 1
38 17 1
39 16 1
40 15 1
40 14 1
41 13 1
42 12 1
43 11 1
44 11 1
45 10 1
46 9 1
47 8 1
48 7 1
.PEN_UP
.PEN_DOWN
27 90 1
26 89 1
25 88 1
25 87 1
25 86 1
26 85 1
27 85 1
28 84 1
29 84 1
30 84 1
31 83 1
32 83 1
33 83 1
34 83 1
35 83 1
36 83 1
37 82 1
38 82 1
39 82 1
40 82 1
41 82 1
42 83 1
43 83 1
44 83 1
45 83 1
46 83 1
47 84 1
48 84 1
49 85 1
50 85 1
51 86 1
52 86 1
53 87 1
54 88 1
55 89 1
55 90 1
56 91 1
56 92 1
56 93 1
56 94 1
56 95 1
56 96 1
56 97 1
56 98 1
56 99 1
56 100 1
55 101 1
54 102 1
53 103 1
53 104 1
52 105 1
52 106 1
51 107 1
49 108 1
48 108 1
47 109 1
46 109 1
45 109 1
44 109 1
43 110 1
42 110 1
41 110 1
40 110 1
39 111 1
38 111 1
.PEN_UP
.PEN_DOWN
50 108 1
52 109 1
53 110 1
54 111 1
55 112 1
56 113 1
56 114 1
.PEN_UP
.PEN_DOWN
28 113 1
27 114 1
26 115 1
25 116 1
25 117 1
24 118 1
24 119 1
24 120 1
24 121 1
23 122 1
23 123 1
23 124 1
23 125 1
23 126 1
23 127 1
21 130 1
21 131 1
21 132 1
21 133 1
21 134 1
21 135 1
21 136 1
21 137 1
21 138 1
21 139 1
20 140 1
20 141 1
20 142 1
20 143 1
20 144 1
20 145 1
20 146 1
20 147 1
20 148 1
20 149 1
20 150 1
20 151 1
20 152 1
21 153 1
22 154 1
22 156 1
22 157 1
22 158 1
22 159 1
21 160 1
21 161 1
22 162 1
22 163 1
23 164 1
24 164 1
25 164 1
26 164 1
27 164 1
28 164 1
29 163 1
30 163 1
31 162 1
32 161 1
33 161 1
34 160 1
35 159 1
36 158 1
37 157 1
38 156 1
39 155 1
40 154 1
40 153 1
41 152 1
42 151 1
42 150 1
42 149 1
42 148 1
43 147 1
43 146 1
42 144 1
41 144 1
40 144 1
39 145 1
38 145 1
37 145 1
36 145 1
35 145 1
34 146 1
33 147 1
32 148 1
31 148 1
30 149 1
29 150 1
28 150 1
27 151 1
26 152 1
25 153 1
24 153 1
23 154 1
.PEN_UP
.PEN_DOWN
43 145 1
45 145 1
46 145 1
47 145 1
48 145 1
49 145 1
50 146 1
51 146 1
52 146 1
53 147 1
54 148 1
54 149 1
55 150 1
55 151 1
56 152 1
56 153 1
56 154 1
56 155 1
57 156 1
57 157 1
57 158 1
57 159 1
57 160 1
57 161 1
57 162 1
56 163 1
56 164 1
56 165 1
56 166 1
56 167 1
55 168 1
55 169 1
54 170 1
54 171 1
53 172 1
52 173 1
51 174 1
51 175 1
50 176 1
49 177 1
48 178 1
47 179 1
.PEN_UP
.PEN_DOWN
23 128 1
25 128 1
26 128 1
27 128 1
28 128 1
29 128 1
30 128 1
31 128 1
32 128 1
33 128 1
34 128 1
35 128 1
36 128 1
37 128 1
38 128 1
39 128 1
40 129 1
41 129 1
42 129 1
43 129 1
44 129 1
45 129 1
46 129 1
47 129 1
48 129 1
49 129 1
50 129 1
51 130 1
52 130 1
53 130 1
54 130 1
55 130 1
56 131 1
57 131 1
.PEN_UP
.PEN_DOWN
24 128 1
21 128 1
20 128 1
19 129 1
18 129 1
17 129 1
16 129 1
15 129 1
14 129 1
13 129 1
12 129 1
11 129 1
10 129 1
9 129 1
8 130 1
7 130 1
6 130 1
5 130 1
4 131 1
3 132 1
4 135 1
5 136 1
6 136 1
7 136 1
8 136 1
.PEN_UP
