.PEN_DOWN
69 1 1
69 2 1
69 3 1
68 4 1
68 5 1
68 6 1
68 7 1
67 8 1
66 9 1
66 10 1
66 11 1
65 12 1
64 13 1
64 14 1
63 15 1
63 16 1
62 17 1
61 18 1
61 19 1
60 20 1
60 21 1
59 22 1
58 23 1
57 24 1
57 25 1
56 26 1
55 27 1
55 28 1
54 29 1
53 30 1
53 31 1
52 32 1
51 33 1
51 34 1
50 35 1
49 36 1
49 37 1
48 38 1
47 39 1
46 40 1
46 41 1
46 42 1
46 43 1
45 44 1
45 45 1
44 47 1
43 48 1
42 49 1
41 50 1
40 51 1
39 52 1
38 53 1
37 54 1
36 55 1
35 56 1
34 57 1
33 58 1
33 59 1
32 60 1
31 61 1
30 61 1
29 62 1
28 63 1
27 64 1
26 65 1
25 66 1
24 67 1
23 68 1
22 69 1
21 70 1
20 71 1
19 71 1
18 72 1
17 73 1
16 74 1
15 75 1
14 75 1
13 76 1
12 77 1
11 78 1
10 79 1
9 80 1
8 81 1
7 81 1
6 82 1
5 83 1
4 84 1
3 85 1
2 85 1
1 86 1
.PEN_UP
.PEN_DOWN
45 46 1
47 45 1
48 45 1
49 45 1
50 44 1
51 44 1
52 44 1
53 43 1
54 43 1
55 42 1
56 42 1
57 42 1
58 41 1
60 39 1
60 38 1
61 37 1
61 36 1
62 35 1
63 34 1
64 33 1
64 32 1
65 31 1
66 30 1
67 29 1
68 28 1
69 27 1
70 26 1
71 25 1
72 24 1
73 24 1
74 23 1
75 22 1
76 22 1
77 21 1
78 20 1
79 19 1
.PEN_UP
.PEN_DOWN
59 40 1
60 42 1
60 43 1
60 44 1
60 45 1
60 46 1
60 47 1
60 48 1
60 49 1
60 50 1
60 51 1
59 52 1
59 53 1
60 54 1
61 55 1
62 54 1
63 54 1
64 53 1
65 53 1
66 53 1
67 52 1
68 51 1
68 50 1
.PEN_UP
.PEN_DOWN
60 56 1
60 57 1
59 58 1
59 59 1
58 60 1
58 61 1
57 62 1
55 64 1
54 64 1
53 65 1
52 65 1
51 66 1
51 67 1
50 68 1
49 69 1
48 70 1
47 71 1
46 72 1
45 73 1
44 74 1
43 75 1
42 76 1
41 77 1
40 78 1
39 78 1
38 79 1
37 80 1
36 81 1
35 82 1
34 83 1
33 84 1
32 85 1
31 86 1
30 86 1
29 86 1
28 87 1
27 88 1
26 89 1
25 89 1
24 90 1
23 90 1
22 91 1
21 92 1
20 92 1
19 93 1
18 93 1
17 94 1
16 94 1
15 95 1
14 95 1
13 96 1
.PEN_UP
.PEN_DOWN
56 63 1
58 64 1
58 65 1
58 66 1
58 67 1
57 68 1
57 69 1
57 70 1
57 71 1
57 72 1
56 73 1
56 74 1
56 75 1
57 76 1
58 77 1
59 77 1
60 77 1
61 77 1
62 76 1
63 76 1
64 76 1
65 76 1
66 75 1
67 74 1
68 73 1
69 72 1
70 72 1
71 71 1
72 71 1
73 71 1
74 70 1
75 70 1
76 71 1
76 72 1
76 73 1
76 74 1
76 75 1
75 76 1
75 77 1
75 78 1
75 79 1
75 80 1
75 81 1
75 82 1
75 83 1
74 84 1
73 85 1
72 86 1
71 87 1
70 88 1
69 89 1
69 90 1
68 91 1
67 92 1
67 93 1
66 94 1
65 95 1
64 96 1
63 97 1
62 98 1
61 98 1
60 99 1
59 99 1
.PEN_UP
.PEN_DOWN
76 84 1
77 84 1
78 84 1
79 84 1
80 85 1
81 86 1
82 87 1
83 88 1
83 89 1
83 90 1
.PEN_UP
