.PEN_DOWN
1 26 1
2 26 1
3 26 1
4 25 1
5 25 1
6 25 1
7 25 1
8 25 1
9 25 1
10 25 1
11 25 1
12 23 1
13 22 1
14 21 1
15 20 1
16 19 1
17 19 1
18 18 1
19 18 1
20 17 1
23 17 1
24 17 1
25 17 1
26 17 1
27 16 1
28 16 1
29 16 1
30 15 1
31 15 1
32 15 1
33 14 1
34 14 1
35 14 1
36 13 1
37 13 1
38 13 1
39 13 1
.PEN_UP
.PEN_DOWN
21 16 1
21 15 1
21 14 1
21 13 1
22 12 1
22 11 1
23 10 1
24 9 1
25 8 1
26 7 1
27 6 1
28 5 1
29 4 1
30 3 1
31 2 1
32 1 1
33 1 1
34 1 1
35 2 1
36 2 1
.PEN_UP
.PEN_DOWN
12 24 1
13 27 1
14 27 1
15 28 1
16 28 1
17 29 1
18 29 1
19 30 1
20 31 1
20 32 1
20 33 1
21 34 1
21 35 1
21 36 1
23 37 1
24 37 1
25 37 1
26 36 1
27 36 1
28 36 1
29 36 1
30 36 1
31 36 1
32 36 1
33 36 1
34 36 1
35 36 1
36 36 1
37 36 1
38 36 1
39 37 1
40 37 1
41 38 1
42 39 1
42 40 1
42 41 1
43 42 1
43 43 1
44 44 1
44 45 1
44 46 1
44 47 1
44 48 1
44 49 1
43 50 1
43 51 1
43 52 1
42 53 1
42 54 1
41 55 1
41 56 1
40 57 1
39 58 1
39 59 1
38 60 1
37 61 1
36 62 1
35 63 1
34 64 1
33 65 1
32 66 1
31 66 1
30 66 1
29 67 1
28 67 1
27 67 1
26 68 1
24 68 1
23 68 1
22 67 1
21 67 1
20 66 1
19 65 1
18 65 1
17 64 1
16 64 1
15 63 1
14 63 1
13 62 1
12 61 1
12 60 1
12 59 1
12 58 1
12 57 1
12 56 1
12 55 1
11 54 1
11 53 1
11 52 1
11 51 1
11 50 1
11 49 1
12 48 1
12 47 1
13 46 1
13 45 1
14 44 1
15 43 1
16 42 1
17 41 1
18 40 1
19 39 1
20 38 1
21 37 1
.PEN_UP
.PEN_DOWN
25 68 1
27 70 1
27 71 1
27 72 1
27 73 1
27 74 1
27 75 1
28 76 1
29 76 1
30 76 1
31 76 1
32 76 1
33 75 1
34 75 1
35 75 1
36 75 1
37 75 1
38 75 1
39 76 1
40 77 1
41 78 1
42 79 1
43 80 1
44 81 1
44 82 1
44 83 1
45 84 1
45 85 1
46 86 1
46 87 1
46 88 1
46 89 1
46 90 1
46 91 1
45 92 1
45 93 1
45 94 1
45 95 1
44 96 1
44 97 1
43 98 1
42 99 1
41 100 1
40 101 1
39 101 1
38 102 1
37 102 1
36 102 1
35 103 1
34 103 1
33 103 1
32 103 1
31 103 1
30 104 1
29 104 1
26 104 1
25 104 1
24 103 1
23 103 1
22 103 1
21 102 1
20 102 1
19 101 1
18 101 1
17 101 1
16 101 1
15 100 1
14 99 1
13 98 1
13 97 1
13 96 1
14 95 1
14 94 1
15 93 1
15 92 1
16 91 1
17 90 1
18 89 1
18 88 1
19 87 1
20 87 1
21 86 1
22 85 1
22 84 1
23 83 1
24 82 1
25 81 1
26 80 1
26 79 1
27 78 1
27 77 1
.PEN_UP
.PEN_DOWN
28 104 1
29 106 1
29 107 1
29 108 1
29 109 1
29 110 1
29 111 1
29 112 1
29 113 1
29 114 1
29 115 1
29 116 1
29 117 1
29 118 1
30 119 1
31 119 1
32 119 1
33 118 1
34 118 1
35 118 1
36 118 1
37 117 1
38 117 1
39 116 1
40 116 1
41 115 1
42 115 1
43 115 1
44 114 1
45 115 1
46 115 1
.PEN_UP
.PEN_DOWN
29 120 1
28 121 1
27 121 1
26 122 1
25 122 1
24 123 1
23 123 1
22 124 1
21 124 1
20 125 1
19 125 1
18 126 1
17 128 1
17 129 1
17 130 1
17 131 1
16 132 1
16 133 1
16 134 1
16 135 1
16 136 1
16 137 1
17 138 1
18 139 1
18 140 1
19 141 1
20 141 1
21 141 1
22 140 1
23 140 1
24 140 1
25 140 1
26 140 1
27 139 1
28 139 1
29 139 1
30 138 1
31 138 1
32 137 1
33 137 1
34 137 1
35 137 1
36 137 1
37 136 1
38 136 1
39 135 1
40 135 1
41 135 1
42 135 1
43 135 1
44 135 1
45 135 1
.PEN_UP
.PEN_DOWN
18 142 1
18 143 1
17 144 1
17 145 1
16 146 1
15 147 1
14 148 1
13 149 1
12 150 1
12 151 1
11 152 1
12 153 1
12 154 1
12 155 1
12 156 1
13 157 1
14 158 1
15 159 1
16 159 1
17 160 1
18 160 1
19 160 1
20 160 1
21 160 1
22 160 1
23 160 1
24 159 1
25 159 1
26 159 1
27 158 1
28 158 1
29 158 1
30 158 1
31 157 1
32 156 1
33 156 1
34 156 1
35 155 1
36 155 1
37 155 1
38 155 1
39 155 1
40 155 1
41 155 1
42 155 1
43 155 1
44 156 1
45 157 1
45 158 1
45 159 1
45 160 1
45 161 1
45 162 1
45 163 1
45 164 1
45 165 1
45 166 1
45 167 1
44 168 1
44 169 1
44 170 1
43 171 1
42 172 1
41 173 1
41 174 1
40 175 1
39 176 1
38 177 1
37 178 1
36 179 1
35 180 1
35 181 1
34 182 1
33 183 1
32 183 1
31 184 1
30 184 1
29 185 1
28 186 1
27 186 1
26 186 1
25 187 1
24 187 1
23 188 1
22 188 1
21 189 1
21 190 1
20 191 1
20 192 1
19 193 1
17 194 1
16 194 1
15 194 1
14 194 1
13 195 1
12 195 1
11 195 1
10 195 1
9 195 1
8 195 1
7 195 1
6 196 1
5 196 1
4 196 1
3 196 1
2 196 1
1 197 1
.PEN_UP
.PEN_DOWN
18 194 1
20 195 1
21 195 1
22 195 1
23 195 1
24 195 1
25 195 1
26 195 1
27 195 1
28 195 1
29 195 1
30 195 1
31 195 1
32 195 1
33 195 1
34 195 1
35 195 1
36 195 1
37 195 1
38 195 1
39 195 1
40 195 1
41 195 1
42 195 1
43 195 1
44 195 1
45 194 1
46 194 1
47 194 1
48 194 1
49 194 1
50 194 1
51 193 1
52 193 1
53 193 1
54 192 1
54 191 1
55 190 1
57 190 1
58 190 1
59 191 1
60 191 1
.PEN_UP
.PEN_DOWN
55 189 1
54 188 1
53 187 1
52 186 1
51 185 1
50 184 1
49 184 1
48 183 1
47 183 1
.PEN_UP
