.PEN_DOWN
27 8 1
28 7 1
29 7 1
30 6 1
31 5 1
32 5 1
33 4 1
34 4 1
35 3 1
36 2 1
37 2 1
38 2 1
39 1 1
40 1 1
41 1 1
42 1 1
43 1 1
44 1 1
45 1 1
46 1 1
47 1 1
48 1 1
49 1 1
50 2 1
51 3 1
52 4 1
53 5 1
54 6 1
54 7 1
54 8 1
55 9 1
55 10 1
55 11 1
55 12 1
55 13 1
55 14 1
54 15 1
54 16 1
54 17 1
54 18 1
54 19 1
54 20 1
54 21 1
53 22 1
53 23 1
53 24 1
53 25 1
52 26 1
52 27 1
51 28 1
51 29 1
50 30 1
49 31 1
49 32 1
48 33 1
48 34 1
47 35 1
47 36 1
47 37 1
46 38 1
44 40 1
43 40 1
42 40 1
41 40 1
.PEN_UP
.PEN_DOWN
45 39 1
47 40 1
48 40 1
49 40 1
50 41 1
51 41 1
52 41 1
53 41 1
54 41 1
55 42 1
56 42 1
57 43 1
58 44 1
59 45 1
60 46 1
60 47 1
61 48 1
.PEN_UP
.PEN_DOWN
62 57 1
62 58 1
62 59 1
61 60 1
61 61 1
61 62 1
61 63 1
61 64 1
61 65 1
61 66 1
61 67 1
60 68 1
60 69 1
59 70 1
58 70 1
57 70 1
56 70 1
55 69 1
54 68 1
53 67 1
53 66 1
52 65 1
52 64 1
51 63 1
51 62 1
51 61 1
50 60 1
50 59 1
50 58 1
49 57 1
48 56 1
47 55 1
46 55 1
45 54 1
44 55 1
43 55 1
42 56 1
42 57 1
41 58 1
41 59 1
40 60 1
40 61 1
39 62 1
39 63 1
38 64 1
38 65 1
38 66 1
38 67 1
37 68 1
37 69 1
37 70 1
37 71 1
37 72 1
37 73 1
37 74 1
37 75 1
37 76 1
37 77 1
37 78 1
37 81 1
36 82 1
35 83 1
34 83 1
33 84 1
32 85 1
31 86 1
30 87 1
30 88 1
29 89 1
29 90 1
29 91 1
30 92 1
31 92 1
.PEN_UP
.PEN_DOWN
37 79 1
39 79 1
40 80 1
41 80 1
42 80 1
43 80 1
44 80 1
45 80 1
46 80 1
47 80 1
48 81 1
49 81 1
50 82 1
51 83 1
52 84 1
53 85 1
54 86 1
54 87 1
54 88 1
54 89 1
55 90 1
55 91 1
55 92 1
55 93 1
55 94 1
55 95 1
55 96 1
55 97 1
55 98 1
55 99 1
55 100 1
55 101 1
55 102 1
55 103 1
55 104 1
55 105 1
55 106 1
54 107 1
54 108 1
54 109 1
54 110 1
53 111 1
53 112 1
53 113 1
52 114 1
52 115 1
52 116 1
51 117 1
51 118 1
51 119 1
51 120 1
51 121 1
51 122 1
51 123 1
49 125 1
48 125 1
47 126 1
46 126 1
45 127 1
44 128 1
43 129 1
42 130 1
42 131 1
41 132 1
40 133 1
39 134 1
39 135 1
39 136 1
38 137 1
38 138 1
38 139 1
37 140 1
37 141 1
37 142 1
37 143 1
36 144 1
36 145 1
36 146 1
36 147 1
36 148 1
36 149 1
36 150 1
35 151 1
35 152 1
35 153 1
35 154 1
35 155 1
35 156 1
35 157 1
36 158 1
36 159 1
36 160 1
36 161 1
36 162 1
37 163 1
37 164 1
38 165 1
38 166 1
38 167 1
39 168 1
40 169 1
41 170 1
42 171 1
43 171 1
44 171 1
45 172 1
46 172 1
47 172 1
48 172 1
49 172 1
50 172 1
51 171 1
52 171 1
55 171 1
56 171 1
57 171 1
58 171 1
59 172 1
60 173 1
61 174 1
.PEN_UP
.PEN_DOWN
53 170 1
53 169 1
53 168 1
53 167 1
54 166 1
54 165 1
54 164 1
55 163 1
55 162 1
56 161 1
56 160 1
57 159 1
57 158 1
57 157 1
57 156 1
58 155 1
58 154 1
58 153 1
59 152 1
59 151 1
59 150 1
59 149 1
60 148 1
60 147 1
60 146 1
60 145 1
60 144 1
60 143 1
60 142 1
60 141 1
60 140 1
60 139 1
60 138 1
60 137 1
60 136 1
60 135 1
60 134 1
60 133 1
60 132 1
60 131 1
59 130 1
59 129 1
58 128 1
58 127 1
57 126 1
56 125 1
55 125 1
54 124 1
53 124 1
52 124 1
.PEN_UP
.PEN_DOWN
1 194 1
1 193 1
2 192 1
3 191 1
4 191 1
5 191 1
6 190 1
7 190 1
8 190 1
9 190 1
10 190 1
11 190 1
12 189 1
13 189 1
14 189 1
15 189 1
16 189 1
17 189 1
18 189 1
19 189 1
20 189 1
21 189 1
22 189 1
23 189 1
24 188 1
25 188 1
26 188 1
27 188 1
28 188 1
29 188 1
30 188 1
31 188 1
32 188 1
33 188 1
34 188 1
35 188 1
36 188 1
37 188 1
38 188 1
39 188 1
40 188 1
41 188 1
42 188 1
43 188 1
44 188 1
45 188 1
46 188 1
47 188 1
48 188 1
49 188 1
50 188 1
51 188 1
52 188 1
53 188 1
54 188 1
55 188 1
56 187 1
57 187 1
58 187 1
59 187 1
60 188 1
61 188 1
.PEN_UP
