.PEN_DOWN
38 4 1
38 3 1
39 2 1
40 1 1
41 1 1
42 1 1
43 1 1
44 1 1
45 1 1
46 1 1
47 1 1
48 1 1
49 1 1
50 2 1
51 3 1
53 4 1
54 4 1
55 4 1
56 4 1
57 4 1
58 4 1
59 4 1
60 4 1
61 4 1
62 4 1
63 3 1
64 3 1
65 3 1
66 3 1
67 3 1
68 3 1
69 3 1
70 4 1
71 4 1
72 4 1
73 4 1
74 4 1
75 4 1
76 4 1
77 4 1
78 4 1
79 4 1
80 4 1
81 4 1
82 4 1
83 4 1
84 4 1
85 4 1
86 4 1
87 4 1
88 4 1
89 4 1
90 4 1
91 5 1
92 5 1
93 5 1
.PEN_UP
.PEN_DOWN
51 4 1
51 6 1
50 7 1
50 8 1
49 9 1
48 10 1
48 11 1
47 12 1
46 13 1
45 14 1
44 15 1
44 16 1
43 17 1
42 18 1
42 19 1
41 20 1
41 21 1
.PEN_UP
.PEN_DOWN
34 36 1
34 37 1
33 38 1
33 39 1
33 40 1
33 41 1
33 42 1
34 43 1
35 44 1
36 44 1
37 44 1
38 44 1
39 44 1
40 44 1
41 44 1
42 44 1
43 44 1
44 44 1
45 45 1
46 44 1
47 44 1
48 43 1
49 43 1
50 43 1
51 43 1
.PEN_UP
.PEN_DOWN
45 46 1
45 47 1
45 48 1
45 49 1
45 50 1
45 51 1
45 52 1
45 53 1
45 54 1
44 55 1
44 56 1
44 57 1
43 58 1
43 59 1
43 60 1
42 61 1
42 62 1
42 63 1
42 64 1
41 65 1
41 66 1
41 67 1
41 68 1
43 69 1
44 69 1
45 69 1
46 69 1
47 69 1
48 69 1
49 69 1
50 69 1
51 69 1
52 70 1
53 70 1
54 71 1
55 72 1
55 73 1
56 74 1
55 75 1
55 76 1
54 77 1
53 78 1
52 78 1
51 78 1
50 78 1
49 78 1
48 78 1
47 78 1
46 78 1
45 78 1
44 78 1
43 77 1
42 76 1
41 75 1
41 74 1
40 73 1
.PEN_UP
.PEN_DOWN
1 115 1
2 115 1
5 114 1
6 114 1
7 114 1
8 114 1
9 114 1
10 114 1
11 114 1
12 114 1
13 114 1
14 114 1
15 114 1
16 114 1
17 114 1
18 114 1
19 114 1
20 114 1
21 114 1
22 114 1
23 114 1
24 114 1
25 114 1
26 114 1
27 114 1
28 114 1
29 114 1
30 114 1
31 114 1
32 114 1
33 114 1
34 114 1
35 114 1
36 114 1
37 113 1
38 113 1
39 113 1
40 113 1
41 112 1
42 112 1
43 112 1
44 112 1
45 112 1
48 111 1
49 111 1
50 111 1
51 110 1
52 110 1
53 110 1
.PEN_UP
.PEN_DOWN
46 112 1
46 114 1
45 115 1
45 116 1
45 117 1
45 118 1
45 119 1
45 120 1
45 121 1
45 122 1
45 123 1
45 124 1
43 125 1
42 126 1
41 127 1
40 128 1
39 129 1
38 130 1
37 131 1
36 132 1
36 133 1
35 134 1
34 135 1
33 136 1
33 137 1
.PEN_UP
.PEN_DOWN
44 125 1
47 125 1
48 125 1
49 125 1
50 125 1
51 125 1
52 125 1
53 125 1
54 126 1
55 126 1
56 127 1
57 128 1
58 129 1
59 130 1
60 131 1
61 132 1
61 133 1
62 134 1
63 135 1
63 136 1
64 137 1
65 138 1
66 138 1
67 138 1
.PEN_UP
.PEN_DOWN
47 171 1
46 170 1
45 169 1
44 168 1
43 167 1
43 166 1
43 165 1
43 164 1
43 163 1
44 162 1
45 161 1
46 160 1
47 159 1
48 158 1
49 157 1
50 157 1
51 156 1
52 156 1
53 155 1
54 155 1
55 155 1
56 155 1
57 154 1
58 154 1
59 154 1
60 154 1
61 155 1
62 155 1
63 155 1
64 156 1
65 157 1
65 158 1
66 159 1
66 160 1
67 161 1
68 162 1
68 163 1
68 164 1
69 165 1
69 166 1
69 167 1
69 168 1
69 169 1
68 170 1
68 171 1
68 172 1
68 173 1
68 174 1
68 175 1
.PEN_UP
.PEN_DOWN
9 204 1
10 203 1
11 203 1
12 203 1
13 203 1
14 203 1
15 203 1
16 203 1
17 203 1
18 202 1
19 202 1
20 202 1
21 202 1
22 201 1
23 201 1
24 201 1
25 201 1
26 201 1
27 201 1
28 201 1
29 201 1
30 201 1
31 200 1
32 200 1
33 200 1
34 200 1
35 200 1
36 199 1
37 199 1
38 199 1
39 199 1
40 199 1
41 198 1
42 198 1
43 198 1
44 198 1
45 197 1
46 197 1
47 197 1
48 197 1
49 196 1
50 196 1
51 196 1
52 196 1
53 197 1
54 198 1
54 199 1
53 200 1
53 201 1
53 202 1
52 203 1
52 204 1
51 205 1
51 206 1
51 207 1
51 208 1
50 209 1
50 210 1
50 211 1
51 212 1
52 213 1
53 213 1
54 213 1
55 213 1
56 213 1
.PEN_UP
.PEN_DOWN
44 243 1
45 243 1
46 244 1
47 244 1
48 245 1
49 245 1
50 245 1
51 245 1
52 245 1
53 246 1
54 246 1
55 246 1
56 246 1
57 246 1
58 246 1
59 246 1
60 247 1
60 248 1
60 249 1
61 250 1
60 251 1
60 252 1
59 253 1
58 253 1
57 254 1
56 254 1
55 255 1
54 256 1
54 257 1
53 258 1
53 259 1
53 260 1
53 261 1
52 262 1
52 263 1
52 264 1
52 265 1
52 266 1
50 268 1
49 268 1
48 269 1
47 270 1
46 271 1
45 272 1
44 273 1
43 274 1
42 275 1
.PEN_UP
.PEN_DOWN
51 267 1
54 267 1
55 268 1
56 268 1
57 268 1
58 269 1
59 270 1
60 271 1
61 272 1
62 273 1
62 274 1
62 275 1
62 276 1
62 277 1
61 278 1
61 279 1
61 280 1
60 281 1
60 282 1
59 283 1
59 284 1
58 285 1
58 286 1
57 287 1
56 288 1
55 289 1
54 290 1
53 291 1
52 292 1
52 293 1
52 294 1
51 295 1
51 296 1
49 297 1
48 297 1
47 297 1
46 297 1
45 297 1
44 297 1
43 298 1
42 298 1
41 298 1
40 298 1
39 298 1
38 299 1
37 300 1
36 300 1
35 300 1
34 299 1
33 299 1
32 299 1
31 299 1
30 300 1
29 300 1
28 300 1
27 300 1
26 301 1
25 302 1
24 303 1
23 303 1
22 304 1
21 304 1
20 304 1
19 305 1
19 306 1
17 310 1
16 310 1
15 311 1
14 312 1
13 312 1
12 313 1
.PEN_UP
.PEN_DOWN
19 307 1
22 310 1
23 309 1
24 309 1
25 309 1
26 308 1
27 308 1
28 307 1
29 307 1
30 307 1
31 306 1
32 305 1
33 304 1
33 303 1
34 302 1
34 301 1
.PEN_UP
.PEN_DOWN
50 297 1
52 298 1
53 298 1
54 299 1
55 300 1
56 301 1
56 302 1
56 303 1
56 304 1
56 305 1
55 306 1
55 307 1
54 308 1
53 309 1
52 310 1
51 311 1
50 312 1
49 313 1
48 314 1
47 315 1
46 316 1
46 317 1
45 318 1
45 319 1
43 320 1
42 320 1
41 320 1
40 321 1
39 321 1
.PEN_UP
.PEN_DOWN
44 320 1
46 321 1
47 321 1
48 322 1
49 322 1
50 323 1
51 324 1
52 325 1
53 326 1
53 327 1
52 328 1
52 329 1
51 330 1
51 331 1
50 332 1
50 333 1
50 334 1
49 335 1
50 336 1
51 336 1
52 336 1
53 336 1
54 336 1
55 336 1
56 336 1
57 336 1
58 336 1
59 336 1
60 336 1
61 336 1
62 336 1
63 335 1
64 335 1
65 335 1
66 335 1
67 335 1
68 335 1
69 335 1
70 335 1
71 334 1
72 334 1
73 334 1
74 334 1
76 333 1
77 333 1
78 332 1
79 332 1
80 331 1
80 330 1
81 329 1
82 329 1
83 328 1
84 327 1
85 326 1
86 326 1
87 325 1
88 324 1
89 324 1
90 323 1
91 322 1
92 321 1
93 321 1
94 321 1
95 320 1
96 320 1
97 320 1
98 320 1
99 320 1
100 319 1
.PEN_UP
.PEN_DOWN
75 334 1
75 336 1
75 337 1
75 338 1
75 339 1
74 340 1
74 341 1
74 342 1
73 343 1
73 344 1
72 345 1
72 346 1
71 347 1
70 348 1
.PEN_UP
