.PEN_DOWN
16 36 1
15 36 1
14 36 1
13 37 1
12 36 1
11 36 1
10 36 1
9 36 1
8 36 1
7 36 1
6 35 1
5 35 1
4 34 1
3 33 1
2 32 1
1 31 1
1 30 1
1 29 1
1 28 1
2 27 1
3 27 1
4 26 1
5 25 1
6 25 1
7 24 1
8 24 1
9 24 1
10 23 1
11 22 1
12 22 1
13 22 1
14 21 1
15 21 1
16 21 1
17 21 1
18 20 1
19 20 1
20 20 1
21 19 1
22 19 1
23 19 1
24 19 1
25 18 1
26 18 1
27 18 1
28 18 1
29 17 1
30 17 1
31 17 1
32 17 1
33 17 1
34 17 1
35 17 1
36 16 1
37 16 1
38 16 1
39 16 1
40 16 1
41 16 1
42 16 1
43 15 1
44 15 1
45 15 1
46 15 1
47 15 1
48 15 1
49 15 1
50 15 1
51 16 1
51 18 1
51 19 1
51 20 1
51 21 1
50 22 1
50 23 1
50 24 1
50 25 1
49 26 1
49 27 1
48 28 1
48 29 1
48 30 1
47 31 1
47 32 1
47 33 1
.PEN_UP
.PEN_DOWN
53 15 1
54 14 1
57 14 1
58 14 1
59 14 1
60 14 1
61 14 1
62 14 1
63 14 1
64 14 1
65 14 1
66 14 1
67 14 1
68 13 1
69 13 1
70 13 1
71 14 1
72 14 1
73 14 1
74 14 1
75 14 1
76 14 1
77 14 1
78 14 1
79 14 1
80 14 1
81 14 1
82 14 1
83 14 1
84 14 1
85 14 1
86 14 1
87 14 1
88 14 1
89 14 1
90 14 1
91 14 1
92 14 1
93 14 1
94 14 1
95 14 1
96 13 1
97 13 1
98 13 1
99 13 1
100 13 1
101 13 1
102 13 1
103 13 1
104 13 1
105 13 1
106 13 1
107 13 1
108 13 1
.PEN_UP
.PEN_DOWN
67 12 1
67 11 1
66 10 1
65 9 1
64 8 1
63 7 1
62 6 1
61 6 1
60 5 1
59 5 1
58 4 1
56 5 1
56 6 1
55 7 1
55 8 1
55 9 1
55 10 1
55 11 1
55 12 1
55 13 1
.PEN_UP
.PEN_DOWN
4 54 1
5 53 1
6 52 1
7 52 1
8 52 1
9 51 1
10 51 1
11 51 1
12 51 1
13 51 1
14 50 1
15 50 1
16 50 1
17 50 1
18 50 1
19 49 1
20 49 1
21 49 1
22 48 1
23 48 1
24 48 1
25 47 1
26 47 1
27 47 1
28 47 1
29 46 1
30 46 1
31 46 1
32 46 1
33 46 1
34 45 1
35 45 1
36 45 1
37 45 1
38 44 1
39 44 1
40 44 1
41 44 1
42 43 1
43 43 1
44 43 1
45 43 1
46 42 1
47 42 1
48 42 1
49 42 1
50 41 1
51 41 1
52 41 1
53 41 1
54 41 1
55 40 1
56 40 1
57 40 1
58 40 1
59 40 1
60 40 1
61 39 1
62 39 1
63 39 1
64 39 1
65 39 1
66 39 1
67 39 1
68 39 1
69 39 1
70 39 1
71 39 1
72 40 1
.PEN_UP
.PEN_DOWN
54 57 1
55 56 1
56 56 1
57 56 1
58 56 1
59 56 1
60 56 1
61 57 1
62 57 1
63 58 1
64 59 1
64 60 1
64 61 1
65 62 1
65 63 1
66 64 1
67 64 1
68 64 1
69 64 1
70 64 1
71 63 1
72 63 1
73 63 1
74 63 1
75 63 1
76 63 1
77 63 1
78 64 1
79 63 1
80 63 1
81 63 1
82 62 1
83 62 1
84 62 1
85 62 1
86 61 1
87 60 1
88 60 1
90 61 1
91 61 1
92 61 1
93 61 1
94 60 1
95 60 1
96 60 1
97 60 1
98 60 1
99 59 1
100 59 1
101 59 1
102 59 1
103 59 1
104 59 1
105 58 1
106 58 1
107 58 1
108 58 1
109 58 1
110 57 1
111 57 1
112 57 1
113 57 1
114 56 1
115 56 1
116 56 1
117 56 1
118 56 1
119 56 1
120 56 1
121 55 1
122 55 1
123 55 1
124 55 1
125 55 1
126 54 1
127 54 1
128 54 1
129 54 1
130 54 1
131 54 1
132 53 1
133 53 1
134 53 1
135 53 1
136 53 1
137 52 1
138 52 1
139 52 1
140 52 1
141 51 1
142 51 1
143 51 1
144 51 1
145 51 1
146 50 1
147 49 1
148 48 1
148 47 1
147 46 1
147 45 1
146 44 1
145 44 1
144 43 1
143 43 1
142 43 1
141 43 1
140 43 1
139 42 1
138 42 1
137 42 1
136 42 1
135 42 1
134 42 1
133 41 1
132 41 1
131 41 1
130 41 1
129 41 1
128 42 1
127 42 1
126 42 1
125 42 1
124 42 1
123 42 1
122 42 1
121 42 1
120 43 1
119 43 1
118 43 1
117 43 1
116 43 1
115 43 1
114 43 1
113 44 1
112 44 1
111 44 1
110 44 1
109 45 1
108 45 1
107 46 1
106 46 1
105 46 1
104 47 1
103 48 1
102 48 1
101 49 1
100 49 1
99 50 1
98 50 1
97 51 1
96 51 1
95 52 1
94 53 1
93 53 1
92 54 1
91 55 1
90 56 1
90 57 1
90 58 1
89 59 1
.PEN_UP
.PEN_DOWN
77 65 1
77 66 1
77 67 1
76 68 1
76 69 1
75 70 1
74 71 1
74 72 1
73 73 1
72 74 1
72 75 1
71 76 1
70 77 1
70 78 1
69 79 1
68 80 1
68 81 1
68 82 1
67 83 1
67 84 1
66 85 1
65 86 1
65 87 1
64 88 1
64 89 1
63 90 1
63 91 1
62 92 1
61 93 1
61 94 1
60 95 1
60 96 1
60 97 1
59 98 1
59 99 1
59 100 1
57 102 1
56 103 1
55 103 1
54 103 1
53 104 1
.PEN_UP
.PEN_DOWN
58 101 1
61 101 1
62 101 1
63 101 1
64 101 1
65 101 1
66 101 1
69 101 1
70 100 1
71 100 1
72 99 1
.PEN_UP
.PEN_DOWN
67 101 1
67 103 1
66 104 1
65 105 1
64 106 1
.PEN_UP
.PEN_DOWN
10 108 1
9 108 1
8 109 1
7 109 1
6 110 1
5 110 1
4 111 1
3 112 1
2 113 1
3 114 1
3 115 1
3 116 1
.PEN_UP
.PEN_DOWN
57 111 1
58 111 1
59 111 1
60 112 1
61 112 1
62 113 1
63 114 1
64 115 1
64 116 1
65 117 1
65 118 1
65 119 1
64 120 1
64 121 1
64 122 1
64 123 1
64 124 1
66 126 1
67 126 1
68 126 1
.PEN_UP
.PEN_DOWN
61 136 1
60 137 1
60 138 1
60 139 1
60 140 1
61 142 1
62 142 1
63 142 1
64 142 1
65 142 1
66 142 1
67 142 1
68 141 1
69 141 1
70 141 1
71 141 1
72 141 1
73 141 1
74 141 1
75 141 1
76 140 1
77 140 1
78 140 1
79 140 1
80 140 1
81 140 1
82 139 1
83 139 1
84 139 1
85 139 1
86 139 1
87 139 1
88 139 1
89 139 1
90 139 1
91 138 1
92 138 1
93 138 1
94 138 1
95 138 1
96 138 1
97 138 1
98 138 1
99 138 1
100 138 1
101 138 1
102 138 1
103 138 1
106 137 1
107 137 1
108 137 1
109 137 1
110 136 1
112 136 1
113 136 1
114 136 1
115 136 1
116 136 1
117 136 1
118 135 1
119 135 1
120 135 1
121 135 1
122 135 1
123 135 1
124 134 1
125 134 1
126 134 1
127 134 1
128 134 1
129 134 1
130 134 1
131 133 1
132 133 1
133 133 1
134 133 1
135 133 1
136 133 1
137 132 1
138 132 1
139 132 1
140 132 1
141 132 1
142 131 1
143 131 1
144 131 1
145 131 1
146 131 1
147 131 1
148 130 1
149 130 1
150 130 1
151 130 1
152 130 1
153 130 1
154 130 1
155 129 1
156 129 1
157 129 1
158 128 1
159 127 1
161 126 1
162 127 1
163 127 1
164 127 1
.PEN_UP
.PEN_DOWN
159 126 1
158 124 1
157 123 1
156 123 1
155 123 1
154 122 1
153 122 1
152 122 1
151 122 1
150 121 1
149 121 1
148 121 1
147 120 1
146 120 1
145 120 1
144 119 1
143 119 1
142 119 1
141 119 1
140 119 1
139 118 1
138 118 1
137 118 1
136 118 1
135 118 1
134 118 1
133 117 1
132 117 1
131 117 1
130 117 1
129 117 1
128 117 1
127 117 1
126 117 1
125 117 1
124 117 1
123 118 1
122 118 1
121 118 1
120 119 1
119 119 1
118 120 1
117 121 1
116 122 1
116 123 1
115 124 1
114 125 1
114 126 1
113 127 1
112 128 1
112 129 1
111 130 1
111 131 1
110 132 1
110 133 1
110 134 1
110 135 1
.PEN_UP
.PEN_DOWN
104 138 1
104 140 1
104 141 1
103 142 1
.PEN_UP
