.PEN_DOWN
82 1 1
82 2 1
81 3 1
80 4 1
79 4 1
78 5 1
77 6 1
76 7 1
75 6 1
75 5 1
74 4 1
73 3 1
72 3 1
71 3 1
70 4 1
69 4 1
68 4 1
67 4 1
66 4 1
65 4 1
64 5 1
63 5 1
62 5 1
61 6 1
60 6 1
59 6 1
58 7 1
57 8 1
56 9 1
55 9 1
54 9 1
53 10 1
52 11 1
51 12 1
50 13 1
49 14 1
49 15 1
48 16 1
47 17 1
46 18 1
46 19 1
45 20 1
45 21 1
44 22 1
44 23 1
44 24 1
44 25 1
44 26 1
45 27 1
46 28 1
47 29 1
48 29 1
49 29 1
50 29 1
51 29 1
52 29 1
53 29 1
54 29 1
55 29 1
56 28 1
57 28 1
58 28 1
59 27 1
60 26 1
61 25 1
62 24 1
63 23 1
64 22 1
65 21 1
66 20 1
67 19 1
68 18 1
69 17 1
70 16 1
71 15 1
72 15 1
73 14 1
74 14 1
75 13 1
78 14 1
78 15 1
78 16 1
78 17 1
78 18 1
78 19 1
78 20 1
78 21 1
78 22 1
78 23 1
78 24 1
78 25 1
78 26 1
78 27 1
78 28 1
78 29 1
78 30 1
78 31 1
77 32 1
77 33 1
77 34 1
76 35 1
76 36 1
75 37 1
75 38 1
74 39 1
74 40 1
73 41 1
73 42 1
73 43 1
.PEN_UP
.PEN_DOWN
76 12 1
76 11 1
76 10 1
76 9 1
76 8 1
.PEN_UP
.PEN_DOWN
17 84 1
17 85 1
16 86 1
15 87 1
15 88 1
14 89 1
14 90 1
13 91 1
14 92 1
15 93 1
16 93 1
17 93 1
18 92 1
19 92 1
20 92 1
21 92 1
22 92 1
23 92 1
24 92 1
25 92 1
26 92 1
27 92 1
28 91 1
29 91 1
30 90 1
31 90 1
32 90 1
33 90 1
34 90 1
35 90 1
36 89 1
37 89 1
38 89 1
39 89 1
40 89 1
41 88 1
42 88 1
43 88 1
44 88 1
45 87 1
46 87 1
47 87 1
48 87 1
49 87 1
50 86 1
51 86 1
52 86 1
53 86 1
54 85 1
55 85 1
56 85 1
57 85 1
58 85 1
59 85 1
60 85 1
61 85 1
62 84 1
63 84 1
64 84 1
65 84 1
66 84 1
67 84 1
68 85 1
69 86 1
71 86 1
72 86 1
73 86 1
74 86 1
75 85 1
77 86 1
78 87 1
79 88 1
80 88 1
81 88 1
82 88 1
83 88 1
84 88 1
85 88 1
86 89 1
87 90 1
87 91 1
87 92 1
87 93 1
87 94 1
87 95 1
87 96 1
87 97 1
87 98 1
87 99 1
87 100 1
86 101 1
86 102 1
85 103 1
84 104 1
84 105 1
83 106 1
82 107 1
82 108 1
81 109 1
80 110 1
80 111 1
79 112 1
79 113 1
78 114 1
77 114 1
76 114 1
75 114 1
74 114 1
73 114 1
72 114 1
71 114 1
70 115 1
69 115 1
68 115 1
67 115 1
66 116 1
65 116 1
64 116 1
63 117 1
62 117 1
61 118 1
60 118 1
59 118 1
58 118 1
57 118 1
53 112 1
54 111 1
54 110 1
55 109 1
55 108 1
56 107 1
57 106 1
57 105 1
58 104 1
59 103 1
60 102 1
60 101 1
61 100 1
62 99 1
62 98 1
63 97 1
64 96 1
65 95 1
66 94 1
66 93 1
67 92 1
68 91 1
68 90 1
69 89 1
69 88 1
69 87 1
.PEN_UP
.PEN_DOWN
76 84 1
77 83 1
77 82 1
77 81 1
78 80 1
78 79 1
79 78 1
80 78 1
81 77 1
82 76 1
.PEN_UP
.PEN_DOWN
56 72 1
55 73 1
54 73 1
53 73 1
52 74 1
51 74 1
50 74 1
49 73 1
48 73 1
47 72 1
47 71 1
46 70 1
46 69 1
46 68 1
46 67 1
47 66 1
47 65 1
48 64 1
48 63 1
49 62 1
49 61 1
49 60 1
50 59 1
51 58 1
52 57 1
53 56 1
54 55 1
55 55 1
56 55 1
57 55 1
58 55 1
59 55 1
60 55 1
61 56 1
62 56 1
63 57 1
64 57 1
65 58 1
66 58 1
67 59 1
68 59 1
69 60 1
70 60 1
71 60 1
72 61 1
73 61 1
74 61 1
75 61 1
76 61 1
77 61 1
78 61 1
79 61 1
80 60 1
81 59 1
82 59 1
83 59 1
84 59 1
85 58 1
86 57 1
87 56 1
87 55 1
87 54 1
87 53 1
87 52 1
87 51 1
87 50 1
86 49 1
86 48 1
86 47 1
.PEN_UP
.PEN_DOWN
3 146 1
4 146 1
5 145 1
6 145 1
7 145 1
8 145 1
9 145 1
10 145 1
11 145 1
12 145 1
13 145 1
14 145 1
15 145 1
16 145 1
17 145 1
18 145 1
19 145 1
20 144 1
21 144 1
22 144 1
23 144 1
24 144 1
25 144 1
26 144 1
27 143 1
28 143 1
29 143 1
30 143 1
31 143 1
32 143 1
33 143 1
34 142 1
35 142 1
36 142 1
37 142 1
38 142 1
39 141 1
40 141 1
41 141 1
42 140 1
43 140 1
44 140 1
45 140 1
46 140 1
47 140 1
48 140 1
49 139 1
50 139 1
51 139 1
52 139 1
53 138 1
54 138 1
55 138 1
56 138 1
57 138 1
58 138 1
59 138 1
60 137 1
61 137 1
62 137 1
63 137 1
64 137 1
65 137 1
67 136 1
68 136 1
69 135 1
70 134 1
71 134 1
72 133 1
73 133 1
74 133 1
75 133 1
76 132 1
77 132 1
78 132 1
79 132 1
80 131 1
81 131 1
82 131 1
83 131 1
84 131 1
85 131 1
86 131 1
87 131 1
88 132 1
89 133 1
88 134 1
88 135 1
88 136 1
87 137 1
87 138 1
86 139 1
86 140 1
86 141 1
85 142 1
85 143 1
84 144 1
83 145 1
82 146 1
81 147 1
80 148 1
80 149 1
79 150 1
78 151 1
78 152 1
77 153 1
76 154 1
75 155 1
74 156 1
73 157 1
72 157 1
71 158 1
70 158 1
69 159 1
68 160 1
67 160 1
66 160 1
65 160 1
64 160 1
63 160 1
62 160 1
61 161 1
60 160 1
59 160 1
58 159 1
57 158 1
57 157 1
57 156 1
57 155 1
58 154 1
58 153 1
58 152 1
59 151 1
59 150 1
60 149 1
60 148 1
61 147 1
62 146 1
63 145 1
64 144 1
64 143 1
64 142 1
64 141 1
65 140 1
65 139 1
66 138 1
.PEN_UP
.PEN_DOWN
3 186 1
4 185 1
5 185 1
6 185 1
7 185 1
8 185 1
9 185 1
10 185 1
11 185 1
12 185 1
13 185 1
14 184 1
15 184 1
16 184 1
17 184 1
18 184 1
19 184 1
20 184 1
21 184 1
22 183 1
23 183 1
24 183 1
25 183 1
26 183 1
27 182 1
28 182 1
29 182 1
30 181 1
31 181 1
32 181 1
33 181 1
34 180 1
35 180 1
36 180 1
37 180 1
38 179 1
39 179 1
40 179 1
41 178 1
42 178 1
43 178 1
44 178 1
45 178 1
46 177 1
47 177 1
48 176 1
49 176 1
50 176 1
51 176 1
52 176 1
53 176 1
54 175 1
55 175 1
56 175 1
57 174 1
58 174 1
59 173 1
60 173 1
61 173 1
62 173 1
63 173 1
64 173 1
65 173 1
66 173 1
67 173 1
68 173 1
69 173 1
70 173 1
71 173 1
72 173 1
73 173 1
74 173 1
75 173 1
76 173 1
77 173 1
78 173 1
79 173 1
80 173 1
81 174 1
82 175 1
83 176 1
82 177 1
82 178 1
82 179 1
82 180 1
82 181 1
81 182 1
80 183 1
80 184 1
79 185 1
79 186 1
78 187 1
77 188 1
76 189 1
75 190 1
75 191 1
74 192 1
73 193 1
72 194 1
72 195 1
71 196 1
71 197 1
71 198 1
70 199 1
68 201 1
67 201 1
66 201 1
65 202 1
64 203 1
63 203 1
62 204 1
61 205 1
60 205 1
59 206 1
58 207 1
57 207 1
56 208 1
55 208 1
54 209 1
53 210 1
52 210 1
51 211 1
.PEN_UP
.PEN_DOWN
69 200 1
71 201 1
72 201 1
73 201 1
74 201 1
75 201 1
76 201 1
77 201 1
78 202 1
.PEN_UP
.PEN_DOWN
10 219 1
11 219 1
12 218 1
13 218 1
14 218 1
15 218 1
16 218 1
17 218 1
18 218 1
19 218 1
20 218 1
21 218 1
22 219 1
23 219 1
.PEN_UP
.PEN_DOWN
85 218 1
86 219 1
87 220 1
87 221 1
87 222 1
88 223 1
88 224 1
88 225 1
88 226 1
89 227 1
89 228 1
89 229 1
89 230 1
88 231 1
88 232 1
88 233 1
87 234 1
87 235 1
86 236 1
86 237 1
85 238 1
84 239 1
83 239 1
82 239 1
81 239 1
80 240 1
79 240 1
78 240 1
77 240 1
76 239 1
75 238 1
74 237 1
74 236 1
73 235 1
72 234 1
71 233 1
71 232 1
70 231 1
69 230 1
68 229 1
67 228 1
66 227 1
65 227 1
64 226 1
63 226 1
62 227 1
61 227 1
60 227 1
59 228 1
58 229 1
57 230 1
56 231 1
55 232 1
55 233 1
55 234 1
54 235 1
54 236 1
53 237 1
53 238 1
53 239 1
53 240 1
53 241 1
53 242 1
53 243 1
53 244 1
53 245 1
53 246 1
53 247 1
53 248 1
53 249 1
53 250 1
.PEN_UP
.PEN_DOWN
83 258 1
82 258 1
81 259 1
80 259 1
79 259 1
78 260 1
77 261 1
76 261 1
75 262 1
74 261 1
73 261 1
72 261 1
71 261 1
70 261 1
69 261 1
68 261 1
67 261 1
66 261 1
65 262 1
64 262 1
63 262 1
62 262 1
61 262 1
60 263 1
59 263 1
58 263 1
57 263 1
56 264 1
55 264 1
54 264 1
53 265 1
52 265 1
51 265 1
50 265 1
49 266 1
48 266 1
47 266 1
46 266 1
45 266 1
44 267 1
43 267 1
42 267 1
41 268 1
40 268 1
39 268 1
38 269 1
37 269 1
36 269 1
35 269 1
34 269 1
33 269 1
32 270 1
31 270 1
30 271 1
29 271 1
28 271 1
27 271 1
26 271 1
25 272 1
24 272 1
23 272 1
22 272 1
21 273 1
20 273 1
19 274 1
18 274 1
17 274 1
16 274 1
15 274 1
14 274 1
13 275 1
12 275 1
11 275 1
10 276 1
9 276 1
8 276 1
7 276 1
6 276 1
5 276 1
4 276 1
3 277 1
2 277 1
1 278 1
.PEN_UP
.PEN_DOWN
74 263 1
74 264 1
74 265 1
73 266 1
73 267 1
73 268 1
72 269 1
71 270 1
71 271 1
70 272 1
70 273 1
70 274 1
70 275 1
69 276 1
69 277 1
70 278 1
71 278 1
72 278 1
73 278 1
74 278 1
75 278 1
76 278 1
77 278 1
78 278 1
79 278 1
80 278 1
81 278 1
82 278 1
83 278 1
84 277 1
85 277 1
86 277 1
87 277 1
88 277 1
89 277 1
90 276 1
91 276 1
92 276 1
93 276 1
94 277 1
95 277 1
.PEN_UP
