.PEN_DOWN
13 17 1
13 16 1
14 15 1
15 14 1
16 13 1
17 13 1
18 12 1
19 12 1
20 12 1
21 11 1
22 10 1
23 10 1
24 9 1
25 8 1
26 8 1
27 7 1
28 6 1
29 6 1
30 5 1
31 4 1
32 3 1
33 3 1
34 2 1
35 2 1
36 2 1
37 1 1
38 1 1
39 2 1
39 3 1
39 4 1
39 5 1
39 6 1
39 7 1
39 8 1
38 9 1
38 10 1
38 11 1
38 12 1
38 13 1
37 14 1
37 15 1
37 16 1
37 17 1
37 18 1
37 19 1
37 20 1
37 21 1
37 22 1
37 23 1
38 24 1
39 25 1
40 26 1
41 27 1
42 28 1
43 29 1
43 30 1
44 31 1
44 32 1
43 33 1
43 34 1
42 35 1
42 36 1
41 37 1
40 38 1
40 39 1
39 40 1
38 41 1
37 42 1
36 43 1
35 44 1
34 45 1
33 46 1
33 47 1
32 48 1
31 49 1
30 50 1
29 51 1
28 52 1
27 53 1
26 54 1
25 55 1
24 55 1
23 56 1
22 56 1
21 56 1
20 57 1
19 57 1
18 56 1
17 56 1
16 56 1
15 55 1
14 55 1
13 54 1
12 53 1
12 52 1
11 51 1
11 50 1
11 49 1
11 48 1
11 47 1
12 46 1
13 45 1
.PEN_UP
.PEN_DOWN
27 87 1
26 88 1
26 89 1
26 90 1
24 92 1
23 92 1
22 93 1
21 94 1
19 95 1
18 96 1
17 96 1
16 96 1
15 97 1
14 98 1
13 99 1
12 99 1
11 100 1
10 101 1
9 102 1
8 103 1
7 104 1
7 105 1
6 106 1
5 107 1
4 108 1
3 109 1
2 110 1
1 111 1
1 112 1
1 113 1
1 114 1
1 115 1
1 116 1
2 117 1
3 117 1
4 117 1
5 117 1
6 117 1
7 116 1
8 116 1
9 115 1
10 114 1
11 113 1
12 112 1
13 111 1
14 110 1
14 109 1
15 108 1
16 107 1
17 106 1
17 105 1
18 104 1
19 103 1
20 102 1
20 101 1
20 100 1
21 99 1
21 98 1
21 97 1
21 96 1
.PEN_UP
.PEN_DOWN
25 91 1
27 92 1
28 92 1
29 92 1
30 93 1
31 94 1
31 95 1
32 96 1
32 97 1
32 98 1
32 99 1
32 100 1
32 101 1
32 102 1
32 103 1
32 104 1
32 105 1
32 106 1
32 107 1
.PEN_UP
