.PEN_DOWN
10 88 1
11 88 1
12 88 1
14 87 1
15 86 1
15 85 1
16 84 1
16 83 1
17 82 1
18 81 1
18 80 1
19 79 1
20 78 1
20 77 1
21 76 1
22 75 1
23 74 1
23 73 1
24 72 1
25 71 1
26 70 1
27 69 1
28 68 1
29 67 1
30 66 1
31 65 1
32 64 1
33 63 1
34 63 1
35 62 1
36 61 1
37 60 1
38 59 1
39 58 1
40 57 1
41 56 1
42 56 1
43 55 1
44 55 1
45 54 1
46 54 1
47 53 1
48 53 1
49 53 1
50 53 1
51 52 1
52 53 1
53 53 1
54 54 1
54 55 1
54 56 1
54 57 1
54 58 1
54 59 1
53 60 1
53 61 1
53 62 1
52 63 1
52 64 1
52 65 1
51 66 1
51 67 1
51 68 1
50 69 1
50 70 1
50 71 1
49 72 1
49 73 1
48 74 1
48 75 1
47 76 1
47 77 1
46 78 1
46 79 1
46 80 1
45 81 1
45 82 1
44 83 1
44 84 1
43 85 1
43 86 1
42 87 1
42 88 1
41 89 1
41 90 1
40 91 1
40 92 1
39 93 1
39 94 1
38 95 1
38 96 1
37 97 1
36 98 1
36 99 1
35 100 1
35 101 1
34 102 1
34 103 1
34 104 1
34 105 1
34 106 1
33 108 1
32 109 1
32 110 1
31 111 1
31 112 1
30 113 1
29 114 1
29 115 1
28 116 1
27 117 1
26 118 1
25 119 1
25 120 1
24 121 1
24 122 1
23 123 1
22 124 1
22 125 1
21 126 1
20 127 1
20 128 1
19 129 1
18 130 1
18 131 1
17 132 1
16 133 1
16 134 1
.PEN_UP
.PEN_DOWN
34 107 1
36 106 1
37 106 1
38 106 1
39 105 1
40 105 1
41 104 1
42 103 1
43 102 1
44 101 1
45 100 1
46 99 1
47 98 1
48 97 1
49 96 1
50 95 1
51 94 1
52 93 1
53 92 1
54 91 1
55 90 1
56 89 1
57 88 1
57 87 1
58 86 1
59 85 1
60 84 1
61 83 1
62 82 1
63 81 1
64 80 1
65 79 1
66 78 1
67 77 1
68 76 1
69 75 1
70 74 1
70 73 1
71 72 1
72 71 1
72 70 1
73 69 1
74 69 1
75 68 1
75 67 1
76 66 1
77 65 1
78 64 1
79 63 1
80 62 1
81 61 1
81 60 1
82 59 1
83 58 1
84 57 1
85 56 1
85 55 1
86 54 1
87 53 1
88 52 1
89 51 1
90 50 1
91 49 1
91 48 1
92 47 1
93 46 1
94 45 1
94 44 1
95 43 1
96 42 1
96 41 1
97 40 1
98 39 1
98 38 1
99 37 1
100 36 1
101 35 1
102 34 1
102 33 1
103 32 1
103 31 1
104 30 1
105 29 1
106 28 1
107 27 1
107 26 1
108 25 1
109 24 1
110 23 1
111 22 1
111 21 1
112 20 1
113 19 1
113 18 1
114 17 1
115 17 1
116 16 1
116 15 1
116 14 1
117 13 1
118 12 1
119 11 1
119 10 1
120 9 1
121 8 1
122 7 1
123 6 1
123 5 1
124 4 1
125 3 1
125 2 1
126 1 1
.PEN_UP
.PEN_DOWN
13 88 1
13 90 1
12 91 1
12 92 1
11 93 1
11 94 1
10 95 1
9 96 1
9 97 1
8 98 1
8 99 1
7 100 1
7 101 1
6 102 1
5 103 1
5 104 1
4 105 1
3 106 1
3 107 1
3 108 1
2 109 1
2 110 1
.PEN_UP
.PEN_DOWN
22 205 1
23 204 1
23 203 1
24 202 1
24 201 1
25 200 1
25 199 1
26 198 1
26 197 1
27 196 1
27 195 1
30 193 1
31 193 1
32 192 1
32 191 1
33 190 1
34 189 1
34 188 1
35 187 1
35 186 1
36 185 1
37 184 1
37 183 1
38 182 1
38 181 1
39 180 1
40 179 1
41 178 1
41 177 1
42 176 1
43 175 1
44 174 1
44 173 1
45 172 1
45 171 1
46 170 1
47 169 1
48 168 1
49 167 1
49 166 1
50 165 1
51 164 1
52 163 1
53 162 1
54 161 1
55 161 1
56 160 1
57 160 1
58 160 1
59 161 1
59 162 1
59 163 1
59 164 1
58 165 1
58 166 1
58 167 1
58 168 1
58 169 1
57 170 1
57 171 1
57 172 1
57 173 1
56 174 1
56 175 1
56 176 1
55 177 1
55 178 1
55 179 1
55 180 1
54 181 1
54 182 1
54 183 1
53 184 1
53 185 1
53 186 1
52 187 1
52 188 1
51 189 1
51 190 1
51 191 1
50 192 1
50 193 1
50 194 1
49 195 1
49 196 1
48 197 1
48 198 1
47 199 1
47 200 1
47 201 1
46 202 1
46 203 1
46 204 1
45 205 1
45 206 1
44 207 1
44 208 1
44 209 1
43 210 1
43 211 1
43 212 1
43 215 1
42 216 1
41 217 1
41 218 1
40 219 1
40 220 1
39 221 1
39 222 1
38 223 1
37 224 1
37 225 1
36 226 1
36 227 1
35 228 1
34 229 1
34 230 1
.PEN_UP
.PEN_DOWN
43 213 1
45 213 1
46 213 1
47 212 1
48 212 1
49 211 1
50 211 1
51 210 1
52 209 1
53 208 1
54 208 1
55 207 1
56 206 1
57 205 1
58 205 1
59 205 1
60 205 1
61 204 1
62 204 1
63 204 1
64 205 1
65 205 1
66 206 1
66 207 1
66 208 1
65 209 1
65 210 1
65 211 1
64 212 1
64 213 1
64 214 1
63 215 1
62 216 1
62 217 1
62 218 1
61 219 1
60 220 1
59 221 1
58 222 1
57 223 1
56 224 1
55 225 1
54 226 1
53 227 1
52 228 1
51 229 1
50 230 1
49 231 1
48 232 1
47 232 1
46 233 1
45 234 1
44 235 1
43 235 1
42 236 1
41 237 1
40 238 1
39 239 1
38 240 1
37 241 1
36 242 1
35 243 1
34 244 1
33 245 1
32 246 1
31 247 1
30 248 1
29 249 1
29 250 1
28 251 1
27 252 1
27 253 1
26 254 1
26 255 1
25 256 1
25 257 1
24 258 1
24 259 1
23 260 1
23 261 1
23 262 1
22 263 1
22 264 1
21 265 1
21 266 1
.PEN_UP
.PEN_DOWN
27 194 1
26 191 1
27 190 1
27 189 1
27 188 1
28 187 1
28 186 1
28 185 1
28 184 1
29 183 1
29 182 1
30 181 1
30 180 1
31 179 1
31 178 1
31 177 1
32 176 1
32 175 1
32 174 1
32 173 1
32 172 1
32 171 1
32 170 1
31 169 1
29 167 1
28 166 1
27 166 1
26 166 1
25 166 1
24 165 1
24 164 1
23 163 1
21 164 1
20 164 1
19 164 1
18 165 1
17 166 1
17 167 1
16 168 1
15 169 1
15 170 1
14 171 1
14 172 1
14 173 1
13 174 1
13 175 1
12 176 1
12 177 1
12 178 1
12 179 1
12 180 1
13 181 1
14 181 1
15 182 1
16 181 1
17 181 1
18 181 1
19 180 1
20 179 1
21 178 1
22 177 1
23 176 1
24 175 1
25 174 1
26 173 1
27 172 1
28 171 1
29 170 1
30 169 1
33 166 1
33 165 1
34 164 1
34 163 1
35 162 1
35 161 1
36 160 1
36 159 1
37 158 1
37 157 1
38 156 1
39 155 1
40 154 1
40 153 1
41 152 1
42 151 1
43 150 1
43 149 1
44 148 1
45 147 1
45 146 1
46 145 1
46 144 1
46 143 1
47 142 1
48 142 1
49 142 1
50 141 1
51 140 1
52 139 1
52 138 1
53 137 1
54 136 1
54 135 1
55 134 1
55 133 1
56 132 1
56 131 1
57 130 1
58 129 1
59 126 1
60 125 1
60 124 1
61 123 1
61 122 1
62 121 1
62 120 1
62 119 1
63 118 1
63 117 1
63 116 1
64 115 1
64 114 1
65 113 1
65 112 1
65 111 1
65 110 1
65 109 1
64 108 1
63 108 1
62 109 1
61 109 1
60 109 1
59 110 1
58 111 1
57 112 1
56 113 1
55 114 1
54 115 1
53 116 1
52 117 1
51 118 1
50 119 1
49 120 1
49 121 1
48 122 1
47 123 1
46 124 1
45 125 1
44 126 1
44 127 1
43 128 1
42 129 1
41 130 1
40 131 1
40 132 1
40 133 1
40 134 1
39 135 1
39 136 1
38 137 1
37 138 1
36 139 1
35 140 1
34 141 1
34 142 1
33 143 1
33 144 1
32 145 1
31 146 1
31 147 1
30 148 1
29 149 1
28 150 1
28 151 1
27 152 1
26 153 1
26 154 1
25 155 1
25 156 1
24 157 1
24 158 1
23 159 1
23 160 1
23 161 1
23 162 1
.PEN_UP
.PEN_DOWN
40 137 1
41 137 1
42 137 1
43 137 1
44 138 1
44 139 1
45 140 1
45 141 1
45 142 1
.PEN_UP
