.PEN_DOWN
1 26 1
2 25 1
3 25 1
4 24 1
5 23 1
6 22 1
7 21 1
8 20 1
9 19 1
10 18 1
11 17 1
12 16 1
13 15 1
14 14 1
15 13 1
16 12 1
17 11 1
18 10 1
19 9 1
20 8 1
21 7 1
22 6 1
23 6 1
24 5 1
25 4 1
26 3 1
27 3 1
28 2 1
29 2 1
30 1 1
31 1 1
32 1 1
33 1 1
34 1 1
35 1 1
36 2 1
37 3 1
38 4 1
38 5 1
38 6 1
38 7 1
38 8 1
38 9 1
38 10 1
38 11 1
38 12 1
38 13 1
38 14 1
38 15 1
37 16 1
37 17 1
37 18 1
37 19 1
37 20 1
36 21 1
36 22 1
36 23 1
35 24 1
35 25 1
35 26 1
34 27 1
34 28 1
34 29 1
34 30 1
34 31 1
32 33 1
31 34 1
30 35 1
29 36 1
28 37 1
27 37 1
26 38 1
25 39 1
24 40 1
23 41 1
22 41 1
21 42 1
20 43 1
19 44 1
18 45 1
17 46 1
17 47 1
16 48 1
15 49 1
14 50 1
13 51 1
12 51 1
11 52 1
10 53 1
9 54 1
.PEN_UP
.PEN_DOWN
33 32 1
35 33 1
36 33 1
37 34 1
38 35 1
38 36 1
39 37 1
39 38 1
39 39 1
39 40 1
39 41 1
39 42 1
39 43 1
39 44 1
39 45 1
39 46 1
39 47 1
38 48 1
38 49 1
37 50 1
37 51 1
36 52 1
35 53 1
35 54 1
34 55 1
34 56 1
33 57 1
32 57 1
31 58 1
30 58 1
29 58 1
28 58 1
27 58 1
26 58 1
25 58 1
24 58 1
23 58 1
22 58 1
21 58 1
20 58 1
19 59 1
18 59 1
17 60 1
16 60 1
15 61 1
14 61 1
13 62 1
12 63 1
11 64 1
10 65 1
9 66 1
9 67 1
8 68 1
7 69 1
7 70 1
6 71 1
6 72 1
6 73 1
6 74 1
6 75 1
8 75 1
9 75 1
10 75 1
11 76 1
12 76 1
.PEN_UP
