.PEN_DOWN
54 7 1
54 8 1
53 9 1
53 10 1
53 11 1
52 12 1
51 13 1
51 14 1
50 15 1
49 16 1
48 17 1
48 18 1
47 19 1
47 20 1
47 21 1
46 22 1
46 23 1
46 24 1
45 26 1
44 27 1
43 28 1
42 29 1
41 30 1
40 31 1
39 31 1
38 32 1
38 33 1
37 34 1
36 35 1
35 36 1
34 36 1
33 37 1
32 38 1
31 39 1
30 40 1
29 41 1
28 42 1
27 43 1
26 44 1
25 45 1
24 46 1
23 46 1
22 47 1
21 48 1
20 49 1
19 50 1
18 51 1
17 52 1
16 53 1
15 54 1
14 55 1
13 55 1
12 56 1
11 57 1
10 57 1
9 58 1
8 59 1
7 60 1
6 61 1
5 61 1
4 62 1
3 62 1
2 63 1
1 63 1
.PEN_UP
.PEN_DOWN
46 25 1
48 25 1
49 24 1
50 24 1
51 24 1
52 24 1
53 23 1
54 22 1
55 22 1
56 22 1
57 21 1
58 21 1
59 20 1
60 20 1
61 19 1
62 19 1
63 18 1
64 18 1
65 17 1
66 16 1
67 16 1
68 15 1
69 14 1
70 14 1
71 13 1
72 13 1
73 12 1
74 12 1
75 12 1
76 12 1
77 11 1
78 11 1
80 10 1
81 9 1
82 8 1
83 7 1
84 6 1
85 5 1
85 4 1
86 3 1
87 3 1
88 2 1
89 2 1
90 1 1
.PEN_UP
.PEN_DOWN
79 11 1
79 13 1
79 14 1
79 15 1
79 16 1
79 17 1
78 18 1
77 19 1
76 20 1
76 21 1
76 22 1
75 23 1
75 24 1
74 25 1
74 26 1
73 27 1
73 28 1
72 29 1
72 30 1
72 31 1
71 32 1
71 33 1
70 34 1
70 35 1
69 36 1
69 37 1
68 38 1
68 39 1
68 40 1
68 41 1
67 42 1
67 43 1
67 44 1
67 45 1
67 46 1
67 47 1
67 48 1
68 49 1
69 49 1
70 49 1
71 49 1
72 49 1
73 49 1
74 48 1
75 48 1
76 47 1
77 47 1
78 47 1
79 46 1
80 46 1
81 46 1
82 45 1
83 45 1
84 45 1
85 44 1
86 44 1
87 43 1
.PEN_UP
.PEN_DOWN
79 66 1
79 67 1
78 70 1
78 71 1
78 72 1
78 73 1
77 74 1
77 75 1
76 76 1
76 77 1
75 78 1
75 79 1
74 80 1
73 81 1
72 82 1
73 84 1
74 84 1
75 84 1
76 84 1
77 84 1
78 84 1
79 84 1
80 84 1
81 84 1
82 85 1
83 86 1
83 87 1
83 88 1
83 89 1
83 90 1
83 91 1
82 92 1
82 93 1
82 94 1
82 95 1
81 96 1
81 97 1
80 98 1
80 99 1
79 100 1
79 101 1
78 102 1
78 103 1
77 104 1
77 105 1
76 106 1
76 107 1
75 108 1
75 109 1
75 110 1
74 111 1
74 112 1
73 113 1
73 114 1
73 115 1
72 116 1
72 117 1
72 118 1
71 119 1
71 120 1
70 121 1
70 122 1
70 123 1
70 124 1
70 125 1
70 126 1
72 127 1
73 127 1
74 127 1
75 127 1
76 127 1
77 127 1
78 126 1
79 126 1
80 125 1
81 125 1
82 124 1
82 123 1
83 122 1
82 121 1
82 120 1
.PEN_UP
.PEN_DOWN
71 82 1
70 82 1
69 82 1
68 82 1
67 82 1
66 81 1
66 80 1
66 79 1
66 78 1
67 77 1
67 76 1
67 75 1
68 74 1
68 73 1
69 72 1
70 71 1
71 70 1
72 69 1
73 69 1
74 69 1
75 68 1
76 68 1
77 68 1
78 68 1
.PEN_UP
