.PEN_DOWN
17 4 1
16 4 1
15 4 1
14 5 1
13 6 1
12 6 1
11 6 1
10 7 1
9 8 1
8 9 1
7 10 1
7 11 1
6 12 1
6 13 1
5 14 1
5 15 1
4 16 1
4 17 1
3 18 1
3 19 1
2 20 1
2 21 1
2 22 1
2 23 1
2 24 1
2 25 1
1 26 1
1 27 1
2 28 1
3 29 1
4 29 1
5 29 1
6 29 1
7 29 1
8 29 1
9 29 1
10 28 1
11 28 1
12 28 1
13 28 1
14 28 1
15 27 1
16 27 1
17 27 1
18 26 1
19 26 1
20 26 1
21 25 1
22 25 1
23 25 1
24 25 1
25 24 1
26 24 1
27 24 1
28 26 1
28 27 1
28 28 1
28 29 1
28 30 1
29 31 1
29 32 1
29 33 1
29 34 1
29 35 1
.PEN_UP
.PEN_DOWN
29 22 1
30 21 1
31 19 1
31 18 1
32 17 1
32 16 1
32 15 1
33 14 1
34 14 1
35 14 1
36 13 1
37 13 1
38 13 1
39 13 1
40 13 1
41 14 1
42 15 1
41 18 1
40 19 1
39 20 1
38 20 1
37 20 1
36 20 1
35 20 1
34 20 1
33 20 1
32 21 1
.PEN_UP
.PEN_DOWN
28 4 1
29 5 1
30 5 1
31 5 1
32 5 1
33 5 1
34 4 1
35 4 1
36 4 1
37 4 1
38 4 1
39 4 1
40 3 1
41 3 1
42 3 1
43 3 1
44 2 1
45 2 1
46 1 1
47 1 1
.PEN_UP
