.PEN_DOWN
1 38 1
1 37 1
2 36 1
3 35 1
4 34 1
5 33 1
6 32 1
7 31 1
8 31 1
9 30 1
10 29 1
11 29 1
12 28 1
13 28 1
14 27 1
15 26 1
16 25 1
17 25 1
18 24 1
19 23 1
20 22 1
21 22 1
22 21 1
23 20 1
24 19 1
25 19 1
26 18 1
27 17 1
28 16 1
29 16 1
30 15 1
31 14 1
32 13 1
33 13 1
34 12 1
35 11 1
36 10 1
37 9 1
38 9 1
39 8 1
40 7 1
41 7 1
42 6 1
43 6 1
44 6 1
45 6 1
46 5 1
47 5 1
49 4 1
49 3 1
50 2 1
50 1 1
.PEN_UP
.PEN_DOWN
48 5 1
48 7 1
48 8 1
48 9 1
48 10 1
47 11 1
47 12 1
46 13 1
46 14 1
45 15 1
45 16 1
44 17 1
44 18 1
43 19 1
42 20 1
42 21 1
42 22 1
41 23 1
41 24 1
40 25 1
40 26 1
40 27 1
40 28 1
40 29 1
39 30 1
39 31 1
39 32 1
40 33 1
41 34 1
42 35 1
43 35 1
44 35 1
45 35 1
46 35 1
47 35 1
48 35 1
49 34 1
50 34 1
51 34 1
52 33 1
53 33 1
54 34 1
55 34 1
.PEN_UP
.PEN_DOWN
33 65 1
32 65 1
31 65 1
30 65 1
29 65 1
28 65 1
27 66 1
26 67 1
25 68 1
24 69 1
24 70 1
25 71 1
26 72 1
.PEN_UP
.PEN_DOWN
58 48 1
57 49 1
56 49 1
55 50 1
54 51 1
53 52 1
52 53 1
51 54 1
50 55 1
49 56 1
49 57 1
48 58 1
47 59 1
46 60 1
45 61 1
44 62 1
44 63 1
43 64 1
43 65 1
.PEN_UP
.PEN_DOWN
39 89 1
39 88 1
39 87 1
38 86 1
38 85 1
38 84 1
39 83 1
40 82 1
41 81 1
42 80 1
43 79 1
44 79 1
45 79 1
46 79 1
47 79 1
48 79 1
49 80 1
50 81 1
50 82 1
50 83 1
50 84 1
49 85 1
49 86 1
49 87 1
48 88 1
48 89 1
48 90 1
48 91 1
47 92 1
47 93 1
46 94 1
46 95 1
46 96 1
45 97 1
45 98 1
45 99 1
45 100 1
45 101 1
45 102 1
46 103 1
47 103 1
48 103 1
49 103 1
50 103 1
51 104 1
52 105 1
52 106 1
51 107 1
51 108 1
51 109 1
51 110 1
50 111 1
50 112 1
49 113 1
48 114 1
48 115 1
47 116 1
47 117 1
46 118 1
46 119 1
46 120 1
46 121 1
47 122 1
48 123 1
49 124 1
50 125 1
51 126 1
52 127 1
53 128 1
.PEN_UP
.PEN_DOWN
4 169 1
5 170 1
6 171 1
7 172 1
.PEN_UP
