.PEN_DOWN
49 1 1
48 2 1
48 3 1
48 4 1
48 5 1
47 6 1
47 7 1
47 8 1
47 9 1
46 10 1
46 11 1
46 12 1
46 13 1
46 14 1
45 16 1
44 17 1
43 18 1
42 19 1
41 20 1
40 21 1
39 21 1
38 22 1
38 23 1
37 24 1
36 25 1
35 26 1
34 27 1
33 28 1
32 29 1
31 30 1
30 31 1
29 31 1
28 32 1
27 33 1
26 34 1
25 35 1
24 36 1
23 36 1
22 37 1
21 38 1
20 38 1
19 39 1
18 40 1
17 40 1
16 41 1
15 42 1
14 43 1
13 43 1
12 44 1
11 45 1
10 45 1
9 46 1
8 47 1
7 47 1
6 48 1
5 49 1
4 50 1
3 50 1
2 51 1
1 52 1
.PEN_UP
.PEN_DOWN
46 15 1
48 15 1
49 15 1
50 14 1
51 14 1
52 15 1
53 15 1
54 15 1
55 15 1
56 15 1
57 15 1
58 15 1
59 15 1
60 15 1
61 15 1
64 14 1
65 13 1
66 13 1
67 13 1
68 13 1
69 13 1
70 13 1
71 13 1
72 13 1
73 13 1
74 13 1
75 14 1
76 14 1
.PEN_UP
.PEN_DOWN
62 14 1
63 17 1
63 18 1
63 19 1
63 20 1
63 21 1
63 22 1
63 23 1
63 24 1
63 25 1
63 26 1
63 27 1
63 28 1
63 29 1
63 30 1
62 31 1
62 32 1
62 33 1
61 34 1
61 35 1
61 36 1
60 37 1
60 38 1
60 39 1
59 40 1
59 41 1
59 42 1
59 43 1
59 44 1
58 45 1
58 46 1
58 47 1
58 48 1
56 50 1
55 50 1
54 50 1
53 50 1
52 51 1
51 52 1
50 52 1
49 53 1
48 54 1
47 55 1
46 55 1
45 56 1
44 57 1
43 58 1
42 58 1
41 59 1
40 60 1
39 61 1
38 62 1
.PEN_UP
.PEN_DOWN
57 49 1
59 50 1
60 50 1
61 50 1
62 50 1
63 50 1
64 51 1
65 51 1
66 52 1
67 52 1
68 53 1
69 53 1
70 54 1
71 55 1
72 56 1
72 57 1
73 58 1
74 59 1
74 60 1
74 61 1
75 62 1
75 63 1
76 64 1
76 65 1
77 66 1
77 67 1
.PEN_UP
