.PEN_DOWN
1 10 1
2 10 1
3 10 1
4 10 1
5 10 1
6 10 1
7 10 1
8 10 1
9 10 1
10 10 1
11 10 1
12 10 1
13 10 1
14 10 1
15 11 1
16 11 1
17 11 1
18 11 1
19 11 1
20 11 1
21 11 1
22 12 1
23 12 1
24 12 1
25 12 1
26 13 1
27 13 1
28 13 1
29 13 1
30 12 1
30 11 1
30 10 1
30 9 1
29 8 1
29 7 1
29 6 1
28 5 1
28 4 1
28 3 1
27 2 1
27 1 1
.PEN_UP
.PEN_DOWN
30 14 1
31 15 1
33 15 1
34 15 1
35 15 1
36 15 1
37 15 1
38 15 1
39 15 1
40 16 1
41 16 1
42 16 1
43 17 1
44 17 1
45 17 1
46 18 1
47 18 1
48 18 1
49 19 1
50 19 1
51 20 1
52 20 1
.PEN_UP
.PEN_DOWN
31 16 1
31 17 1
30 18 1
30 19 1
30 20 1
30 21 1
30 22 1
30 23 1
30 24 1
29 25 1
29 26 1
29 27 1
28 28 1
28 29 1
27 30 1
.PEN_UP
.PEN_DOWN
4 38 1
5 38 1
6 39 1
7 39 1
8 39 1
9 39 1
10 39 1
11 39 1
12 39 1
13 39 1
14 39 1
15 40 1
16 40 1
17 40 1
18 41 1
19 41 1
20 41 1
21 41 1
22 41 1
23 42 1
24 42 1
25 43 1
26 43 1
27 44 1
28 44 1
29 44 1
30 45 1
31 45 1
32 46 1
33 46 1
34 46 1
35 46 1
36 47 1
37 47 1
38 48 1
39 48 1
40 49 1
41 49 1
42 49 1
43 49 1
44 50 1
45 50 1
46 51 1
47 52 1
48 53 1
48 54 1
48 55 1
47 56 1
46 57 1
45 57 1
44 57 1
43 58 1
42 58 1
41 58 1
40 58 1
39 59 1
38 59 1
37 59 1
36 60 1
35 60 1
34 60 1
33 60 1
32 60 1
31 60 1
30 61 1
29 61 1
28 61 1
27 61 1
26 61 1
25 61 1
24 62 1
23 62 1
.PEN_UP
.PEN_DOWN
23 66 1
24 66 1
25 66 1
26 67 1
27 68 1
28 68 1
29 68 1
30 69 1
31 69 1
32 70 1
33 70 1
34 71 1
35 71 1
36 72 1
37 73 1
38 73 1
39 74 1
40 75 1
41 76 1
42 77 1
43 78 1
44 79 1
45 80 1
46 81 1
47 82 1
47 83 1
47 84 1
48 85 1
48 86 1
48 87 1
48 88 1
48 89 1
48 90 1
48 91 1
48 92 1
47 93 1
46 94 1
45 95 1
43 96 1
42 96 1
41 96 1
40 97 1
39 98 1
38 99 1
37 99 1
36 100 1
35 100 1
34 100 1
33 100 1
32 101 1
31 101 1
30 101 1
29 100 1
28 100 1
27 100 1
26 99 1
26 98 1
26 97 1
26 96 1
27 95 1
28 94 1
29 93 1
30 92 1
31 92 1
32 92 1
33 92 1
34 92 1
35 92 1
36 92 1
37 92 1
38 93 1
39 93 1
40 94 1
40 95 1
.PEN_UP
.PEN_DOWN
44 96 1
46 98 1
47 99 1
48 100 1
49 101 1
50 102 1
51 103 1
51 104 1
52 105 1
53 106 1
53 107 1
53 108 1
53 109 1
53 110 1
54 111 1
54 112 1
54 113 1
54 114 1
54 115 1
54 116 1
54 117 1
54 118 1
54 119 1
.PEN_UP
