.PEN_DOWN
40 1 1
39 2 1
39 3 1
38 4 1
37 5 1
37 6 1
37 7 1
36 8 1
35 9 1
34 10 1
34 11 1
34 12 1
33 13 1
32 14 1
32 15 1
31 16 1
31 17 1
30 18 1
29 19 1
29 20 1
28 21 1
27 22 1
26 23 1
26 24 1
26 25 1
26 26 1
26 27 1
25 28 1
24 29 1
23 30 1
23 31 1
22 32 1
22 33 1
21 34 1
20 35 1
20 36 1
19 37 1
19 38 1
18 39 1
17 40 1
17 41 1
16 42 1
16 43 1
15 44 1
14 45 1
14 46 1
13 47 1
13 48 1
12 49 1
11 50 1
11 51 1
10 52 1
10 53 1
9 54 1
8 55 1
7 56 1
7 57 1
6 58 1
6 59 1
5 60 1
4 61 1
4 62 1
3 63 1
2 64 1
1 65 1
.PEN_UP
.PEN_DOWN
27 28 1
28 29 1
29 30 1
29 31 1
30 32 1
31 33 1
32 33 1
34 32 1
35 31 1
36 30 1
37 29 1
38 29 1
39 28 1
40 29 1
41 30 1
41 31 1
41 32 1
41 33 1
41 34 1
40 35 1
40 36 1
40 37 1
40 38 1
39 39 1
39 40 1
39 41 1
38 42 1
38 43 1
38 44 1
38 45 1
37 46 1
36 47 1
35 48 1
33 47 1
32 47 1
31 46 1
28 47 1
28 48 1
27 49 1
27 50 1
26 51 1
26 52 1
25 53 1
25 54 1
25 55 1
24 56 1
24 57 1
23 58 1
23 59 1
23 60 1
22 61 1
22 62 1
22 63 1
22 64 1
22 65 1
22 66 1
23 67 1
24 67 1
25 67 1
26 67 1
27 67 1
28 67 1
29 66 1
30 65 1
30 64 1
31 63 1
31 62 1
31 61 1
32 60 1
33 59 1
34 57 1
34 56 1
35 55 1
35 54 1
35 53 1
35 52 1
35 51 1
35 50 1
35 49 1
.PEN_UP
.PEN_DOWN
30 45 1
31 44 1
31 43 1
31 42 1
31 41 1
31 40 1
32 39 1
32 38 1
32 37 1
32 36 1
32 35 1
33 34 1
.PEN_UP
.PEN_DOWN
42 73 1
42 74 1
42 75 1
41 76 1
40 77 1
39 77 1
38 78 1
37 78 1
36 78 1
35 79 1
32 81 1
31 81 1
30 82 1
29 83 1
28 84 1
27 85 1
27 86 1
27 87 1
26 88 1
25 89 1
25 90 1
24 91 1
24 92 1
24 93 1
23 94 1
22 95 1
21 96 1
21 97 1
20 98 1
20 99 1
19 100 1
18 101 1
18 102 1
17 103 1
16 104 1
16 105 1
15 106 1
15 107 1
14 108 1
13 109 1
12 110 1
11 111 1
11 112 1
10 113 1
9 114 1
9 115 1
8 116 1
7 117 1
6 118 1
5 119 1
.PEN_UP
.PEN_DOWN
34 79 1
35 81 1
35 82 1
35 83 1
35 84 1
34 85 1
34 86 1
34 87 1
34 88 1
34 89 1
34 90 1
34 91 1
34 92 1
34 93 1
34 94 1
33 95 1
33 96 1
33 97 1
33 98 1
32 99 1
32 100 1
32 101 1
32 102 1
32 103 1
32 104 1
32 105 1
33 106 1
34 106 1
35 105 1
36 105 1
37 104 1
37 103 1
38 102 1
38 101 1
39 100 1
39 99 1
40 98 1
40 97 1
40 96 1
40 95 1
40 94 1
40 93 1
41 92 1
41 91 1
41 90 1
41 89 1
41 88 1
42 87 1
42 86 1
42 85 1
42 84 1
43 83 1
43 82 1
43 81 1
43 80 1
43 79 1
43 78 1
42 77 1
.PEN_UP
.PEN_DOWN
5 174 1
5 173 1
5 172 1
6 171 1
7 170 1
8 169 1
9 168 1
10 167 1
11 166 1
11 165 1
12 164 1
13 163 1
14 162 1
14 161 1
15 160 1
15 159 1
16 158 1
17 157 1
18 156 1
18 155 1
19 154 1
20 153 1
20 152 1
21 151 1
21 150 1
22 149 1
23 148 1
23 147 1
24 146 1
24 145 1
25 144 1
26 143 1
27 142 1
27 141 1
28 140 1
28 139 1
29 138 1
30 137 1
30 136 1
30 135 1
31 134 1
32 133 1
33 132 1
34 131 1
34 130 1
35 129 1
36 128 1
37 127 1
38 127 1
39 126 1
40 126 1
41 126 1
42 127 1
42 128 1
42 129 1
42 130 1
42 131 1
42 132 1
42 133 1
42 134 1
42 135 1
42 136 1
41 137 1
41 138 1
41 139 1
41 140 1
41 141 1
41 142 1
41 143 1
41 144 1
40 145 1
40 146 1
40 147 1
38 149 1
37 150 1
37 151 1
36 152 1
36 153 1
36 154 1
35 155 1
35 156 1
33 157 1
32 158 1
31 159 1
30 160 1
30 161 1
29 162 1
29 163 1
29 164 1
28 165 1
28 166 1
28 167 1
28 168 1
28 169 1
28 170 1
27 171 1
27 172 1
27 173 1
28 174 1
28 175 1
29 176 1
30 176 1
32 175 1
33 174 1
34 173 1
34 172 1
34 171 1
34 170 1
34 169 1
35 168 1
35 167 1
35 166 1
35 165 1
36 164 1
36 163 1
36 162 1
36 161 1
36 160 1
36 159 1
36 158 1
35 157 1
.PEN_UP
.PEN_DOWN
39 148 1
42 149 1
43 149 1
44 150 1
44 151 1
45 152 1
45 153 1
45 154 1
46 155 1
46 156 1
46 157 1
46 158 1
46 159 1
46 160 1
46 161 1
47 162 1
47 163 1
47 164 1
47 165 1
47 166 1
47 167 1
47 168 1
47 169 1
47 170 1
47 171 1
47 172 1
47 173 1
48 174 1
48 175 1
48 176 1
48 177 1
48 178 1
48 179 1
48 180 1
48 181 1
48 182 1
48 183 1
49 184 1
49 185 1
49 186 1
49 187 1
49 188 1
49 189 1
49 190 1
49 191 1
49 192 1
49 193 1
49 194 1
49 195 1
49 196 1
49 197 1
49 198 1
49 199 1
49 200 1
49 201 1
49 202 1
49 203 1
49 204 1
49 205 1
49 206 1
49 207 1
49 208 1
49 209 1
49 210 1
49 211 1
49 212 1
50 213 1
50 214 1
50 215 1
50 216 1
50 217 1
50 218 1
50 219 1
50 220 1
50 221 1
50 222 1
50 223 1
.PEN_UP
