.PEN_DOWN
11 1 1
12 1 1
13 1 1
14 2 1
15 2 1
16 2 1
17 3 1
18 3 1
19 3 1
20 3 1
21 4 1
22 4 1
23 4 1
24 4 1
25 4 1
26 4 1
27 4 1
28 5 1
29 5 1
30 5 1
31 6 1
32 6 1
33 6 1
34 7 1
35 8 1
35 9 1
35 10 1
35 11 1
34 12 1
34 13 1
33 14 1
32 15 1
32 16 1
31 17 1
30 18 1
29 19 1
28 20 1
27 21 1
26 22 1
26 23 1
26 24 1
25 25 1
26 27 1
27 28 1
28 28 1
29 28 1
30 29 1
31 29 1
32 29 1
33 29 1
34 29 1
35 29 1
36 30 1
37 30 1
38 31 1
39 32 1
39 33 1
39 34 1
39 35 1
39 36 1
39 37 1
39 38 1
38 39 1
38 40 1
37 41 1
36 42 1
36 43 1
35 44 1
34 45 1
33 46 1
32 47 1
31 48 1
30 48 1
29 49 1
28 50 1
27 51 1
26 51 1
25 52 1
24 53 1
23 53 1
22 54 1
21 55 1
20 56 1
19 56 1
18 57 1
17 58 1
16 58 1
15 59 1
.PEN_UP
.PEN_DOWN
6 104 1
6 103 1
6 102 1
5 101 1
5 100 1
5 99 1
5 98 1
5 97 1
5 96 1
5 95 1
5 94 1
5 93 1
5 92 1
5 91 1
6 90 1
6 89 1
6 88 1
6 87 1
6 86 1
7 85 1
7 84 1
8 83 1
9 82 1
10 81 1
11 81 1
12 81 1
13 81 1
14 81 1
15 81 1
16 81 1
17 81 1
18 81 1
19 81 1
21 80 1
22 79 1
23 78 1
24 78 1
25 78 1
26 77 1
27 77 1
28 77 1
29 76 1
30 76 1
31 76 1
32 75 1
33 75 1
34 75 1
35 75 1
36 74 1
37 74 1
38 74 1
39 74 1
40 74 1
41 74 1
42 74 1
43 74 1
44 74 1
45 75 1
45 76 1
45 77 1
45 78 1
45 79 1
45 80 1
45 81 1
45 82 1
45 83 1
45 84 1
45 85 1
45 86 1
45 87 1
44 88 1
44 89 1
43 90 1
43 91 1
43 92 1
43 93 1
43 94 1
42 95 1
42 96 1
42 97 1
42 98 1
41 99 1
.PEN_UP
.PEN_DOWN
20 81 1
20 83 1
20 84 1
20 85 1
20 86 1
20 87 1
20 88 1
20 89 1
20 90 1
20 91 1
20 92 1
20 93 1
20 94 1
19 95 1
19 96 1
19 97 1
19 98 1
19 99 1
19 100 1
18 101 1
18 102 1
18 103 1
18 104 1
17 105 1
17 106 1
17 107 1
17 108 1
16 109 1
16 110 1
16 111 1
16 112 1
15 113 1
15 114 1
14 115 1
14 116 1
13 117 1
.PEN_UP
.PEN_DOWN
42 117 1
41 118 1
40 118 1
39 119 1
38 119 1
37 119 1
36 119 1
35 120 1
34 120 1
33 120 1
32 121 1
31 121 1
30 121 1
29 121 1
28 122 1
27 122 1
26 123 1
25 123 1
24 123 1
23 123 1
22 124 1
21 124 1
20 125 1
19 125 1
18 125 1
17 126 1
16 127 1
15 127 1
14 128 1
13 128 1
12 129 1
11 130 1
10 131 1
10 132 1
10 133 1
10 134 1
10 135 1
10 136 1
11 137 1
11 138 1
12 139 1
13 140 1
14 141 1
15 141 1
16 141 1
17 142 1
18 141 1
19 141 1
20 141 1
21 141 1
22 140 1
23 139 1
24 139 1
25 138 1
26 137 1
27 136 1
28 135 1
29 134 1
30 133 1
31 133 1
32 132 1
33 132 1
34 131 1
35 131 1
36 131 1
37 131 1
38 131 1
39 131 1
40 132 1
41 133 1
42 134 1
42 135 1
42 136 1
42 137 1
42 138 1
42 139 1
42 140 1
42 141 1
42 142 1
42 143 1
42 144 1
42 145 1
41 146 1
41 147 1
40 148 1
40 149 1
40 150 1
39 151 1
38 152 1
38 153 1
.PEN_UP
.PEN_DOWN
10 173 1
11 173 1
12 172 1
13 172 1
14 171 1
15 171 1
16 170 1
17 170 1
18 169 1
19 169 1
20 169 1
21 168 1
22 168 1
23 168 1
24 168 1
25 168 1
26 168 1
28 166 1
29 165 1
30 165 1
31 164 1
32 164 1
33 163 1
34 163 1
35 163 1
36 163 1
37 163 1
38 163 1
39 163 1
40 163 1
41 163 1
42 163 1
43 164 1
44 164 1
45 165 1
46 166 1
47 167 1
47 168 1
47 169 1
47 170 1
47 171 1
47 172 1
47 173 1
47 174 1
46 175 1
46 176 1
45 177 1
44 178 1
44 179 1
43 180 1
42 181 1
41 182 1
40 183 1
40 184 1
39 185 1
.PEN_UP
.PEN_DOWN
27 167 1
27 170 1
27 171 1
26 172 1
26 173 1
26 174 1
26 175 1
26 176 1
26 177 1
26 178 1
25 179 1
25 180 1
25 181 1
25 182 1
25 183 1
24 184 1
24 185 1
24 186 1
24 187 1
.PEN_UP
.PEN_DOWN
3 177 1
2 178 1
1 179 1
1 180 1
1 181 1
1 182 1
1 183 1
1 184 1
1 185 1
1 186 1
1 187 1
1 188 1
1 189 1
1 190 1
1 191 1
2 192 1
2 193 1
2 194 1
.PEN_UP
