.PEN_DOWN
39 3 1
40 2 1
41 1 1
42 1 1
43 1 1
44 1 1
45 1 1
46 1 1
47 1 1
48 1 1
49 1 1
50 1 1
51 2 1
52 3 1
53 4 1
54 5 1
55 6 1
56 6 1
57 7 1
58 8 1
59 9 1
60 10 1
61 11 1
61 12 1
62 13 1
62 14 1
62 15 1
62 16 1
62 17 1
62 18 1
62 19 1
62 20 1
61 21 1
61 22 1
60 23 1
60 24 1
60 25 1
59 26 1
59 27 1
58 28 1
57 29 1
57 30 1
56 31 1
56 32 1
55 33 1
54 34 1
53 34 1
52 35 1
51 35 1
50 35 1
49 35 1
48 36 1
47 36 1
46 35 1
45 35 1
44 35 1
43 34 1
42 33 1
41 32 1
41 31 1
40 30 1
40 29 1
40 28 1
39 27 1
39 26 1
39 25 1
38 24 1
38 23 1
38 22 1
38 21 1
38 20 1
38 19 1
38 18 1
37 17 1
37 16 1
37 15 1
37 14 1
37 13 1
36 12 1
36 11 1
35 10 1
35 9 1
34 8 1
33 7 1
32 7 1
31 6 1
30 6 1
29 5 1
28 5 1
27 5 1
26 6 1
25 6 1
24 6 1
23 7 1
22 8 1
21 8 1
20 9 1
19 10 1
18 11 1
18 12 1
17 13 1
16 14 1
15 15 1
15 16 1
14 17 1
14 18 1
14 19 1
14 20 1
13 21 1
13 22 1
13 23 1
13 24 1
13 25 1
13 26 1
13 27 1
13 28 1
13 29 1
13 30 1
13 31 1
14 32 1
15 33 1
16 34 1
17 35 1
17 36 1
18 37 1
18 38 1
19 39 1
20 39 1
.PEN_UP
.PEN_DOWN
34 54 1
35 53 1
36 53 1
37 53 1
38 53 1
39 53 1
40 54 1
41 55 1
42 55 1
43 55 1
44 56 1
45 56 1
46 56 1
47 56 1
48 56 1
49 57 1
50 57 1
51 57 1
52 57 1
53 58 1
54 58 1
55 59 1
56 60 1
57 61 1
58 62 1
59 63 1
59 64 1
60 65 1
60 66 1
59 67 1
59 68 1
59 69 1
58 70 1
57 71 1
56 72 1
55 73 1
54 74 1
53 75 1
52 76 1
52 77 1
51 78 1
51 79 1
50 80 1
49 80 1
48 80 1
47 80 1
46 80 1
45 80 1
44 80 1
43 80 1
42 80 1
41 80 1
40 80 1
39 81 1
.PEN_UP
.PEN_DOWN
51 81 1
51 82 1
52 83 1
53 84 1
54 85 1
54 86 1
55 87 1
55 88 1
56 89 1
56 90 1
57 91 1
57 92 1
57 93 1
57 94 1
57 95 1
57 96 1
57 97 1
57 98 1
56 99 1
55 100 1
54 101 1
52 101 1
51 100 1
50 100 1
49 100 1
48 101 1
47 102 1
46 103 1
45 104 1
44 105 1
44 106 1
43 107 1
42 107 1
41 108 1
40 109 1
39 110 1
38 111 1
37 112 1
36 113 1
35 114 1
34 115 1
33 115 1
32 116 1
31 117 1
30 117 1
29 118 1
28 119 1
27 120 1
26 120 1
25 121 1
24 121 1
23 122 1
22 122 1
21 122 1
20 123 1
19 123 1
18 123 1
17 123 1
16 123 1
15 123 1
14 123 1
13 123 1
12 122 1
11 122 1
10 122 1
9 121 1
8 120 1
7 120 1
6 119 1
6 118 1
5 117 1
5 116 1
5 115 1
5 114 1
5 113 1
5 112 1
5 111 1
5 110 1
5 109 1
6 108 1
6 107 1
6 106 1
7 105 1
7 104 1
8 103 1
9 102 1
10 101 1
10 100 1
11 99 1
12 99 1
13 98 1
14 97 1
15 97 1
16 96 1
17 96 1
18 95 1
19 95 1
20 95 1
21 94 1
22 94 1
23 94 1
24 93 1
25 93 1
26 93 1
27 93 1
28 93 1
29 93 1
30 93 1
31 93 1
32 93 1
33 93 1
34 93 1
35 93 1
36 93 1
37 93 1
38 93 1
39 93 1
40 94 1
41 95 1
42 95 1
43 95 1
44 96 1
45 96 1
46 97 1
47 98 1
48 99 1
.PEN_UP
.PEN_DOWN
53 101 1
55 103 1
55 104 1
55 105 1
55 106 1
56 107 1
56 108 1
56 109 1
57 110 1
57 111 1
57 112 1
58 113 1
58 114 1
58 115 1
58 116 1
59 117 1
59 118 1
59 119 1
58 120 1
58 121 1
58 122 1
58 123 1
58 124 1
58 125 1
58 126 1
58 127 1
57 128 1
57 129 1
57 130 1
57 131 1
57 132 1
56 133 1
56 134 1
55 135 1
55 136 1
55 137 1
54 138 1
54 139 1
53 140 1
53 141 1
52 142 1
51 143 1
50 143 1
49 143 1
48 143 1
47 143 1
46 143 1
45 143 1
44 142 1
43 142 1
42 141 1
42 140 1
41 139 1
40 138 1
39 137 1
39 136 1
38 135 1
38 134 1
38 133 1
38 132 1
37 131 1
37 130 1
37 129 1
37 128 1
38 127 1
38 126 1
39 125 1
.PEN_UP
.PEN_DOWN
16 154 1
17 155 1
18 155 1
19 156 1
20 156 1
21 156 1
22 157 1
23 158 1
23 159 1
.PEN_UP
.PEN_DOWN
34 158 1
35 157 1
36 157 1
37 156 1
38 156 1
39 156 1
40 156 1
41 157 1
42 157 1
43 158 1
44 158 1
45 158 1
46 158 1
47 159 1
48 160 1
49 160 1
50 160 1
51 161 1
52 161 1
53 161 1
54 162 1
55 162 1
56 163 1
57 163 1
58 163 1
59 164 1
60 164 1
61 164 1
62 165 1
63 165 1
64 165 1
65 166 1
66 166 1
67 166 1
68 166 1
69 167 1
70 167 1
71 167 1
72 167 1
73 167 1
74 168 1
75 168 1
76 168 1
77 169 1
78 169 1
79 169 1
80 169 1
81 169 1
82 169 1
83 169 1
84 170 1
85 170 1
86 170 1
87 170 1
88 170 1
89 170 1
90 170 1
91 170 1
92 170 1
93 170 1
94 170 1
95 170 1
96 170 1
97 170 1
98 170 1
99 170 1
100 170 1
101 170 1
102 169 1
103 169 1
104 169 1
105 169 1
106 168 1
.PEN_UP
.PEN_DOWN
58 239 1
59 239 1
60 241 1
60 242 1
60 243 1
60 244 1
59 245 1
59 246 1
59 247 1
59 248 1
58 249 1
58 250 1
58 251 1
57 252 1
56 253 1
56 254 1
56 255 1
55 256 1
55 257 1
54 258 1
53 259 1
52 260 1
52 261 1
51 262 1
51 263 1
50 264 1
49 265 1
48 266 1
47 267 1
46 267 1
45 267 1
44 268 1
43 268 1
42 268 1
41 268 1
40 269 1
39 268 1
39 267 1
39 266 1
39 265 1
39 264 1
38 263 1
38 262 1
38 261 1
.PEN_UP
.PEN_DOWN
40 270 1
40 271 1
40 272 1
40 273 1
40 274 1
40 275 1
40 276 1
40 277 1
40 278 1
41 282 1
40 283 1
40 284 1
39 285 1
39 286 1
39 287 1
39 288 1
39 289 1
39 290 1
39 291 1
.PEN_UP
.PEN_DOWN
39 279 1
38 279 1
37 279 1
36 279 1
35 279 1
34 279 1
33 279 1
32 278 1
31 278 1
30 278 1
29 277 1
28 277 1
27 277 1
26 277 1
25 276 1
24 276 1
23 276 1
22 275 1
21 275 1
20 275 1
19 274 1
18 274 1
17 274 1
16 273 1
15 273 1
14 273 1
13 272 1
12 272 1
11 272 1
10 271 1
9 271 1
8 271 1
7 271 1
6 271 1
5 271 1
4 272 1
3 272 1
2 273 1
1 274 1
1 275 1
1 276 1
2 277 1
2 278 1
3 279 1
.PEN_UP
.PEN_DOWN
40 279 1
44 282 1
45 282 1
46 282 1
47 283 1
48 283 1
49 283 1
50 283 1
51 283 1
52 284 1
53 284 1
54 285 1
55 286 1
.PEN_UP
.PEN_DOWN
60 238 1
60 237 1
60 236 1
61 235 1
61 234 1
61 233 1
61 232 1
60 231 1
60 230 1
60 229 1
60 228 1
60 227 1
60 226 1
60 225 1
58 224 1
57 224 1
56 224 1
55 223 1
54 222 1
53 222 1
52 222 1
51 222 1
50 222 1
49 222 1
48 222 1
47 222 1
46 222 1
45 222 1
44 222 1
43 222 1
42 222 1
41 223 1
40 223 1
39 224 1
38 224 1
37 225 1
36 226 1
35 226 1
34 227 1
33 228 1
32 229 1
31 229 1
30 230 1
30 231 1
29 232 1
29 233 1
28 234 1
28 235 1
28 236 1
28 237 1
28 238 1
28 239 1
28 240 1
28 241 1
28 242 1
28 243 1
28 244 1
28 245 1
28 246 1
29 247 1
30 248 1
30 249 1
31 250 1
31 251 1
31 252 1
32 253 1
33 254 1
33 255 1
.PEN_UP
.PEN_DOWN
59 224 1
62 223 1
63 222 1
63 221 1
63 220 1
63 219 1
63 218 1
63 217 1
64 216 1
64 215 1
64 214 1
64 213 1
64 212 1
64 211 1
65 210 1
65 209 1
65 208 1
65 207 1
65 206 1
65 205 1
65 204 1
65 203 1
64 202 1
64 201 1
64 200 1
64 199 1
64 198 1
64 197 1
64 196 1
64 195 1
63 194 1
63 193 1
63 192 1
63 191 1
62 190 1
61 189 1
60 188 1
58 186 1
58 185 1
57 184 1
57 183 1
56 182 1
55 182 1
54 181 1
53 181 1
52 181 1
51 181 1
50 181 1
49 181 1
48 181 1
47 182 1
46 182 1
45 182 1
44 183 1
43 184 1
42 185 1
41 186 1
40 187 1
39 188 1
39 189 1
38 190 1
38 191 1
37 192 1
37 193 1
37 194 1
38 195 1
38 196 1
39 197 1
40 198 1
41 198 1
42 198 1
43 198 1
44 198 1
45 198 1
46 197 1
47 197 1
48 197 1
49 196 1
50 195 1
51 194 1
52 193 1
53 192 1
54 192 1
55 191 1
56 190 1
57 189 1
58 188 1
.PEN_UP
