.PEN_DOWN
43 45 1
44 45 1
45 46 1
46 46 1
47 46 1
48 46 1
50 44 1
51 43 1
52 42 1
53 41 1
54 40 1
55 39 1
56 38 1
57 37 1
58 36 1
59 35 1
60 34 1
61 33 1
62 32 1
63 31 1
63 30 1
64 29 1
64 28 1
64 27 1
65 26 1
65 25 1
64 24 1
64 23 1
63 22 1
62 21 1
61 21 1
60 21 1
59 20 1
58 19 1
57 19 1
56 20 1
55 20 1
54 20 1
53 21 1
52 21 1
51 21 1
50 21 1
49 21 1
48 22 1
47 23 1
46 23 1
45 23 1
44 24 1
43 24 1
42 25 1
41 26 1
40 26 1
37 26 1
36 26 1
35 26 1
34 26 1
33 27 1
32 27 1
31 27 1
30 27 1
29 27 1
28 28 1
27 28 1
26 29 1
25 30 1
24 30 1
23 30 1
22 31 1
21 31 1
20 32 1
19 32 1
18 33 1
17 34 1
16 34 1
15 35 1
14 35 1
13 36 1
12 37 1
11 37 1
10 38 1
9 39 1
8 40 1
7 40 1
6 41 1
5 41 1
4 42 1
3 43 1
2 44 1
2 45 1
2 46 1
1 47 1
1 48 1
2 49 1
3 50 1
4 50 1
5 50 1
6 50 1
7 50 1
8 50 1
9 50 1
10 49 1
11 49 1
12 49 1
13 48 1
14 48 1
15 47 1
16 47 1
17 46 1
18 46 1
19 45 1
20 45 1
21 44 1
22 44 1
23 43 1
24 43 1
25 42 1
26 41 1
27 41 1
28 40 1
29 39 1
30 39 1
31 38 1
32 37 1
33 36 1
34 36 1
35 35 1
36 34 1
36 33 1
37 32 1
37 31 1
38 30 1
38 29 1
38 28 1
39 27 1
.PEN_UP
.PEN_DOWN
59 18 1
59 17 1
59 16 1
60 15 1
60 14 1
60 13 1
61 12 1
62 11 1
63 10 1
64 9 1
64 8 1
65 7 1
66 6 1
66 5 1
67 4 1
67 3 1
68 2 1
68 1 1
.PEN_UP
.PEN_DOWN
49 45 1
49 48 1
49 49 1
49 50 1
49 51 1
50 52 1
50 53 1
50 54 1
50 55 1
52 56 1
53 56 1
54 56 1
55 56 1
56 56 1
57 57 1
58 57 1
59 58 1
59 59 1
59 60 1
59 61 1
59 62 1
59 63 1
59 64 1
58 65 1
58 66 1
.PEN_UP
.PEN_DOWN
50 56 1
49 57 1
48 57 1
47 58 1
46 58 1
45 59 1
44 60 1
43 61 1
42 61 1
41 62 1
40 63 1
39 64 1
38 64 1
37 65 1
36 66 1
35 67 1
34 68 1
.PEN_UP
