.PEN_DOWN
12 8 1
11 7 1
10 6 1
9 5 1
8 4 1
9 2 1
10 1 1
11 1 1
12 1 1
13 1 1
14 1 1
15 2 1
16 3 1
17 4 1
18 5 1
18 6 1
19 7 1
19 8 1
20 9 1
21 10 1
21 11 1
22 12 1
23 13 1
24 14 1
24 15 1
25 16 1
26 17 1
26 18 1
27 19 1
27 20 1
28 21 1
29 22 1
29 23 1
30 24 1
31 25 1
31 26 1
32 27 1
33 28 1
33 29 1
34 30 1
35 31 1
36 32 1
37 33 1
37 34 1
38 35 1
39 36 1
40 37 1
41 38 1
42 38 1
43 39 1
44 39 1
45 40 1
46 40 1
47 41 1
48 41 1
49 41 1
50 41 1
51 42 1
52 42 1
53 42 1
54 42 1
55 42 1
56 42 1
57 41 1
58 41 1
59 40 1
60 40 1
61 39 1
62 39 1
63 38 1
64 38 1
65 37 1
66 36 1
67 35 1
68 34 1
69 34 1
70 33 1
71 32 1
72 31 1
73 30 1
74 29 1
74 28 1
75 27 1
75 26 1
76 25 1
76 24 1
77 23 1
77 22 1
77 21 1
78 20 1
78 19 1
78 18 1
79 17 1
79 16 1
79 15 1
80 14 1
80 13 1
80 12 1
80 11 1
80 10 1
80 9 1
80 8 1
79 7 1
78 6 1
77 6 1
76 7 1
75 7 1
.PEN_UP
.PEN_DOWN
7 4 1
6 5 1
5 6 1
4 7 1
4 8 1
3 9 1
3 10 1
3 11 1
2 12 1
2 13 1
2 14 1
2 15 1
2 16 1
2 17 1
2 18 1
1 19 1
1 20 1
1 21 1
1 22 1
1 23 1
1 24 1
1 25 1
1 26 1
1 27 1
1 28 1
1 29 1
2 30 1
2 31 1
2 32 1
2 33 1
2 34 1
2 35 1
3 36 1
3 37 1
.PEN_UP
.PEN_DOWN
39 67 1
38 67 1
37 66 1
36 65 1
36 64 1
35 63 1
36 61 1
37 60 1
38 60 1
39 59 1
40 59 1
41 58 1
42 58 1
43 58 1
44 57 1
45 57 1
46 57 1
47 57 1
48 57 1
49 56 1
50 56 1
51 56 1
52 56 1
53 56 1
54 56 1
55 56 1
56 56 1
57 56 1
58 56 1
59 56 1
60 56 1
61 56 1
62 56 1
65 55 1
66 55 1
67 55 1
68 55 1
69 55 1
70 55 1
71 56 1
72 56 1
73 57 1
74 57 1
75 58 1
76 59 1
77 60 1
77 61 1
77 62 1
78 63 1
78 64 1
78 65 1
78 66 1
77 67 1
77 68 1
76 69 1
75 70 1
75 71 1
74 72 1
73 73 1
72 74 1
71 74 1
70 75 1
69 75 1
68 76 1
67 77 1
66 77 1
65 78 1
64 79 1
63 79 1
62 79 1
61 80 1
60 80 1
59 80 1
58 81 1
57 81 1
56 82 1
55 82 1
54 82 1
53 82 1
52 83 1
51 83 1
50 83 1
49 83 1
48 84 1
47 84 1
46 84 1
45 84 1
44 84 1
43 84 1
42 84 1
41 83 1
40 83 1
39 83 1
38 82 1
37 82 1
36 81 1
35 80 1
34 79 1
33 78 1
32 77 1
32 76 1
31 75 1
31 74 1
30 73 1
30 72 1
30 71 1
30 70 1
30 69 1
30 68 1
30 67 1
30 66 1
31 65 1
32 64 1
33 64 1
34 63 1
.PEN_UP
.PEN_DOWN
75 68 1
74 67 1
73 67 1
72 66 1
71 65 1
70 64 1
69 63 1
68 63 1
67 62 1
66 61 1
65 61 1
64 60 1
64 59 1
63 58 1
63 57 1
.PEN_UP
.PEN_DOWN
25 105 1
26 105 1
27 105 1
28 105 1
29 104 1
31 102 1
32 101 1
33 101 1
34 101 1
35 101 1
36 100 1
37 99 1
38 99 1
39 98 1
40 97 1
41 97 1
42 96 1
43 96 1
44 96 1
45 96 1
46 96 1
47 96 1
48 96 1
49 96 1
50 96 1
51 96 1
52 96 1
53 96 1
54 96 1
55 96 1
56 96 1
57 96 1
58 96 1
59 96 1
60 96 1
61 96 1
62 96 1
63 97 1
64 97 1
65 97 1
66 97 1
67 97 1
68 97 1
69 97 1
70 97 1
71 97 1
72 97 1
73 97 1
74 98 1
75 98 1
76 98 1
.PEN_UP
.PEN_DOWN
30 103 1
30 106 1
31 107 1
32 108 1
33 108 1
34 108 1
35 109 1
36 109 1
37 109 1
38 109 1
39 109 1
40 110 1
41 110 1
42 110 1
43 110 1
44 111 1
45 111 1
46 111 1
47 111 1
48 111 1
49 112 1
50 112 1
51 112 1
52 112 1
53 112 1
54 113 1
55 113 1
56 113 1
57 113 1
58 113 1
59 113 1
60 113 1
61 114 1
62 114 1
63 114 1
64 115 1
65 115 1
66 115 1
67 115 1
68 115 1
69 116 1
70 116 1
71 117 1
72 118 1
72 119 1
74 120 1
75 120 1
76 120 1
.PEN_UP
.PEN_DOWN
72 120 1
71 121 1
70 122 1
69 123 1
68 123 1
67 123 1
66 123 1
65 123 1
64 123 1
63 123 1
62 123 1
61 123 1
60 123 1
59 123 1
58 123 1
57 123 1
56 123 1
55 123 1
54 123 1
53 123 1
52 123 1
51 123 1
50 124 1
49 124 1
48 124 1
47 124 1
46 124 1
45 124 1
44 124 1
43 124 1
42 124 1
41 124 1
40 124 1
39 124 1
38 124 1
37 124 1
36 124 1
35 124 1
34 125 1
33 125 1
32 125 1
31 125 1
30 125 1
29 125 1
28 126 1
27 126 1
26 126 1
25 127 1
24 127 1
23 128 1
23 129 1
.PEN_UP
.PEN_DOWN
26 166 1
25 165 1
24 164 1
23 163 1
23 162 1
23 161 1
24 160 1
24 159 1
25 158 1
26 157 1
27 156 1
28 155 1
29 155 1
30 154 1
31 154 1
32 153 1
33 152 1
34 151 1
35 151 1
36 150 1
37 150 1
38 149 1
39 149 1
40 148 1
41 148 1
42 148 1
43 147 1
44 147 1
45 146 1
46 146 1
47 146 1
48 145 1
49 145 1
50 145 1
51 144 1
52 144 1
53 144 1
54 143 1
55 143 1
56 143 1
57 143 1
58 143 1
59 143 1
60 142 1
61 142 1
62 142 1
63 142 1
64 142 1
65 142 1
66 142 1
67 142 1
68 142 1
69 142 1
70 142 1
71 142 1
72 142 1
73 142 1
74 142 1
75 143 1
76 143 1
77 143 1
78 143 1
79 144 1
80 144 1
81 145 1
82 145 1
83 146 1
84 147 1
85 148 1
86 149 1
86 150 1
87 151 1
87 152 1
87 153 1
87 154 1
87 155 1
87 156 1
86 157 1
86 158 1
86 159 1
86 160 1
85 161 1
85 162 1
84 163 1
84 164 1
83 165 1
82 166 1
81 167 1
80 168 1
79 169 1
78 170 1
77 171 1
76 171 1
75 172 1
74 173 1
73 173 1
72 174 1
71 175 1
70 175 1
69 175 1
68 176 1
67 176 1
66 176 1
65 177 1
64 177 1
63 177 1
62 177 1
61 177 1
59 176 1
58 175 1
58 174 1
57 173 1
57 172 1
56 171 1
56 170 1
57 169 1
57 168 1
56 167 1
56 166 1
.PEN_UP
.PEN_DOWN
60 177 1
60 179 1
60 180 1
61 181 1
61 182 1
61 183 1
61 184 1
60 185 1
.PEN_UP
.PEN_DOWN
87 187 1
86 188 1
86 189 1
85 190 1
85 191 1
84 192 1
84 193 1
83 194 1
83 195 1
82 196 1
81 197 1
81 198 1
80 199 1
80 200 1
79 201 1
79 202 1
79 203 1
78 204 1
77 205 1
76 206 1
76 207 1
75 208 1
74 209 1
73 210 1
72 211 1
71 212 1
71 213 1
70 214 1
69 215 1
68 216 1
67 217 1
66 218 1
65 219 1
64 220 1
63 221 1
62 221 1
61 221 1
60 222 1
59 222 1
58 222 1
57 222 1
56 221 1
55 221 1
54 221 1
53 220 1
52 219 1
51 218 1
50 217 1
49 216 1
48 215 1
48 214 1
47 213 1
46 212 1
46 211 1
45 210 1
45 209 1
44 208 1
43 207 1
43 206 1
42 205 1
41 204 1
41 203 1
40 202 1
39 201 1
39 200 1
38 199 1
37 198 1
36 197 1
35 196 1
34 196 1
33 196 1
32 196 1
31 197 1
30 198 1
29 199 1
28 200 1
27 201 1
26 202 1
25 203 1
25 204 1
24 205 1
23 206 1
23 207 1
22 208 1
22 209 1
21 210 1
21 211 1
21 212 1
20 213 1
20 214 1
20 215 1
19 216 1
19 217 1
19 218 1
19 219 1
19 220 1
19 221 1
20 222 1
.PEN_UP
.PEN_DOWN
55 240 1
55 241 1
56 242 1
56 243 1
56 244 1
56 245 1
56 246 1
56 247 1
56 248 1
56 249 1
55 250 1
55 251 1
55 252 1
55 253 1
54 254 1
54 255 1
54 256 1
54 257 1
54 258 1
54 259 1
54 260 1
53 261 1
.PEN_UP
.PEN_DOWN
58 293 1
58 292 1
60 290 1
61 290 1
62 290 1
63 290 1
64 290 1
65 290 1
66 290 1
67 290 1
68 290 1
69 291 1
70 291 1
71 291 1
72 291 1
73 291 1
74 291 1
75 292 1
76 292 1
77 292 1
78 292 1
79 293 1
80 293 1
81 293 1
82 294 1
83 294 1
84 295 1
85 296 1
86 297 1
86 298 1
87 299 1
88 300 1
88 301 1
88 302 1
88 303 1
88 304 1
87 305 1
87 306 1
86 307 1
86 308 1
85 309 1
84 310 1
83 311 1
82 312 1
81 313 1
80 313 1
79 314 1
78 314 1
77 314 1
76 315 1
75 316 1
74 316 1
73 316 1
72 317 1
71 317 1
70 317 1
69 318 1
68 318 1
67 318 1
66 319 1
65 319 1
64 319 1
63 320 1
62 320 1
61 320 1
60 320 1
59 320 1
58 320 1
57 320 1
56 320 1
55 320 1
54 320 1
53 320 1
52 320 1
51 320 1
50 319 1
49 319 1
48 319 1
47 319 1
46 318 1
45 318 1
44 318 1
43 317 1
42 317 1
41 317 1
40 317 1
39 316 1
38 316 1
37 316 1
36 315 1
35 315 1
34 314 1
33 313 1
32 313 1
31 313 1
30 313 1
29 312 1
28 311 1
27 310 1
26 309 1
25 308 1
25 307 1
25 306 1
25 305 1
25 304 1
25 303 1
25 302 1
26 301 1
26 300 1
27 299 1
28 299 1
29 298 1
30 297 1
31 296 1
32 295 1
33 294 1
34 294 1
35 293 1
36 293 1
37 292 1
38 292 1
39 291 1
40 291 1
41 291 1
42 291 1
43 291 1
44 291 1
45 291 1
46 291 1
47 291 1
48 291 1
49 291 1
50 291 1
51 291 1
52 291 1
53 291 1
54 291 1
55 291 1
56 291 1
57 291 1
.PEN_UP
.PEN_DOWN
80 341 1
79 340 1
78 339 1
77 339 1
76 338 1
75 337 1
74 337 1
73 337 1
72 336 1
71 336 1
70 336 1
69 336 1
68 335 1
67 335 1
66 335 1
65 335 1
64 334 1
63 334 1
62 334 1
61 333 1
60 333 1
59 333 1
58 333 1
57 333 1
56 333 1
55 333 1
54 333 1
53 332 1
52 332 1
51 333 1
49 332 1
48 332 1
47 332 1
46 331 1
45 331 1
44 331 1
43 331 1
42 331 1
41 332 1
40 332 1
39 332 1
38 332 1
37 332 1
36 332 1
35 333 1
34 333 1
33 334 1
32 334 1
31 334 1
30 334 1
29 334 1
28 335 1
27 336 1
26 336 1
25 337 1
24 338 1
23 339 1
23 340 1
22 341 1
21 342 1
21 343 1
20 344 1
20 345 1
20 346 1
20 347 1
20 348 1
20 349 1
20 350 1
20 351 1
20 352 1
21 353 1
22 354 1
23 354 1
24 355 1
25 355 1
26 355 1
27 356 1
28 356 1
.PEN_UP
.PEN_DOWN
50 333 1
49 335 1
49 336 1
49 337 1
49 338 1
49 339 1
49 340 1
48 341 1
48 342 1
48 343 1
48 344 1
49 345 1
49 346 1
49 347 1
49 348 1
.PEN_UP
.PEN_DOWN
60 382 1
60 383 1
60 384 1
59 385 1
59 386 1
59 387 1
59 388 1
59 389 1
58 390 1
58 391 1
58 392 1
58 393 1
58 394 1
57 395 1
57 396 1
56 397 1
56 398 1
56 399 1
55 400 1
55 401 1
55 402 1
55 403 1
55 404 1
55 405 1
55 406 1
.PEN_UP
.PEN_DOWN
80 436 1
81 436 1
82 435 1
83 435 1
84 435 1
85 436 1
85 437 1
86 438 1
86 439 1
86 440 1
87 441 1
87 442 1
87 443 1
87 444 1
87 445 1
87 446 1
87 447 1
87 448 1
87 449 1
86 450 1
86 452 1
86 453 1
86 454 1
86 455 1
86 456 1
85 457 1
85 458 1
85 459 1
84 460 1
83 461 1
83 462 1
82 463 1
81 464 1
80 465 1
79 466 1
78 467 1
77 467 1
76 468 1
75 469 1
74 469 1
73 470 1
72 470 1
71 471 1
70 471 1
69 472 1
68 472 1
67 472 1
66 472 1
65 472 1
64 472 1
63 472 1
62 473 1
61 472 1
60 472 1
59 472 1
58 472 1
57 472 1
56 472 1
55 471 1
54 471 1
53 470 1
52 469 1
51 468 1
50 467 1
49 466 1
49 465 1
48 464 1
46 464 1
45 464 1
44 465 1
43 466 1
42 467 1
41 468 1
40 468 1
39 469 1
38 470 1
37 470 1
36 471 1
35 471 1
34 472 1
33 472 1
32 472 1
31 472 1
30 472 1
29 472 1
28 472 1
27 472 1
26 471 1
25 471 1
24 470 1
23 469 1
22 468 1
21 467 1
21 466 1
21 465 1
20 464 1
20 463 1
20 462 1
20 461 1
20 460 1
20 459 1
20 458 1
20 457 1
20 456 1
20 455 1
20 454 1
20 453 1
20 452 1
20 451 1
21 450 1
21 449 1
21 448 1
21 447 1
21 446 1
21 445 1
21 444 1
21 443 1
22 442 1
22 441 1
22 440 1
22 439 1
23 438 1
23 437 1
24 436 1
25 435 1
26 434 1
27 434 1
28 434 1
29 434 1
30 434 1
31 435 1
32 435 1
33 436 1
34 436 1
35 436 1
36 436 1
37 436 1
38 437 1
39 437 1
40 437 1
41 437 1
42 438 1
43 438 1
44 438 1
45 439 1
46 439 1
47 439 1
48 440 1
49 440 1
50 441 1
50 442 1
51 443 1
52 442 1
53 442 1
54 442 1
55 442 1
56 442 1
57 442 1
58 442 1
59 442 1
60 442 1
61 442 1
62 443 1
63 443 1
64 443 1
65 443 1
66 444 1
67 444 1
68 444 1
69 444 1
70 445 1
71 445 1
72 446 1
73 446 1
74 446 1
75 447 1
76 447 1
77 447 1
78 448 1
79 448 1
80 449 1
81 450 1
82 450 1
83 450 1
84 450 1
85 450 1
.PEN_UP
.PEN_DOWN
51 444 1
51 445 1
51 446 1
51 447 1
50 448 1
50 449 1
50 450 1
49 451 1
49 452 1
49 453 1
49 454 1
49 455 1
48 456 1
48 457 1
48 458 1
48 459 1
48 460 1
48 461 1
48 462 1
48 463 1
.PEN_UP
.PEN_DOWN
84 506 1
83 506 1
82 505 1
81 505 1
80 504 1
79 504 1
78 504 1
77 504 1
76 504 1
75 503 1
74 503 1
73 503 1
72 503 1
71 503 1
70 502 1
69 502 1
68 502 1
67 502 1
66 502 1
65 502 1
64 502 1
63 502 1
62 502 1
61 501 1
60 501 1
59 501 1
58 501 1
57 501 1
56 501 1
55 501 1
52 501 1
51 501 1
50 501 1
49 500 1
48 500 1
46 499 1
45 499 1
44 499 1
43 499 1
42 499 1
41 499 1
40 499 1
39 499 1
38 499 1
37 499 1
36 499 1
35 499 1
34 500 1
33 499 1
32 499 1
31 499 1
30 500 1
29 500 1
28 499 1
27 499 1
26 499 1
25 499 1
24 499 1
23 499 1
22 500 1
21 500 1
20 500 1
19 500 1
18 501 1
17 502 1
16 503 1
16 504 1
15 505 1
16 506 1
16 507 1
16 508 1
16 509 1
17 510 1
17 511 1
18 512 1
19 513 1
19 514 1
20 515 1
21 516 1
22 517 1
23 518 1
24 519 1
25 519 1
26 520 1
27 520 1
28 521 1
29 521 1
30 521 1
31 521 1
32 522 1
33 522 1
34 522 1
35 522 1
36 521 1
37 521 1
38 521 1
39 521 1
40 520 1
41 520 1
42 520 1
43 520 1
44 520 1
45 520 1
46 519 1
48 520 1
48 521 1
49 522 1
50 523 1
51 524 1
52 524 1
53 525 1
54 525 1
55 526 1
56 526 1
57 527 1
58 527 1
59 527 1
60 528 1
61 528 1
62 528 1
63 529 1
64 529 1
65 529 1
66 529 1
67 529 1
68 529 1
69 529 1
70 529 1
71 529 1
72 529 1
73 528 1
74 528 1
75 528 1
76 528 1
77 528 1
78 528 1
79 528 1
80 528 1
81 528 1
82 528 1
.PEN_UP
.PEN_DOWN
47 518 1
47 517 1
47 516 1
47 515 1
46 514 1
46 513 1
45 512 1
45 511 1
45 510 1
45 509 1
45 508 1
45 507 1
45 506 1
45 505 1
46 504 1
46 503 1
46 502 1
47 501 1
.PEN_UP
.PEN_DOWN
48 514 1
49 514 1
50 513 1
51 513 1
52 512 1
53 511 1
53 510 1
53 509 1
54 508 1
54 507 1
54 506 1
54 505 1
54 504 1
54 503 1
54 502 1
.PEN_UP
.PEN_DOWN
25 550 1
26 550 1
27 551 1
28 551 1
29 550 1
30 550 1
31 550 1
32 550 1
33 550 1
34 549 1
35 549 1
36 549 1
37 549 1
38 549 1
39 549 1
40 549 1
41 549 1
42 549 1
43 549 1
44 549 1
45 549 1
46 549 1
47 549 1
48 549 1
49 549 1
50 549 1
51 549 1
52 549 1
53 549 1
54 549 1
55 549 1
56 549 1
57 549 1
58 550 1
59 550 1
60 550 1
61 550 1
62 551 1
63 551 1
64 551 1
65 551 1
66 551 1
67 551 1
68 551 1
69 551 1
70 551 1
71 551 1
72 551 1
73 551 1
74 552 1
75 552 1
76 551 1
77 551 1
78 552 1
79 552 1
.PEN_UP
.PEN_DOWN
22 571 1
21 572 1
21 573 1
21 574 1
21 575 1
22 576 1
22 577 1
22 578 1
22 579 1
22 580 1
22 581 1
22 582 1
22 583 1
21 584 1
21 585 1
22 586 1
21 587 1
21 588 1
21 589 1
21 590 1
21 591 1
21 592 1
21 593 1
21 594 1
21 595 1
21 596 1
21 597 1
20 598 1
20 599 1
20 600 1
20 601 1
20 602 1
20 603 1
21 604 1
21 605 1
22 606 1
23 607 1
.PEN_UP
.PEN_DOWN
23 586 1
24 586 1
25 586 1
26 587 1
27 587 1
28 587 1
29 587 1
30 587 1
31 587 1
32 587 1
33 588 1
34 588 1
35 588 1
36 588 1
37 588 1
38 588 1
39 589 1
40 589 1
41 589 1
42 589 1
43 589 1
44 589 1
45 590 1
46 590 1
47 590 1
48 590 1
49 590 1
50 591 1
51 591 1
52 591 1
53 591 1
54 591 1
55 592 1
56 592 1
57 592 1
58 592 1
59 592 1
60 592 1
61 592 1
62 592 1
63 593 1
64 593 1
65 593 1
66 593 1
67 593 1
68 594 1
69 594 1
70 594 1
71 594 1
72 594 1
73 594 1
74 595 1
75 595 1
76 596 1
77 596 1
78 596 1
79 596 1
80 596 1
.PEN_UP
.PEN_DOWN
84 616 1
83 616 1
82 617 1
82 618 1
81 619 1
81 620 1
80 621 1
79 622 1
78 622 1
77 623 1
76 623 1
75 624 1
74 624 1
73 624 1
72 625 1
71 625 1
70 626 1
69 626 1
68 627 1
67 627 1
66 627 1
65 628 1
64 628 1
63 628 1
62 628 1
61 629 1
60 630 1
59 631 1
58 631 1
57 632 1
56 633 1
55 633 1
54 634 1
53 634 1
52 635 1
51 636 1
49 636 1
48 636 1
47 636 1
46 636 1
45 636 1
44 636 1
43 637 1
42 637 1
41 638 1
40 638 1
39 638 1
38 639 1
37 639 1
36 639 1
35 639 1
34 640 1
33 640 1
32 640 1
31 640 1
30 641 1
29 641 1
28 642 1
27 642 1
26 643 1
25 643 1
24 643 1
23 643 1
22 644 1
21 645 1
21 646 1
20 647 1
20 648 1
19 649 1
18 649 1
17 649 1
16 649 1
15 649 1
14 649 1
13 650 1
12 650 1
.PEN_UP
.PEN_DOWN
20 650 1
21 651 1
22 651 1
23 651 1
24 651 1
25 651 1
26 651 1
27 651 1
28 651 1
29 651 1
30 651 1
31 651 1
32 651 1
33 651 1
34 651 1
35 651 1
36 651 1
37 651 1
38 651 1
39 651 1
40 651 1
41 651 1
44 650 1
45 650 1
46 650 1
47 649 1
49 649 1
50 649 1
51 649 1
52 649 1
53 649 1
54 649 1
55 649 1
56 649 1
57 649 1
58 649 1
59 648 1
60 648 1
61 648 1
62 648 1
63 648 1
64 647 1
65 647 1
66 647 1
67 647 1
68 647 1
69 647 1
70 647 1
71 647 1
72 647 1
73 647 1
74 647 1
75 646 1
76 646 1
77 646 1
78 646 1
79 647 1
80 647 1
81 647 1
82 647 1
.PEN_UP
.PEN_DOWN
47 648 1
48 647 1
48 646 1
48 645 1
48 644 1
49 643 1
49 642 1
50 641 1
50 640 1
50 639 1
51 638 1
51 637 1
.PEN_UP
.PEN_DOWN
42 651 1
42 653 1
42 654 1
41 655 1
41 656 1
41 657 1
41 658 1
40 659 1
40 660 1
40 661 1
39 662 1
39 663 1
39 664 1
38 665 1
38 666 1
37 667 1
37 668 1
36 669 1
36 670 1
36 671 1
36 672 1
36 673 1
35 674 1
35 675 1
36 676 1
37 677 1
38 677 1
39 677 1
40 677 1
41 677 1
42 677 1
43 677 1
44 677 1
45 677 1
46 677 1
47 677 1
48 677 1
49 677 1
50 677 1
51 677 1
52 677 1
53 677 1
54 677 1
55 677 1
56 676 1
57 676 1
58 676 1
59 676 1
60 676 1
61 676 1
62 676 1
63 676 1
64 676 1
65 676 1
66 675 1
67 675 1
68 675 1
69 675 1
70 674 1
71 674 1
72 674 1
73 674 1
74 674 1
75 674 1
76 673 1
77 673 1
78 673 1
79 673 1
80 673 1
.PEN_UP
.PEN_DOWN
76 692 1
75 692 1
74 692 1
73 692 1
72 692 1
71 692 1
70 692 1
69 692 1
68 692 1
67 692 1
66 692 1
65 692 1
64 691 1
63 692 1
62 692 1
61 692 1
60 692 1
59 692 1
58 692 1
57 692 1
56 692 1
55 691 1
54 691 1
53 691 1
52 691 1
51 691 1
50 691 1
49 691 1
48 691 1
47 691 1
46 691 1
45 691 1
44 691 1
43 691 1
42 691 1
41 692 1
40 692 1
39 692 1
38 692 1
37 692 1
36 692 1
35 692 1
34 692 1
33 692 1
32 692 1
31 693 1
30 693 1
29 694 1
28 695 1
28 696 1
27 697 1
27 698 1
28 699 1
29 700 1
30 701 1
31 701 1
32 701 1
33 701 1
34 702 1
35 702 1
36 702 1
37 702 1
38 702 1
39 703 1
40 703 1
41 703 1
42 703 1
43 703 1
44 703 1
45 704 1
46 704 1
47 704 1
48 704 1
49 704 1
50 704 1
51 704 1
52 704 1
53 704 1
54 704 1
55 704 1
56 704 1
57 704 1
58 704 1
59 705 1
60 705 1
61 705 1
62 705 1
63 705 1
64 705 1
65 705 1
66 705 1
67 705 1
68 705 1
69 705 1
70 705 1
71 705 1
72 705 1
73 705 1
74 705 1
75 706 1
76 706 1
77 707 1
77 708 1
77 709 1
76 710 1
76 711 1
75 712 1
74 713 1
73 713 1
72 714 1
71 714 1
70 714 1
69 714 1
68 714 1
67 715 1
66 715 1
65 715 1
64 716 1
63 716 1
62 716 1
61 717 1
60 717 1
59 717 1
58 717 1
57 717 1
56 718 1
55 718 1
54 718 1
53 718 1
52 719 1
51 719 1
50 719 1
49 719 1
48 719 1
47 719 1
46 720 1
45 720 1
44 720 1
43 720 1
42 721 1
41 721 1
40 721 1
39 721 1
38 721 1
37 721 1
36 721 1
35 722 1
34 722 1
33 722 1
32 722 1
31 723 1
30 723 1
29 723 1
28 723 1
27 724 1
26 724 1
25 724 1
24 725 1
23 725 1
22 726 1
21 726 1
20 726 1
19 727 1
.PEN_UP
