.PEN_DOWN
22 50 1
22 51 1
23 52 1
24 53 1
25 52 1
26 52 1
27 52 1
28 51 1
29 50 1
30 49 1
31 48 1
32 49 1
33 50 1
34 51 1
35 52 1
35 53 1
35 54 1
35 55 1
34 56 1
34 57 1
34 58 1
33 59 1
33 60 1
32 61 1
32 62 1
31 63 1
31 64 1
31 65 1
30 66 1
30 67 1
30 68 1
29 69 1
28 69 1
27 70 1
26 70 1
25 70 1
24 71 1
23 71 1
22 72 1
21 73 1
.PEN_UP
.PEN_DOWN
30 70 1
30 71 1
30 72 1
30 73 1
31 74 1
35 76 1
36 75 1
37 74 1
38 73 1
39 72 1
39 71 1
40 70 1
42 70 1
43 70 1
44 70 1
45 69 1
46 68 1
47 68 1
48 67 1
49 66 1
50 66 1
51 65 1
52 65 1
53 64 1
54 63 1
55 63 1
56 62 1
57 61 1
58 61 1
59 60 1
60 59 1
61 58 1
61 57 1
62 56 1
62 55 1
61 54 1
60 54 1
59 53 1
58 53 1
57 53 1
56 53 1
55 53 1
54 54 1
53 54 1
52 54 1
51 55 1
50 55 1
49 55 1
48 56 1
47 56 1
46 57 1
45 58 1
44 59 1
44 60 1
44 61 1
43 62 1
42 63 1
42 64 1
41 65 1
41 66 1
40 67 1
40 68 1
40 69 1
.PEN_UP
.PEN_DOWN
32 73 1
31 77 1
31 78 1
31 79 1
30 80 1
30 81 1
29 82 1
28 83 1
27 83 1
26 84 1
.PEN_UP
.PEN_DOWN
30 83 1
31 84 1
31 85 1
30 86 1
30 87 1
30 88 1
30 89 1
30 90 1
30 91 1
30 92 1
30 93 1
30 94 1
31 95 1
32 96 1
30 98 1
29 98 1
28 98 1
27 99 1
26 99 1
25 100 1
24 100 1
23 101 1
22 102 1
21 103 1
20 104 1
19 105 1
.PEN_UP
.PEN_DOWN
31 97 1
32 99 1
32 100 1
32 101 1
32 102 1
32 103 1
32 104 1
32 105 1
32 106 1
32 107 1
31 108 1
29 109 1
28 109 1
27 110 1
.PEN_UP
.PEN_DOWN
30 109 1
30 111 1
30 112 1
30 113 1
30 114 1
30 115 1
30 116 1
30 117 1
30 118 1
31 119 1
31 120 1
32 121 1
33 122 1
33 123 1
33 124 1
34 125 1
34 126 1
34 127 1
34 128 1
36 130 1
37 131 1
38 132 1
38 133 1
38 134 1
38 135 1
38 136 1
38 137 1
37 138 1
37 139 1
37 140 1
36 141 1
36 142 1
36 143 1
36 144 1
35 145 1
35 146 1
35 147 1
35 148 1
35 149 1
35 150 1
35 151 1
35 152 1
34 153 1
33 153 1
32 153 1
31 154 1
30 154 1
29 154 1
28 155 1
27 156 1
26 157 1
25 158 1
24 159 1
23 159 1
22 160 1
.PEN_UP
.PEN_DOWN
36 153 1
36 154 1
36 155 1
37 156 1
37 157 1
37 158 1
37 159 1
37 160 1
37 161 1
36 162 1
36 163 1
36 164 1
35 165 1
35 166 1
35 167 1
34 168 1
34 169 1
33 170 1
33 171 1
32 172 1
32 173 1
32 174 1
32 175 1
30 177 1
29 178 1
28 179 1
27 180 1
27 181 1
27 182 1
26 183 1
25 184 1
24 185 1
24 186 1
23 187 1
22 188 1
21 189 1
19 190 1
18 190 1
17 191 1
16 191 1
15 192 1
14 192 1
13 193 1
12 194 1
11 195 1
10 196 1
9 197 1
8 197 1
7 197 1
6 198 1
5 199 1
4 200 1
3 201 1
2 201 1
1 201 1
.PEN_UP
.PEN_DOWN
20 190 1
21 192 1
21 193 1
21 194 1
21 195 1
21 196 1
20 197 1
20 198 1
20 199 1
20 200 1
20 201 1
20 202 1
20 203 1
20 204 1
20 205 1
20 206 1
21 207 1
22 208 1
23 208 1
24 209 1
25 209 1
26 208 1
27 208 1
28 208 1
29 208 1
30 207 1
31 207 1
32 206 1
33 205 1
33 204 1
34 203 1
34 202 1
34 201 1
.PEN_UP
.PEN_DOWN
33 129 1
32 130 1
31 131 1
30 132 1
29 133 1
28 134 1
.PEN_UP
.PEN_DOWN
31 47 1
31 46 1
31 45 1
31 44 1
32 43 1
32 42 1
33 41 1
32 40 1
32 39 1
32 38 1
31 37 1
31 36 1
29 35 1
28 35 1
27 35 1
26 35 1
25 35 1
24 35 1
23 36 1
22 36 1
21 36 1
20 36 1
19 35 1
18 35 1
17 34 1
16 33 1
16 32 1
17 31 1
17 30 1
18 29 1
18 28 1
19 27 1
20 26 1
21 25 1
22 24 1
23 23 1
24 22 1
25 22 1
26 22 1
27 22 1
28 21 1
29 19 1
30 18 1
31 17 1
32 16 1
33 16 1
34 15 1
35 15 1
36 14 1
37 13 1
38 13 1
39 12 1
40 11 1
41 11 1
42 10 1
43 9 1
44 8 1
45 8 1
46 7 1
47 6 1
48 5 1
49 5 1
50 4 1
51 3 1
52 3 1
53 2 1
54 2 1
55 1 1
.PEN_UP
.PEN_DOWN
29 20 1
30 22 1
31 23 1
31 24 1
31 25 1
32 26 1
32 27 1
32 28 1
32 29 1
32 30 1
32 31 1
31 32 1
31 33 1
31 34 1
.PEN_UP
