.PEN_DOWN
50 22 1
49 21 1
48 20 1
47 19 1
47 18 1
47 17 1
47 16 1
48 15 1
48 14 1
49 13 1
49 12 1
50 11 1
51 10 1
52 9 1
53 8 1
54 7 1
55 7 1
56 6 1
57 5 1
58 5 1
59 4 1
60 3 1
61 3 1
62 2 1
63 1 1
64 1 1
65 1 1
66 1 1
67 1 1
68 1 1
69 1 1
70 1 1
71 1 1
72 1 1
73 2 1
74 3 1
74 4 1
75 5 1
75 6 1
75 7 1
74 8 1
74 9 1
74 10 1
73 11 1
72 12 1
72 13 1
71 14 1
70 15 1
70 16 1
69 17 1
68 18 1
67 19 1
66 20 1
66 21 1
65 22 1
65 23 1
64 24 1
64 25 1
64 26 1
63 27 1
63 28 1
63 29 1
61 30 1
60 30 1
59 31 1
58 31 1
57 31 1
56 31 1
55 31 1
54 32 1
.PEN_UP
.PEN_DOWN
62 30 1
65 30 1
66 31 1
65 32 1
65 33 1
65 34 1
65 35 1
64 36 1
64 37 1
63 38 1
63 39 1
62 40 1
61 41 1
60 42 1
60 43 1
59 44 1
58 45 1
57 46 1
56 47 1
56 48 1
56 49 1
56 50 1
55 51 1
55 52 1
56 53 1
57 53 1
58 54 1
59 54 1
60 54 1
61 55 1
61 56 1
61 57 1
60 58 1
60 59 1
60 60 1
59 61 1
59 62 1
58 63 1
58 64 1
58 65 1
58 66 1
58 67 1
59 68 1
60 69 1
61 69 1
62 69 1
63 69 1
64 70 1
65 71 1
65 72 1
66 73 1
66 74 1
66 75 1
66 76 1
66 77 1
66 78 1
66 79 1
65 80 1
65 81 1
65 82 1
64 83 1
64 84 1
63 85 1
63 86 1
62 87 1
62 88 1
61 89 1
61 90 1
60 91 1
60 92 1
60 93 1
60 94 1
58 95 1
57 95 1
56 96 1
55 96 1
54 97 1
53 98 1
52 99 1
51 100 1
50 101 1
49 102 1
49 103 1
49 104 1
50 105 1
50 106 1
51 107 1
51 108 1
51 109 1
52 110 1
53 111 1
52 112 1
51 113 1
50 113 1
49 113 1
48 113 1
47 113 1
46 113 1
45 114 1
44 115 1
43 115 1
42 115 1
41 116 1
40 116 1
39 116 1
38 117 1
37 117 1
36 117 1
35 118 1
34 118 1
33 118 1
32 119 1
31 119 1
30 119 1
29 120 1
28 120 1
27 120 1
26 121 1
25 121 1
24 121 1
23 121 1
22 122 1
21 122 1
20 122 1
19 122 1
18 123 1
17 123 1
16 123 1
14 122 1
13 122 1
12 122 1
11 122 1
10 123 1
9 123 1
8 123 1
7 124 1
7 125 1
6 126 1
6 127 1
4 128 1
3 129 1
2 130 1
1 131 1
.PEN_UP
.PEN_DOWN
5 128 1
8 128 1
9 128 1
10 128 1
11 128 1
12 128 1
13 127 1
14 126 1
14 125 1
15 124 1
.PEN_UP
.PEN_DOWN
54 111 1
55 111 1
57 113 1
58 114 1
59 115 1
60 115 1
.PEN_UP
.PEN_DOWN
56 110 1
57 109 1
57 108 1
58 107 1
59 106 1
60 106 1
61 105 1
62 104 1
62 103 1
63 102 1
63 101 1
63 100 1
63 99 1
63 98 1
63 97 1
63 96 1
62 95 1
61 95 1
.PEN_UP
