.PEN_DOWN
42 53 1
41 54 1
41 55 1
41 56 1
41 57 1
41 58 1
41 59 1
41 60 1
39 61 1
38 62 1
37 62 1
36 62 1
35 62 1
34 63 1
34 64 1
34 65 1
33 66 1
33 67 1
33 68 1
33 69 1
32 70 1
31 71 1
30 72 1
29 73 1
29 74 1
28 75 1
27 75 1
26 76 1
25 77 1
24 78 1
23 78 1
22 79 1
21 79 1
20 80 1
19 80 1
18 80 1
17 81 1
16 81 1
15 82 1
14 82 1
13 82 1
12 82 1
11 83 1
10 83 1
9 83 1
8 82 1
7 82 1
6 81 1
5 81 1
4 81 1
3 80 1
2 79 1
1 78 1
1 77 1
1 76 1
1 75 1
1 74 1
1 73 1
2 72 1
3 71 1
4 70 1
5 69 1
6 68 1
7 67 1
8 66 1
9 65 1
10 64 1
11 64 1
12 64 1
13 63 1
14 63 1
15 63 1
16 62 1
17 62 1
18 61 1
19 61 1
20 61 1
21 61 1
22 61 1
23 61 1
24 61 1
25 61 1
26 61 1
27 61 1
28 61 1
29 61 1
30 61 1
31 61 1
32 61 1
33 61 1
34 61 1
.PEN_UP
.PEN_DOWN
40 61 1
42 62 1
43 62 1
44 62 1
45 62 1
46 62 1
47 62 1
48 63 1
49 63 1
50 63 1
51 64 1
52 64 1
53 64 1
54 64 1
55 64 1
56 64 1
57 64 1
58 64 1
59 64 1
60 64 1
63 66 1
64 66 1
65 66 1
66 67 1
67 67 1
68 67 1
69 68 1
70 69 1
71 69 1
72 70 1
73 71 1
74 71 1
75 72 1
76 72 1
77 73 1
78 73 1
79 74 1
80 74 1
81 75 1
82 76 1
83 76 1
84 77 1
85 78 1
86 78 1
87 79 1
88 79 1
89 80 1
90 81 1
91 82 1
.PEN_UP
.PEN_DOWN
61 63 1
61 62 1
60 61 1
60 60 1
60 59 1
59 58 1
59 57 1
59 56 1
59 55 1
58 54 1
58 53 1
58 52 1
58 51 1
58 50 1
57 49 1
57 48 1
56 47 1
.PEN_UP
.PEN_DOWN
61 65 1
60 67 1
59 68 1
59 69 1
58 70 1
58 71 1
58 72 1
58 73 1
58 74 1
57 75 1
57 76 1
57 77 1
57 78 1
57 79 1
57 80 1
56 81 1
.PEN_UP
