.PEN_DOWN
10 46 1
11 46 1
12 45 1
13 45 1
14 44 1
15 44 1
16 43 1
17 43 1
18 42 1
19 42 1
20 41 1
21 41 1
22 40 1
23 39 1
24 39 1
25 38 1
26 37 1
27 37 1
28 36 1
29 35 1
30 34 1
31 34 1
32 33 1
33 33 1
34 32 1
35 31 1
36 30 1
37 29 1
38 29 1
39 28 1
40 28 1
41 27 1
42 26 1
43 26 1
44 25 1
45 24 1
46 23 1
47 22 1
48 21 1
49 20 1
50 19 1
52 19 1
53 19 1
54 18 1
55 18 1
56 18 1
57 18 1
58 17 1
59 17 1
60 16 1
61 16 1
62 16 1
63 16 1
64 16 1
65 15 1
67 14 1
68 13 1
69 12 1
70 11 1
71 11 1
72 10 1
73 9 1
74 8 1
75 7 1
76 6 1
77 6 1
78 5 1
79 4 1
80 3 1
81 3 1
82 2 1
83 1 1
.PEN_UP
.PEN_DOWN
66 15 1
66 17 1
66 18 1
65 19 1
65 20 1
65 21 1
65 22 1
65 23 1
64 24 1
63 25 1
63 26 1
63 27 1
62 28 1
62 29 1
62 30 1
61 31 1
61 32 1
61 33 1
61 34 1
60 35 1
60 36 1
60 37 1
60 38 1
58 39 1
57 40 1
56 41 1
55 42 1
54 43 1
53 44 1
52 45 1
51 46 1
50 47 1
.PEN_UP
.PEN_DOWN
59 39 1
62 39 1
63 39 1
64 39 1
65 39 1
66 40 1
67 41 1
68 42 1
68 43 1
68 44 1
68 45 1
68 46 1
68 47 1
68 48 1
68 49 1
68 50 1
67 51 1
67 52 1
67 53 1
66 54 1
66 55 1
66 56 1
65 57 1
65 58 1
64 59 1
64 60 1
63 61 1
63 62 1
62 63 1
62 64 1
62 65 1
61 66 1
61 67 1
60 68 1
59 69 1
59 70 1
59 71 1
58 72 1
58 73 1
57 74 1
57 75 1
56 76 1
56 77 1
56 78 1
55 79 1
55 80 1
55 81 1
55 82 1
55 83 1
55 84 1
.PEN_UP
.PEN_DOWN
54 86 1
54 87 1
54 90 1
54 91 1
54 92 1
54 93 1
54 94 1
54 95 1
54 96 1
53 97 1
53 98 1
53 99 1
52 100 1
52 101 1
52 102 1
51 103 1
51 104 1
51 105 1
50 106 1
50 107 1
50 108 1
49 109 1
49 110 1
49 111 1
49 112 1
50 113 1
51 114 1
52 115 1
53 116 1
54 117 1
55 117 1
56 117 1
57 117 1
58 118 1
59 118 1
60 118 1
61 119 1
62 118 1
63 118 1
64 118 1
65 117 1
66 116 1
67 115 1
.PEN_UP
.PEN_DOWN
60 120 1
60 121 1
60 122 1
60 123 1
59 124 1
59 125 1
59 126 1
58 127 1
57 128 1
56 129 1
55 130 1
54 131 1
54 132 1
54 133 1
53 134 1
52 135 1
51 136 1
50 137 1
50 138 1
49 139 1
48 140 1
48 141 1
47 142 1
46 143 1
46 144 1
45 145 1
44 146 1
43 147 1
42 148 1
42 149 1
41 150 1
41 151 1
41 152 1
41 153 1
40 154 1
39 154 1
38 155 1
37 156 1
36 156 1
35 157 1
34 158 1
33 158 1
32 158 1
31 159 1
30 160 1
29 161 1
28 161 1
27 162 1
26 163 1
25 163 1
24 164 1
23 164 1
22 164 1
21 165 1
20 166 1
19 166 1
18 167 1
17 167 1
16 168 1
15 168 1
14 169 1
13 169 1
12 170 1
11 170 1
10 171 1
9 172 1
8 172 1
7 173 1
6 173 1
5 174 1
4 174 1
3 175 1
2 176 1
1 177 1
1 178 1
.PEN_UP
.PEN_DOWN
41 155 1
42 155 1
43 154 1
44 154 1
45 154 1
46 154 1
47 154 1
48 154 1
49 154 1
50 154 1
51 154 1
52 154 1
53 153 1
54 153 1
55 153 1
56 153 1
57 152 1
58 151 1
59 151 1
60 151 1
61 150 1
61 149 1
.PEN_UP
.PEN_DOWN
53 88 1
52 89 1
51 89 1
50 89 1
49 89 1
48 90 1
47 90 1
.PEN_UP
.PEN_DOWN
50 18 1
50 17 1
50 16 1
50 15 1
51 14 1
51 13 1
51 12 1
52 11 1
52 10 1
53 9 1
54 8 1
54 7 1
55 6 1
56 5 1
56 4 1
57 3 1
.PEN_UP
