.PEN_DOWN
1 32 1
2 32 1
3 32 1
4 32 1
5 32 1
6 32 1
7 32 1
8 31 1
9 31 1
10 31 1
11 31 1
12 31 1
13 30 1
14 30 1
15 30 1
16 30 1
17 30 1
18 30 1
19 30 1
20 30 1
21 30 1
22 30 1
23 30 1
24 30 1
25 30 1
26 30 1
27 30 1
28 30 1
29 30 1
30 30 1
31 29 1
32 29 1
33 29 1
34 29 1
35 29 1
36 29 1
37 28 1
38 28 1
39 28 1
40 28 1
41 28 1
42 28 1
43 28 1
44 28 1
45 28 1
46 27 1
47 27 1
48 26 1
50 26 1
51 26 1
52 26 1
53 26 1
54 26 1
55 26 1
56 26 1
57 26 1
58 26 1
59 26 1
60 26 1
61 26 1
62 25 1
63 25 1
64 25 1
66 23 1
66 22 1
67 21 1
67 20 1
68 19 1
69 19 1
70 18 1
71 17 1
72 16 1
73 15 1
74 14 1
74 13 1
74 12 1
75 11 1
75 10 1
75 9 1
75 8 1
74 7 1
74 6 1
74 5 1
73 4 1
72 3 1
71 2 1
70 2 1
69 1 1
68 1 1
67 1 1
66 1 1
65 1 1
64 1 1
63 1 1
62 1 1
61 1 1
60 1 1
59 1 1
58 2 1
57 2 1
56 2 1
55 3 1
54 3 1
53 4 1
52 4 1
51 5 1
50 6 1
49 7 1
48 7 1
47 8 1
46 9 1
46 10 1
45 11 1
44 12 1
44 13 1
44 14 1
44 15 1
44 16 1
44 17 1
45 18 1
45 19 1
46 20 1
47 21 1
47 22 1
47 23 1
48 24 1
.PEN_UP
.PEN_DOWN
65 24 1
66 26 1
67 27 1
68 28 1
68 29 1
68 30 1
69 31 1
69 32 1
69 33 1
69 34 1
68 35 1
68 36 1
68 37 1
68 38 1
67 39 1
67 40 1
67 41 1
66 42 1
65 43 1
64 44 1
64 45 1
63 46 1
62 47 1
61 48 1
60 49 1
59 50 1
59 51 1
58 52 1
58 53 1
57 54 1
55 55 1
54 55 1
53 56 1
52 56 1
51 56 1
50 56 1
49 56 1
48 56 1
47 57 1
.PEN_UP
.PEN_DOWN
56 55 1
58 56 1
59 56 1
60 56 1
61 57 1
62 57 1
63 57 1
64 57 1
65 57 1
66 57 1
67 57 1
68 57 1
69 57 1
70 57 1
71 57 1
72 57 1
73 57 1
74 57 1
75 58 1
76 58 1
.PEN_UP
.PEN_DOWN
14 58 1
15 59 1
16 60 1
17 60 1
18 61 1
19 61 1
.PEN_UP
.PEN_DOWN
46 92 1
45 92 1
44 91 1
43 90 1
42 89 1
42 88 1
42 87 1
42 86 1
43 85 1
43 84 1
44 83 1
45 82 1
46 82 1
47 81 1
48 80 1
49 80 1
50 80 1
51 80 1
52 80 1
53 80 1
54 80 1
55 80 1
56 81 1
57 81 1
58 82 1
59 83 1
60 84 1
61 84 1
62 85 1
63 86 1
64 86 1
65 87 1
66 88 1
67 88 1
68 88 1
69 89 1
71 91 1
71 92 1
71 93 1
.PEN_UP
.PEN_DOWN
70 89 1
72 88 1
72 87 1
72 86 1
72 85 1
72 84 1
72 83 1
72 82 1
72 81 1
72 80 1
72 79 1
73 78 1
73 77 1
73 76 1
73 75 1
73 74 1
73 73 1
.PEN_UP
.PEN_DOWN
80 131 1
79 131 1
78 130 1
77 130 1
76 130 1
75 131 1
74 131 1
73 131 1
72 131 1
71 131 1
70 131 1
69 131 1
68 131 1
67 131 1
66 131 1
65 131 1
64 131 1
63 130 1
61 131 1
60 132 1
59 132 1
58 132 1
57 132 1
56 132 1
55 132 1
54 132 1
53 132 1
52 131 1
51 131 1
50 131 1
49 130 1
48 130 1
47 129 1
46 128 1
45 127 1
44 126 1
44 125 1
43 124 1
43 123 1
43 122 1
43 121 1
43 120 1
43 119 1
43 118 1
43 117 1
44 116 1
45 115 1
45 114 1
46 113 1
47 113 1
48 112 1
49 111 1
50 111 1
51 110 1
52 110 1
53 109 1
54 109 1
55 109 1
56 108 1
57 108 1
58 108 1
59 107 1
60 107 1
61 107 1
62 107 1
63 107 1
64 107 1
65 108 1
66 108 1
67 109 1
68 110 1
68 111 1
69 112 1
69 113 1
69 114 1
68 115 1
68 116 1
68 117 1
68 118 1
67 119 1
67 120 1
66 121 1
66 122 1
65 123 1
65 124 1
64 125 1
64 126 1
64 127 1
64 128 1
63 129 1
.PEN_UP
.PEN_DOWN
73 140 1
73 141 1
73 142 1
72 143 1
72 144 1
71 145 1
71 146 1
71 147 1
71 148 1
70 149 1
70 150 1
70 151 1
69 152 1
69 153 1
68 154 1
68 155 1
68 156 1
68 157 1
67 158 1
66 159 1
65 159 1
64 158 1
63 158 1
62 158 1
61 157 1
60 157 1
59 156 1
58 155 1
57 155 1
56 155 1
55 154 1
54 154 1
53 154 1
52 154 1
51 153 1
50 153 1
49 154 1
48 155 1
47 156 1
.PEN_UP
.PEN_DOWN
15 179 1
14 180 1
14 181 1
14 182 1
14 183 1
13 184 1
14 185 1
15 186 1
16 187 1
17 188 1
18 188 1
19 188 1
20 188 1
21 188 1
22 188 1
23 188 1
24 188 1
25 188 1
26 188 1
27 188 1
28 188 1
29 188 1
30 188 1
31 187 1
32 187 1
33 187 1
34 187 1
35 187 1
36 187 1
37 187 1
38 187 1
39 187 1
42 185 1
43 185 1
44 184 1
45 184 1
46 184 1
47 184 1
48 184 1
49 184 1
50 184 1
51 184 1
52 184 1
53 183 1
54 183 1
55 183 1
56 183 1
57 183 1
58 183 1
59 183 1
60 183 1
61 183 1
62 183 1
63 183 1
64 183 1
65 183 1
66 183 1
67 184 1
68 185 1
69 186 1
69 187 1
68 188 1
68 189 1
67 190 1
66 191 1
65 192 1
64 192 1
63 192 1
62 193 1
62 194 1
62 195 1
61 196 1
61 197 1
61 198 1
61 199 1
61 200 1
61 201 1
62 202 1
62 203 1
61 204 1
60 204 1
59 205 1
58 205 1
57 206 1
57 208 1
57 209 1
56 210 1
56 211 1
56 212 1
56 213 1
55 214 1
54 215 1
53 216 1
52 217 1
51 218 1
50 219 1
49 219 1
48 220 1
47 220 1
46 220 1
45 220 1
44 220 1
43 220 1
42 221 1
41 220 1
40 219 1
40 218 1
40 217 1
40 216 1
40 215 1
41 214 1
41 213 1
42 212 1
43 211 1
43 210 1
44 209 1
44 208 1
46 206 1
47 206 1
48 206 1
49 206 1
50 206 1
51 206 1
52 206 1
53 206 1
54 206 1
55 206 1
56 206 1
.PEN_UP
.PEN_DOWN
44 207 1
44 205 1
43 204 1
43 203 1
43 202 1
42 201 1
42 200 1
42 199 1
42 198 1
41 197 1
41 196 1
41 195 1
41 194 1
41 193 1
41 192 1
40 191 1
40 190 1
40 189 1
40 188 1
40 183 1
40 182 1
40 181 1
40 180 1
41 179 1
41 178 1
41 177 1
.PEN_UP
.PEN_DOWN
63 204 1
64 204 1
65 204 1
66 204 1
67 204 1
68 205 1
69 206 1
70 207 1
71 208 1
71 209 1
71 210 1
72 211 1
71 212 1
71 213 1
71 214 1
71 215 1
70 216 1
70 217 1
70 218 1
70 219 1
69 220 1
68 221 1
68 222 1
67 223 1
66 224 1
66 225 1
65 226 1
64 227 1
64 228 1
63 229 1
62 230 1
61 231 1
61 232 1
60 233 1
59 234 1
58 235 1
57 236 1
56 237 1
55 238 1
55 239 1
54 240 1
54 241 1
54 242 1
55 243 1
56 244 1
56 245 1
56 246 1
57 247 1
59 247 1
60 247 1
61 246 1
62 246 1
63 246 1
64 246 1
65 246 1
66 246 1
67 245 1
68 245 1
69 245 1
70 245 1
71 245 1
72 245 1
73 245 1
74 245 1
75 246 1
76 246 1
.PEN_UP
.PEN_DOWN
58 247 1
56 249 1
56 250 1
56 251 1
55 252 1
55 253 1
54 254 1
54 255 1
53 256 1
53 257 1
52 258 1
52 259 1
52 260 1
51 261 1
51 262 1
51 263 1
51 264 1
51 265 1
52 266 1
52 267 1
.PEN_UP
.PEN_DOWN
78 272 1
78 273 1
78 274 1
77 275 1
.PEN_UP
