.PEN_DOWN
1 4 1
2 4 1
3 3 1
4 3 1
5 4 1
6 4 1
7 4 1
8 4 1
9 4 1
10 4 1
11 4 1
12 4 1
13 4 1
14 4 1
15 4 1
16 4 1
17 3 1
18 3 1
19 3 1
20 3 1
21 3 1
22 3 1
23 3 1
24 3 1
25 2 1
26 2 1
27 2 1
28 2 1
29 2 1
30 2 1
31 2 1
32 2 1
33 2 1
34 2 1
35 1 1
36 1 1
37 1 1
38 1 1
39 1 1
40 1 1
41 1 1
42 1 1
43 1 1
44 2 1
44 4 1
44 5 1
44 6 1
44 7 1
44 8 1
45 10 1
46 10 1
47 11 1
48 11 1
49 12 1
50 13 1
51 14 1
51 15 1
51 16 1
51 17 1
51 18 1
51 19 1
51 20 1
51 21 1
51 22 1
50 23 1
50 24 1
50 25 1
49 26 1
49 27 1
49 28 1
48 29 1
47 30 1
46 31 1
45 32 1
44 33 1
42 34 1
41 34 1
40 34 1
39 34 1
38 34 1
37 34 1
36 34 1
35 34 1
34 34 1
33 34 1
32 34 1
31 34 1
30 34 1
29 35 1
28 35 1
27 35 1
26 35 1
25 35 1
24 35 1
23 35 1
22 35 1
.PEN_UP
.PEN_DOWN
43 34 1
45 35 1
46 35 1
47 36 1
48 37 1
49 38 1
49 39 1
50 40 1
50 41 1
50 42 1
50 43 1
50 44 1
50 45 1
49 46 1
49 47 1
48 48 1
47 49 1
46 50 1
45 51 1
44 52 1
42 54 1
41 54 1
40 54 1
39 54 1
38 54 1
37 54 1
36 54 1
35 54 1
34 55 1
33 55 1
32 55 1
31 55 1
30 54 1
29 54 1
.PEN_UP
.PEN_DOWN
43 53 1
45 55 1
46 55 1
47 55 1
48 55 1
49 55 1
50 56 1
51 57 1
51 58 1
52 59 1
52 60 1
52 61 1
52 62 1
53 63 1
53 64 1
52 65 1
.PEN_UP
.PEN_DOWN
43 9 1
42 9 1
41 9 1
40 9 1
39 10 1
38 11 1
37 12 1
36 13 1
35 14 1
35 15 1
34 16 1
33 16 1
32 17 1
31 18 1
30 18 1
29 19 1
28 20 1
27 20 1
26 21 1
25 22 1
24 22 1
23 23 1
.PEN_UP
.PEN_DOWN
28 107 1
29 106 1
30 106 1
31 106 1
32 106 1
33 106 1
34 106 1
35 105 1
36 105 1
37 105 1
38 105 1
39 105 1
40 105 1
41 105 1
42 105 1
43 105 1
44 105 1
45 105 1
46 105 1
47 106 1
48 106 1
49 106 1
50 107 1
51 108 1
52 109 1
53 110 1
53 111 1
53 112 1
53 113 1
53 114 1
53 115 1
53 116 1
53 117 1
53 118 1
51 119 1
50 119 1
49 119 1
48 119 1
47 119 1
46 119 1
45 120 1
44 121 1
43 121 1
42 121 1
41 121 1
40 121 1
39 121 1
38 122 1
.PEN_UP
.PEN_DOWN
52 119 1
54 121 1
54 122 1
55 123 1
55 124 1
54 125 1
54 126 1
54 127 1
54 128 1
53 129 1
53 130 1
52 131 1
52 132 1
51 133 1
51 134 1
50 135 1
49 136 1
48 136 1
47 137 1
46 137 1
45 138 1
44 138 1
43 138 1
42 138 1
41 138 1
40 138 1
39 139 1
38 139 1
37 139 1
36 140 1
35 140 1
34 140 1
33 140 1
32 139 1
31 139 1
.PEN_UP
