.PEN_DOWN
37 3 1
38 2 1
39 2 1
40 2 1
41 2 1
42 1 1
43 1 1
44 2 1
45 2 1
46 3 1
47 3 1
48 3 1
49 4 1
50 4 1
51 5 1
.PEN_UP
.PEN_DOWN
34 25 1
35 24 1
36 24 1
37 24 1
38 24 1
39 24 1
40 24 1
41 24 1
42 23 1
44 25 1
45 26 1
46 26 1
47 27 1
48 28 1
.PEN_UP
.PEN_DOWN
43 22 1
43 21 1
44 20 1
45 19 1
46 18 1
47 17 1
48 16 1
48 15 1
49 14 1
49 13 1
50 12 1
50 11 1
50 10 1
.PEN_UP
.PEN_DOWN
33 44 1
34 44 1
35 44 1
36 44 1
37 44 1
38 44 1
39 43 1
40 43 1
41 42 1
42 41 1
43 40 1
44 39 1
45 38 1
46 37 1
46 36 1
46 35 1
47 34 1
.PEN_UP
.PEN_DOWN
13 60 1
14 61 1
15 61 1
16 62 1
17 62 1
.PEN_UP
.PEN_DOWN
32 58 1
33 58 1
34 58 1
35 58 1
36 58 1
37 58 1
38 58 1
39 58 1
40 58 1
41 58 1
42 58 1
43 58 1
44 58 1
45 58 1
46 58 1
47 58 1
48 59 1
49 59 1
50 59 1
51 60 1
52 60 1
53 60 1
.PEN_UP
.PEN_DOWN
41 76 1
41 77 1
41 78 1
41 79 1
41 80 1
41 81 1
41 82 1
40 83 1
40 84 1
40 85 1
39 86 1
39 87 1
39 88 1
38 89 1
38 90 1
38 91 1
40 92 1
41 92 1
42 92 1
43 92 1
44 92 1
45 92 1
46 92 1
47 92 1
48 92 1
49 93 1
50 93 1
51 93 1
52 93 1
53 93 1
54 93 1
55 93 1
.PEN_UP
.PEN_DOWN
37 93 1
36 93 1
34 92 1
33 92 1
32 92 1
31 92 1
30 92 1
29 92 1
28 92 1
27 93 1
26 93 1
25 93 1
24 93 1
23 93 1
22 93 1
21 93 1
20 93 1
19 93 1
18 93 1
17 93 1
16 93 1
15 93 1
14 93 1
13 93 1
12 93 1
11 93 1
10 93 1
9 93 1
8 94 1
7 94 1
6 94 1
5 94 1
4 94 1
3 94 1
2 94 1
1 94 1
.PEN_UP
.PEN_DOWN
35 93 1
35 95 1
34 96 1
34 97 1
34 98 1
33 99 1
33 100 1
32 101 1
31 102 1
31 103 1
30 104 1
29 105 1
28 106 1
27 107 1
27 108 1
27 109 1
26 110 1
26 111 1
26 112 1
25 113 1
23 115 1
22 115 1
21 116 1
20 116 1
19 116 1
18 116 1
17 117 1
16 117 1
15 117 1
14 117 1
13 117 1
12 117 1
11 117 1
10 117 1
9 118 1
8 118 1
7 117 1
6 117 1
5 117 1
4 117 1
.PEN_UP
.PEN_DOWN
24 114 1
26 115 1
27 115 1
28 115 1
29 115 1
30 114 1
31 114 1
32 114 1
33 114 1
34 114 1
35 114 1
36 114 1
37 114 1
38 113 1
39 113 1
40 113 1
41 113 1
42 113 1
43 113 1
44 114 1
45 114 1
46 115 1
45 116 1
45 117 1
45 118 1
45 119 1
44 120 1
43 121 1
42 122 1
41 122 1
40 123 1
39 123 1
38 124 1
38 125 1
37 126 1
37 127 1
37 128 1
38 129 1
39 130 1
40 130 1
41 130 1
42 130 1
43 130 1
44 130 1
45 130 1
46 130 1
47 131 1
48 131 1
49 131 1
50 131 1
51 131 1
52 131 1
53 132 1
54 132 1
55 132 1
56 132 1
57 132 1
58 132 1
59 132 1
60 132 1
61 132 1
62 132 1
63 133 1
64 133 1
.PEN_UP
