.PEN_DOWN
40 2 1
41 2 1
42 1 1
43 1 1
44 1 1
45 1 1
46 1 1
47 2 1
48 2 1
49 2 1
50 3 1
51 4 1
52 5 1
53 6 1
53 7 1
53 8 1
53 9 1
53 10 1
52 11 1
52 12 1
51 13 1
51 14 1
50 15 1
49 16 1
48 17 1
48 18 1
47 19 1
46 20 1
46 21 1
45 22 1
45 23 1
45 24 1
45 25 1
45 26 1
46 27 1
47 28 1
48 29 1
49 30 1
49 31 1
49 32 1
49 33 1
48 34 1
48 35 1
48 36 1
47 37 1
46 38 1
46 39 1
45 40 1
45 41 1
44 42 1
43 43 1
43 44 1
42 45 1
42 46 1
42 47 1
42 48 1
42 49 1
42 50 1
42 51 1
43 52 1
44 53 1
45 53 1
46 53 1
47 53 1
48 54 1
49 55 1
50 56 1
.PEN_UP
