.PEN_DOWN
1 1 1
2 1 1
3 2 1
4 2 1
5 2 1
6 2 1
7 2 1
8 2 1
9 3 1
10 3 1
11 3 1
12 3 1
13 3 1
14 3 1
15 3 1
16 4 1
17 4 1
18 4 1
19 4 1
20 4 1
21 4 1
22 5 1
23 5 1
24 5 1
25 5 1
26 5 1
27 6 1
28 6 1
29 7 1
31 7 1
32 7 1
33 8 1
34 8 1
35 8 1
36 8 1
37 8 1
38 8 1
39 8 1
40 8 1
41 8 1
42 8 1
43 8 1
44 8 1
45 8 1
46 9 1
47 10 1
48 11 1
49 12 1
49 13 1
49 14 1
50 15 1
51 16 1
51 17 1
51 18 1
51 19 1
51 20 1
52 21 1
52 22 1
52 23 1
52 24 1
51 25 1
51 26 1
51 27 1
51 28 1
50 29 1
50 30 1
49 31 1
49 32 1
48 33 1
47 34 1
47 35 1
46 36 1
45 36 1
44 37 1
43 38 1
42 39 1
41 39 1
40 40 1
39 40 1
38 41 1
37 42 1
36 42 1
35 42 1
34 42 1
33 42 1
32 42 1
31 42 1
28 41 1
27 41 1
26 40 1
25 39 1
24 38 1
23 37 1
23 36 1
22 35 1
22 34 1
22 33 1
22 32 1
21 31 1
21 30 1
21 29 1
21 28 1
21 27 1
21 26 1
21 25 1
21 24 1
21 23 1
21 22 1
22 21 1
22 20 1
23 19 1
23 18 1
23 17 1
24 16 1
25 15 1
26 14 1
27 13 1
27 12 1
28 11 1
28 10 1
29 9 1
29 8 1
.PEN_UP
.PEN_DOWN
30 42 1
30 44 1
30 45 1
30 46 1
30 47 1
30 48 1
30 49 1
30 50 1
30 51 1
30 52 1
29 54 1
28 55 1
27 56 1
26 57 1
26 58 1
25 59 1
25 60 1
25 61 1
25 62 1
24 63 1
24 64 1
24 65 1
24 66 1
24 67 1
24 68 1
24 69 1
24 70 1
24 71 1
24 72 1
24 73 1
24 74 1
24 75 1
24 76 1
24 77 1
25 78 1
25 79 1
25 80 1
25 81 1
25 82 1
25 83 1
.PEN_UP
.PEN_DOWN
30 53 1
32 53 1
33 53 1
34 53 1
35 53 1
36 54 1
37 54 1
38 54 1
39 54 1
40 55 1
41 56 1
42 57 1
43 58 1
44 59 1
45 60 1
46 61 1
46 62 1
47 63 1
48 64 1
48 65 1
48 66 1
49 67 1
49 68 1
49 69 1
49 70 1
50 71 1
50 72 1
50 73 1
50 74 1
50 75 1
50 76 1
50 77 1
50 78 1
50 79 1
50 80 1
50 81 1
50 82 1
49 83 1
49 84 1
49 85 1
48 86 1
48 87 1
48 88 1
47 89 1
47 90 1
46 91 1
46 92 1
45 93 1
.PEN_UP
.PEN_DOWN
23 97 1
24 98 1
24 99 1
24 100 1
25 101 1
26 102 1
27 103 1
28 104 1
29 105 1
29 106 1
30 107 1
31 108 1
32 109 1
33 110 1
34 111 1
35 112 1
36 113 1
36 114 1
37 115 1
38 116 1
38 117 1
39 118 1
39 119 1
39 120 1
39 121 1
40 122 1
40 123 1
40 124 1
42 124 1
43 124 1
44 124 1
45 124 1
46 124 1
47 124 1
48 124 1
49 123 1
50 123 1
51 122 1
52 122 1
53 122 1
54 121 1
55 121 1
56 121 1
57 120 1
58 120 1
59 119 1
60 119 1
61 119 1
62 119 1
63 118 1
64 118 1
65 118 1
66 117 1
67 117 1
68 117 1
69 116 1
.PEN_UP
.PEN_DOWN
40 125 1
39 126 1
38 127 1
37 127 1
36 127 1
35 128 1
34 128 1
33 128 1
32 128 1
31 128 1
30 129 1
29 129 1
28 129 1
27 129 1
26 130 1
25 130 1
24 130 1
23 131 1
22 131 1
21 131 1
.PEN_UP
.PEN_DOWN
24 188 1
25 188 1
26 189 1
27 189 1
28 189 1
29 189 1
30 189 1
31 189 1
32 190 1
33 190 1
34 190 1
35 190 1
36 191 1
37 191 1
38 192 1
40 192 1
41 192 1
42 192 1
43 192 1
44 192 1
45 192 1
46 192 1
47 192 1
48 192 1
49 193 1
50 193 1
51 193 1
.PEN_UP
.PEN_DOWN
39 192 1
37 194 1
37 195 1
36 196 1
36 197 1
35 198 1
34 199 1
34 200 1
34 201 1
33 202 1
33 203 1
33 204 1
32 205 1
32 206 1
32 207 1
32 208 1
32 209 1
32 210 1
32 211 1
32 212 1
32 213 1
32 214 1
32 215 1
32 216 1
33 217 1
34 218 1
35 219 1
36 220 1
37 221 1
38 222 1
39 222 1
40 222 1
41 223 1
42 223 1
43 224 1
44 224 1
45 225 1
46 225 1
47 225 1
48 225 1
49 225 1
50 226 1
51 226 1
52 227 1
.PEN_UP
.PEN_DOWN
15 283 1
16 283 1
17 283 1
18 283 1
19 283 1
20 283 1
21 283 1
22 283 1
23 283 1
24 283 1
25 283 1
26 283 1
27 283 1
28 283 1
29 283 1
30 283 1
31 282 1
32 281 1
35 283 1
36 283 1
37 283 1
38 283 1
39 284 1
40 284 1
41 284 1
42 284 1
43 284 1
44 284 1
45 284 1
46 285 1
47 285 1
48 285 1
49 285 1
.PEN_UP
.PEN_DOWN
31 280 1
30 279 1
30 278 1
29 277 1
29 276 1
28 275 1
28 274 1
27 273 1
27 272 1
26 271 1
26 270 1
25 269 1
25 268 1
25 267 1
25 266 1
25 265 1
25 264 1
25 263 1
25 262 1
25 261 1
24 260 1
24 259 1
24 258 1
24 257 1
24 256 1
25 255 1
25 254 1
25 253 1
25 252 1
25 251 1
25 250 1
25 249 1
25 248 1
25 247 1
26 246 1
26 245 1
26 244 1
27 243 1
27 242 1
28 241 1
28 240 1
29 239 1
30 238 1
31 237 1
32 237 1
33 236 1
34 236 1
35 236 1
36 236 1
37 236 1
38 236 1
39 236 1
40 236 1
41 237 1
42 238 1
43 239 1
44 239 1
45 240 1
46 241 1
47 242 1
48 243 1
49 244 1
49 245 1
50 246 1
51 247 1
51 248 1
51 249 1
52 250 1
52 251 1
52 252 1
52 253 1
52 254 1
52 255 1
52 256 1
51 257 1
51 258 1
51 259 1
51 260 1
50 261 1
50 262 1
49 263 1
49 264 1
48 265 1
48 266 1
47 267 1
46 268 1
46 269 1
45 270 1
45 271 1
44 272 1
43 272 1
42 273 1
41 274 1
40 275 1
39 276 1
38 276 1
37 277 1
36 278 1
35 279 1
34 280 1
.PEN_UP
