.PEN_DOWN
26 3 1
26 2 1
27 1 1
28 1 1
29 1 1
.PEN_UP
.PEN_DOWN
27 26 1
28 25 1
29 24 1
30 23 1
31 22 1
32 21 1
33 20 1
34 20 1
35 19 1
36 18 1
37 17 1
38 16 1
39 15 1
40 14 1
41 13 1
42 12 1
43 11 1
44 10 1
45 10 1
46 9 1
47 8 1
48 7 1
49 6 1
50 5 1
51 4 1
52 4 1
53 3 1
54 2 1
.PEN_UP
.PEN_DOWN
6 78 1
6 77 1
7 76 1
7 75 1
7 74 1
7 73 1
7 72 1
7 71 1
8 70 1
8 69 1
8 68 1
8 67 1
9 66 1
9 65 1
9 64 1
9 63 1
9 62 1
9 61 1
10 60 1
10 59 1
10 58 1
10 57 1
10 56 1
10 55 1
10 54 1
11 53 1
11 52 1
11 51 1
12 50 1
12 49 1
13 48 1
14 47 1
15 46 1
16 45 1
17 44 1
18 43 1
19 42 1
20 42 1
21 42 1
22 42 1
23 42 1
24 42 1
25 43 1
26 44 1
26 45 1
26 46 1
27 47 1
27 48 1
27 49 1
27 50 1
27 51 1
27 52 1
27 53 1
27 54 1
27 55 1
27 56 1
27 57 1
26 58 1
26 59 1
26 60 1
25 61 1
25 62 1
25 63 1
24 64 1
24 65 1
24 66 1
23 67 1
23 68 1
22 69 1
22 70 1
22 71 1
21 72 1
21 73 1
21 74 1
20 75 1
20 76 1
20 77 1
20 78 1
20 79 1
20 80 1
19 82 1
18 83 1
17 84 1
16 85 1
15 86 1
14 87 1
13 88 1
12 89 1
12 90 1
11 91 1
10 92 1
9 93 1
8 94 1
7 95 1
7 96 1
6 97 1
5 98 1
4 99 1
4 100 1
3 101 1
2 102 1
1 103 1
1 104 1
.PEN_UP
