.PEN_DOWN
12 14 1
13 14 1
14 14 1
15 14 1
16 14 1
17 14 1
18 14 1
19 14 1
20 14 1
21 14 1
22 14 1
23 14 1
24 14 1
25 14 1
26 15 1
27 15 1
28 15 1
29 15 1
30 15 1
31 15 1
32 15 1
33 15 1
34 15 1
35 17 1
35 18 1
35 19 1
35 20 1
35 21 1
34 22 1
34 23 1
33 24 1
33 25 1
32 26 1
31 27 1
30 28 1
30 29 1
29 30 1
29 31 1
28 32 1
28 33 1
28 34 1
28 35 1
26 36 1
25 36 1
24 36 1
23 37 1
22 38 1
21 38 1
20 38 1
19 38 1
18 38 1
17 38 1
16 39 1
15 39 1
14 40 1
13 40 1
12 41 1
11 41 1
10 41 1
9 42 1
8 42 1
7 43 1
6 43 1
5 44 1
4 44 1
3 44 1
2 43 1
1 43 1
.PEN_UP
.PEN_DOWN
27 36 1
30 36 1
31 36 1
32 36 1
33 36 1
34 36 1
35 37 1
36 37 1
37 37 1
38 37 1
39 38 1
40 38 1
41 38 1
42 39 1
43 39 1
44 40 1
45 41 1
46 42 1
46 43 1
46 44 1
46 45 1
45 46 1
45 47 1
44 48 1
43 49 1
42 50 1
41 51 1
41 52 1
41 53 1
40 54 1
41 55 1
41 56 1
42 57 1
42 58 1
43 59 1
44 60 1
44 61 1
44 62 1
44 63 1
44 64 1
44 65 1
43 66 1
44 69 1
44 70 1
45 71 1
45 72 1
46 73 1
46 74 1
46 75 1
46 76 1
46 77 1
47 78 1
47 79 1
47 80 1
47 81 1
47 82 1
47 83 1
47 84 1
47 85 1
47 86 1
46 87 1
46 88 1
.PEN_UP
.PEN_DOWN
42 67 1
41 67 1
40 67 1
39 67 1
38 68 1
37 68 1
36 69 1
35 70 1
.PEN_UP
.PEN_DOWN
37 15 1
38 14 1
41 15 1
42 15 1
43 15 1
44 15 1
45 15 1
46 15 1
47 15 1
48 15 1
49 15 1
50 15 1
51 16 1
52 16 1
53 16 1
54 16 1
55 17 1
56 17 1
57 17 1
58 18 1
.PEN_UP
.PEN_DOWN
39 13 1
39 12 1
39 11 1
39 10 1
39 9 1
39 8 1
39 7 1
39 6 1
39 5 1
39 4 1
38 3 1
38 2 1
37 1 1
.PEN_UP
