.PEN_DOWN
32 26 1
31 25 1
30 24 1
29 23 1
29 22 1
29 21 1
28 20 1
29 19 1
29 18 1
29 17 1
29 16 1
30 15 1
31 14 1
32 13 1
33 12 1
34 11 1
35 11 1
36 11 1
37 11 1
38 11 1
39 11 1
40 11 1
41 11 1
42 11 1
43 11 1
44 11 1
45 11 1
46 12 1
47 12 1
48 12 1
49 12 1
50 13 1
51 13 1
52 13 1
53 13 1
54 14 1
55 14 1
56 14 1
57 13 1
58 13 1
59 13 1
60 13 1
61 12 1
62 11 1
62 10 1
63 9 1
63 8 1
63 7 1
63 6 1
63 5 1
62 4 1
62 3 1
62 2 1
62 1 1
.PEN_UP
.PEN_DOWN
30 87 1
31 87 1
32 87 1
33 86 1
34 86 1
35 86 1
36 86 1
39 85 1
40 85 1
41 84 1
42 83 1
43 83 1
44 82 1
45 81 1
46 81 1
47 80 1
48 80 1
49 80 1
50 80 1
51 79 1
52 79 1
53 79 1
54 78 1
55 78 1
56 78 1
57 77 1
58 77 1
59 77 1
60 77 1
.PEN_UP
.PEN_DOWN
37 86 1
37 88 1
37 89 1
36 90 1
36 91 1
36 92 1
36 93 1
36 94 1
35 95 1
35 96 1
35 97 1
35 98 1
35 99 1
35 100 1
36 101 1
36 103 1
35 104 1
35 105 1
35 106 1
34 107 1
34 108 1
34 109 1
33 110 1
32 111 1
32 112 1
31 113 1
30 114 1
30 115 1
30 116 1
30 117 1
29 118 1
29 119 1
29 120 1
29 121 1
29 122 1
30 123 1
31 122 1
32 122 1
33 122 1
34 122 1
35 122 1
36 122 1
37 121 1
38 121 1
39 121 1
40 120 1
41 120 1
42 120 1
43 119 1
44 119 1
45 119 1
46 119 1
47 118 1
48 117 1
49 117 1
.PEN_UP
.PEN_DOWN
37 101 1
38 101 1
39 100 1
40 100 1
41 100 1
42 99 1
43 99 1
44 99 1
45 99 1
46 98 1
47 98 1
48 98 1
49 98 1
50 98 1
51 97 1
52 97 1
53 97 1
.PEN_UP
.PEN_DOWN
52 128 1
52 129 1
52 130 1
52 131 1
52 132 1
52 133 1
50 134 1
49 134 1
48 134 1
47 135 1
46 136 1
45 136 1
44 137 1
43 138 1
42 139 1
41 140 1
40 141 1
39 142 1
38 143 1
37 144 1
36 145 1
35 146 1
34 147 1
33 148 1
.PEN_UP
.PEN_DOWN
51 134 1
54 134 1
55 134 1
56 135 1
57 135 1
58 136 1
59 137 1
60 138 1
60 139 1
61 140 1
.PEN_UP
.PEN_DOWN
35 178 1
36 177 1
37 177 1
38 177 1
39 176 1
40 176 1
41 176 1
42 175 1
43 175 1
44 175 1
45 175 1
46 174 1
47 174 1
48 174 1
49 174 1
50 174 1
51 174 1
52 174 1
53 174 1
54 175 1
55 174 1
56 174 1
57 173 1
.PEN_UP
.PEN_DOWN
53 176 1
53 177 1
52 178 1
52 179 1
52 180 1
51 181 1
50 182 1
49 183 1
48 184 1
47 185 1
46 185 1
45 186 1
45 187 1
44 188 1
44 189 1
44 190 1
43 191 1
41 193 1
40 193 1
39 193 1
38 194 1
37 194 1
36 195 1
.PEN_UP
.PEN_DOWN
42 192 1
44 193 1
45 193 1
46 193 1
47 193 1
48 193 1
49 193 1
50 194 1
51 194 1
52 194 1
53 193 1
54 193 1
55 192 1
56 192 1
57 192 1
58 191 1
59 191 1
60 191 1
61 190 1
62 190 1
63 189 1
64 189 1
65 188 1
66 187 1
.PEN_UP
.PEN_DOWN
49 195 1
49 196 1
48 197 1
48 198 1
47 199 1
47 200 1
46 201 1
45 201 1
44 202 1
43 203 1
42 204 1
41 204 1
40 205 1
39 206 1
38 207 1
37 208 1
36 209 1
35 210 1
34 211 1
34 212 1
34 213 1
34 214 1
.PEN_UP
.PEN_DOWN
60 224 1
60 223 1
59 222 1
58 222 1
57 222 1
56 222 1
55 222 1
54 222 1
53 222 1
52 222 1
51 222 1
50 222 1
49 223 1
48 223 1
47 224 1
46 224 1
45 225 1
44 226 1
43 226 1
42 226 1
41 227 1
40 226 1
39 226 1
38 226 1
37 226 1
36 227 1
35 227 1
34 227 1
33 227 1
32 227 1
31 227 1
30 227 1
29 227 1
28 228 1
27 228 1
26 229 1
25 229 1
24 229 1
23 230 1
22 230 1
21 231 1
20 231 1
19 231 1
18 232 1
17 232 1
16 232 1
15 232 1
14 233 1
13 233 1
12 233 1
11 234 1
10 234 1
9 235 1
8 235 1
7 235 1
6 236 1
5 236 1
4 237 1
3 237 1
2 238 1
1 238 1
.PEN_UP
.PEN_DOWN
40 228 1
40 229 1
39 230 1
39 231 1
39 232 1
38 233 1
38 234 1
37 235 1
36 236 1
35 237 1
35 238 1
34 239 1
33 240 1
33 241 1
33 242 1
32 243 1
32 244 1
32 245 1
33 246 1
34 247 1
35 247 1
36 246 1
37 246 1
38 246 1
39 246 1
40 246 1
41 246 1
42 246 1
43 245 1
44 245 1
45 245 1
46 245 1
47 244 1
48 244 1
49 243 1
50 243 1
51 242 1
52 242 1
53 242 1
54 242 1
.PEN_UP
.PEN_DOWN
40 272 1
39 272 1
38 271 1
37 270 1
37 269 1
37 268 1
37 267 1
37 266 1
37 265 1
38 264 1
38 263 1
39 262 1
40 261 1
41 260 1
42 259 1
43 258 1
44 258 1
45 257 1
46 256 1
47 256 1
48 255 1
49 255 1
50 255 1
51 254 1
52 254 1
53 254 1
54 254 1
55 253 1
56 253 1
57 253 1
58 254 1
59 254 1
60 254 1
61 254 1
62 255 1
63 255 1
64 256 1
64 257 1
64 258 1
64 259 1
64 260 1
64 261 1
63 262 1
63 263 1
62 264 1
61 265 1
60 266 1
59 267 1
58 268 1
57 269 1
56 270 1
56 271 1
55 272 1
55 273 1
55 274 1
54 275 1
53 276 1
52 276 1
51 277 1
50 277 1
49 277 1
48 278 1
47 279 1
46 279 1
45 280 1
44 281 1
43 281 1
42 282 1
41 283 1
40 283 1
39 284 1
38 285 1
37 285 1
36 286 1
35 286 1
.PEN_UP
.PEN_DOWN
55 276 1
56 276 1
57 276 1
58 276 1
59 276 1
60 276 1
.PEN_UP
.PEN_DOWN
58 306 1
58 305 1
59 304 1
60 303 1
60 302 1
61 301 1
61 300 1
61 299 1
60 298 1
59 297 1
58 297 1
57 298 1
56 298 1
55 298 1
54 298 1
53 298 1
52 298 1
51 298 1
50 298 1
49 299 1
48 299 1
47 299 1
46 300 1
45 300 1
44 301 1
43 301 1
42 302 1
41 302 1
40 303 1
39 303 1
38 304 1
37 304 1
36 305 1
35 305 1
34 306 1
33 306 1
32 306 1
31 307 1
30 308 1
30 309 1
30 310 1
28 312 1
27 312 1
26 312 1
25 313 1
24 313 1
23 314 1
22 314 1
21 315 1
20 316 1
19 317 1
18 318 1
17 319 1
16 320 1
15 321 1
14 322 1
13 323 1
12 324 1
11 325 1
10 326 1
10 327 1
.PEN_UP
.PEN_DOWN
29 311 1
31 312 1
31 313 1
31 314 1
32 315 1
32 316 1
32 317 1
32 318 1
33 319 1
33 320 1
33 321 1
.PEN_UP
