.PEN_DOWN
1 2 1
2 2 1
3 3 1
4 2 1
5 2 1
6 2 1
7 1 1
8 1 1
9 1 1
10 1 1
11 1 1
12 1 1
13 1 1
14 1 1
15 1 1
16 1 1
17 1 1
18 1 1
19 1 1
20 2 1
21 2 1
22 2 1
23 2 1
24 2 1
25 3 1
26 3 1
27 3 1
28 4 1
29 4 1
30 4 1
31 5 1
32 5 1
33 6 1
34 6 1
35 7 1
36 8 1
37 9 1
38 10 1
39 11 1
40 12 1
41 13 1
41 14 1
41 15 1
41 16 1
41 17 1
41 18 1
41 19 1
41 20 1
41 21 1
40 22 1
40 23 1
39 24 1
38 25 1
37 25 1
36 25 1
35 26 1
34 26 1
33 26 1
32 27 1
31 27 1
30 27 1
29 28 1
28 28 1
27 28 1
26 28 1
25 28 1
24 28 1
23 28 1
22 28 1
21 28 1
20 28 1
19 28 1
18 28 1
17 29 1
14 30 1
13 30 1
12 30 1
11 30 1
10 29 1
9 29 1
8 29 1
7 29 1
6 28 1
5 28 1
4 27 1
3 27 1
2 27 1
1 27 1
.PEN_UP
.PEN_DOWN
16 29 1
16 32 1
17 33 1
17 34 1
18 35 1
19 36 1
20 37 1
21 38 1
22 39 1
23 40 1
24 41 1
25 42 1
26 43 1
27 43 1
28 44 1
29 45 1
30 46 1
31 46 1
32 47 1
33 48 1
34 49 1
35 50 1
36 50 1
37 51 1
38 52 1
.PEN_UP
