.PEN_DOWN
34 11 1
35 10 1
36 9 1
37 8 1
38 7 1
39 6 1
40 5 1
41 4 1
42 3 1
43 3 1
44 2 1
45 1 1
46 1 1
47 1 1
48 1 1
49 1 1
50 2 1
50 3 1
49 4 1
49 5 1
49 6 1
49 7 1
48 8 1
48 9 1
48 10 1
48 11 1
47 12 1
47 13 1
48 14 1
49 15 1
50 16 1
51 16 1
52 16 1
53 17 1
54 18 1
53 19 1
53 20 1
53 21 1
52 22 1
51 23 1
50 24 1
49 24 1
48 25 1
47 26 1
46 26 1
45 27 1
44 27 1
43 27 1
42 28 1
42 30 1
42 31 1
42 32 1
42 33 1
42 34 1
42 35 1
42 36 1
43 37 1
42 40 1
42 41 1
42 42 1
41 43 1
41 44 1
40 45 1
40 46 1
40 47 1
39 48 1
39 49 1
39 50 1
39 51 1
40 52 1
43 50 1
44 50 1
45 50 1
46 49 1
47 48 1
48 47 1
49 46 1
49 45 1
50 44 1
51 43 1
51 42 1
51 41 1
51 40 1
51 39 1
51 38 1
50 37 1
49 37 1
48 37 1
47 37 1
46 37 1
45 37 1
44 38 1
.PEN_UP
.PEN_DOWN
41 51 1
42 53 1
42 54 1
42 55 1
43 56 1
43 57 1
43 58 1
43 59 1
44 60 1
44 61 1
44 62 1
44 63 1
45 64 1
44 66 1
43 66 1
42 66 1
41 67 1
40 67 1
39 68 1
38 68 1
37 69 1
36 70 1
35 71 1
34 72 1
33 73 1
32 74 1
31 75 1
30 76 1
30 77 1
30 78 1
29 79 1
29 80 1
29 81 1
30 82 1
30 83 1
30 84 1
30 85 1
30 86 1
30 87 1
29 88 1
29 89 1
29 90 1
28 91 1
28 92 1
28 93 1
27 96 1
26 97 1
26 98 1
25 99 1
24 99 1
23 100 1
22 101 1
21 101 1
20 102 1
19 103 1
18 104 1
16 105 1
15 105 1
14 105 1
13 106 1
12 106 1
11 107 1
10 107 1
9 108 1
8 108 1
7 109 1
6 110 1
5 111 1
4 112 1
3 112 1
2 113 1
1 114 1
1 115 1
.PEN_UP
.PEN_DOWN
17 105 1
18 107 1
18 108 1
18 109 1
17 110 1
17 111 1
16 112 1
15 113 1
14 114 1
14 115 1
13 116 1
12 117 1
11 118 1
10 119 1
9 120 1
8 120 1
7 121 1
6 121 1
5 121 1
4 122 1
3 122 1
2 122 1
1 121 1
.PEN_UP
.PEN_DOWN
28 94 1
30 94 1
31 94 1
32 94 1
33 94 1
34 94 1
35 94 1
36 93 1
37 93 1
38 93 1
39 93 1
40 93 1
43 96 1
44 96 1
45 96 1
46 96 1
47 96 1
48 97 1
49 97 1
50 98 1
50 99 1
50 100 1
50 101 1
50 102 1
49 103 1
49 104 1
49 105 1
48 106 1
48 107 1
47 108 1
47 109 1
46 110 1
46 111 1
45 112 1
45 113 1
44 114 1
43 115 1
43 116 1
42 117 1
42 118 1
41 119 1
41 120 1
40 121 1
40 122 1
40 123 1
39 124 1
39 125 1
39 126 1
39 127 1
39 128 1
39 129 1
40 130 1
41 131 1
42 132 1
43 132 1
44 132 1
45 131 1
46 131 1
47 130 1
48 129 1
49 129 1
50 128 1
51 127 1
51 126 1
52 125 1
52 124 1
51 123 1
51 122 1
52 121 1
.PEN_UP
.PEN_DOWN
41 93 1
42 92 1
43 91 1
43 90 1
44 89 1
45 88 1
46 88 1
47 87 1
48 86 1
49 85 1
50 85 1
51 84 1
.PEN_UP
.PEN_DOWN
41 94 1
40 97 1
40 98 1
40 99 1
40 100 1
39 101 1
39 102 1
38 103 1
38 104 1
37 105 1
36 106 1
.PEN_UP
