.PEN_DOWN
8 15 1
9 15 1
10 15 1
11 15 1
12 15 1
13 15 1
14 15 1
15 16 1
16 16 1
17 16 1
18 16 1
19 16 1
20 16 1
21 17 1
22 17 1
23 17 1
24 15 1
24 14 1
24 13 1
24 12 1
24 11 1
24 10 1
24 9 1
24 8 1
24 7 1
24 6 1
23 5 1
23 4 1
23 3 1
23 2 1
24 1 1
.PEN_UP
.PEN_DOWN
24 19 1
25 20 1
27 21 1
28 21 1
29 21 1
30 21 1
31 21 1
32 21 1
33 22 1
34 22 1
35 23 1
36 23 1
37 23 1
38 24 1
39 24 1
40 24 1
41 24 1
42 25 1
43 25 1
44 26 1
45 26 1
46 26 1
47 27 1
48 27 1
49 28 1
50 28 1
51 29 1
52 29 1
53 30 1
54 30 1
55 30 1
56 31 1
57 31 1
58 32 1
59 32 1
60 32 1
.PEN_UP
.PEN_DOWN
25 21 1
24 23 1
24 24 1
24 25 1
24 26 1
24 27 1
24 28 1
24 29 1
24 30 1
24 31 1
24 32 1
24 33 1
24 34 1
24 35 1
23 36 1
21 36 1
20 36 1
19 36 1
18 36 1
17 35 1
16 34 1
15 34 1
14 34 1
13 33 1
12 33 1
11 32 1
10 32 1
9 32 1
8 31 1
7 30 1
6 30 1
5 30 1
4 30 1
3 30 1
2 31 1
1 32 1
1 33 1
.PEN_UP
.PEN_DOWN
22 36 1
24 38 1
25 38 1
26 39 1
27 39 1
28 39 1
29 40 1
30 40 1
31 41 1
32 41 1
33 41 1
34 42 1
35 42 1
36 42 1
37 43 1
38 43 1
39 44 1
40 44 1
41 45 1
42 46 1
43 47 1
43 48 1
45 49 1
46 49 1
47 49 1
48 49 1
49 50 1
50 50 1
51 50 1
52 51 1
53 51 1
54 51 1
55 52 1
56 52 1
57 52 1
.PEN_UP
.PEN_DOWN
43 49 1
42 50 1
41 51 1
40 51 1
39 51 1
38 51 1
37 51 1
36 52 1
35 52 1
34 52 1
33 52 1
32 52 1
31 52 1
30 53 1
29 53 1
28 54 1
27 55 1
26 56 1
25 57 1
25 58 1
25 59 1
25 60 1
25 61 1
25 62 1
25 63 1
25 64 1
25 65 1
25 66 1
25 67 1
26 68 1
26 69 1
27 70 1
28 71 1
29 72 1
30 73 1
31 74 1
32 74 1
33 75 1
34 75 1
35 76 1
36 76 1
37 76 1
38 77 1
39 77 1
40 77 1
41 77 1
42 78 1
43 78 1
44 78 1
45 78 1
46 78 1
47 79 1
48 79 1
49 80 1
50 80 1
51 81 1
52 82 1
53 83 1
54 84 1
55 85 1
56 86 1
56 87 1
56 88 1
56 89 1
56 90 1
56 91 1
56 92 1
56 93 1
55 94 1
55 95 1
55 96 1
55 97 1
54 98 1
54 99 1
53 100 1
52 101 1
51 101 1
50 102 1
47 101 1
47 100 1
46 99 1
45 98 1
44 97 1
43 96 1
42 95 1
41 94 1
40 93 1
39 92 1
38 92 1
37 91 1
36 91 1
35 91 1
34 91 1
33 92 1
32 92 1
31 92 1
30 92 1
29 92 1
28 93 1
27 94 1
27 95 1
26 96 1
25 97 1
25 98 1
24 99 1
24 100 1
24 101 1
24 102 1
25 103 1
26 104 1
27 105 1
28 105 1
29 106 1
30 106 1
31 107 1
32 107 1
33 108 1
34 108 1
35 108 1
36 109 1
37 109 1
38 109 1
39 109 1
40 109 1
41 109 1
42 109 1
43 109 1
44 108 1
45 108 1
46 108 1
47 107 1
48 106 1
50 107 1
50 108 1
51 109 1
51 110 1
52 111 1
52 112 1
52 113 1
53 114 1
53 115 1
53 116 1
54 117 1
54 118 1
54 119 1
54 120 1
54 121 1
54 122 1
54 123 1
54 124 1
54 125 1
54 126 1
54 127 1
54 128 1
54 129 1
54 130 1
54 131 1
54 132 1
54 133 1
54 134 1
54 135 1
54 136 1
54 137 1
54 138 1
54 139 1
54 140 1
53 141 1
.PEN_UP
