.PEN_DOWN
1 14 1
2 13 1
3 13 1
4 12 1
5 12 1
6 12 1
7 12 1
8 12 1
9 12 1
10 11 1
11 11 1
12 11 1
13 11 1
14 10 1
15 10 1
16 10 1
17 9 1
18 9 1
19 9 1
20 8 1
21 8 1
22 8 1
23 7 1
24 7 1
25 7 1
26 6 1
27 6 1
28 6 1
29 5 1
30 5 1
31 4 1
32 4 1
33 4 1
34 3 1
35 3 1
36 3 1
37 2 1
38 2 1
39 2 1
40 2 1
41 2 1
42 2 1
43 1 1
44 1 1
45 1 1
46 1 1
47 1 1
48 2 1
49 3 1
48 4 1
48 5 1
48 6 1
48 7 1
48 8 1
48 9 1
48 10 1
47 11 1
47 12 1
46 13 1
46 14 1
46 15 1
45 16 1
45 17 1
44 18 1
44 19 1
43 20 1
43 21 1
42 22 1
42 23 1
42 24 1
41 25 1
41 26 1
40 27 1
40 28 1
39 29 1
39 30 1
38 31 1
38 32 1
38 33 1
38 34 1
37 35 1
38 36 1
39 37 1
40 38 1
41 38 1
42 38 1
43 38 1
44 38 1
45 38 1
46 37 1
47 37 1
48 37 1
49 37 1
50 37 1
51 37 1
52 37 1
53 36 1
54 36 1
55 36 1
56 36 1
57 36 1
58 36 1
59 37 1
60 38 1
60 39 1
60 40 1
.PEN_UP
.PEN_DOWN
40 90 1
41 90 1
42 89 1
43 89 1
44 89 1
45 88 1
46 88 1
47 88 1
48 88 1
49 87 1
50 87 1
51 87 1
52 87 1
53 87 1
54 87 1
55 87 1
56 88 1
57 89 1
58 90 1
57 91 1
57 92 1
57 93 1
57 94 1
56 95 1
56 96 1
55 97 1
55 98 1
54 99 1
53 100 1
52 101 1
51 102 1
50 103 1
50 104 1
50 105 1
49 106 1
49 107 1
51 108 1
52 108 1
53 109 1
54 109 1
55 109 1
56 110 1
57 111 1
57 112 1
58 113 1
57 114 1
57 115 1
57 116 1
57 117 1
56 118 1
56 119 1
55 120 1
54 121 1
54 122 1
53 123 1
52 124 1
51 125 1
51 126 1
50 127 1
49 128 1
48 129 1
47 130 1
46 131 1
46 132 1
45 133 1
44 134 1
43 135 1
.PEN_UP
