.PEN_DOWN
1 29 1
2 30 1
2 31 1
2 32 1
3 33 1
3 34 1
3 35 1
4 36 1
4 37 1
.PEN_UP
.PEN_DOWN
32 21 1
33 21 1
34 20 1
35 20 1
36 19 1
37 19 1
38 18 1
39 18 1
40 18 1
41 17 1
42 16 1
43 16 1
44 15 1
45 15 1
46 14 1
47 13 1
48 13 1
49 12 1
50 11 1
51 11 1
52 10 1
53 9 1
54 9 1
55 8 1
56 8 1
57 7 1
58 6 1
59 6 1
60 5 1
61 4 1
62 3 1
63 3 1
64 3 1
65 2 1
66 1 1
67 2 1
68 2 1
.PEN_UP
.PEN_DOWN
32 42 1
33 41 1
34 41 1
35 40 1
36 40 1
37 39 1
38 39 1
39 38 1
40 38 1
41 38 1
42 37 1
43 36 1
44 36 1
45 35 1
46 35 1
47 34 1
48 34 1
49 34 1
51 32 1
52 31 1
53 30 1
54 30 1
55 29 1
.PEN_UP
.PEN_DOWN
50 33 1
50 36 1
50 37 1
49 38 1
49 39 1
49 40 1
48 41 1
47 42 1
46 43 1
46 44 1
45 45 1
44 46 1
44 47 1
43 48 1
42 49 1
41 50 1
41 51 1
40 52 1
40 53 1
40 54 1
40 55 1
39 56 1
39 57 1
40 58 1
41 57 1
42 57 1
43 57 1
44 57 1
45 57 1
46 56 1
47 56 1
48 55 1
49 55 1
50 54 1
51 54 1
52 53 1
53 53 1
54 53 1
55 53 1
56 53 1
57 54 1
58 55 1
59 56 1
60 57 1
60 58 1
61 59 1
61 60 1
61 61 1
62 62 1
62 63 1
62 64 1
62 65 1
62 66 1
62 67 1
62 68 1
61 69 1
61 70 1
61 71 1
61 72 1
61 73 1
61 74 1
61 75 1
61 76 1
60 77 1
60 78 1
60 79 1
60 80 1
60 81 1
60 82 1
60 83 1
60 84 1
59 85 1
59 86 1
59 87 1
59 88 1
58 89 1
58 90 1
58 91 1
58 92 1
57 93 1
.PEN_UP
