.PEN_DOWN
82 1 1
82 2 1
81 3 1
81 4 1
80 5 1
79 6 1
79 7 1
78 8 1
77 9 1
77 10 1
76 11 1
76 12 1
76 13 1
75 14 1
74 15 1
74 16 1
74 17 1
74 18 1
74 19 1
74 20 1
74 21 1
74 22 1
74 23 1
74 24 1
74 27 1
74 28 1
74 29 1
74 30 1
73 31 1
73 32 1
73 33 1
72 34 1
72 35 1
71 36 1
71 37 1
70 38 1
70 39 1
69 40 1
69 41 1
68 42 1
67 43 1
67 44 1
67 45 1
67 46 1
66 47 1
66 48 1
66 49 1
65 51 1
64 52 1
63 53 1
63 54 1
62 55 1
61 56 1
61 57 1
60 58 1
59 59 1
58 60 1
58 61 1
57 62 1
56 63 1
55 64 1
.PEN_UP
.PEN_DOWN
66 50 1
68 50 1
69 50 1
70 50 1
71 50 1
72 50 1
73 51 1
74 52 1
74 53 1
74 54 1
74 55 1
73 56 1
73 57 1
73 58 1
73 59 1
72 60 1
72 61 1
72 62 1
71 63 1
71 64 1
70 65 1
70 66 1
69 67 1
69 68 1
68 69 1
68 70 1
68 71 1
68 72 1
68 73 1
68 74 1
68 75 1
68 76 1
67 77 1
66 78 1
65 78 1
64 79 1
63 79 1
62 80 1
61 81 1
60 82 1
59 83 1
.PEN_UP
.PEN_DOWN
68 78 1
68 79 1
68 80 1
68 81 1
67 82 1
67 83 1
67 84 1
67 85 1
66 86 1
66 87 1
66 88 1
65 89 1
65 90 1
64 91 1
63 92 1
63 93 1
62 94 1
62 95 1
61 96 1
61 97 1
60 98 1
60 99 1
59 100 1
59 101 1
58 102 1
58 103 1
58 104 1
58 105 1
58 106 1
57 108 1
57 109 1
56 110 1
.PEN_UP
.PEN_DOWN
58 107 1
60 106 1
61 106 1
62 106 1
63 106 1
64 105 1
65 105 1
66 104 1
67 104 1
68 103 1
69 103 1
70 102 1
70 101 1
.PEN_UP
.PEN_DOWN
73 25 1
72 25 1
71 25 1
70 26 1
69 26 1
68 26 1
67 26 1
66 27 1
65 28 1
64 29 1
63 30 1
62 31 1
61 32 1
60 33 1
58 34 1
57 34 1
56 34 1
55 35 1
54 35 1
53 36 1
52 37 1
51 38 1
50 38 1
49 39 1
48 40 1
47 41 1
46 42 1
45 42 1
44 43 1
43 44 1
42 45 1
41 46 1
40 47 1
39 48 1
38 48 1
37 49 1
36 50 1
35 51 1
34 52 1
33 53 1
32 54 1
31 55 1
30 56 1
29 56 1
28 57 1
27 58 1
26 59 1
25 60 1
24 61 1
23 62 1
22 62 1
21 63 1
20 64 1
19 65 1
18 66 1
17 67 1
16 68 1
15 69 1
14 70 1
13 71 1
12 72 1
11 73 1
10 74 1
9 74 1
8 75 1
7 76 1
6 77 1
5 78 1
4 79 1
3 80 1
2 81 1
2 82 1
1 83 1
1 84 1
1 85 1
1 86 1
2 87 1
3 88 1
4 88 1
5 88 1
6 88 1
7 88 1
8 87 1
9 87 1
10 86 1
11 86 1
12 85 1
13 85 1
14 84 1
15 83 1
16 82 1
17 82 1
18 81 1
19 80 1
20 80 1
21 79 1
22 78 1
23 77 1
24 77 1
25 76 1
26 75 1
27 74 1
28 73 1
29 73 1
30 72 1
31 71 1
32 70 1
33 69 1
34 69 1
35 68 1
36 67 1
37 66 1
38 65 1
39 64 1
40 63 1
41 62 1
42 61 1
43 60 1
44 59 1
45 58 1
45 57 1
46 56 1
47 55 1
48 54 1
49 53 1
50 52 1
50 51 1
51 50 1
52 49 1
53 48 1
54 47 1
54 46 1
55 45 1
56 44 1
56 43 1
57 42 1
58 41 1
58 40 1
58 39 1
59 38 1
59 37 1
59 36 1
60 35 1
.PEN_UP
