.PEN_DOWN
28 7 1
29 7 1
30 6 1
31 5 1
32 4 1
33 4 1
34 3 1
35 3 1
36 2 1
37 2 1
38 2 1
39 2 1
40 2 1
41 1 1
42 1 1
43 1 1
44 1 1
45 1 1
46 1 1
47 1 1
48 1 1
49 1 1
50 2 1
51 3 1
51 4 1
51 5 1
51 6 1
50 7 1
50 8 1
50 9 1
49 10 1
48 11 1
47 12 1
47 13 1
46 14 1
45 15 1
44 15 1
43 16 1
42 17 1
41 18 1
40 18 1
39 19 1
38 19 1
37 20 1
36 20 1
35 21 1
34 22 1
34 23 1
33 24 1
31 24 1
30 25 1
29 25 1
28 25 1
27 25 1
26 26 1
.PEN_UP
.PEN_DOWN
32 24 1
34 26 1
35 26 1
36 26 1
37 26 1
38 26 1
39 26 1
40 27 1
41 27 1
42 28 1
43 28 1
44 28 1
45 28 1
46 29 1
47 30 1
48 31 1
48 32 1
48 33 1
49 34 1
48 35 1
48 36 1
48 37 1
47 38 1
46 39 1
45 40 1
44 41 1
43 41 1
42 42 1
41 42 1
40 43 1
39 43 1
38 43 1
37 43 1
36 43 1
35 44 1
34 44 1
33 44 1
32 44 1
31 44 1
30 44 1
29 44 1
28 44 1
27 45 1
26 46 1
26 47 1
26 48 1
27 49 1
27 50 1
27 51 1
27 52 1
27 53 1
28 54 1
28 55 1
28 56 1
28 57 1
28 58 1
30 59 1
31 59 1
32 59 1
33 58 1
34 58 1
35 58 1
36 58 1
37 58 1
38 58 1
39 58 1
40 58 1
41 58 1
42 58 1
43 58 1
44 59 1
45 60 1
46 61 1
46 62 1
46 63 1
46 64 1
46 65 1
46 66 1
46 67 1
46 68 1
45 69 1
45 70 1
45 71 1
44 72 1
44 73 1
43 74 1
42 75 1
41 76 1
40 77 1
40 78 1
39 79 1
39 80 1
39 81 1
38 82 1
38 83 1
38 84 1
34 87 1
33 88 1
32 88 1
31 88 1
30 89 1
29 89 1
28 89 1
27 90 1
26 90 1
25 90 1
24 91 1
23 92 1
22 92 1
21 92 1
20 93 1
19 94 1
18 94 1
17 95 1
16 96 1
15 96 1
14 97 1
13 97 1
12 98 1
11 98 1
.PEN_UP
.PEN_DOWN
37 85 1
37 89 1
37 90 1
38 91 1
38 92 1
38 93 1
39 94 1
39 95 1
40 96 1
40 97 1
39 98 1
39 99 1
39 100 1
39 101 1
38 102 1
38 103 1
37 104 1
37 105 1
36 106 1
35 107 1
35 108 1
34 109 1
34 110 1
34 111 1
33 112 1
32 114 1
31 114 1
30 115 1
29 115 1
28 116 1
27 117 1
26 118 1
25 118 1
24 119 1
23 120 1
22 120 1
21 121 1
20 121 1
19 122 1
18 123 1
17 124 1
16 125 1
15 125 1
14 126 1
13 127 1
12 127 1
11 128 1
10 128 1
9 129 1
8 130 1
.PEN_UP
.PEN_DOWN
33 113 1
35 113 1
36 113 1
37 113 1
38 113 1
39 113 1
40 113 1
41 112 1
42 112 1
43 112 1
44 112 1
45 112 1
46 112 1
47 112 1
48 112 1
49 113 1
49 114 1
49 115 1
48 116 1
48 117 1
48 118 1
47 119 1
46 120 1
46 121 1
45 122 1
44 123 1
43 124 1
42 125 1
41 126 1
40 127 1
40 128 1
39 129 1
39 130 1
39 131 1
38 132 1
38 133 1
36 135 1
35 135 1
34 136 1
33 136 1
32 137 1
31 137 1
30 138 1
.PEN_UP
.PEN_DOWN
37 134 1
40 134 1
41 135 1
42 135 1
43 135 1
44 135 1
45 135 1
46 136 1
47 137 1
48 138 1
49 139 1
49 140 1
49 141 1
49 142 1
49 143 1
49 144 1
48 145 1
48 146 1
47 147 1
46 148 1
46 149 1
45 150 1
.PEN_UP
.PEN_DOWN
38 85 1
40 84 1
41 84 1
42 84 1
43 84 1
44 84 1
45 83 1
46 83 1
47 82 1
48 82 1
49 82 1
50 82 1
.PEN_UP
.PEN_DOWN
28 59 1
27 60 1
26 60 1
25 61 1
24 62 1
23 62 1
22 63 1
21 64 1
.PEN_UP
