.PEN_DOWN
30 24 1
31 23 1
32 23 1
33 23 1
34 23 1
35 22 1
36 22 1
37 22 1
38 22 1
41 20 1
41 19 1
42 18 1
44 17 1
45 17 1
46 17 1
47 17 1
48 17 1
49 17 1
50 16 1
51 16 1
52 16 1
53 16 1
54 15 1
55 15 1
56 15 1
57 15 1
58 15 1
59 17 1
58 18 1
58 19 1
58 20 1
.PEN_UP
.PEN_DOWN
42 17 1
42 15 1
42 14 1
43 13 1
43 12 1
43 11 1
43 10 1
43 9 1
43 8 1
43 7 1
43 6 1
43 5 1
43 4 1
43 3 1
44 2 1
44 1 1
.PEN_UP
.PEN_DOWN
39 21 1
39 24 1
38 25 1
38 26 1
38 27 1
38 28 1
38 29 1
38 30 1
37 31 1
.PEN_UP
.PEN_DOWN
1 56 1
2 55 1
3 55 1
4 55 1
5 54 1
6 54 1
7 54 1
8 53 1
9 53 1
10 53 1
11 53 1
12 52 1
13 52 1
14 52 1
15 51 1
16 51 1
17 50 1
18 50 1
19 50 1
20 50 1
21 49 1
22 49 1
23 49 1
24 49 1
25 48 1
26 48 1
27 47 1
28 47 1
29 47 1
30 46 1
31 46 1
32 46 1
33 45 1
34 45 1
35 45 1
36 44 1
37 44 1
38 43 1
39 43 1
40 43 1
41 42 1
42 42 1
43 41 1
44 41 1
45 41 1
46 40 1
47 40 1
48 40 1
49 40 1
50 40 1
51 40 1
52 40 1
53 40 1
54 40 1
55 41 1
55 42 1
55 43 1
54 44 1
54 45 1
54 46 1
53 47 1
52 48 1
51 49 1
51 50 1
50 51 1
50 52 1
49 53 1
49 54 1
49 55 1
48 56 1
49 57 1
50 57 1
51 58 1
52 59 1
53 60 1
54 61 1
54 62 1
55 63 1
55 64 1
56 65 1
56 66 1
56 67 1
56 68 1
56 69 1
56 70 1
56 71 1
56 72 1
56 73 1
58 74 1
59 75 1
60 75 1
61 75 1
62 76 1
63 77 1
63 78 1
64 79 1
64 80 1
64 81 1
65 82 1
65 83 1
65 84 1
65 85 1
65 86 1
65 87 1
65 88 1
64 89 1
64 90 1
64 91 1
64 92 1
64 93 1
63 94 1
63 95 1
63 96 1
.PEN_UP
.PEN_DOWN
55 74 1
53 74 1
52 75 1
51 75 1
50 75 1
49 75 1
48 75 1
47 76 1
46 77 1
45 77 1
44 78 1
43 79 1
42 80 1
41 81 1
40 82 1
39 83 1
38 84 1
38 85 1
38 86 1
38 87 1
38 88 1
38 89 1
39 90 1
40 91 1
41 91 1
42 91 1
43 91 1
44 91 1
45 91 1
46 91 1
47 90 1
48 89 1
49 88 1
50 87 1
50 86 1
51 85 1
51 84 1
52 83 1
53 82 1
53 81 1
53 80 1
54 79 1
54 78 1
54 77 1
54 76 1
55 75 1
.PEN_UP
