.PEN_DOWN
1 2 1
2 1 1
3 1 1
4 1 1
5 1 1
6 1 1
7 1 1
8 1 1
9 1 1
10 2 1
11 2 1
12 2 1
13 2 1
14 2 1
15 2 1
16 2 1
17 2 1
18 2 1
19 1 1
20 1 1
21 1 1
22 1 1
23 1 1
24 1 1
25 1 1
26 1 1
27 1 1
28 1 1
29 1 1
30 1 1
31 1 1
32 1 1
33 1 1
34 1 1
35 1 1
36 1 1
37 1 1
38 1 1
39 1 1
40 1 1
41 2 1
42 2 1
43 2 1
44 2 1
45 2 1
46 2 1
47 2 1
48 2 1
49 3 1
50 3 1
51 3 1
52 3 1
53 4 1
54 5 1
55 6 1
56 7 1
56 8 1
57 9 1
57 10 1
57 11 1
56 12 1
56 13 1
56 14 1
56 15 1
55 16 1
53 17 1
52 17 1
51 17 1
50 17 1
49 17 1
48 18 1
47 18 1
46 19 1
45 19 1
44 20 1
43 21 1
42 21 1
41 22 1
40 23 1
40 24 1
39 25 1
39 26 1
39 27 1
39 28 1
40 29 1
41 30 1
42 31 1
43 32 1
44 32 1
45 32 1
46 32 1
47 32 1
48 32 1
49 32 1
50 32 1
51 32 1
52 32 1
53 32 1
55 33 1
56 33 1
57 34 1
58 35 1
58 36 1
59 37 1
59 38 1
59 39 1
59 40 1
59 41 1
58 42 1
58 43 1
57 44 1
56 45 1
56 46 1
55 47 1
54 47 1
53 48 1
52 49 1
51 49 1
50 50 1
49 50 1
48 51 1
47 52 1
47 53 1
46 54 1
45 55 1
45 56 1
44 57 1
42 57 1
41 57 1
40 57 1
39 57 1
38 57 1
37 57 1
36 56 1
35 56 1
34 56 1
33 56 1
32 56 1
31 56 1
30 56 1
29 56 1
28 56 1
27 56 1
26 56 1
25 55 1
24 55 1
23 55 1
22 55 1
21 55 1
20 55 1
19 55 1
18 55 1
17 55 1
16 55 1
15 56 1
14 56 1
13 56 1
12 56 1
11 56 1
10 56 1
9 57 1
.PEN_UP
.PEN_DOWN
43 57 1
46 60 1
47 60 1
48 60 1
49 60 1
50 60 1
51 60 1
52 60 1
53 60 1
54 60 1
55 61 1
56 61 1
57 62 1
58 62 1
59 63 1
60 63 1
.PEN_UP
.PEN_DOWN
44 58 1
43 60 1
42 61 1
42 62 1
42 63 1
42 64 1
43 65 1
43 66 1
42 67 1
42 68 1
42 69 1
42 70 1
42 71 1
42 72 1
42 73 1
42 74 1
42 75 1
42 76 1
41 78 1
40 79 1
39 80 1
39 81 1
39 82 1
39 83 1
40 84 1
40 85 1
.PEN_UP
.PEN_DOWN
42 77 1
44 77 1
45 78 1
46 78 1
47 78 1
48 78 1
49 79 1
50 80 1
51 81 1
52 81 1
53 82 1
54 83 1
55 84 1
55 85 1
56 86 1
56 87 1
57 88 1
57 89 1
58 90 1
58 91 1
58 92 1
58 93 1
.PEN_UP
.PEN_DOWN
54 31 1
54 30 1
55 29 1
55 28 1
56 27 1
56 26 1
56 25 1
56 24 1
57 23 1
57 22 1
56 21 1
56 20 1
55 19 1
55 18 1
.PEN_UP
