.PEN_DOWN
61 1 1
61 2 1
60 3 1
59 3 1
58 4 1
57 4 1
56 5 1
55 5 1
54 6 1
53 6 1
52 7 1
51 7 1
50 8 1
49 9 1
48 10 1
47 11 1
46 12 1
45 13 1
45 14 1
45 15 1
45 16 1
44 17 1
44 18 1
43 19 1
43 20 1
43 21 1
42 22 1
42 23 1
41 24 1
41 25 1
40 26 1
40 27 1
40 28 1
40 29 1
40 30 1
40 31 1
40 32 1
40 33 1
40 34 1
41 35 1
42 36 1
43 37 1
44 36 1
45 36 1
46 36 1
47 36 1
48 35 1
49 35 1
50 35 1
51 35 1
52 35 1
53 35 1
54 35 1
55 35 1
56 35 1
57 35 1
58 36 1
59 37 1
60 38 1
60 39 1
60 40 1
60 41 1
60 42 1
60 43 1
58 45 1
57 45 1
56 45 1
55 46 1
54 47 1
53 47 1
52 48 1
51 49 1
50 50 1
49 51 1
48 52 1
47 52 1
46 53 1
45 54 1
44 55 1
43 55 1
42 56 1
41 57 1
40 57 1
39 57 1
38 57 1
37 57 1
36 58 1
35 58 1
34 57 1
33 56 1
33 55 1
33 54 1
34 53 1
34 52 1
34 51 1
35 50 1
36 49 1
36 48 1
37 47 1
38 46 1
39 45 1
39 44 1
40 43 1
40 42 1
41 41 1
41 40 1
42 39 1
42 38 1
.PEN_UP
.PEN_DOWN
59 44 1
62 45 1
63 46 1
63 47 1
63 48 1
63 49 1
63 50 1
63 51 1
63 52 1
63 53 1
63 54 1
63 55 1
63 56 1
63 57 1
63 58 1
63 59 1
63 60 1
62 61 1
62 62 1
62 63 1
62 64 1
61 65 1
61 66 1
61 67 1
61 68 1
60 69 1
60 71 1
60 72 1
60 73 1
60 74 1
60 75 1
59 76 1
59 77 1
58 78 1
58 79 1
57 80 1
57 81 1
57 82 1
56 83 1
56 84 1
56 85 1
55 86 1
55 87 1
53 89 1
52 90 1
51 91 1
50 91 1
49 92 1
48 93 1
47 93 1
46 94 1
45 94 1
44 94 1
43 95 1
42 95 1
41 94 1
40 94 1
39 94 1
38 94 1
37 93 1
36 93 1
35 92 1
34 92 1
33 91 1
33 90 1
33 89 1
33 88 1
33 87 1
34 86 1
34 85 1
34 84 1
35 83 1
36 82 1
37 81 1
38 80 1
39 79 1
40 78 1
41 77 1
42 76 1
43 75 1
44 75 1
45 74 1
46 73 1
47 72 1
48 72 1
49 71 1
50 70 1
51 70 1
52 70 1
53 70 1
54 69 1
55 69 1
56 69 1
57 69 1
58 69 1
59 69 1
.PEN_UP
.PEN_DOWN
54 88 1
57 89 1
58 89 1
59 88 1
60 88 1
61 88 1
62 88 1
63 88 1
64 88 1
65 89 1
66 90 1
67 91 1
68 92 1
68 93 1
.PEN_UP
.PEN_DOWN
1 134 1
2 133 1
3 132 1
4 131 1
5 131 1
6 131 1
7 130 1
8 130 1
9 129 1
10 129 1
11 129 1
12 128 1
13 127 1
14 127 1
15 126 1
16 126 1
17 126 1
18 126 1
19 125 1
20 125 1
21 125 1
22 124 1
23 124 1
24 123 1
25 123 1
26 122 1
27 122 1
28 122 1
29 121 1
30 121 1
31 121 1
32 120 1
33 120 1
34 120 1
35 119 1
36 119 1
37 119 1
38 119 1
39 118 1
40 118 1
41 117 1
42 117 1
43 117 1
44 117 1
45 116 1
46 116 1
47 116 1
48 116 1
49 116 1
50 116 1
51 116 1
52 116 1
53 115 1
54 115 1
55 115 1
56 115 1
57 115 1
58 115 1
59 116 1
60 116 1
61 117 1
62 117 1
63 118 1
64 119 1
64 120 1
64 121 1
64 122 1
64 123 1
64 124 1
64 125 1
63 126 1
63 127 1
63 128 1
63 129 1
62 130 1
62 131 1
62 132 1
61 133 1
61 134 1
60 135 1
59 136 1
59 137 1
59 138 1
59 139 1
58 140 1
58 141 1
57 142 1
57 143 1
56 144 1
55 144 1
.PEN_UP
