.PEN_DOWN
13 1 1
14 1 1
15 2 1
16 2 1
17 2 1
18 2 1
19 3 1
20 3 1
21 3 1
22 3 1
23 3 1
24 3 1
25 3 1
26 3 1
27 3 1
28 3 1
29 3 1
30 3 1
31 3 1
32 3 1
33 3 1
34 3 1
35 3 1
36 3 1
37 4 1
38 4 1
39 4 1
40 5 1
41 5 1
42 5 1
43 5 1
44 5 1
45 5 1
46 5 1
47 5 1
48 5 1
49 5 1
50 5 1
51 5 1
52 5 1
53 5 1
54 5 1
55 5 1
56 5 1
57 6 1
58 6 1
59 6 1
60 6 1
61 6 1
62 6 1
63 7 1
64 7 1
65 7 1
66 7 1
67 7 1
68 8 1
69 8 1
70 8 1
71 9 1
72 10 1
73 11 1
73 12 1
74 13 1
74 14 1
74 15 1
74 16 1
74 17 1
73 18 1
73 19 1
73 20 1
72 21 1
71 22 1
71 23 1
70 24 1
69 25 1
69 26 1
68 27 1
67 28 1
66 29 1
66 30 1
65 31 1
64 32 1
64 33 1
64 34 1
64 35 1
63 36 1
63 37 1
64 38 1
64 39 1
64 40 1
65 41 1
66 42 1
67 43 1
68 44 1
69 44 1
70 44 1
71 44 1
72 45 1
73 45 1
74 46 1
75 46 1
76 47 1
77 48 1
78 49 1
78 50 1
79 51 1
79 52 1
79 53 1
78 54 1
78 55 1
78 56 1
78 57 1
78 58 1
78 59 1
78 60 1
.PEN_UP
.PEN_DOWN
59 80 1
60 79 1
61 79 1
62 79 1
63 79 1
64 79 1
65 78 1
68 78 1
69 78 1
70 78 1
71 78 1
72 78 1
73 78 1
74 78 1
75 77 1
76 77 1
77 77 1
78 77 1
79 77 1
80 77 1
81 77 1
82 77 1
.PEN_UP
.PEN_DOWN
66 78 1
66 80 1
66 81 1
66 82 1
65 83 1
65 84 1
65 85 1
65 86 1
64 87 1
64 88 1
64 89 1
63 90 1
63 91 1
63 92 1
63 93 1
63 94 1
62 95 1
62 96 1
62 97 1
61 98 1
60 99 1
60 100 1
59 101 1
59 102 1
58 103 1
58 104 1
57 105 1
57 106 1
56 107 1
56 108 1
56 109 1
55 110 1
55 111 1
55 112 1
55 113 1
55 114 1
55 115 1
55 116 1
56 117 1
57 118 1
58 119 1
59 119 1
60 120 1
61 120 1
62 120 1
63 120 1
64 120 1
65 120 1
66 120 1
67 120 1
68 120 1
69 120 1
70 121 1
71 121 1
72 122 1
72 123 1
71 124 1
71 125 1
71 126 1
71 127 1
70 128 1
70 129 1
70 130 1
69 131 1
69 132 1
68 133 1
67 134 1
66 135 1
66 136 1
65 137 1
64 138 1
64 139 1
63 140 1
63 141 1
62 142 1
62 143 1
62 144 1
62 145 1
62 146 1
62 147 1
62 148 1
62 149 1
62 150 1
63 151 1
64 152 1
65 153 1
66 154 1
67 154 1
68 154 1
69 154 1
70 155 1
71 155 1
72 155 1
73 155 1
74 155 1
75 156 1
76 156 1
77 156 1
78 156 1
79 156 1
80 157 1
81 157 1
82 158 1
82 159 1
82 160 1
82 161 1
82 162 1
81 163 1
81 164 1
80 165 1
80 166 1
80 167 1
79 168 1
78 169 1
77 170 1
.PEN_UP
.PEN_DOWN
82 182 1
83 183 1
84 184 1
85 185 1
85 186 1
86 187 1
86 188 1
86 189 1
87 190 1
87 191 1
88 192 1
88 193 1
88 194 1
89 195 1
89 196 1
89 197 1
89 198 1
90 199 1
90 200 1
90 201 1
91 202 1
91 203 1
91 204 1
91 205 1
92 206 1
92 207 1
92 208 1
92 209 1
93 210 1
93 211 1
93 212 1
93 213 1
93 214 1
93 215 1
93 216 1
93 217 1
92 218 1
91 218 1
90 218 1
89 218 1
88 217 1
87 217 1
86 217 1
85 216 1
84 216 1
83 215 1
83 214 1
82 213 1
82 212 1
81 211 1
81 210 1
80 209 1
80 208 1
79 207 1
79 206 1
78 205 1
78 204 1
78 203 1
77 202 1
77 201 1
76 200 1
76 199 1
75 198 1
75 197 1
75 196 1
74 195 1
74 194 1
73 193 1
73 192 1
72 191 1
71 190 1
71 189 1
70 188 1
70 187 1
69 186 1
69 185 1
68 184 1
67 183 1
66 182 1
65 181 1
64 180 1
63 180 1
62 179 1
61 179 1
60 179 1
59 179 1
58 179 1
57 179 1
56 178 1
55 178 1
54 179 1
53 179 1
52 179 1
51 180 1
51 181 1
51 182 1
51 183 1
51 184 1
51 185 1
51 186 1
51 187 1
51 188 1
52 189 1
52 190 1
53 191 1
53 192 1
53 193 1
54 194 1
54 195 1
54 196 1
55 197 1
55 198 1
55 199 1
.PEN_UP
.PEN_DOWN
76 227 1
76 228 1
76 229 1
75 230 1
74 231 1
74 232 1
73 233 1
72 234 1
71 235 1
70 236 1
69 237 1
68 240 1
67 241 1
66 242 1
65 243 1
64 244 1
64 245 1
64 246 1
63 247 1
63 248 1
63 249 1
62 250 1
61 251 1
60 252 1
59 253 1
58 254 1
57 255 1
56 256 1
55 257 1
54 257 1
53 258 1
52 258 1
51 258 1
50 258 1
49 259 1
48 259 1
47 259 1
46 259 1
45 259 1
44 259 1
43 258 1
44 257 1
44 256 1
44 255 1
44 254 1
45 253 1
45 252 1
45 251 1
45 250 1
46 249 1
46 248 1
47 247 1
48 246 1
49 245 1
50 244 1
51 243 1
51 242 1
52 241 1
53 240 1
54 239 1
55 239 1
56 238 1
57 238 1
58 238 1
59 238 1
60 237 1
61 237 1
62 237 1
63 236 1
64 236 1
65 236 1
66 236 1
67 236 1
68 237 1
70 240 1
71 241 1
72 242 1
73 243 1
74 243 1
75 244 1
76 245 1
76 246 1
76 247 1
77 248 1
77 249 1
77 250 1
77 251 1
78 252 1
78 253 1
78 254 1
78 255 1
78 256 1
78 257 1
78 258 1
78 259 1
79 260 1
79 261 1
79 262 1
79 263 1
79 264 1
79 265 1
79 266 1
79 267 1
79 268 1
79 269 1
79 270 1
79 271 1
79 272 1
79 273 1
78 274 1
78 275 1
78 276 1
78 277 1
78 278 1
78 279 1
78 280 1
78 281 1
78 282 1
78 283 1
78 284 1
78 285 1
78 286 1
78 287 1
78 288 1
78 289 1
78 290 1
78 291 1
78 292 1
78 293 1
79 294 1
79 295 1
.PEN_UP
.PEN_DOWN
6 305 1
7 305 1
8 306 1
9 306 1
10 307 1
11 307 1
12 307 1
13 307 1
14 308 1
15 308 1
16 308 1
17 308 1
18 308 1
19 308 1
20 308 1
21 308 1
22 308 1
23 308 1
24 308 1
25 308 1
26 308 1
27 308 1
28 308 1
29 308 1
30 308 1
31 308 1
32 308 1
33 308 1
34 308 1
35 308 1
36 308 1
37 308 1
38 308 1
39 308 1
40 308 1
41 308 1
42 308 1
43 307 1
44 307 1
45 307 1
46 307 1
47 307 1
48 307 1
49 307 1
50 307 1
51 307 1
52 307 1
53 307 1
54 307 1
55 306 1
56 306 1
57 306 1
58 306 1
59 306 1
60 306 1
61 306 1
62 306 1
63 306 1
64 306 1
65 306 1
66 306 1
67 306 1
68 306 1
69 307 1
69 310 1
68 311 1
68 312 1
68 313 1
68 314 1
67 315 1
67 316 1
67 317 1
66 318 1
66 319 1
66 320 1
65 321 1
65 322 1
65 323 1
65 324 1
65 325 1
65 326 1
65 327 1
66 328 1
67 329 1
68 330 1
69 331 1
70 332 1
71 332 1
72 333 1
73 333 1
74 334 1
75 334 1
76 335 1
77 335 1
78 336 1
78 337 1
79 338 1
79 339 1
79 340 1
79 341 1
79 342 1
79 343 1
78 344 1
78 345 1
77 346 1
77 347 1
76 348 1
75 349 1
75 350 1
74 351 1
74 352 1
74 353 1
74 354 1
73 355 1
73 356 1
73 357 1
73 358 1
72 359 1
72 360 1
72 361 1
72 362 1
72 363 1
71 364 1
71 366 1
71 367 1
71 368 1
70 369 1
70 370 1
69 371 1
69 372 1
69 373 1
68 374 1
68 375 1
68 376 1
67 377 1
66 378 1
65 378 1
64 379 1
63 379 1
62 379 1
61 380 1
60 380 1
59 380 1
58 381 1
57 381 1
56 381 1
55 381 1
54 380 1
53 380 1
52 380 1
51 379 1
50 378 1
50 377 1
50 376 1
49 375 1
49 374 1
49 373 1
49 372 1
50 371 1
50 370 1
51 369 1
52 368 1
53 367 1
54 366 1
55 365 1
56 365 1
57 364 1
58 364 1
59 364 1
60 364 1
61 363 1
62 363 1
63 363 1
64 363 1
65 363 1
66 363 1
67 363 1
68 363 1
69 363 1
70 363 1
.PEN_UP
.PEN_DOWN
72 365 1
73 365 1
74 365 1
75 365 1
76 365 1
77 364 1
.PEN_UP
.PEN_DOWN
1 405 1
2 405 1
3 406 1
4 406 1
5 406 1
6 407 1
7 407 1
8 407 1
9 408 1
10 408 1
11 408 1
12 408 1
13 408 1
14 408 1
15 408 1
16 408 1
17 408 1
18 408 1
19 408 1
20 408 1
21 408 1
22 408 1
23 408 1
24 408 1
25 408 1
26 408 1
27 408 1
28 408 1
29 408 1
30 409 1
31 408 1
32 408 1
33 408 1
34 408 1
35 408 1
36 408 1
37 408 1
38 408 1
39 408 1
40 408 1
41 408 1
42 408 1
43 408 1
44 408 1
45 408 1
46 408 1
47 408 1
48 407 1
49 407 1
50 407 1
51 407 1
52 407 1
53 407 1
54 407 1
55 407 1
56 407 1
57 407 1
58 407 1
59 407 1
60 407 1
61 407 1
62 407 1
63 408 1
64 408 1
65 408 1
66 408 1
67 408 1
68 408 1
69 409 1
70 409 1
71 410 1
72 411 1
73 412 1
74 413 1
74 414 1
.PEN_UP
.PEN_DOWN
6 471 1
7 471 1
8 470 1
9 470 1
10 470 1
11 469 1
12 469 1
13 468 1
14 468 1
15 468 1
16 467 1
17 467 1
18 467 1
19 466 1
20 465 1
21 465 1
22 465 1
23 464 1
24 464 1
25 464 1
26 463 1
27 463 1
28 462 1
29 462 1
30 462 1
31 462 1
32 461 1
33 461 1
34 460 1
35 460 1
36 460 1
37 459 1
38 459 1
39 459 1
40 458 1
41 458 1
42 458 1
43 458 1
44 457 1
45 457 1
46 457 1
47 456 1
48 456 1
49 455 1
51 455 1
52 455 1
53 455 1
54 455 1
55 455 1
56 455 1
57 455 1
58 455 1
59 455 1
60 455 1
61 455 1
62 454 1
63 454 1
65 455 1
66 456 1
67 457 1
68 457 1
69 458 1
70 458 1
71 459 1
72 460 1
73 461 1
74 462 1
74 463 1
74 464 1
74 465 1
74 466 1
74 467 1
74 468 1
74 469 1
74 470 1
74 471 1
75 472 1
75 473 1
.PEN_UP
.PEN_DOWN
64 453 1
65 452 1
65 451 1
66 450 1
66 449 1
66 448 1
67 447 1
68 446 1
69 445 1
70 444 1
71 443 1
72 442 1
73 442 1
74 441 1
75 440 1
75 439 1
76 438 1
76 437 1
76 436 1
77 435 1
77 434 1
77 433 1
78 432 1
78 431 1
78 430 1
77 429 1
76 429 1
75 429 1
74 429 1
73 429 1
72 430 1
71 430 1
70 430 1
69 430 1
68 430 1
67 431 1
66 431 1
65 431 1
64 431 1
63 432 1
62 432 1
61 433 1
60 433 1
59 434 1
58 435 1
57 435 1
56 436 1
55 436 1
54 437 1
53 438 1
52 439 1
51 440 1
50 441 1
49 442 1
49 443 1
49 444 1
49 445 1
49 446 1
49 447 1
49 448 1
49 449 1
49 450 1
49 451 1
49 452 1
49 453 1
49 454 1
.PEN_UP
.PEN_DOWN
94 491 1
94 492 1
94 493 1
94 494 1
93 495 1
93 496 1
93 497 1
92 498 1
92 499 1
92 500 1
91 501 1
91 502 1
91 503 1
91 504 1
90 505 1
90 506 1
89 507 1
89 508 1
89 509 1
88 510 1
88 511 1
88 512 1
87 513 1
87 514 1
86 515 1
85 516 1
85 517 1
84 518 1
83 518 1
82 519 1
81 519 1
80 519 1
79 519 1
78 519 1
77 518 1
76 518 1
75 517 1
74 516 1
73 515 1
72 514 1
71 513 1
70 512 1
69 511 1
68 510 1
68 509 1
67 508 1
66 507 1
66 506 1
65 505 1
64 504 1
64 503 1
63 502 1
63 501 1
62 500 1
61 499 1
61 498 1
60 497 1
60 496 1
59 495 1
58 494 1
58 493 1
57 492 1
56 491 1
55 490 1
54 490 1
53 489 1
52 489 1
51 489 1
50 488 1
49 488 1
48 488 1
47 488 1
46 489 1
45 490 1
44 491 1
43 492 1
43 493 1
42 494 1
42 495 1
42 496 1
41 497 1
41 498 1
40 499 1
39 500 1
39 501 1
38 502 1
38 503 1
38 504 1
38 505 1
38 506 1
38 507 1
38 508 1
.PEN_UP
