.PEN_DOWN
34 16 1
35 15 1
35 14 1
35 13 1
35 12 1
35 11 1
36 10 1
37 9 1
37 8 1
37 7 1
38 6 1
39 6 1
40 5 1
41 5 1
42 4 1
43 4 1
44 3 1
45 2 1
46 2 1
47 2 1
48 2 1
49 2 1
50 1 1
51 1 1
52 1 1
53 1 1
54 1 1
55 1 1
56 2 1
57 2 1
58 2 1
59 3 1
60 3 1
61 3 1
62 3 1
63 4 1
64 5 1
65 5 1
66 6 1
67 7 1
68 8 1
69 9 1
70 10 1
71 11 1
72 12 1
73 13 1
73 14 1
74 15 1
75 16 1
76 17 1
76 18 1
77 19 1
77 20 1
77 21 1
77 22 1
78 23 1
78 24 1
78 25 1
78 26 1
78 27 1
78 28 1
78 29 1
78 30 1
78 31 1
78 32 1
77 33 1
77 34 1
77 35 1
76 36 1
76 37 1
75 38 1
74 39 1
73 40 1
73 41 1
72 42 1
71 42 1
70 43 1
69 44 1
68 45 1
67 46 1
.PEN_UP
.PEN_DOWN
1 49 1
2 49 1
3 49 1
4 49 1
5 49 1
6 49 1
7 49 1
8 49 1
9 49 1
10 49 1
12 48 1
13 47 1
14 47 1
15 47 1
16 47 1
17 47 1
18 47 1
19 47 1
20 47 1
21 47 1
22 47 1
23 47 1
24 47 1
25 47 1
26 47 1
27 47 1
28 47 1
29 48 1
30 48 1
31 48 1
32 49 1
33 49 1
34 49 1
35 50 1
36 50 1
37 50 1
38 50 1
39 51 1
40 51 1
41 51 1
42 52 1
43 52 1
44 52 1
45 52 1
46 53 1
47 53 1
48 54 1
49 54 1
50 54 1
51 55 1
52 55 1
53 56 1
54 56 1
55 57 1
56 58 1
57 59 1
58 59 1
59 60 1
60 61 1
61 62 1
61 63 1
62 64 1
62 65 1
62 66 1
62 67 1
62 68 1
62 69 1
62 70 1
62 71 1
62 72 1
61 73 1
61 74 1
60 75 1
60 76 1
59 77 1
58 78 1
57 79 1
56 80 1
55 81 1
54 82 1
54 83 1
54 84 1
53 85 1
51 86 1
50 86 1
49 87 1
.PEN_UP
.PEN_DOWN
52 86 1
54 88 1
55 88 1
56 88 1
57 88 1
58 88 1
59 88 1
60 88 1
61 89 1
62 89 1
63 89 1
64 90 1
65 90 1
66 91 1
67 92 1
68 92 1
69 93 1
70 93 1
71 94 1
72 95 1
73 96 1
74 97 1
75 98 1
76 99 1
76 100 1
77 101 1
77 102 1
77 103 1
77 104 1
77 105 1
77 106 1
77 107 1
77 108 1
77 109 1
76 110 1
76 111 1
76 112 1
75 113 1
74 114 1
74 115 1
74 116 1
73 117 1
72 118 1
71 119 1
70 119 1
69 119 1
68 119 1
67 117 1
67 116 1
66 115 1
65 114 1
64 113 1
63 113 1
62 113 1
61 112 1
60 112 1
59 112 1
58 113 1
57 113 1
56 113 1
55 113 1
54 113 1
53 114 1
52 114 1
51 115 1
50 116 1
49 117 1
48 118 1
47 119 1
47 120 1
47 121 1
47 122 1
47 123 1
47 124 1
47 125 1
47 126 1
47 127 1
48 128 1
49 129 1
50 130 1
51 131 1
52 132 1
53 132 1
54 133 1
55 134 1
57 134 1
58 133 1
59 132 1
60 132 1
61 132 1
62 131 1
63 130 1
63 129 1
64 128 1
64 127 1
65 126 1
66 125 1
66 124 1
66 123 1
67 122 1
67 121 1
67 120 1
.PEN_UP
.PEN_DOWN
56 134 1
55 136 1
55 137 1
55 138 1
53 139 1
52 139 1
51 139 1
50 140 1
49 140 1
.PEN_UP
.PEN_DOWN
54 139 1
56 140 1
56 141 1
57 142 1
58 142 1
59 143 1
60 144 1
61 145 1
62 146 1
63 147 1
64 148 1
65 149 1
66 150 1
67 151 1
67 152 1
68 153 1
69 154 1
69 155 1
70 156 1
71 157 1
71 158 1
71 159 1
72 160 1
72 161 1
72 162 1
72 163 1
72 164 1
72 165 1
72 166 1
72 167 1
72 168 1
72 169 1
72 170 1
72 171 1
71 172 1
71 173 1
71 174 1
70 175 1
69 176 1
69 177 1
68 178 1
68 179 1
67 180 1
66 181 1
65 181 1
64 182 1
64 183 1
63 184 1
63 185 1
64 188 1
65 188 1
66 189 1
67 189 1
68 189 1
69 190 1
70 191 1
71 192 1
72 193 1
73 194 1
73 195 1
73 196 1
74 197 1
74 198 1
74 199 1
74 200 1
74 201 1
74 202 1
74 203 1
73 204 1
73 205 1
73 206 1
72 207 1
72 208 1
71 209 1
70 210 1
69 211 1
68 212 1
67 213 1
66 214 1
65 215 1
63 215 1
62 214 1
61 214 1
60 213 1
59 212 1
58 212 1
57 211 1
56 211 1
55 211 1
54 210 1
53 210 1
52 209 1
51 209 1
.PEN_UP
.PEN_DOWN
64 215 1
66 217 1
67 218 1
68 219 1
68 220 1
69 221 1
70 222 1
71 223 1
71 224 1
71 225 1
71 226 1
71 227 1
71 228 1
71 229 1
71 230 1
71 231 1
71 232 1
71 233 1
70 234 1
70 235 1
69 236 1
69 237 1
68 238 1
67 239 1
67 240 1
66 241 1
66 242 1
65 243 1
64 244 1
63 245 1
62 246 1
61 247 1
60 248 1
59 249 1
58 250 1
57 251 1
56 252 1
56 253 1
55 254 1
55 255 1
55 256 1
55 257 1
54 258 1
55 259 1
56 260 1
57 260 1
58 261 1
59 261 1
60 261 1
61 261 1
62 262 1
63 262 1
64 262 1
65 263 1
66 263 1
67 263 1
68 264 1
69 264 1
70 265 1
71 265 1
72 265 1
73 266 1
74 266 1
75 266 1
76 267 1
77 267 1
78 267 1
79 268 1
80 268 1
81 269 1
82 269 1
83 270 1
84 271 1
85 271 1
86 272 1
87 273 1
88 273 1
.PEN_UP
.PEN_DOWN
11 49 1
12 51 1
12 52 1
13 53 1
14 54 1
15 54 1
16 54 1
17 54 1
18 55 1
19 55 1
20 55 1
21 55 1
22 55 1
.PEN_UP
.PEN_DOWN
6 192 1
7 193 1
8 194 1
9 194 1
10 194 1
11 194 1
12 194 1
13 194 1
14 194 1
15 194 1
16 195 1
17 195 1
18 195 1
19 196 1
20 196 1
21 196 1
22 196 1
23 196 1
.PEN_UP
