.PEN_DOWN
1 28 1
2 27 1
2 26 1
1 25 1
2 24 1
2 23 1
2 22 1
3 21 1
3 20 1
4 19 1
5 18 1
6 17 1
7 16 1
8 15 1
9 14 1
10 13 1
11 12 1
12 11 1
13 10 1
14 9 1
15 9 1
16 8 1
17 8 1
18 7 1
19 7 1
20 6 1
21 6 1
22 5 1
23 5 1
24 4 1
25 4 1
26 3 1
27 3 1
28 2 1
29 2 1
30 2 1
31 2 1
32 2 1
33 2 1
34 1 1
35 1 1
36 1 1
37 1 1
38 1 1
39 1 1
40 1 1
41 1 1
42 1 1
43 1 1
44 1 1
45 1 1
46 1 1
47 1 1
48 1 1
49 1 1
50 1 1
51 2 1
52 2 1
53 3 1
54 4 1
54 5 1
55 6 1
56 7 1
56 8 1
56 9 1
56 10 1
56 11 1
56 12 1
56 13 1
56 14 1
56 15 1
56 16 1
56 17 1
55 18 1
55 19 1
55 20 1
55 21 1
55 22 1
55 23 1
55 24 1
54 25 1
54 26 1
54 27 1
53 28 1
53 29 1
53 30 1
52 31 1
52 32 1
52 33 1
51 34 1
50 35 1
50 36 1
49 37 1
49 38 1
48 39 1
47 40 1
46 41 1
43 44 1
42 45 1
42 46 1
41 47 1
41 48 1
40 49 1
39 50 1
38 51 1
37 51 1
36 52 1
35 53 1
34 53 1
33 53 1
32 54 1
31 54 1
30 53 1
29 52 1
29 51 1
29 50 1
29 49 1
29 48 1
30 47 1
31 46 1
32 45 1
33 44 1
34 43 1
35 42 1
36 42 1
37 42 1
38 42 1
39 42 1
40 41 1
41 41 1
42 41 1
43 41 1
44 42 1
47 44 1
48 44 1
49 45 1
50 46 1
51 47 1
51 48 1
51 49 1
51 50 1
51 51 1
51 52 1
51 53 1
51 54 1
51 55 1
51 56 1
51 57 1
51 58 1
52 59 1
52 60 1
52 61 1
52 62 1
52 63 1
.PEN_UP
.PEN_DOWN
33 91 1
33 90 1
33 89 1
33 88 1
34 87 1
35 86 1
36 85 1
36 84 1
36 83 1
37 82 1
38 81 1
39 80 1
40 79 1
41 78 1
42 77 1
43 77 1
44 76 1
45 75 1
46 75 1
47 75 1
48 75 1
49 76 1
50 77 1
51 78 1
52 79 1
52 80 1
53 81 1
53 82 1
54 83 1
54 84 1
55 85 1
55 86 1
55 87 1
55 88 1
55 89 1
55 90 1
55 91 1
55 92 1
55 93 1
55 94 1
55 95 1
55 96 1
55 97 1
54 98 1
54 99 1
54 100 1
53 101 1
53 102 1
53 103 1
53 104 1
53 105 1
52 106 1
51 107 1
51 108 1
50 109 1
49 110 1
48 111 1
47 112 1
46 113 1
46 114 1
45 115 1
45 116 1
44 117 1
42 118 1
41 118 1
40 118 1
39 118 1
38 118 1
37 119 1
36 119 1
35 119 1
34 119 1
.PEN_UP
.PEN_DOWN
43 118 1
45 119 1
46 119 1
47 119 1
48 119 1
49 119 1
50 119 1
51 119 1
52 119 1
53 119 1
.PEN_UP
.PEN_DOWN
3 111 1
3 112 1
4 113 1
4 114 1
4 115 1
5 116 1
5 117 1
5 118 1
5 119 1
.PEN_UP
.PEN_DOWN
1 135 1
2 134 1
3 134 1
4 133 1
5 133 1
6 132 1
7 132 1
8 132 1
9 132 1
10 132 1
11 132 1
12 132 1
13 132 1
14 132 1
15 132 1
16 132 1
17 132 1
18 132 1
19 132 1
20 132 1
21 132 1
22 132 1
23 132 1
24 132 1
25 133 1
26 133 1
27 133 1
28 133 1
29 133 1
30 133 1
31 133 1
32 133 1
33 134 1
34 134 1
35 134 1
36 134 1
37 134 1
38 134 1
39 134 1
40 135 1
41 135 1
42 135 1
43 135 1
44 135 1
45 136 1
46 136 1
47 136 1
48 136 1
49 136 1
50 136 1
51 137 1
52 137 1
53 137 1
54 137 1
55 137 1
56 137 1
57 138 1
58 139 1
.PEN_UP
