.PEN_DOWN
55 26 1
55 27 1
56 28 1
56 29 1
56 30 1
56 31 1
56 32 1
56 33 1
56 34 1
57 35 1
57 36 1
57 37 1
57 38 1
57 39 1
59 40 1
60 40 1
61 40 1
62 39 1
63 39 1
64 39 1
65 39 1
66 39 1
67 38 1
68 38 1
69 38 1
70 38 1
71 37 1
72 37 1
73 37 1
74 36 1
75 36 1
76 36 1
77 35 1
78 35 1
79 35 1
80 34 1
81 34 1
82 33 1
83 33 1
84 33 1
85 32 1
86 32 1
87 32 1
88 31 1
89 31 1
90 31 1
91 30 1
92 30 1
93 30 1
94 29 1
95 29 1
96 29 1
97 29 1
98 28 1
99 28 1
100 27 1
101 27 1
102 27 1
103 27 1
104 26 1
105 26 1
106 26 1
107 26 1
108 25 1
109 25 1
110 25 1
111 24 1
112 24 1
113 24 1
114 24 1
115 24 1
116 23 1
117 23 1
118 23 1
119 24 1
120 23 1
121 23 1
122 23 1
123 22 1
124 22 1
125 23 1
126 23 1
.PEN_UP
.PEN_DOWN
57 42 1
57 43 1
56 46 1
56 47 1
56 48 1
56 49 1
56 50 1
56 51 1
56 52 1
56 53 1
56 54 1
56 55 1
56 56 1
56 57 1
56 58 1
55 59 1
55 60 1
55 61 1
56 62 1
56 63 1
55 64 1
55 65 1
55 66 1
.PEN_UP
.PEN_DOWN
56 44 1
55 44 1
54 44 1
53 44 1
52 44 1
51 45 1
50 45 1
49 45 1
48 45 1
47 45 1
46 45 1
45 46 1
44 46 1
43 47 1
42 47 1
41 47 1
40 48 1
39 48 1
38 48 1
37 49 1
36 49 1
35 49 1
34 50 1
33 50 1
32 51 1
31 51 1
30 51 1
29 52 1
28 52 1
27 53 1
26 53 1
25 53 1
24 54 1
23 54 1
22 55 1
21 55 1
20 56 1
19 56 1
18 57 1
17 57 1
16 58 1
15 58 1
14 59 1
13 60 1
12 60 1
11 60 1
10 61 1
9 62 1
8 62 1
7 63 1
6 63 1
5 64 1
4 65 1
3 66 1
2 67 1
1 68 1
1 69 1
2 70 1
3 71 1
4 72 1
5 72 1
6 72 1
7 73 1
8 73 1
9 74 1
10 74 1
11 75 1
12 75 1
.PEN_UP
