.PEN_DOWN
8 41 1
7 41 1
6 40 1
5 40 1
4 40 1
3 40 1
2 41 1
1 42 1
1 43 1
1 44 1
1 45 1
1 46 1
1 47 1
1 48 1
1 49 1
1 50 1
1 51 1
2 52 1
2 53 1
3 54 1
3 55 1
4 56 1
4 57 1
5 58 1
6 59 1
6 60 1
7 61 1
8 62 1
9 63 1
10 64 1
11 65 1
12 65 1
13 66 1
14 67 1
15 68 1
16 68 1
17 68 1
18 69 1
19 69 1
20 69 1
21 70 1
22 70 1
23 70 1
24 71 1
25 71 1
26 71 1
27 71 1
28 71 1
29 71 1
30 71 1
31 71 1
32 71 1
33 71 1
34 71 1
35 71 1
36 71 1
37 71 1
38 70 1
39 70 1
40 70 1
41 70 1
42 69 1
43 69 1
44 69 1
45 68 1
46 68 1
47 67 1
48 67 1
49 66 1
50 65 1
51 65 1
52 64 1
53 64 1
54 63 1
55 63 1
56 62 1
57 61 1
58 60 1
59 60 1
60 59 1
60 58 1
61 57 1
62 56 1
63 55 1
64 54 1
65 53 1
66 52 1
67 51 1
68 50 1
68 49 1
69 48 1
70 47 1
70 46 1
71 45 1
72 44 1
73 43 1
73 42 1
74 41 1
74 40 1
75 39 1
75 38 1
76 37 1
76 36 1
77 35 1
78 34 1
78 33 1
79 32 1
79 31 1
79 30 1
80 29 1
80 28 1
81 27 1
81 26 1
81 25 1
82 24 1
82 23 1
83 22 1
83 21 1
84 20 1
84 19 1
84 18 1
85 17 1
85 16 1
85 15 1
86 14 1
86 13 1
86 12 1
86 11 1
87 10 1
87 9 1
87 8 1
87 7 1
88 6 1
88 5 1
88 4 1
88 3 1
89 2 1
89 1 1
.PEN_UP
.PEN_DOWN
23 43 1
24 43 1
25 42 1
26 41 1
27 41 1
28 40 1
29 39 1
30 39 1
31 38 1
32 37 1
33 37 1
34 36 1
35 36 1
36 35 1
37 35 1
38 34 1
39 34 1
40 33 1
41 33 1
42 32 1
43 32 1
44 32 1
45 32 1
46 32 1
47 32 1
48 32 1
49 33 1
50 34 1
.PEN_UP
.PEN_DOWN
46 135 1
45 134 1
44 133 1
43 132 1
43 131 1
42 130 1
42 129 1
41 128 1
41 127 1
40 126 1
40 125 1
40 124 1
40 123 1
40 122 1
40 121 1
40 120 1
40 119 1
40 118 1
41 117 1
41 116 1
41 115 1
41 114 1
42 113 1
42 112 1
43 111 1
43 110 1
44 109 1
45 108 1
45 107 1
46 106 1
46 105 1
47 104 1
48 103 1
49 102 1
49 101 1
50 100 1
51 99 1
52 98 1
52 97 1
53 96 1
54 95 1
55 94 1
56 93 1
57 93 1
58 92 1
59 91 1
60 90 1
61 89 1
62 88 1
63 88 1
64 87 1
65 86 1
66 86 1
67 86 1
68 86 1
69 85 1
70 85 1
71 85 1
72 86 1
73 87 1
73 88 1
73 89 1
73 90 1
73 91 1
73 92 1
73 93 1
73 94 1
73 95 1
73 96 1
72 97 1
72 98 1
71 99 1
70 100 1
70 101 1
70 102 1
69 103 1
69 104 1
68 105 1
68 106 1
67 107 1
67 108 1
66 109 1
65 110 1
65 111 1
64 112 1
64 113 1
63 114 1
62 115 1
62 116 1
62 117 1
61 118 1
60 119 1
60 120 1
60 121 1
59 122 1
59 123 1
59 124 1
59 125 1
60 126 1
60 127 1
60 128 1
61 129 1
61 130 1
62 131 1
62 132 1
62 133 1
62 134 1
63 135 1
63 136 1
64 137 1
64 138 1
64 139 1
65 140 1
65 141 1
66 142 1
66 143 1
67 144 1
68 144 1
69 144 1
70 144 1
71 144 1
72 143 1
73 143 1
74 143 1
75 143 1
76 144 1
77 144 1
.PEN_UP
.PEN_DOWN
66 145 1
66 146 1
65 147 1
64 148 1
63 148 1
62 149 1
61 150 1
60 151 1
59 152 1
58 152 1
57 153 1
56 154 1
55 155 1
55 156 1
54 157 1
53 158 1
52 159 1
52 160 1
51 161 1
50 162 1
50 163 1
49 164 1
49 165 1
48 166 1
48 167 1
48 168 1
47 169 1
47 170 1
46 171 1
46 172 1
46 173 1
46 174 1
47 175 1
48 176 1
49 177 1
50 178 1
51 178 1
52 178 1
53 178 1
54 178 1
55 178 1
56 178 1
57 178 1
58 178 1
59 178 1
60 177 1
61 177 1
62 177 1
63 177 1
64 177 1
65 176 1
66 176 1
67 175 1
68 175 1
69 175 1
70 174 1
71 174 1
72 174 1
73 175 1
74 175 1
75 176 1
.PEN_UP
.PEN_DOWN
55 199 1
56 198 1
57 197 1
58 196 1
59 195 1
60 194 1
61 194 1
62 193 1
63 192 1
64 192 1
65 191 1
66 191 1
67 190 1
68 190 1
69 190 1
70 189 1
71 189 1
72 189 1
73 189 1
74 189 1
75 189 1
76 190 1
77 191 1
76 192 1
76 193 1
76 194 1
75 195 1
75 196 1
74 197 1
73 198 1
72 199 1
71 200 1
70 200 1
69 201 1
68 202 1
67 203 1
66 204 1
65 205 1
64 205 1
63 206 1
62 206 1
61 206 1
60 206 1
59 207 1
58 207 1
57 208 1
56 208 1
55 208 1
54 208 1
53 208 1
52 208 1
51 208 1
50 209 1
49 209 1
48 209 1
47 209 1
46 209 1
45 209 1
44 210 1
43 210 1
42 210 1
41 210 1
40 210 1
39 210 1
38 210 1
37 211 1
36 211 1
35 211 1
34 211 1
33 212 1
32 212 1
31 212 1
30 212 1
29 212 1
28 212 1
27 213 1
26 213 1
25 213 1
.PEN_UP
.PEN_DOWN
49 240 1
49 239 1
48 238 1
48 237 1
49 236 1
50 235 1
50 234 1
51 233 1
52 232 1
52 231 1
52 230 1
53 229 1
54 228 1
55 227 1
55 226 1
56 225 1
57 224 1
57 223 1
58 222 1
59 221 1
60 220 1
61 220 1
62 219 1
63 220 1
64 220 1
65 221 1
66 222 1
67 223 1
67 224 1
67 225 1
67 226 1
67 227 1
68 228 1
68 229 1
67 230 1
67 231 1
67 232 1
67 233 1
67 234 1
67 235 1
67 236 1
67 237 1
67 238 1
66 239 1
66 240 1
65 241 1
65 242 1
65 243 1
64 244 1
64 245 1
63 246 1
63 247 1
63 248 1
62 249 1
62 250 1
61 251 1
61 252 1
60 253 1
59 254 1
59 255 1
58 256 1
57 257 1
57 258 1
56 259 1
56 260 1
55 261 1
55 262 1
54 263 1
53 264 1
53 265 1
52 266 1
52 267 1
52 268 1
51 269 1
51 270 1
50 272 1
49 273 1
48 274 1
47 275 1
46 276 1
45 277 1
44 278 1
43 279 1
42 279 1
41 280 1
40 281 1
39 282 1
38 283 1
37 284 1
36 285 1
35 286 1
34 287 1
33 288 1
.PEN_UP
.PEN_DOWN
51 271 1
53 270 1
54 270 1
55 270 1
56 269 1
57 269 1
58 270 1
59 270 1
.PEN_UP
