.PEN_DOWN
22 1 1
22 2 1
22 3 1
21 4 1
20 5 1
20 6 1
20 7 1
19 8 1
18 9 1
18 10 1
17 11 1
17 12 1
16 13 1
15 14 1
15 15 1
14 16 1
13 17 1
13 18 1
12 19 1
11 20 1
11 21 1
10 22 1
9 23 1
9 24 1
8 25 1
7 26 1
7 27 1
6 28 1
5 29 1
5 30 1
4 31 1
3 32 1
2 33 1
2 34 1
2 35 1
2 36 1
1 37 1
1 38 1
1 39 1
1 40 1
2 41 1
3 42 1
4 42 1
5 43 1
6 43 1
7 43 1
8 43 1
9 43 1
10 43 1
11 43 1
12 43 1
13 43 1
14 43 1
15 43 1
16 43 1
17 42 1
18 42 1
19 42 1
20 42 1
21 42 1
22 42 1
25 41 1
26 40 1
26 39 1
27 38 1
28 37 1
28 36 1
29 35 1
29 34 1
.PEN_UP
.PEN_DOWN
23 42 1
23 44 1
23 45 1
22 46 1
22 47 1
22 48 1
22 49 1
22 50 1
22 51 1
22 52 1
22 53 1
22 54 1
22 55 1
22 56 1
22 57 1
20 58 1
19 59 1
18 60 1
17 61 1
17 62 1
16 63 1
15 64 1
14 65 1
14 66 1
13 67 1
12 68 1
12 69 1
11 70 1
11 71 1
10 72 1
9 73 1
8 74 1
8 75 1
7 76 1
6 77 1
6 78 1
5 79 1
5 80 1
5 81 1
4 82 1
4 83 1
5 84 1
5 85 1
5 86 1
6 87 1
7 88 1
8 89 1
9 89 1
10 89 1
11 89 1
12 89 1
13 89 1
14 89 1
15 89 1
16 88 1
17 87 1
18 87 1
19 86 1
20 85 1
21 84 1
22 83 1
22 82 1
23 81 1
24 80 1
24 79 1
25 78 1
25 77 1
26 76 1
26 75 1
27 74 1
28 73 1
28 72 1
28 71 1
29 70 1
29 69 1
29 68 1
30 67 1
30 66 1
30 65 1
30 64 1
30 63 1
29 62 1
29 61 1
28 60 1
27 59 1
26 59 1
25 58 1
24 58 1
23 58 1
.PEN_UP
