.PEN_DOWN
76 60 1
77 59 1
78 58 1
79 58 1
80 57 1
81 57 1
82 56 1
83 55 1
84 55 1
85 54 1
86 54 1
87 53 1
88 52 1
89 51 1
90 50 1
91 50 1
92 50 1
93 49 1
94 49 1
95 48 1
96 47 1
96 46 1
96 45 1
97 44 1
97 43 1
97 42 1
98 41 1
99 40 1
100 39 1
101 38 1
102 37 1
103 36 1
104 36 1
105 35 1
105 34 1
106 33 1
106 32 1
107 31 1
108 30 1
108 29 1
109 28 1
109 27 1
110 26 1
110 25 1
110 24 1
110 23 1
110 22 1
109 21 1
108 20 1
107 19 1
106 19 1
105 19 1
104 19 1
103 19 1
102 19 1
101 19 1
98 19 1
97 20 1
96 20 1
95 21 1
94 22 1
93 22 1
92 22 1
91 23 1
90 24 1
89 24 1
88 25 1
87 26 1
86 26 1
85 27 1
84 27 1
83 28 1
82 29 1
81 29 1
80 29 1
79 30 1
78 31 1
77 31 1
76 32 1
75 33 1
74 33 1
73 33 1
72 33 1
71 33 1
70 32 1
69 31 1
68 30 1
68 29 1
67 28 1
68 27 1
68 26 1
69 25 1
70 25 1
71 24 1
72 23 1
73 23 1
74 22 1
75 21 1
76 21 1
77 20 1
78 20 1
79 19 1
80 18 1
81 18 1
82 17 1
83 16 1
84 15 1
85 15 1
86 14 1
87 13 1
88 13 1
89 12 1
90 11 1
91 11 1
92 10 1
93 10 1
94 9 1
95 9 1
96 8 1
97 7 1
98 7 1
99 7 1
100 7 1
101 6 1
102 6 1
103 6 1
105 5 1
106 4 1
107 3 1
108 2 1
108 1 1
.PEN_UP
.PEN_DOWN
104 6 1
103 8 1
103 9 1
103 10 1
102 11 1
102 12 1
101 13 1
101 14 1
101 15 1
100 16 1
100 17 1
100 18 1
.PEN_UP
.PEN_DOWN
96 49 1
97 49 1
98 49 1
99 49 1
100 49 1
101 50 1
102 51 1
102 52 1
102 53 1
102 54 1
102 55 1
101 56 1
101 57 1
100 58 1
100 59 1
99 60 1
99 61 1
99 62 1
98 63 1
98 64 1
98 65 1
96 67 1
95 67 1
94 68 1
93 68 1
92 69 1
91 69 1
90 70 1
89 70 1
88 71 1
87 71 1
86 71 1
85 72 1
84 72 1
83 73 1
82 73 1
81 74 1
80 75 1
79 76 1
.PEN_UP
.PEN_DOWN
97 66 1
100 67 1
101 67 1
102 68 1
102 69 1
102 70 1
102 71 1
101 72 1
.PEN_UP
.PEN_DOWN
44 93 1
45 92 1
46 92 1
47 91 1
48 91 1
49 91 1
50 91 1
51 92 1
52 93 1
53 94 1
54 95 1
55 96 1
55 97 1
56 98 1
56 99 1
56 100 1
56 101 1
57 102 1
57 103 1
57 104 1
57 105 1
57 106 1
57 107 1
57 108 1
56 109 1
56 110 1
56 111 1
56 112 1
56 113 1
56 114 1
56 115 1
55 116 1
55 117 1
55 118 1
55 119 1
54 122 1
53 123 1
52 123 1
51 124 1
50 125 1
49 126 1
48 127 1
47 128 1
46 129 1
43 130 1
42 130 1
41 130 1
40 131 1
39 131 1
38 131 1
37 131 1
36 132 1
35 132 1
34 133 1
33 133 1
32 134 1
31 134 1
30 135 1
29 136 1
28 136 1
27 137 1
26 138 1
25 138 1
24 138 1
23 139 1
22 140 1
21 140 1
20 141 1
19 141 1
18 142 1
17 143 1
16 143 1
15 144 1
14 145 1
13 146 1
12 146 1
11 147 1
10 148 1
9 148 1
8 149 1
7 150 1
6 151 1
5 152 1
4 152 1
3 153 1
2 154 1
1 155 1
1 156 1
1 157 1
1 158 1
1 159 1
2 160 1
3 160 1
4 160 1
5 160 1
6 160 1
7 160 1
8 159 1
9 159 1
10 159 1
11 159 1
12 158 1
13 158 1
14 158 1
15 158 1
16 158 1
17 158 1
18 157 1
19 157 1
20 157 1
21 156 1
22 156 1
23 155 1
24 155 1
25 154 1
26 154 1
27 153 1
28 152 1
29 151 1
30 151 1
31 150 1
32 149 1
33 148 1
34 147 1
35 146 1
36 145 1
37 144 1
38 143 1
39 142 1
40 141 1
41 140 1
41 139 1
42 138 1
43 137 1
44 136 1
44 135 1
44 134 1
45 133 1
45 132 1
45 131 1
.PEN_UP
.PEN_DOWN
55 120 1
57 120 1
58 119 1
59 119 1
60 119 1
61 119 1
62 119 1
63 118 1
64 118 1
65 117 1
66 117 1
67 116 1
68 116 1
69 115 1
70 115 1
71 114 1
72 113 1
73 113 1
74 112 1
75 112 1
76 112 1
77 112 1
78 111 1
79 111 1
80 111 1
81 110 1
81 109 1
82 108 1
82 107 1
83 106 1
84 105 1
85 104 1
86 104 1
87 103 1
88 102 1
89 102 1
90 101 1
91 101 1
92 100 1
93 100 1
94 99 1
95 98 1
96 98 1
97 97 1
98 97 1
99 96 1
100 96 1
101 96 1
102 95 1
103 95 1
104 94 1
105 94 1
106 93 1
107 93 1
108 92 1
109 92 1
110 91 1
111 91 1
112 91 1
113 90 1
114 90 1
115 89 1
116 89 1
117 88 1
118 88 1
.PEN_UP
.PEN_DOWN
82 111 1
82 112 1
82 113 1
82 114 1
82 115 1
82 116 1
82 117 1
82 118 1
82 119 1
82 120 1
82 121 1
82 122 1
81 123 1
81 124 1
81 125 1
81 126 1
81 127 1
80 129 1
80 130 1
79 131 1
79 132 1
78 133 1
77 134 1
76 135 1
75 136 1
74 137 1
73 138 1
72 139 1
71 139 1
70 140 1
69 141 1
68 142 1
67 143 1
66 143 1
65 144 1
63 145 1
62 145 1
61 145 1
60 145 1
59 146 1
58 146 1
57 146 1
56 147 1
55 148 1
54 149 1
53 149 1
52 150 1
51 150 1
50 151 1
49 151 1
48 152 1
47 153 1
46 153 1
45 154 1
44 154 1
43 155 1
42 155 1
41 156 1
40 156 1
39 157 1
38 157 1
37 158 1
36 159 1
35 159 1
34 159 1
33 160 1
32 161 1
31 161 1
30 162 1
29 162 1
28 162 1
27 163 1
26 164 1
25 165 1
24 165 1
23 166 1
22 167 1
21 167 1
20 167 1
19 168 1
18 169 1
17 170 1
17 171 1
16 172 1
16 173 1
16 174 1
14 175 1
13 176 1
12 176 1
11 177 1
.PEN_UP
.PEN_DOWN
15 175 1
18 175 1
19 175 1
20 174 1
21 174 1
22 174 1
23 174 1
24 174 1
25 173 1
26 173 1
27 173 1
28 173 1
29 172 1
30 172 1
31 171 1
32 171 1
33 170 1
34 170 1
35 170 1
36 169 1
37 168 1
38 168 1
39 168 1
40 167 1
41 167 1
42 166 1
43 166 1
44 165 1
45 165 1
46 164 1
47 163 1
48 163 1
49 162 1
50 162 1
51 161 1
52 160 1
53 160 1
54 159 1
55 158 1
56 157 1
57 157 1
58 156 1
59 155 1
60 154 1
61 153 1
62 152 1
63 151 1
63 150 1
64 149 1
64 148 1
64 147 1
65 146 1
65 145 1
.PEN_UP
.PEN_DOWN
81 128 1
83 127 1
84 127 1
85 127 1
86 127 1
87 126 1
88 126 1
89 125 1
90 124 1
91 124 1
92 123 1
93 123 1
94 122 1
95 122 1
96 121 1
97 121 1
98 121 1
99 121 1
100 120 1
101 120 1
102 120 1
103 120 1
105 119 1
106 119 1
107 118 1
108 117 1
109 117 1
.PEN_UP
.PEN_DOWN
104 120 1
104 122 1
103 123 1
103 124 1
103 125 1
102 126 1
102 127 1
102 128 1
101 129 1
100 130 1
99 131 1
98 132 1
97 133 1
96 133 1
95 134 1
95 135 1
94 136 1
94 137 1
93 138 1
93 139 1
92 140 1
92 141 1
91 142 1
91 143 1
90 144 1
90 145 1
89 146 1
89 147 1
88 148 1
88 149 1
88 150 1
88 151 1
88 152 1
88 153 1
88 154 1
89 155 1
90 155 1
91 156 1
92 156 1
93 156 1
94 156 1
95 156 1
96 156 1
97 156 1
98 156 1
99 155 1
100 155 1
101 155 1
102 154 1
103 154 1
104 153 1
105 153 1
106 152 1
107 152 1
108 151 1
109 150 1
110 150 1
111 149 1
112 149 1
.PEN_UP
