.PEN_DOWN
71 23 1
70 22 1
69 22 1
68 21 1
67 21 1
66 21 1
65 21 1
64 21 1
63 21 1
62 21 1
61 21 1
60 21 1
59 21 1
58 21 1
57 21 1
56 20 1
55 20 1
54 20 1
53 20 1
52 20 1
51 20 1
50 20 1
49 21 1
48 21 1
47 21 1
46 21 1
45 22 1
44 23 1
43 24 1
42 25 1
41 26 1
40 27 1
39 28 1
39 29 1
38 30 1
37 31 1
37 32 1
36 33 1
36 34 1
36 35 1
35 36 1
35 37 1
34 38 1
34 39 1
34 40 1
33 41 1
33 42 1
33 43 1
33 44 1
33 45 1
33 46 1
33 47 1
33 48 1
33 49 1
33 50 1
33 51 1
33 52 1
33 53 1
33 54 1
33 55 1
33 56 1
33 57 1
33 58 1
33 59 1
33 60 1
33 61 1
33 62 1
33 63 1
33 64 1
33 65 1
33 66 1
33 67 1
34 68 1
34 69 1
34 70 1
34 71 1
35 72 1
35 73 1
35 74 1
36 75 1
36 76 1
37 77 1
37 78 1
37 79 1
38 80 1
38 81 1
38 82 1
39 83 1
39 84 1
40 85 1
40 86 1
41 87 1
42 88 1
42 89 1
43 90 1
44 91 1
45 92 1
45 93 1
46 94 1
47 95 1
48 96 1
49 97 1
50 98 1
51 98 1
52 99 1
53 99 1
54 100 1
55 101 1
56 101 1
57 102 1
58 102 1
59 103 1
60 103 1
61 103 1
62 103 1
63 103 1
64 104 1
65 104 1
66 104 1
67 104 1
68 104 1
69 104 1
70 104 1
71 104 1
72 104 1
73 104 1
74 104 1
75 104 1
76 103 1
77 103 1
78 103 1
79 102 1
80 102 1
81 102 1
82 101 1
83 101 1
84 101 1
85 100 1
86 100 1
87 99 1
88 99 1
89 99 1
90 98 1
91 97 1
92 97 1
93 96 1
94 96 1
95 95 1
96 94 1
97 94 1
98 93 1
99 92 1
100 91 1
101 91 1
102 90 1
103 89 1
104 88 1
105 87 1
106 86 1
107 86 1
108 85 1
109 84 1
110 83 1
111 82 1
112 81 1
113 80 1
113 79 1
114 78 1
115 77 1
116 76 1
117 75 1
118 74 1
119 73 1
120 72 1
120 71 1
121 70 1
122 69 1
123 68 1
124 67 1
125 66 1
125 65 1
126 64 1
127 63 1
128 62 1
128 61 1
129 60 1
131 58 1
132 57 1
132 56 1
133 55 1
134 54 1
135 53 1
135 52 1
136 51 1
136 50 1
137 49 1
138 48 1
138 47 1
139 46 1
139 45 1
140 44 1
140 43 1
141 42 1
141 41 1
142 40 1
143 39 1
143 38 1
144 37 1
144 36 1
145 35 1
146 34 1
146 33 1
147 32 1
148 31 1
148 30 1
149 29 1
149 28 1
150 27 1
150 26 1
151 25 1
151 24 1
152 23 1
152 22 1
153 21 1
154 20 1
154 19 1
154 18 1
155 17 1
156 16 1
156 15 1
157 14 1
157 13 1
158 12 1
158 11 1
159 10 1
159 9 1
159 8 1
160 7 1
161 6 1
161 5 1
161 4 1
161 3 1
161 2 1
162 1 1
.PEN_UP
.PEN_DOWN
129 59 1
128 58 1
127 57 1
126 57 1
125 57 1
124 57 1
123 57 1
122 56 1
121 56 1
120 56 1
119 55 1
118 55 1
117 55 1
116 54 1
115 54 1
114 54 1
113 54 1
112 53 1
111 53 1
110 53 1
109 52 1
108 52 1
107 52 1
106 52 1
105 52 1
104 51 1
103 51 1
102 51 1
101 51 1
100 51 1
99 51 1
98 51 1
97 51 1
96 51 1
95 51 1
94 51 1
93 51 1
92 51 1
91 51 1
90 51 1
89 51 1
88 51 1
87 51 1
86 51 1
85 51 1
84 51 1
83 51 1
82 51 1
81 51 1
80 50 1
79 50 1
78 50 1
77 50 1
76 50 1
75 50 1
74 50 1
73 50 1
72 50 1
71 49 1
70 49 1
69 49 1
68 49 1
67 48 1
66 48 1
65 48 1
.PEN_UP
.PEN_DOWN
98 174 1
97 174 1
96 173 1
95 173 1
94 173 1
93 172 1
92 171 1
92 170 1
92 169 1
92 168 1
92 167 1
92 166 1
93 165 1
93 164 1
93 163 1
94 162 1
94 161 1
95 160 1
96 159 1
97 158 1
97 157 1
98 156 1
99 155 1
100 154 1
101 153 1
102 153 1
103 152 1
104 152 1
105 152 1
106 151 1
107 151 1
108 152 1
109 152 1
110 152 1
111 152 1
112 152 1
113 153 1
114 154 1
115 155 1
115 156 1
116 157 1
116 158 1
116 159 1
116 160 1
116 161 1
116 162 1
116 163 1
115 164 1
115 165 1
115 166 1
114 167 1
114 168 1
113 169 1
113 170 1
112 171 1
.PEN_UP
.PEN_DOWN
45 214 1
46 214 1
47 213 1
48 213 1
49 213 1
50 212 1
51 211 1
52 210 1
53 210 1
54 209 1
55 209 1
56 208 1
57 208 1
58 208 1
59 207 1
60 206 1
61 206 1
62 206 1
63 205 1
64 205 1
65 205 1
66 204 1
67 203 1
68 202 1
69 202 1
70 201 1
71 201 1
72 200 1
73 200 1
74 199 1
75 198 1
76 198 1
77 198 1
78 197 1
79 196 1
80 196 1
81 195 1
82 194 1
83 194 1
84 194 1
85 193 1
86 192 1
87 192 1
88 191 1
89 190 1
90 190 1
91 190 1
92 189 1
93 189 1
94 188 1
95 188 1
96 188 1
97 188 1
98 188 1
99 187 1
100 187 1
101 187 1
102 188 1
102 189 1
102 190 1
102 191 1
102 192 1
102 193 1
101 194 1
101 195 1
100 196 1
100 197 1
99 198 1
99 199 1
98 200 1
97 201 1
96 202 1
96 203 1
95 204 1
94 205 1
94 206 1
94 207 1
94 208 1
93 209 1
91 211 1
90 212 1
89 213 1
88 214 1
87 215 1
86 216 1
85 217 1
84 218 1
83 219 1
.PEN_UP
.PEN_DOWN
92 210 1
95 210 1
96 210 1
97 210 1
98 210 1
99 210 1
100 210 1
101 210 1
102 209 1
103 209 1
104 209 1
105 209 1
106 209 1
107 209 1
108 209 1
109 209 1
110 210 1
111 210 1
112 211 1
.PEN_UP
.PEN_DOWN
103 218 1
103 219 1
103 220 1
102 221 1
102 222 1
102 223 1
102 224 1
102 225 1
102 226 1
102 227 1
102 228 1
102 229 1
102 230 1
103 231 1
103 232 1
103 233 1
103 234 1
103 235 1
103 236 1
103 237 1
103 238 1
103 239 1
103 240 1
103 241 1
102 242 1
101 243 1
100 243 1
99 243 1
98 242 1
97 242 1
96 242 1
95 242 1
94 241 1
93 241 1
92 240 1
91 240 1
90 239 1
89 239 1
88 238 1
87 238 1
86 238 1
85 238 1
84 238 1
83 237 1
82 237 1
81 237 1
80 237 1
79 237 1
78 238 1
77 238 1
76 239 1
75 240 1
74 241 1
74 242 1
73 243 1
73 244 1
73 245 1
72 246 1
72 247 1
72 248 1
72 249 1
72 250 1
72 251 1
72 252 1
72 253 1
72 254 1
73 255 1
73 256 1
73 257 1
73 258 1
74 259 1
74 260 1
74 261 1
.PEN_UP
.PEN_DOWN
107 297 1
106 298 1
105 299 1
105 300 1
105 301 1
104 302 1
104 303 1
103 304 1
103 305 1
103 306 1
102 307 1
102 308 1
102 309 1
101 310 1
101 311 1
101 312 1
100 313 1
100 314 1
100 315 1
99 316 1
99 317 1
99 318 1
99 319 1
99 320 1
99 321 1
99 322 1
98 325 1
97 326 1
97 327 1
.PEN_UP
.PEN_DOWN
99 323 1
101 322 1
102 322 1
103 322 1
104 322 1
105 322 1
106 322 1
.PEN_UP
.PEN_DOWN
109 349 1
108 350 1
108 351 1
107 352 1
107 353 1
106 354 1
106 355 1
106 356 1
106 357 1
106 358 1
106 359 1
106 360 1
106 361 1
106 362 1
106 363 1
106 364 1
106 365 1
106 366 1
106 367 1
106 368 1
106 369 1
106 370 1
105 371 1
104 371 1
103 371 1
102 371 1
101 371 1
100 371 1
99 371 1
98 371 1
97 371 1
96 371 1
95 371 1
94 371 1
93 371 1
92 371 1
91 371 1
90 371 1
89 371 1
88 372 1
87 372 1
86 373 1
85 374 1
85 375 1
85 376 1
85 377 1
85 378 1
86 379 1
86 380 1
.PEN_UP
.PEN_DOWN
56 367 1
55 367 1
54 368 1
53 368 1
52 368 1
51 368 1
50 368 1
49 368 1
48 368 1
47 368 1
46 369 1
45 369 1
44 369 1
43 370 1
42 370 1
41 371 1
40 372 1
39 373 1
38 373 1
37 374 1
36 375 1
35 376 1
34 377 1
33 378 1
33 379 1
32 380 1
32 381 1
31 382 1
30 383 1
30 384 1
29 385 1
28 386 1
28 387 1
28 388 1
28 389 1
28 390 1
27 391 1
.PEN_UP
.PEN_DOWN
86 276 1
86 279 1
86 280 1
85 281 1
85 282 1
85 283 1
85 284 1
85 285 1
85 286 1
86 287 1
87 288 1
88 289 1
89 289 1
90 290 1
91 290 1
92 289 1
93 289 1
94 289 1
95 288 1
96 288 1
97 287 1
98 287 1
99 286 1
100 285 1
100 284 1
100 283 1
101 282 1
102 282 1
103 281 1
104 280 1
105 279 1
105 278 1
106 277 1
106 276 1
107 275 1
108 274 1
108 273 1
108 272 1
108 271 1
108 270 1
108 269 1
108 268 1
108 267 1
108 266 1
107 265 1
107 264 1
106 263 1
106 262 1
105 261 1
104 260 1
103 259 1
102 258 1
101 258 1
100 257 1
99 257 1
98 257 1
97 257 1
96 257 1
95 258 1
94 258 1
93 259 1
92 260 1
91 261 1
90 262 1
89 263 1
88 264 1
88 265 1
88 266 1
87 267 1
87 268 1
86 269 1
86 270 1
86 271 1
86 272 1
86 273 1
86 274 1
86 275 1
.PEN_UP
.PEN_DOWN
99 282 1
98 281 1
97 280 1
96 279 1
95 278 1
94 277 1
93 277 1
92 276 1
91 276 1
90 276 1
89 276 1
88 277 1
87 277 1
.PEN_UP
.PEN_DOWN
105 125 1
104 124 1
103 123 1
103 122 1
103 121 1
102 120 1
102 119 1
102 118 1
102 117 1
102 116 1
102 115 1
102 114 1
102 113 1
102 112 1
103 111 1
103 110 1
103 109 1
103 108 1
104 107 1
104 106 1
104 105 1
105 104 1
105 103 1
106 102 1
106 101 1
107 100 1
107 99 1
108 98 1
109 97 1
110 96 1
111 95 1
112 94 1
113 93 1
114 92 1
115 92 1
116 91 1
117 91 1
118 91 1
119 92 1
120 92 1
121 93 1
122 94 1
122 95 1
123 96 1
123 97 1
123 98 1
123 99 1
123 100 1
123 101 1
122 102 1
122 103 1
122 104 1
122 105 1
122 106 1
121 107 1
121 108 1
121 109 1
121 110 1
120 111 1
120 112 1
120 113 1
119 114 1
119 115 1
119 116 1
119 117 1
118 118 1
118 119 1
117 120 1
116 121 1
116 122 1
115 123 1
114 124 1
113 124 1
112 124 1
111 124 1
110 125 1
109 127 1
109 128 1
108 129 1
108 130 1
108 131 1
107 132 1
106 133 1
105 134 1
104 134 1
103 134 1
102 134 1
101 133 1
101 132 1
102 131 1
102 130 1
102 129 1
103 128 1
104 127 1
105 126 1
.PEN_UP
