.PEN_DOWN
5 5 1
6 4 1
7 4 1
8 4 1
9 3 1
10 3 1
11 3 1
12 3 1
13 2 1
14 2 1
15 1 1
16 1 1
17 1 1
18 1 1
19 1 1
20 2 1
20 3 1
20 4 1
20 5 1
19 6 1
19 7 1
18 8 1
17 9 1
16 10 1
16 11 1
15 12 1
15 13 1
15 14 1
14 15 1
15 16 1
16 16 1
17 16 1
18 17 1
19 18 1
20 19 1
20 20 1
19 21 1
19 22 1
19 23 1
19 24 1
18 25 1
17 26 1
16 27 1
15 28 1
15 29 1
14 30 1
13 31 1
13 32 1
12 33 1
12 34 1
12 35 1
12 36 1
12 37 1
13 38 1
14 38 1
15 39 1
16 40 1
17 40 1
18 41 1
19 42 1
20 42 1
21 43 1
22 43 1
.PEN_UP
.PEN_DOWN
6 95 1
7 94 1
8 93 1
9 93 1
10 93 1
11 93 1
12 93 1
13 92 1
14 92 1
15 91 1
16 91 1
17 90 1
17 89 1
17 88 1
18 87 1
17 86 1
17 85 1
16 84 1
15 83 1
14 82 1
13 81 1
12 80 1
11 79 1
10 78 1
9 77 1
9 76 1
9 75 1
9 74 1
8 73 1
10 71 1
11 71 1
12 71 1
13 70 1
14 70 1
15 70 1
16 70 1
17 69 1
18 69 1
19 68 1
20 67 1
21 66 1
21 65 1
21 64 1
21 63 1
20 62 1
19 61 1
18 61 1
17 61 1
16 61 1
15 60 1
14 61 1
13 61 1
12 62 1
11 62 1
10 63 1
9 63 1
8 64 1
7 65 1
7 66 1
6 67 1
6 68 1
6 69 1
6 70 1
7 71 1
8 72 1
.PEN_UP
.PEN_DOWN
15 112 1
14 113 1
14 114 1
13 115 1
11 116 1
10 116 1
9 117 1
7 117 1
6 118 1
5 118 1
4 118 1
3 119 1
2 120 1
2 121 1
2 122 1
2 123 1
1 124 1
2 125 1
3 125 1
4 124 1
5 124 1
6 124 1
7 123 1
8 122 1
8 121 1
8 120 1
9 119 1
9 118 1
.PEN_UP
.PEN_DOWN
12 116 1
14 117 1
15 117 1
16 118 1
17 119 1
18 120 1
19 121 1
19 122 1
20 123 1
20 124 1
21 125 1
22 126 1
22 127 1
22 128 1
22 129 1
23 130 1
23 131 1
22 132 1
.PEN_UP
