.PEN_DOWN
38 7 1
39 7 1
40 6 1
41 5 1
42 5 1
43 4 1
44 4 1
45 4 1
46 4 1
47 4 1
48 4 1
49 3 1
50 3 1
51 3 1
52 3 1
53 3 1
54 3 1
55 5 1
55 6 1
56 7 1
56 8 1
57 9 1
57 10 1
58 11 1
59 12 1
60 12 1
61 13 1
61 14 1
62 15 1
61 16 1
61 17 1
61 18 1
60 19 1
60 20 1
59 21 1
58 21 1
57 22 1
56 23 1
55 23 1
54 24 1
53 24 1
52 24 1
51 25 1
50 25 1
49 25 1
48 25 1
47 25 1
46 25 1
45 25 1
44 25 1
43 26 1
42 26 1
41 26 1
40 27 1
39 27 1
38 28 1
.PEN_UP
.PEN_DOWN
41 43 1
42 42 1
43 42 1
44 41 1
45 40 1
46 39 1
47 39 1
48 39 1
49 38 1
50 38 1
51 38 1
52 37 1
53 37 1
54 37 1
55 37 1
56 37 1
57 37 1
58 38 1
59 39 1
60 40 1
60 41 1
61 42 1
61 43 1
.PEN_UP
.PEN_DOWN
9 68 1
10 68 1
11 68 1
12 67 1
13 67 1
14 67 1
15 66 1
16 66 1
17 66 1
18 65 1
19 65 1
20 65 1
21 64 1
22 64 1
23 63 1
24 63 1
25 62 1
26 62 1
27 62 1
28 62 1
29 62 1
30 62 1
31 62 1
32 61 1
33 61 1
35 60 1
36 59 1
37 58 1
38 58 1
39 57 1
40 56 1
41 56 1
42 55 1
43 55 1
44 55 1
45 54 1
46 53 1
47 53 1
48 53 1
49 52 1
50 52 1
51 52 1
52 52 1
53 52 1
54 52 1
55 52 1
56 51 1
57 51 1
58 51 1
59 51 1
60 51 1
61 51 1
62 51 1
63 51 1
64 51 1
65 51 1
66 50 1
.PEN_UP
.PEN_DOWN
34 61 1
34 63 1
34 64 1
34 65 1
34 66 1
34 67 1
34 68 1
34 69 1
35 70 1
35 71 1
35 72 1
35 73 1
35 74 1
36 75 1
38 76 1
39 76 1
40 76 1
41 75 1
42 75 1
43 75 1
44 75 1
45 75 1
46 75 1
47 75 1
48 75 1
49 75 1
50 75 1
51 75 1
52 75 1
54 74 1
55 73 1
56 73 1
57 72 1
58 72 1
59 72 1
60 71 1
61 71 1
.PEN_UP
.PEN_DOWN
53 75 1
53 77 1
53 78 1
53 79 1
54 80 1
54 81 1
55 82 1
56 83 1
57 83 1
58 83 1
59 84 1
60 84 1
61 84 1
62 84 1
63 84 1
64 84 1
65 84 1
66 84 1
67 84 1
68 84 1
69 84 1
70 84 1
71 85 1
.PEN_UP
.PEN_DOWN
36 76 1
35 78 1
34 79 1
33 79 1
32 80 1
31 80 1
30 81 1
29 81 1
28 81 1
27 82 1
26 83 1
25 83 1
24 84 1
23 84 1
22 85 1
21 85 1
20 86 1
19 86 1
18 87 1
17 87 1
16 87 1
15 87 1
14 88 1
13 88 1
12 88 1
11 89 1
10 89 1
9 89 1
8 90 1
7 90 1
.PEN_UP
.PEN_DOWN
62 101 1
62 102 1
61 103 1
60 103 1
59 103 1
58 104 1
57 105 1
56 105 1
55 106 1
54 107 1
53 107 1
52 108 1
51 109 1
51 110 1
51 111 1
52 112 1
53 113 1
54 114 1
.PEN_UP
.PEN_DOWN
55 117 1
59 120 1
60 120 1
61 120 1
61 122 1
61 123 1
61 124 1
61 125 1
61 126 1
61 127 1
61 128 1
61 129 1
61 130 1
61 131 1
59 132 1
58 132 1
57 133 1
56 133 1
.PEN_UP
.PEN_DOWN
60 132 1
62 133 1
63 133 1
64 133 1
65 133 1
66 134 1
67 135 1
68 136 1
68 137 1
.PEN_UP
.PEN_DOWN
56 116 1
56 121 1
55 121 1
54 121 1
.PEN_UP
.PEN_DOWN
65 152 1
64 152 1
63 151 1
62 151 1
61 151 1
60 151 1
59 151 1
58 151 1
57 151 1
56 151 1
55 152 1
54 152 1
53 152 1
52 152 1
51 152 1
50 153 1
49 153 1
48 153 1
47 154 1
46 154 1
45 155 1
44 155 1
43 156 1
42 156 1
41 157 1
40 157 1
39 158 1
38 159 1
37 160 1
36 160 1
35 161 1
34 161 1
33 162 1
31 163 1
30 163 1
29 163 1
28 163 1
27 163 1
26 163 1
25 164 1
24 164 1
23 165 1
22 165 1
21 165 1
20 166 1
19 166 1
18 167 1
17 167 1
16 168 1
15 168 1
14 169 1
13 169 1
12 169 1
11 170 1
10 170 1
9 171 1
8 171 1
7 172 1
6 172 1
5 172 1
4 173 1
3 173 1
2 174 1
1 175 1
1 176 1
.PEN_UP
.PEN_DOWN
32 163 1
33 165 1
34 166 1
34 167 1
34 168 1
34 169 1
34 170 1
34 171 1
34 172 1
34 173 1
35 174 1
35 175 1
35 176 1
35 177 1
35 178 1
34 179 1
.PEN_UP
