.PEN_DOWN
5 13 1
6 13 1
7 13 1
8 13 1
9 13 1
10 13 1
11 13 1
12 13 1
13 13 1
14 13 1
15 13 1
16 13 1
17 13 1
18 13 1
19 13 1
20 13 1
21 13 1
22 13 1
23 13 1
24 13 1
25 13 1
26 13 1
27 13 1
28 13 1
29 13 1
30 13 1
31 13 1
32 13 1
33 12 1
36 13 1
37 12 1
38 12 1
39 12 1
40 12 1
41 12 1
42 12 1
43 12 1
44 12 1
45 12 1
46 12 1
47 12 1
48 12 1
49 12 1
50 12 1
51 12 1
52 12 1
53 12 1
54 12 1
55 11 1
56 11 1
57 11 1
58 11 1
59 11 1
60 11 1
61 12 1
62 12 1
63 12 1
64 12 1
65 12 1
66 12 1
67 12 1
68 12 1
69 12 1
70 12 1
71 12 1
72 12 1
73 12 1
74 12 1
75 12 1
76 12 1
77 12 1
78 12 1
79 13 1
80 13 1
81 13 1
82 13 1
83 13 1
84 13 1
85 13 1
86 13 1
87 13 1
88 13 1
89 13 1
.PEN_UP
.PEN_DOWN
33 11 1
33 10 1
32 9 1
32 8 1
32 7 1
32 6 1
32 5 1
31 4 1
31 3 1
31 2 1
32 1 1
33 1 1
34 1 1
35 1 1
36 1 1
.PEN_UP
.PEN_DOWN
34 13 1
34 15 1
34 16 1
35 17 1
35 18 1
35 19 1
35 20 1
35 21 1
36 22 1
36 23 1
36 24 1
36 25 1
36 26 1
36 27 1
36 28 1
36 29 1
36 30 1
36 31 1
34 32 1
33 32 1
32 32 1
31 31 1
30 31 1
29 31 1
28 31 1
27 31 1
26 31 1
25 31 1
24 31 1
23 31 1
22 31 1
21 31 1
20 30 1
19 30 1
18 30 1
17 30 1
16 30 1
15 30 1
14 30 1
13 30 1
12 30 1
11 30 1
10 30 1
9 30 1
8 30 1
7 29 1
6 29 1
5 29 1
4 29 1
3 30 1
2 30 1
1 30 1
.PEN_UP
.PEN_DOWN
35 32 1
38 32 1
39 32 1
40 32 1
41 32 1
42 32 1
43 32 1
44 32 1
45 33 1
46 33 1
47 34 1
49 34 1
50 34 1
51 34 1
52 34 1
53 34 1
54 34 1
55 34 1
56 34 1
57 34 1
58 34 1
59 34 1
60 34 1
61 34 1
62 34 1
63 33 1
64 33 1
65 33 1
66 33 1
67 33 1
68 33 1
69 33 1
70 33 1
71 33 1
72 33 1
73 33 1
74 33 1
75 32 1
76 32 1
77 32 1
78 32 1
79 32 1
80 32 1
81 32 1
82 32 1
83 32 1
84 32 1
85 31 1
.PEN_UP
.PEN_DOWN
47 35 1
47 36 1
46 37 1
45 38 1
44 39 1
43 39 1
42 39 1
41 40 1
41 41 1
42 44 1
43 44 1
44 45 1
45 45 1
46 45 1
47 45 1
48 45 1
49 45 1
50 45 1
51 46 1
52 46 1
53 46 1
54 46 1
55 46 1
56 46 1
57 46 1
58 46 1
59 46 1
60 46 1
61 46 1
62 46 1
63 47 1
64 47 1
65 47 1
66 47 1
67 47 1
68 47 1
69 47 1
70 47 1
71 48 1
72 48 1
73 48 1
74 49 1
75 50 1
76 51 1
77 51 1
78 51 1
79 51 1
80 51 1
82 49 1
83 49 1
84 49 1
85 49 1
86 49 1
87 49 1
88 48 1
.PEN_UP
.PEN_DOWN
81 50 1
82 53 1
82 54 1
83 55 1
84 55 1
85 56 1
86 57 1
87 58 1
88 59 1
89 60 1
89 61 1
90 62 1
90 63 1
90 64 1
91 65 1
91 66 1
91 67 1
91 68 1
91 69 1
91 70 1
91 71 1
91 72 1
91 73 1
91 74 1
92 75 1
92 76 1
92 77 1
92 78 1
92 79 1
91 80 1
91 81 1
91 82 1
90 83 1
90 84 1
90 85 1
.PEN_UP
.PEN_DOWN
75 52 1
74 53 1
73 54 1
72 54 1
71 55 1
70 55 1
69 55 1
68 56 1
67 56 1
66 57 1
65 57 1
64 58 1
62 59 1
61 59 1
60 60 1
59 60 1
58 60 1
57 61 1
56 61 1
55 62 1
54 62 1
53 63 1
52 64 1
51 65 1
51 66 1
50 67 1
50 68 1
49 69 1
49 70 1
49 71 1
49 72 1
49 73 1
50 74 1
51 74 1
52 74 1
53 74 1
54 73 1
55 73 1
56 72 1
57 71 1
58 70 1
59 69 1
60 68 1
61 67 1
61 66 1
62 65 1
63 64 1
63 63 1
64 62 1
64 61 1
64 60 1
.PEN_UP
.PEN_DOWN
7 49 1
8 49 1
9 49 1
10 50 1
11 50 1
.PEN_UP
