.PEN_DOWN
1 4 1
2 3 1
3 3 1
4 3 1
5 3 1
6 3 1
7 3 1
8 3 1
9 3 1
10 2 1
11 2 1
12 2 1
13 2 1
14 2 1
15 2 1
16 2 1
17 2 1
18 1 1
19 1 1
20 1 1
21 1 1
22 1 1
23 1 1
24 1 1
25 1 1
26 1 1
27 1 1
28 1 1
29 2 1
30 2 1
33 2 1
34 2 1
35 2 1
36 2 1
37 2 1
38 2 1
39 2 1
40 2 1
41 2 1
42 2 1
43 2 1
44 2 1
45 2 1
46 3 1
47 3 1
.PEN_UP
.PEN_DOWN
31 2 1
31 4 1
31 5 1
31 6 1
32 7 1
32 8 1
32 9 1
33 10 1
33 11 1
33 12 1
34 13 1
35 14 1
36 15 1
37 16 1
38 17 1
39 18 1
40 19 1
41 19 1
42 20 1
43 21 1
44 22 1
46 22 1
47 22 1
48 22 1
49 22 1
50 22 1
51 22 1
.PEN_UP
.PEN_DOWN
44 23 1
43 24 1
43 25 1
43 26 1
43 27 1
38 29 1
37 29 1
36 29 1
35 30 1
34 30 1
33 30 1
32 30 1
31 30 1
30 31 1
29 31 1
28 32 1
27 33 1
26 34 1
25 35 1
25 36 1
25 37 1
26 38 1
26 39 1
27 40 1
27 41 1
28 42 1
29 43 1
30 44 1
31 45 1
32 46 1
33 47 1
34 48 1
35 49 1
36 50 1
37 50 1
38 51 1
39 52 1
40 52 1
41 52 1
42 52 1
43 53 1
45 53 1
46 53 1
47 52 1
48 51 1
48 50 1
48 49 1
47 47 1
46 46 1
46 45 1
45 44 1
45 43 1
45 42 1
44 41 1
44 40 1
43 39 1
43 38 1
43 37 1
42 36 1
42 35 1
41 34 1
41 33 1
41 32 1
41 31 1
40 30 1
44 29 1
45 29 1
46 29 1
47 30 1
48 31 1
49 32 1
50 33 1
51 34 1
51 35 1
52 36 1
52 37 1
52 38 1
52 39 1
52 40 1
52 41 1
52 42 1
52 43 1
52 44 1
52 45 1
52 46 1
51 47 1
50 48 1
49 48 1
.PEN_UP
.PEN_DOWN
44 53 1
43 55 1
42 56 1
42 57 1
42 58 1
42 59 1
42 60 1
40 61 1
39 61 1
38 61 1
37 61 1
36 61 1
35 61 1
34 60 1
33 60 1
32 60 1
31 60 1
30 59 1
29 59 1
28 59 1
27 59 1
26 59 1
25 59 1
24 60 1
.PEN_UP
.PEN_DOWN
41 61 1
42 63 1
43 64 1
44 65 1
44 66 1
45 67 1
47 67 1
48 67 1
49 67 1
50 67 1
.PEN_UP
.PEN_DOWN
46 67 1
44 69 1
44 70 1
44 71 1
43 72 1
41 72 1
40 72 1
39 72 1
38 72 1
37 72 1
36 71 1
35 71 1
34 71 1
33 71 1
32 71 1
31 71 1
30 71 1
29 71 1
28 72 1
27 72 1
26 72 1
25 72 1
24 73 1
.PEN_UP
.PEN_DOWN
42 72 1
43 74 1
42 75 1
42 76 1
42 77 1
42 78 1
42 79 1
42 80 1
41 81 1
39 82 1
38 82 1
37 82 1
36 82 1
35 82 1
34 82 1
33 83 1
32 83 1
31 83 1
30 84 1
29 85 1
28 86 1
27 87 1
26 88 1
25 89 1
25 90 1
24 91 1
24 92 1
24 93 1
.PEN_UP
.PEN_DOWN
40 82 1
41 84 1
42 85 1
43 86 1
44 87 1
44 88 1
45 89 1
46 90 1
46 91 1
46 92 1
46 93 1
46 94 1
46 95 1
46 96 1
46 97 1
47 98 1
47 99 1
47 100 1
47 101 1
47 102 1
47 103 1
47 104 1
47 105 1
47 106 1
47 107 1
46 108 1
46 109 1
46 110 1
46 111 1
46 112 1
46 113 1
45 114 1
45 115 1
44 116 1
44 117 1
44 118 1
43 119 1
42 120 1
41 121 1
40 121 1
39 121 1
38 121 1
37 121 1
36 121 1
35 121 1
34 121 1
33 120 1
32 119 1
31 119 1
.PEN_UP
.PEN_DOWN
43 121 1
43 122 1
42 123 1
42 124 1
42 125 1
42 126 1
42 127 1
43 128 1
43 129 1
.PEN_UP
