.PEN_DOWN
26 19 1
27 18 1
27 17 1
28 16 1
28 15 1
29 14 1
30 14 1
31 13 1
32 12 1
32 10 1
32 9 1
33 8 1
33 7 1
33 6 1
33 5 1
34 4 1
34 3 1
34 2 1
35 1 1
.PEN_UP
.PEN_DOWN
34 12 1
35 12 1
37 14 1
37 15 1
37 16 1
37 17 1
36 18 1
36 19 1
36 20 1
36 21 1
35 22 1
35 23 1
35 24 1
34 25 1
33 26 1
33 27 1
32 28 1
32 29 1
31 30 1
29 31 1
28 31 1
27 31 1
26 32 1
24 32 1
23 33 1
22 33 1
21 33 1
20 34 1
19 35 1
18 35 1
17 36 1
16 37 1
15 38 1
15 39 1
14 40 1
13 41 1
12 41 1
11 42 1
10 43 1
9 43 1
8 44 1
7 45 1
6 46 1
5 47 1
5 48 1
4 49 1
4 50 1
4 51 1
4 52 1
5 53 1
6 53 1
7 53 1
8 53 1
9 52 1
10 51 1
11 51 1
12 50 1
13 49 1
14 48 1
15 47 1
16 46 1
17 45 1
18 44 1
19 43 1
20 43 1
21 42 1
22 41 1
23 40 1
24 39 1
25 38 1
25 37 1
25 36 1
26 35 1
26 34 1
26 33 1
.PEN_UP
.PEN_DOWN
30 31 1
32 32 1
33 33 1
34 34 1
34 35 1
34 36 1
34 37 1
34 38 1
34 39 1
34 40 1
33 41 1
33 42 1
33 43 1
33 44 1
32 45 1
32 46 1
32 47 1
32 48 1
31 49 1
31 50 1
31 51 1
30 52 1
30 53 1
30 54 1
30 55 1
29 56 1
28 56 1
27 56 1
26 57 1
25 58 1
24 59 1
23 60 1
22 61 1
21 62 1
20 63 1
19 64 1
17 64 1
16 64 1
15 65 1
14 65 1
13 66 1
12 67 1
11 68 1
10 69 1
9 69 1
8 70 1
7 71 1
6 72 1
6 73 1
6 74 1
5 75 1
5 76 1
4 78 1
3 79 1
2 80 1
1 81 1
.PEN_UP
.PEN_DOWN
5 77 1
7 77 1
8 77 1
9 76 1
10 76 1
11 76 1
12 75 1
13 74 1
14 74 1
15 73 1
16 72 1
17 71 1
18 70 1
18 69 1
18 68 1
19 67 1
19 66 1
19 65 1
.PEN_UP
.PEN_DOWN
31 56 1
32 56 1
33 56 1
34 57 1
35 57 1
36 58 1
37 59 1
38 60 1
39 61 1
39 62 1
40 63 1
40 64 1
39 65 1
39 66 1
39 67 1
39 68 1
.PEN_UP
