.PEN_DOWN
1 20 1
2 19 1
3 19 1
4 18 1
5 18 1
6 18 1
7 18 1
8 18 1
9 18 1
10 18 1
11 17 1
12 17 1
13 17 1
14 17 1
15 17 1
16 17 1
17 17 1
18 17 1
19 16 1
20 16 1
21 16 1
22 16 1
23 16 1
24 16 1
25 15 1
26 15 1
27 15 1
28 15 1
29 15 1
30 15 1
31 15 1
32 14 1
33 14 1
34 14 1
35 14 1
36 14 1
37 14 1
38 14 1
39 14 1
40 14 1
41 13 1
42 13 1
43 13 1
44 13 1
45 13 1
46 13 1
47 13 1
48 12 1
49 12 1
50 12 1
51 12 1
52 12 1
53 12 1
54 12 1
55 12 1
56 11 1
57 11 1
58 11 1
59 11 1
60 11 1
61 11 1
62 11 1
63 11 1
64 11 1
65 11 1
66 11 1
67 11 1
68 11 1
69 11 1
70 11 1
71 11 1
72 11 1
73 11 1
74 12 1
75 13 1
75 14 1
74 15 1
74 16 1
73 17 1
72 18 1
72 19 1
71 20 1
70 21 1
69 22 1
69 23 1
69 24 1
68 25 1
68 26 1
69 27 1
70 28 1
71 28 1
72 28 1
73 28 1
74 28 1
75 28 1
76 28 1
77 28 1
78 28 1
79 27 1
80 27 1
81 27 1
82 26 1
83 26 1
84 25 1
85 25 1
86 24 1
87 23 1
88 22 1
89 21 1
90 20 1
90 19 1
91 18 1
92 17 1
92 16 1
93 15 1
94 14 1
94 13 1
94 12 1
94 11 1
94 10 1
94 9 1
94 8 1
93 7 1
93 6 1
92 5 1
92 4 1
91 3 1
90 2 1
89 1 1
.PEN_UP
.PEN_DOWN
72 41 1
73 41 1
74 40 1
75 40 1
76 40 1
77 40 1
78 39 1
79 39 1
80 39 1
81 39 1
82 39 1
83 39 1
84 40 1
84 41 1
83 42 1
83 43 1
83 44 1
83 45 1
82 46 1
82 47 1
82 48 1
82 49 1
83 50 1
84 51 1
85 52 1
86 53 1
86 54 1
86 55 1
86 56 1
86 57 1
86 58 1
86 59 1
85 60 1
85 61 1
85 62 1
.PEN_UP
.PEN_DOWN
3 92 1
4 92 1
5 91 1
6 91 1
7 91 1
8 91 1
9 91 1
10 90 1
11 90 1
12 89 1
13 89 1
14 89 1
15 89 1
16 89 1
17 89 1
18 89 1
19 88 1
20 88 1
21 88 1
22 87 1
23 87 1
24 87 1
25 87 1
26 87 1
27 87 1
28 86 1
29 86 1
30 86 1
31 86 1
32 85 1
33 85 1
34 85 1
35 85 1
36 85 1
37 84 1
38 84 1
39 84 1
40 84 1
41 84 1
42 83 1
43 83 1
44 83 1
45 83 1
46 83 1
47 83 1
48 82 1
49 82 1
50 82 1
51 82 1
52 82 1
53 82 1
54 82 1
55 81 1
56 81 1
57 81 1
58 81 1
59 81 1
60 81 1
61 81 1
62 81 1
63 81 1
64 81 1
65 81 1
66 81 1
70 80 1
71 80 1
72 79 1
73 79 1
74 79 1
75 79 1
76 79 1
77 79 1
78 78 1
79 78 1
80 78 1
81 78 1
82 77 1
83 76 1
84 76 1
85 76 1
86 76 1
87 77 1
88 77 1
89 77 1
90 77 1
91 77 1
92 78 1
93 78 1
.PEN_UP
.PEN_DOWN
82 75 1
81 74 1
80 73 1
79 72 1
78 72 1
77 71 1
76 71 1
75 70 1
74 70 1
73 70 1
72 70 1
71 69 1
70 69 1
69 69 1
68 71 1
68 72 1
68 73 1
68 74 1
68 75 1
68 76 1
68 77 1
68 78 1
68 79 1
67 83 1
67 84 1
66 85 1
66 86 1
66 87 1
66 88 1
66 89 1
65 90 1
65 91 1
64 92 1
64 93 1
64 94 1
63 95 1
63 96 1
63 97 1
62 98 1
62 99 1
62 100 1
61 101 1
61 102 1
61 103 1
60 104 1
60 105 1
59 106 1
59 107 1
59 108 1
.PEN_UP
