.PEN_DOWN
37 15 1
36 16 1
35 17 1
34 18 1
33 19 1
33 20 1
32 21 1
32 22 1
32 23 1
32 24 1
31 25 1
32 26 1
32 27 1
32 28 1
32 29 1
32 30 1
32 31 1
32 32 1
32 33 1
32 34 1
33 35 1
35 34 1
36 34 1
37 34 1
38 34 1
39 33 1
40 33 1
41 32 1
42 31 1
43 30 1
44 29 1
45 28 1
46 28 1
47 27 1
48 26 1
49 25 1
50 24 1
51 23 1
52 22 1
53 22 1
54 22 1
55 21 1
56 21 1
57 19 1
58 18 1
58 17 1
59 16 1
60 15 1
61 14 1
62 14 1
63 13 1
64 12 1
65 11 1
66 10 1
67 10 1
68 9 1
69 8 1
70 7 1
71 6 1
72 5 1
73 4 1
74 3 1
75 2 1
76 1 1
.PEN_UP
.PEN_DOWN
57 20 1
57 23 1
57 24 1
57 25 1
57 26 1
57 27 1
56 28 1
56 29 1
56 30 1
56 31 1
56 32 1
56 33 1
55 34 1
55 35 1
55 36 1
55 37 1
54 38 1
54 39 1
54 40 1
54 41 1
54 42 1
53 43 1
53 44 1
53 45 1
53 46 1
52 47 1
52 48 1
52 49 1
52 50 1
52 51 1
52 52 1
52 53 1
52 54 1
53 55 1
53 56 1
55 57 1
56 58 1
57 58 1
58 59 1
59 60 1
59 61 1
60 62 1
60 63 1
60 64 1
60 65 1
60 66 1
60 67 1
59 68 1
59 69 1
59 70 1
59 71 1
59 72 1
60 73 1
60 74 1
60 75 1
60 76 1
60 77 1
59 78 1
59 79 1
59 80 1
59 81 1
59 82 1
59 83 1
59 84 1
59 85 1
59 86 1
58 87 1
58 88 1
58 89 1
58 90 1
58 91 1
58 92 1
58 93 1
58 94 1
58 95 1
58 96 1
58 97 1
58 98 1
58 99 1
58 100 1
58 101 1
58 102 1
58 103 1
57 104 1
57 105 1
57 106 1
56 107 1
55 108 1
54 109 1
53 110 1
52 111 1
51 111 1
50 112 1
49 113 1
48 114 1
48 115 1
48 116 1
47 117 1
47 118 1
47 119 1
45 121 1
44 122 1
43 122 1
42 123 1
41 123 1
40 123 1
39 124 1
38 124 1
37 125 1
36 126 1
36 127 1
.PEN_UP
.PEN_DOWN
46 120 1
49 120 1
50 120 1
51 120 1
52 120 1
53 121 1
54 121 1
55 122 1
56 123 1
57 124 1
57 125 1
58 126 1
58 127 1
58 128 1
58 129 1
58 130 1
58 131 1
58 132 1
58 133 1
58 134 1
58 135 1
58 136 1
58 137 1
58 138 1
58 139 1
58 140 1
58 141 1
58 142 1
58 143 1
58 144 1
58 145 1
57 146 1
57 147 1
57 148 1
57 149 1
56 150 1
56 151 1
55 152 1
55 153 1
55 154 1
55 155 1
54 156 1
54 157 1
53 158 1
53 159 1
52 160 1
51 161 1
50 161 1
49 161 1
48 162 1
47 161 1
46 160 1
45 159 1
44 158 1
44 157 1
44 156 1
44 155 1
43 154 1
43 153 1
43 152 1
42 151 1
42 150 1
42 149 1
42 148 1
41 147 1
40 146 1
39 146 1
38 146 1
37 147 1
36 148 1
36 149 1
35 150 1
35 151 1
35 152 1
34 153 1
34 154 1
34 155 1
34 156 1
34 157 1
34 158 1
34 159 1
34 160 1
34 161 1
34 162 1
34 163 1
34 164 1
34 165 1
35 166 1
35 167 1
36 168 1
36 169 1
.PEN_UP
.PEN_DOWN
48 163 1
48 164 1
48 165 1
48 166 1
46 168 1
45 168 1
44 169 1
43 170 1
42 171 1
42 172 1
41 173 1
41 174 1
40 175 1
39 176 1
39 177 1
39 178 1
38 179 1
38 180 1
37 181 1
37 182 1
37 183 1
36 184 1
36 185 1
36 186 1
36 187 1
35 188 1
35 189 1
35 190 1
34 191 1
34 192 1
34 193 1
33 194 1
33 195 1
33 196 1
32 197 1
32 198 1
32 199 1
32 200 1
32 201 1
31 202 1
31 203 1
31 204 1
31 205 1
31 206 1
31 207 1
31 208 1
32 209 1
32 210 1
33 211 1
34 212 1
35 212 1
36 212 1
37 212 1
38 212 1
39 212 1
40 211 1
41 211 1
42 211 1
43 211 1
44 210 1
45 209 1
46 209 1
47 208 1
48 207 1
49 206 1
50 205 1
51 204 1
52 203 1
53 202 1
53 201 1
54 200 1
54 199 1
54 198 1
55 197 1
55 196 1
55 195 1
56 194 1
56 193 1
56 192 1
56 191 1
56 190 1
56 189 1
56 188 1
56 187 1
56 186 1
56 185 1
56 184 1
56 183 1
56 182 1
56 181 1
56 180 1
56 179 1
55 178 1
55 177 1
55 176 1
55 175 1
55 174 1
54 173 1
54 172 1
54 171 1
53 170 1
52 169 1
51 168 1
50 167 1
49 167 1
.PEN_UP
.PEN_DOWN
53 57 1
51 58 1
50 59 1
49 59 1
48 60 1
47 61 1
47 62 1
46 63 1
46 64 1
45 65 1
45 66 1
44 67 1
43 68 1
42 69 1
41 69 1
40 70 1
39 71 1
39 72 1
39 73 1
39 74 1
39 75 1
38 76 1
38 77 1
38 78 1
37 79 1
37 80 1
37 81 1
36 82 1
36 83 1
35 84 1
35 85 1
35 86 1
34 87 1
34 88 1
34 89 1
34 90 1
34 91 1
34 92 1
35 93 1
35 94 1
35 95 1
35 96 1
36 97 1
36 98 1
37 99 1
38 100 1
39 101 1
40 100 1
41 100 1
42 99 1
43 98 1
44 97 1
45 96 1
46 95 1
46 94 1
47 93 1
47 92 1
48 91 1
48 90 1
49 89 1
49 88 1
49 87 1
50 86 1
50 85 1
50 84 1
51 83 1
51 82 1
51 81 1
51 80 1
51 79 1
51 78 1
52 77 1
52 76 1
52 75 1
52 74 1
52 73 1
52 72 1
53 71 1
53 70 1
53 69 1
53 68 1
53 67 1
53 66 1
53 65 1
53 64 1
53 63 1
53 62 1
53 61 1
53 60 1
53 59 1
.PEN_UP
.PEN_DOWN
39 69 1
38 69 1
37 69 1
36 68 1
35 67 1
35 66 1
34 65 1
34 64 1
33 63 1
33 62 1
33 61 1
33 60 1
33 59 1
33 58 1
33 57 1
33 56 1
33 55 1
33 54 1
33 53 1
33 52 1
33 51 1
33 50 1
32 49 1
32 48 1
32 47 1
32 46 1
32 45 1
32 44 1
32 43 1
32 42 1
32 41 1
32 40 1
32 39 1
32 38 1
32 37 1
33 36 1
.PEN_UP
.PEN_DOWN
58 208 1
57 209 1
56 210 1
55 211 1
55 212 1
54 213 1
53 214 1
52 215 1
51 216 1
50 217 1
49 218 1
48 219 1
47 219 1
46 220 1
46 221 1
45 222 1
44 223 1
44 224 1
43 225 1
42 226 1
41 227 1
41 228 1
40 229 1
39 230 1
36 230 1
35 231 1
34 231 1
33 232 1
33 233 1
.PEN_UP
.PEN_DOWN
38 231 1
40 234 1
39 235 1
39 236 1
39 237 1
39 238 1
39 239 1
38 240 1
38 241 1
38 242 1
38 243 1
37 244 1
37 245 1
37 246 1
36 247 1
36 248 1
36 249 1
36 250 1
35 251 1
35 252 1
35 253 1
34 254 1
34 255 1
34 256 1
34 257 1
34 258 1
34 259 1
33 260 1
33 261 1
33 262 1
33 263 1
34 264 1
34 265 1
35 266 1
36 266 1
37 267 1
38 267 1
39 267 1
40 266 1
41 266 1
42 266 1
43 265 1
44 264 1
45 263 1
46 263 1
47 262 1
48 261 1
48 260 1
49 259 1
50 258 1
51 257 1
52 256 1
53 255 1
53 254 1
54 253 1
55 252 1
56 251 1
57 250 1
57 249 1
.PEN_UP
.PEN_DOWN
57 268 1
56 269 1
55 270 1
55 271 1
54 272 1
53 273 1
52 274 1
51 275 1
51 276 1
50 277 1
49 278 1
48 279 1
47 280 1
47 281 1
46 282 1
45 283 1
44 284 1
43 285 1
42 286 1
41 287 1
39 287 1
38 287 1
37 287 1
36 287 1
35 288 1
34 288 1
.PEN_UP
.PEN_DOWN
40 287 1
41 289 1
41 290 1
40 291 1
40 292 1
40 293 1
40 294 1
39 295 1
39 296 1
39 297 1
39 298 1
38 299 1
38 300 1
38 301 1
37 302 1
37 303 1
37 304 1
37 305 1
36 306 1
36 307 1
36 308 1
36 309 1
36 310 1
36 311 1
36 312 1
35 313 1
35 314 1
35 315 1
35 316 1
35 317 1
35 318 1
35 319 1
35 320 1
36 321 1
36 322 1
37 323 1
38 323 1
39 324 1
40 324 1
41 324 1
42 324 1
43 324 1
44 324 1
45 324 1
47 322 1
48 321 1
49 320 1
50 319 1
51 320 1
52 320 1
53 320 1
54 320 1
55 320 1
56 320 1
57 320 1
58 321 1
58 322 1
59 323 1
59 324 1
59 325 1
59 326 1
59 327 1
59 328 1
59 329 1
59 330 1
59 331 1
59 332 1
59 333 1
59 334 1
59 335 1
59 336 1
59 337 1
59 338 1
59 339 1
58 340 1
58 341 1
58 342 1
58 343 1
58 344 1
58 345 1
58 346 1
58 347 1
58 348 1
58 349 1
57 350 1
57 351 1
57 352 1
57 353 1
57 354 1
57 355 1
57 356 1
57 357 1
57 358 1
57 359 1
57 360 1
57 361 1
57 362 1
57 363 1
56 364 1
56 365 1
56 366 1
56 367 1
55 368 1
54 369 1
54 370 1
54 371 1
54 372 1
54 373 1
54 374 1
54 375 1
53 376 1
52 376 1
51 377 1
50 378 1
49 379 1
48 379 1
47 380 1
46 381 1
45 382 1
44 383 1
43 383 1
42 384 1
41 385 1
40 386 1
39 386 1
38 387 1
37 388 1
36 388 1
35 389 1
34 390 1
33 391 1
32 391 1
31 392 1
30 393 1
29 394 1
28 395 1
27 396 1
26 396 1
25 397 1
24 398 1
23 399 1
22 400 1
21 401 1
20 401 1
19 402 1
18 403 1
17 404 1
16 404 1
15 405 1
14 406 1
13 407 1
12 407 1
11 408 1
10 409 1
9 409 1
8 410 1
7 411 1
6 411 1
5 411 1
4 412 1
3 413 1
2 414 1
1 415 1
.PEN_UP
.PEN_DOWN
50 318 1
51 317 1
51 316 1
51 315 1
51 314 1
52 313 1
53 312 1
53 311 1
54 310 1
55 309 1
56 308 1
57 307 1
58 306 1
59 305 1
.PEN_UP
.PEN_DOWN
46 323 1
46 326 1
46 327 1
46 328 1
46 329 1
44 331 1
43 331 1
42 332 1
42 333 1
42 334 1
41 335 1
41 336 1
40 337 1
40 338 1
39 339 1
39 340 1
39 341 1
38 342 1
38 343 1
37 344 1
37 345 1
36 346 1
36 347 1
36 348 1
36 349 1
35 350 1
35 351 1
34 352 1
34 353 1
34 354 1
33 355 1
33 356 1
33 357 1
33 358 1
33 359 1
33 360 1
33 361 1
33 362 1
33 363 1
34 364 1
35 365 1
38 365 1
39 364 1
40 363 1
40 362 1
41 361 1
41 360 1
41 359 1
42 358 1
42 357 1
42 356 1
42 355 1
42 354 1
43 353 1
43 352 1
44 351 1
44 350 1
44 349 1
44 348 1
44 347 1
45 346 1
45 345 1
45 344 1
45 343 1
46 342 1
46 341 1
46 340 1
46 339 1
46 338 1
47 337 1
47 336 1
47 335 1
47 334 1
47 333 1
47 332 1
47 331 1
46 330 1
.PEN_UP
