.PEN_DOWN
1 10 1
2 9 1
3 8 1
4 7 1
5 6 1
6 6 1
7 5 1
8 5 1
9 5 1
10 4 1
11 3 1
12 2 1
13 2 1
14 2 1
15 1 1
16 1 1
17 1 1
18 1 1
19 2 1
18 3 1
18 4 1
18 5 1
18 6 1
18 7 1
17 8 1
17 9 1
16 10 1
15 11 1
15 12 1
14 13 1
13 14 1
13 15 1
12 16 1
11 17 1
11 18 1
10 19 1
10 20 1
10 21 1
9 22 1
9 23 1
8 26 1
7 27 1
6 28 1
5 29 1
4 30 1
.PEN_UP
.PEN_DOWN
9 24 1
11 24 1
12 24 1
13 24 1
14 24 1
15 24 1
16 24 1
17 26 1
17 27 1
17 28 1
16 29 1
16 30 1
16 31 1
15 32 1
15 33 1
15 34 1
15 35 1
14 36 1
13 37 1
13 38 1
12 39 1
11 40 1
11 41 1
11 42 1
10 43 1
9 44 1
9 45 1
8 46 1
8 47 1
7 48 1
7 49 1
7 50 1
6 51 1
5 52 1
5 53 1
5 54 1
5 55 1
5 56 1
5 57 1
4 59 1
4 60 1
3 61 1
2 62 1
.PEN_UP
.PEN_DOWN
5 58 1
7 58 1
8 58 1
9 58 1
10 58 1
11 58 1
12 59 1
13 60 1
13 61 1
12 62 1
.PEN_UP
.PEN_DOWN
19 74 1
19 75 1
19 76 1
19 77 1
19 78 1
19 79 1
19 80 1
19 81 1
18 82 1
18 83 1
18 84 1
17 85 1
17 86 1
17 87 1
17 88 1
16 89 1
16 90 1
15 91 1
15 92 1
13 93 1
12 94 1
12 95 1
11 96 1
10 97 1
9 98 1
9 99 1
8 100 1
8 101 1
7 102 1
7 103 1
7 104 1
6 105 1
6 106 1
5 107 1
5 108 1
4 109 1
4 110 1
4 111 1
3 112 1
2 113 1
2 114 1
.PEN_UP
.PEN_DOWN
14 93 1
16 94 1
17 94 1
18 94 1
19 95 1
19 96 1
20 97 1
20 98 1
20 99 1
20 100 1
21 101 1
21 102 1
21 103 1
20 104 1
20 105 1
20 106 1
20 107 1
20 108 1
20 109 1
20 110 1
20 111 1
20 112 1
20 113 1
20 114 1
20 115 1
20 116 1
19 117 1
19 118 1
19 119 1
19 120 1
19 121 1
19 122 1
19 123 1
19 124 1
.PEN_UP
