.PEN_DOWN
42 3 1
41 3 1
40 3 1
39 3 1
38 3 1
37 3 1
36 3 1
35 3 1
34 3 1
33 3 1
32 3 1
31 3 1
30 3 1
29 3 1
28 3 1
27 3 1
26 3 1
25 3 1
24 3 1
23 3 1
22 3 1
21 3 1
20 3 1
19 3 1
18 3 1
17 2 1
16 2 1
15 2 1
14 2 1
13 2 1
12 2 1
11 2 1
10 2 1
9 1 1
8 1 1
7 1 1
6 1 1
5 1 1
4 1 1
3 1 1
2 2 1
2 3 1
1 4 1
1 5 1
1 6 1
1 7 1
1 8 1
1 9 1
1 10 1
1 11 1
1 12 1
1 13 1
1 14 1
1 15 1
1 16 1
1 17 1
1 18 1
1 19 1
1 20 1
1 21 1
2 22 1
3 23 1
3 24 1
4 25 1
5 26 1
6 26 1
7 27 1
8 27 1
9 28 1
10 28 1
11 28 1
12 28 1
13 28 1
14 28 1
15 28 1
16 28 1
17 28 1
18 27 1
19 27 1
20 27 1
21 27 1
22 27 1
23 26 1
24 26 1
25 25 1
26 25 1
27 25 1
28 24 1
29 24 1
30 24 1
31 23 1
32 22 1
33 22 1
34 21 1
35 20 1
36 20 1
37 19 1
38 19 1
39 18 1
40 17 1
41 17 1
42 16 1
43 15 1
44 14 1
45 13 1
46 12 1
47 12 1
48 11 1
49 10 1
50 9 1
51 8 1
52 7 1
52 6 1
53 5 1
53 4 1
53 3 1
.PEN_UP
.PEN_DOWN
52 53 1
51 54 1
50 55 1
49 55 1
48 55 1
47 55 1
46 55 1
45 55 1
44 55 1
43 55 1
42 55 1
41 55 1
40 55 1
39 55 1
38 55 1
37 55 1
36 55 1
35 55 1
34 55 1
33 55 1
32 54 1
31 54 1
30 54 1
29 54 1
28 54 1
27 54 1
26 54 1
25 54 1
24 54 1
23 54 1
22 54 1
21 53 1
20 53 1
19 53 1
18 53 1
17 53 1
16 53 1
15 53 1
14 54 1
13 54 1
12 55 1
12 56 1
11 57 1
10 58 1
10 59 1
9 60 1
9 61 1
8 62 1
8 63 1
8 64 1
8 65 1
7 66 1
7 67 1
7 68 1
8 69 1
8 70 1
9 71 1
10 72 1
11 73 1
12 73 1
13 74 1
14 74 1
15 74 1
16 74 1
17 74 1
18 74 1
19 74 1
20 74 1
21 74 1
22 73 1
23 73 1
24 73 1
25 72 1
26 72 1
27 72 1
28 71 1
29 71 1
30 70 1
31 70 1
32 70 1
33 69 1
34 68 1
35 68 1
36 68 1
37 68 1
38 68 1
39 67 1
40 68 1
41 68 1
42 68 1
43 69 1
44 69 1
45 70 1
46 71 1
46 72 1
47 73 1
47 74 1
48 75 1
49 76 1
49 77 1
50 78 1
50 79 1
50 80 1
51 81 1
51 82 1
51 83 1
51 84 1
52 85 1
52 86 1
52 87 1
52 88 1
52 89 1
52 90 1
52 91 1
52 92 1
52 93 1
52 94 1
52 95 1
53 96 1
53 97 1
.PEN_UP
.PEN_DOWN
18 118 1
19 118 1
20 119 1
21 119 1
22 119 1
23 119 1
24 119 1
25 119 1
26 118 1
27 118 1
28 118 1
29 117 1
30 117 1
31 117 1
32 116 1
33 116 1
34 116 1
35 116 1
36 116 1
37 115 1
38 115 1
39 115 1
41 113 1
42 113 1
43 112 1
44 111 1
45 110 1
46 110 1
47 110 1
48 109 1
49 109 1
50 108 1
51 108 1
52 107 1
53 107 1
54 107 1
55 106 1
.PEN_UP
.PEN_DOWN
40 114 1
40 117 1
40 118 1
40 119 1
40 120 1
40 121 1
40 122 1
40 123 1
40 124 1
40 125 1
40 126 1
40 127 1
40 128 1
39 129 1
39 130 1
39 131 1
39 132 1
39 133 1
39 134 1
38 135 1
41 136 1
42 136 1
43 136 1
44 136 1
45 136 1
46 137 1
47 137 1
48 137 1
49 137 1
50 137 1
51 137 1
.PEN_UP
.PEN_DOWN
37 135 1
36 134 1
35 134 1
34 134 1
33 134 1
32 134 1
31 133 1
30 133 1
29 133 1
28 132 1
27 132 1
26 131 1
25 131 1
24 131 1
23 131 1
22 130 1
21 129 1
20 129 1
19 129 1
18 128 1
17 128 1
16 127 1
15 126 1
14 126 1
13 125 1
12 124 1
11 123 1
11 122 1
10 121 1
.PEN_UP
.PEN_DOWN
39 136 1
38 138 1
38 139 1
38 140 1
38 141 1
37 142 1
37 143 1
37 144 1
38 145 1
38 146 1
.PEN_UP
.PEN_DOWN
16 177 1
17 177 1
18 178 1
19 178 1
20 178 1
21 178 1
22 178 1
23 178 1
24 179 1
25 179 1
26 179 1
27 179 1
28 179 1
29 179 1
30 179 1
31 179 1
32 180 1
33 180 1
34 180 1
35 180 1
36 180 1
37 180 1
38 180 1
39 181 1
40 181 1
41 181 1
42 182 1
43 182 1
44 182 1
45 183 1
46 184 1
47 185 1
48 186 1
48 187 1
48 188 1
48 189 1
47 190 1
47 191 1
46 192 1
45 193 1
44 194 1
43 195 1
42 196 1
42 197 1
41 198 1
41 199 1
41 200 1
42 201 1
43 202 1
44 202 1
45 203 1
46 203 1
47 204 1
48 205 1
48 206 1
48 207 1
48 208 1
48 209 1
48 210 1
48 211 1
47 212 1
47 213 1
46 214 1
45 215 1
44 216 1
43 217 1
42 217 1
41 218 1
40 219 1
39 219 1
38 219 1
37 220 1
36 220 1
35 221 1
34 222 1
33 222 1
32 222 1
31 223 1
30 223 1
29 224 1
28 224 1
27 224 1
26 224 1
25 225 1
24 225 1
.PEN_UP
.PEN_DOWN
43 242 1
42 242 1
41 243 1
40 243 1
39 243 1
38 244 1
37 244 1
36 245 1
35 245 1
34 245 1
33 245 1
32 245 1
31 246 1
30 246 1
29 246 1
28 247 1
27 248 1
26 249 1
24 249 1
23 249 1
22 249 1
21 249 1
20 249 1
19 249 1
18 248 1
17 248 1
16 248 1
15 248 1
14 247 1
13 247 1
12 247 1
.PEN_UP
.PEN_DOWN
25 250 1
27 252 1
27 253 1
28 254 1
29 254 1
30 255 1
31 255 1
32 256 1
33 256 1
34 257 1
35 258 1
36 259 1
37 260 1
38 261 1
39 262 1
39 263 1
40 264 1
40 265 1
40 266 1
40 267 1
40 268 1
40 269 1
39 270 1
39 271 1
38 272 1
37 273 1
36 274 1
35 274 1
34 275 1
33 276 1
32 276 1
31 277 1
30 278 1
29 278 1
28 278 1
27 279 1
26 279 1
25 280 1
24 280 1
23 280 1
22 281 1
21 281 1
20 281 1
19 281 1
18 281 1
17 281 1
16 280 1
15 280 1
.PEN_UP
