.PEN_DOWN
16 106 1
17 106 1
18 105 1
18 104 1
19 103 1
20 102 1
20 101 1
21 100 1
22 99 1
22 98 1
23 97 1
24 96 1
24 95 1
25 94 1
26 93 1
28 92 1
29 92 1
30 92 1
31 92 1
32 92 1
33 92 1
34 92 1
35 93 1
35 94 1
35 95 1
35 96 1
35 97 1
35 98 1
35 99 1
35 100 1
34 101 1
34 102 1
34 103 1
34 104 1
34 105 1
33 106 1
33 107 1
33 108 1
33 109 1
33 110 1
33 111 1
32 112 1
32 113 1
32 114 1
31 115 1
31 116 1
31 117 1
31 118 1
31 119 1
30 120 1
30 121 1
30 122 1
30 123 1
29 124 1
29 125 1
29 126 1
29 127 1
29 128 1
29 129 1
28 130 1
28 131 1
28 132 1
28 133 1
28 134 1
28 135 1
27 136 1
27 137 1
27 138 1
27 139 1
26 142 1
26 143 1
25 144 1
.PEN_UP
.PEN_DOWN
27 140 1
29 140 1
30 140 1
31 140 1
32 140 1
33 140 1
34 140 1
35 141 1
36 142 1
35 143 1
35 144 1
35 145 1
35 146 1
35 147 1
35 148 1
35 149 1
35 150 1
35 151 1
35 152 1
34 153 1
34 154 1
34 155 1
34 156 1
34 157 1
33 158 1
33 159 1
33 160 1
33 161 1
33 162 1
33 163 1
32 164 1
32 165 1
32 166 1
31 167 1
31 168 1
31 169 1
30 170 1
29 171 1
29 172 1
29 173 1
28 174 1
28 175 1
28 176 1
27 178 1
26 179 1
25 180 1
25 181 1
24 182 1
23 183 1
22 184 1
21 185 1
20 186 1
19 187 1
19 188 1
18 189 1
17 190 1
16 191 1
.PEN_UP
.PEN_DOWN
28 177 1
30 177 1
31 177 1
32 176 1
33 176 1
34 176 1
35 176 1
36 176 1
37 175 1
38 175 1
39 175 1
40 175 1
41 175 1
42 175 1
43 175 1
44 176 1
45 177 1
45 178 1
45 179 1
44 180 1
44 181 1
44 182 1
44 183 1
44 184 1
44 185 1
43 186 1
43 187 1
43 188 1
43 189 1
42 190 1
42 191 1
42 192 1
41 193 1
41 194 1
40 195 1
40 196 1
39 197 1
39 198 1
38 199 1
37 200 1
36 201 1
36 202 1
36 203 1
35 204 1
35 205 1
35 206 1
35 207 1
35 208 1
34 210 1
33 211 1
33 212 1
32 213 1
31 214 1
30 215 1
30 216 1
29 217 1
28 218 1
27 219 1
26 220 1
25 221 1
24 222 1
23 223 1
23 224 1
22 225 1
22 226 1
21 227 1
20 228 1
19 229 1
19 230 1
.PEN_UP
.PEN_DOWN
35 209 1
37 208 1
38 208 1
39 208 1
40 207 1
41 207 1
42 207 1
43 206 1
44 205 1
45 204 1
46 203 1
47 203 1
48 202 1
49 201 1
50 200 1
51 199 1
52 199 1
53 198 1
54 197 1
55 196 1
56 196 1
57 195 1
58 194 1
59 193 1
60 192 1
61 191 1
62 190 1
63 189 1
64 188 1
65 188 1
66 187 1
67 186 1
68 185 1
68 184 1
69 183 1
70 182 1
71 182 1
72 181 1
73 180 1
74 179 1
75 178 1
76 177 1
77 176 1
78 175 1
79 174 1
80 173 1
81 172 1
82 172 1
83 171 1
84 170 1
85 169 1
86 168 1
87 167 1
88 166 1
89 165 1
90 164 1
91 163 1
92 162 1
93 161 1
94 161 1
95 160 1
96 159 1
97 158 1
98 157 1
99 156 1
100 155 1
101 154 1
102 153 1
103 152 1
104 151 1
105 150 1
105 149 1
106 148 1
107 147 1
108 147 1
109 146 1
110 145 1
111 144 1
112 143 1
113 142 1
114 141 1
115 140 1
116 139 1
117 138 1
117 137 1
118 136 1
119 135 1
120 134 1
121 133 1
122 132 1
123 131 1
124 130 1
125 129 1
126 128 1
127 127 1
128 126 1
129 125 1
130 124 1
130 123 1
131 122 1
132 121 1
132 120 1
133 119 1
134 118 1
134 117 1
134 116 1
134 115 1
135 114 1
135 113 1
134 112 1
134 111 1
133 110 1
132 110 1
131 110 1
130 110 1
129 110 1
128 111 1
127 111 1
126 111 1
125 112 1
124 112 1
123 113 1
122 113 1
121 114 1
120 115 1
119 116 1
118 117 1
117 117 1
116 118 1
115 118 1
114 119 1
113 120 1
112 121 1
111 122 1
110 122 1
109 123 1
108 124 1
108 125 1
107 126 1
106 127 1
105 128 1
105 129 1
104 130 1
103 131 1
102 132 1
101 133 1
101 134 1
.PEN_UP
.PEN_DOWN
26 92 1
26 91 1
26 90 1
26 89 1
27 88 1
27 87 1
27 86 1
27 85 1
27 84 1
28 83 1
28 82 1
28 81 1
29 80 1
29 79 1
29 78 1
30 77 1
30 76 1
30 75 1
30 74 1
30 73 1
31 72 1
31 71 1
31 70 1
32 69 1
32 68 1
32 67 1
32 66 1
33 65 1
33 64 1
33 63 1
34 62 1
34 61 1
34 60 1
34 59 1
34 58 1
34 57 1
34 56 1
34 55 1
34 54 1
34 53 1
34 52 1
34 51 1
34 50 1
34 49 1
33 48 1
32 47 1
31 47 1
30 46 1
29 46 1
28 46 1
27 46 1
25 47 1
24 48 1
23 49 1
22 50 1
22 51 1
22 52 1
21 53 1
20 54 1
19 54 1
18 55 1
17 56 1
16 57 1
15 58 1
14 58 1
13 59 1
12 59 1
11 59 1
10 59 1
9 59 1
8 59 1
7 59 1
6 59 1
5 59 1
4 59 1
3 58 1
2 57 1
1 56 1
1 55 1
1 54 1
1 53 1
1 52 1
2 51 1
2 50 1
2 49 1
2 48 1
3 47 1
3 46 1
3 45 1
4 44 1
4 43 1
4 42 1
4 41 1
5 40 1
5 39 1
5 38 1
6 37 1
6 36 1
7 35 1
7 34 1
8 33 1
8 32 1
8 31 1
9 30 1
9 29 1
10 28 1
10 27 1
11 26 1
11 25 1
12 24 1
12 23 1
13 22 1
13 21 1
13 20 1
14 19 1
15 18 1
15 17 1
16 16 1
16 15 1
17 14 1
17 13 1
18 12 1
19 11 1
19 10 1
20 9 1
21 8 1
22 7 1
23 6 1
24 5 1
25 4 1
26 3 1
27 2 1
28 2 1
29 2 1
30 1 1
31 1 1
32 2 1
33 2 1
34 3 1
34 4 1
35 5 1
35 6 1
35 7 1
35 8 1
35 9 1
35 10 1
35 11 1
35 12 1
35 13 1
35 14 1
35 15 1
35 16 1
35 17 1
34 18 1
34 19 1
33 20 1
33 21 1
32 22 1
32 23 1
32 24 1
31 25 1
31 26 1
31 27 1
31 28 1
30 29 1
30 30 1
30 31 1
30 32 1
29 33 1
29 34 1
29 35 1
28 36 1
28 37 1
28 38 1
27 39 1
27 40 1
27 41 1
26 42 1
26 43 1
26 44 1
26 45 1
.PEN_UP
.PEN_DOWN
130 98 1
131 97 1
132 97 1
133 96 1
134 95 1
135 95 1
136 95 1
137 94 1
137 93 1
138 92 1
138 91 1
.PEN_UP
.PEN_DOWN
138 215 1
138 216 1
137 217 1
137 218 1
136 219 1
135 220 1
134 221 1
133 221 1
132 221 1
131 222 1
130 223 1
129 223 1
128 224 1
.PEN_UP
