.PEN_DOWN
1 1 1
2 1 1
3 1 1
4 1 1
5 1 1
6 1 1
7 1 1
8 1 1
9 1 1
10 1 1
11 2 1
12 2 1
13 2 1
14 2 1
15 2 1
16 2 1
17 2 1
18 2 1
19 2 1
20 3 1
21 2 1
22 2 1
23 2 1
24 2 1
25 2 1
26 2 1
27 2 1
28 2 1
29 2 1
30 2 1
31 2 1
32 2 1
33 2 1
34 2 1
35 2 1
36 2 1
37 2 1
38 2 1
39 2 1
40 2 1
41 2 1
42 2 1
43 2 1
44 2 1
45 2 1
46 2 1
47 2 1
48 2 1
49 2 1
50 3 1
50 5 1
50 6 1
50 7 1
49 8 1
49 9 1
49 10 1
48 11 1
48 12 1
47 13 1
46 14 1
46 15 1
45 16 1
45 17 1
44 18 1
44 19 1
43 20 1
42 21 1
42 22 1
41 23 1
41 24 1
40 25 1
40 26 1
39 27 1
39 28 1
39 29 1
39 30 1
39 31 1
38 32 1
38 33 1
37 35 1
37 36 1
37 37 1
35 38 1
34 38 1
33 39 1
32 39 1
31 39 1
30 40 1
.PEN_UP
.PEN_DOWN
36 38 1
38 39 1
39 40 1
39 41 1
40 42 1
41 42 1
42 42 1
43 43 1
44 43 1
45 44 1
46 44 1
47 44 1
48 44 1
49 44 1
50 44 1
51 44 1
52 43 1
53 43 1
54 42 1
55 41 1
56 40 1
56 39 1
56 38 1
56 37 1
55 36 1
54 35 1
53 34 1
52 34 1
51 34 1
50 33 1
49 33 1
48 33 1
47 33 1
46 33 1
45 33 1
44 33 1
43 33 1
42 34 1
41 34 1
40 34 1
39 34 1
.PEN_UP
.PEN_DOWN
56 60 1
55 61 1
54 61 1
53 61 1
52 61 1
51 62 1
50 62 1
49 62 1
48 63 1
47 63 1
46 63 1
45 64 1
44 64 1
43 64 1
42 65 1
41 65 1
40 66 1
39 66 1
38 67 1
37 68 1
36 69 1
35 70 1
35 71 1
35 72 1
35 73 1
35 74 1
36 75 1
37 76 1
38 76 1
.PEN_UP
.PEN_DOWN
11 93 1
12 93 1
13 93 1
14 93 1
15 93 1
16 93 1
17 93 1
18 93 1
19 93 1
20 93 1
21 92 1
22 92 1
23 92 1
24 92 1
25 91 1
26 91 1
27 91 1
28 91 1
29 91 1
30 90 1
31 90 1
32 90 1
33 89 1
34 89 1
35 89 1
36 89 1
37 89 1
38 88 1
39 88 1
40 88 1
41 88 1
42 88 1
43 88 1
44 88 1
45 88 1
46 89 1
48 88 1
49 87 1
50 87 1
51 86 1
52 86 1
53 86 1
54 85 1
55 85 1
56 85 1
57 85 1
.PEN_UP
.PEN_DOWN
47 89 1
47 91 1
47 92 1
47 93 1
47 94 1
47 95 1
47 96 1
45 98 1
44 99 1
44 100 1
44 101 1
44 102 1
43 103 1
43 104 1
43 105 1
42 106 1
42 107 1
41 108 1
40 109 1
40 110 1
40 111 1
41 112 1
41 113 1
.PEN_UP
.PEN_DOWN
46 97 1
48 98 1
49 98 1
50 99 1
51 99 1
52 99 1
53 100 1
54 101 1
55 102 1
55 103 1
56 104 1
57 105 1
57 106 1
58 107 1
59 108 1
59 109 1
60 110 1
60 111 1
60 112 1
61 113 1
61 114 1
61 115 1
61 116 1
61 117 1
.PEN_UP
