.PEN_DOWN
19 20 1
20 20 1
21 19 1
22 19 1
23 19 1
24 19 1
25 19 1
26 19 1
27 19 1
28 19 1
29 19 1
30 18 1
31 18 1
32 18 1
33 18 1
34 17 1
35 17 1
36 17 1
37 17 1
38 17 1
39 17 1
40 16 1
41 16 1
42 16 1
43 16 1
44 16 1
45 15 1
46 15 1
47 15 1
48 15 1
49 14 1
50 14 1
51 14 1
52 14 1
53 14 1
54 14 1
55 13 1
56 13 1
57 13 1
58 13 1
59 13 1
60 13 1
61 13 1
64 12 1
65 12 1
66 12 1
67 12 1
68 12 1
69 12 1
70 12 1
71 12 1
72 12 1
73 12 1
74 12 1
75 12 1
76 12 1
77 12 1
78 12 1
79 12 1
80 12 1
81 12 1
82 12 1
83 12 1
84 13 1
85 13 1
86 13 1
87 14 1
88 15 1
89 16 1
89 17 1
.PEN_UP
.PEN_DOWN
62 12 1
62 15 1
62 16 1
62 17 1
62 18 1
62 19 1
62 20 1
62 21 1
62 22 1
62 23 1
62 24 1
62 25 1
62 26 1
62 27 1
62 28 1
62 29 1
62 30 1
62 31 1
62 32 1
62 33 1
62 34 1
62 35 1
62 36 1
61 39 1
60 40 1
60 41 1
59 42 1
58 43 1
57 43 1
56 43 1
55 44 1
54 45 1
54 46 1
55 47 1
55 48 1
56 49 1
56 50 1
57 51 1
58 52 1
59 53 1
60 54 1
.PEN_UP
.PEN_DOWN
62 37 1
64 37 1
65 37 1
66 37 1
67 37 1
68 37 1
69 36 1
70 36 1
71 36 1
72 35 1
73 35 1
74 35 1
75 34 1
76 34 1
77 33 1
78 33 1
79 33 1
80 33 1
81 32 1
82 32 1
83 31 1
84 31 1
85 30 1
86 30 1
.PEN_UP
.PEN_DOWN
62 11 1
62 10 1
62 9 1
62 8 1
62 7 1
61 6 1
61 5 1
61 4 1
61 3 1
61 2 1
62 1 1
.PEN_UP
.PEN_DOWN
55 81 1
56 80 1
57 79 1
58 78 1
60 76 1
61 76 1
62 76 1
63 76 1
64 76 1
65 76 1
66 76 1
67 76 1
68 75 1
70 76 1
71 76 1
72 76 1
73 77 1
74 77 1
75 78 1
76 79 1
76 80 1
76 81 1
76 82 1
75 83 1
75 84 1
75 85 1
74 86 1
74 87 1
73 88 1
72 89 1
71 90 1
71 91 1
70 92 1
69 93 1
69 94 1
68 95 1
68 96 1
67 97 1
67 98 1
66 99 1
65 100 1
64 100 1
63 100 1
62 100 1
61 101 1
60 101 1
59 101 1
58 101 1
57 101 1
56 101 1
55 101 1
.PEN_UP
.PEN_DOWN
67 100 1
68 100 1
69 100 1
70 100 1
71 100 1
72 100 1
73 101 1
73 102 1
73 103 1
73 104 1
73 105 1
72 106 1
72 107 1
71 108 1
70 108 1
69 109 1
68 110 1
67 111 1
66 112 1
65 113 1
64 113 1
63 114 1
62 115 1
61 115 1
60 116 1
59 117 1
58 118 1
57 119 1
57 120 1
57 121 1
58 122 1
59 123 1
60 124 1
60 125 1
61 126 1
60 128 1
59 129 1
58 130 1
57 130 1
56 131 1
55 132 1
54 133 1
53 134 1
52 134 1
51 135 1
51 136 1
50 137 1
50 138 1
49 139 1
48 140 1
47 141 1
46 142 1
46 143 1
45 144 1
45 145 1
46 146 1
46 147 1
47 148 1
48 148 1
49 148 1
50 148 1
51 148 1
52 148 1
53 147 1
54 146 1
55 146 1
56 145 1
57 144 1
58 143 1
59 142 1
60 141 1
61 140 1
61 139 1
62 138 1
63 137 1
63 136 1
64 135 1
64 134 1
65 133 1
65 132 1
65 131 1
65 130 1
65 129 1
65 128 1
67 126 1
68 126 1
69 126 1
70 126 1
71 126 1
72 126 1
73 126 1
74 126 1
75 126 1
76 127 1
77 127 1
78 127 1
79 127 1
80 127 1
81 128 1
82 129 1
82 130 1
82 131 1
82 132 1
82 133 1
82 134 1
81 135 1
81 136 1
80 137 1
80 138 1
79 139 1
78 140 1
78 141 1
77 142 1
76 143 1
76 144 1
75 145 1
74 146 1
73 147 1
72 148 1
71 149 1
70 150 1
69 151 1
68 152 1
68 153 1
67 154 1
66 155 1
65 156 1
64 157 1
63 158 1
62 159 1
61 160 1
60 161 1
59 162 1
59 163 1
58 164 1
58 165 1
56 167 1
55 167 1
54 167 1
53 167 1
52 167 1
51 167 1
50 167 1
49 167 1
48 167 1
47 168 1
46 168 1
45 169 1
44 169 1
43 170 1
42 171 1
41 172 1
40 172 1
39 172 1
38 173 1
37 173 1
36 174 1
35 174 1
34 175 1
33 175 1
32 176 1
31 176 1
30 176 1
29 177 1
28 177 1
27 178 1
26 178 1
25 179 1
25 180 1
24 181 1
23 182 1
22 183 1
21 183 1
20 184 1
19 184 1
18 184 1
17 185 1
16 185 1
15 185 1
14 186 1
13 186 1
12 186 1
11 186 1
8 186 1
7 186 1
6 187 1
5 187 1
4 187 1
3 187 1
2 187 1
1 188 1
.PEN_UP
.PEN_DOWN
10 185 1
10 184 1
11 183 1
11 182 1
12 181 1
13 180 1
14 179 1
15 179 1
16 179 1
17 178 1
18 178 1
19 177 1
20 177 1
21 177 1
22 177 1
23 177 1
24 177 1
25 177 1
.PEN_UP
.PEN_DOWN
57 166 1
59 167 1
60 167 1
61 167 1
62 167 1
63 167 1
64 167 1
65 167 1
66 167 1
67 167 1
68 167 1
69 167 1
70 167 1
71 166 1
72 166 1
73 166 1
74 166 1
75 166 1
76 166 1
77 166 1
78 167 1
79 167 1
80 167 1
.PEN_UP
.PEN_DOWN
69 74 1
69 73 1
70 72 1
70 71 1
71 70 1
71 69 1
72 68 1
73 67 1
74 66 1
74 65 1
75 64 1
75 63 1
76 62 1
76 61 1
76 60 1
76 59 1
75 58 1
74 57 1
73 56 1
72 56 1
71 56 1
70 56 1
69 57 1
68 57 1
67 58 1
66 58 1
65 59 1
64 60 1
64 61 1
63 62 1
62 62 1
61 63 1
60 64 1
59 65 1
59 66 1
58 67 1
57 68 1
57 69 1
56 70 1
56 71 1
57 72 1
57 73 1
57 74 1
57 75 1
58 76 1
.PEN_UP
