.PEN_DOWN
10 1 1
11 2 1
12 3 1
13 3 1
14 4 1
15 5 1
16 6 1
17 7 1
18 7 1
19 8 1
20 8 1
21 9 1
22 10 1
23 10 1
24 11 1
25 11 1
26 12 1
27 13 1
.PEN_UP
.PEN_DOWN
9 19 1
10 20 1
11 21 1
12 22 1
13 23 1
14 24 1
15 25 1
16 26 1
17 27 1
17 28 1
18 29 1
20 30 1
21 30 1
22 31 1
23 31 1
.PEN_UP
.PEN_DOWN
17 30 1
16 31 1
15 32 1
14 33 1
14 34 1
13 35 1
12 36 1
12 37 1
11 38 1
11 39 1
11 40 1
12 41 1
12 42 1
13 43 1
14 44 1
14 45 1
15 46 1
16 47 1
17 48 1
17 49 1
18 50 1
19 51 1
20 52 1
21 53 1
22 54 1
23 55 1
24 56 1
25 57 1
26 57 1
27 57 1
28 57 1
.PEN_UP
