.PEN_DOWN
31 14 1
30 15 1
29 15 1
28 16 1
27 17 1
26 18 1
26 19 1
26 20 1
25 21 1
25 22 1
24 23 1
23 24 1
22 24 1
21 25 1
21 27 1
21 28 1
21 29 1
21 30 1
21 31 1
21 32 1
21 33 1
21 34 1
22 35 1
22 36 1
22 37 1
23 38 1
24 38 1
25 39 1
26 39 1
27 39 1
28 38 1
29 38 1
30 38 1
31 37 1
32 37 1
33 36 1
34 35 1
35 34 1
35 33 1
36 32 1
37 31 1
37 30 1
38 29 1
39 28 1
39 27 1
40 26 1
40 25 1
41 24 1
41 23 1
41 22 1
42 21 1
43 20 1
43 19 1
43 18 1
44 17 1
44 16 1
44 15 1
44 14 1
45 13 1
45 12 1
45 11 1
45 10 1
45 9 1
45 8 1
44 7 1
44 6 1
43 5 1
42 4 1
41 3 1
40 2 1
39 1 1
38 1 1
37 1 1
36 1 1
35 1 1
34 1 1
33 1 1
32 2 1
31 2 1
30 2 1
29 3 1
28 4 1
27 4 1
26 5 1
25 6 1
24 7 1
23 8 1
22 9 1
21 10 1
21 11 1
20 12 1
19 13 1
19 14 1
18 15 1
18 16 1
17 17 1
17 18 1
17 19 1
17 20 1
17 21 1
17 22 1
17 23 1
17 24 1
18 25 1
19 25 1
.PEN_UP
.PEN_DOWN
20 66 1
21 65 1
22 64 1
23 63 1
23 62 1
24 61 1
25 60 1
26 59 1
27 58 1
27 57 1
28 56 1
29 55 1
30 55 1
31 54 1
32 53 1
33 53 1
34 52 1
35 52 1
36 51 1
37 51 1
38 51 1
39 50 1
40 50 1
41 50 1
42 51 1
43 51 1
44 52 1
45 53 1
45 54 1
45 55 1
45 56 1
45 57 1
45 58 1
45 59 1
45 60 1
45 61 1
44 62 1
44 63 1
43 64 1
43 65 1
43 66 1
42 67 1
42 68 1
41 69 1
41 70 1
40 71 1
39 72 1
38 73 1
38 74 1
38 75 1
38 76 1
37 77 1
37 78 1
37 79 1
37 80 1
35 81 1
34 82 1
33 83 1
32 84 1
31 85 1
30 86 1
29 87 1
28 87 1
27 88 1
.PEN_UP
.PEN_DOWN
36 81 1
39 81 1
40 81 1
41 81 1
42 81 1
43 82 1
44 82 1
45 83 1
46 84 1
47 84 1
.PEN_UP
.PEN_DOWN
26 124 1
26 125 1
27 126 1
27 127 1
27 128 1
27 129 1
28 130 1
30 130 1
31 130 1
32 130 1
33 130 1
34 129 1
35 128 1
36 128 1
37 128 1
38 127 1
39 126 1
40 126 1
41 125 1
42 125 1
43 124 1
44 124 1
45 123 1
46 123 1
47 123 1
48 122 1
49 122 1
50 121 1
51 121 1
52 120 1
.PEN_UP
.PEN_DOWN
28 131 1
27 133 1
27 134 1
27 135 1
26 136 1
24 137 1
23 137 1
22 138 1
21 138 1
20 138 1
19 139 1
18 139 1
17 140 1
16 141 1
15 141 1
14 142 1
13 143 1
12 143 1
11 144 1
10 145 1
9 145 1
8 146 1
7 147 1
6 147 1
5 148 1
4 149 1
3 149 1
2 149 1
1 150 1
.PEN_UP
.PEN_DOWN
25 137 1
26 139 1
26 140 1
27 141 1
27 142 1
.PEN_UP
