.PEN_DOWN
35 106 1
36 107 1
37 108 1
38 108 1
39 108 1
40 109 1
41 110 1
42 111 1
43 111 1
44 112 1
45 113 1
46 114 1
48 117 1
49 118 1
50 119 1
50 120 1
51 121 1
52 122 1
52 123 1
53 124 1
54 125 1
55 126 1
55 127 1
56 128 1
56 129 1
57 130 1
58 131 1
58 132 1
58 133 1
59 134 1
60 135 1
60 136 1
.PEN_UP
.PEN_DOWN
47 113 1
48 113 1
49 112 1
50 112 1
51 111 1
52 111 1
53 110 1
54 109 1
55 108 1
56 107 1
57 106 1
59 106 1
60 106 1
61 105 1
62 105 1
63 105 1
64 105 1
65 104 1
66 104 1
67 103 1
68 102 1
69 102 1
70 101 1
71 101 1
72 100 1
73 100 1
74 99 1
75 99 1
76 98 1
77 98 1
78 97 1
79 97 1
80 96 1
81 96 1
82 96 1
83 95 1
84 95 1
85 95 1
86 94 1
87 94 1
88 94 1
89 95 1
90 95 1
91 96 1
92 97 1
93 98 1
92 99 1
92 100 1
92 101 1
91 102 1
91 103 1
91 104 1
90 105 1
89 105 1
88 106 1
.PEN_UP
.PEN_DOWN
57 105 1
57 104 1
57 103 1
57 102 1
58 101 1
58 100 1
59 99 1
59 98 1
60 97 1
61 96 1
62 95 1
62 94 1
63 93 1
64 92 1
64 91 1
65 90 1
66 89 1
66 88 1
67 87 1
68 86 1
69 85 1
69 84 1
70 83 1
71 82 1
71 81 1
72 80 1
73 79 1
73 78 1
74 77 1
75 76 1
75 75 1
76 74 1
77 73 1
77 72 1
78 71 1
79 70 1
79 69 1
80 68 1
81 67 1
81 66 1
81 65 1
82 64 1
83 63 1
83 62 1
84 61 1
84 60 1
85 59 1
85 58 1
86 57 1
86 56 1
87 55 1
87 54 1
88 53 1
88 52 1
89 51 1
89 50 1
90 49 1
90 48 1
90 47 1
91 46 1
91 45 1
91 44 1
91 43 1
92 42 1
92 41 1
92 40 1
91 39 1
90 38 1
89 38 1
88 38 1
87 38 1
86 38 1
84 39 1
83 39 1
82 40 1
81 41 1
80 41 1
79 42 1
79 43 1
78 44 1
77 45 1
76 46 1
75 46 1
74 47 1
73 48 1
72 49 1
71 50 1
70 51 1
69 51 1
68 52 1
67 53 1
66 53 1
65 54 1
64 55 1
63 56 1
62 56 1
61 57 1
60 57 1
59 57 1
58 57 1
57 57 1
56 57 1
55 56 1
54 56 1
53 56 1
52 56 1
51 56 1
50 56 1
49 56 1
48 56 1
47 55 1
46 55 1
45 54 1
44 54 1
43 54 1
42 53 1
41 52 1
40 51 1
40 50 1
40 49 1
39 48 1
39 47 1
39 46 1
39 45 1
39 44 1
39 43 1
40 42 1
40 41 1
40 40 1
41 39 1
41 38 1
41 37 1
42 36 1
43 35 1
43 34 1
44 33 1
44 32 1
45 31 1
45 30 1
46 29 1
47 28 1
48 27 1
49 26 1
50 25 1
51 24 1
52 23 1
53 22 1
54 21 1
55 20 1
56 19 1
57 18 1
58 17 1
59 16 1
60 15 1
61 14 1
62 14 1
63 13 1
64 12 1
65 11 1
66 10 1
67 10 1
68 9 1
69 8 1
70 8 1
71 7 1
72 6 1
73 5 1
74 4 1
75 4 1
76 4 1
77 3 1
78 2 1
79 2 1
80 2 1
81 1 1
82 1 1
83 1 1
84 1 1
85 1 1
86 1 1
87 1 1
88 1 1
89 2 1
90 3 1
91 4 1
91 5 1
92 6 1
92 7 1
92 8 1
92 9 1
92 10 1
92 11 1
92 12 1
92 13 1
92 14 1
92 15 1
91 16 1
91 17 1
91 18 1
91 19 1
90 20 1
90 21 1
90 22 1
90 23 1
89 24 1
88 25 1
88 26 1
88 27 1
87 28 1
87 29 1
87 30 1
86 31 1
86 32 1
86 33 1
85 34 1
85 35 1
85 36 1
85 37 1
.PEN_UP
.PEN_DOWN
46 115 1
45 117 1
44 118 1
43 119 1
42 120 1
41 120 1
40 121 1
39 122 1
38 123 1
37 124 1
36 125 1
35 126 1
34 127 1
33 127 1
32 128 1
31 129 1
30 130 1
29 131 1
28 132 1
27 133 1
26 134 1
25 134 1
24 135 1
23 136 1
22 137 1
21 137 1
20 138 1
19 139 1
18 140 1
17 141 1
16 142 1
15 142 1
14 143 1
13 143 1
12 144 1
11 145 1
10 146 1
9 146 1
8 147 1
7 148 1
6 148 1
5 149 1
4 150 1
3 151 1
2 152 1
1 153 1
.PEN_UP
