.PEN_DOWN
7 24 1
6 24 1
5 25 1
4 25 1
3 25 1
2 25 1
1 24 1
1 23 1
1 22 1
1 21 1
1 20 1
1 19 1
2 18 1
3 17 1
4 16 1
4 15 1
5 14 1
6 13 1
7 12 1
8 12 1
9 11 1
10 11 1
11 10 1
12 9 1
13 8 1
14 7 1
15 6 1
16 6 1
17 5 1
18 4 1
19 4 1
20 3 1
21 3 1
22 2 1
23 2 1
24 2 1
25 2 1
26 2 1
27 2 1
28 2 1
29 2 1
30 1 1
31 1 1
32 1 1
33 1 1
34 1 1
35 1 1
36 2 1
37 2 1
38 2 1
39 3 1
40 4 1
40 5 1
40 6 1
40 7 1
40 8 1
40 9 1
40 10 1
39 11 1
39 12 1
38 13 1
38 14 1
37 15 1
36 16 1
35 17 1
34 18 1
33 19 1
32 20 1
32 21 1
31 22 1
31 23 1
31 24 1
29 25 1
28 25 1
27 25 1
26 25 1
25 26 1
24 26 1
23 27 1
22 27 1
21 27 1
20 28 1
19 28 1
18 28 1
17 29 1
16 29 1
15 29 1
14 30 1
13 30 1
12 31 1
11 31 1
10 32 1
9 32 1
8 32 1
7 33 1
6 33 1
5 34 1
4 34 1
3 35 1
2 35 1
1 35 1
.PEN_UP
.PEN_DOWN
30 25 1
33 25 1
34 26 1
35 26 1
36 27 1
37 28 1
37 29 1
37 30 1
37 31 1
36 32 1
36 33 1
35 34 1
34 35 1
33 36 1
32 37 1
31 38 1
30 39 1
29 40 1
28 40 1
27 41 1
26 42 1
25 43 1
24 44 1
23 44 1
22 45 1
21 46 1
20 46 1
19 47 1
19 48 1
18 49 1
17 50 1
16 50 1
15 51 1
14 52 1
14 53 1
14 54 1
13 55 1
13 56 1
14 57 1
15 57 1
16 57 1
17 57 1
18 57 1
19 57 1
20 57 1
21 57 1
22 57 1
23 57 1
24 57 1
25 56 1
26 56 1
27 56 1
28 56 1
29 56 1
30 56 1
31 55 1
32 55 1
33 56 1
34 56 1
35 56 1
36 57 1
37 57 1
38 58 1
39 59 1
40 60 1
40 61 1
41 62 1
41 63 1
41 64 1
41 65 1
41 66 1
41 67 1
41 68 1
41 69 1
41 70 1
41 71 1
40 72 1
40 73 1
39 74 1
39 75 1
38 76 1
38 77 1
38 78 1
37 79 1
36 80 1
36 81 1
34 82 1
33 82 1
32 82 1
31 83 1
30 84 1
27 84 1
26 84 1
25 85 1
24 85 1
23 85 1
22 86 1
22 87 1
20 91 1
19 92 1
18 92 1
17 93 1
16 94 1
15 95 1
14 96 1
13 97 1
13 98 1
12 99 1
12 100 1
11 101 1
10 102 1
.PEN_UP
.PEN_DOWN
22 88 1
26 90 1
27 89 1
27 88 1
28 87 1
28 86 1
29 85 1
.PEN_UP
.PEN_DOWN
35 82 1
37 83 1
38 83 1
39 84 1
39 85 1
39 86 1
39 87 1
39 88 1
39 89 1
39 90 1
39 91 1
39 92 1
39 93 1
39 94 1
38 95 1
38 96 1
38 97 1
38 98 1
38 99 1
37 100 1
37 101 1
37 102 1
37 103 1
37 104 1
37 105 1
37 106 1
37 107 1
37 108 1
37 109 1
37 110 1
38 111 1
38 112 1
37 113 1
37 114 1
37 115 1
36 116 1
36 117 1
35 118 1
34 119 1
34 120 1
33 121 1
32 122 1
32 123 1
31 124 1
30 125 1
29 126 1
28 127 1
27 128 1
26 129 1
25 130 1
24 131 1
23 132 1
23 133 1
22 134 1
22 135 1
22 136 1
22 137 1
22 138 1
22 139 1
22 140 1
22 141 1
22 142 1
22 143 1
22 144 1
22 145 1
23 146 1
24 147 1
26 148 1
27 148 1
28 148 1
29 149 1
29 150 1
29 151 1
29 152 1
29 153 1
29 154 1
28 155 1
27 156 1
26 156 1
25 157 1
23 159 1
23 160 1
23 161 1
23 162 1
22 163 1
22 164 1
22 165 1
22 166 1
24 167 1
25 167 1
26 167 1
27 167 1
28 167 1
29 167 1
30 167 1
31 167 1
32 167 1
33 168 1
34 169 1
35 170 1
35 171 1
35 172 1
36 173 1
36 174 1
36 175 1
.PEN_UP
.PEN_DOWN
21 167 1
20 167 1
19 167 1
18 167 1
17 167 1
16 166 1
15 165 1
15 164 1
14 163 1
14 162 1
14 161 1
14 160 1
14 159 1
15 158 1
15 157 1
16 156 1
17 155 1
18 155 1
19 154 1
20 154 1
21 152 1
22 151 1
22 150 1
23 149 1
24 148 1
.PEN_UP
.PEN_DOWN
21 153 1
22 155 1
23 156 1
24 157 1
.PEN_UP
.PEN_DOWN
72 184 1
71 185 1
70 186 1
69 186 1
68 187 1
67 188 1
66 189 1
65 189 1
64 190 1
63 191 1
62 192 1
61 193 1
60 193 1
59 194 1
58 195 1
57 195 1
56 196 1
55 197 1
54 198 1
53 199 1
52 199 1
51 200 1
50 201 1
49 201 1
48 202 1
47 203 1
46 204 1
45 205 1
44 206 1
43 206 1
42 207 1
41 208 1
40 208 1
39 209 1
38 210 1
35 210 1
34 210 1
33 210 1
32 210 1
31 210 1
30 211 1
29 211 1
28 211 1
27 211 1
26 211 1
25 211 1
24 210 1
24 209 1
23 208 1
24 207 1
24 206 1
24 205 1
24 204 1
25 203 1
26 202 1
26 201 1
27 200 1
27 199 1
28 198 1
29 197 1
29 196 1
30 195 1
30 194 1
31 193 1
31 192 1
31 191 1
31 190 1
31 189 1
31 188 1
31 187 1
30 186 1
30 185 1
29 184 1
28 183 1
27 182 1
26 183 1
25 183 1
24 183 1
23 183 1
22 183 1
21 184 1
20 184 1
19 185 1
18 186 1
17 187 1
16 188 1
15 189 1
14 189 1
13 190 1
12 191 1
12 192 1
11 193 1
10 194 1
9 195 1
9 196 1
8 197 1
8 198 1
8 199 1
.PEN_UP
.PEN_DOWN
37 210 1
36 212 1
36 213 1
36 214 1
35 215 1
35 216 1
35 217 1
35 218 1
34 219 1
34 220 1
33 221 1
32 222 1
31 222 1
30 222 1
29 222 1
28 222 1
27 222 1
26 222 1
25 222 1
24 223 1
23 223 1
22 223 1
21 224 1
20 224 1
19 224 1
18 225 1
17 225 1
16 225 1
15 226 1
14 227 1
13 227 1
12 228 1
11 228 1
10 228 1
9 229 1
8 229 1
7 229 1
6 230 1
.PEN_UP
.PEN_DOWN
34 222 1
35 222 1
36 222 1
37 222 1
38 223 1
39 223 1
40 223 1
41 224 1
42 224 1
43 225 1
44 226 1
45 227 1
46 228 1
47 229 1
48 230 1
48 231 1
49 232 1
49 233 1
49 234 1
49 235 1
49 236 1
49 237 1
49 238 1
49 239 1
49 240 1
48 241 1
48 242 1
48 243 1
48 244 1
48 245 1
46 246 1
45 247 1
44 247 1
43 248 1
42 249 1
41 250 1
.PEN_UP
.PEN_DOWN
47 246 1
49 247 1
50 248 1
51 249 1
51 250 1
52 251 1
53 252 1
53 253 1
53 254 1
53 255 1
53 256 1
53 257 1
53 258 1
53 259 1
52 260 1
52 261 1
52 262 1
52 263 1
52 264 1
51 265 1
50 266 1
49 267 1
48 268 1
47 268 1
46 269 1
45 270 1
44 270 1
43 270 1
42 270 1
41 270 1
40 270 1
39 270 1
38 270 1
37 269 1
36 268 1
35 268 1
34 267 1
33 266 1
32 265 1
31 265 1
30 264 1
29 263 1
28 262 1
27 261 1
26 260 1
25 259 1
24 259 1
23 258 1
22 258 1
21 257 1
20 257 1
19 257 1
18 256 1
17 256 1
16 256 1
15 256 1
14 257 1
13 258 1
13 259 1
12 260 1
12 261 1
12 262 1
12 263 1
12 264 1
12 265 1
12 266 1
11 267 1
11 268 1
12 269 1
12 270 1
.PEN_UP
