.PEN_DOWN
1 32 1
2 31 1
3 30 1
4 29 1
5 28 1
7 28 1
8 28 1
9 27 1
10 27 1
11 27 1
12 27 1
13 27 1
14 26 1
15 26 1
16 26 1
17 25 1
18 25 1
19 24 1
20 24 1
21 24 1
22 23 1
23 23 1
24 23 1
25 23 1
26 22 1
27 22 1
28 22 1
29 22 1
30 21 1
31 21 1
32 21 1
33 21 1
34 20 1
35 20 1
36 19 1
38 17 1
38 16 1
39 15 1
40 15 1
41 14 1
42 13 1
43 13 1
44 13 1
45 12 1
46 11 1
47 10 1
48 9 1
49 8 1
49 7 1
49 6 1
50 5 1
50 4 1
49 3 1
48 2 1
47 1 1
46 1 1
45 1 1
44 1 1
43 1 1
42 1 1
41 1 1
40 1 1
39 1 1
38 1 1
37 1 1
36 1 1
35 1 1
34 1 1
33 1 1
32 2 1
31 2 1
30 2 1
29 2 1
28 2 1
27 2 1
26 3 1
25 3 1
24 4 1
23 4 1
22 4 1
21 5 1
20 5 1
19 6 1
18 6 1
17 6 1
16 7 1
15 8 1
14 8 1
13 9 1
12 9 1
11 10 1
10 11 1
9 11 1
8 12 1
7 13 1
6 13 1
5 14 1
4 15 1
3 16 1
3 17 1
2 18 1
2 19 1
1 20 1
1 21 1
2 22 1
2 23 1
3 24 1
4 25 1
4 26 1
5 27 1
.PEN_UP
.PEN_DOWN
37 18 1
38 20 1
39 20 1
40 20 1
41 20 1
42 20 1
43 21 1
44 22 1
44 23 1
44 24 1
43 25 1
42 26 1
41 27 1
40 28 1
39 28 1
38 29 1
37 29 1
36 30 1
35 30 1
34 31 1
33 31 1
32 32 1
31 32 1
30 33 1
29 33 1
28 33 1
27 34 1
26 35 1
26 36 1
25 37 1
25 38 1
23 39 1
22 40 1
21 40 1
20 40 1
19 41 1
18 41 1
17 41 1
16 41 1
15 42 1
14 42 1
13 43 1
12 43 1
11 44 1
10 44 1
9 45 1
8 45 1
7 46 1
6 46 1
5 46 1
4 47 1
.PEN_UP
.PEN_DOWN
24 39 1
27 39 1
28 39 1
29 39 1
30 39 1
31 39 1
32 39 1
33 39 1
34 39 1
35 39 1
36 39 1
37 39 1
38 39 1
39 39 1
40 39 1
41 39 1
42 40 1
43 41 1
44 42 1
45 43 1
45 44 1
44 45 1
44 46 1
44 47 1
44 48 1
43 49 1
42 50 1
41 51 1
40 52 1
39 53 1
38 54 1
37 55 1
36 55 1
35 56 1
34 57 1
33 58 1
32 58 1
31 59 1
30 60 1
29 61 1
28 62 1
27 63 1
26 64 1
26 65 1
25 66 1
25 67 1
23 68 1
22 68 1
21 68 1
20 69 1
19 69 1
.PEN_UP
.PEN_DOWN
24 68 1
27 68 1
28 68 1
29 68 1
30 68 1
31 68 1
32 68 1
33 68 1
34 68 1
35 68 1
36 68 1
37 68 1
38 68 1
39 68 1
40 68 1
41 68 1
42 69 1
43 69 1
44 69 1
45 70 1
46 70 1
.PEN_UP
