.PEN_DOWN
24 7 1
25 8 1
25 9 1
26 10 1
25 13 1
24 14 1
23 14 1
22 14 1
21 14 1
20 14 1
19 15 1
18 16 1
17 16 1
16 17 1
15 17 1
14 18 1
13 19 1
12 20 1
11 20 1
10 21 1
9 22 1
8 23 1
7 24 1
6 24 1
5 25 1
4 26 1
3 27 1
2 28 1
1 29 1
.PEN_UP
.PEN_DOWN
27 10 1
28 15 1
28 16 1
28 17 1
28 18 1
28 19 1
27 20 1
27 21 1
27 22 1
28 23 1
28 24 1
.PEN_UP
.PEN_DOWN
27 11 1
29 9 1
30 9 1
31 9 1
32 8 1
33 7 1
34 7 1
35 6 1
36 6 1
37 5 1
38 5 1
39 4 1
40 4 1
41 3 1
42 3 1
43 2 1
44 2 1
45 2 1
46 1 1
47 1 1
48 1 1
49 1 1
50 1 1
51 1 1
52 2 1
53 3 1
54 4 1
54 5 1
54 6 1
54 7 1
54 8 1
54 9 1
53 10 1
.PEN_UP
.PEN_DOWN
5 49 1
6 48 1
7 48 1
8 48 1
9 47 1
10 47 1
11 47 1
12 46 1
13 46 1
14 45 1
15 45 1
16 45 1
17 45 1
18 45 1
19 44 1
20 44 1
21 44 1
22 44 1
23 43 1
24 43 1
25 43 1
26 43 1
27 43 1
28 42 1
29 42 1
30 42 1
31 42 1
32 41 1
33 41 1
34 41 1
35 41 1
36 41 1
37 41 1
38 41 1
39 41 1
40 41 1
42 40 1
43 40 1
44 39 1
45 39 1
46 38 1
47 38 1
48 38 1
49 38 1
50 38 1
51 38 1
52 38 1
53 38 1
54 38 1
55 38 1
.PEN_UP
.PEN_DOWN
41 41 1
41 43 1
41 44 1
41 45 1
40 46 1
40 47 1
39 48 1
38 49 1
38 50 1
37 51 1
36 52 1
36 53 1
35 54 1
35 55 1
34 56 1
33 57 1
33 58 1
32 59 1
32 60 1
32 61 1
32 62 1
32 63 1
32 64 1
33 65 1
34 66 1
35 66 1
36 66 1
37 66 1
38 66 1
39 66 1
40 65 1
41 65 1
42 65 1
43 64 1
44 64 1
45 64 1
46 63 1
47 63 1
48 63 1
49 62 1
50 62 1
51 62 1
52 61 1
53 61 1
54 61 1
55 61 1
.PEN_UP
.PEN_DOWN
31 88 1
32 88 1
33 87 1
34 87 1
35 87 1
36 86 1
37 86 1
38 85 1
39 85 1
40 85 1
41 84 1
42 84 1
43 84 1
44 83 1
45 83 1
46 83 1
47 82 1
48 82 1
49 82 1
50 82 1
51 81 1
52 81 1
53 81 1
54 81 1
55 80 1
56 80 1
57 80 1
58 80 1
59 81 1
60 81 1
.PEN_UP
.PEN_DOWN
32 114 1
33 114 1
34 114 1
35 113 1
36 113 1
37 113 1
38 113 1
40 112 1
41 112 1
42 112 1
43 112 1
44 111 1
45 111 1
46 111 1
47 111 1
48 111 1
49 110 1
50 110 1
51 110 1
52 110 1
53 109 1
54 109 1
55 109 1
56 109 1
57 108 1
.PEN_UP
.PEN_DOWN
39 113 1
39 115 1
39 116 1
39 117 1
39 118 1
38 119 1
38 120 1
38 121 1
37 122 1
36 123 1
35 124 1
34 125 1
34 126 1
33 127 1
33 128 1
32 129 1
32 130 1
32 131 1
32 132 1
32 133 1
31 134 1
32 135 1
33 136 1
34 136 1
35 136 1
36 136 1
37 136 1
38 136 1
39 136 1
40 135 1
41 135 1
42 135 1
43 134 1
44 134 1
45 133 1
46 133 1
47 132 1
48 132 1
49 132 1
50 131 1
51 131 1
52 131 1
53 131 1
54 131 1
55 130 1
56 130 1
57 130 1
58 129 1
59 129 1
60 128 1
.PEN_UP
.PEN_DOWN
33 171 1
34 170 1
36 170 1
37 170 1
38 170 1
39 170 1
40 170 1
41 170 1
42 170 1
43 170 1
44 170 1
45 170 1
47 172 1
48 172 1
49 172 1
50 171 1
51 171 1
52 171 1
53 171 1
54 171 1
55 171 1
56 171 1
57 171 1
58 171 1
59 171 1
60 170 1
61 170 1
62 170 1
63 169 1
64 169 1
65 169 1
66 168 1
67 168 1
68 168 1
69 167 1
70 166 1
71 166 1
72 165 1
73 164 1
74 163 1
74 162 1
74 161 1
74 160 1
74 159 1
.PEN_UP
.PEN_DOWN
46 169 1
47 168 1
47 167 1
47 166 1
48 165 1
48 164 1
49 163 1
50 162 1
50 161 1
51 160 1
52 159 1
52 158 1
53 157 1
54 156 1
54 155 1
54 154 1
55 153 1
55 152 1
55 151 1
55 150 1
55 149 1
54 148 1
53 148 1
52 147 1
51 147 1
50 147 1
49 147 1
48 147 1
47 147 1
46 148 1
45 148 1
44 148 1
43 149 1
42 149 1
41 150 1
40 151 1
39 152 1
38 153 1
37 154 1
36 155 1
35 156 1
34 157 1
34 158 1
34 159 1
34 160 1
33 161 1
33 162 1
33 163 1
33 164 1
33 165 1
33 166 1
33 167 1
33 168 1
34 169 1
.PEN_UP
.PEN_DOWN
60 204 1
60 205 1
59 206 1
58 206 1
57 207 1
56 207 1
55 207 1
54 207 1
53 207 1
52 207 1
51 207 1
50 206 1
49 206 1
48 205 1
47 205 1
46 204 1
45 204 1
44 203 1
43 203 1
42 203 1
41 203 1
40 202 1
39 203 1
38 203 1
37 203 1
36 204 1
35 205 1
34 206 1
34 207 1
33 208 1
33 209 1
32 210 1
32 211 1
32 212 1
33 213 1
33 214 1
33 215 1
34 216 1
35 216 1
.PEN_UP
