.PEN_DOWN
76 1 1
75 2 1
75 3 1
75 4 1
75 5 1
74 6 1
74 7 1
74 8 1
73 9 1
73 10 1
72 11 1
72 12 1
71 13 1
70 14 1
70 15 1
69 16 1
68 17 1
67 18 1
66 19 1
66 20 1
66 21 1
65 22 1
65 23 1
63 25 1
62 25 1
61 25 1
60 25 1
59 25 1
58 25 1
57 26 1
56 26 1
55 27 1
54 28 1
53 29 1
51 29 1
50 29 1
49 29 1
48 30 1
47 30 1
46 30 1
45 30 1
44 31 1
43 31 1
42 31 1
41 32 1
40 33 1
39 33 1
38 34 1
37 34 1
36 35 1
35 36 1
34 37 1
33 37 1
32 38 1
31 39 1
30 40 1
29 40 1
28 41 1
27 42 1
26 43 1
25 44 1
24 45 1
23 45 1
22 46 1
21 47 1
20 48 1
19 49 1
18 50 1
17 51 1
16 52 1
15 53 1
14 54 1
13 55 1
12 56 1
11 57 1
11 58 1
10 59 1
10 60 1
9 61 1
8 62 1
7 63 1
6 64 1
5 65 1
4 66 1
3 67 1
2 68 1
2 69 1
1 70 1
1 71 1
1 72 1
1 73 1
1 74 1
1 75 1
2 76 1
3 76 1
4 76 1
5 75 1
6 75 1
7 75 1
8 75 1
9 74 1
10 74 1
11 73 1
12 73 1
13 72 1
14 72 1
15 71 1
16 71 1
17 70 1
18 69 1
19 68 1
20 67 1
21 67 1
22 66 1
23 65 1
24 64 1
25 63 1
26 62 1
27 62 1
28 61 1
29 60 1
30 59 1
31 58 1
32 57 1
33 56 1
34 55 1
35 54 1
36 53 1
37 52 1
38 51 1
39 50 1
40 49 1
40 48 1
41 47 1
42 46 1
43 45 1
44 44 1
45 43 1
46 42 1
47 41 1
48 40 1
49 39 1
49 38 1
50 37 1
51 36 1
51 35 1
51 34 1
52 33 1
52 32 1
52 31 1
53 30 1
.PEN_UP
.PEN_DOWN
64 24 1
66 25 1
67 25 1
68 26 1
69 26 1
70 27 1
71 28 1
71 29 1
71 30 1
71 31 1
72 32 1
72 33 1
72 34 1
72 35 1
71 36 1
71 37 1
71 38 1
71 39 1
71 40 1
71 41 1
70 42 1
70 43 1
69 44 1
69 45 1
68 46 1
68 47 1
68 48 1
67 49 1
66 50 1
65 51 1
65 52 1
64 53 1
64 54 1
63 55 1
63 56 1
62 57 1
61 58 1
61 59 1
61 60 1
60 61 1
60 62 1
60 63 1
60 64 1
59 66 1
58 66 1
57 67 1
56 68 1
55 69 1
54 70 1
53 71 1
52 72 1
51 73 1
50 74 1
49 75 1
48 76 1
47 76 1
46 77 1
45 78 1
44 79 1
44 80 1
.PEN_UP
.PEN_DOWN
60 65 1
62 65 1
63 65 1
64 65 1
65 65 1
66 65 1
67 65 1
68 64 1
69 64 1
70 65 1
71 65 1
72 65 1
73 66 1
74 67 1
74 68 1
.PEN_UP
.PEN_DOWN
64 119 1
63 119 1
62 120 1
61 120 1
60 121 1
59 121 1
58 122 1
57 123 1
56 124 1
55 124 1
54 125 1
53 126 1
52 126 1
51 127 1
50 128 1
49 129 1
48 130 1
47 131 1
46 132 1
45 133 1
44 134 1
43 135 1
42 135 1
41 136 1
40 137 1
39 138 1
38 139 1
37 140 1
36 140 1
35 141 1
34 142 1
33 143 1
31 144 1
30 144 1
29 144 1
28 145 1
27 145 1
26 145 1
25 145 1
24 146 1
23 146 1
22 147 1
21 147 1
20 148 1
19 148 1
18 149 1
17 149 1
16 150 1
15 151 1
14 151 1
13 152 1
12 153 1
11 154 1
10 154 1
9 154 1
8 155 1
7 155 1
6 156 1
5 157 1
4 157 1
3 158 1
3 159 1
.PEN_UP
.PEN_DOWN
32 144 1
32 146 1
32 147 1
32 148 1
31 149 1
31 150 1
31 151 1
31 152 1
30 153 1
29 154 1
29 155 1
28 156 1
28 157 1
27 158 1
27 159 1
27 160 1
27 161 1
26 162 1
26 163 1
25 165 1
24 166 1
23 167 1
22 168 1
21 169 1
20 170 1
19 171 1
18 172 1
17 173 1
16 174 1
15 174 1
.PEN_UP
.PEN_DOWN
26 164 1
28 163 1
29 163 1
30 163 1
31 163 1
32 162 1
33 162 1
34 162 1
35 161 1
36 161 1
37 160 1
38 159 1
39 158 1
40 158 1
41 157 1
42 157 1
43 157 1
44 156 1
45 156 1
46 156 1
47 154 1
48 153 1
49 152 1
50 151 1
51 150 1
52 149 1
53 148 1
54 147 1
55 146 1
56 145 1
57 145 1
58 145 1
59 144 1
60 143 1
61 143 1
62 142 1
63 141 1
64 140 1
65 140 1
66 139 1
67 139 1
68 139 1
69 138 1
70 138 1
71 137 1
.PEN_UP
.PEN_DOWN
47 155 1
48 158 1
48 159 1
48 160 1
47 161 1
47 162 1
47 163 1
47 164 1
47 165 1
46 166 1
46 167 1
46 168 1
46 169 1
45 170 1
45 171 1
44 172 1
44 173 1
44 174 1
44 175 1
44 176 1
44 177 1
44 178 1
44 179 1
43 182 1
42 183 1
42 184 1
41 185 1
40 186 1
39 187 1
39 188 1
38 189 1
37 190 1
37 191 1
36 192 1
35 193 1
34 194 1
34 195 1
33 196 1
33 197 1
32 198 1
31 199 1
30 200 1
29 201 1
28 202 1
27 203 1
26 204 1
25 205 1
25 206 1
24 207 1
23 208 1
22 208 1
21 209 1
20 210 1
20 211 1
19 212 1
18 213 1
.PEN_UP
.PEN_DOWN
44 180 1
46 180 1
47 179 1
48 179 1
49 179 1
50 179 1
51 178 1
52 178 1
53 178 1
54 177 1
55 176 1
56 176 1
57 175 1
58 175 1
59 174 1
60 174 1
61 174 1
62 174 1
63 174 1
64 174 1
65 174 1
66 174 1
67 174 1
68 174 1
69 175 1
70 176 1
70 177 1
70 178 1
70 179 1
70 180 1
70 181 1
70 182 1
70 183 1
72 184 1
73 184 1
74 184 1
75 184 1
76 184 1
77 184 1
78 184 1
79 183 1
80 183 1
81 183 1
82 183 1
.PEN_UP
.PEN_DOWN
69 184 1
68 185 1
67 186 1
66 187 1
65 188 1
64 189 1
63 189 1
62 190 1
61 190 1
60 191 1
59 191 1
58 192 1
.PEN_UP
