.PEN_DOWN
1 48 1
2 49 1
3 49 1
4 50 1
5 50 1
6 51 1
.PEN_UP
.PEN_DOWN
25 47 1
26 46 1
27 46 1
28 46 1
29 46 1
30 45 1
31 46 1
32 46 1
33 46 1
34 46 1
35 46 1
36 46 1
37 46 1
38 46 1
39 46 1
40 46 1
41 47 1
42 48 1
.PEN_UP
.PEN_DOWN
31 44 1
31 43 1
31 42 1
31 41 1
32 40 1
32 39 1
32 38 1
33 37 1
34 36 1
34 35 1
35 34 1
35 33 1
36 32 1
36 31 1
36 30 1
36 29 1
37 28 1
37 27 1
37 26 1
38 25 1
39 22 1
39 21 1
39 20 1
39 19 1
40 17 1
41 17 1
42 16 1
43 16 1
44 15 1
45 14 1
46 13 1
47 12 1
48 11 1
49 10 1
50 9 1
51 8 1
52 8 1
53 7 1
54 7 1
55 7 1
56 7 1
57 7 1
58 7 1
59 7 1
60 7 1
61 7 1
62 8 1
63 9 1
64 10 1
65 11 1
65 12 1
66 13 1
66 14 1
66 15 1
66 16 1
66 17 1
66 18 1
66 19 1
65 20 1
65 21 1
65 22 1
65 23 1
64 24 1
63 25 1
62 26 1
61 27 1
60 28 1
59 28 1
58 28 1
57 29 1
56 29 1
55 29 1
54 28 1
53 28 1
52 28 1
51 28 1
50 28 1
49 28 1
48 27 1
47 27 1
46 27 1
45 27 1
44 26 1
43 26 1
42 26 1
41 26 1
40 25 1
39 24 1
36 23 1
35 24 1
34 24 1
33 23 1
32 23 1
31 23 1
30 23 1
29 23 1
28 23 1
27 23 1
26 23 1
25 23 1
24 22 1
23 21 1
22 20 1
22 19 1
22 18 1
21 17 1
21 16 1
21 15 1
21 14 1
21 13 1
22 12 1
22 11 1
22 10 1
22 9 1
23 8 1
23 7 1
24 6 1
25 5 1
26 4 1
27 3 1
28 2 1
29 2 1
30 1 1
31 1 1
32 1 1
33 1 1
34 2 1
35 3 1
35 4 1
36 5 1
37 6 1
37 7 1
37 8 1
37 9 1
37 10 1
37 11 1
37 12 1
37 13 1
37 14 1
37 15 1
37 16 1
37 17 1
38 18 1
.PEN_UP
.PEN_DOWN
23 71 1
24 70 1
25 70 1
26 69 1
27 69 1
28 68 1
29 68 1
30 68 1
31 67 1
32 67 1
33 67 1
34 67 1
35 67 1
36 67 1
37 68 1
38 68 1
39 69 1
39 70 1
39 71 1
39 72 1
39 73 1
39 74 1
39 75 1
38 76 1
38 77 1
38 78 1
37 79 1
36 80 1
36 81 1
35 82 1
35 83 1
34 84 1
33 85 1
32 86 1
32 87 1
31 88 1
30 89 1
29 92 1
29 93 1
28 94 1
28 95 1
28 96 1
27 97 1
27 98 1
26 99 1
26 100 1
26 101 1
26 102 1
25 103 1
25 104 1
24 105 1
24 106 1
24 107 1
24 108 1
24 109 1
24 110 1
24 111 1
24 112 1
.PEN_UP
.PEN_DOWN
29 88 1
28 88 1
27 88 1
26 88 1
25 88 1
24 88 1
23 88 1
22 88 1
21 88 1
20 87 1
19 87 1
18 86 1
17 86 1
16 86 1
.PEN_UP
.PEN_DOWN
30 90 1
32 91 1
33 91 1
34 91 1
35 91 1
36 91 1
37 91 1
38 92 1
39 92 1
40 93 1
41 94 1
42 95 1
43 96 1
43 97 1
44 98 1
44 99 1
44 100 1
45 101 1
45 102 1
45 103 1
45 104 1
45 105 1
45 106 1
45 107 1
46 108 1
46 109 1
46 110 1
46 111 1
46 112 1
46 113 1
.PEN_UP
