.PEN_DOWN
30 23 1
29 23 1
28 24 1
27 24 1
26 24 1
25 24 1
24 23 1
23 23 1
22 23 1
21 23 1
20 23 1
19 22 1
18 21 1
18 20 1
18 19 1
18 18 1
18 17 1
18 16 1
19 15 1
20 14 1
20 13 1
21 12 1
22 11 1
23 10 1
24 9 1
25 8 1
26 7 1
27 6 1
28 5 1
29 5 1
30 4 1
31 3 1
32 3 1
33 2 1
34 2 1
35 2 1
36 1 1
37 1 1
38 1 1
39 1 1
40 1 1
41 1 1
42 1 1
43 1 1
44 1 1
45 1 1
46 1 1
47 1 1
48 1 1
49 2 1
50 3 1
51 4 1
52 5 1
53 6 1
54 7 1
54 8 1
55 9 1
56 10 1
56 11 1
56 12 1
57 13 1
57 14 1
57 15 1
57 16 1
57 17 1
57 18 1
57 19 1
57 20 1
57 21 1
57 22 1
57 23 1
57 24 1
57 25 1
57 26 1
.PEN_UP
.PEN_DOWN
44 48 1
43 48 1
42 47 1
41 47 1
40 47 1
39 46 1
38 46 1
37 45 1
37 44 1
36 43 1
36 42 1
35 41 1
36 39 1
37 38 1
38 38 1
39 38 1
40 37 1
41 37 1
42 38 1
43 38 1
44 38 1
45 38 1
46 39 1
47 39 1
48 39 1
49 40 1
50 41 1
51 42 1
52 43 1
52 44 1
53 45 1
53 46 1
53 47 1
53 48 1
53 49 1
52 50 1
52 51 1
52 52 1
52 53 1
51 54 1
51 55 1
50 56 1
49 57 1
49 58 1
48 59 1
47 60 1
46 60 1
45 60 1
44 60 1
43 61 1
42 61 1
41 61 1
40 61 1
39 61 1
38 61 1
37 59 1
36 58 1
35 57 1
34 56 1
33 55 1
32 54 1
31 54 1
30 53 1
29 53 1
28 53 1
27 52 1
26 52 1
25 52 1
24 52 1
23 51 1
22 50 1
22 49 1
22 48 1
22 47 1
23 46 1
24 45 1
25 44 1
26 43 1
27 42 1
28 41 1
29 41 1
30 40 1
31 40 1
32 40 1
33 40 1
34 40 1
.PEN_UP
.PEN_DOWN
37 60 1
37 63 1
36 64 1
36 65 1
36 66 1
35 67 1
35 68 1
34 69 1
34 70 1
34 71 1
33 72 1
31 73 1
30 73 1
29 73 1
28 73 1
27 73 1
26 73 1
25 74 1
.PEN_UP
.PEN_DOWN
34 74 1
35 75 1
37 75 1
38 75 1
39 75 1
40 75 1
41 75 1
42 75 1
43 75 1
44 75 1
45 75 1
46 75 1
47 76 1
48 76 1
49 76 1
50 77 1
51 77 1
52 77 1
53 78 1
54 78 1
55 78 1
56 79 1
57 79 1
58 80 1
.PEN_UP
.PEN_DOWN
36 75 1
34 77 1
34 78 1
34 79 1
34 80 1
34 81 1
34 82 1
33 83 1
33 84 1
33 85 1
33 86 1
33 87 1
33 88 1
32 89 1
30 90 1
29 89 1
28 89 1
27 89 1
.PEN_UP
.PEN_DOWN
31 90 1
34 91 1
35 91 1
36 91 1
37 91 1
38 91 1
39 92 1
40 93 1
42 93 1
43 93 1
44 93 1
45 93 1
46 93 1
47 93 1
48 93 1
49 94 1
50 94 1
51 94 1
52 94 1
53 94 1
54 95 1
55 95 1
56 96 1
57 96 1
58 96 1
59 96 1
60 97 1
.PEN_UP
.PEN_DOWN
41 93 1
40 95 1
39 96 1
39 97 1
39 98 1
39 99 1
39 100 1
39 101 1
39 102 1
39 103 1
38 106 1
37 106 1
36 107 1
36 109 1
36 110 1
35 111 1
35 112 1
35 113 1
34 114 1
34 115 1
33 116 1
32 117 1
31 117 1
30 117 1
29 117 1
28 117 1
27 117 1
26 116 1
25 116 1
24 115 1
24 114 1
24 113 1
24 112 1
24 111 1
25 110 1
26 109 1
27 108 1
28 108 1
29 108 1
30 108 1
31 108 1
32 108 1
33 108 1
34 107 1
35 107 1
.PEN_UP
.PEN_DOWN
39 104 1
41 104 1
42 104 1
43 104 1
44 104 1
45 104 1
46 104 1
47 104 1
48 105 1
49 105 1
50 105 1
51 105 1
52 105 1
53 106 1
54 106 1
55 107 1
56 107 1
57 108 1
58 109 1
59 110 1
59 111 1
60 112 1
60 113 1
60 114 1
60 115 1
60 116 1
60 117 1
60 118 1
60 119 1
60 120 1
60 121 1
60 122 1
60 123 1
60 124 1
60 125 1
59 126 1
59 127 1
58 128 1
58 129 1
57 130 1
57 131 1
57 132 1
57 133 1
57 134 1
58 135 1
58 136 1
58 137 1
58 138 1
58 139 1
58 140 1
58 141 1
58 142 1
57 143 1
57 144 1
57 145 1
57 146 1
56 147 1
56 148 1
56 149 1
55 150 1
54 151 1
53 151 1
52 151 1
51 151 1
50 150 1
49 149 1
48 148 1
47 147 1
46 146 1
45 145 1
45 144 1
44 143 1
43 142 1
42 141 1
41 140 1
40 139 1
39 138 1
38 137 1
37 137 1
36 136 1
35 136 1
34 136 1
33 136 1
32 136 1
31 136 1
30 136 1
29 137 1
28 138 1
27 139 1
26 140 1
26 141 1
26 142 1
26 143 1
26 144 1
26 145 1
26 146 1
26 147 1
27 148 1
28 149 1
28 150 1
29 151 1
30 152 1
31 153 1
.PEN_UP
.PEN_DOWN
91 159 1
90 159 1
89 160 1
88 160 1
87 160 1
86 160 1
85 160 1
84 160 1
83 160 1
82 160 1
81 160 1
80 160 1
79 160 1
78 160 1
77 160 1
76 160 1
75 160 1
74 161 1
73 161 1
72 161 1
71 161 1
70 161 1
69 161 1
68 161 1
67 161 1
66 161 1
65 161 1
64 161 1
63 161 1
62 161 1
61 161 1
60 161 1
59 161 1
58 162 1
57 162 1
54 161 1
53 161 1
52 161 1
51 161 1
50 161 1
49 161 1
48 161 1
47 161 1
46 161 1
45 161 1
44 161 1
43 161 1
42 161 1
41 161 1
40 162 1
39 162 1
38 162 1
37 162 1
36 162 1
35 162 1
34 162 1
33 162 1
32 162 1
31 162 1
30 162 1
29 162 1
28 162 1
27 163 1
26 164 1
25 165 1
25 166 1
25 167 1
25 168 1
25 169 1
25 170 1
26 171 1
27 172 1
28 173 1
29 174 1
30 175 1
31 175 1
32 176 1
33 176 1
34 177 1
35 177 1
36 178 1
37 178 1
38 178 1
39 178 1
40 178 1
41 178 1
42 178 1
43 178 1
46 176 1
47 175 1
48 175 1
49 174 1
50 173 1
51 173 1
52 172 1
53 171 1
54 170 1
54 169 1
54 168 1
55 167 1
55 166 1
55 165 1
55 164 1
56 163 1
.PEN_UP
.PEN_DOWN
44 177 1
44 180 1
44 181 1
44 182 1
44 183 1
43 185 1
42 186 1
41 186 1
40 186 1
39 186 1
38 187 1
37 187 1
36 187 1
35 188 1
34 189 1
33 190 1
32 191 1
31 192 1
30 193 1
29 194 1
28 195 1
27 196 1
27 197 1
27 198 1
27 199 1
27 200 1
27 201 1
27 202 1
28 203 1
29 203 1
30 203 1
31 204 1
32 205 1
34 207 1
34 208 1
34 209 1
35 210 1
38 210 1
39 211 1
40 211 1
41 211 1
42 211 1
43 211 1
44 211 1
45 211 1
46 211 1
47 211 1
48 211 1
49 211 1
50 211 1
51 211 1
52 210 1
52 209 1
53 208 1
53 207 1
54 206 1
54 205 1
54 204 1
55 203 1
55 202 1
55 201 1
55 200 1
55 199 1
55 198 1
55 197 1
56 196 1
56 195 1
55 194 1
55 193 1
55 192 1
54 191 1
54 190 1
53 189 1
53 188 1
52 187 1
51 186 1
50 185 1
49 185 1
48 185 1
47 185 1
46 184 1
45 184 1
.PEN_UP
.PEN_DOWN
36 210 1
36 212 1
36 213 1
36 214 1
36 215 1
36 216 1
36 217 1
36 218 1
36 219 1
36 220 1
36 221 1
36 222 1
36 223 1
36 224 1
34 225 1
33 225 1
32 225 1
31 226 1
30 226 1
.PEN_UP
.PEN_DOWN
35 225 1
38 225 1
39 225 1
40 225 1
41 225 1
42 225 1
43 225 1
44 225 1
45 226 1
46 226 1
47 226 1
48 226 1
49 227 1
50 227 1
51 227 1
52 228 1
53 229 1
53 230 1
53 231 1
53 232 1
52 233 1
52 234 1
52 235 1
51 236 1
51 237 1
50 238 1
49 239 1
48 240 1
47 241 1
46 242 1
45 243 1
44 244 1
43 244 1
42 245 1
41 245 1
40 246 1
39 247 1
39 248 1
37 249 1
36 249 1
35 249 1
34 249 1
33 249 1
32 249 1
.PEN_UP
.PEN_DOWN
38 249 1
40 251 1
41 252 1
42 252 1
43 252 1
44 252 1
45 252 1
46 253 1
47 253 1
48 253 1
49 253 1
50 254 1
51 254 1
52 254 1
53 255 1
54 256 1
55 257 1
56 258 1
56 259 1
56 260 1
57 261 1
57 262 1
57 263 1
57 264 1
58 266 1
59 267 1
59 268 1
60 269 1
60 270 1
61 271 1
61 272 1
61 273 1
60 274 1
60 275 1
60 276 1
60 277 1
60 278 1
60 279 1
59 280 1
59 281 1
58 282 1
58 283 1
57 284 1
56 285 1
55 286 1
54 287 1
53 288 1
52 289 1
51 290 1
50 291 1
50 292 1
50 293 1
49 294 1
47 295 1
46 295 1
45 295 1
44 295 1
43 295 1
42 295 1
41 295 1
40 295 1
39 295 1
38 295 1
37 295 1
36 295 1
35 295 1
34 295 1
33 295 1
32 295 1
31 295 1
30 295 1
29 295 1
28 295 1
27 295 1
26 295 1
25 295 1
24 295 1
23 295 1
22 295 1
21 295 1
20 295 1
19 295 1
18 294 1
17 294 1
16 294 1
15 294 1
14 294 1
13 294 1
12 294 1
11 294 1
10 294 1
9 294 1
8 294 1
7 294 1
6 294 1
5 294 1
4 293 1
3 293 1
2 293 1
1 294 1
.PEN_UP
.PEN_DOWN
48 295 1
50 297 1
51 297 1
52 297 1
53 297 1
54 297 1
55 297 1
56 298 1
57 298 1
58 298 1
59 299 1
60 299 1
61 299 1
62 299 1
63 300 1
64 300 1
65 300 1
66 301 1
67 301 1
68 301 1
69 302 1
.PEN_UP
.PEN_DOWN
56 265 1
55 265 1
54 265 1
53 265 1
52 265 1
51 265 1
50 265 1
49 266 1
48 266 1
47 266 1
46 266 1
45 266 1
44 267 1
43 267 1
42 267 1
41 268 1
40 268 1
39 268 1
38 269 1
37 270 1
36 271 1
35 271 1
34 272 1
33 273 1
32 274 1
31 275 1
30 276 1
30 277 1
29 278 1
29 279 1
29 280 1
29 281 1
29 282 1
30 283 1
31 283 1
32 284 1
33 284 1
34 284 1
35 285 1
36 285 1
37 286 1
38 287 1
39 287 1
40 288 1
41 289 1
.PEN_UP
.PEN_DOWN
33 204 1
35 203 1
36 203 1
37 203 1
38 204 1
39 204 1
40 204 1
.PEN_UP
