.PEN_DOWN
1 24 1
2 23 1
3 22 1
4 21 1
5 21 1
6 21 1
7 20 1
8 19 1
9 19 1
10 18 1
11 18 1
12 17 1
13 17 1
14 16 1
15 16 1
16 15 1
17 15 1
18 14 1
19 13 1
20 13 1
21 12 1
22 12 1
23 12 1
24 12 1
25 12 1
26 12 1
27 11 1
28 11 1
29 11 1
30 11 1
31 11 1
32 10 1
33 10 1
34 9 1
35 8 1
36 7 1
37 6 1
38 6 1
39 5 1
40 5 1
41 4 1
42 3 1
43 2 1
44 2 1
45 2 1
46 2 1
47 2 1
48 1 1
49 1 1
50 2 1
51 2 1
52 2 1
53 3 1
54 3 1
55 4 1
55 5 1
55 6 1
56 7 1
55 8 1
55 9 1
55 10 1
55 11 1
55 12 1
54 13 1
53 14 1
52 15 1
51 16 1
50 16 1
49 17 1
48 18 1
47 19 1
46 19 1
45 19 1
44 20 1
43 20 1
42 21 1
41 21 1
40 21 1
39 21 1
38 21 1
37 21 1
36 21 1
35 20 1
35 19 1
35 18 1
34 17 1
34 16 1
34 15 1
34 14 1
34 13 1
34 12 1
34 11 1
.PEN_UP
.PEN_DOWN
39 38 1
39 39 1
40 40 1
40 41 1
42 43 1
43 43 1
44 43 1
45 43 1
46 44 1
47 44 1
48 45 1
49 46 1
50 47 1
50 48 1
50 49 1
50 50 1
51 51 1
51 52 1
51 53 1
51 54 1
51 55 1
51 56 1
51 57 1
51 58 1
51 59 1
50 60 1
50 61 1
50 62 1
49 63 1
49 64 1
49 65 1
48 66 1
48 67 1
47 68 1
47 69 1
46 70 1
46 71 1
45 72 1
45 73 1
44 74 1
43 75 1
43 76 1
43 77 1
43 78 1
42 79 1
42 80 1
42 81 1
41 82 1
41 83 1
41 84 1
42 85 1
41 86 1
41 87 1
41 88 1
41 89 1
40 90 1
39 91 1
38 92 1
37 93 1
36 94 1
36 95 1
35 96 1
34 97 1
34 98 1
33 99 1
33 100 1
32 101 1
32 102 1
32 103 1
32 104 1
33 105 1
33 106 1
33 107 1
33 108 1
33 109 1
.PEN_UP
.PEN_DOWN
43 85 1
44 84 1
45 84 1
46 84 1
47 84 1
48 84 1
49 84 1
50 84 1
51 84 1
52 84 1
53 85 1
54 85 1
55 86 1
56 87 1
56 88 1
56 89 1
57 90 1
57 91 1
57 92 1
57 93 1
56 94 1
56 95 1
56 96 1
55 97 1
55 98 1
54 99 1
54 100 1
53 101 1
53 102 1
53 103 1
52 104 1
51 105 1
51 106 1
50 107 1
50 108 1
49 109 1
49 110 1
49 111 1
49 112 1
48 113 1
48 114 1
48 115 1
48 116 1
47 117 1
47 118 1
46 119 1
45 119 1
44 120 1
43 121 1
42 122 1
41 123 1
40 124 1
40 125 1
39 126 1
38 127 1
38 128 1
38 129 1
37 130 1
37 131 1
37 132 1
37 133 1
36 134 1
36 135 1
36 136 1
36 137 1
36 138 1
36 139 1
36 140 1
38 141 1
39 141 1
40 140 1
41 140 1
42 140 1
43 139 1
44 139 1
45 139 1
46 138 1
47 137 1
48 136 1
49 135 1
50 134 1
51 133 1
51 132 1
52 131 1
53 130 1
53 129 1
54 128 1
54 127 1
54 126 1
54 125 1
54 124 1
54 123 1
54 122 1
53 121 1
52 120 1
51 119 1
50 119 1
49 119 1
48 119 1
.PEN_UP
.PEN_DOWN
36 141 1
36 143 1
37 144 1
37 145 1
38 146 1
38 147 1
38 148 1
38 149 1
38 150 1
38 151 1
38 152 1
38 153 1
38 154 1
38 155 1
38 156 1
38 157 1
38 158 1
39 159 1
39 160 1
39 161 1
39 162 1
38 163 1
38 164 1
38 165 1
39 166 1
40 167 1
41 167 1
42 167 1
43 167 1
44 167 1
45 168 1
46 169 1
45 170 1
45 171 1
45 172 1
45 173 1
44 174 1
44 175 1
44 176 1
44 177 1
43 178 1
43 179 1
42 180 1
42 181 1
41 182 1
41 183 1
41 184 1
41 185 1
40 186 1
40 187 1
40 188 1
40 189 1
39 190 1
39 191 1
37 193 1
36 193 1
35 193 1
34 194 1
33 194 1
.PEN_UP
.PEN_DOWN
38 192 1
41 192 1
42 192 1
43 192 1
44 193 1
45 194 1
45 195 1
45 196 1
44 197 1
44 198 1
44 199 1
44 200 1
44 201 1
43 202 1
43 203 1
43 204 1
42 205 1
41 206 1
40 207 1
40 208 1
39 209 1
39 210 1
39 211 1
38 212 1
38 213 1
38 214 1
38 215 1
37 216 1
37 217 1
37 218 1
37 219 1
37 220 1
39 221 1
40 221 1
41 221 1
42 220 1
43 220 1
44 220 1
45 220 1
46 221 1
47 221 1
48 221 1
49 221 1
50 222 1
51 223 1
51 224 1
51 225 1
52 226 1
52 227 1
52 228 1
52 229 1
52 230 1
52 231 1
51 232 1
51 233 1
51 234 1
51 235 1
50 236 1
50 237 1
50 238 1
49 239 1
49 240 1
48 241 1
48 242 1
47 243 1
46 244 1
45 244 1
44 245 1
43 245 1
42 246 1
41 247 1
41 248 1
40 249 1
40 250 1
39 251 1
37 253 1
36 253 1
35 253 1
34 254 1
33 255 1
32 256 1
31 257 1
30 258 1
30 259 1
29 260 1
28 261 1
27 262 1
26 263 1
25 264 1
24 265 1
23 266 1
22 266 1
21 267 1
20 268 1
19 269 1
.PEN_UP
.PEN_DOWN
38 252 1
40 253 1
41 254 1
42 255 1
43 256 1
44 257 1
45 258 1
46 259 1
47 260 1
47 261 1
48 262 1
48 263 1
48 264 1
48 265 1
49 266 1
49 267 1
49 268 1
49 269 1
48 270 1
48 271 1
48 272 1
48 273 1
.PEN_UP
