.PEN_DOWN
15 2 1
14 2 1
13 1 1
12 1 1
11 2 1
11 3 1
11 4 1
11 5 1
11 6 1
10 7 1
10 8 1
10 9 1
10 10 1
10 11 1
10 12 1
10 13 1
10 14 1
10 15 1
10 16 1
9 17 1
9 18 1
9 19 1
9 20 1
9 21 1
9 22 1
9 23 1
9 24 1
8 25 1
8 26 1
8 27 1
8 28 1
7 29 1
7 30 1
7 31 1
7 32 1
6 33 1
6 34 1
6 35 1
6 36 1
5 38 1
4 38 1
3 39 1
2 39 1
1 39 1
.PEN_UP
.PEN_DOWN
6 37 1
8 38 1
9 38 1
10 38 1
11 38 1
12 37 1
13 37 1
14 37 1
15 37 1
16 37 1
17 37 1
18 37 1
19 37 1
20 37 1
21 37 1
22 37 1
23 37 1
24 37 1
25 37 1
26 37 1
27 37 1
28 37 1
29 37 1
30 37 1
31 37 1
32 37 1
33 37 1
34 38 1
35 38 1
36 38 1
37 38 1
38 38 1
39 38 1
40 38 1
41 38 1
42 38 1
43 38 1
44 38 1
45 38 1
46 38 1
47 38 1
48 38 1
49 38 1
50 38 1
51 38 1
52 38 1
53 38 1
54 38 1
55 38 1
56 38 1
57 38 1
58 38 1
59 38 1
60 38 1
61 38 1
62 38 1
63 38 1
64 38 1
65 38 1
66 38 1
67 38 1
68 38 1
69 38 1
70 38 1
71 38 1
72 39 1
73 40 1
75 40 1
76 40 1
77 40 1
78 40 1
79 40 1
80 40 1
81 40 1
82 40 1
83 40 1
84 40 1
85 40 1
86 40 1
87 40 1
88 40 1
89 40 1
90 40 1
91 40 1
92 41 1
93 41 1
.PEN_UP
.PEN_DOWN
73 41 1
73 42 1
72 43 1
72 44 1
71 45 1
70 46 1
69 46 1
68 46 1
67 46 1
66 46 1
65 46 1
64 46 1
63 47 1
62 47 1
61 47 1
60 47 1
59 47 1
58 47 1
57 47 1
56 48 1
55 48 1
54 48 1
53 49 1
52 50 1
52 51 1
51 52 1
50 52 1
49 52 1
48 53 1
47 53 1
.PEN_UP
.PEN_DOWN
52 53 1
53 54 1
54 55 1
55 55 1
56 55 1
57 55 1
58 56 1
59 56 1
60 56 1
61 57 1
62 57 1
63 57 1
64 57 1
65 57 1
66 57 1
67 57 1
68 57 1
69 57 1
70 57 1
71 57 1
72 57 1
73 57 1
74 57 1
75 57 1
76 57 1
77 57 1
78 57 1
79 58 1
80 58 1
81 59 1
82 60 1
84 59 1
85 59 1
86 58 1
87 58 1
88 58 1
89 58 1
90 59 1
91 59 1
.PEN_UP
.PEN_DOWN
83 60 1
84 63 1
85 64 1
86 65 1
87 66 1
88 67 1
89 68 1
90 69 1
90 70 1
91 71 1
91 72 1
91 73 1
91 74 1
91 75 1
91 76 1
91 77 1
91 78 1
92 79 1
92 80 1
92 81 1
92 82 1
92 83 1
92 84 1
91 85 1
91 86 1
91 87 1
91 88 1
91 89 1
91 90 1
91 91 1
91 92 1
90 93 1
90 94 1
90 95 1
.PEN_UP
.PEN_DOWN
83 61 1
81 63 1
80 64 1
79 65 1
78 65 1
77 66 1
76 67 1
75 66 1
74 66 1
73 67 1
72 67 1
71 67 1
70 67 1
69 68 1
68 69 1
67 69 1
66 70 1
65 70 1
64 71 1
63 72 1
62 72 1
61 73 1
61 74 1
60 75 1
59 76 1
59 77 1
59 78 1
59 79 1
59 80 1
61 81 1
62 81 1
63 80 1
64 80 1
65 80 1
66 79 1
67 78 1
68 77 1
69 77 1
70 76 1
71 75 1
72 74 1
73 73 1
74 72 1
74 71 1
75 70 1
75 69 1
75 68 1
.PEN_UP
.PEN_DOWN
20 24 1
21 24 1
22 24 1
23 25 1
24 25 1
25 25 1
26 25 1
27 25 1
28 26 1
29 26 1
30 26 1
31 26 1
32 26 1
33 26 1
34 26 1
35 27 1
36 27 1
37 27 1
38 27 1
39 27 1
40 27 1
41 27 1
42 27 1
43 28 1
44 28 1
45 28 1
46 28 1
47 28 1
48 28 1
49 28 1
50 28 1
51 28 1
52 29 1
53 29 1
54 29 1
55 29 1
56 29 1
57 29 1
58 29 1
59 29 1
60 29 1
61 29 1
62 29 1
63 29 1
64 29 1
65 29 1
66 29 1
67 28 1
68 28 1
69 28 1
70 28 1
71 28 1
72 28 1
73 28 1
74 28 1
75 28 1
76 28 1
77 28 1
78 28 1
79 28 1
80 28 1
81 28 1
82 28 1
83 28 1
84 28 1
85 28 1
86 28 1
87 28 1
88 28 1
89 28 1
90 28 1
91 28 1
92 28 1
93 28 1
94 27 1
95 27 1
.PEN_UP
