.PEN_DOWN
38 3 1
39 3 1
40 2 1
41 2 1
42 2 1
43 2 1
44 2 1
45 1 1
46 1 1
47 1 1
48 1 1
49 2 1
49 3 1
48 4 1
48 5 1
48 6 1
47 7 1
46 8 1
46 9 1
45 10 1
44 10 1
43 11 1
43 12 1
42 13 1
42 14 1
42 15 1
43 17 1
44 17 1
45 17 1
46 18 1
47 19 1
47 20 1
47 21 1
46 22 1
46 23 1
46 24 1
46 25 1
45 26 1
44 27 1
44 28 1
44 29 1
43 30 1
43 31 1
43 32 1
43 33 1
43 34 1
44 35 1
45 35 1
46 36 1
47 36 1
48 36 1
49 37 1
50 38 1
51 39 1
52 40 1
52 41 1
52 42 1
52 43 1
52 44 1
52 45 1
52 46 1
.PEN_UP
.PEN_DOWN
38 69 1
38 68 1
38 67 1
38 66 1
39 65 1
40 64 1
41 63 1
42 62 1
43 62 1
44 62 1
45 62 1
46 63 1
47 63 1
48 64 1
49 65 1
49 66 1
49 67 1
49 68 1
48 69 1
47 70 1
47 71 1
46 72 1
45 73 1
44 73 1
43 74 1
42 74 1
41 75 1
40 75 1
39 76 1
38 77 1
38 78 1
37 79 1
37 80 1
36 81 1
35 82 1
35 83 1
35 84 1
35 85 1
35 86 1
36 87 1
37 88 1
38 88 1
39 89 1
40 90 1
41 90 1
42 90 1
43 91 1
44 91 1
45 92 1
46 92 1
47 92 1
48 92 1
49 92 1
50 92 1
51 92 1
52 92 1
53 92 1
.PEN_UP
.PEN_DOWN
47 118 1
46 118 1
45 118 1
44 118 1
43 118 1
42 119 1
41 119 1
40 119 1
39 119 1
38 119 1
37 119 1
36 120 1
35 120 1
34 120 1
33 121 1
32 122 1
31 123 1
29 124 1
28 124 1
27 124 1
26 124 1
25 124 1
24 125 1
23 126 1
22 126 1
21 126 1
20 127 1
19 127 1
18 128 1
17 128 1
16 129 1
15 129 1
14 130 1
13 130 1
12 131 1
11 131 1
10 131 1
9 131 1
8 132 1
7 133 1
6 133 1
5 134 1
4 134 1
3 134 1
2 135 1
1 135 1
.PEN_UP
.PEN_DOWN
30 124 1
31 126 1
31 127 1
31 128 1
32 129 1
32 130 1
32 131 1
32 132 1
32 133 1
32 134 1
32 135 1
32 136 1
32 137 1
33 138 1
33 139 1
.PEN_UP
