.PEN_DOWN
23 38 1
22 37 1
22 36 1
21 35 1
20 34 1
20 33 1
19 32 1
19 31 1
19 30 1
18 29 1
18 28 1
18 27 1
17 26 1
17 25 1
17 24 1
17 23 1
17 22 1
17 21 1
16 20 1
16 19 1
16 18 1
16 17 1
16 16 1
16 15 1
16 14 1
17 13 1
17 12 1
17 11 1
18 10 1
18 9 1
19 8 1
20 7 1
21 6 1
22 5 1
23 4 1
24 3 1
25 3 1
26 2 1
27 2 1
28 2 1
29 1 1
30 1 1
31 1 1
32 1 1
33 1 1
34 1 1
35 1 1
36 1 1
37 2 1
38 2 1
39 3 1
40 3 1
41 3 1
42 4 1
43 5 1
44 6 1
45 7 1
46 8 1
47 9 1
48 10 1
48 11 1
49 12 1
49 13 1
49 14 1
49 15 1
49 16 1
49 17 1
49 18 1
50 19 1
50 20 1
50 21 1
50 22 1
50 23 1
50 24 1
50 25 1
50 26 1
49 27 1
49 28 1
49 29 1
49 30 1
49 31 1
48 32 1
48 33 1
48 34 1
47 35 1
47 36 1
46 37 1
46 38 1
46 39 1
45 40 1
45 41 1
45 42 1
44 43 1
44 44 1
44 45 1
43 46 1
41 46 1
40 46 1
39 46 1
38 46 1
37 46 1
36 46 1
35 46 1
34 46 1
33 46 1
32 47 1
31 47 1
30 47 1
29 48 1
28 49 1
27 50 1
26 51 1
25 52 1
24 53 1
23 54 1
23 55 1
23 56 1
23 57 1
22 58 1
22 59 1
22 60 1
22 61 1
22 62 1
22 63 1
22 64 1
22 65 1
22 66 1
23 67 1
23 68 1
23 69 1
24 70 1
24 71 1
25 72 1
25 73 1
25 74 1
26 75 1
26 76 1
27 77 1
28 78 1
28 79 1
29 80 1
29 81 1
30 82 1
31 83 1
32 84 1
33 85 1
34 86 1
35 87 1
36 87 1
37 87 1
38 87 1
39 86 1
40 86 1
41 85 1
42 84 1
42 83 1
43 82 1
43 81 1
43 80 1
44 79 1
44 78 1
45 77 1
45 76 1
45 75 1
46 74 1
46 73 1
47 72 1
47 71 1
47 70 1
47 69 1
48 68 1
48 67 1
48 66 1
48 65 1
49 64 1
49 63 1
49 62 1
49 61 1
49 60 1
49 59 1
48 58 1
48 57 1
48 56 1
48 55 1
47 54 1
47 53 1
46 52 1
46 51 1
45 50 1
44 49 1
44 48 1
43 47 1
.PEN_UP
.PEN_DOWN
21 95 1
21 96 1
22 97 1
22 98 1
22 99 1
23 100 1
23 101 1
25 102 1
26 103 1
27 103 1
28 103 1
29 104 1
30 104 1
31 105 1
32 105 1
33 105 1
34 106 1
35 106 1
36 106 1
37 107 1
38 107 1
39 108 1
40 108 1
41 109 1
42 109 1
43 109 1
44 110 1
45 110 1
46 111 1
47 111 1
48 111 1
.PEN_UP
.PEN_DOWN
23 102 1
22 103 1
22 104 1
22 105 1
22 106 1
22 107 1
22 108 1
22 109 1
22 110 1
22 111 1
22 112 1
23 113 1
23 114 1
23 115 1
23 116 1
24 117 1
24 118 1
24 119 1
24 120 1
25 121 1
25 122 1
25 123 1
26 124 1
26 125 1
26 126 1
27 127 1
27 128 1
28 129 1
29 130 1
29 131 1
31 132 1
32 132 1
33 133 1
34 133 1
35 134 1
36 134 1
37 134 1
38 134 1
39 135 1
40 135 1
41 135 1
42 135 1
43 135 1
44 135 1
45 135 1
46 135 1
47 135 1
48 135 1
49 135 1
50 134 1
51 133 1
.PEN_UP
.PEN_DOWN
29 132 1
28 134 1
28 135 1
28 136 1
28 137 1
27 138 1
27 139 1
27 140 1
27 141 1
27 142 1
27 143 1
27 144 1
27 145 1
28 146 1
28 147 1
28 148 1
29 149 1
30 150 1
31 151 1
32 151 1
33 152 1
34 152 1
35 153 1
36 153 1
37 153 1
38 153 1
39 153 1
40 153 1
41 153 1
42 153 1
43 153 1
44 153 1
45 152 1
46 152 1
47 152 1
48 151 1
49 151 1
50 151 1
51 150 1
51 149 1
52 148 1
52 147 1
52 146 1
52 145 1
.PEN_UP
.PEN_DOWN
52 167 1
52 168 1
52 169 1
52 170 1
52 171 1
50 172 1
49 172 1
48 172 1
47 172 1
46 171 1
45 171 1
44 171 1
43 170 1
42 170 1
41 170 1
40 170 1
39 169 1
38 169 1
37 168 1
36 168 1
35 168 1
34 168 1
33 167 1
32 167 1
31 167 1
30 167 1
29 168 1
28 168 1
27 169 1
27 170 1
27 171 1
26 172 1
25 173 1
25 174 1
25 175 1
25 176 1
25 177 1
24 178 1
24 179 1
24 180 1
24 181 1
24 182 1
24 183 1
24 184 1
24 185 1
24 186 1
25 187 1
25 188 1
25 189 1
25 190 1
26 191 1
26 192 1
26 193 1
27 194 1
27 195 1
28 196 1
29 197 1
30 198 1
31 199 1
32 200 1
33 201 1
34 201 1
35 202 1
36 202 1
37 202 1
38 202 1
39 202 1
40 202 1
41 202 1
42 202 1
43 202 1
44 202 1
45 201 1
46 200 1
47 199 1
48 198 1
49 197 1
50 196 1
50 195 1
51 194 1
51 193 1
52 192 1
52 191 1
52 190 1
53 189 1
53 188 1
53 187 1
54 186 1
54 185 1
54 184 1
54 183 1
54 182 1
54 181 1
54 180 1
54 179 1
54 178 1
54 177 1
54 176 1
55 175 1
56 174 1
57 174 1
58 174 1
59 174 1
60 174 1
61 174 1
62 174 1
63 175 1
64 175 1
65 175 1
66 175 1
67 175 1
68 175 1
69 174 1
70 174 1
71 173 1
71 172 1
71 171 1
.PEN_UP
.PEN_DOWN
24 211 1
25 212 1
25 213 1
25 214 1
26 215 1
26 216 1
26 217 1
28 218 1
29 219 1
30 219 1
31 219 1
32 219 1
33 220 1
34 220 1
35 220 1
36 221 1
37 222 1
38 222 1
39 223 1
40 223 1
41 224 1
42 225 1
43 225 1
44 226 1
45 227 1
46 227 1
47 228 1
.PEN_UP
.PEN_DOWN
26 218 1
26 220 1
26 221 1
26 222 1
26 223 1
25 224 1
25 225 1
25 226 1
25 227 1
25 228 1
25 229 1
25 230 1
25 231 1
25 232 1
24 233 1
24 234 1
24 235 1
23 236 1
.PEN_UP
.PEN_DOWN
26 300 1
26 301 1
26 302 1
27 303 1
27 304 1
27 305 1
28 306 1
30 307 1
31 307 1
32 307 1
33 308 1
34 308 1
35 308 1
36 308 1
37 309 1
38 310 1
39 310 1
40 311 1
41 311 1
42 312 1
43 312 1
44 313 1
45 314 1
46 314 1
47 315 1
48 315 1
49 316 1
.PEN_UP
.PEN_DOWN
28 307 1
27 308 1
27 309 1
27 310 1
27 311 1
27 312 1
27 313 1
27 314 1
27 315 1
27 316 1
27 317 1
27 318 1
27 319 1
27 320 1
27 321 1
28 322 1
28 323 1
28 324 1
28 325 1
28 326 1
29 327 1
29 328 1
29 329 1
30 330 1
30 331 1
30 332 1
31 333 1
31 334 1
32 335 1
32 336 1
34 338 1
35 338 1
36 338 1
37 338 1
38 338 1
39 338 1
40 338 1
41 338 1
42 338 1
43 339 1
44 339 1
45 338 1
46 338 1
47 338 1
48 337 1
49 337 1
.PEN_UP
.PEN_DOWN
32 337 1
31 339 1
30 340 1
29 341 1
28 342 1
28 343 1
27 344 1
26 345 1
26 346 1
25 347 1
25 348 1
25 349 1
25 350 1
25 351 1
25 352 1
25 353 1
25 354 1
25 355 1
26 356 1
27 357 1
28 358 1
29 359 1
30 360 1
31 361 1
32 362 1
33 363 1
34 363 1
35 363 1
36 363 1
37 363 1
38 363 1
39 363 1
40 364 1
41 364 1
42 364 1
43 363 1
44 363 1
45 363 1
46 363 1
47 363 1
48 363 1
49 363 1
50 362 1
51 362 1
52 361 1
52 360 1
52 359 1
52 358 1
.PEN_UP
.PEN_DOWN
19 368 1
18 369 1
18 370 1
18 371 1
18 372 1
17 373 1
17 374 1
16 375 1
16 376 1
16 377 1
16 378 1
16 379 1
15 380 1
15 381 1
15 382 1
15 383 1
15 384 1
15 385 1
15 386 1
15 387 1
15 388 1
16 389 1
17 390 1
18 391 1
19 391 1
.PEN_UP
.PEN_DOWN
35 388 1
36 389 1
37 390 1
38 390 1
39 391 1
40 391 1
41 392 1
42 392 1
43 392 1
44 393 1
45 393 1
46 393 1
47 394 1
48 394 1
49 394 1
50 394 1
.PEN_UP
.PEN_DOWN
68 424 1
68 423 1
67 422 1
66 421 1
65 420 1
64 420 1
63 419 1
62 419 1
61 418 1
60 418 1
59 418 1
58 417 1
57 417 1
56 416 1
55 416 1
54 416 1
53 416 1
52 416 1
51 416 1
50 416 1
49 415 1
48 415 1
47 415 1
46 415 1
45 415 1
44 415 1
43 415 1
42 415 1
41 416 1
40 417 1
39 417 1
38 417 1
37 418 1
36 418 1
35 419 1
34 420 1
34 421 1
33 422 1
33 423 1
33 424 1
32 425 1
31 426 1
31 427 1
31 428 1
32 429 1
32 430 1
32 431 1
32 432 1
32 433 1
33 434 1
.PEN_UP
.PEN_DOWN
43 513 1
43 514 1
44 515 1
44 516 1
44 517 1
44 518 1
44 519 1
44 520 1
43 521 1
43 522 1
43 523 1
43 524 1
43 525 1
42 526 1
41 526 1
40 526 1
39 526 1
38 527 1
37 526 1
36 525 1
36 524 1
35 523 1
35 522 1
34 521 1
34 520 1
34 519 1
33 518 1
33 517 1
33 516 1
33 515 1
32 514 1
32 513 1
32 512 1
32 511 1
32 510 1
32 509 1
32 508 1
32 507 1
31 506 1
32 505 1
32 504 1
32 503 1
32 502 1
33 501 1
33 500 1
33 499 1
34 498 1
34 497 1
34 496 1
35 495 1
36 494 1
37 494 1
38 493 1
39 493 1
40 494 1
41 494 1
42 494 1
43 494 1
44 496 1
45 497 1
45 498 1
45 499 1
46 500 1
47 501 1
47 502 1
48 503 1
48 504 1
49 505 1
49 506 1
49 507 1
50 508 1
50 509 1
51 510 1
51 511 1
52 512 1
52 513 1
52 514 1
52 515 1
52 516 1
52 517 1
53 518 1
53 519 1
53 520 1
53 521 1
53 522 1
53 523 1
53 524 1
52 525 1
52 526 1
51 527 1
51 528 1
50 529 1
50 530 1
49 531 1
48 532 1
47 533 1
46 534 1
45 534 1
44 534 1
43 534 1
42 534 1
41 534 1
40 534 1
39 534 1
38 533 1
36 533 1
35 533 1
34 533 1
33 533 1
32 533 1
31 533 1
30 533 1
29 532 1
28 532 1
27 532 1
26 532 1
25 531 1
24 531 1
23 531 1
22 531 1
21 531 1
20 530 1
19 530 1
18 530 1
17 530 1
16 530 1
15 529 1
14 529 1
13 529 1
12 529 1
11 528 1
10 528 1
9 528 1
8 528 1
7 528 1
6 528 1
5 528 1
4 528 1
3 528 1
2 528 1
1 528 1
.PEN_UP
.PEN_DOWN
38 532 1
38 531 1
38 530 1
38 529 1
38 528 1
.PEN_UP
.PEN_DOWN
44 494 1
45 493 1
46 492 1
46 491 1
47 490 1
47 489 1
47 488 1
48 487 1
48 486 1
48 485 1
48 484 1
49 483 1
49 482 1
49 481 1
49 480 1
49 479 1
50 478 1
50 477 1
50 476 1
50 475 1
50 474 1
50 473 1
50 472 1
50 471 1
50 470 1
50 469 1
50 468 1
50 467 1
50 466 1
50 465 1
50 464 1
49 463 1
48 462 1
48 461 1
48 460 1
48 459 1
48 458 1
48 457 1
47 456 1
47 455 1
47 454 1
47 453 1
47 452 1
46 451 1
45 450 1
44 449 1
43 448 1
42 447 1
41 447 1
40 446 1
39 446 1
38 446 1
37 446 1
36 446 1
35 447 1
34 447 1
33 448 1
32 449 1
31 450 1
30 451 1
29 452 1
28 453 1
28 454 1
27 455 1
27 456 1
27 457 1
26 458 1
26 459 1
26 460 1
26 461 1
25 462 1
25 463 1
25 464 1
26 465 1
26 466 1
26 467 1
26 468 1
26 469 1
26 470 1
27 471 1
27 472 1
28 473 1
29 474 1
30 475 1
31 476 1
32 477 1
33 477 1
34 477 1
35 476 1
36 476 1
37 475 1
38 475 1
39 474 1
40 473 1
40 472 1
40 471 1
41 470 1
42 469 1
42 468 1
43 467 1
43 466 1
44 465 1
45 464 1
46 463 1
47 463 1
.PEN_UP
