.PEN_DOWN
39 1 1
40 1 1
41 1 1
42 1 1
43 1 1
44 1 1
45 2 1
47 2 1
48 2 1
49 2 1
50 2 1
51 2 1
52 3 1
53 4 1
54 5 1
55 6 1
56 7 1
56 8 1
56 9 1
56 10 1
56 11 1
56 12 1
56 13 1
54 13 1
53 13 1
52 12 1
51 12 1
50 11 1
49 10 1
48 10 1
47 9 1
46 9 1
45 9 1
44 8 1
42 8 1
41 8 1
40 8 1
39 8 1
38 8 1
37 9 1
36 9 1
35 9 1
34 9 1
33 9 1
32 10 1
31 11 1
30 12 1
29 12 1
28 13 1
27 14 1
26 15 1
26 16 1
25 17 1
24 18 1
23 19 1
23 20 1
22 21 1
22 22 1
21 23 1
21 24 1
21 25 1
21 26 1
21 27 1
22 28 1
22 29 1
23 30 1
24 31 1
25 32 1
26 32 1
27 33 1
28 34 1
29 34 1
30 35 1
31 36 1
32 36 1
33 37 1
34 38 1
35 38 1
36 39 1
37 39 1
38 39 1
39 39 1
40 39 1
41 39 1
42 39 1
43 39 1
44 39 1
45 39 1
46 39 1
47 39 1
49 41 1
50 42 1
51 43 1
52 44 1
52 45 1
53 46 1
53 47 1
54 48 1
54 49 1
55 50 1
55 51 1
56 52 1
56 53 1
56 54 1
56 55 1
56 56 1
56 57 1
56 58 1
55 59 1
55 60 1
55 61 1
54 62 1
54 63 1
54 64 1
53 65 1
52 66 1
51 67 1
51 68 1
51 69 1
50 70 1
48 70 1
47 70 1
46 70 1
45 70 1
44 70 1
43 70 1
42 70 1
41 70 1
40 70 1
39 70 1
38 70 1
37 70 1
36 69 1
.PEN_UP
.PEN_DOWN
49 70 1
50 72 1
51 73 1
52 74 1
52 75 1
53 76 1
54 77 1
54 78 1
55 79 1
55 80 1
55 81 1
56 82 1
56 83 1
56 84 1
57 85 1
57 86 1
57 87 1
57 88 1
57 89 1
57 90 1
57 91 1
57 92 1
57 93 1
57 94 1
57 95 1
57 96 1
56 97 1
56 98 1
56 99 1
56 100 1
56 101 1
55 102 1
55 103 1
54 104 1
53 104 1
52 105 1
51 105 1
50 106 1
48 106 1
47 106 1
46 106 1
45 106 1
44 106 1
43 106 1
42 105 1
41 105 1
40 105 1
39 104 1
38 104 1
37 104 1
36 103 1
35 103 1
34 103 1
33 103 1
.PEN_UP
.PEN_DOWN
49 106 1
51 108 1
51 109 1
52 110 1
52 111 1
53 112 1
54 113 1
55 114 1
55 115 1
55 116 1
.PEN_UP
.PEN_DOWN
48 38 1
49 37 1
50 36 1
51 35 1
51 34 1
52 33 1
52 32 1
53 31 1
54 30 1
54 29 1
54 28 1
55 27 1
55 26 1
55 25 1
55 24 1
55 23 1
55 22 1
56 21 1
56 20 1
56 19 1
56 18 1
56 17 1
56 16 1
56 15 1
.PEN_UP
.PEN_DOWN
43 8 1
45 6 1
45 5 1
45 4 1
45 3 1
.PEN_UP
.PEN_DOWN
1 167 1
2 167 1
3 167 1
4 167 1
5 167 1
6 167 1
7 167 1
8 167 1
9 167 1
10 167 1
11 167 1
12 167 1
13 167 1
14 167 1
15 166 1
16 166 1
17 166 1
18 166 1
19 166 1
20 166 1
21 166 1
22 166 1
23 166 1
24 166 1
25 166 1
26 166 1
27 166 1
28 166 1
29 166 1
30 166 1
31 166 1
33 168 1
34 168 1
35 168 1
36 169 1
37 169 1
38 169 1
39 169 1
40 170 1
41 170 1
42 171 1
43 171 1
44 172 1
45 172 1
46 173 1
47 174 1
48 174 1
49 174 1
50 175 1
51 176 1
52 177 1
53 178 1
54 179 1
54 180 1
55 181 1
.PEN_UP
.PEN_DOWN
32 165 1
32 164 1
33 163 1
34 162 1
35 161 1
35 160 1
36 159 1
37 159 1
38 158 1
39 158 1
40 158 1
41 158 1
42 158 1
43 158 1
44 158 1
45 157 1
46 156 1
47 155 1
47 154 1
48 153 1
49 152 1
49 151 1
50 150 1
50 149 1
50 148 1
50 147 1
50 146 1
50 145 1
50 144 1
50 143 1
50 142 1
50 141 1
50 140 1
50 139 1
50 138 1
50 137 1
49 136 1
48 135 1
47 134 1
46 133 1
45 133 1
44 132 1
43 132 1
42 132 1
41 131 1
40 131 1
39 131 1
38 131 1
37 132 1
36 132 1
35 132 1
34 132 1
33 133 1
32 133 1
31 134 1
30 135 1
30 136 1
29 137 1
28 138 1
28 139 1
28 140 1
27 141 1
27 142 1
27 143 1
26 144 1
26 145 1
26 146 1
26 147 1
27 148 1
27 149 1
27 150 1
28 151 1
28 152 1
29 153 1
30 154 1
31 155 1
32 155 1
33 156 1
34 157 1
35 158 1
.PEN_UP
