.PEN_DOWN
3 8 1
4 7 1
5 7 1
6 6 1
7 6 1
8 5 1
9 5 1
10 4 1
11 4 1
12 4 1
13 4 1
14 4 1
15 3 1
16 3 1
17 3 1
18 3 1
19 3 1
20 3 1
21 3 1
22 2 1
23 2 1
24 2 1
25 2 1
26 1 1
27 1 1
28 1 1
29 1 1
30 1 1
31 1 1
32 1 1
33 1 1
34 1 1
35 1 1
36 1 1
37 1 1
38 1 1
39 1 1
40 1 1
41 1 1
42 1 1
43 1 1
44 1 1
45 1 1
46 1 1
47 1 1
48 1 1
49 1 1
50 1 1
51 1 1
52 1 1
53 1 1
54 1 1
55 1 1
56 1 1
57 1 1
58 1 1
59 1 1
60 1 1
61 1 1
62 1 1
63 1 1
64 1 1
65 1 1
66 1 1
67 1 1
68 1 1
69 1 1
70 2 1
71 2 1
72 2 1
73 2 1
74 2 1
75 2 1
76 2 1
77 2 1
78 3 1
79 3 1
80 3 1
81 3 1
82 4 1
83 4 1
84 4 1
85 5 1
86 5 1
87 5 1
88 6 1
89 6 1
90 6 1
91 7 1
92 7 1
93 8 1
94 8 1
95 9 1
96 9 1
97 9 1
98 10 1
99 10 1
100 10 1
101 11 1
102 11 1
103 12 1
104 12 1
105 13 1
106 13 1
107 14 1
108 14 1
109 15 1
110 15 1
111 15 1
112 16 1
113 17 1
114 18 1
114 19 1
116 20 1
117 20 1
118 21 1
119 21 1
120 21 1
121 21 1
.PEN_UP
.PEN_DOWN
114 20 1
113 22 1
112 23 1
111 24 1
110 25 1
109 25 1
108 26 1
107 26 1
106 27 1
106 28 1
105 29 1
104 30 1
103 31 1
102 32 1
101 33 1
100 34 1
100 35 1
99 36 1
99 37 1
99 38 1
99 39 1
100 40 1
100 41 1
101 42 1
102 43 1
103 44 1
104 45 1
105 45 1
106 46 1
107 46 1
108 46 1
109 47 1
110 47 1
111 48 1
111 49 1
112 50 1
112 51 1
112 52 1
112 53 1
111 54 1
111 55 1
.PEN_UP
.PEN_DOWN
9 75 1
10 74 1
11 74 1
12 74 1
13 74 1
14 74 1
15 73 1
16 73 1
17 73 1
18 73 1
19 73 1
20 73 1
21 73 1
22 72 1
23 72 1
24 72 1
25 72 1
26 72 1
27 72 1
28 72 1
29 72 1
30 73 1
31 73 1
32 73 1
33 73 1
34 73 1
35 73 1
36 73 1
37 73 1
38 73 1
39 73 1
40 73 1
41 73 1
42 74 1
43 74 1
44 74 1
45 74 1
46 74 1
47 74 1
48 74 1
49 75 1
50 75 1
51 74 1
52 74 1
53 74 1
54 74 1
55 74 1
56 74 1
57 74 1
58 74 1
59 75 1
60 75 1
61 75 1
62 75 1
63 75 1
64 75 1
65 75 1
66 76 1
67 76 1
68 76 1
69 76 1
70 76 1
71 76 1
72 76 1
73 76 1
74 76 1
75 76 1
76 76 1
77 76 1
78 76 1
79 77 1
80 77 1
81 77 1
82 77 1
83 77 1
84 77 1
85 77 1
86 77 1
87 77 1
88 77 1
89 77 1
90 77 1
91 77 1
92 77 1
93 78 1
94 78 1
95 78 1
96 78 1
97 78 1
98 78 1
99 78 1
100 78 1
101 78 1
102 78 1
103 78 1
104 78 1
105 78 1
106 78 1
107 79 1
108 79 1
109 79 1
110 79 1
111 79 1
112 79 1
113 80 1
114 80 1
115 80 1
116 80 1
117 81 1
118 81 1
119 82 1
120 82 1
121 83 1
122 84 1
123 85 1
124 86 1
124 87 1
124 88 1
124 89 1
124 90 1
123 91 1
122 92 1
121 93 1
120 94 1
119 95 1
118 96 1
117 96 1
116 97 1
115 98 1
115 99 1
114 100 1
114 101 1
112 102 1
111 102 1
110 102 1
109 103 1
108 103 1
107 103 1
106 104 1
105 105 1
104 105 1
103 106 1
102 107 1
101 107 1
100 108 1
99 108 1
98 108 1
97 109 1
96 110 1
95 111 1
94 112 1
93 112 1
92 113 1
91 113 1
90 114 1
89 114 1
88 115 1
87 115 1
86 116 1
85 116 1
84 117 1
83 118 1
82 118 1
81 119 1
.PEN_UP
.PEN_DOWN
113 102 1
115 103 1
116 104 1
117 105 1
118 106 1
119 107 1
120 108 1
121 109 1
122 110 1
122 111 1
123 112 1
123 113 1
124 114 1
124 115 1
124 116 1
124 117 1
124 118 1
124 119 1
124 120 1
123 121 1
123 122 1
123 123 1
123 124 1
123 125 1
123 126 1
122 127 1
122 128 1
121 129 1
120 130 1
119 131 1
117 134 1
116 135 1
115 136 1
114 137 1
113 138 1
112 138 1
111 139 1
110 139 1
109 140 1
108 141 1
107 141 1
106 142 1
105 142 1
104 143 1
103 143 1
102 144 1
101 145 1
100 146 1
99 146 1
98 146 1
97 147 1
96 148 1
95 148 1
94 148 1
93 149 1
92 149 1
91 149 1
90 149 1
89 149 1
88 149 1
87 150 1
86 150 1
85 149 1
84 149 1
83 148 1
82 147 1
82 146 1
81 145 1
81 144 1
81 143 1
81 142 1
81 141 1
82 140 1
83 139 1
84 138 1
85 137 1
86 136 1
87 135 1
88 134 1
89 134 1
90 133 1
91 132 1
92 132 1
93 131 1
94 131 1
95 131 1
96 131 1
97 130 1
98 130 1
99 129 1
100 129 1
101 129 1
102 129 1
103 129 1
104 129 1
105 129 1
106 129 1
107 128 1
108 128 1
109 128 1
110 128 1
111 128 1
112 128 1
113 129 1
114 129 1
115 129 1
116 129 1
117 130 1
118 131 1
120 134 1
121 135 1
122 136 1
123 137 1
124 138 1
125 139 1
126 140 1
126 141 1
126 142 1
126 143 1
126 144 1
126 145 1
126 146 1
126 147 1
126 148 1
125 149 1
125 150 1
124 151 1
124 152 1
123 153 1
123 154 1
123 155 1
122 156 1
122 157 1
121 158 1
120 159 1
119 159 1
118 160 1
117 161 1
116 161 1
115 162 1
114 163 1
113 164 1
112 165 1
111 165 1
110 166 1
109 166 1
.PEN_UP
