.PEN_DOWN
11 21 1
10 21 1
9 21 1
8 20 1
7 20 1
6 18 1
7 17 1
7 16 1
7 15 1
8 14 1
8 13 1
9 12 1
10 11 1
11 10 1
12 9 1
13 9 1
14 8 1
15 7 1
16 6 1
17 6 1
18 5 1
19 5 1
20 4 1
21 4 1
22 4 1
23 3 1
24 3 1
25 2 1
26 2 1
27 2 1
28 2 1
29 1 1
30 1 1
31 1 1
32 1 1
33 1 1
34 1 1
35 1 1
36 1 1
37 1 1
38 1 1
39 1 1
40 1 1
41 2 1
42 2 1
43 3 1
44 4 1
45 5 1
46 6 1
47 7 1
48 8 1
49 9 1
50 10 1
51 11 1
51 12 1
52 13 1
52 14 1
53 15 1
53 16 1
54 17 1
54 18 1
54 19 1
54 20 1
55 21 1
55 22 1
55 23 1
55 24 1
56 25 1
56 26 1
56 27 1
56 28 1
56 29 1
56 30 1
56 31 1
57 32 1
57 33 1
57 34 1
57 35 1
57 36 1
57 37 1
57 38 1
57 39 1
57 40 1
57 41 1
57 42 1
57 43 1
57 44 1
57 45 1
57 46 1
57 47 1
57 48 1
57 49 1
57 50 1
57 51 1
57 52 1
57 53 1
57 54 1
56 55 1
56 56 1
55 57 1
55 58 1
55 59 1
54 60 1
53 61 1
52 61 1
51 62 1
50 63 1
49 63 1
48 64 1
47 64 1
46 64 1
45 64 1
44 64 1
43 64 1
42 64 1
41 63 1
40 63 1
39 63 1
38 62 1
37 62 1
36 62 1
35 62 1
34 61 1
33 61 1
32 61 1
31 61 1
29 59 1
28 58 1
27 58 1
26 57 1
25 56 1
24 55 1
23 54 1
22 54 1
21 53 1
20 52 1
19 51 1
18 50 1
18 49 1
18 48 1
17 47 1
17 46 1
17 45 1
17 44 1
15 42 1
14 42 1
13 41 1
12 40 1
11 39 1
10 38 1
9 37 1
8 36 1
7 35 1
6 34 1
6 33 1
5 32 1
5 31 1
5 30 1
4 29 1
4 28 1
4 27 1
4 26 1
4 25 1
4 24 1
5 23 1
5 22 1
5 21 1
6 20 1
.PEN_UP
.PEN_DOWN
16 43 1
19 43 1
20 42 1
21 42 1
22 42 1
23 42 1
24 41 1
.PEN_UP
.PEN_DOWN
30 60 1
30 63 1
29 64 1
28 65 1
26 66 1
25 65 1
24 65 1
23 65 1
22 64 1
21 64 1
20 63 1
19 63 1
18 62 1
17 62 1
16 61 1
15 61 1
14 60 1
13 60 1
12 60 1
11 61 1
10 61 1
9 61 1
8 61 1
7 62 1
6 63 1
5 64 1
4 65 1
3 66 1
3 67 1
2 68 1
2 69 1
1 70 1
1 71 1
1 72 1
1 73 1
1 74 1
1 75 1
1 76 1
2 77 1
2 78 1
2 79 1
2 80 1
3 81 1
4 82 1
4 83 1
5 84 1
6 85 1
7 86 1
8 87 1
9 88 1
10 89 1
11 90 1
12 91 1
13 92 1
14 93 1
15 94 1
16 94 1
17 95 1
18 96 1
19 97 1
20 97 1
21 98 1
22 99 1
23 100 1
24 100 1
25 101 1
26 102 1
27 103 1
28 103 1
29 104 1
30 105 1
31 106 1
32 106 1
33 107 1
34 108 1
35 109 1
36 109 1
37 110 1
38 110 1
39 111 1
40 112 1
41 112 1
42 113 1
43 114 1
44 114 1
45 115 1
46 115 1
47 116 1
48 116 1
49 117 1
50 117 1
51 118 1
52 118 1
53 119 1
54 119 1
55 119 1
56 119 1
57 120 1
58 120 1
59 120 1
60 121 1
61 122 1
61 123 1
61 124 1
.PEN_UP
.PEN_DOWN
27 66 1
29 68 1
30 68 1
31 69 1
32 69 1
33 70 1
34 70 1
35 71 1
36 72 1
37 72 1
38 73 1
39 74 1
40 75 1
41 76 1
42 76 1
43 77 1
44 77 1
45 78 1
46 78 1
47 79 1
48 79 1
49 80 1
50 81 1
51 82 1
52 83 1
53 83 1
.PEN_UP
