.PEN_DOWN
25 48 1
26 48 1
27 49 1
28 49 1
29 50 1
30 50 1
31 51 1
32 51 1
33 52 1
34 52 1
35 52 1
36 52 1
37 52 1
38 52 1
39 52 1
40 52 1
41 52 1
42 53 1
43 53 1
44 53 1
45 52 1
46 53 1
47 53 1
48 53 1
49 54 1
50 54 1
.PEN_UP
.PEN_DOWN
32 53 1
32 54 1
32 55 1
31 56 1
31 57 1
31 58 1
30 59 1
30 60 1
30 61 1
30 62 1
30 63 1
30 64 1
30 65 1
31 66 1
32 67 1
32 68 1
33 69 1
34 70 1
35 71 1
36 72 1
37 72 1
38 73 1
39 73 1
40 73 1
41 74 1
42 74 1
43 75 1
44 75 1
45 76 1
46 76 1
47 76 1
48 77 1
49 77 1
50 78 1
51 78 1
.PEN_UP
.PEN_DOWN
53 37 1
52 36 1
51 35 1
50 34 1
49 33 1
48 32 1
47 32 1
46 31 1
45 31 1
44 30 1
44 29 1
42 29 1
41 29 1
40 29 1
39 29 1
38 29 1
37 28 1
36 28 1
35 28 1
34 28 1
33 28 1
32 28 1
31 27 1
30 26 1
29 25 1
28 24 1
27 23 1
27 22 1
26 21 1
25 20 1
25 19 1
24 18 1
24 17 1
24 16 1
24 15 1
24 14 1
24 13 1
24 12 1
24 11 1
24 10 1
24 9 1
24 8 1
25 7 1
25 6 1
26 5 1
27 4 1
28 4 1
29 3 1
30 2 1
31 1 1
32 1 1
33 1 1
34 1 1
35 1 1
36 1 1
37 1 1
38 1 1
39 1 1
40 1 1
41 1 1
42 2 1
43 2 1
44 3 1
45 4 1
46 5 1
47 6 1
48 7 1
48 8 1
49 9 1
50 10 1
50 11 1
50 12 1
51 13 1
51 14 1
51 15 1
51 16 1
52 17 1
51 18 1
51 19 1
51 20 1
50 21 1
50 22 1
49 23 1
48 24 1
47 25 1
46 26 1
45 26 1
44 27 1
.PEN_UP
.PEN_DOWN
27 94 1
28 93 1
29 92 1
30 91 1
31 91 1
32 91 1
33 90 1
34 90 1
35 90 1
36 89 1
37 89 1
38 89 1
39 89 1
40 89 1
41 89 1
42 89 1
43 90 1
44 91 1
45 92 1
47 93 1
48 93 1
49 94 1
50 94 1
51 94 1
52 95 1
53 96 1
53 97 1
53 98 1
53 99 1
53 100 1
53 101 1
53 102 1
52 103 1
52 104 1
51 105 1
50 105 1
49 106 1
48 106 1
47 107 1
46 107 1
45 108 1
44 108 1
43 108 1
42 108 1
41 108 1
40 108 1
39 108 1
38 108 1
37 108 1
36 108 1
35 108 1
34 108 1
33 108 1
32 107 1
31 107 1
28 106 1
27 105 1
26 104 1
25 104 1
24 104 1
23 104 1
22 104 1
21 104 1
20 103 1
19 103 1
18 103 1
17 102 1
16 102 1
15 102 1
14 102 1
13 101 1
12 101 1
11 101 1
10 101 1
9 101 1
8 101 1
7 101 1
6 100 1
5 100 1
4 100 1
3 100 1
2 100 1
1 101 1
.PEN_UP
.PEN_DOWN
30 106 1
30 105 1
30 104 1
30 103 1
30 102 1
30 101 1
30 100 1
31 99 1
31 98 1
32 97 1
33 97 1
34 96 1
35 96 1
36 96 1
37 96 1
38 95 1
39 95 1
40 95 1
41 95 1
42 95 1
43 95 1
44 94 1
45 93 1
.PEN_UP
