.PEN_DOWN
1 5 1
2 4 1
3 4 1
4 4 1
5 3 1
6 3 1
7 3 1
8 3 1
9 3 1
10 2 1
11 2 1
12 2 1
13 2 1
14 1 1
15 1 1
16 2 1
17 2 1
18 2 1
19 2 1
20 2 1
21 3 1
22 4 1
22 5 1
22 6 1
22 7 1
22 8 1
22 9 1
22 10 1
22 11 1
22 12 1
23 13 1
23 14 1
23 15 1
23 16 1
23 17 1
24 18 1
25 19 1
26 20 1
27 20 1
28 20 1
29 21 1
30 21 1
31 21 1
32 21 1
33 21 1
34 21 1
35 21 1
36 21 1
37 21 1
38 21 1
39 21 1
40 20 1
41 19 1
42 18 1
43 17 1
44 16 1
44 15 1
45 14 1
45 13 1
46 12 1
46 11 1
46 10 1
46 9 1
45 8 1
44 7 1
43 6 1
42 6 1
41 7 1
40 7 1
39 7 1
38 8 1
.PEN_UP
.PEN_DOWN
12 59 1
13 59 1
14 59 1
15 59 1
16 59 1
17 59 1
18 59 1
19 59 1
20 59 1
21 60 1
22 60 1
23 60 1
24 60 1
25 60 1
26 60 1
27 61 1
28 61 1
29 61 1
30 62 1
31 62 1
32 63 1
34 64 1
35 64 1
36 64 1
37 64 1
38 64 1
39 64 1
40 65 1
41 65 1
42 65 1
43 66 1
44 66 1
45 67 1
.PEN_UP
.PEN_DOWN
32 64 1
31 66 1
30 67 1
29 68 1
28 69 1
28 70 1
27 71 1
27 72 1
27 73 1
26 74 1
26 75 1
26 76 1
24 77 1
23 77 1
22 78 1
21 78 1
20 79 1
19 79 1
18 80 1
17 80 1
16 81 1
15 82 1
14 83 1
14 84 1
.PEN_UP
.PEN_DOWN
25 77 1
28 77 1
29 77 1
30 77 1
31 77 1
32 77 1
33 78 1
34 78 1
35 78 1
36 79 1
37 79 1
38 80 1
39 81 1
39 82 1
39 83 1
39 84 1
39 85 1
38 86 1
38 87 1
38 88 1
37 89 1
37 90 1
37 91 1
38 92 1
39 92 1
40 93 1
41 94 1
42 95 1
42 96 1
.PEN_UP
