.PEN_DOWN
31 8 1
32 7 1
33 7 1
34 6 1
35 6 1
36 5 1
37 4 1
38 4 1
39 3 1
40 3 1
41 3 1
42 2 1
43 1 1
44 1 1
45 1 1
46 1 1
47 2 1
48 3 1
48 4 1
.PEN_UP
.PEN_DOWN
7 32 1
6 33 1
5 33 1
4 33 1
3 33 1
2 33 1
1 33 1
.PEN_UP
.PEN_DOWN
28 32 1
29 31 1
30 31 1
31 30 1
32 29 1
33 29 1
34 29 1
35 28 1
36 27 1
37 27 1
38 26 1
39 26 1
40 26 1
41 25 1
42 25 1
43 25 1
44 25 1
45 25 1
46 25 1
47 26 1
48 27 1
49 28 1
49 29 1
49 30 1
49 31 1
48 32 1
48 33 1
48 34 1
48 35 1
48 36 1
47 37 1
47 38 1
46 39 1
45 40 1
45 41 1
45 42 1
44 43 1
43 44 1
43 45 1
42 46 1
42 47 1
41 48 1
41 49 1
40 50 1
40 51 1
40 52 1
40 53 1
41 54 1
42 55 1
43 56 1
44 56 1
45 57 1
46 58 1
47 59 1
48 60 1
49 61 1
50 62 1
50 63 1
50 64 1
51 65 1
51 66 1
52 67 1
52 68 1
52 69 1
52 70 1
52 71 1
52 72 1
52 73 1
52 74 1
52 75 1
52 76 1
52 77 1
52 78 1
52 79 1
52 80 1
52 81 1
52 82 1
.PEN_UP
