.PEN_DOWN
30 17 1
31 16 1
32 16 1
33 15 1
34 14 1
35 13 1
36 12 1
37 11 1
38 11 1
39 10 1
40 10 1
41 10 1
42 10 1
43 8 1
43 7 1
44 6 1
44 5 1
45 4 1
46 3 1
47 2 1
47 1 1
.PEN_UP
.PEN_DOWN
43 9 1
45 10 1
46 10 1
47 11 1
48 12 1
49 13 1
50 14 1
50 15 1
51 16 1
51 17 1
51 18 1
51 19 1
51 20 1
51 21 1
.PEN_UP
.PEN_DOWN
1 51 1
2 51 1
3 50 1
4 50 1
5 50 1
6 49 1
7 49 1
8 49 1
9 48 1
10 48 1
11 48 1
12 47 1
13 47 1
14 47 1
15 46 1
16 46 1
17 46 1
18 45 1
19 45 1
20 45 1
21 44 1
22 44 1
23 44 1
24 43 1
25 43 1
26 42 1
27 42 1
28 42 1
29 41 1
30 41 1
31 41 1
32 41 1
33 41 1
34 40 1
35 40 1
36 40 1
37 40 1
38 40 1
40 39 1
41 38 1
42 38 1
43 37 1
44 37 1
45 37 1
46 36 1
47 36 1
.PEN_UP
.PEN_DOWN
39 40 1
39 42 1
39 43 1
39 44 1
39 45 1
39 46 1
39 47 1
38 48 1
38 49 1
38 50 1
38 51 1
38 52 1
38 53 1
38 54 1
37 55 1
37 56 1
37 57 1
37 58 1
37 59 1
37 60 1
35 62 1
34 63 1
33 63 1
32 64 1
31 65 1
30 66 1
29 67 1
29 68 1
28 69 1
.PEN_UP
.PEN_DOWN
36 61 1
39 62 1
40 62 1
41 62 1
42 63 1
43 64 1
44 65 1
44 66 1
45 67 1
45 68 1
45 69 1
46 70 1
46 71 1
46 72 1
46 73 1
46 74 1
46 75 1
46 76 1
46 77 1
46 78 1
46 79 1
46 80 1
45 81 1
45 82 1
45 83 1
44 84 1
44 85 1
43 86 1
42 86 1
41 86 1
40 87 1
39 87 1
38 87 1
37 87 1
36 87 1
35 88 1
34 88 1
33 88 1
32 89 1
31 89 1
.PEN_UP
.PEN_DOWN
37 110 1
38 110 1
39 109 1
40 109 1
41 109 1
42 109 1
43 109 1
44 109 1
45 109 1
46 110 1
46 111 1
46 112 1
45 113 1
45 114 1
44 115 1
44 116 1
43 117 1
42 118 1
41 119 1
41 120 1
40 121 1
40 122 1
40 123 1
40 124 1
41 125 1
42 125 1
43 126 1
44 127 1
45 127 1
46 128 1
47 129 1
48 130 1
49 131 1
50 132 1
50 133 1
.PEN_UP
.PEN_DOWN
35 165 1
35 164 1
34 163 1
35 162 1
35 161 1
36 160 1
36 159 1
36 158 1
37 157 1
38 156 1
39 155 1
40 154 1
41 154 1
42 154 1
43 153 1
44 153 1
45 153 1
46 154 1
47 155 1
48 156 1
47 157 1
47 158 1
47 159 1
47 160 1
46 161 1
46 162 1
46 163 1
46 164 1
46 165 1
47 166 1
48 167 1
48 168 1
49 169 1
50 170 1
51 171 1
51 172 1
.PEN_UP
.PEN_DOWN
42 193 1
41 194 1
41 195 1
39 196 1
38 196 1
37 197 1
36 197 1
35 198 1
34 198 1
31 198 1
30 198 1
29 198 1
28 198 1
27 199 1
26 199 1
25 200 1
24 200 1
23 201 1
22 201 1
21 202 1
20 203 1
19 203 1
18 204 1
17 205 1
16 205 1
15 206 1
14 207 1
13 208 1
12 209 1
11 210 1
10 211 1
10 212 1
10 213 1
9 214 1
9 215 1
9 216 1
10 217 1
11 217 1
12 217 1
13 217 1
14 217 1
15 217 1
16 216 1
17 215 1
18 215 1
19 214 1
20 214 1
21 213 1
22 212 1
23 212 1
24 211 1
25 210 1
26 209 1
27 208 1
28 207 1
29 206 1
30 205 1
31 204 1
32 203 1
32 202 1
32 201 1
33 200 1
33 199 1
.PEN_UP
.PEN_DOWN
40 196 1
43 196 1
44 197 1
45 197 1
46 198 1
47 199 1
48 199 1
49 200 1
50 201 1
50 202 1
50 203 1
51 204 1
50 205 1
50 206 1
50 207 1
49 208 1
49 209 1
49 210 1
48 211 1
47 212 1
47 213 1
46 214 1
45 215 1
45 216 1
44 217 1
43 218 1
43 219 1
43 220 1
42 221 1
42 222 1
42 223 1
40 224 1
39 224 1
38 224 1
37 224 1
36 225 1
35 225 1
32 225 1
31 225 1
30 225 1
29 225 1
28 226 1
27 226 1
26 227 1
25 227 1
24 228 1
23 229 1
22 229 1
21 229 1
20 230 1
19 230 1
18 231 1
17 232 1
16 233 1
15 234 1
14 235 1
13 236 1
12 237 1
11 238 1
11 239 1
10 240 1
9 241 1
9 242 1
8 243 1
8 244 1
8 245 1
8 246 1
9 247 1
10 247 1
11 247 1
12 247 1
13 247 1
14 246 1
15 246 1
16 246 1
17 245 1
18 245 1
19 244 1
20 243 1
21 242 1
22 241 1
23 240 1
24 240 1
25 239 1
26 238 1
27 237 1
28 236 1
29 235 1
30 234 1
31 233 1
32 232 1
33 231 1
33 230 1
33 229 1
34 228 1
34 227 1
34 226 1
.PEN_UP
.PEN_DOWN
41 224 1
44 224 1
45 225 1
46 225 1
47 226 1
48 226 1
49 227 1
50 228 1
51 229 1
52 229 1
53 230 1
54 231 1
54 232 1
54 233 1
54 234 1
55 235 1
55 236 1
55 237 1
54 238 1
.PEN_UP
.PEN_DOWN
39 255 1
40 254 1
41 253 1
42 253 1
43 253 1
44 253 1
45 252 1
46 253 1
47 253 1
48 254 1
49 255 1
50 256 1
50 257 1
50 258 1
50 259 1
51 260 1
51 261 1
51 262 1
51 263 1
51 264 1
51 265 1
51 266 1
51 267 1
51 268 1
53 269 1
54 268 1
55 268 1
56 268 1
57 268 1
58 268 1
59 267 1
60 267 1
61 266 1
62 266 1
63 266 1
64 265 1
65 265 1
66 265 1
67 265 1
68 264 1
69 264 1
70 264 1
71 263 1
72 263 1
73 263 1
74 262 1
75 262 1
76 261 1
77 260 1
80 260 1
81 260 1
82 260 1
83 260 1
84 259 1
85 259 1
86 259 1
87 258 1
88 258 1
89 258 1
90 258 1
91 257 1
92 256 1
93 255 1
92 252 1
91 252 1
90 252 1
89 252 1
88 252 1
87 252 1
86 252 1
85 252 1
84 252 1
83 253 1
82 254 1
81 254 1
80 255 1
79 256 1
78 257 1
78 258 1
78 259 1
.PEN_UP
.PEN_DOWN
50 269 1
49 270 1
48 271 1
47 272 1
46 273 1
45 273 1
44 274 1
43 274 1
42 275 1
41 276 1
40 277 1
39 278 1
38 278 1
.PEN_UP
