.PEN_DOWN
4 32 1
4 33 1
4 34 1
3 35 1
5 36 1
6 36 1
7 36 1
8 35 1
9 35 1
10 34 1
11 33 1
12 32 1
13 32 1
14 31 1
15 30 1
16 30 1
17 29 1
18 28 1
19 27 1
20 27 1
21 26 1
22 26 1
23 25 1
24 24 1
25 23 1
26 23 1
27 22 1
28 21 1
29 21 1
30 20 1
31 20 1
32 19 1
33 18 1
34 18 1
35 17 1
36 16 1
37 16 1
38 15 1
39 14 1
40 13 1
41 13 1
42 12 1
43 12 1
44 11 1
45 10 1
46 10 1
47 9 1
48 8 1
49 7 1
50 6 1
51 6 1
52 5 1
53 5 1
54 4 1
55 3 1
56 3 1
57 2 1
58 2 1
59 1 1
60 1 1
61 1 1
62 2 1
62 3 1
62 4 1
62 5 1
61 6 1
61 7 1
60 8 1
59 9 1
58 10 1
58 11 1
57 12 1
56 13 1
55 14 1
54 15 1
53 16 1
52 17 1
51 18 1
50 19 1
49 20 1
48 21 1
47 22 1
46 23 1
45 24 1
44 25 1
43 26 1
42 27 1
41 28 1
40 29 1
39 30 1
38 31 1
37 32 1
36 33 1
36 34 1
35 35 1
34 36 1
33 37 1
33 38 1
32 39 1
31 40 1
30 41 1
30 42 1
29 43 1
29 44 1
28 45 1
28 46 1
27 47 1
27 48 1
27 49 1
26 50 1
26 51 1
26 52 1
26 53 1
27 54 1
28 55 1
29 56 1
30 56 1
31 56 1
32 57 1
33 57 1
34 57 1
35 57 1
36 57 1
37 57 1
38 56 1
39 56 1
40 56 1
41 56 1
42 55 1
43 55 1
44 55 1
45 54 1
46 54 1
47 54 1
48 54 1
49 54 1
50 53 1
53 52 1
54 51 1
55 50 1
56 49 1
57 48 1
58 47 1
59 46 1
60 45 1
.PEN_UP
.PEN_DOWN
51 53 1
51 55 1
51 56 1
50 57 1
50 58 1
49 59 1
49 60 1
48 61 1
47 62 1
46 63 1
45 64 1
45 65 1
44 66 1
43 67 1
42 68 1
42 69 1
41 70 1
40 71 1
39 72 1
39 73 1
38 74 1
37 75 1
37 76 1
36 77 1
36 78 1
35 79 1
35 80 1
34 81 1
33 82 1
33 83 1
33 84 1
32 85 1
31 86 1
31 87 1
30 88 1
30 89 1
30 90 1
30 91 1
29 92 1
29 93 1
28 94 1
28 95 1
28 96 1
28 97 1
29 98 1
30 99 1
31 99 1
32 99 1
33 100 1
34 100 1
35 100 1
36 100 1
37 100 1
38 100 1
39 99 1
40 99 1
41 99 1
42 98 1
43 98 1
44 98 1
45 97 1
46 97 1
47 97 1
48 96 1
49 96 1
50 96 1
51 95 1
52 95 1
53 95 1
54 94 1
55 94 1
56 94 1
57 94 1
58 93 1
59 93 1
60 92 1
61 92 1
62 92 1
63 92 1
64 92 1
65 92 1
66 91 1
67 91 1
68 92 1
68 93 1
68 94 1
68 95 1
67 96 1
67 97 1
67 98 1
66 99 1
66 100 1
65 101 1
64 102 1
64 103 1
63 104 1
63 105 1
62 106 1
61 107 1
61 108 1
60 109 1
59 110 1
59 111 1
58 112 1
57 113 1
57 114 1
56 115 1
56 116 1
55 117 1
54 118 1
53 119 1
53 120 1
52 121 1
51 122 1
51 123 1
50 124 1
49 125 1
49 126 1
48 127 1
47 128 1
46 129 1
45 130 1
45 131 1
45 132 1
44 133 1
44 134 1
44 135 1
44 136 1
46 137 1
47 137 1
48 137 1
49 137 1
50 136 1
51 136 1
52 135 1
53 135 1
54 135 1
55 135 1
56 135 1
57 134 1
58 134 1
59 134 1
60 134 1
61 134 1
62 134 1
63 134 1
64 134 1
65 134 1
66 134 1
67 134 1
68 134 1
69 135 1
70 136 1
70 137 1
70 138 1
70 139 1
70 140 1
70 141 1
69 142 1
68 143 1
68 144 1
68 145 1
67 146 1
66 147 1
66 148 1
66 149 1
65 150 1
64 151 1
63 152 1
63 153 1
62 154 1
61 155 1
61 156 1
60 157 1
59 158 1
58 159 1
58 160 1
58 161 1
57 162 1
56 163 1
55 164 1
54 164 1
53 165 1
53 166 1
52 167 1
52 168 1
52 169 1
52 170 1
51 171 1
50 173 1
49 174 1
48 174 1
47 175 1
46 175 1
45 176 1
44 176 1
43 177 1
42 177 1
41 178 1
.PEN_UP
.PEN_DOWN
51 172 1
53 172 1
54 172 1
55 172 1
56 172 1
57 172 1
58 171 1
59 171 1
60 171 1
61 170 1
62 170 1
63 170 1
64 170 1
65 170 1
66 170 1
67 169 1
68 169 1
69 170 1
70 170 1
71 170 1
72 171 1
72 172 1
72 173 1
72 174 1
72 175 1
71 176 1
71 177 1
70 178 1
69 179 1
68 180 1
67 181 1
66 182 1
66 183 1
65 184 1
65 185 1
64 186 1
63 187 1
.PEN_UP
.PEN_DOWN
81 210 1
81 211 1
81 212 1
80 213 1
80 214 1
81 215 1
81 216 1
81 217 1
82 218 1
82 219 1
82 220 1
82 221 1
82 222 1
83 223 1
83 224 1
83 225 1
83 226 1
83 227 1
84 228 1
84 229 1
85 230 1
85 231 1
85 232 1
85 233 1
85 234 1
85 235 1
85 236 1
85 237 1
85 238 1
85 239 1
85 240 1
85 241 1
85 242 1
85 243 1
84 244 1
83 245 1
82 245 1
81 245 1
80 245 1
79 245 1
78 245 1
77 244 1
76 244 1
75 243 1
74 243 1
73 242 1
72 241 1
71 240 1
70 239 1
69 238 1
68 237 1
67 236 1
66 235 1
65 234 1
65 233 1
64 232 1
64 231 1
63 230 1
63 229 1
63 228 1
62 227 1
62 226 1
62 225 1
62 224 1
62 223 1
62 222 1
62 221 1
62 220 1
62 219 1
62 218 1
62 217 1
62 216 1
63 215 1
63 214 1
63 213 1
64 212 1
64 211 1
64 210 1
64 209 1
64 208 1
64 207 1
64 206 1
64 205 1
64 204 1
63 203 1
62 202 1
61 201 1
60 201 1
59 201 1
58 201 1
57 201 1
56 201 1
55 201 1
54 202 1
53 202 1
52 202 1
51 203 1
50 204 1
49 204 1
48 205 1
47 206 1
46 207 1
45 208 1
44 209 1
43 210 1
43 211 1
43 212 1
42 213 1
42 214 1
42 215 1
43 216 1
43 217 1
43 218 1
44 219 1
45 220 1
46 221 1
47 221 1
48 222 1
49 223 1
50 224 1
50 225 1
.PEN_UP
.PEN_DOWN
72 271 1
71 271 1
70 270 1
69 270 1
68 271 1
67 271 1
66 271 1
65 271 1
64 272 1
63 272 1
62 272 1
61 272 1
60 272 1
59 272 1
58 272 1
57 272 1
56 272 1
55 273 1
54 273 1
53 273 1
52 274 1
51 274 1
50 274 1
49 274 1
48 274 1
47 274 1
46 275 1
45 275 1
44 275 1
43 276 1
41 278 1
40 278 1
39 278 1
38 278 1
37 278 1
36 278 1
35 278 1
34 279 1
33 279 1
32 279 1
31 279 1
30 279 1
29 279 1
28 280 1
27 280 1
26 280 1
25 280 1
24 280 1
23 281 1
22 281 1
21 282 1
20 282 1
19 282 1
18 282 1
17 283 1
16 283 1
15 283 1
14 284 1
13 284 1
12 284 1
11 285 1
10 285 1
9 285 1
8 286 1
7 286 1
6 287 1
5 287 1
4 288 1
3 289 1
.PEN_UP
.PEN_DOWN
42 277 1
43 279 1
43 280 1
44 281 1
45 282 1
45 283 1
46 284 1
47 285 1
48 286 1
48 287 1
48 288 1
48 289 1
49 290 1
49 291 1
.PEN_UP
