.PEN_DOWN
34 44 1
33 45 1
32 44 1
32 43 1
32 42 1
32 41 1
32 40 1
32 39 1
32 38 1
32 37 1
32 36 1
31 35 1
31 34 1
31 33 1
31 32 1
31 31 1
31 30 1
30 29 1
30 28 1
30 27 1
29 26 1
28 25 1
27 24 1
26 24 1
25 24 1
24 25 1
23 25 1
22 26 1
21 27 1
20 28 1
19 29 1
19 30 1
18 31 1
18 32 1
18 33 1
18 34 1
18 35 1
18 36 1
18 37 1
18 38 1
18 39 1
19 40 1
20 41 1
20 42 1
21 43 1
22 44 1
23 45 1
24 46 1
25 47 1
26 47 1
27 47 1
28 48 1
29 48 1
30 48 1
31 48 1
32 50 1
33 51 1
33 52 1
33 53 1
33 54 1
33 55 1
34 56 1
34 57 1
35 58 1
36 59 1
37 60 1
38 61 1
39 62 1
40 63 1
41 64 1
42 65 1
43 65 1
44 65 1
45 65 1
46 65 1
47 65 1
48 65 1
49 65 1
50 65 1
51 65 1
52 65 1
53 64 1
54 64 1
55 64 1
56 64 1
57 64 1
58 63 1
59 62 1
60 61 1
61 60 1
62 60 1
63 59 1
64 58 1
65 58 1
66 57 1
67 56 1
68 55 1
69 54 1
70 53 1
70 52 1
71 51 1
72 50 1
73 49 1
73 48 1
74 47 1
74 46 1
75 45 1
76 44 1
76 43 1
77 42 1
77 41 1
78 40 1
78 39 1
79 38 1
79 37 1
79 36 1
80 35 1
80 34 1
80 33 1
81 32 1
81 31 1
81 30 1
81 29 1
82 28 1
82 27 1
82 26 1
82 25 1
83 24 1
83 23 1
83 22 1
83 21 1
83 20 1
83 19 1
83 18 1
83 17 1
82 16 1
82 15 1
81 14 1
81 13 1
80 12 1
80 11 1
80 10 1
79 9 1
78 8 1
77 7 1
76 6 1
75 5 1
74 4 1
73 3 1
73 2 1
72 1 1
.PEN_UP
.PEN_DOWN
45 135 1
45 134 1
45 133 1
44 132 1
44 131 1
43 130 1
42 129 1
41 129 1
40 129 1
39 129 1
38 128 1
37 128 1
34 128 1
33 128 1
32 128 1
31 128 1
30 129 1
29 129 1
28 129 1
27 129 1
26 129 1
25 129 1
24 129 1
23 129 1
22 129 1
21 128 1
20 127 1
19 126 1
19 125 1
19 124 1
19 123 1
18 122 1
18 121 1
18 120 1
18 119 1
18 118 1
18 117 1
18 116 1
18 115 1
18 114 1
18 113 1
18 112 1
18 111 1
18 110 1
18 109 1
18 108 1
18 107 1
18 106 1
19 105 1
19 104 1
19 103 1
19 102 1
19 101 1
19 100 1
19 99 1
20 98 1
20 97 1
20 96 1
20 95 1
21 94 1
21 93 1
21 92 1
21 91 1
22 90 1
22 89 1
23 88 1
23 87 1
24 86 1
24 85 1
25 84 1
26 83 1
26 82 1
27 81 1
27 80 1
28 79 1
28 78 1
29 77 1
30 76 1
31 75 1
32 74 1
33 73 1
34 72 1
35 72 1
36 72 1
37 72 1
38 72 1
39 73 1
40 74 1
41 75 1
41 76 1
41 77 1
42 78 1
42 79 1
42 80 1
42 81 1
43 82 1
43 83 1
43 84 1
43 85 1
43 86 1
43 87 1
43 88 1
43 89 1
43 90 1
42 91 1
42 92 1
42 93 1
42 94 1
42 95 1
42 96 1
41 97 1
41 98 1
41 99 1
41 100 1
41 101 1
40 102 1
40 103 1
40 104 1
40 105 1
40 106 1
39 107 1
39 108 1
39 109 1
39 110 1
38 111 1
38 112 1
38 113 1
37 114 1
37 115 1
37 116 1
37 117 1
37 118 1
37 119 1
36 120 1
36 121 1
36 122 1
36 123 1
36 124 1
36 125 1
36 126 1
36 127 1
.PEN_UP
.PEN_DOWN
42 149 1
41 148 1
40 147 1
39 147 1
38 147 1
37 147 1
36 146 1
35 146 1
34 146 1
33 147 1
32 147 1
31 148 1
31 149 1
31 150 1
30 151 1
30 152 1
30 153 1
29 154 1
29 155 1
29 156 1
29 157 1
28 158 1
28 159 1
28 160 1
28 161 1
28 162 1
27 163 1
27 164 1
27 165 1
27 166 1
27 167 1
27 168 1
27 169 1
27 170 1
27 171 1
27 172 1
27 173 1
27 174 1
27 175 1
27 176 1
26 177 1
.PEN_UP
.PEN_DOWN
62 163 1
63 163 1
64 163 1
65 163 1
66 163 1
67 164 1
68 164 1
69 164 1
70 165 1
71 165 1
72 165 1
73 166 1
74 166 1
75 167 1
76 168 1
77 168 1
78 169 1
79 170 1
79 171 1
80 172 1
80 173 1
80 174 1
81 175 1
81 176 1
81 177 1
81 178 1
80 179 1
80 180 1
80 181 1
80 182 1
79 183 1
79 184 1
78 185 1
78 186 1
77 187 1
77 188 1
76 189 1
76 190 1
75 191 1
74 192 1
73 193 1
73 194 1
72 195 1
72 196 1
71 197 1
71 198 1
70 199 1
69 200 1
69 201 1
68 202 1
67 203 1
66 204 1
66 205 1
65 206 1
64 207 1
63 208 1
62 208 1
61 209 1
60 210 1
59 211 1
58 212 1
57 213 1
56 213 1
55 214 1
54 215 1
53 215 1
52 216 1
51 216 1
50 216 1
49 216 1
48 216 1
47 216 1
46 216 1
45 216 1
44 216 1
43 215 1
42 214 1
41 213 1
40 212 1
40 211 1
39 210 1
38 209 1
38 208 1
37 207 1
37 206 1
36 205 1
36 204 1
36 203 1
35 202 1
34 201 1
34 200 1
34 199 1
34 198 1
34 197 1
33 196 1
32 195 1
31 194 1
30 194 1
29 193 1
29 192 1
29 191 1
29 190 1
30 189 1
.PEN_UP
.PEN_DOWN
47 230 1
46 230 1
45 229 1
44 229 1
43 229 1
42 229 1
41 229 1
40 229 1
39 229 1
38 230 1
37 230 1
36 230 1
35 230 1
34 230 1
33 230 1
32 230 1
31 230 1
30 230 1
29 231 1
28 231 1
27 231 1
26 231 1
25 231 1
24 231 1
23 232 1
22 232 1
21 232 1
20 232 1
19 232 1
18 232 1
17 233 1
16 233 1
15 233 1
14 233 1
13 233 1
12 234 1
11 234 1
10 234 1
9 234 1
8 234 1
7 235 1
6 235 1
5 235 1
4 235 1
3 236 1
2 237 1
2 238 1
2 239 1
1 240 1
.PEN_UP
.PEN_DOWN
50 276 1
50 275 1
50 274 1
50 273 1
49 272 1
49 271 1
49 270 1
49 269 1
49 268 1
49 267 1
49 266 1
49 265 1
49 264 1
49 263 1
49 262 1
49 261 1
49 260 1
48 259 1
48 258 1
48 257 1
48 256 1
47 255 1
47 254 1
46 253 1
45 252 1
44 252 1
43 250 1
43 249 1
43 248 1
42 247 1
42 246 1
42 245 1
42 244 1
42 243 1
41 242 1
40 241 1
39 240 1
38 240 1
37 240 1
36 240 1
35 239 1
34 239 1
33 240 1
32 240 1
31 240 1
30 241 1
29 242 1
28 242 1
27 243 1
26 244 1
25 245 1
24 246 1
23 247 1
22 248 1
21 249 1
20 250 1
19 251 1
18 252 1
17 253 1
17 254 1
16 255 1
16 256 1
15 257 1
14 258 1
14 259 1
13 260 1
12 261 1
12 262 1
12 263 1
12 264 1
12 265 1
12 266 1
12 267 1
12 268 1
12 269 1
12 270 1
12 271 1
12 272 1
13 273 1
14 274 1
15 275 1
16 276 1
17 277 1
18 277 1
19 278 1
20 278 1
21 278 1
22 278 1
23 278 1
24 277 1
25 276 1
26 275 1
27 274 1
28 273 1
29 272 1
30 271 1
31 270 1
31 269 1
32 268 1
32 267 1
32 266 1
33 265 1
34 264 1
34 263 1
35 262 1
36 261 1
36 260 1
36 259 1
37 258 1
37 257 1
38 256 1
38 255 1
39 254 1
40 253 1
41 252 1
42 252 1
.PEN_UP
