.PEN_DOWN
29 14 1
30 13 1
31 12 1
32 11 1
32 10 1
33 9 1
34 8 1
35 7 1
35 6 1
36 5 1
37 4 1
38 4 1
39 3 1
40 2 1
41 2 1
42 1 1
43 1 1
44 1 1
45 1 1
46 1 1
47 1 1
48 1 1
49 2 1
50 2 1
51 2 1
52 2 1
53 3 1
54 3 1
55 3 1
56 3 1
57 3 1
58 4 1
59 4 1
60 4 1
61 5 1
62 6 1
63 7 1
64 8 1
65 8 1
66 9 1
67 10 1
68 10 1
69 11 1
70 12 1
71 13 1
72 14 1
73 15 1
74 16 1
74 17 1
75 18 1
75 19 1
76 20 1
76 21 1
77 22 1
77 23 1
78 24 1
78 25 1
78 26 1
79 27 1
79 28 1
79 29 1
80 30 1
80 31 1
80 32 1
80 33 1
80 34 1
80 35 1
80 36 1
81 37 1
81 38 1
81 39 1
81 40 1
81 41 1
81 42 1
81 43 1
81 44 1
81 45 1
80 46 1
80 47 1
80 48 1
79 49 1
79 50 1
78 51 1
78 52 1
77 53 1
76 54 1
75 55 1
74 56 1
73 57 1
72 58 1
71 58 1
70 58 1
69 59 1
68 59 1
67 60 1
66 60 1
65 60 1
64 61 1
63 61 1
62 62 1
61 62 1
60 62 1
59 63 1
58 63 1
57 63 1
56 63 1
55 63 1
54 63 1
53 63 1
52 63 1
51 63 1
50 62 1
49 62 1
48 62 1
47 62 1
46 62 1
45 62 1
44 61 1
43 61 1
42 61 1
41 61 1
40 60 1
39 60 1
38 59 1
37 59 1
36 59 1
35 58 1
34 58 1
33 57 1
32 57 1
31 56 1
30 56 1
29 55 1
28 55 1
27 54 1
26 53 1
25 52 1
24 51 1
23 50 1
22 49 1
21 48 1
20 47 1
20 46 1
19 45 1
18 45 1
16 46 1
15 46 1
14 46 1
13 46 1
12 46 1
11 46 1
10 45 1
9 45 1
8 44 1
7 43 1
6 42 1
5 41 1
5 40 1
4 39 1
3 38 1
3 37 1
2 36 1
2 35 1
2 34 1
2 33 1
2 32 1
1 31 1
1 30 1
1 29 1
1 28 1
1 27 1
1 26 1
1 25 1
1 24 1
1 23 1
1 22 1
1 21 1
2 20 1
2 19 1
2 18 1
3 17 1
4 16 1
5 16 1
6 16 1
7 16 1
8 17 1
9 18 1
9 19 1
10 20 1
10 21 1
11 22 1
11 23 1
11 24 1
11 25 1
11 26 1
12 27 1
12 28 1
12 29 1
12 30 1
13 31 1
13 32 1
13 33 1
14 34 1
14 35 1
15 36 1
15 37 1
16 38 1
16 39 1
17 40 1
17 41 1
17 42 1
17 43 1
17 44 1
.PEN_UP
.PEN_DOWN
81 92 1
80 91 1
79 91 1
78 90 1
77 89 1
76 88 1
75 88 1
74 87 1
73 86 1
72 86 1
71 86 1
70 86 1
69 85 1
68 84 1
67 84 1
66 83 1
65 83 1
64 82 1
63 82 1
62 81 1
61 81 1
60 80 1
59 80 1
58 79 1
57 79 1
56 79 1
55 78 1
54 78 1
53 78 1
52 77 1
51 77 1
50 77 1
49 77 1
48 76 1
47 76 1
46 76 1
45 75 1
44 75 1
43 75 1
42 74 1
41 74 1
40 74 1
39 73 1
38 73 1
37 73 1
36 73 1
35 72 1
34 72 1
33 72 1
32 72 1
31 72 1
30 72 1
29 72 1
28 71 1
27 72 1
26 73 1
26 74 1
25 75 1
24 76 1
24 77 1
23 78 1
23 79 1
23 80 1
22 81 1
22 82 1
22 83 1
23 84 1
23 85 1
23 86 1
24 87 1
24 88 1
25 89 1
25 90 1
26 91 1
26 92 1
26 93 1
27 94 1
28 95 1
29 96 1
30 97 1
31 98 1
32 99 1
33 100 1
34 101 1
35 102 1
36 103 1
37 104 1
38 105 1
38 106 1
38 107 1
39 108 1
39 109 1
41 111 1
42 111 1
43 112 1
44 112 1
45 113 1
46 113 1
47 114 1
48 115 1
49 115 1
50 115 1
51 116 1
52 116 1
53 117 1
54 118 1
55 118 1
56 119 1
57 119 1
58 119 1
59 120 1
60 120 1
61 120 1
62 120 1
63 120 1
64 121 1
65 121 1
66 121 1
67 122 1
68 122 1
69 123 1
70 123 1
71 123 1
72 124 1
73 124 1
74 124 1
75 124 1
76 125 1
77 125 1
78 126 1
79 126 1
80 126 1
.PEN_UP
.PEN_DOWN
39 110 1
38 111 1
37 112 1
36 112 1
35 112 1
34 112 1
33 112 1
32 113 1
31 113 1
30 114 1
29 114 1
28 115 1
27 115 1
26 116 1
25 117 1
24 118 1
24 119 1
24 120 1
24 121 1
24 122 1
24 123 1
24 124 1
24 125 1
25 126 1
26 127 1
27 128 1
28 129 1
29 130 1
30 131 1
31 132 1
32 132 1
33 133 1
34 133 1
35 134 1
36 134 1
37 134 1
38 135 1
39 135 1
40 136 1
41 136 1
42 136 1
43 137 1
44 137 1
45 137 1
46 137 1
47 137 1
48 138 1
49 138 1
50 138 1
51 138 1
52 138 1
53 138 1
54 138 1
55 138 1
56 139 1
57 139 1
58 139 1
59 140 1
60 140 1
61 140 1
62 141 1
63 141 1
64 141 1
65 142 1
66 142 1
67 142 1
68 143 1
69 143 1
70 144 1
71 144 1
72 144 1
73 145 1
74 146 1
75 147 1
76 147 1
77 148 1
78 149 1
79 150 1
80 151 1
80 152 1
81 153 1
82 154 1
83 155 1
83 156 1
83 157 1
83 158 1
83 159 1
83 160 1
83 161 1
82 162 1
81 163 1
80 164 1
79 165 1
78 166 1
76 167 1
75 167 1
74 167 1
73 167 1
72 167 1
71 167 1
70 167 1
69 167 1
68 166 1
67 166 1
66 166 1
65 166 1
64 166 1
63 165 1
62 165 1
61 165 1
60 165 1
59 165 1
58 164 1
57 164 1
56 164 1
55 164 1
54 163 1
53 163 1
52 163 1
51 162 1
50 161 1
49 161 1
48 161 1
47 160 1
46 160 1
45 160 1
44 159 1
43 159 1
42 158 1
41 158 1
40 157 1
39 157 1
38 156 1
37 155 1
36 155 1
35 154 1
34 154 1
33 153 1
.PEN_UP
.PEN_DOWN
77 167 1
78 169 1
79 170 1
80 171 1
81 172 1
82 172 1
83 173 1
84 174 1
85 174 1
86 175 1
.PEN_UP
.PEN_DOWN
14 145 1
14 146 1
14 147 1
14 148 1
13 149 1
14 150 1
14 151 1
14 152 1
14 153 1
14 154 1
14 155 1
14 156 1
14 157 1
14 158 1
14 159 1
14 160 1
14 161 1
15 162 1
15 163 1
15 164 1
.PEN_UP
.PEN_DOWN
12 172 1
13 173 1
14 174 1
15 174 1
16 174 1
17 174 1
18 174 1
19 175 1
20 175 1
21 176 1
22 177 1
23 177 1
24 178 1
25 179 1
26 179 1
27 180 1
28 180 1
29 181 1
30 181 1
31 182 1
32 182 1
33 183 1
34 183 1
35 183 1
36 183 1
37 184 1
38 184 1
41 186 1
42 186 1
43 187 1
44 187 1
45 187 1
46 187 1
47 188 1
48 188 1
49 188 1
50 188 1
51 189 1
52 189 1
53 190 1
54 190 1
55 190 1
56 191 1
57 191 1
58 191 1
59 192 1
60 192 1
61 192 1
62 193 1
63 193 1
64 193 1
65 194 1
66 194 1
67 194 1
68 194 1
69 195 1
70 195 1
71 195 1
72 196 1
73 196 1
74 196 1
75 197 1
76 197 1
77 198 1
78 198 1
79 199 1
80 199 1
81 200 1
.PEN_UP
.PEN_DOWN
39 183 1
39 182 1
39 181 1
39 180 1
40 179 1
.PEN_UP
.PEN_DOWN
39 184 1
38 187 1
38 188 1
38 189 1
38 190 1
38 191 1
38 192 1
37 193 1
37 194 1
37 195 1
37 196 1
37 197 1
37 198 1
37 199 1
37 200 1
37 201 1
37 202 1
37 203 1
36 204 1
36 205 1
35 206 1
33 209 1
32 210 1
31 210 1
30 211 1
29 212 1
28 213 1
27 214 1
26 215 1
26 216 1
25 217 1
25 218 1
25 219 1
25 220 1
25 221 1
25 222 1
25 223 1
25 224 1
26 225 1
26 226 1
26 227 1
27 228 1
28 229 1
28 230 1
29 231 1
30 232 1
31 233 1
32 234 1
33 235 1
34 236 1
35 236 1
36 237 1
37 238 1
38 239 1
39 240 1
40 240 1
41 240 1
42 241 1
43 241 1
44 241 1
45 242 1
46 242 1
47 243 1
48 243 1
49 243 1
50 244 1
51 244 1
52 244 1
53 245 1
54 245 1
55 245 1
56 246 1
57 246 1
58 246 1
59 246 1
60 247 1
61 247 1
62 248 1
63 248 1
64 248 1
65 248 1
66 249 1
67 249 1
68 249 1
69 249 1
70 250 1
71 250 1
72 250 1
73 250 1
74 251 1
75 251 1
76 251 1
77 251 1
78 251 1
79 251 1
80 251 1
.PEN_UP
.PEN_DOWN
34 205 1
33 204 1
32 204 1
31 203 1
30 203 1
29 203 1
28 202 1
27 202 1
26 202 1
25 202 1
24 202 1
23 201 1
22 201 1
21 201 1
20 200 1
19 200 1
18 200 1
17 200 1
16 199 1
15 199 1
14 199 1
13 199 1
12 199 1
11 198 1
10 198 1
9 198 1
8 198 1
.PEN_UP
.PEN_DOWN
35 207 1
37 208 1
38 208 1
39 208 1
40 208 1
41 208 1
42 208 1
43 208 1
44 208 1
45 208 1
46 209 1
47 209 1
48 209 1
49 210 1
50 210 1
51 210 1
52 210 1
53 211 1
54 211 1
55 211 1
56 212 1
57 212 1
58 212 1
59 212 1
60 213 1
61 213 1
62 213 1
63 213 1
64 214 1
65 214 1
66 215 1
67 215 1
68 215 1
69 216 1
70 216 1
71 217 1
72 217 1
73 217 1
74 218 1
75 218 1
76 218 1
77 219 1
.PEN_UP
.PEN_DOWN
6 249 1
7 249 1
8 249 1
9 249 1
10 249 1
11 249 1
12 249 1
13 250 1
14 250 1
15 250 1
16 250 1
17 251 1
18 251 1
19 252 1
20 252 1
21 253 1
22 253 1
23 254 1
24 255 1
.PEN_UP
.PEN_DOWN
36 278 1
35 279 1
35 280 1
35 281 1
35 282 1
35 283 1
35 284 1
36 285 1
36 286 1
36 287 1
36 288 1
36 289 1
36 290 1
36 291 1
37 292 1
37 293 1
38 294 1
39 295 1
39 296 1
40 297 1
41 298 1
42 299 1
43 300 1
44 301 1
45 302 1
46 303 1
46 304 1
47 305 1
47 306 1
48 307 1
48 308 1
49 309 1
50 310 1
51 311 1
52 312 1
53 313 1
54 314 1
55 315 1
56 316 1
57 317 1
58 317 1
59 318 1
60 318 1
61 319 1
62 319 1
63 320 1
64 320 1
65 320 1
66 320 1
67 321 1
68 321 1
69 321 1
70 321 1
71 321 1
72 321 1
73 321 1
74 321 1
75 321 1
76 320 1
77 320 1
78 320 1
79 319 1
80 319 1
81 318 1
82 318 1
83 317 1
84 317 1
85 316 1
86 315 1
87 314 1
88 313 1
89 312 1
89 311 1
90 310 1
91 309 1
91 308 1
91 307 1
91 306 1
91 305 1
91 304 1
91 303 1
91 302 1
91 301 1
91 300 1
91 299 1
91 298 1
91 297 1
91 296 1
91 295 1
90 294 1
90 293 1
90 292 1
90 291 1
90 290 1
89 289 1
89 288 1
89 287 1
88 286 1
88 285 1
87 284 1
87 283 1
87 282 1
86 281 1
86 280 1
86 279 1
85 278 1
84 277 1
83 276 1
83 275 1
82 274 1
81 273 1
80 272 1
79 272 1
78 271 1
77 271 1
76 271 1
75 271 1
74 271 1
73 271 1
72 272 1
71 272 1
70 272 1
69 273 1
68 274 1
67 275 1
66 276 1
65 276 1
64 276 1
63 277 1
.PEN_UP
