.PEN_DOWN
1 4 1
2 4 1
3 4 1
4 4 1
5 4 1
6 5 1
7 5 1
8 5 1
9 5 1
10 5 1
11 5 1
12 6 1
13 6 1
14 7 1
15 7 1
16 7 1
17 7 1
18 7 1
19 8 1
19 9 1
19 10 1
20 11 1
21 12 1
22 13 1
22 14 1
24 15 1
25 16 1
26 16 1
27 16 1
28 17 1
29 17 1
30 18 1
31 19 1
32 20 1
33 21 1
34 22 1
35 23 1
36 24 1
37 25 1
37 26 1
38 27 1
39 28 1
39 29 1
.PEN_UP
.PEN_DOWN
22 15 1
22 17 1
22 18 1
23 19 1
23 20 1
23 21 1
24 22 1
24 23 1
24 24 1
.PEN_UP
.PEN_DOWN
19 6 1
19 5 1
19 4 1
20 3 1
19 2 1
19 1 1
.PEN_UP
.PEN_DOWN
17 40 1
17 39 1
16 38 1
16 37 1
18 36 1
19 36 1
20 36 1
21 36 1
22 36 1
23 37 1
24 37 1
25 38 1
26 38 1
27 39 1
28 39 1
29 40 1
30 41 1
31 42 1
32 43 1
33 44 1
34 45 1
35 46 1
36 47 1
37 48 1
37 49 1
37 50 1
38 51 1
38 52 1
39 53 1
39 54 1
39 55 1
40 56 1
40 57 1
40 58 1
39 59 1
39 60 1
38 61 1
37 61 1
36 62 1
35 62 1
34 62 1
33 62 1
32 62 1
31 62 1
30 62 1
29 62 1
28 62 1
27 61 1
26 60 1
25 60 1
24 59 1
23 59 1
22 58 1
21 57 1
20 57 1
19 56 1
18 55 1
17 54 1
16 53 1
15 52 1
14 51 1
13 50 1
13 49 1
12 48 1
11 47 1
11 46 1
10 45 1
9 44 1
9 43 1
9 42 1
9 41 1
10 40 1
10 39 1
11 38 1
12 37 1
13 37 1
14 36 1
15 36 1
.PEN_UP
