.PEN_DOWN
27 1 1
27 2 1
27 3 1
28 4 1
29 5 1
31 5 1
32 5 1
33 5 1
34 5 1
35 5 1
36 6 1
37 6 1
38 6 1
39 6 1
40 7 1
41 8 1
41 9 1
41 10 1
42 11 1
42 12 1
41 13 1
41 14 1
41 15 1
41 16 1
41 17 1
40 18 1
40 19 1
39 20 1
38 21 1
37 22 1
36 22 1
35 23 1
34 23 1
33 23 1
32 23 1
31 24 1
30 24 1
29 24 1
28 24 1
27 24 1
26 25 1
25 24 1
25 23 1
25 22 1
25 21 1
.PEN_UP
.PEN_DOWN
26 26 1
25 27 1
25 28 1
25 29 1
25 30 1
25 31 1
25 32 1
25 33 1
25 34 1
25 35 1
25 36 1
25 37 1
25 38 1
26 39 1
26 40 1
26 41 1
26 42 1
27 43 1
27 44 1
28 45 1
29 46 1
30 47 1
31 48 1
32 48 1
33 49 1
34 50 1
34 51 1
35 52 1
34 54 1
34 55 1
33 56 1
33 57 1
33 58 1
32 59 1
32 60 1
32 61 1
33 62 1
33 63 1
34 64 1
34 65 1
35 66 1
36 67 1
37 68 1
38 69 1
38 70 1
39 71 1
40 72 1
40 73 1
40 74 1
40 75 1
40 76 1
40 77 1
40 78 1
40 79 1
40 80 1
40 81 1
40 82 1
39 83 1
39 84 1
39 85 1
38 86 1
38 87 1
37 88 1
36 89 1
35 90 1
34 91 1
33 90 1
32 89 1
31 88 1
30 88 1
29 87 1
28 87 1
27 86 1
26 85 1
25 85 1
24 85 1
23 85 1
22 84 1
21 84 1
20 84 1
19 84 1
18 84 1
17 84 1
16 84 1
15 84 1
14 84 1
13 84 1
12 84 1
11 84 1
10 84 1
9 84 1
8 85 1
7 85 1
6 85 1
5 86 1
4 87 1
5 89 1
5 90 1
6 91 1
6 92 1
7 93 1
8 94 1
9 94 1
10 94 1
11 95 1
12 95 1
13 95 1
14 96 1
15 96 1
16 96 1
17 96 1
18 97 1
19 97 1
20 97 1
21 97 1
22 97 1
23 97 1
24 97 1
25 97 1
26 97 1
27 97 1
28 96 1
29 96 1
30 96 1
31 96 1
32 95 1
33 94 1
36 95 1
37 96 1
37 97 1
37 98 1
37 99 1
37 100 1
37 101 1
37 102 1
37 103 1
36 104 1
36 105 1
36 106 1
35 107 1
35 108 1
35 109 1
34 110 1
34 111 1
33 112 1
33 113 1
33 114 1
33 115 1
32 116 1
32 117 1
32 118 1
32 119 1
31 121 1
30 121 1
29 122 1
28 122 1
27 123 1
26 123 1
.PEN_UP
.PEN_DOWN
32 120 1
34 120 1
35 121 1
36 121 1
37 122 1
37 123 1
37 124 1
37 125 1
36 126 1
36 127 1
36 128 1
36 129 1
36 130 1
36 131 1
36 132 1
35 133 1
35 134 1
35 135 1
35 136 1
34 137 1
34 138 1
33 140 1
32 140 1
31 140 1
30 141 1
29 142 1
28 142 1
27 143 1
.PEN_UP
.PEN_DOWN
34 139 1
36 139 1
37 139 1
38 139 1
39 139 1
42 138 1
43 137 1
44 137 1
45 137 1
46 136 1
47 136 1
48 135 1
49 135 1
50 134 1
51 134 1
52 133 1
53 132 1
55 132 1
56 132 1
57 132 1
58 131 1
59 131 1
60 131 1
61 131 1
62 130 1
63 129 1
64 129 1
65 129 1
66 128 1
67 127 1
68 127 1
69 126 1
70 125 1
71 124 1
72 124 1
73 124 1
74 123 1
75 122 1
76 121 1
77 121 1
78 121 1
79 120 1
80 119 1
81 119 1
82 118 1
83 117 1
84 116 1
85 115 1
86 114 1
87 114 1
88 113 1
89 112 1
90 111 1
91 111 1
92 110 1
93 109 1
94 108 1
94 107 1
95 106 1
96 105 1
96 104 1
97 103 1
97 102 1
97 101 1
98 100 1
98 99 1
99 98 1
100 97 1
100 96 1
100 95 1
100 94 1
101 93 1
100 92 1
100 91 1
99 90 1
98 90 1
97 90 1
96 90 1
95 90 1
94 90 1
93 91 1
92 91 1
91 91 1
90 92 1
89 92 1
88 93 1
87 93 1
86 94 1
85 95 1
84 95 1
83 95 1
82 96 1
81 97 1
80 98 1
79 98 1
78 99 1
77 100 1
76 101 1
75 102 1
74 103 1
73 104 1
72 105 1
71 106 1
70 107 1
69 108 1
68 108 1
67 109 1
67 110 1
66 111 1
65 111 1
64 112 1
64 113 1
63 114 1
62 115 1
61 116 1
60 117 1
60 118 1
59 119 1
58 120 1
57 121 1
56 122 1
55 123 1
55 124 1
54 125 1
54 126 1
54 127 1
54 128 1
54 129 1
53 130 1
53 131 1
.PEN_UP
.PEN_DOWN
40 138 1
41 140 1
41 141 1
41 142 1
41 143 1
41 144 1
41 145 1
40 146 1
40 147 1
40 148 1
39 149 1
39 150 1
38 151 1
38 152 1
37 153 1
37 154 1
37 155 1
36 156 1
36 157 1
35 158 1
.PEN_UP
