.PEN_DOWN
14 1 1
15 1 1
16 1 1
17 2 1
18 3 1
19 3 1
20 4 1
21 4 1
22 5 1
23 5 1
24 5 1
25 6 1
26 6 1
27 7 1
28 8 1
29 8 1
30 8 1
31 8 1
32 8 1
33 8 1
34 8 1
.PEN_UP
.PEN_DOWN
27 9 1
27 10 1
26 11 1
25 12 1
24 12 1
23 13 1
22 13 1
21 14 1
21 15 1
20 16 1
20 17 1
20 18 1
21 19 1
22 20 1
23 20 1
24 20 1
25 20 1
26 20 1
27 21 1
28 22 1
28 23 1
27 24 1
27 25 1
26 26 1
25 27 1
24 28 1
24 29 1
23 30 1
24 31 1
25 32 1
26 33 1
27 33 1
28 34 1
29 34 1
30 34 1
31 35 1
32 36 1
33 37 1
33 38 1
.PEN_UP
.PEN_DOWN
27 47 1
28 48 1
29 48 1
30 48 1
31 49 1
32 50 1
33 51 1
34 52 1
34 53 1
35 54 1
35 55 1
35 56 1
35 57 1
35 58 1
35 59 1
35 60 1
35 61 1
35 62 1
34 63 1
34 64 1
33 65 1
33 66 1
32 67 1
31 68 1
30 69 1
29 70 1
28 71 1
27 71 1
26 72 1
25 72 1
24 72 1
23 73 1
22 74 1
21 74 1
20 74 1
19 74 1
18 74 1
17 74 1
16 74 1
15 73 1
14 72 1
13 71 1
12 70 1
12 69 1
12 68 1
12 67 1
12 66 1
12 65 1
12 64 1
12 63 1
12 62 1
13 61 1
13 60 1
13 59 1
14 58 1
15 57 1
15 56 1
16 55 1
17 55 1
18 54 1
19 53 1
20 53 1
21 53 1
22 53 1
23 53 1
24 54 1
.PEN_UP
.PEN_DOWN
8 89 1
9 90 1
10 90 1
11 90 1
12 90 1
13 91 1
14 91 1
15 91 1
16 91 1
17 91 1
18 92 1
19 92 1
20 92 1
21 93 1
22 93 1
23 94 1
25 95 1
26 95 1
27 95 1
28 95 1
29 95 1
31 93 1
32 92 1
33 92 1
34 92 1
35 92 1
36 92 1
37 93 1
38 94 1
38 95 1
38 96 1
38 97 1
37 98 1
36 98 1
35 98 1
34 98 1
33 98 1
32 97 1
31 97 1
30 96 1
.PEN_UP
.PEN_DOWN
23 95 1
23 97 1
22 98 1
21 99 1
20 100 1
20 101 1
19 102 1
18 103 1
18 104 1
18 105 1
17 106 1
17 107 1
16 108 1
16 109 1
15 110 1
.PEN_UP
.PEN_DOWN
33 148 1
33 147 1
34 146 1
34 145 1
34 144 1
34 143 1
34 142 1
34 141 1
34 140 1
34 139 1
34 138 1
34 137 1
34 136 1
34 135 1
34 134 1
34 133 1
34 132 1
33 131 1
33 130 1
33 129 1
33 128 1
32 127 1
32 126 1
31 125 1
30 124 1
29 123 1
28 122 1
27 122 1
26 122 1
25 122 1
24 121 1
23 122 1
22 122 1
21 122 1
20 122 1
19 122 1
18 123 1
17 124 1
15 125 1
14 126 1
13 126 1
12 126 1
11 127 1
10 127 1
9 128 1
8 129 1
7 130 1
6 131 1
5 132 1
4 133 1
3 134 1
3 135 1
2 136 1
2 137 1
1 138 1
1 139 1
2 140 1
3 141 1
4 141 1
5 141 1
6 141 1
7 141 1
8 141 1
9 141 1
10 140 1
11 140 1
12 140 1
13 139 1
14 138 1
15 137 1
16 136 1
16 135 1
17 134 1
17 133 1
18 132 1
18 131 1
18 130 1
18 129 1
18 128 1
18 127 1
18 126 1
17 125 1
.PEN_UP
