.PEN_DOWN
56 1 1
56 2 1
55 3 1
55 4 1
55 5 1
54 6 1
53 7 1
52 8 1
52 9 1
51 10 1
50 11 1
49 12 1
49 13 1
49 14 1
48 15 1
47 16 1
47 17 1
46 18 1
46 19 1
45 20 1
44 21 1
44 22 1
43 23 1
42 24 1
42 25 1
41 26 1
40 27 1
39 28 1
39 29 1
39 30 1
39 31 1
38 32 1
38 33 1
38 34 1
37 35 1
37 36 1
35 38 1
34 38 1
33 38 1
32 38 1
31 38 1
30 39 1
29 39 1
28 40 1
27 40 1
26 41 1
25 41 1
24 42 1
23 43 1
21 42 1
20 42 1
19 42 1
18 42 1
17 42 1
16 43 1
15 43 1
14 43 1
13 43 1
12 43 1
11 44 1
10 45 1
10 46 1
8 47 1
7 48 1
6 48 1
5 49 1
4 50 1
3 51 1
3 52 1
2 53 1
2 54 1
2 55 1
1 56 1
1 57 1
2 58 1
3 59 1
4 59 1
5 59 1
6 59 1
7 59 1
8 58 1
9 58 1
10 58 1
11 57 1
12 56 1
13 56 1
14 56 1
15 55 1
16 54 1
18 53 1
19 53 1
20 53 1
22 54 1
23 55 1
24 56 1
25 57 1
26 57 1
27 57 1
28 58 1
29 58 1
30 58 1
31 58 1
32 58 1
33 58 1
34 58 1
35 58 1
36 58 1
38 56 1
39 55 1
39 54 1
40 53 1
41 52 1
42 51 1
42 50 1
43 49 1
44 48 1
44 47 1
44 46 1
44 45 1
45 44 1
44 43 1
44 42 1
43 41 1
42 40 1
41 39 1
40 39 1
39 39 1
38 38 1
37 37 1
.PEN_UP
.PEN_DOWN
37 57 1
37 60 1
37 61 1
37 62 1
37 63 1
37 64 1
37 65 1
37 66 1
37 67 1
37 68 1
37 69 1
37 70 1
37 71 1
37 72 1
37 73 1
37 74 1
37 75 1
37 76 1
37 77 1
37 78 1
37 79 1
37 80 1
37 81 1
37 82 1
34 85 1
33 86 1
33 87 1
33 88 1
33 89 1
33 90 1
33 91 1
33 92 1
32 93 1
32 94 1
32 95 1
31 96 1
30 97 1
29 98 1
28 98 1
27 98 1
26 98 1
25 98 1
24 98 1
23 98 1
22 98 1
21 97 1
20 96 1
19 95 1
19 94 1
19 93 1
19 92 1
19 91 1
19 90 1
20 89 1
20 88 1
21 87 1
22 86 1
23 86 1
24 85 1
25 85 1
26 85 1
27 84 1
28 84 1
29 84 1
30 84 1
31 84 1
32 84 1
33 83 1
.PEN_UP
.PEN_DOWN
35 83 1
39 83 1
40 84 1
41 84 1
42 84 1
43 85 1
44 85 1
45 86 1
46 87 1
47 88 1
47 89 1
47 90 1
47 91 1
47 92 1
47 93 1
47 94 1
47 95 1
47 96 1
47 97 1
47 98 1
47 99 1
47 100 1
47 101 1
46 102 1
46 103 1
46 104 1
46 105 1
46 106 1
46 107 1
46 108 1
45 109 1
45 110 1
45 111 1
44 112 1
42 115 1
42 116 1
41 117 1
41 118 1
41 119 1
41 120 1
41 121 1
40 122 1
40 123 1
39 124 1
38 125 1
38 126 1
37 127 1
37 128 1
36 129 1
35 130 1
34 130 1
33 131 1
32 131 1
31 131 1
30 132 1
29 132 1
28 132 1
27 131 1
26 131 1
25 130 1
24 129 1
24 128 1
24 127 1
24 126 1
23 125 1
24 124 1
24 123 1
24 122 1
24 121 1
24 120 1
25 119 1
26 118 1
26 117 1
27 116 1
28 115 1
29 114 1
30 113 1
31 113 1
32 112 1
33 112 1
34 112 1
35 112 1
36 112 1
37 112 1
38 112 1
39 112 1
40 112 1
41 112 1
42 112 1
43 113 1
45 114 1
46 114 1
47 115 1
48 115 1
49 115 1
50 116 1
51 116 1
52 117 1
53 118 1
54 119 1
55 120 1
55 121 1
56 122 1
56 123 1
56 124 1
57 125 1
57 126 1
.PEN_UP
.PEN_DOWN
21 52 1
21 51 1
21 50 1
21 49 1
21 48 1
21 47 1
21 46 1
22 45 1
22 44 1
.PEN_UP
.PEN_DOWN
16 53 1
15 52 1
14 51 1
13 50 1
12 49 1
11 48 1
10 47 1
.PEN_UP
.PEN_DOWN
40 161 1
40 160 1
40 159 1
40 158 1
41 157 1
42 156 1
42 155 1
43 154 1
44 153 1
45 152 1
46 152 1
47 151 1
48 150 1
49 150 1
50 149 1
51 149 1
52 149 1
53 148 1
54 148 1
55 148 1
56 148 1
57 148 1
58 148 1
59 148 1
60 149 1
61 150 1
62 151 1
62 152 1
62 153 1
62 154 1
62 155 1
62 156 1
62 157 1
62 158 1
61 159 1
61 160 1
61 161 1
60 162 1
60 163 1
60 164 1
60 165 1
60 166 1
59 167 1
59 168 1
59 169 1
59 170 1
58 171 1
58 172 1
59 173 1
60 174 1
61 174 1
62 174 1
63 175 1
64 176 1
65 177 1
66 178 1
67 179 1
68 180 1
69 181 1
70 182 1
70 183 1
70 184 1
70 185 1
71 186 1
71 187 1
71 188 1
71 189 1
72 190 1
72 191 1
72 192 1
.PEN_UP
