.PEN_DOWN
34 13 1
33 14 1
33 15 1
33 16 1
32 17 1
32 18 1
32 19 1
32 20 1
.PEN_UP
.PEN_DOWN
50 14 1
51 14 1
52 13 1
53 13 1
54 13 1
55 13 1
56 14 1
57 14 1
58 14 1
59 14 1
60 14 1
61 14 1
62 13 1
63 13 1
64 13 1
65 13 1
66 13 1
67 12 1
68 12 1
69 11 1
70 11 1
71 11 1
72 10 1
73 9 1
74 9 1
75 9 1
76 8 1
77 7 1
78 7 1
79 6 1
80 6 1
81 5 1
82 5 1
83 4 1
84 3 1
85 3 1
86 2 1
87 1 1
.PEN_UP
.PEN_DOWN
57 26 1
58 25 1
59 24 1
60 24 1
61 23 1
62 22 1
63 21 1
64 21 1
65 21 1
66 21 1
67 20 1
68 20 1
69 20 1
70 20 1
71 20 1
72 20 1
73 20 1
74 20 1
75 20 1
76 21 1
77 22 1
77 23 1
76 24 1
76 25 1
76 26 1
76 27 1
75 28 1
75 29 1
74 30 1
74 31 1
73 32 1
73 33 1
72 34 1
72 35 1
71 36 1
71 37 1
70 38 1
70 39 1
69 40 1
68 41 1
68 42 1
67 43 1
66 44 1
66 45 1
65 46 1
65 47 1
64 48 1
64 49 1
63 50 1
62 51 1
62 52 1
62 53 1
62 54 1
62 55 1
62 56 1
63 57 1
64 58 1
65 58 1
66 58 1
67 57 1
68 57 1
69 57 1
70 57 1
71 57 1
72 57 1
73 56 1
74 56 1
75 56 1
76 57 1
76 58 1
76 59 1
76 60 1
75 61 1
75 62 1
75 63 1
74 64 1
73 65 1
73 66 1
72 67 1
71 68 1
71 69 1
70 70 1
69 71 1
69 72 1
68 73 1
67 74 1
67 75 1
67 76 1
66 77 1
65 78 1
65 79 1
64 80 1
63 81 1
63 82 1
62 83 1
62 84 1
61 85 1
61 86 1
60 87 1
60 88 1
60 89 1
59 90 1
59 91 1
59 92 1
59 93 1
59 94 1
59 95 1
60 96 1
61 97 1
62 97 1
63 97 1
64 97 1
65 97 1
67 96 1
68 96 1
69 96 1
70 96 1
71 96 1
72 96 1
73 96 1
74 96 1
75 96 1
76 97 1
77 98 1
.PEN_UP
.PEN_DOWN
66 97 1
66 99 1
66 100 1
66 101 1
66 102 1
66 103 1
64 105 1
63 106 1
62 107 1
61 108 1
60 109 1
59 110 1
59 111 1
58 112 1
57 113 1
57 114 1
56 115 1
55 116 1
54 117 1
54 118 1
53 119 1
53 120 1
53 121 1
52 122 1
52 123 1
52 124 1
52 125 1
52 126 1
52 127 1
53 128 1
54 129 1
55 130 1
56 130 1
57 130 1
58 130 1
59 130 1
60 130 1
61 130 1
62 130 1
63 130 1
64 130 1
66 131 1
67 132 1
68 133 1
69 133 1
70 133 1
71 133 1
72 133 1
73 132 1
74 132 1
75 132 1
76 132 1
77 132 1
78 132 1
79 131 1
80 131 1
81 130 1
82 130 1
83 130 1
84 129 1
85 129 1
86 129 1
87 128 1
88 128 1
.PEN_UP
.PEN_DOWN
65 129 1
65 128 1
65 127 1
65 126 1
66 125 1
66 124 1
66 123 1
67 122 1
67 121 1
68 120 1
68 119 1
68 118 1
68 117 1
69 116 1
69 115 1
69 114 1
69 113 1
69 112 1
69 111 1
70 110 1
70 109 1
70 108 1
70 107 1
70 106 1
69 105 1
68 104 1
67 104 1
.PEN_UP
.PEN_DOWN
78 155 1
79 154 1
79 153 1
80 152 1
80 151 1
80 150 1
80 149 1
80 148 1
78 148 1
77 148 1
76 148 1
75 148 1
74 148 1
73 148 1
72 149 1
71 149 1
70 149 1
69 149 1
68 150 1
67 150 1
66 150 1
65 151 1
64 151 1
63 152 1
62 152 1
61 153 1
60 154 1
59 155 1
58 156 1
57 157 1
56 158 1
56 159 1
56 160 1
56 161 1
56 162 1
56 163 1
56 164 1
56 165 1
56 166 1
56 167 1
57 168 1
58 168 1
.PEN_UP
.PEN_DOWN
79 147 1
82 147 1
83 147 1
84 147 1
85 147 1
86 147 1
88 148 1
89 148 1
90 148 1
91 149 1
92 149 1
93 149 1
94 149 1
95 149 1
96 149 1
97 149 1
98 149 1
99 150 1
100 150 1
101 150 1
102 150 1
103 150 1
104 150 1
105 150 1
106 150 1
107 150 1
108 150 1
109 150 1
110 150 1
111 150 1
112 150 1
113 150 1
114 150 1
115 150 1
116 150 1
117 150 1
118 150 1
119 149 1
120 149 1
121 149 1
122 148 1
123 148 1
124 147 1
125 146 1
126 146 1
127 145 1
128 144 1
129 143 1
130 142 1
131 141 1
132 140 1
133 139 1
133 138 1
134 137 1
134 136 1
135 135 1
135 134 1
135 133 1
135 132 1
135 131 1
135 130 1
135 129 1
134 128 1
134 127 1
133 126 1
132 125 1
131 124 1
130 123 1
129 122 1
128 121 1
127 120 1
126 119 1
125 119 1
124 119 1
123 118 1
122 118 1
121 118 1
120 118 1
119 118 1
118 118 1
117 118 1
116 118 1
115 118 1
114 118 1
113 118 1
112 119 1
111 119 1
110 120 1
109 120 1
108 120 1
107 121 1
106 122 1
105 123 1
104 124 1
103 125 1
102 126 1
101 127 1
100 128 1
99 129 1
99 130 1
98 131 1
97 131 1
96 132 1
95 133 1
94 134 1
93 135 1
92 136 1
92 137 1
91 138 1
90 139 1
89 140 1
88 141 1
88 142 1
88 143 1
88 144 1
87 145 1
87 146 1
.PEN_UP
.PEN_DOWN
55 184 1
55 185 1
54 186 1
54 187 1
.PEN_UP
.PEN_DOWN
1 194 1
2 193 1
3 193 1
4 192 1
5 193 1
6 193 1
7 193 1
8 193 1
9 193 1
10 194 1
11 195 1
.PEN_UP
.PEN_DOWN
61 185 1
62 184 1
63 183 1
64 183 1
65 183 1
66 183 1
67 183 1
68 183 1
69 182 1
70 182 1
71 182 1
72 182 1
73 182 1
74 182 1
75 183 1
76 184 1
77 185 1
77 186 1
77 187 1
76 188 1
76 189 1
76 190 1
75 191 1
74 192 1
74 193 1
73 194 1
72 195 1
72 196 1
71 197 1
70 198 1
69 199 1
69 200 1
68 201 1
67 202 1
67 203 1
67 204 1
66 205 1
66 206 1
66 207 1
66 208 1
67 209 1
68 209 1
69 209 1
70 209 1
71 209 1
72 210 1
73 210 1
74 210 1
75 211 1
75 212 1
75 213 1
75 214 1
75 215 1
75 216 1
74 217 1
74 218 1
73 219 1
73 220 1
72 221 1
71 222 1
71 223 1
70 224 1
70 225 1
69 226 1
69 227 1
69 228 1
68 229 1
68 230 1
67 231 1
67 232 1
66 233 1
66 234 1
66 235 1
66 236 1
65 237 1
65 238 1
65 239 1
65 240 1
65 241 1
65 242 1
65 243 1
65 244 1
65 245 1
65 246 1
65 247 1
66 248 1
66 249 1
66 250 1
66 251 1
66 252 1
67 253 1
68 254 1
69 255 1
.PEN_UP
.PEN_DOWN
74 287 1
73 287 1
72 287 1
71 288 1
70 288 1
69 288 1
68 288 1
67 289 1
66 289 1
65 290 1
64 290 1
63 290 1
62 290 1
62 288 1
62 287 1
62 286 1
62 285 1
62 284 1
63 283 1
64 282 1
64 281 1
65 280 1
66 279 1
67 278 1
67 277 1
67 276 1
68 275 1
68 274 1
69 273 1
69 272 1
70 271 1
70 270 1
71 269 1
71 268 1
71 267 1
71 266 1
71 265 1
71 264 1
70 263 1
69 262 1
68 262 1
67 262 1
66 263 1
65 263 1
64 263 1
63 263 1
62 264 1
61 265 1
60 265 1
59 266 1
58 267 1
57 268 1
56 269 1
55 270 1
54 271 1
53 272 1
52 273 1
51 274 1
51 275 1
51 276 1
50 277 1
50 278 1
49 279 1
49 280 1
49 281 1
49 282 1
49 283 1
49 284 1
49 285 1
50 286 1
51 287 1
52 288 1
53 289 1
54 289 1
55 289 1
56 290 1
57 290 1
58 291 1
.PEN_UP
.PEN_DOWN
74 318 1
73 318 1
72 319 1
71 319 1
70 319 1
69 320 1
68 320 1
67 321 1
66 321 1
65 322 1
64 322 1
63 322 1
62 322 1
61 322 1
60 323 1
59 323 1
58 324 1
57 324 1
56 324 1
55 324 1
54 325 1
51 326 1
50 326 1
49 327 1
48 327 1
47 328 1
46 329 1
45 330 1
44 331 1
43 331 1
42 332 1
41 333 1
40 333 1
39 334 1
38 335 1
37 336 1
36 336 1
35 337 1
34 338 1
33 339 1
32 340 1
31 341 1
30 342 1
29 343 1
28 344 1
27 344 1
26 345 1
25 346 1
24 347 1
23 348 1
22 349 1
21 349 1
20 350 1
19 351 1
18 351 1
17 352 1
16 353 1
15 354 1
14 355 1
13 356 1
12 357 1
11 357 1
10 358 1
9 359 1
8 360 1
7 360 1
6 361 1
5 362 1
.PEN_UP
.PEN_DOWN
53 325 1
54 327 1
55 328 1
55 329 1
55 330 1
55 331 1
56 332 1
56 333 1
56 334 1
57 335 1
57 336 1
57 337 1
58 338 1
.PEN_UP
.PEN_DOWN
79 348 1
80 347 1
80 346 1
80 345 1
80 344 1
80 343 1
80 342 1
80 341 1
79 340 1
78 339 1
77 339 1
76 338 1
75 338 1
74 338 1
73 338 1
72 339 1
71 339 1
70 339 1
69 340 1
68 341 1
67 342 1
66 343 1
65 344 1
64 345 1
63 346 1
63 347 1
62 348 1
61 349 1
60 350 1
60 351 1
59 352 1
58 353 1
57 354 1
57 355 1
57 356 1
56 357 1
56 358 1
55 359 1
55 360 1
.PEN_UP
.PEN_DOWN
58 378 1
58 377 1
57 376 1
57 375 1
58 374 1
58 373 1
58 372 1
58 371 1
58 370 1
59 369 1
59 368 1
60 367 1
61 366 1
62 365 1
63 364 1
64 363 1
65 362 1
66 362 1
67 361 1
68 360 1
69 360 1
70 360 1
71 359 1
72 359 1
73 359 1
74 359 1
75 360 1
76 361 1
77 362 1
77 363 1
77 364 1
77 365 1
77 366 1
77 367 1
76 368 1
76 369 1
76 370 1
75 371 1
75 372 1
74 373 1
73 374 1
73 375 1
73 376 1
72 377 1
72 378 1
71 379 1
70 380 1
69 381 1
69 382 1
68 383 1
68 384 1
67 385 1
66 386 1
65 387 1
65 388 1
64 389 1
64 390 1
63 391 1
61 392 1
60 393 1
59 393 1
58 393 1
57 394 1
56 395 1
55 396 1
54 397 1
53 398 1
.PEN_UP
.PEN_DOWN
62 392 1
64 393 1
65 394 1
65 395 1
65 396 1
65 397 1
65 398 1
65 399 1
65 400 1
65 401 1
65 402 1
64 403 1
64 404 1
64 405 1
64 406 1
63 407 1
63 408 1
63 409 1
63 410 1
63 411 1
63 412 1
63 413 1
63 414 1
62 415 1
62 416 1
62 417 1
62 418 1
62 419 1
62 420 1
62 421 1
62 422 1
62 423 1
62 424 1
62 425 1
63 426 1
63 427 1
63 428 1
63 429 1
63 430 1
64 431 1
65 431 1
66 432 1
67 432 1
68 432 1
69 431 1
70 431 1
71 431 1
72 431 1
73 431 1
74 431 1
75 431 1
76 431 1
77 431 1
78 432 1
77 433 1
77 434 1
77 435 1
77 436 1
77 437 1
77 438 1
77 439 1
76 440 1
76 441 1
76 442 1
76 443 1
75 444 1
75 445 1
75 446 1
75 447 1
75 448 1
75 449 1
75 450 1
75 451 1
74 452 1
74 453 1
74 454 1
75 455 1
75 456 1
75 457 1
75 458 1
75 459 1
76 460 1
.PEN_UP
.PEN_DOWN
20 389 1
19 390 1
18 391 1
18 392 1
.PEN_UP
