.PEN_DOWN
1 8 1
2 8 1
3 9 1
4 9 1
5 9 1
6 10 1
7 10 1
8 10 1
9 11 1
.PEN_UP
.PEN_DOWN
26 7 1
26 6 1
27 5 1
28 4 1
29 3 1
30 3 1
31 2 1
32 2 1
33 2 1
34 2 1
35 2 1
36 1 1
37 1 1
38 1 1
39 1 1
40 1 1
41 1 1
42 1 1
43 1 1
44 1 1
45 1 1
46 1 1
47 1 1
48 1 1
49 1 1
50 1 1
51 1 1
52 1 1
53 1 1
54 2 1
55 2 1
56 3 1
57 3 1
58 4 1
59 5 1
60 6 1
60 7 1
61 8 1
62 9 1
62 10 1
63 11 1
63 12 1
63 13 1
63 14 1
63 15 1
63 16 1
63 17 1
62 18 1
62 19 1
62 20 1
61 21 1
61 22 1
60 23 1
59 24 1
59 25 1
58 26 1
57 27 1
56 28 1
55 29 1
54 30 1
54 31 1
53 32 1
51 33 1
50 33 1
49 33 1
48 33 1
47 33 1
46 33 1
45 33 1
44 33 1
43 33 1
42 33 1
41 33 1
40 33 1
39 34 1
38 34 1
37 34 1
36 35 1
35 35 1
34 35 1
33 36 1
32 36 1
.PEN_UP
.PEN_DOWN
52 33 1
54 35 1
55 36 1
56 37 1
57 38 1
58 39 1
59 40 1
59 41 1
59 42 1
59 43 1
60 44 1
60 45 1
60 46 1
60 47 1
60 48 1
59 49 1
59 50 1
59 51 1
58 52 1
57 53 1
57 54 1
56 55 1
55 56 1
54 57 1
53 58 1
53 59 1
52 60 1
50 61 1
49 61 1
48 61 1
47 61 1
46 61 1
45 61 1
44 61 1
43 61 1
42 61 1
41 61 1
40 61 1
39 61 1
38 61 1
37 61 1
36 61 1
35 61 1
34 62 1
33 62 1
.PEN_UP
.PEN_DOWN
51 61 1
53 63 1
54 63 1
55 63 1
56 64 1
57 65 1
58 66 1
59 67 1
60 68 1
61 69 1
61 70 1
61 71 1
62 72 1
62 73 1
62 74 1
62 75 1
62 76 1
62 77 1
61 78 1
61 79 1
61 80 1
60 81 1
60 82 1
60 83 1
59 84 1
58 85 1
58 86 1
58 87 1
58 88 1
57 89 1
57 90 1
55 91 1
54 91 1
53 91 1
52 91 1
51 91 1
50 91 1
49 91 1
48 91 1
47 91 1
46 91 1
45 91 1
44 91 1
43 92 1
42 92 1
.PEN_UP
.PEN_DOWN
56 91 1
58 92 1
59 92 1
60 93 1
61 93 1
.PEN_UP
.PEN_DOWN
94 115 1
93 115 1
92 116 1
91 116 1
90 115 1
89 115 1
88 115 1
87 115 1
86 115 1
85 115 1
84 115 1
83 115 1
82 115 1
81 115 1
80 115 1
79 114 1
78 114 1
77 114 1
76 114 1
75 114 1
74 114 1
73 114 1
72 114 1
71 114 1
70 114 1
69 114 1
67 113 1
66 113 1
65 113 1
64 113 1
63 113 1
62 113 1
61 113 1
60 113 1
59 113 1
58 113 1
57 113 1
56 113 1
55 113 1
54 113 1
53 113 1
52 113 1
51 113 1
50 113 1
49 114 1
48 114 1
47 114 1
46 114 1
45 115 1
44 115 1
43 116 1
42 116 1
41 117 1
40 118 1
39 118 1
38 119 1
37 120 1
36 121 1
35 122 1
35 123 1
34 124 1
34 125 1
34 126 1
34 127 1
34 128 1
34 129 1
34 130 1
34 131 1
34 132 1
35 133 1
36 134 1
37 135 1
38 136 1
39 137 1
40 137 1
41 138 1
42 138 1
43 138 1
44 139 1
45 139 1
46 140 1
47 140 1
48 141 1
50 142 1
51 141 1
52 141 1
53 141 1
54 141 1
55 141 1
56 141 1
57 141 1
58 141 1
59 141 1
61 142 1
62 143 1
63 143 1
64 143 1
65 144 1
66 144 1
67 145 1
68 146 1
69 147 1
69 148 1
70 149 1
70 150 1
71 151 1
71 152 1
72 153 1
72 154 1
72 155 1
72 156 1
72 157 1
72 158 1
72 159 1
72 160 1
72 161 1
72 162 1
72 163 1
71 164 1
71 165 1
70 166 1
69 166 1
68 167 1
67 167 1
66 168 1
65 168 1
64 168 1
63 168 1
62 168 1
61 168 1
60 168 1
59 168 1
58 168 1
57 168 1
56 168 1
55 168 1
54 167 1
53 167 1
52 167 1
51 167 1
50 167 1
49 167 1
48 166 1
47 166 1
46 166 1
45 166 1
44 165 1
43 164 1
42 164 1
41 164 1
40 163 1
40 162 1
39 161 1
38 160 1
38 159 1
38 158 1
38 157 1
38 156 1
38 155 1
38 154 1
39 153 1
39 152 1
40 151 1
40 150 1
41 149 1
42 148 1
43 148 1
44 147 1
45 146 1
46 145 1
47 144 1
48 143 1
.PEN_UP
.PEN_DOWN
60 140 1
61 139 1
62 138 1
62 137 1
62 136 1
63 135 1
63 134 1
64 133 1
64 132 1
65 131 1
65 130 1
65 129 1
65 128 1
66 127 1
66 126 1
67 125 1
67 124 1
67 123 1
67 122 1
67 121 1
67 120 1
67 119 1
67 118 1
67 117 1
68 116 1
68 115 1
.PEN_UP
.PEN_DOWN
40 191 1
40 190 1
40 189 1
40 188 1
40 187 1
40 186 1
41 185 1
42 185 1
43 184 1
44 184 1
45 184 1
46 184 1
47 184 1
48 184 1
49 184 1
50 184 1
51 184 1
52 184 1
53 184 1
54 184 1
55 184 1
56 184 1
57 184 1
58 183 1
59 183 1
60 183 1
61 183 1
62 183 1
63 183 1
64 183 1
65 183 1
66 183 1
67 184 1
68 184 1
69 184 1
70 184 1
71 183 1
72 183 1
73 184 1
74 184 1
.PEN_UP
.PEN_DOWN
10 203 1
11 203 1
12 203 1
13 203 1
14 203 1
15 203 1
16 204 1
17 204 1
18 204 1
19 204 1
20 204 1
21 204 1
22 204 1
23 204 1
24 204 1
25 204 1
26 204 1
27 204 1
28 204 1
29 203 1
30 203 1
31 203 1
32 203 1
33 204 1
34 204 1
35 204 1
36 204 1
37 204 1
38 204 1
39 204 1
40 204 1
41 204 1
42 204 1
43 204 1
44 204 1
45 204 1
46 204 1
47 204 1
48 205 1
49 205 1
50 205 1
53 205 1
54 205 1
55 205 1
56 205 1
57 205 1
58 205 1
59 205 1
60 205 1
61 205 1
62 205 1
63 205 1
64 206 1
65 206 1
66 206 1
67 206 1
.PEN_UP
.PEN_DOWN
51 205 1
51 207 1
51 208 1
51 209 1
51 210 1
51 211 1
51 212 1
51 213 1
51 214 1
50 215 1
50 218 1
50 219 1
50 220 1
50 221 1
50 222 1
50 223 1
50 224 1
50 225 1
49 226 1
49 227 1
49 228 1
49 229 1
49 230 1
48 231 1
48 232 1
47 233 1
46 234 1
45 234 1
44 234 1
43 234 1
42 234 1
41 233 1
40 232 1
39 231 1
39 230 1
38 229 1
38 228 1
38 227 1
38 226 1
38 225 1
38 224 1
38 223 1
38 222 1
39 221 1
39 220 1
40 219 1
41 218 1
42 217 1
43 216 1
44 216 1
45 215 1
46 215 1
47 215 1
48 215 1
49 215 1
52 216 1
53 216 1
54 216 1
55 216 1
56 217 1
57 217 1
58 217 1
59 218 1
60 218 1
61 219 1
62 220 1
63 221 1
63 222 1
64 223 1
65 224 1
65 225 1
66 226 1
67 227 1
67 228 1
68 229 1
68 230 1
68 231 1
69 232 1
69 233 1
70 234 1
70 235 1
70 236 1
71 237 1
71 238 1
71 239 1
71 240 1
71 241 1
.PEN_UP
.PEN_DOWN
55 269 1
54 270 1
53 271 1
53 272 1
52 273 1
51 274 1
50 275 1
51 277 1
52 277 1
53 277 1
54 277 1
55 277 1
56 277 1
57 277 1
58 277 1
59 277 1
61 279 1
62 279 1
63 280 1
64 280 1
65 281 1
66 281 1
67 282 1
68 282 1
.PEN_UP
.PEN_DOWN
60 276 1
61 275 1
62 274 1
62 273 1
63 272 1
64 272 1
65 271 1
66 271 1
67 270 1
68 269 1
68 268 1
69 267 1
69 266 1
69 265 1
70 264 1
70 263 1
70 262 1
70 261 1
71 260 1
71 259 1
71 258 1
71 257 1
70 256 1
70 255 1
69 254 1
69 253 1
68 252 1
67 251 1
67 250 1
66 249 1
65 248 1
64 248 1
63 247 1
62 247 1
61 247 1
60 247 1
59 246 1
58 246 1
57 246 1
56 246 1
55 246 1
54 246 1
53 246 1
52 247 1
51 247 1
50 247 1
49 247 1
48 248 1
47 248 1
46 249 1
45 249 1
44 250 1
43 250 1
42 251 1
41 252 1
40 253 1
39 254 1
39 255 1
38 256 1
38 257 1
37 258 1
37 259 1
37 260 1
37 261 1
37 262 1
37 263 1
37 264 1
37 265 1
38 266 1
38 267 1
38 268 1
39 269 1
40 270 1
41 271 1
42 272 1
43 273 1
44 274 1
45 275 1
46 275 1
47 275 1
48 276 1
49 276 1
.PEN_UP
.PEN_DOWN
44 276 1
43 277 1
42 278 1
41 278 1
40 278 1
39 278 1
38 278 1
37 278 1
36 278 1
35 278 1
34 278 1
33 278 1
32 278 1
31 278 1
30 278 1
29 278 1
28 278 1
27 278 1
26 278 1
25 277 1
24 277 1
23 277 1
22 277 1
21 277 1
20 277 1
19 277 1
.PEN_UP
