.PEN_DOWN
12 27 1
13 26 1
14 26 1
15 26 1
16 26 1
17 26 1
18 26 1
19 25 1
20 25 1
21 24 1
22 24 1
23 23 1
24 23 1
25 23 1
26 22 1
27 22 1
28 22 1
29 21 1
30 21 1
31 20 1
32 20 1
33 19 1
34 19 1
35 19 1
36 19 1
37 18 1
38 18 1
39 18 1
40 17 1
41 16 1
42 15 1
43 14 1
44 14 1
45 14 1
46 13 1
47 13 1
48 12 1
49 12 1
50 11 1
51 11 1
52 10 1
53 10 1
54 10 1
55 9 1
56 9 1
57 8 1
58 8 1
59 8 1
60 7 1
61 7 1
62 6 1
63 6 1
64 6 1
65 5 1
66 5 1
67 5 1
68 4 1
69 4 1
70 4 1
71 3 1
72 3 1
73 3 1
74 2 1
75 2 1
76 1 1
77 1 1
.PEN_UP
.PEN_DOWN
40 19 1
40 20 1
40 21 1
40 22 1
40 23 1
41 24 1
41 25 1
41 26 1
43 27 1
44 27 1
45 28 1
46 28 1
47 29 1
47 30 1
48 31 1
49 32 1
49 33 1
50 34 1
51 35 1
51 36 1
52 37 1
52 38 1
53 39 1
54 40 1
54 41 1
55 42 1
56 43 1
57 43 1
59 42 1
60 42 1
61 41 1
62 40 1
63 39 1
63 38 1
63 37 1
64 36 1
64 35 1
65 34 1
66 33 1
66 32 1
67 31 1
67 30 1
68 29 1
69 28 1
70 28 1
71 27 1
72 27 1
73 26 1
74 26 1
75 27 1
76 28 1
76 29 1
76 30 1
76 31 1
76 32 1
76 33 1
76 34 1
76 35 1
76 36 1
76 37 1
76 38 1
75 39 1
75 40 1
74 41 1
74 42 1
73 43 1
73 44 1
72 45 1
71 46 1
71 47 1
70 48 1
69 49 1
68 49 1
67 49 1
66 50 1
65 50 1
64 51 1
63 51 1
62 51 1
61 50 1
60 50 1
59 50 1
58 49 1
56 50 1
55 51 1
54 52 1
54 53 1
53 54 1
53 55 1
52 56 1
52 57 1
51 58 1
51 59 1
50 60 1
49 61 1
49 62 1
48 63 1
48 64 1
47 65 1
47 66 1
47 67 1
46 68 1
46 69 1
46 70 1
46 71 1
46 72 1
45 74 1
44 75 1
43 76 1
42 77 1
41 78 1
41 79 1
.PEN_UP
.PEN_DOWN
46 73 1
48 72 1
49 72 1
50 72 1
51 71 1
52 71 1
53 70 1
54 69 1
55 69 1
56 68 1
57 67 1
58 67 1
59 67 1
60 66 1
61 66 1
62 66 1
63 67 1
63 68 1
63 69 1
62 70 1
62 71 1
62 72 1
62 73 1
62 74 1
61 75 1
61 76 1
61 77 1
60 78 1
59 79 1
59 80 1
58 81 1
57 82 1
57 83 1
56 84 1
56 85 1
55 86 1
54 87 1
54 88 1
53 89 1
53 90 1
52 91 1
51 92 1
51 93 1
50 94 1
49 95 1
48 96 1
48 97 1
48 98 1
48 99 1
47 100 1
47 101 1
46 103 1
45 104 1
44 105 1
43 106 1
.PEN_UP
.PEN_DOWN
47 102 1
49 102 1
50 102 1
51 102 1
52 102 1
53 102 1
54 101 1
55 101 1
56 100 1
57 100 1
58 99 1
59 99 1
60 98 1
61 98 1
62 98 1
63 98 1
64 98 1
65 97 1
66 97 1
67 97 1
68 97 1
69 98 1
70 98 1
71 99 1
72 100 1
73 101 1
74 102 1
74 103 1
.PEN_UP
.PEN_DOWN
57 49 1
58 47 1
58 46 1
58 45 1
58 44 1
.PEN_UP
.PEN_DOWN
40 27 1
39 28 1
39 29 1
38 30 1
38 31 1
38 32 1
38 33 1
38 34 1
37 35 1
37 36 1
37 37 1
37 38 1
37 39 1
37 40 1
37 41 1
37 42 1
37 43 1
37 44 1
37 45 1
37 46 1
37 47 1
37 48 1
37 49 1
37 50 1
37 51 1
37 52 1
37 53 1
38 54 1
38 55 1
39 56 1
40 57 1
41 58 1
42 58 1
43 58 1
.PEN_UP
.PEN_DOWN
22 127 1
21 127 1
20 126 1
19 126 1
18 127 1
17 127 1
16 127 1
15 128 1
14 129 1
13 129 1
12 129 1
11 130 1
10 131 1
9 132 1
8 132 1
7 133 1
6 134 1
5 135 1
4 135 1
3 136 1
2 136 1
1 137 1
.PEN_UP
.PEN_DOWN
7 158 1
8 158 1
9 158 1
10 158 1
11 158 1
12 158 1
13 158 1
14 158 1
15 158 1
16 157 1
17 157 1
18 157 1
19 156 1
20 156 1
21 156 1
22 156 1
23 155 1
24 155 1
25 155 1
26 155 1
27 154 1
28 154 1
29 154 1
30 153 1
31 153 1
32 153 1
33 153 1
34 152 1
35 152 1
37 151 1
38 151 1
39 150 1
40 149 1
41 148 1
42 147 1
43 148 1
44 148 1
45 147 1
46 147 1
47 147 1
48 147 1
49 147 1
50 147 1
51 147 1
52 146 1
53 146 1
54 146 1
55 145 1
56 144 1
57 143 1
59 142 1
60 142 1
61 142 1
62 142 1
63 142 1
64 142 1
65 141 1
66 141 1
67 141 1
68 141 1
69 141 1
70 140 1
71 140 1
72 140 1
73 140 1
74 140 1
75 139 1
76 139 1
77 139 1
78 138 1
79 138 1
.PEN_UP
.PEN_DOWN
57 142 1
56 141 1
55 140 1
54 139 1
53 138 1
52 138 1
51 138 1
50 138 1
49 138 1
48 138 1
47 137 1
46 137 1
45 138 1
44 138 1
43 139 1
43 140 1
43 141 1
42 142 1
42 143 1
42 144 1
42 145 1
42 146 1
.PEN_UP
.PEN_DOWN
36 152 1
37 154 1
37 155 1
36 156 1
36 157 1
36 158 1
36 159 1
36 160 1
36 161 1
35 162 1
36 163 1
36 164 1
.PEN_UP
