.PEN_DOWN
29 26 1
30 26 1
31 25 1
32 25 1
33 25 1
34 26 1
35 26 1
36 26 1
37 25 1
38 26 1
39 26 1
40 26 1
41 26 1
42 26 1
43 26 1
45 28 1
45 29 1
46 30 1
47 30 1
48 30 1
49 30 1
50 31 1
51 31 1
52 31 1
53 32 1
54 32 1
55 32 1
56 32 1
57 32 1
58 33 1
59 33 1
60 34 1
.PEN_UP
.PEN_DOWN
44 26 1
45 25 1
46 25 1
47 24 1
48 24 1
49 23 1
50 23 1
51 22 1
52 21 1
53 21 1
54 20 1
55 19 1
56 18 1
56 17 1
57 16 1
57 15 1
57 14 1
57 13 1
57 12 1
57 11 1
56 10 1
55 9 1
54 8 1
53 7 1
52 6 1
51 5 1
50 5 1
49 4 1
48 4 1
47 3 1
46 3 1
45 2 1
44 1 1
43 1 1
42 1 1
41 1 1
40 1 1
39 2 1
38 3 1
37 3 1
36 4 1
35 5 1
35 6 1
34 7 1
34 8 1
33 9 1
33 10 1
33 11 1
33 12 1
33 13 1
33 14 1
33 15 1
33 16 1
34 17 1
34 18 1
35 19 1
36 20 1
36 21 1
36 22 1
36 23 1
37 24 1
.PEN_UP
.PEN_DOWN
33 51 1
34 51 1
35 51 1
36 51 1
37 52 1
38 52 1
39 52 1
40 52 1
41 53 1
42 54 1
43 55 1
45 55 1
46 55 1
47 55 1
48 55 1
49 55 1
50 55 1
51 55 1
52 55 1
53 55 1
54 55 1
55 55 1
56 56 1
59 57 1
60 57 1
61 57 1
62 57 1
63 57 1
64 57 1
65 57 1
66 57 1
67 57 1
68 56 1
69 56 1
70 57 1
71 57 1
72 57 1
73 57 1
74 57 1
75 57 1
76 57 1
77 57 1
78 57 1
79 57 1
80 57 1
81 57 1
82 58 1
83 58 1
84 58 1
85 58 1
.PEN_UP
.PEN_DOWN
57 56 1
57 58 1
57 59 1
57 60 1
57 61 1
57 62 1
56 63 1
56 64 1
56 65 1
55 66 1
54 67 1
53 68 1
52 69 1
51 70 1
50 71 1
49 71 1
48 72 1
47 72 1
46 73 1
45 73 1
44 73 1
43 74 1
42 74 1
41 74 1
40 74 1
39 74 1
38 73 1
37 73 1
36 73 1
35 72 1
34 71 1
33 70 1
33 69 1
33 68 1
33 67 1
33 66 1
34 65 1
35 64 1
36 63 1
37 62 1
38 62 1
39 61 1
40 60 1
41 59 1
41 58 1
42 57 1
43 56 1
.PEN_UP
.PEN_DOWN
39 117 1
38 116 1
37 116 1
36 115 1
36 114 1
36 113 1
38 111 1
39 111 1
40 111 1
41 111 1
42 110 1
43 110 1
44 111 1
45 111 1
46 111 1
47 111 1
48 111 1
50 112 1
51 113 1
52 114 1
53 114 1
54 115 1
55 116 1
55 117 1
56 118 1
56 119 1
56 120 1
57 121 1
57 122 1
57 123 1
57 124 1
56 125 1
.PEN_UP
.PEN_DOWN
49 110 1
49 109 1
50 108 1
51 107 1
52 106 1
52 105 1
52 104 1
53 103 1
53 102 1
53 101 1
53 100 1
53 99 1
53 98 1
53 97 1
52 96 1
52 95 1
51 94 1
50 93 1
49 92 1
48 92 1
47 92 1
46 92 1
45 92 1
44 92 1
43 92 1
42 92 1
41 92 1
40 93 1
39 94 1
38 95 1
37 96 1
36 96 1
35 97 1
35 98 1
34 99 1
33 100 1
33 101 1
33 102 1
33 103 1
33 104 1
33 105 1
33 106 1
33 107 1
33 108 1
33 109 1
33 110 1
34 111 1
35 112 1
.PEN_UP
.PEN_DOWN
33 125 1
33 126 1
33 127 1
34 128 1
34 129 1
35 130 1
36 131 1
36 132 1
37 133 1
37 134 1
38 135 1
38 136 1
38 137 1
38 138 1
38 139 1
38 140 1
38 141 1
36 142 1
35 142 1
34 142 1
33 142 1
32 142 1
31 141 1
30 141 1
29 141 1
28 141 1
27 140 1
26 140 1
25 140 1
24 140 1
23 139 1
22 139 1
21 139 1
20 139 1
19 139 1
18 139 1
17 139 1
16 139 1
15 138 1
14 138 1
13 138 1
12 138 1
11 138 1
10 138 1
9 138 1
8 138 1
7 138 1
6 139 1
5 139 1
4 139 1
3 139 1
2 140 1
.PEN_UP
.PEN_DOWN
37 142 1
40 144 1
41 144 1
42 145 1
43 145 1
44 145 1
45 145 1
46 145 1
47 145 1
48 145 1
49 145 1
50 145 1
51 145 1
52 144 1
53 144 1
54 144 1
55 144 1
56 144 1
57 144 1
.PEN_UP
.PEN_DOWN
38 142 1
38 146 1
38 147 1
38 148 1
38 149 1
38 150 1
37 151 1
37 152 1
37 153 1
36 154 1
36 155 1
35 156 1
35 157 1
34 158 1
34 159 1
33 160 1
32 161 1
32 162 1
31 163 1
30 164 1
29 165 1
28 166 1
27 167 1
26 168 1
25 169 1
24 170 1
23 170 1
22 170 1
21 171 1
21 172 1
20 173 1
20 174 1
19 175 1
18 176 1
17 176 1
16 176 1
15 176 1
14 176 1
13 176 1
12 176 1
11 176 1
10 176 1
9 176 1
8 175 1
7 175 1
6 175 1
5 174 1
4 174 1
3 174 1
2 175 1
1 175 1
.PEN_UP
.PEN_DOWN
20 176 1
21 176 1
22 177 1
23 177 1
24 177 1
25 177 1
26 177 1
27 177 1
28 177 1
29 177 1
30 177 1
31 177 1
32 177 1
33 177 1
34 177 1
35 178 1
36 178 1
37 178 1
38 178 1
39 178 1
40 178 1
41 178 1
42 179 1
43 179 1
44 180 1
45 180 1
46 180 1
47 181 1
48 182 1
48 183 1
48 184 1
48 185 1
47 186 1
46 187 1
45 187 1
44 188 1
43 189 1
42 189 1
41 190 1
40 190 1
39 191 1
38 191 1
37 191 1
36 191 1
35 192 1
34 192 1
33 191 1
32 191 1
.PEN_UP
.PEN_DOWN
27 197 1
28 197 1
29 197 1
30 198 1
31 199 1
32 199 1
33 199 1
34 199 1
35 200 1
36 200 1
37 200 1
38 200 1
39 200 1
40 201 1
41 201 1
42 201 1
43 201 1
44 202 1
45 202 1
46 203 1
47 203 1
48 204 1
49 205 1
50 205 1
51 206 1
51 207 1
51 208 1
51 209 1
51 210 1
51 211 1
50 212 1
.PEN_UP
.PEN_DOWN
30 224 1
31 224 1
32 223 1
33 223 1
34 223 1
35 223 1
36 223 1
37 223 1
38 224 1
39 224 1
40 225 1
41 225 1
42 226 1
42 227 1
43 228 1
43 229 1
43 230 1
43 231 1
43 232 1
43 233 1
43 234 1
43 235 1
42 236 1
41 237 1
41 238 1
40 239 1
39 240 1
38 241 1
38 242 1
36 243 1
35 243 1
34 243 1
33 242 1
32 242 1
31 242 1
30 242 1
29 242 1
.PEN_UP
.PEN_DOWN
37 243 1
39 245 1
40 246 1
41 246 1
42 247 1
43 247 1
44 247 1
45 248 1
46 248 1
47 249 1
48 249 1
49 250 1
50 250 1
51 250 1
52 251 1
53 251 1
54 251 1
55 251 1
56 252 1
57 252 1
58 252 1
59 253 1
60 253 1
61 253 1
62 253 1
63 253 1
64 253 1
65 253 1
66 253 1
67 253 1
68 253 1
69 253 1
70 253 1
71 253 1
72 253 1
73 253 1
74 253 1
75 253 1
76 252 1
77 252 1
78 252 1
79 251 1
80 250 1
81 250 1
82 249 1
83 248 1
84 247 1
84 246 1
85 245 1
85 244 1
86 243 1
86 242 1
85 241 1
84 240 1
83 239 1
82 239 1
81 239 1
80 240 1
79 240 1
78 241 1
.PEN_UP
