.PEN_DOWN
57 57 1
57 58 1
58 59 1
58 60 1
58 61 1
58 62 1
58 63 1
58 64 1
58 65 1
57 66 1
57 67 1
57 68 1
56 69 1
55 71 1
54 72 1
54 73 1
53 74 1
53 75 1
53 76 1
51 78 1
50 79 1
49 79 1
48 80 1
47 80 1
46 80 1
45 81 1
44 81 1
43 82 1
42 83 1
41 84 1
40 84 1
39 85 1
38 86 1
37 86 1
36 87 1
35 88 1
34 89 1
33 89 1
32 90 1
31 91 1
30 91 1
29 92 1
28 93 1
27 93 1
26 94 1
25 95 1
24 95 1
23 95 1
22 95 1
21 96 1
20 96 1
19 96 1
17 98 1
16 99 1
15 99 1
14 100 1
13 101 1
12 102 1
11 103 1
10 104 1
9 105 1
8 106 1
7 107 1
6 107 1
5 108 1
4 109 1
3 109 1
2 109 1
1 110 1
.PEN_UP
.PEN_DOWN
18 95 1
18 94 1
18 93 1
19 92 1
19 91 1
19 90 1
20 89 1
21 88 1
21 87 1
22 86 1
23 85 1
24 84 1
24 83 1
25 82 1
26 81 1
26 80 1
27 79 1
28 78 1
28 77 1
29 76 1
29 75 1
30 74 1
31 73 1
31 72 1
32 71 1
33 70 1
33 69 1
33 68 1
34 67 1
34 66 1
35 65 1
36 64 1
36 63 1
37 62 1
37 61 1
38 60 1
38 59 1
39 58 1
39 57 1
40 56 1
40 55 1
41 54 1
41 53 1
42 52 1
42 51 1
43 50 1
43 49 1
44 48 1
44 47 1
44 46 1
44 45 1
44 44 1
44 43 1
44 42 1
44 41 1
44 40 1
44 39 1
42 38 1
41 37 1
40 37 1
39 37 1
38 36 1
38 35 1
37 34 1
36 33 1
36 32 1
35 31 1
35 30 1
34 29 1
34 28 1
34 27 1
34 26 1
34 25 1
34 24 1
34 23 1
34 22 1
35 21 1
35 20 1
35 19 1
36 18 1
36 17 1
36 16 1
37 15 1
37 14 1
37 13 1
38 12 1
39 11 1
39 10 1
39 9 1
40 8 1
41 7 1
42 6 1
43 5 1
44 4 1
45 3 1
46 3 1
47 2 1
48 2 1
49 2 1
50 1 1
51 1 1
52 1 1
53 2 1
54 2 1
55 2 1
56 3 1
57 4 1
58 5 1
59 6 1
59 7 1
59 8 1
59 9 1
59 10 1
59 11 1
59 12 1
59 13 1
59 14 1
58 15 1
58 16 1
57 17 1
57 18 1
56 19 1
56 20 1
55 21 1
55 22 1
55 23 1
54 24 1
53 25 1
52 26 1
52 27 1
51 28 1
51 29 1
50 30 1
50 31 1
49 32 1
48 33 1
47 34 1
46 35 1
45 36 1
44 37 1
.PEN_UP
.PEN_DOWN
52 77 1
54 78 1
54 79 1
54 80 1
54 81 1
54 82 1
54 83 1
53 84 1
53 85 1
53 86 1
53 87 1
52 88 1
52 89 1
52 90 1
52 91 1
.PEN_UP
.PEN_DOWN
56 70 1
58 70 1
59 70 1
60 70 1
61 70 1
62 70 1
63 69 1
64 69 1
65 69 1
66 69 1
67 69 1
68 69 1
69 69 1
70 68 1
71 67 1
72 67 1
73 66 1
74 66 1
76 62 1
76 61 1
77 60 1
78 59 1
79 59 1
80 58 1
81 58 1
82 57 1
83 56 1
84 55 1
85 55 1
86 55 1
87 54 1
88 53 1
89 53 1
90 52 1
91 51 1
92 51 1
93 50 1
94 49 1
95 48 1
96 48 1
97 48 1
98 48 1
99 47 1
100 47 1
101 47 1
102 47 1
105 45 1
106 44 1
107 44 1
108 43 1
109 42 1
110 41 1
111 41 1
112 40 1
113 39 1
.PEN_UP
.PEN_DOWN
103 46 1
102 49 1
102 50 1
102 51 1
101 52 1
101 53 1
100 54 1
99 54 1
98 55 1
97 56 1
96 56 1
95 57 1
94 58 1
93 59 1
92 60 1
91 60 1
90 61 1
89 61 1
88 62 1
87 63 1
86 63 1
85 64 1
84 64 1
83 65 1
82 65 1
81 66 1
80 66 1
79 65 1
.PEN_UP
