.PEN_DOWN
1 65 1
2 64 1
3 63 1
4 62 1
5 61 1
6 60 1
7 59 1
8 58 1
9 57 1
10 56 1
11 55 1
12 55 1
13 54 1
14 53 1
15 53 1
16 52 1
17 51 1
18 50 1
19 49 1
20 49 1
21 48 1
22 48 1
23 47 1
24 46 1
25 46 1
26 45 1
27 45 1
28 44 1
29 43 1
30 43 1
31 42 1
32 42 1
33 41 1
34 40 1
35 40 1
36 39 1
37 39 1
38 38 1
39 38 1
40 37 1
41 37 1
42 37 1
43 36 1
44 36 1
45 35 1
46 35 1
47 35 1
48 35 1
49 36 1
50 36 1
51 37 1
52 38 1
52 39 1
51 40 1
51 41 1
50 42 1
.PEN_UP
.PEN_DOWN
36 79 1
35 79 1
34 78 1
33 77 1
32 76 1
31 75 1
31 74 1
31 73 1
31 72 1
31 71 1
32 70 1
32 69 1
33 68 1
34 67 1
35 66 1
36 65 1
37 65 1
38 64 1
39 63 1
40 63 1
41 63 1
42 63 1
43 63 1
44 63 1
45 63 1
46 62 1
47 63 1
48 63 1
49 63 1
50 63 1
51 64 1
52 64 1
53 65 1
54 66 1
54 67 1
54 68 1
54 69 1
54 70 1
54 71 1
53 72 1
53 73 1
52 74 1
52 75 1
51 76 1
50 77 1
49 78 1
48 78 1
47 79 1
46 80 1
45 81 1
44 82 1
43 83 1
42 84 1
41 85 1
40 86 1
39 87 1
38 87 1
37 88 1
36 89 1
35 90 1
34 91 1
33 92 1
33 93 1
32 94 1
32 95 1
32 96 1
30 98 1
29 98 1
28 99 1
27 99 1
26 100 1
25 101 1
24 101 1
23 102 1
22 103 1
21 103 1
20 104 1
19 105 1
18 106 1
17 106 1
16 106 1
15 107 1
14 108 1
13 109 1
12 110 1
11 110 1
10 111 1
9 112 1
8 112 1
7 113 1
6 114 1
5 114 1
4 115 1
.PEN_UP
.PEN_DOWN
31 97 1
34 97 1
35 97 1
36 97 1
37 97 1
38 96 1
39 96 1
40 96 1
41 95 1
42 95 1
43 95 1
44 95 1
45 94 1
46 94 1
47 94 1
48 95 1
49 95 1
.PEN_UP
