.PEN_DOWN
1 28 1
2 28 1
3 27 1
4 27 1
5 26 1
6 26 1
7 25 1
8 24 1
9 23 1
10 23 1
11 23 1
12 22 1
13 22 1
14 21 1
15 20 1
16 20 1
17 20 1
18 19 1
19 19 1
20 18 1
21 18 1
22 17 1
23 16 1
24 16 1
25 16 1
26 15 1
27 15 1
28 14 1
29 14 1
30 13 1
31 13 1
32 12 1
33 12 1
34 11 1
35 11 1
36 10 1
37 10 1
38 9 1
39 9 1
40 8 1
41 8 1
42 7 1
43 7 1
44 6 1
45 6 1
46 5 1
47 5 1
48 5 1
49 5 1
50 4 1
51 4 1
52 3 1
53 3 1
54 2 1
55 2 1
56 2 1
57 1 1
58 1 1
59 1 1
60 1 1
61 1 1
62 1 1
63 1 1
64 1 1
65 1 1
66 1 1
67 1 1
68 2 1
69 3 1
.PEN_UP
