.PEN_DOWN
20 8 1
20 9 1
19 10 1
18 11 1
18 12 1
17 13 1
16 14 1
15 15 1
14 16 1
13 17 1
12 18 1
12 19 1
11 20 1
11 21 1
10 22 1
10 23 1
10 24 1
9 26 1
8 26 1
7 27 1
6 28 1
5 29 1
4 30 1
3 31 1
2 32 1
1 33 1
.PEN_UP
.PEN_DOWN
10 25 1
12 25 1
13 25 1
14 25 1
15 25 1
16 24 1
17 24 1
18 24 1
19 24 1
20 23 1
21 23 1
22 23 1
23 23 1
24 22 1
25 22 1
26 22 1
27 21 1
28 21 1
29 21 1
30 21 1
31 20 1
32 20 1
33 20 1
34 19 1
35 19 1
36 18 1
37 18 1
38 18 1
39 17 1
40 17 1
41 16 1
42 16 1
43 16 1
44 15 1
44 14 1
44 13 1
45 12 1
45 11 1
45 10 1
45 9 1
45 8 1
44 7 1
44 6 1
44 5 1
43 4 1
42 3 1
41 3 1
40 2 1
39 2 1
38 1 1
37 1 1
36 2 1
35 2 1
34 3 1
33 3 1
32 4 1
32 5 1
.PEN_UP
