.PEN_DOWN
6 10 1
6 11 1
6 12 1
6 13 1
6 14 1
7 15 1
8 15 1
9 15 1
10 15 1
11 15 1
12 15 1
13 15 1
14 15 1
15 15 1
16 15 1
17 15 1
18 15 1
19 15 1
20 14 1
21 14 1
22 14 1
23 14 1
24 13 1
25 13 1
26 13 1
27 13 1
28 13 1
29 13 1
30 12 1
31 12 1
32 12 1
33 12 1
34 12 1
35 12 1
36 12 1
37 12 1
38 11 1
39 11 1
40 11 1
41 12 1
42 14 1
42 15 1
42 16 1
42 17 1
41 18 1
41 19 1
41 20 1
41 21 1
41 22 1
41 23 1
41 24 1
41 25 1
41 26 1
.PEN_UP
.PEN_DOWN
43 11 1
44 10 1
47 10 1
48 10 1
49 10 1
50 10 1
51 10 1
52 10 1
53 10 1
54 10 1
55 10 1
56 10 1
57 11 1
58 11 1
59 11 1
60 11 1
61 11 1
62 11 1
63 11 1
64 12 1
65 13 1
66 14 1
67 15 1
.PEN_UP
.PEN_DOWN
45 9 1
45 8 1
45 7 1
45 6 1
45 5 1
45 4 1
45 3 1
44 2 1
44 1 1
.PEN_UP
.PEN_DOWN
26 30 1
25 31 1
25 32 1
25 33 1
25 34 1
25 35 1
25 36 1
24 37 1
24 38 1
24 39 1
24 40 1
22 42 1
21 42 1
20 43 1
19 44 1
18 45 1
17 45 1
16 46 1
15 48 1
14 49 1
14 50 1
13 51 1
12 52 1
11 53 1
10 54 1
9 55 1
8 55 1
7 55 1
6 55 1
5 56 1
4 56 1
3 55 1
2 54 1
1 53 1
1 52 1
2 51 1
2 50 1
3 49 1
4 49 1
5 48 1
6 47 1
7 46 1
8 46 1
9 46 1
10 46 1
11 46 1
12 46 1
13 46 1
14 46 1
.PEN_UP
.PEN_DOWN
23 41 1
26 41 1
27 41 1
28 41 1
29 41 1
30 41 1
31 40 1
32 40 1
33 40 1
34 40 1
35 40 1
36 39 1
37 39 1
38 39 1
39 39 1
40 38 1
41 38 1
42 38 1
43 38 1
44 38 1
45 38 1
46 38 1
47 38 1
48 38 1
49 37 1
50 37 1
51 37 1
52 37 1
53 37 1
54 37 1
55 37 1
56 37 1
57 37 1
58 37 1
59 37 1
60 38 1
61 39 1
60 40 1
60 41 1
60 42 1
59 43 1
59 44 1
58 45 1
57 46 1
56 47 1
56 48 1
55 49 1
55 50 1
54 51 1
53 52 1
52 53 1
51 54 1
50 55 1
49 56 1
48 57 1
48 58 1
48 59 1
47 60 1
47 61 1
48 62 1
49 63 1
50 64 1
51 64 1
52 65 1
53 65 1
54 65 1
55 65 1
56 65 1
57 65 1
58 66 1
59 66 1
60 66 1
61 66 1
62 66 1
63 66 1
64 66 1
65 66 1
66 66 1
67 66 1
68 66 1
69 66 1
70 66 1
71 66 1
72 66 1
73 67 1
74 67 1
.PEN_UP
.PEN_DOWN
26 113 1
26 114 1
26 115 1
26 116 1
26 117 1
26 118 1
27 119 1
27 120 1
27 121 1
27 122 1
27 123 1
28 127 1
28 128 1
28 129 1
28 130 1
28 131 1
28 132 1
28 133 1
29 134 1
29 135 1
29 136 1
29 137 1
29 138 1
29 139 1
30 140 1
30 141 1
30 142 1
30 143 1
30 144 1
.PEN_UP
.PEN_DOWN
26 124 1
30 124 1
31 124 1
32 124 1
33 124 1
34 124 1
35 124 1
36 124 1
37 124 1
38 124 1
39 124 1
40 124 1
41 124 1
42 124 1
43 124 1
44 124 1
45 124 1
46 124 1
47 123 1
48 123 1
49 123 1
50 123 1
51 123 1
52 123 1
53 123 1
54 123 1
55 123 1
56 123 1
57 123 1
58 123 1
59 123 1
60 123 1
61 123 1
62 124 1
63 125 1
64 126 1
64 127 1
64 128 1
65 129 1
.PEN_UP
.PEN_DOWN
27 124 1
25 125 1
24 125 1
23 125 1
22 125 1
21 125 1
20 125 1
19 125 1
18 125 1
17 125 1
16 125 1
15 125 1
14 125 1
13 125 1
12 125 1
11 125 1
10 125 1
9 125 1
8 125 1
7 125 1
.PEN_UP
.PEN_DOWN
71 107 1
70 107 1
69 107 1
68 107 1
67 107 1
66 107 1
65 107 1
64 107 1
63 107 1
62 107 1
61 107 1
60 107 1
59 107 1
58 106 1
56 105 1
55 105 1
54 105 1
53 105 1
52 104 1
51 104 1
50 104 1
49 104 1
48 104 1
47 104 1
46 103 1
45 102 1
44 101 1
44 100 1
44 99 1
44 98 1
44 97 1
44 96 1
44 95 1
45 94 1
45 93 1
46 92 1
46 91 1
47 90 1
47 89 1
47 88 1
48 87 1
49 86 1
50 86 1
51 85 1
52 84 1
53 83 1
54 82 1
55 82 1
56 82 1
57 82 1
58 82 1
59 82 1
60 82 1
61 82 1
62 83 1
63 84 1
63 85 1
63 86 1
64 87 1
64 88 1
64 89 1
64 90 1
63 91 1
63 92 1
63 93 1
63 94 1
62 95 1
62 96 1
61 97 1
61 98 1
60 99 1
59 100 1
59 101 1
59 102 1
58 103 1
58 104 1
.PEN_UP
