.PEN_DOWN
1 36 1
2 35 1
3 35 1
4 35 1
5 35 1
6 35 1
7 36 1
8 36 1
9 36 1
10 36 1
11 36 1
12 36 1
13 36 1
14 36 1
15 36 1
16 36 1
17 36 1
18 36 1
19 36 1
20 36 1
21 36 1
22 36 1
23 36 1
24 36 1
25 35 1
28 33 1
29 32 1
30 32 1
31 32 1
32 31 1
33 31 1
34 30 1
35 30 1
36 29 1
37 29 1
38 28 1
39 27 1
40 27 1
41 26 1
42 25 1
43 24 1
43 23 1
44 22 1
44 21 1
45 20 1
45 19 1
46 18 1
46 17 1
47 16 1
47 15 1
47 14 1
47 13 1
48 12 1
48 11 1
48 10 1
48 9 1
48 8 1
48 7 1
48 6 1
47 5 1
47 4 1
46 3 1
46 2 1
45 1 1
44 1 1
43 1 1
42 1 1
41 1 1
40 1 1
39 1 1
38 1 1
37 1 1
36 2 1
35 2 1
34 2 1
33 2 1
32 3 1
31 3 1
30 4 1
29 5 1
28 6 1
28 7 1
27 8 1
26 9 1
26 10 1
25 11 1
25 12 1
24 13 1
23 14 1
23 15 1
22 16 1
22 17 1
22 18 1
21 19 1
21 20 1
21 21 1
21 22 1
21 23 1
21 24 1
21 25 1
21 26 1
22 27 1
22 28 1
22 29 1
22 30 1
23 31 1
23 32 1
24 33 1
24 34 1
.PEN_UP
.PEN_DOWN
26 35 1
28 37 1
28 38 1
29 39 1
30 39 1
31 39 1
32 40 1
33 40 1
34 40 1
35 40 1
36 40 1
37 40 1
38 40 1
39 41 1
40 41 1
41 41 1
42 41 1
43 41 1
44 42 1
45 42 1
46 42 1
47 42 1
48 43 1
49 43 1
50 43 1
51 44 1
52 44 1
.PEN_UP
.PEN_DOWN
32 58 1
33 58 1
34 58 1
35 58 1
36 58 1
37 59 1
38 59 1
39 59 1
40 59 1
41 60 1
42 60 1
43 60 1
44 60 1
45 60 1
46 60 1
47 60 1
48 61 1
49 61 1
50 61 1
51 61 1
52 62 1
53 62 1
.PEN_UP
.PEN_DOWN
2 105 1
3 104 1
4 104 1
5 105 1
6 105 1
7 105 1
9 106 1
10 107 1
11 107 1
12 107 1
13 107 1
14 108 1
15 108 1
16 108 1
17 109 1
18 109 1
19 109 1
20 109 1
21 109 1
22 109 1
23 109 1
24 109 1
25 109 1
26 110 1
30 111 1
31 111 1
32 111 1
33 111 1
34 111 1
35 111 1
36 111 1
37 111 1
38 112 1
39 112 1
40 112 1
41 112 1
42 112 1
43 112 1
44 112 1
45 112 1
46 112 1
47 112 1
48 111 1
49 111 1
50 112 1
51 113 1
52 113 1
.PEN_UP
.PEN_DOWN
27 110 1
28 108 1
28 107 1
28 106 1
28 105 1
29 104 1
30 103 1
31 103 1
32 103 1
33 103 1
34 104 1
35 104 1
36 104 1
37 105 1
.PEN_UP
.PEN_DOWN
28 109 1
26 112 1
26 113 1
26 114 1
26 115 1
26 116 1
26 117 1
26 118 1
26 119 1
26 120 1
26 121 1
25 122 1
25 123 1
25 124 1
25 125 1
25 126 1
25 127 1
25 128 1
.PEN_UP
.PEN_DOWN
8 104 1
8 103 1
9 102 1
9 101 1
10 100 1
11 99 1
12 99 1
13 98 1
14 98 1
15 97 1
16 97 1
17 96 1
18 96 1
19 95 1
20 94 1
20 93 1
21 92 1
22 91 1
24 90 1
25 90 1
26 90 1
27 90 1
28 89 1
29 88 1
29 87 1
30 86 1
31 85 1
32 84 1
33 83 1
36 84 1
37 85 1
38 86 1
39 87 1
39 88 1
40 89 1
41 90 1
42 91 1
43 91 1
44 92 1
45 93 1
46 93 1
47 93 1
48 93 1
49 92 1
50 91 1
50 90 1
50 89 1
51 88 1
51 87 1
51 86 1
51 85 1
51 84 1
51 83 1
51 82 1
51 81 1
51 80 1
51 79 1
51 78 1
51 77 1
50 76 1
50 75 1
50 74 1
49 73 1
49 72 1
48 71 1
47 71 1
46 71 1
45 71 1
44 71 1
43 72 1
42 73 1
41 74 1
40 75 1
39 76 1
38 77 1
37 78 1
36 78 1
35 79 1
34 80 1
33 79 1
32 79 1
31 78 1
30 77 1
29 77 1
28 77 1
27 77 1
26 76 1
25 77 1
24 77 1
23 78 1
22 79 1
22 80 1
21 81 1
20 82 1
20 83 1
19 84 1
19 85 1
19 86 1
19 87 1
20 88 1
21 89 1
22 90 1
.PEN_UP
.PEN_DOWN
28 135 1
29 135 1
30 135 1
31 135 1
32 135 1
33 135 1
34 135 1
35 135 1
36 135 1
37 135 1
38 134 1
39 134 1
40 134 1
41 134 1
42 134 1
43 134 1
44 134 1
45 134 1
46 134 1
47 134 1
48 133 1
49 133 1
50 133 1
51 133 1
52 133 1
53 134 1
54 135 1
54 136 1
54 137 1
54 138 1
54 139 1
53 140 1
53 141 1
52 142 1
52 143 1
51 144 1
50 145 1
50 146 1
49 147 1
48 148 1
47 149 1
46 150 1
45 151 1
44 152 1
43 152 1
42 153 1
41 154 1
40 155 1
39 156 1
38 157 1
37 158 1
36 159 1
35 160 1
34 161 1
34 162 1
33 163 1
33 164 1
34 165 1
35 166 1
36 167 1
37 167 1
38 167 1
39 168 1
40 168 1
41 169 1
42 169 1
43 169 1
44 170 1
45 170 1
46 171 1
47 171 1
48 172 1
49 172 1
50 173 1
51 173 1
.PEN_UP
.PEN_DOWN
51 188 1
51 187 1
50 186 1
49 186 1
48 185 1
47 185 1
46 185 1
45 184 1
44 184 1
43 184 1
42 184 1
41 184 1
40 184 1
39 184 1
38 184 1
37 184 1
36 184 1
35 184 1
34 184 1
33 185 1
32 185 1
31 185 1
30 185 1
29 185 1
28 186 1
27 186 1
26 187 1
25 188 1
24 189 1
24 190 1
24 191 1
24 192 1
24 193 1
24 194 1
24 195 1
24 196 1
25 197 1
25 198 1
25 199 1
25 200 1
25 201 1
.PEN_UP
.PEN_DOWN
11 215 1
12 214 1
13 214 1
14 214 1
15 214 1
16 215 1
17 215 1
18 215 1
19 215 1
20 215 1
21 215 1
22 215 1
23 215 1
24 215 1
25 215 1
26 215 1
27 216 1
28 216 1
29 216 1
30 216 1
31 217 1
32 218 1
34 219 1
35 219 1
36 218 1
37 218 1
38 218 1
39 218 1
40 219 1
41 219 1
42 219 1
43 219 1
44 220 1
45 220 1
46 220 1
47 221 1
48 221 1
49 221 1
50 222 1
50 223 1
50 224 1
50 225 1
50 226 1
50 227 1
50 228 1
50 229 1
50 230 1
50 231 1
50 232 1
50 233 1
50 234 1
50 235 1
50 236 1
50 237 1
49 238 1
49 239 1
49 240 1
48 241 1
48 242 1
48 243 1
47 244 1
47 245 1
46 246 1
45 246 1
44 247 1
43 247 1
40 247 1
39 246 1
38 246 1
37 245 1
36 244 1
35 243 1
34 242 1
33 241 1
32 240 1
31 239 1
31 238 1
31 237 1
30 236 1
30 235 1
30 234 1
30 233 1
30 232 1
30 231 1
30 230 1
30 229 1
30 228 1
30 227 1
30 226 1
30 225 1
30 224 1
31 223 1
31 222 1
31 221 1
32 220 1
32 219 1
.PEN_UP
.PEN_DOWN
42 247 1
41 249 1
41 250 1
41 251 1
41 252 1
41 253 1
41 254 1
39 255 1
38 255 1
37 255 1
36 255 1
35 255 1
34 255 1
33 256 1
32 256 1
31 256 1
30 257 1
29 258 1
28 258 1
27 259 1
26 260 1
25 261 1
24 262 1
24 263 1
23 264 1
23 265 1
23 266 1
23 267 1
23 268 1
23 269 1
23 270 1
23 271 1
24 272 1
24 273 1
24 274 1
24 275 1
25 276 1
26 277 1
26 278 1
27 279 1
28 280 1
29 280 1
30 281 1
32 282 1
32 283 1
33 284 1
34 284 1
35 284 1
36 284 1
37 284 1
38 284 1
39 284 1
40 285 1
41 285 1
42 285 1
43 286 1
44 287 1
45 288 1
44 289 1
44 290 1
44 291 1
44 292 1
43 293 1
42 294 1
41 295 1
40 296 1
40 297 1
39 298 1
38 299 1
37 300 1
36 301 1
35 302 1
34 303 1
33 304 1
33 305 1
32 306 1
32 307 1
32 308 1
32 309 1
33 310 1
34 310 1
35 311 1
36 311 1
37 311 1
38 312 1
39 312 1
40 313 1
41 313 1
42 314 1
43 314 1
44 314 1
45 315 1
46 316 1
47 317 1
48 318 1
47 319 1
47 320 1
47 321 1
47 322 1
46 323 1
45 324 1
44 325 1
43 326 1
43 327 1
42 328 1
41 329 1
40 330 1
39 331 1
38 332 1
38 333 1
38 334 1
37 335 1
37 336 1
38 339 1
39 339 1
40 339 1
41 339 1
42 339 1
43 340 1
44 340 1
45 340 1
46 341 1
47 341 1
48 341 1
49 341 1
50 342 1
51 342 1
52 343 1
53 343 1
54 343 1
55 344 1
56 344 1
.PEN_UP
.PEN_DOWN
31 280 1
32 279 1
33 278 1
34 277 1
35 276 1
36 276 1
37 275 1
38 275 1
39 274 1
40 273 1
41 272 1
42 271 1
43 270 1
44 269 1
44 268 1
45 267 1
45 266 1
45 265 1
46 264 1
46 263 1
47 262 1
47 261 1
47 260 1
47 259 1
47 258 1
46 257 1
45 256 1
44 256 1
43 256 1
42 255 1
.PEN_UP
.PEN_DOWN
37 379 1
36 379 1
35 378 1
34 378 1
33 378 1
32 378 1
31 377 1
30 376 1
29 375 1
29 374 1
29 373 1
29 372 1
29 371 1
29 370 1
30 369 1
30 368 1
31 367 1
31 366 1
32 365 1
32 364 1
33 363 1
34 362 1
35 361 1
36 360 1
37 359 1
38 358 1
39 358 1
40 357 1
41 357 1
42 356 1
43 355 1
44 355 1
45 355 1
46 355 1
47 355 1
48 355 1
49 355 1
50 355 1
51 356 1
52 356 1
53 357 1
54 358 1
55 359 1
55 360 1
56 361 1
56 362 1
57 363 1
57 364 1
57 365 1
57 366 1
57 367 1
57 368 1
57 369 1
57 370 1
57 371 1
57 372 1
57 373 1
57 374 1
57 375 1
56 376 1
56 377 1
56 378 1
55 379 1
55 380 1
55 381 1
55 382 1
54 383 1
54 384 1
.PEN_UP
.PEN_DOWN
45 381 1
44 382 1
44 383 1
44 384 1
44 385 1
44 386 1
44 387 1
44 388 1
43 389 1
43 390 1
43 391 1
42 392 1
41 392 1
40 393 1
40 394 1
39 395 1
39 396 1
38 397 1
38 398 1
37 399 1
37 400 1
37 401 1
36 402 1
36 403 1
37 404 1
37 405 1
37 406 1
38 407 1
38 408 1
.PEN_UP
.PEN_DOWN
44 392 1
45 392 1
46 392 1
47 393 1
48 393 1
49 393 1
50 394 1
51 395 1
52 396 1
52 397 1
53 398 1
53 399 1
54 400 1
54 401 1
55 402 1
55 403 1
55 404 1
55 405 1
56 406 1
56 407 1
56 408 1
56 409 1
56 410 1
56 411 1
56 412 1
56 413 1
56 414 1
56 415 1
56 416 1
56 417 1
56 418 1
56 419 1
.PEN_UP
