.PEN_DOWN
27 13 1
27 12 1
26 11 1
26 10 1
26 9 1
26 8 1
26 7 1
27 6 1
28 5 1
29 4 1
30 3 1
31 2 1
32 2 1
33 1 1
34 1 1
35 1 1
36 1 1
37 1 1
38 1 1
39 1 1
40 1 1
41 2 1
42 3 1
42 4 1
43 5 1
43 6 1
43 7 1
43 8 1
43 9 1
43 10 1
43 11 1
43 12 1
43 13 1
43 14 1
43 15 1
42 16 1
42 17 1
42 18 1
42 19 1
41 20 1
41 21 1
41 22 1
41 23 1
41 24 1
41 25 1
41 26 1
40 27 1
38 28 1
37 28 1
36 28 1
35 28 1
34 28 1
33 28 1
32 29 1
31 30 1
30 31 1
29 32 1
28 33 1
27 34 1
26 35 1
26 36 1
26 37 1
26 38 1
26 39 1
25 40 1
26 41 1
26 42 1
27 43 1
28 44 1
29 45 1
30 45 1
31 45 1
32 46 1
33 46 1
34 46 1
35 46 1
36 46 1
37 45 1
38 44 1
39 43 1
39 42 1
40 41 1
40 40 1
40 39 1
41 38 1
41 37 1
41 36 1
41 35 1
41 34 1
41 33 1
41 32 1
41 31 1
40 30 1
40 29 1
.PEN_UP
.PEN_DOWN
34 58 1
35 58 1
36 59 1
37 59 1
38 60 1
39 61 1
40 62 1
40 63 1
40 64 1
40 65 1
40 66 1
39 67 1
39 68 1
39 69 1
38 70 1
38 71 1
39 72 1
39 73 1
39 74 1
40 75 1
40 76 1
40 77 1
41 78 1
41 79 1
41 80 1
41 81 1
41 82 1
41 83 1
41 84 1
41 85 1
41 86 1
41 87 1
41 88 1
41 89 1
41 90 1
41 91 1
39 92 1
38 92 1
37 92 1
36 93 1
35 93 1
34 93 1
.PEN_UP
.PEN_DOWN
40 92 1
42 93 1
43 94 1
44 95 1
44 96 1
44 97 1
44 98 1
44 99 1
44 100 1
43 101 1
43 102 1
43 103 1
42 104 1
42 105 1
42 106 1
41 107 1
42 108 1
42 109 1
42 110 1
43 111 1
43 112 1
43 113 1
43 114 1
43 115 1
44 116 1
44 117 1
44 118 1
43 119 1
43 120 1
43 121 1
43 122 1
43 123 1
43 124 1
43 125 1
42 126 1
41 127 1
40 127 1
39 127 1
38 128 1
37 128 1
36 128 1
35 128 1
33 127 1
32 127 1
31 127 1
30 127 1
29 126 1
28 126 1
27 126 1
26 126 1
25 126 1
24 126 1
23 126 1
22 126 1
21 126 1
20 126 1
19 126 1
18 126 1
17 126 1
16 126 1
15 126 1
14 126 1
13 126 1
12 127 1
11 127 1
10 127 1
9 127 1
8 127 1
7 127 1
6 127 1
5 128 1
4 128 1
3 129 1
2 129 1
1 130 1
.PEN_UP
.PEN_DOWN
34 128 1
33 130 1
33 131 1
33 132 1
33 133 1
33 134 1
32 135 1
32 136 1
32 137 1
32 138 1
32 139 1
32 140 1
32 141 1
32 142 1
32 143 1
32 144 1
34 145 1
35 145 1
36 146 1
37 147 1
37 148 1
38 149 1
38 150 1
38 151 1
38 152 1
38 153 1
38 154 1
38 155 1
39 157 1
39 158 1
40 159 1
41 160 1
41 161 1
41 162 1
41 163 1
41 164 1
41 165 1
40 166 1
40 167 1
40 168 1
40 169 1
40 170 1
39 171 1
39 172 1
39 173 1
39 174 1
41 175 1
42 174 1
43 174 1
44 174 1
45 174 1
46 175 1
47 175 1
48 175 1
49 175 1
50 175 1
51 175 1
52 175 1
53 175 1
54 175 1
55 175 1
56 175 1
57 175 1
58 175 1
59 176 1
63 176 1
64 176 1
65 176 1
66 176 1
67 177 1
68 177 1
69 177 1
70 177 1
71 177 1
72 177 1
73 177 1
74 177 1
75 177 1
76 177 1
77 177 1
78 178 1
79 178 1
80 178 1
81 178 1
82 178 1
83 178 1
84 177 1
85 177 1
86 176 1
87 175 1
87 174 1
87 173 1
86 172 1
86 171 1
85 170 1
84 169 1
84 168 1
83 167 1
82 166 1
81 165 1
80 164 1
79 163 1
78 163 1
77 162 1
76 161 1
75 161 1
74 161 1
73 161 1
72 161 1
71 161 1
70 161 1
69 162 1
68 163 1
67 164 1
66 165 1
65 166 1
64 167 1
64 168 1
63 169 1
62 170 1
62 171 1
62 172 1
62 173 1
61 174 1
61 175 1
59 178 1
59 179 1
59 180 1
59 181 1
59 182 1
58 183 1
58 184 1
58 185 1
57 186 1
57 187 1
57 188 1
57 189 1
57 190 1
56 191 1
.PEN_UP
