.PEN_DOWN
12 16 1
12 17 1
12 18 1
12 19 1
11 20 1
11 21 1
11 22 1
11 23 1
11 24 1
11 25 1
11 26 1
12 27 1
11 29 1
10 30 1
10 31 1
10 32 1
9 33 1
9 34 1
9 35 1
9 36 1
9 37 1
9 38 1
9 39 1
8 40 1
8 41 1
8 42 1
8 43 1
7 44 1
7 45 1
7 46 1
7 47 1
7 48 1
7 49 1
6 50 1
6 51 1
6 52 1
6 53 1
6 54 1
5 55 1
5 56 1
5 57 1
5 58 1
5 59 1
5 60 1
5 61 1
5 62 1
5 63 1
5 64 1
5 65 1
6 66 1
9 66 1
10 65 1
11 65 1
12 65 1
13 64 1
14 64 1
15 63 1
16 63 1
17 62 1
18 61 1
19 60 1
20 60 1
21 59 1
22 58 1
23 57 1
24 57 1
25 57 1
26 57 1
27 56 1
28 56 1
29 56 1
30 56 1
33 54 1
34 53 1
35 52 1
36 51 1
37 50 1
38 49 1
39 49 1
42 49 1
43 49 1
44 49 1
45 49 1
46 49 1
47 50 1
48 50 1
49 50 1
50 50 1
51 51 1
52 52 1
52 53 1
52 54 1
52 55 1
53 56 1
52 57 1
52 58 1
52 59 1
52 60 1
52 61 1
52 62 1
51 63 1
51 64 1
50 65 1
50 66 1
49 67 1
49 68 1
49 69 1
49 70 1
48 71 1
48 72 1
48 73 1
48 74 1
48 75 1
49 76 1
50 76 1
51 76 1
52 77 1
53 77 1
54 77 1
55 78 1
56 78 1
57 79 1
58 79 1
59 80 1
60 81 1
61 82 1
62 83 1
63 84 1
64 85 1
64 86 1
64 87 1
64 88 1
65 89 1
65 90 1
65 91 1
65 92 1
65 93 1
64 94 1
64 95 1
63 96 1
60 99 1
60 100 1
59 101 1
59 102 1
59 103 1
58 104 1
58 105 1
57 106 1
56 107 1
55 108 1
54 108 1
53 109 1
52 109 1
51 109 1
50 109 1
49 110 1
48 110 1
47 110 1
46 109 1
46 108 1
45 107 1
46 106 1
46 105 1
46 104 1
46 103 1
47 102 1
47 101 1
48 100 1
49 99 1
50 98 1
51 97 1
52 97 1
53 96 1
54 96 1
55 96 1
56 96 1
57 96 1
58 95 1
59 95 1
60 95 1
61 96 1
64 98 1
65 99 1
66 99 1
67 99 1
68 100 1
69 101 1
70 102 1
70 103 1
71 104 1
72 105 1
72 106 1
72 107 1
72 108 1
72 109 1
72 110 1
73 111 1
73 112 1
73 113 1
73 114 1
73 115 1
73 116 1
73 117 1
73 118 1
73 119 1
73 120 1
.PEN_UP
.PEN_DOWN
40 48 1
40 47 1
40 46 1
40 45 1
40 44 1
41 43 1
41 42 1
41 41 1
41 40 1
42 39 1
42 38 1
43 37 1
43 36 1
44 35 1
44 34 1
45 33 1
45 32 1
46 31 1
46 30 1
47 29 1
47 28 1
48 27 1
48 26 1
49 25 1
49 24 1
50 23 1
.PEN_UP
.PEN_DOWN
31 55 1
31 58 1
30 59 1
30 60 1
30 61 1
30 62 1
30 63 1
29 64 1
29 65 1
28 66 1
28 67 1
27 68 1
27 69 1
26 70 1
26 71 1
25 72 1
25 73 1
24 74 1
24 75 1
23 76 1
22 77 1
21 78 1
20 79 1
20 80 1
19 81 1
18 82 1
18 83 1
17 84 1
16 85 1
15 86 1
14 87 1
13 88 1
12 89 1
11 89 1
10 90 1
9 90 1
8 90 1
7 90 1
6 91 1
5 91 1
4 91 1
3 90 1
2 89 1
2 88 1
1 87 1
1 86 1
2 85 1
2 84 1
2 83 1
2 82 1
3 81 1
3 80 1
4 79 1
4 78 1
5 77 1
5 76 1
5 75 1
5 74 1
6 73 1
6 72 1
6 71 1
7 70 1
7 69 1
7 68 1
7 67 1
.PEN_UP
.PEN_DOWN
13 27 1
14 27 1
15 27 1
16 27 1
17 27 1
18 27 1
20 25 1
21 24 1
22 24 1
23 23 1
24 23 1
25 22 1
26 22 1
27 22 1
28 21 1
29 20 1
30 20 1
31 19 1
32 19 1
33 18 1
34 17 1
35 16 1
36 16 1
37 15 1
38 15 1
39 14 1
40 13 1
41 13 1
42 12 1
43 12 1
44 11 1
45 10 1
46 10 1
47 9 1
48 9 1
49 8 1
50 8 1
51 8 1
52 7 1
53 6 1
54 6 1
55 5 1
56 4 1
57 4 1
58 4 1
59 3 1
60 3 1
61 2 1
62 1 1
.PEN_UP
.PEN_DOWN
19 26 1
20 29 1
21 30 1
22 31 1
23 31 1
24 31 1
.PEN_UP
