.PEN_DOWN
4 36 1
3 35 1
3 34 1
2 33 1
2 32 1
1 31 1
1 30 1
1 29 1
1 28 1
2 27 1
3 27 1
4 26 1
5 25 1
6 24 1
7 24 1
8 23 1
9 23 1
10 22 1
11 22 1
12 22 1
13 21 1
14 21 1
15 21 1
16 20 1
17 20 1
18 20 1
19 20 1
20 19 1
21 19 1
22 19 1
23 18 1
24 18 1
25 18 1
26 17 1
27 17 1
28 17 1
29 17 1
30 16 1
31 16 1
32 16 1
33 15 1
34 15 1
35 15 1
36 15 1
37 14 1
38 14 1
39 14 1
40 13 1
41 13 1
42 13 1
43 13 1
44 13 1
45 13 1
48 11 1
49 10 1
50 9 1
52 9 1
53 9 1
54 9 1
55 9 1
56 9 1
57 9 1
58 8 1
59 8 1
60 8 1
61 7 1
62 6 1
63 5 1
64 5 1
65 5 1
66 5 1
67 5 1
68 5 1
69 4 1
70 4 1
71 4 1
72 4 1
73 3 1
74 3 1
75 3 1
76 3 1
77 3 1
78 3 1
79 3 1
80 3 1
81 3 1
82 3 1
83 3 1
84 2 1
85 2 1
86 2 1
87 2 1
88 2 1
89 1 1
90 1 1
.PEN_UP
.PEN_DOWN
62 4 1
61 3 1
60 2 1
59 2 1
58 2 1
57 2 1
56 2 1
55 2 1
54 3 1
53 3 1
52 4 1
51 5 1
51 6 1
50 7 1
50 8 1
.PEN_UP
.PEN_DOWN
46 12 1
47 15 1
47 16 1
47 17 1
47 18 1
48 19 1
48 20 1
48 21 1
49 22 1
49 23 1
49 24 1
50 25 1
49 26 1
49 27 1
49 28 1
49 29 1
.PEN_UP
.PEN_DOWN
43 47 1
44 47 1
45 46 1
46 45 1
47 45 1
48 45 1
49 44 1
50 44 1
51 44 1
52 44 1
53 44 1
54 44 1
55 43 1
56 43 1
57 43 1
58 44 1
60 44 1
61 43 1
62 43 1
.PEN_UP
.PEN_DOWN
58 45 1
57 46 1
57 47 1
56 48 1
56 49 1
56 50 1
55 51 1
54 52 1
53 53 1
52 54 1
51 55 1
50 56 1
49 57 1
48 58 1
47 59 1
46 60 1
45 61 1
44 62 1
43 63 1
42 64 1
42 65 1
41 66 1
40 67 1
40 68 1
.PEN_UP
.PEN_DOWN
46 123 1
47 123 1
48 123 1
49 124 1
50 124 1
51 124 1
52 124 1
53 124 1
54 124 1
55 125 1
55 126 1
55 127 1
55 128 1
55 129 1
55 130 1
54 131 1
54 132 1
53 133 1
53 134 1
52 135 1
52 136 1
51 137 1
51 138 1
50 139 1
50 140 1
50 141 1
50 142 1
50 143 1
49 144 1
50 145 1
51 146 1
52 146 1
53 146 1
54 146 1
55 146 1
56 147 1
58 146 1
59 145 1
60 145 1
.PEN_UP
.PEN_DOWN
57 147 1
56 149 1
56 150 1
56 151 1
55 152 1
55 153 1
54 154 1
54 155 1
53 156 1
52 157 1
51 158 1
51 159 1
50 160 1
49 161 1
49 162 1
48 163 1
48 164 1
47 165 1
46 166 1
46 167 1
45 168 1
45 169 1
45 170 1
44 171 1
44 172 1
44 173 1
44 174 1
44 175 1
45 176 1
46 177 1
47 177 1
48 177 1
49 177 1
50 177 1
51 176 1
52 176 1
53 176 1
54 176 1
55 176 1
56 176 1
57 176 1
58 177 1
58 178 1
58 179 1
58 180 1
57 181 1
.PEN_UP
.PEN_DOWN
38 100 1
37 101 1
37 102 1
36 103 1
36 104 1
37 105 1
38 106 1
39 106 1
40 106 1
41 106 1
42 106 1
43 105 1
42 103 1
41 102 1
40 101 1
39 100 1
39 98 1
39 97 1
40 96 1
41 95 1
42 94 1
43 94 1
44 93 1
45 92 1
46 92 1
47 92 1
48 91 1
49 91 1
50 91 1
51 91 1
52 91 1
53 91 1
54 92 1
54 93 1
53 94 1
53 95 1
53 96 1
52 97 1
52 98 1
51 99 1
50 100 1
49 101 1
48 102 1
47 102 1
46 103 1
45 104 1
44 104 1
.PEN_UP
