.PEN_DOWN
1 34 1
1 33 1
1 32 1
1 31 1
1 30 1
2 29 1
2 28 1
3 27 1
4 26 1
4 25 1
5 24 1
6 23 1
7 22 1
8 21 1
9 20 1
10 19 1
11 18 1
12 17 1
13 16 1
14 15 1
15 15 1
16 14 1
17 14 1
18 13 1
19 12 1
20 11 1
21 11 1
22 10 1
23 9 1
24 9 1
25 8 1
26 8 1
27 8 1
28 7 1
29 7 1
30 6 1
31 6 1
32 5 1
33 5 1
34 5 1
35 4 1
36 4 1
37 4 1
38 4 1
39 3 1
40 3 1
41 3 1
42 3 1
43 2 1
44 2 1
45 2 1
46 1 1
47 1 1
48 1 1
49 1 1
50 1 1
51 1 1
52 1 1
53 1 1
54 1 1
55 1 1
56 1 1
57 1 1
58 1 1
59 1 1
60 1 1
61 1 1
62 1 1
63 1 1
64 1 1
65 1 1
66 1 1
67 2 1
68 2 1
69 2 1
70 3 1
71 3 1
72 3 1
73 4 1
74 4 1
75 5 1
76 6 1
77 7 1
78 8 1
79 9 1
79 10 1
80 11 1
81 12 1
81 13 1
81 14 1
81 15 1
81 16 1
81 17 1
81 18 1
81 19 1
80 20 1
80 21 1
80 22 1
80 23 1
80 24 1
79 25 1
79 26 1
78 27 1
77 28 1
77 29 1
76 30 1
75 31 1
74 32 1
73 33 1
72 34 1
.PEN_UP
.PEN_DOWN
14 46 1
15 46 1
16 47 1
17 47 1
.PEN_UP
.PEN_DOWN
37 52 1
38 51 1
39 50 1
40 49 1
41 49 1
42 48 1
43 48 1
44 48 1
45 47 1
46 47 1
47 47 1
48 47 1
49 46 1
50 46 1
51 46 1
52 45 1
53 45 1
54 45 1
55 45 1
56 45 1
57 45 1
58 45 1
59 45 1
60 44 1
61 44 1
62 44 1
63 44 1
64 44 1
65 44 1
66 44 1
67 44 1
68 44 1
69 44 1
70 44 1
71 44 1
72 44 1
73 44 1
74 44 1
75 45 1
75 46 1
74 47 1
74 48 1
73 49 1
72 50 1
71 51 1
70 51 1
69 52 1
.PEN_UP
