.PEN_DOWN
49 18 1
50 18 1
51 17 1
52 16 1
52 15 1
53 14 1
54 13 1
55 13 1
56 12 1
57 11 1
58 11 1
59 10 1
60 9 1
61 9 1
62 8 1
63 8 1
64 7 1
65 6 1
66 6 1
67 5 1
68 5 1
69 4 1
70 3 1
71 3 1
72 2 1
73 2 1
74 2 1
75 2 1
76 1 1
77 2 1
77 3 1
77 4 1
77 5 1
77 6 1
76 7 1
76 8 1
76 9 1
75 10 1
75 11 1
75 12 1
75 13 1
74 14 1
74 15 1
72 17 1
71 17 1
70 18 1
69 19 1
69 20 1
68 21 1
67 22 1
66 23 1
65 24 1
64 25 1
63 26 1
62 27 1
61 28 1
60 29 1
59 30 1
58 31 1
57 32 1
56 33 1
55 34 1
54 35 1
53 36 1
52 37 1
51 38 1
50 39 1
49 40 1
48 41 1
.PEN_UP
.PEN_DOWN
73 16 1
76 16 1
77 16 1
78 16 1
79 16 1
80 16 1
81 17 1
82 18 1
82 19 1
82 20 1
82 21 1
82 22 1
81 23 1
81 24 1
80 25 1
80 26 1
79 27 1
79 28 1
78 29 1
77 30 1
76 31 1
75 32 1
74 33 1
73 34 1
72 35 1
71 36 1
70 37 1
69 38 1
68 39 1
67 40 1
66 41 1
66 42 1
65 43 1
65 44 1
64 45 1
63 46 1
62 46 1
61 47 1
60 47 1
59 48 1
58 49 1
57 50 1
56 51 1
55 52 1
54 53 1
53 54 1
52 55 1
52 56 1
51 57 1
50 58 1
50 59 1
.PEN_UP
.PEN_DOWN
60 68 1
61 67 1
62 66 1
63 65 1
64 64 1
65 63 1
66 62 1
67 61 1
68 60 1
68 59 1
69 58 1
70 57 1
71 56 1
72 55 1
72 54 1
73 53 1
74 52 1
75 51 1
76 50 1
77 49 1
78 48 1
79 47 1
.PEN_UP
.PEN_DOWN
45 80 1
44 80 1
43 80 1
42 79 1
41 79 1
40 80 1
39 80 1
38 81 1
37 82 1
36 82 1
35 83 1
34 83 1
33 84 1
32 85 1
31 86 1
30 87 1
30 88 1
29 89 1
28 90 1
28 91 1
27 92 1
.PEN_UP
.PEN_DOWN
55 83 1
56 82 1
57 82 1
58 82 1
59 82 1
60 83 1
61 83 1
62 84 1
64 83 1
65 83 1
66 83 1
67 82 1
68 82 1
69 81 1
70 81 1
71 80 1
72 80 1
73 79 1
74 79 1
75 78 1
76 78 1
77 78 1
78 77 1
79 76 1
80 75 1
81 75 1
82 74 1
83 74 1
84 73 1
85 72 1
86 72 1
87 72 1
88 71 1
.PEN_UP
.PEN_DOWN
63 84 1
62 86 1
62 87 1
62 88 1
62 89 1
62 90 1
62 93 1
62 94 1
62 95 1
62 96 1
62 97 1
62 98 1
62 99 1
61 100 1
61 101 1
61 102 1
61 103 1
60 104 1
60 105 1
59 106 1
59 107 1
58 108 1
57 109 1
57 110 1
56 111 1
56 112 1
55 113 1
55 114 1
54 115 1
53 116 1
53 117 1
53 118 1
53 119 1
52 120 1
52 121 1
52 122 1
51 124 1
50 125 1
49 126 1
48 127 1
48 128 1
47 129 1
46 130 1
45 131 1
44 131 1
43 132 1
43 133 1
42 134 1
41 135 1
40 136 1
39 137 1
38 137 1
37 138 1
36 139 1
35 140 1
34 141 1
33 142 1
32 143 1
31 144 1
30 145 1
29 146 1
28 147 1
28 148 1
27 149 1
26 150 1
25 151 1
24 152 1
23 153 1
22 154 1
21 155 1
20 156 1
19 157 1
19 158 1
18 159 1
17 160 1
16 160 1
15 161 1
14 162 1
13 163 1
12 164 1
11 165 1
10 166 1
9 167 1
8 168 1
7 168 1
6 169 1
5 170 1
4 171 1
3 172 1
2 173 1
2 174 1
1 175 1
.PEN_UP
.PEN_DOWN
52 123 1
54 123 1
55 122 1
56 122 1
57 122 1
58 121 1
59 121 1
60 120 1
61 119 1
62 118 1
63 117 1
64 117 1
65 116 1
66 115 1
67 115 1
68 115 1
69 114 1
70 114 1
71 114 1
73 113 1
74 112 1
75 111 1
76 110 1
77 110 1
78 109 1
79 109 1
80 108 1
81 107 1
82 106 1
.PEN_UP
.PEN_DOWN
72 114 1
72 116 1
72 117 1
72 118 1
71 119 1
71 120 1
70 121 1
69 123 1
68 124 1
68 125 1
67 126 1
66 127 1
65 128 1
64 129 1
63 130 1
63 131 1
63 132 1
62 133 1
62 134 1
62 135 1
61 136 1
62 137 1
63 137 1
64 137 1
65 137 1
66 137 1
67 136 1
68 136 1
69 135 1
70 134 1
71 134 1
72 134 1
73 133 1
74 133 1
75 132 1
76 131 1
77 131 1
78 131 1
79 131 1
80 131 1
81 131 1
82 132 1
83 133 1
83 134 1
83 135 1
83 136 1
.PEN_UP
.PEN_DOWN
61 91 1
60 91 1
59 92 1
58 92 1
57 92 1
56 93 1
55 94 1
54 95 1
53 96 1
52 97 1
51 97 1
50 98 1
49 99 1
48 100 1
47 101 1
46 102 1
45 103 1
44 104 1
43 105 1
42 106 1
41 107 1
40 108 1
39 109 1
38 110 1
37 111 1
36 112 1
35 113 1
34 114 1
33 115 1
32 116 1
31 117 1
30 118 1
29 119 1
28 120 1
28 121 1
27 122 1
26 122 1
25 123 1
24 124 1
23 125 1
22 126 1
21 127 1
20 128 1
19 129 1
18 130 1
.PEN_UP
