.PEN_DOWN
1 21 1
2 20 1
3 18 1
4 17 1
4 16 1
5 15 1
6 14 1
7 13 1
8 12 1
9 11 1
10 11 1
11 10 1
12 10 1
13 9 1
14 9 1
15 9 1
16 9 1
17 9 1
19 8 1
20 7 1
21 6 1
22 5 1
24 5 1
25 5 1
26 5 1
27 6 1
28 6 1
.PEN_UP
.PEN_DOWN
22 4 1
22 3 1
21 2 1
21 1 1
.PEN_UP
.PEN_DOWN
18 9 1
18 11 1
18 12 1
18 13 1
18 14 1
18 15 1
17 16 1
17 17 1
17 18 1
17 19 1
17 20 1
17 21 1
16 22 1
15 24 1
14 25 1
13 26 1
12 27 1
11 28 1
.PEN_UP
.PEN_DOWN
16 23 1
18 24 1
19 24 1
20 25 1
21 26 1
21 27 1
20 28 1
20 29 1
19 30 1
19 31 1
19 32 1
19 33 1
19 34 1
19 35 1
18 36 1
16 38 1
15 38 1
14 39 1
13 40 1
12 41 1
11 42 1
.PEN_UP
.PEN_DOWN
17 37 1
19 38 1
20 38 1
21 39 1
22 40 1
22 41 1
22 42 1
22 43 1
22 44 1
22 45 1
21 46 1
21 47 1
21 48 1
21 49 1
21 50 1
20 51 1
20 52 1
20 53 1
19 54 1
19 55 1
18 56 1
16 57 1
15 58 1
14 58 1
13 59 1
12 59 1
11 59 1
10 60 1
9 61 1
8 62 1
.PEN_UP
.PEN_DOWN
17 57 1
19 58 1
20 59 1
21 60 1
21 61 1
21 62 1
21 63 1
21 64 1
21 65 1
21 66 1
22 67 1
22 68 1
23 69 1
23 70 1
23 71 1
23 72 1
23 73 1
23 74 1
23 75 1
23 76 1
23 77 1
23 78 1
22 79 1
22 80 1
22 81 1
21 82 1
21 83 1
21 84 1
22 85 1
22 86 1
23 87 1
24 88 1
25 89 1
26 90 1
26 91 1
27 92 1
27 93 1
26 95 1
25 96 1
24 96 1
23 97 1
22 97 1
21 98 1
20 98 1
19 99 1
18 99 1
17 100 1
16 101 1
15 102 1
14 103 1
13 104 1
12 105 1
11 106 1
11 107 1
10 108 1
10 109 1
10 110 1
11 111 1
12 111 1
13 112 1
14 112 1
.PEN_UP
.PEN_DOWN
3 19 1
4 22 1
5 22 1
6 22 1
.PEN_UP
