.PEN_DOWN
1 55 1
2 54 1
3 54 1
4 53 1
5 53 1
6 52 1
7 52 1
8 51 1
9 51 1
10 51 1
11 50 1
12 50 1
13 49 1
14 49 1
15 49 1
16 48 1
17 47 1
18 47 1
19 47 1
20 47 1
21 46 1
22 46 1
23 45 1
24 45 1
25 45 1
26 44 1
27 44 1
28 43 1
29 43 1
30 42 1
31 42 1
32 42 1
33 41 1
34 41 1
35 41 1
36 41 1
37 40 1
38 40 1
39 40 1
40 39 1
41 38 1
42 38 1
43 38 1
44 37 1
45 37 1
46 37 1
47 36 1
48 36 1
49 36 1
50 35 1
51 35 1
52 35 1
53 34 1
54 34 1
55 33 1
56 33 1
57 33 1
58 33 1
59 33 1
60 32 1
61 32 1
62 31 1
63 31 1
64 30 1
65 30 1
66 30 1
67 29 1
68 29 1
69 28 1
70 28 1
71 28 1
72 28 1
73 27 1
74 27 1
75 27 1
76 27 1
.PEN_UP
.PEN_DOWN
4 64 1
5 63 1
6 63 1
7 62 1
8 61 1
9 61 1
10 61 1
11 60 1
12 60 1
13 59 1
14 59 1
15 59 1
16 58 1
17 58 1
18 57 1
19 57 1
20 57 1
21 56 1
22 56 1
23 55 1
24 55 1
25 55 1
26 54 1
27 54 1
28 54 1
29 53 1
30 53 1
31 53 1
32 53 1
33 52 1
34 52 1
35 51 1
36 51 1
37 51 1
38 50 1
39 50 1
40 50 1
41 50 1
42 49 1
43 49 1
44 50 1
46 49 1
47 48 1
48 48 1
49 47 1
50 46 1
51 45 1
52 45 1
53 44 1
54 44 1
55 43 1
56 43 1
57 43 1
58 42 1
59 42 1
60 41 1
61 41 1
62 41 1
66 38 1
66 37 1
67 36 1
68 36 1
69 36 1
70 36 1
71 37 1
70 39 1
69 40 1
68 40 1
67 40 1
66 40 1
.PEN_UP
.PEN_DOWN
45 50 1
45 52 1
45 53 1
45 54 1
46 55 1
46 56 1
46 57 1
47 58 1
47 59 1
48 60 1
49 61 1
49 62 1
50 63 1
51 64 1
51 65 1
52 66 1
.PEN_UP
.PEN_DOWN
26 73 1
27 74 1
28 74 1
29 74 1
.PEN_UP
.PEN_DOWN
39 93 1
40 92 1
40 91 1
41 90 1
41 89 1
42 88 1
43 88 1
44 87 1
45 87 1
46 87 1
47 87 1
48 87 1
49 87 1
50 87 1
51 88 1
52 89 1
53 90 1
54 91 1
54 92 1
54 93 1
54 94 1
54 95 1
54 96 1
54 97 1
54 98 1
54 99 1
54 100 1
54 101 1
53 102 1
53 103 1
53 104 1
53 105 1
52 106 1
52 107 1
52 108 1
51 109 1
51 110 1
50 111 1
50 112 1
50 113 1
49 114 1
47 115 1
46 115 1
45 115 1
44 116 1
43 116 1
42 116 1
41 117 1
40 118 1
39 119 1
38 120 1
.PEN_UP
.PEN_DOWN
48 115 1
50 116 1
51 117 1
52 117 1
53 118 1
54 119 1
55 120 1
55 121 1
56 122 1
57 123 1
57 124 1
57 125 1
58 126 1
58 127 1
58 128 1
59 129 1
59 130 1
60 131 1
60 132 1
.PEN_UP
