.PEN_DOWN
1 32 1
2 31 1
3 30 1
4 30 1
5 30 1
6 29 1
7 29 1
8 29 1
9 29 1
10 28 1
11 28 1
12 28 1
13 27 1
14 27 1
15 27 1
16 27 1
17 26 1
18 26 1
19 26 1
20 25 1
21 25 1
22 24 1
23 24 1
24 24 1
25 23 1
26 23 1
27 23 1
28 22 1
29 22 1
30 21 1
31 21 1
32 21 1
33 21 1
34 20 1
35 20 1
36 19 1
37 19 1
38 18 1
39 18 1
40 17 1
41 17 1
42 17 1
43 16 1
44 16 1
45 15 1
46 15 1
47 14 1
48 14 1
49 13 1
50 12 1
51 12 1
52 12 1
53 11 1
54 10 1
55 10 1
56 9 1
57 8 1
58 8 1
59 8 1
60 7 1
61 6 1
62 5 1
63 4 1
64 3 1
65 3 1
66 3 1
67 2 1
68 2 1
69 2 1
70 2 1
71 4 1
71 5 1
71 6 1
70 7 1
70 8 1
69 9 1
69 10 1
68 11 1
67 12 1
66 13 1
65 14 1
64 15 1
64 16 1
64 17 1
63 18 1
63 19 1
61 21 1
60 21 1
59 22 1
58 22 1
57 23 1
56 24 1
55 25 1
54 25 1
53 25 1
52 26 1
51 27 1
50 27 1
49 28 1
48 29 1
47 30 1
.PEN_UP
.PEN_DOWN
62 20 1
65 20 1
66 20 1
67 20 1
68 20 1
69 20 1
70 21 1
71 22 1
71 23 1
71 24 1
71 25 1
71 26 1
71 27 1
70 28 1
70 29 1
69 30 1
69 31 1
69 32 1
68 33 1
68 34 1
68 35 1
68 36 1
67 37 1
67 38 1
65 39 1
64 39 1
63 39 1
62 39 1
61 40 1
60 41 1
59 41 1
58 41 1
57 42 1
56 43 1
55 44 1
54 44 1
53 44 1
52 45 1
51 46 1
50 47 1
49 47 1
48 48 1
47 49 1
46 50 1
45 51 1
44 52 1
43 53 1
43 54 1
43 55 1
43 56 1
44 57 1
44 58 1
45 59 1
46 60 1
47 61 1
48 62 1
49 63 1
50 63 1
51 63 1
52 64 1
53 65 1
54 65 1
55 64 1
56 64 1
57 64 1
58 64 1
59 63 1
60 63 1
61 62 1
62 61 1
63 60 1
64 59 1
65 59 1
66 58 1
67 57 1
68 56 1
70 56 1
71 56 1
72 56 1
73 56 1
74 55 1
75 55 1
76 55 1
77 55 1
78 55 1
.PEN_UP
.PEN_DOWN
68 55 1
68 54 1
69 53 1
69 52 1
69 51 1
69 50 1
69 49 1
70 48 1
70 47 1
70 46 1
70 45 1
70 44 1
70 43 1
70 42 1
70 41 1
69 40 1
68 39 1
.PEN_UP
.PEN_DOWN
52 66 1
52 67 1
51 68 1
50 69 1
49 70 1
48 71 1
47 71 1
46 72 1
.PEN_UP
.PEN_DOWN
48 85 1
49 84 1
49 83 1
49 82 1
50 81 1
51 81 1
52 81 1
53 81 1
54 81 1
55 81 1
56 81 1
57 81 1
58 81 1
59 81 1
60 82 1
61 82 1
62 82 1
63 82 1
64 82 1
65 83 1
66 83 1
67 83 1
68 83 1
69 83 1
70 83 1
71 83 1
72 82 1
73 82 1
74 81 1
74 80 1
74 79 1
75 78 1
75 77 1
75 76 1
75 75 1
76 74 1
76 73 1
76 72 1
75 71 1
75 70 1
75 69 1
75 68 1
.PEN_UP
