.PEN_DOWN
1 28 1
2 27 1
3 27 1
4 27 1
5 27 1
6 27 1
7 28 1
8 28 1
9 30 1
10 31 1
11 32 1
12 33 1
13 33 1
14 33 1
15 34 1
16 34 1
17 34 1
18 34 1
19 34 1
20 34 1
21 34 1
22 34 1
23 35 1
24 35 1
25 35 1
26 35 1
27 35 1
28 35 1
29 35 1
30 35 1
31 35 1
32 35 1
33 35 1
34 35 1
35 35 1
36 35 1
37 35 1
38 35 1
39 35 1
43 36 1
44 37 1
45 37 1
46 37 1
47 37 1
48 37 1
49 37 1
50 37 1
51 37 1
52 36 1
52 35 1
52 34 1
52 33 1
51 32 1
51 31 1
51 30 1
51 29 1
51 28 1
51 27 1
50 26 1
50 25 1
49 24 1
49 23 1
48 22 1
47 21 1
46 21 1
45 20 1
44 20 1
43 18 1
43 17 1
42 16 1
42 15 1
.PEN_UP
.PEN_DOWN
43 19 1
43 22 1
42 23 1
42 24 1
42 25 1
42 26 1
42 27 1
41 28 1
41 29 1
41 30 1
41 31 1
41 32 1
41 33 1
41 34 1
40 38 1
40 39 1
39 40 1
39 41 1
39 42 1
.PEN_UP
.PEN_DOWN
9 27 1
10 26 1
11 26 1
12 25 1
13 25 1
14 24 1
15 23 1
16 23 1
17 22 1
18 22 1
19 21 1
20 21 1
21 20 1
22 19 1
23 19 1
24 18 1
25 18 1
26 17 1
27 17 1
28 17 1
29 16 1
30 15 1
31 15 1
32 14 1
33 13 1
34 12 1
35 12 1
36 11 1
37 10 1
38 10 1
39 10 1
40 9 1
41 8 1
42 8 1
43 7 1
44 6 1
45 6 1
46 5 1
47 4 1
48 3 1
49 3 1
50 2 1
51 1 1
.PEN_UP
