.PEN_DOWN
20 21 1
21 20 1
22 19 1
23 18 1
24 17 1
25 17 1
26 16 1
27 15 1
28 14 1
29 13 1
30 12 1
31 11 1
32 10 1
33 9 1
34 8 1
35 8 1
36 7 1
37 6 1
38 5 1
39 4 1
40 4 1
41 4 1
42 4 1
43 3 1
44 3 1
45 4 1
45 5 1
44 6 1
44 7 1
44 8 1
44 9 1
43 10 1
43 11 1
42 12 1
42 13 1
42 14 1
41 15 1
41 16 1
40 17 1
39 18 1
39 19 1
39 20 1
38 21 1
38 22 1
38 23 1
38 24 1
36 25 1
35 26 1
34 27 1
33 28 1
32 28 1
.PEN_UP
.PEN_DOWN
37 25 1
40 25 1
41 25 1
42 25 1
43 26 1
43 27 1
44 28 1
44 29 1
43 30 1
43 31 1
42 32 1
42 33 1
41 34 1
41 35 1
40 36 1
40 37 1
39 38 1
38 39 1
37 40 1
36 41 1
35 42 1
34 43 1
33 44 1
32 45 1
31 45 1
30 46 1
29 47 1
28 47 1
27 47 1
26 47 1
25 47 1
24 47 1
23 47 1
22 47 1
21 47 1
20 47 1
19 46 1
.PEN_UP
.PEN_DOWN
43 48 1
42 49 1
41 50 1
40 51 1
39 51 1
38 52 1
37 52 1
36 53 1
35 54 1
34 54 1
33 55 1
32 56 1
31 56 1
30 57 1
29 58 1
28 59 1
27 59 1
26 60 1
25 61 1
25 62 1
24 63 1
23 64 1
20 65 1
19 65 1
18 65 1
17 65 1
16 66 1
15 66 1
14 67 1
13 68 1
12 68 1
11 69 1
10 70 1
9 71 1
8 71 1
7 71 1
6 72 1
.PEN_UP
.PEN_DOWN
22 64 1
22 66 1
22 67 1
22 68 1
22 69 1
22 70 1
22 71 1
22 72 1
23 73 1
24 73 1
25 73 1
26 72 1
27 72 1
28 72 1
29 71 1
30 71 1
31 70 1
32 69 1
33 69 1
34 68 1
35 67 1
36 66 1
37 66 1
38 65 1
39 64 1
40 64 1
41 63 1
42 62 1
.PEN_UP
.PEN_DOWN
41 74 1
40 75 1
39 76 1
38 76 1
37 77 1
36 78 1
35 78 1
34 79 1
33 80 1
32 81 1
31 82 1
30 83 1
29 84 1
28 85 1
27 86 1
26 86 1
25 87 1
24 88 1
.PEN_UP
.PEN_DOWN
39 94 1
38 94 1
37 95 1
36 96 1
35 96 1
34 97 1
33 97 1
32 98 1
31 99 1
30 99 1
29 100 1
28 101 1
27 102 1
26 103 1
25 103 1
24 104 1
23 105 1
22 105 1
21 106 1
20 107 1
19 108 1
18 108 1
17 109 1
16 110 1
15 111 1
14 112 1
13 113 1
12 113 1
11 114 1
10 115 1
9 115 1
8 116 1
7 117 1
7 118 1
.PEN_UP
.PEN_DOWN
28 103 1
29 104 1
29 105 1
29 106 1
29 107 1
29 108 1
29 109 1
30 110 1
30 111 1
30 112 1
32 113 1
33 112 1
34 112 1
35 112 1
36 112 1
37 111 1
38 111 1
39 110 1
40 110 1
41 110 1
42 110 1
43 111 1
44 112 1
44 113 1
44 114 1
44 115 1
43 116 1
42 117 1
41 118 1
40 119 1
.PEN_UP
.PEN_DOWN
30 113 1
29 115 1
29 116 1
28 117 1
28 118 1
28 119 1
27 120 1
26 121 1
25 122 1
24 123 1
24 124 1
23 125 1
22 126 1
21 127 1
.PEN_UP
