.PEN_DOWN
21 26 1
20 27 1
19 27 1
18 27 1
17 28 1
16 28 1
15 28 1
14 28 1
13 28 1
12 28 1
11 28 1
10 28 1
9 27 1
8 26 1
7 25 1
6 24 1
5 23 1
4 22 1
4 21 1
3 20 1
2 19 1
2 18 1
2 17 1
1 16 1
1 15 1
1 14 1
1 13 1
1 12 1
2 11 1
2 10 1
2 9 1
3 8 1
4 7 1
5 6 1
6 5 1
7 5 1
8 5 1
9 4 1
10 4 1
11 4 1
12 4 1
13 4 1
14 4 1
15 4 1
16 4 1
17 4 1
18 4 1
19 4 1
20 4 1
21 5 1
22 5 1
23 5 1
24 6 1
25 6 1
26 6 1
27 7 1
28 7 1
29 7 1
30 7 1
31 7 1
32 7 1
34 9 1
34 10 1
35 11 1
35 12 1
36 13 1
38 14 1
39 14 1
40 15 1
41 15 1
42 15 1
43 16 1
44 16 1
45 17 1
46 18 1
47 19 1
48 20 1
49 21 1
50 22 1
51 23 1
52 24 1
53 25 1
54 26 1
55 27 1
56 28 1
57 29 1
58 30 1
59 31 1
60 31 1
61 32 1
62 32 1
63 32 1
.PEN_UP
.PEN_DOWN
36 14 1
36 16 1
36 17 1
36 18 1
36 19 1
36 20 1
36 21 1
36 22 1
36 23 1
36 24 1
36 25 1
36 26 1
36 27 1
36 28 1
.PEN_UP
.PEN_DOWN
33 6 1
34 5 1
34 4 1
34 3 1
34 2 1
34 1 1
.PEN_UP
.PEN_DOWN
41 66 1
41 67 1
41 68 1
42 69 1
44 70 1
45 71 1
46 71 1
47 72 1
48 73 1
49 73 1
50 74 1
51 75 1
52 76 1
53 77 1
54 78 1
55 79 1
.PEN_UP
.PEN_DOWN
41 70 1
40 71 1
39 72 1
38 73 1
38 74 1
38 75 1
38 76 1
38 77 1
38 78 1
38 79 1
39 80 1
39 81 1
40 82 1
40 83 1
41 84 1
41 85 1
42 86 1
.PEN_UP
