.PEN_DOWN
28 15 1
27 15 1
26 15 1
25 15 1
24 14 1
23 14 1
22 14 1
21 14 1
20 14 1
19 14 1
18 15 1
17 15 1
16 15 1
15 16 1
14 17 1
13 18 1
12 19 1
11 20 1
11 21 1
10 22 1
9 23 1
8 24 1
8 25 1
7 26 1
7 27 1
7 28 1
6 29 1
6 30 1
6 31 1
6 32 1
6 33 1
6 34 1
6 35 1
6 36 1
6 37 1
7 38 1
8 38 1
9 39 1
10 39 1
11 41 1
11 42 1
12 43 1
12 44 1
13 45 1
14 46 1
15 46 1
16 46 1
17 46 1
18 46 1
19 47 1
20 47 1
21 47 1
22 47 1
23 47 1
24 47 1
25 47 1
26 47 1
27 46 1
28 46 1
29 46 1
30 46 1
31 45 1
32 45 1
33 44 1
34 44 1
35 43 1
36 42 1
37 42 1
38 42 1
39 41 1
40 40 1
40 39 1
41 38 1
42 37 1
42 36 1
43 35 1
43 34 1
43 33 1
43 32 1
44 31 1
44 30 1
44 29 1
44 28 1
44 27 1
44 26 1
42 25 1
41 25 1
40 25 1
39 25 1
38 26 1
37 27 1
36 28 1
35 29 1
34 30 1
33 30 1
32 31 1
31 31 1
30 32 1
29 32 1
28 33 1
27 33 1
26 34 1
25 34 1
24 34 1
23 35 1
22 35 1
21 35 1
20 36 1
19 36 1
18 37 1
17 37 1
16 37 1
15 37 1
14 38 1
13 38 1
12 38 1
.PEN_UP
.PEN_DOWN
43 25 1
46 24 1
47 24 1
48 24 1
49 24 1
50 24 1
51 24 1
52 24 1
53 24 1
54 23 1
55 23 1
57 22 1
58 21 1
59 20 1
60 19 1
61 18 1
62 18 1
63 17 1
64 16 1
65 15 1
66 15 1
67 14 1
67 13 1
68 12 1
68 11 1
68 10 1
69 9 1
70 9 1
71 9 1
72 9 1
.PEN_UP
.PEN_DOWN
68 8 1
68 7 1
68 6 1
67 5 1
67 4 1
67 3 1
66 2 1
65 1 1
.PEN_UP
.PEN_DOWN
56 23 1
56 25 1
55 26 1
55 27 1
55 28 1
55 29 1
54 30 1
54 31 1
54 32 1
54 33 1
53 34 1
52 35 1
52 36 1
51 37 1
50 38 1
50 39 1
49 40 1
48 41 1
47 42 1
47 43 1
47 44 1
46 45 1
46 46 1
46 47 1
46 48 1
45 50 1
44 51 1
43 52 1
42 52 1
41 53 1
41 54 1
40 55 1
39 56 1
38 56 1
37 57 1
36 58 1
35 58 1
34 59 1
33 60 1
32 61 1
31 62 1
30 63 1
29 63 1
28 64 1
27 65 1
26 66 1
25 67 1
22 67 1
21 67 1
20 67 1
19 68 1
18 68 1
17 69 1
16 69 1
15 70 1
14 71 1
13 72 1
12 72 1
11 73 1
10 74 1
9 75 1
8 75 1
7 76 1
6 77 1
5 78 1
4 79 1
3 80 1
2 81 1
2 82 1
2 83 1
1 84 1
2 85 1
3 85 1
4 85 1
5 85 1
6 85 1
7 85 1
8 84 1
9 84 1
10 83 1
11 83 1
12 82 1
13 82 1
14 82 1
15 81 1
16 80 1
17 79 1
18 79 1
19 78 1
20 77 1
21 76 1
22 75 1
22 74 1
23 73 1
23 72 1
23 71 1
24 70 1
24 69 1
24 68 1
.PEN_UP
.PEN_DOWN
46 49 1
48 49 1
49 49 1
50 49 1
51 49 1
52 48 1
53 48 1
54 48 1
55 48 1
56 48 1
57 47 1
58 47 1
59 47 1
60 46 1
61 46 1
62 46 1
63 46 1
64 46 1
65 46 1
66 47 1
67 47 1
68 48 1
68 49 1
68 50 1
67 51 1
67 52 1
67 53 1
67 54 1
66 55 1
66 56 1
65 57 1
64 58 1
64 59 1
64 60 1
63 61 1
63 62 1
62 63 1
61 64 1
61 65 1
60 66 1
60 67 1
59 68 1
58 69 1
58 70 1
58 71 1
57 72 1
56 73 1
55 74 1
55 75 1
54 76 1
54 77 1
54 78 1
53 79 1
53 80 1
53 81 1
53 82 1
52 85 1
51 86 1
50 87 1
49 88 1
48 89 1
47 90 1
47 91 1
46 92 1
46 93 1
45 94 1
45 95 1
44 96 1
44 97 1
44 98 1
44 99 1
43 100 1
43 101 1
43 102 1
42 104 1
41 105 1
40 106 1
39 107 1
38 108 1
38 109 1
37 110 1
.PEN_UP
.PEN_DOWN
43 103 1
45 103 1
46 103 1
47 102 1
48 102 1
49 102 1
50 102 1
51 101 1
52 101 1
53 100 1
54 100 1
55 100 1
56 99 1
57 99 1
59 97 1
59 96 1
59 95 1
59 94 1
60 93 1
61 92 1
62 91 1
62 90 1
63 89 1
63 88 1
63 87 1
63 86 1
64 85 1
64 84 1
62 83 1
61 83 1
60 83 1
59 83 1
58 83 1
57 83 1
56 83 1
55 83 1
54 83 1
.PEN_UP
.PEN_DOWN
58 98 1
59 100 1
60 100 1
61 100 1
62 101 1
62 102 1
62 103 1
62 104 1
61 105 1
61 106 1
61 107 1
60 108 1
60 109 1
59 110 1
58 111 1
58 112 1
57 113 1
56 114 1
56 115 1
55 116 1
54 117 1
53 118 1
53 119 1
52 120 1
52 121 1
51 122 1
51 123 1
50 124 1
50 125 1
49 126 1
49 127 1
49 128 1
48 129 1
48 130 1
48 131 1
48 132 1
48 133 1
48 134 1
.PEN_UP
.PEN_DOWN
50 135 1
51 135 1
52 137 1
53 138 1
54 139 1
55 139 1
56 139 1
57 139 1
58 139 1
59 139 1
60 139 1
61 139 1
62 139 1
63 139 1
64 140 1
65 141 1
65 142 1
66 143 1
66 144 1
65 145 1
65 146 1
65 147 1
65 148 1
64 149 1
64 150 1
63 151 1
63 152 1
62 153 1
62 154 1
61 155 1
61 156 1
60 157 1
59 158 1
59 159 1
59 160 1
59 161 1
58 162 1
58 163 1
58 164 1
58 165 1
57 167 1
56 168 1
55 169 1
54 170 1
53 171 1
53 172 1
52 173 1
51 174 1
51 175 1
50 176 1
50 177 1
49 178 1
49 179 1
48 180 1
47 181 1
47 182 1
47 183 1
46 184 1
45 185 1
45 186 1
44 187 1
44 188 1
43 189 1
43 190 1
42 191 1
42 192 1
42 193 1
41 194 1
41 195 1
41 196 1
40 197 1
40 198 1
39 199 1
39 200 1
38 201 1
.PEN_UP
.PEN_DOWN
58 166 1
60 166 1
61 166 1
62 166 1
63 167 1
64 167 1
65 167 1
66 167 1
67 168 1
68 169 1
69 170 1
69 171 1
70 172 1
70 173 1
70 174 1
70 175 1
70 176 1
69 177 1
69 178 1
69 179 1
69 180 1
69 181 1
69 182 1
69 183 1
68 184 1
68 185 1
68 186 1
67 187 1
67 188 1
67 189 1
66 190 1
66 191 1
65 192 1
65 193 1
64 194 1
64 195 1
63 196 1
63 197 1
63 198 1
62 199 1
62 200 1
61 201 1
60 202 1
60 203 1
60 204 1
59 205 1
.PEN_UP
.PEN_DOWN
52 134 1
53 133 1
54 132 1
55 132 1
56 131 1
57 130 1
58 130 1
59 129 1
60 128 1
61 128 1
.PEN_UP
