.PEN_DOWN
34 32 1
34 31 1
34 30 1
35 29 1
36 28 1
37 27 1
37 26 1
38 25 1
39 24 1
39 23 1
40 22 1
41 21 1
41 20 1
42 19 1
43 18 1
44 17 1
45 16 1
46 15 1
47 14 1
48 13 1
49 12 1
50 11 1
51 10 1
52 9 1
53 9 1
54 8 1
55 8 1
56 8 1
57 8 1
58 8 1
59 8 1
60 8 1
61 8 1
62 9 1
63 10 1
64 11 1
65 12 1
65 13 1
66 14 1
66 15 1
67 16 1
67 17 1
68 18 1
68 19 1
68 20 1
68 21 1
69 22 1
69 23 1
69 24 1
69 25 1
70 26 1
71 27 1
72 27 1
73 28 1
74 28 1
75 27 1
76 26 1
77 25 1
78 24 1
78 23 1
78 22 1
79 21 1
79 20 1
79 19 1
79 18 1
79 17 1
79 16 1
79 15 1
79 14 1
79 13 1
79 12 1
79 11 1
79 10 1
79 9 1
79 8 1
79 7 1
79 6 1
79 5 1
79 4 1
79 3 1
78 2 1
78 1 1
.PEN_UP
.PEN_DOWN
46 68 1
47 67 1
48 67 1
49 67 1
50 66 1
51 66 1
52 66 1
53 65 1
54 65 1
55 64 1
56 63 1
57 63 1
58 62 1
59 62 1
60 62 1
61 61 1
62 61 1
63 61 1
64 61 1
65 63 1
65 64 1
65 65 1
64 66 1
64 67 1
63 68 1
63 69 1
62 70 1
61 71 1
61 72 1
60 73 1
60 74 1
59 75 1
59 76 1
58 77 1
58 78 1
57 79 1
57 80 1
56 81 1
55 82 1
55 83 1
54 84 1
54 85 1
53 86 1
52 87 1
52 88 1
52 89 1
52 90 1
52 91 1
51 92 1
52 93 1
53 93 1
54 93 1
55 93 1
56 93 1
57 92 1
58 92 1
59 92 1
60 92 1
61 92 1
62 91 1
63 91 1
64 91 1
65 93 1
64 94 1
64 95 1
64 96 1
64 97 1
64 98 1
63 99 1
63 100 1
62 101 1
62 102 1
62 103 1
61 104 1
60 105 1
60 106 1
59 107 1
59 108 1
58 109 1
57 110 1
57 111 1
56 112 1
56 113 1
55 114 1
54 115 1
54 116 1
53 117 1
53 118 1
52 119 1
52 120 1
51 121 1
51 122 1
50 123 1
50 124 1
49 125 1
49 126 1
48 127 1
48 128 1
47 129 1
47 130 1
47 131 1
46 132 1
46 133 1
46 134 1
46 135 1
45 136 1
45 137 1
45 138 1
44 139 1
44 140 1
44 141 1
44 142 1
43 143 1
43 144 1
43 145 1
.PEN_UP
.PEN_DOWN
60 149 1
59 150 1
58 151 1
57 152 1
56 153 1
55 154 1
54 155 1
53 156 1
52 157 1
51 158 1
50 159 1
49 159 1
48 160 1
47 161 1
46 161 1
45 162 1
44 162 1
43 163 1
42 163 1
.PEN_UP
.PEN_DOWN
1 180 1
2 180 1
3 179 1
4 178 1
5 178 1
6 177 1
7 177 1
8 177 1
9 177 1
10 176 1
11 176 1
12 176 1
13 176 1
14 176 1
15 175 1
16 175 1
17 175 1
18 174 1
19 174 1
20 174 1
21 174 1
22 173 1
23 173 1
24 173 1
25 173 1
26 173 1
27 173 1
28 172 1
29 172 1
30 172 1
31 172 1
32 172 1
33 172 1
34 172 1
35 172 1
36 172 1
37 172 1
38 172 1
39 171 1
40 171 1
41 171 1
42 171 1
43 171 1
44 170 1
45 170 1
46 170 1
47 170 1
48 170 1
49 170 1
50 170 1
51 170 1
52 170 1
53 170 1
54 170 1
55 170 1
56 170 1
57 170 1
58 170 1
59 171 1
60 172 1
59 173 1
59 174 1
59 175 1
58 176 1
58 177 1
58 178 1
57 179 1
56 180 1
55 181 1
54 182 1
53 183 1
52 184 1
51 185 1
51 186 1
50 187 1
50 188 1
50 189 1
50 190 1
49 191 1
50 192 1
51 193 1
52 194 1
53 194 1
54 194 1
55 194 1
56 194 1
57 195 1
58 195 1
59 196 1
59 197 1
59 198 1
59 199 1
59 200 1
58 201 1
58 202 1
58 203 1
58 204 1
57 205 1
56 206 1
56 207 1
56 208 1
55 209 1
54 210 1
54 211 1
53 212 1
52 213 1
52 214 1
51 215 1
51 216 1
51 217 1
50 218 1
50 219 1
51 220 1
52 220 1
53 220 1
54 220 1
55 220 1
56 220 1
57 220 1
58 220 1
59 220 1
60 220 1
61 219 1
62 219 1
63 219 1
64 219 1
65 219 1
66 218 1
67 218 1
68 219 1
69 219 1
.PEN_UP
.PEN_DOWN
55 243 1
56 242 1
57 242 1
58 241 1
59 240 1
60 240 1
61 239 1
62 239 1
63 238 1
64 238 1
65 238 1
66 237 1
67 237 1
68 237 1
69 236 1
70 236 1
71 236 1
72 236 1
73 237 1
73 238 1
73 239 1
73 240 1
72 241 1
72 242 1
72 243 1
71 244 1
70 245 1
70 246 1
69 247 1
68 248 1
68 249 1
67 250 1
66 251 1
65 252 1
65 253 1
64 254 1
63 255 1
62 256 1
61 257 1
61 258 1
60 259 1
59 260 1
58 261 1
57 262 1
56 263 1
56 264 1
55 265 1
54 266 1
53 267 1
52 268 1
52 269 1
51 270 1
51 271 1
51 272 1
50 273 1
50 274 1
51 275 1
52 275 1
53 275 1
54 275 1
55 274 1
56 274 1
57 274 1
58 274 1
59 273 1
60 273 1
61 273 1
62 273 1
63 273 1
64 273 1
65 273 1
67 272 1
68 271 1
69 271 1
70 270 1
71 269 1
.PEN_UP
.PEN_DOWN
66 273 1
66 275 1
66 276 1
65 277 1
65 278 1
65 279 1
64 280 1
63 281 1
62 282 1
61 283 1
60 284 1
59 285 1
58 286 1
57 287 1
56 288 1
56 289 1
55 290 1
55 291 1
55 292 1
54 293 1
55 294 1
56 294 1
57 294 1
58 294 1
59 294 1
60 293 1
61 293 1
62 293 1
63 293 1
64 293 1
65 293 1
66 293 1
67 293 1
68 293 1
69 294 1
69 295 1
69 296 1
68 297 1
68 298 1
68 299 1
67 300 1
67 301 1
66 302 1
66 303 1
66 304 1
65 305 1
65 306 1
64 307 1
64 308 1
63 309 1
63 310 1
63 311 1
62 312 1
62 313 1
62 314 1
61 315 1
61 316 1
60 317 1
60 318 1
60 319 1
59 320 1
59 321 1
59 322 1
59 323 1
59 324 1
59 325 1
59 326 1
59 327 1
59 328 1
60 329 1
61 330 1
62 331 1
64 331 1
65 330 1
66 330 1
67 330 1
68 329 1
68 328 1
.PEN_UP
.PEN_DOWN
63 331 1
62 333 1
61 334 1
61 335 1
60 336 1
59 337 1
59 338 1
58 339 1
57 340 1
56 341 1
55 342 1
54 343 1
53 344 1
52 345 1
51 345 1
50 345 1
49 346 1
48 347 1
47 348 1
47 349 1
46 350 1
46 351 1
45 352 1
43 353 1
42 353 1
41 353 1
40 354 1
39 354 1
38 354 1
37 355 1
36 355 1
35 355 1
34 356 1
33 356 1
32 356 1
31 356 1
30 357 1
29 357 1
28 357 1
27 357 1
26 358 1
25 358 1
24 358 1
23 358 1
22 359 1
21 359 1
20 359 1
19 360 1
18 360 1
17 360 1
16 360 1
15 361 1
14 361 1
.PEN_UP
.PEN_DOWN
44 353 1
47 353 1
48 353 1
49 353 1
50 353 1
51 353 1
52 353 1
53 353 1
54 354 1
55 354 1
56 354 1
57 354 1
58 355 1
59 356 1
60 357 1
60 358 1
60 359 1
59 360 1
59 361 1
58 362 1
58 363 1
57 364 1
57 365 1
56 366 1
55 367 1
54 368 1
54 369 1
53 370 1
52 371 1
52 372 1
51 373 1
50 374 1
49 375 1
49 376 1
48 377 1
48 378 1
48 379 1
48 380 1
48 381 1
49 382 1
50 382 1
51 382 1
52 383 1
53 383 1
54 384 1
55 384 1
56 385 1
57 386 1
58 387 1
58 388 1
58 389 1
58 390 1
58 391 1
58 392 1
58 393 1
58 394 1
58 395 1
58 396 1
58 397 1
58 398 1
58 399 1
58 400 1
58 401 1
58 402 1
58 403 1
58 404 1
58 405 1
58 406 1
58 407 1
58 408 1
58 409 1
58 410 1
58 411 1
59 412 1
60 412 1
61 412 1
62 412 1
63 411 1
64 411 1
65 410 1
66 409 1
67 409 1
68 408 1
69 407 1
70 406 1
71 406 1
72 406 1
73 405 1
74 405 1
75 405 1
76 404 1
77 404 1
78 404 1
79 404 1
80 403 1
81 403 1
82 403 1
83 403 1
84 403 1
85 402 1
86 402 1
87 402 1
88 401 1
89 401 1
90 401 1
91 401 1
92 401 1
93 401 1
94 401 1
95 401 1
96 400 1
97 400 1
98 400 1
99 400 1
100 400 1
101 400 1
102 400 1
103 400 1
104 400 1
105 400 1
106 400 1
107 400 1
108 400 1
109 400 1
110 400 1
111 400 1
112 400 1
113 400 1
114 400 1
115 400 1
116 400 1
117 401 1
118 401 1
119 401 1
120 401 1
121 401 1
122 401 1
123 401 1
124 401 1
125 401 1
126 401 1
127 401 1
128 401 1
129 401 1
130 401 1
131 401 1
132 402 1
135 402 1
136 402 1
137 402 1
138 402 1
139 402 1
140 402 1
141 402 1
142 402 1
143 402 1
144 402 1
145 402 1
146 402 1
147 402 1
148 402 1
149 402 1
150 402 1
151 402 1
152 402 1
153 402 1
154 402 1
155 402 1
156 402 1
157 402 1
158 402 1
159 402 1
160 402 1
161 402 1
162 402 1
163 401 1
164 401 1
165 401 1
166 401 1
167 401 1
168 401 1
169 400 1
170 400 1
171 399 1
172 399 1
173 398 1
174 397 1
174 396 1
175 395 1
176 394 1
176 393 1
177 392 1
177 391 1
177 390 1
178 389 1
178 388 1
178 387 1
178 386 1
178 385 1
178 384 1
178 383 1
178 382 1
178 381 1
178 380 1
178 379 1
178 378 1
178 377 1
178 376 1
178 375 1
178 374 1
177 373 1
177 372 1
177 371 1
177 370 1
177 369 1
176 368 1
176 367 1
176 366 1
175 365 1
175 364 1
175 363 1
175 362 1
174 361 1
174 360 1
174 359 1
174 358 1
174 357 1
174 356 1
173 355 1
173 354 1
172 353 1
172 352 1
172 351 1
171 350 1
171 349 1
171 348 1
171 347 1
170 346 1
170 345 1
170 344 1
170 343 1
169 342 1
169 341 1
168 340 1
168 339 1
168 338 1
167 337 1
167 336 1
167 335 1
166 334 1
166 333 1
165 332 1
165 331 1
164 330 1
163 329 1
163 328 1
162 327 1
161 326 1
160 325 1
159 324 1
158 324 1
157 324 1
156 324 1
155 325 1
154 326 1
153 327 1
152 328 1
151 329 1
150 330 1
150 331 1
149 332 1
148 333 1
148 334 1
147 335 1
147 336 1
147 337 1
147 338 1
146 339 1
146 340 1
145 341 1
145 342 1
145 343 1
145 344 1
144 345 1
144 346 1
144 347 1
144 348 1
143 349 1
143 350 1
143 351 1
143 352 1
142 353 1
142 354 1
142 355 1
142 356 1
141 357 1
141 358 1
141 359 1
141 360 1
140 361 1
140 362 1
140 363 1
140 364 1
140 365 1
139 366 1
139 367 1
139 368 1
139 369 1
138 370 1
138 371 1
138 372 1
138 373 1
138 374 1
138 375 1
137 376 1
137 377 1
137 378 1
137 379 1
137 380 1
136 381 1
136 382 1
136 383 1
136 384 1
136 385 1
136 386 1
135 387 1
135 388 1
135 389 1
135 390 1
134 391 1
134 392 1
134 393 1
134 394 1
134 395 1
134 396 1
134 397 1
134 398 1
134 399 1
133 400 1
133 401 1
131 403 1
131 404 1
131 405 1
131 406 1
131 407 1
131 408 1
131 409 1
130 410 1
130 411 1
130 412 1
130 413 1
130 414 1
129 415 1
129 416 1
129 417 1
129 418 1
128 419 1
128 420 1
128 421 1
128 422 1
128 423 1
127 424 1
127 425 1
127 426 1
127 427 1
127 428 1
127 429 1
127 430 1
126 431 1
126 432 1
126 433 1
126 434 1
126 435 1
125 436 1
125 437 1
125 438 1
125 439 1
125 440 1
124 441 1
124 442 1
124 443 1
124 444 1
124 445 1
124 446 1
123 447 1
123 448 1
123 449 1
123 450 1
123 451 1
122 452 1
122 453 1
122 454 1
122 455 1
121 456 1
.PEN_UP
