.PEN_DOWN
3 14 1
3 15 1
3 16 1
4 17 1
4 18 1
5 19 1
6 20 1
7 21 1
8 22 1
9 23 1
10 23 1
11 24 1
12 25 1
13 25 1
14 26 1
15 27 1
16 27 1
17 28 1
18 28 1
19 29 1
20 29 1
21 29 1
22 29 1
23 29 1
24 30 1
25 30 1
26 30 1
27 30 1
28 30 1
29 29 1
30 29 1
31 28 1
32 28 1
33 27 1
34 26 1
35 25 1
35 24 1
36 23 1
37 22 1
37 21 1
37 20 1
38 19 1
38 18 1
38 17 1
39 16 1
39 15 1
39 14 1
39 13 1
40 12 1
40 11 1
40 10 1
40 9 1
40 8 1
40 7 1
40 6 1
39 5 1
38 4 1
38 3 1
37 2 1
36 2 1
35 2 1
34 1 1
33 1 1
32 1 1
31 1 1
30 1 1
29 1 1
28 1 1
27 2 1
26 2 1
25 2 1
24 2 1
23 2 1
22 2 1
21 2 1
20 3 1
19 4 1
18 4 1
17 5 1
16 6 1
15 6 1
14 7 1
13 7 1
12 8 1
11 8 1
10 9 1
8 11 1
7 12 1
6 13 1
5 13 1
4 13 1
.PEN_UP
.PEN_DOWN
9 9 1
8 8 1
7 7 1
6 7 1
5 7 1
4 7 1
3 7 1
2 8 1
1 9 1
1 10 1
1 11 1
1 12 1
2 13 1
.PEN_UP
