.PEN_DOWN
49 36 1
48 36 1
47 36 1
46 35 1
45 34 1
44 34 1
43 33 1
42 33 1
41 32 1
40 32 1
39 31 1
38 31 1
37 30 1
36 29 1
35 28 1
34 27 1
33 26 1
32 25 1
31 24 1
30 25 1
29 25 1
28 25 1
27 26 1
26 26 1
25 26 1
24 27 1
23 27 1
22 28 1
21 28 1
20 28 1
19 28 1
18 28 1
17 28 1
16 28 1
15 28 1
14 28 1
13 28 1
12 28 1
11 28 1
10 28 1
9 28 1
8 28 1
7 27 1
6 27 1
5 26 1
4 25 1
3 24 1
3 23 1
2 22 1
1 21 1
1 20 1
1 19 1
1 18 1
1 17 1
1 16 1
2 15 1
3 14 1
4 13 1
3 11 1
3 10 1
3 9 1
3 8 1
4 7 1
4 6 1
5 5 1
6 4 1
7 4 1
8 4 1
9 4 1
10 3 1
11 3 1
12 4 1
12 5 1
12 6 1
11 7 1
11 8 1
10 9 1
9 10 1
8 11 1
7 11 1
6 11 1
5 12 1
.PEN_UP
.PEN_DOWN
31 23 1
31 22 1
31 21 1
31 20 1
31 19 1
30 17 1
30 16 1
30 15 1
30 14 1
30 13 1
30 12 1
30 11 1
30 10 1
30 9 1
30 8 1
31 7 1
31 6 1
31 5 1
32 4 1
32 3 1
33 2 1
34 2 1
35 1 1
36 1 1
37 1 1
38 2 1
39 2 1
40 3 1
40 4 1
40 5 1
40 6 1
40 7 1
40 8 1
40 9 1
39 10 1
39 11 1
38 12 1
38 13 1
37 14 1
37 15 1
36 16 1
35 17 1
34 17 1
33 18 1
32 18 1
.PEN_UP
