.PEN_DOWN
4 5 1
4 6 1
3 7 1
3 8 1
2 9 1
1 10 1
1 11 1
1 12 1
2 13 1
2 14 1
3 15 1
3 16 1
4 17 1
5 18 1
6 19 1
7 20 1
8 21 1
9 21 1
10 22 1
11 22 1
12 23 1
13 23 1
14 23 1
15 24 1
16 24 1
17 24 1
18 24 1
19 24 1
20 24 1
21 24 1
22 24 1
23 24 1
24 23 1
25 23 1
26 23 1
27 23 1
28 23 1
29 23 1
30 22 1
31 22 1
32 21 1
33 21 1
34 21 1
35 20 1
36 19 1
37 18 1
38 18 1
39 17 1
40 16 1
41 15 1
42 14 1
43 13 1
44 12 1
44 11 1
44 10 1
44 9 1
44 8 1
43 7 1
43 6 1
42 5 1
41 4 1
40 3 1
39 3 1
38 3 1
37 3 1
36 2 1
35 2 1
34 2 1
33 1 1
32 1 1
31 1 1
30 1 1
29 1 1
28 1 1
27 1 1
26 1 1
25 1 1
24 1 1
23 1 1
22 1 1
21 1 1
20 1 1
19 1 1
18 1 1
17 1 1
16 1 1
15 1 1
14 1 1
13 1 1
12 1 1
11 2 1
10 2 1
9 2 1
8 3 1
7 3 1
6 3 1
5 4 1
.PEN_UP
