.PEN_DOWN
6 2 1
5 3 1
4 4 1
3 5 1
2 6 1
1 7 1
1 8 1
1 9 1
1 10 1
1 11 1
1 12 1
1 13 1
2 14 1
2 15 1
2 16 1
2 17 1
2 18 1
2 19 1
3 20 1
4 21 1
5 22 1
6 22 1
7 22 1
8 22 1
9 22 1
10 22 1
11 22 1
12 22 1
13 21 1
14 20 1
15 20 1
16 19 1
17 19 1
18 18 1
19 17 1
20 16 1
21 15 1
22 14 1
23 14 1
24 13 1
25 13 1
26 12 1
27 13 1
28 14 1
29 15 1
30 16 1
30 17 1
31 18 1
31 19 1
32 20 1
33 21 1
34 21 1
35 22 1
36 22 1
.PEN_UP
.PEN_DOWN
26 11 1
26 10 1
27 9 1
27 8 1
27 7 1
27 6 1
28 5 1
28 4 1
29 3 1
29 2 1
30 1 1
.PEN_UP
