.PEN_DOWN
17 41 1
18 40 1
18 39 1
19 38 1
20 37 1
21 36 1
22 35 1
23 34 1
23 33 1
23 32 1
24 31 1
24 30 1
24 29 1
24 28 1
25 27 1
25 26 1
25 25 1
25 24 1
25 23 1
25 22 1
25 21 1
25 20 1
25 19 1
25 18 1
25 17 1
25 16 1
25 15 1
26 14 1
26 13 1
26 12 1
26 11 1
25 10 1
25 9 1
25 8 1
24 7 1
24 6 1
23 5 1
22 5 1
21 4 1
20 4 1
19 3 1
17 2 1
16 1 1
15 1 1
14 1 1
13 1 1
12 1 1
11 1 1
10 1 1
9 2 1
8 2 1
7 3 1
6 3 1
5 4 1
4 5 1
4 6 1
3 7 1
2 8 1
2 9 1
2 10 1
1 11 1
1 12 1
1 13 1
1 14 1
1 15 1
1 16 1
1 17 1
1 18 1
1 19 1
1 20 1
1 21 1
1 22 1
2 23 1
2 24 1
3 25 1
4 25 1
5 26 1
6 26 1
7 26 1
8 26 1
9 26 1
10 26 1
11 25 1
12 24 1
13 23 1
14 22 1
14 21 1
14 20 1
15 19 1
15 18 1
15 17 1
16 16 1
16 15 1
16 14 1
17 13 1
17 12 1
17 11 1
17 10 1
17 9 1
17 8 1
17 7 1
17 6 1
17 5 1
18 4 1
.PEN_UP
