.PEN_DOWN
12 9 1
13 9 1
14 9 1
15 9 1
16 9 1
17 9 1
18 10 1
19 10 1
20 11 1
20 12 1
20 13 1
19 14 1
18 15 1
17 16 1
16 17 1
15 18 1
14 18 1
13 19 1
11 18 1
10 18 1
9 17 1
8 17 1
7 17 1
6 17 1
5 18 1
5 19 1
4 20 1
4 21 1
4 22 1
6 23 1
7 23 1
8 24 1
9 24 1
10 25 1
11 25 1
12 26 1
13 26 1
14 27 1
15 27 1
16 27 1
17 27 1
18 27 1
19 27 1
20 27 1
21 27 1
22 27 1
23 27 1
24 27 1
25 27 1
26 27 1
27 27 1
28 27 1
29 26 1
30 26 1
31 26 1
32 26 1
33 26 1
34 25 1
35 25 1
.PEN_UP
.PEN_DOWN
12 24 1
12 23 1
12 22 1
12 21 1
12 20 1
.PEN_UP
.PEN_DOWN
4 23 1
3 24 1
3 25 1
2 26 1
1 27 1
1 28 1
1 29 1
1 30 1
2 31 1
3 32 1
.PEN_UP
.PEN_DOWN
21 10 1
22 9 1
23 8 1
24 7 1
24 6 1
25 5 1
25 4 1
26 3 1
26 2 1
26 1 1
.PEN_UP
.PEN_DOWN
39 24 1
40 24 1
41 24 1
42 24 1
.PEN_UP
