.PEN_DOWN
1 23 1
2 22 1
3 21 1
4 20 1
4 19 1
4 18 1
5 17 1
6 16 1
7 15 1
9 14 1
10 13 1
11 13 1
12 13 1
13 13 1
14 12 1
15 12 1
16 11 1
17 10 1
18 9 1
17 8 1
16 7 1
15 6 1
15 5 1
14 4 1
13 4 1
12 3 1
11 3 1
10 2 1
9 2 1
8 3 1
7 4 1
6 5 1
5 6 1
5 7 1
5 8 1
5 9 1
5 10 1
5 11 1
6 12 1
6 13 1
7 14 1
.PEN_UP
.PEN_DOWN
19 9 1
20 9 1
22 10 1
23 11 1
24 12 1
25 12 1
26 12 1
27 13 1
28 13 1
29 13 1
30 13 1
31 13 1
32 13 1
33 13 1
34 13 1
35 13 1
36 12 1
37 12 1
38 12 1
39 11 1
40 11 1
41 10 1
42 9 1
43 8 1
44 7 1
44 6 1
43 5 1
43 4 1
42 3 1
41 2 1
40 2 1
39 1 1
38 1 1
37 1 1
36 1 1
35 1 1
34 1 1
33 1 1
32 2 1
31 2 1
30 2 1
29 3 1
28 3 1
27 3 1
26 4 1
25 5 1
24 5 1
23 6 1
22 7 1
21 8 1
.PEN_UP
