.PEN_DOWN
17 1 1
18 2 1
19 3 1
20 4 1
20 5 1
20 6 1
20 7 1
20 8 1
20 9 1
19 10 1
19 11 1
18 12 1
18 13 1
17 14 1
17 15 1
17 16 1
16 17 1
17 18 1
18 19 1
19 19 1
20 20 1
21 21 1
22 22 1
23 23 1
23 24 1
24 25 1
24 26 1
24 27 1
25 28 1
25 29 1
25 30 1
25 31 1
25 32 1
25 33 1
25 34 1
25 35 1
26 36 1
26 37 1
26 38 1
26 39 1
27 40 1
27 41 1
.PEN_UP
.PEN_DOWN
15 17 1
14 18 1
13 17 1
12 17 1
11 17 1
10 17 1
9 17 1
8 17 1
7 18 1
6 18 1
5 19 1
4 19 1
3 20 1
3 21 1
2 22 1
2 23 1
2 24 1
1 25 1
1 26 1
1 27 1
1 28 1
1 29 1
1 30 1
1 31 1
1 32 1
2 33 1
3 33 1
4 33 1
5 33 1
6 32 1
7 32 1
8 31 1
8 30 1
9 29 1
10 28 1
11 27 1
11 26 1
12 25 1
13 24 1
13 23 1
13 22 1
13 21 1
14 20 1
14 19 1
.PEN_UP
