.PEN_DOWN
2 1 1
2 2 1
1 3 1
1 4 1
1 5 1
1 6 1
1 7 1
1 8 1
1 9 1
1 10 1
1 11 1
1 12 1
1 13 1
1 14 1
2 15 1
2 16 1
2 17 1
3 18 1
4 19 1
5 19 1
6 19 1
7 19 1
8 19 1
9 18 1
10 18 1
11 18 1
12 17 1
13 17 1
14 17 1
15 16 1
16 16 1
18 17 1
19 18 1
19 19 1
20 20 1
20 21 1
20 22 1
21 23 1
22 24 1
23 25 1
23 26 1
24 27 1
25 28 1
26 29 1
27 29 1
28 29 1
29 30 1
30 30 1
31 30 1
32 29 1
33 28 1
34 27 1
34 26 1
35 25 1
35 24 1
35 23 1
36 22 1
36 21 1
36 20 1
36 19 1
36 18 1
37 17 1
37 16 1
37 15 1
37 14 1
37 13 1
37 12 1
37 11 1
37 10 1
37 9 1
37 8 1
37 7 1
.PEN_UP
.PEN_DOWN
17 15 1
17 14 1
17 13 1
17 12 1
17 11 1
17 10 1
17 9 1
17 8 1
17 7 1
.PEN_UP
