.PEN_DOWN
7 7 1
6 8 1
5 9 1
4 10 1
3 11 1
3 12 1
3 13 1
3 14 1
3 15 1
2 16 1
2 17 1
2 18 1
2 19 1
1 20 1
1 21 1
2 22 1
3 23 1
4 24 1
5 24 1
6 24 1
7 24 1
8 25 1
9 25 1
10 25 1
11 26 1
12 26 1
13 26 1
14 26 1
15 25 1
16 25 1
17 25 1
18 24 1
19 24 1
20 24 1
21 24 1
22 23 1
23 22 1
24 21 1
25 20 1
25 19 1
26 18 1
27 17 1
27 16 1
28 15 1
28 14 1
28 13 1
28 12 1
29 11 1
29 10 1
29 9 1
29 8 1
29 7 1
28 6 1
28 5 1
27 4 1
26 3 1
25 2 1
24 2 1
23 1 1
22 1 1
21 1 1
20 1 1
19 1 1
18 1 1
17 1 1
16 2 1
15 2 1
14 2 1
13 3 1
12 3 1
11 4 1
10 5 1
9 5 1
8 6 1
.PEN_UP
