.PEN_DOWN
8 8 1
7 9 1
6 10 1
5 11 1
4 12 1
3 13 1
2 14 1
2 15 1
1 16 1
1 17 1
1 18 1
2 19 1
3 20 1
4 21 1
5 22 1
6 22 1
7 22 1
8 22 1
9 22 1
10 22 1
11 22 1
12 22 1
13 22 1
14 22 1
15 22 1
16 22 1
17 22 1
18 22 1
19 22 1
20 22 1
21 22 1
22 22 1
23 21 1
24 21 1
25 20 1
26 19 1
27 18 1
28 17 1
28 16 1
29 15 1
29 14 1
29 13 1
29 12 1
29 11 1
29 10 1
29 9 1
29 8 1
29 7 1
29 6 1
29 5 1
28 4 1
27 3 1
26 2 1
25 2 1
24 2 1
23 1 1
22 1 1
21 1 1
20 1 1
19 1 1
18 1 1
17 1 1
16 2 1
15 3 1
14 4 1
13 4 1
12 5 1
11 5 1
10 6 1
9 7 1
.PEN_UP
