.PEN_DOWN
6 1 1
6 2 1
6 3 1
5 4 1
5 5 1
4 6 1
4 7 1
4 8 1
3 9 1
3 10 1
3 11 1
3 12 1
3 13 1
2 14 1
1 15 1
1 16 1
1 17 1
1 18 1
1 19 1
1 20 1
2 21 1
3 22 1
4 22 1
5 22 1
6 22 1
7 22 1
8 22 1
9 22 1
10 22 1
11 22 1
12 22 1
13 22 1
14 22 1
15 22 1
16 22 1
17 22 1
18 22 1
19 21 1
20 21 1
21 21 1
22 20 1
23 19 1
24 19 1
25 19 1
26 19 1
27 18 1
28 18 1
29 17 1
30 16 1
31 16 1
32 16 1
33 16 1
34 16 1
35 15 1
36 15 1
37 14 1
38 14 1
39 13 1
40 13 1
41 12 1
42 12 1
43 11 1
44 10 1
45 10 1
46 9 1
47 9 1
48 8 1
49 8 1
50 7 1
51 7 1
52 7 1
53 6 1
.PEN_UP
