.PEN_DOWN
3 11 1
2 12 1
2 13 1
2 14 1
2 15 1
2 16 1
1 17 1
1 18 1
1 19 1
1 20 1
1 21 1
1 22 1
1 23 1
1 24 1
1 25 1
1 26 1
2 27 1
2 28 1
3 29 1
4 30 1
5 30 1
6 30 1
7 30 1
8 30 1
9 30 1
10 29 1
11 28 1
12 28 1
13 27 1
14 26 1
15 25 1
16 24 1
17 23 1
18 22 1
19 21 1
20 20 1
21 19 1
22 18 1
22 17 1
23 16 1
24 15 1
24 14 1
24 13 1
25 12 1
26 11 1
27 11 1
28 10 1
29 10 1
30 9 1
30 8 1
30 7 1
30 6 1
31 5 1
31 4 1
32 3 1
32 2 1
32 1 1
.PEN_UP
.PEN_DOWN
30 11 1
31 12 1
31 13 1
31 14 1
31 15 1
31 16 1
31 17 1
31 18 1
31 19 1
31 20 1
31 21 1
30 22 1
30 23 1
30 24 1
30 25 1
29 26 1
29 27 1
29 28 1
29 29 1
.PEN_UP
