.PEN_DOWN
6 15 1
5 16 1
5 17 1
4 18 1
3 19 1
2 20 1
.PEN_UP
.PEN_DOWN
1 27 1
2 28 1
3 28 1
4 28 1
5 28 1
6 28 1
7 29 1
8 29 1
9 28 1
10 28 1
11 28 1
12 28 1
13 28 1
14 28 1
15 28 1
16 28 1
17 28 1
18 27 1
19 27 1
20 27 1
21 26 1
22 25 1
23 25 1
24 25 1
25 25 1
26 24 1
27 23 1
29 20 1
30 20 1
31 19 1
32 19 1
33 18 1
34 17 1
35 16 1
36 15 1
37 14 1
37 13 1
37 12 1
38 11 1
39 10 1
39 9 1
39 8 1
40 7 1
40 6 1
39 5 1
39 4 1
38 3 1
37 3 1
36 2 1
35 1 1
34 1 1
33 1 1
32 1 1
31 1 1
30 2 1
29 2 1
28 3 1
27 4 1
26 5 1
26 6 1
26 7 1
25 8 1
25 9 1
25 10 1
25 11 1
25 12 1
25 13 1
25 14 1
25 15 1
25 16 1
25 17 1
25 18 1
26 19 1
26 20 1
27 21 1
28 24 1
29 25 1
30 26 1
31 27 1
32 28 1
33 29 1
34 30 1
.PEN_UP
