.PEN_DOWN
17 23 1
17 22 1
17 21 1
17 20 1
17 19 1
17 18 1
16 17 1
15 17 1
14 17 1
13 17 1
12 17 1
11 18 1
10 18 1
9 18 1
8 18 1
7 18 1
6 18 1
5 18 1
4 18 1
3 18 1
2 18 1
1 17 1
2 16 1
2 15 1
2 14 1
3 13 1
3 12 1
4 11 1
5 10 1
6 9 1
7 8 1
8 7 1
9 6 1
10 5 1
11 4 1
12 3 1
13 2 1
14 2 1
15 2 1
16 1 1
17 2 1
18 3 1
18 4 1
19 5 1
19 6 1
19 7 1
19 8 1
19 9 1
19 10 1
19 11 1
20 12 1
22 13 1
23 13 1
24 13 1
25 13 1
26 13 1
27 13 1
28 13 1
29 13 1
.PEN_UP
.PEN_DOWN
20 13 1
19 14 1
18 15 1
17 16 1
.PEN_UP
