.PEN_DOWN
28 1 1
29 1 1
30 2 1
31 2 1
32 3 1
33 4 1
34 4 1
35 5 1
36 6 1
37 7 1
38 7 1
39 8 1
40 9 1
41 10 1
42 11 1
43 12 1
44 12 1
45 13 1
46 14 1
47 15 1
48 16 1
49 17 1
50 18 1
49 19 1
49 20 1
48 21 1
47 21 1
46 22 1
45 22 1
44 22 1
43 22 1
42 23 1
41 24 1
40 24 1
39 24 1
38 25 1
37 25 1
36 25 1
35 26 1
34 26 1
33 26 1
32 27 1
31 27 1
30 28 1
29 28 1
28 28 1
27 29 1
26 30 1
25 30 1
24 31 1
23 31 1
22 31 1
21 32 1
20 32 1
19 33 1
18 33 1
17 34 1
16 34 1
15 34 1
14 34 1
13 35 1
12 35 1
11 36 1
10 36 1
9 37 1
8 37 1
7 37 1
6 38 1
5 38 1
4 39 1
3 39 1
2 40 1
1 41 1
.PEN_UP
