.PEN_DOWN
1 27 1
1 26 1
1 25 1
1 24 1
2 23 1
2 22 1
2 21 1
3 20 1
4 19 1
4 18 1
5 17 1
6 16 1
6 15 1
7 14 1
8 13 1
8 12 1
9 11 1
10 10 1
11 9 1
12 9 1
13 8 1
14 8 1
15 7 1
16 7 1
17 7 1
18 7 1
19 7 1
20 7 1
21 7 1
22 7 1
23 7 1
24 7 1
25 7 1
26 8 1
27 9 1
28 10 1
28 12 1
27 13 1
26 14 1
25 15 1
24 16 1
23 17 1
22 18 1
22 19 1
21 20 1
20 21 1
20 22 1
19 23 1
18 24 1
17 25 1
16 26 1
15 27 1
15 28 1
14 29 1
13 30 1
13 31 1
12 32 1
11 33 1
10 34 1
9 35 1
8 36 1
7 36 1
6 37 1
5 37 1
4 38 1
.PEN_UP
.PEN_DOWN
30 10 1
31 10 1
33 11 1
34 11 1
35 12 1
36 12 1
37 12 1
38 12 1
39 12 1
40 12 1
41 12 1
42 12 1
43 12 1
44 11 1
45 10 1
45 9 1
46 8 1
47 7 1
47 6 1
47 5 1
48 4 1
48 3 1
47 2 1
46 1 1
45 1 1
44 1 1
43 1 1
42 1 1
41 2 1
40 2 1
39 2 1
38 3 1
37 4 1
36 4 1
35 5 1
34 6 1
33 7 1
33 8 1
32 9 1
.PEN_UP
