.PEN_DOWN
7 11 1
8 10 1
9 9 1
10 8 1
11 7 1
12 7 1
13 6 1
14 5 1
15 4 1
16 4 1
17 3 1
18 3 1
19 2 1
20 1 1
21 1 1
22 1 1
23 1 1
24 1 1
25 2 1
26 3 1
26 4 1
27 5 1
27 6 1
27 7 1
27 8 1
27 9 1
27 10 1
27 11 1
26 12 1
26 13 1
26 14 1
25 15 1
24 16 1
24 17 1
23 18 1
22 19 1
22 20 1
22 21 1
21 22 1
19 24 1
18 25 1
17 25 1
16 25 1
15 25 1
14 25 1
13 25 1
12 26 1
11 27 1
10 27 1
9 27 1
8 27 1
7 27 1
6 27 1
5 27 1
4 27 1
3 27 1
2 27 1
1 27 1
.PEN_UP
.PEN_DOWN
20 23 1
22 24 1
23 25 1
24 25 1
25 25 1
.PEN_UP
