.PEN_DOWN
25 27 1
26 28 1
26 29 1
26 30 1
26 31 1
25 32 1
25 33 1
25 34 1
24 35 1
23 36 1
23 37 1
23 38 1
22 39 1
21 40 1
21 41 1
20 42 1
20 43 1
19 44 1
18 45 1
18 46 1
17 47 1
16 48 1
15 49 1
14 50 1
13 51 1
13 52 1
12 53 1
11 53 1
10 54 1
9 54 1
8 55 1
7 56 1
6 56 1
5 56 1
4 56 1
3 56 1
2 55 1
1 54 1
1 53 1
1 52 1
1 51 1
1 50 1
1 49 1
1 48 1
1 47 1
1 46 1
1 45 1
2 44 1
2 43 1
2 42 1
2 41 1
2 40 1
3 39 1
3 38 1
3 37 1
3 36 1
4 35 1
4 34 1
4 33 1
5 32 1
5 31 1
5 30 1
6 29 1
6 28 1
6 27 1
7 26 1
7 25 1
7 24 1
8 23 1
8 22 1
8 21 1
9 20 1
10 20 1
11 19 1
12 19 1
13 19 1
14 18 1
15 18 1
16 18 1
17 18 1
18 17 1
19 17 1
20 17 1
21 17 1
22 16 1
23 16 1
24 16 1
25 16 1
26 15 1
27 15 1
28 15 1
29 15 1
30 14 1
31 14 1
32 14 1
33 13 1
34 13 1
35 12 1
36 12 1
37 12 1
38 11 1
39 11 1
40 11 1
41 10 1
42 10 1
43 9 1
44 9 1
45 9 1
46 9 1
47 8 1
48 8 1
49 7 1
50 6 1
51 6 1
52 6 1
53 5 1
54 5 1
55 4 1
56 4 1
57 4 1
58 3 1
59 2 1
60 2 1
61 2 1
62 1 1
.PEN_UP
