.PEN_DOWN
11 16 1
11 17 1
10 18 1
9 18 1
8 19 1
7 20 1
7 21 1
7 22 1
6 23 1
6 24 1
6 25 1
5 26 1
5 27 1
5 28 1
4 29 1
4 30 1
4 31 1
4 32 1
3 33 1
3 34 1
3 35 1
3 36 1
2 37 1
2 38 1
2 39 1
2 40 1
1 41 1
1 42 1
1 43 1
1 44 1
1 45 1
1 46 1
1 47 1
2 48 1
2 49 1
2 50 1
2 51 1
2 52 1
2 53 1
.PEN_UP
.PEN_DOWN
12 18 1
13 19 1
14 20 1
15 21 1
15 22 1
16 23 1
16 24 1
16 25 1
17 26 1
18 27 1
19 28 1
20 29 1
21 30 1
22 31 1
23 32 1
24 32 1
25 32 1
26 33 1
27 33 1
28 34 1
29 34 1
30 34 1
31 34 1
32 34 1
33 34 1
34 34 1
35 34 1
36 33 1
37 33 1
38 33 1
39 32 1
40 31 1
41 30 1
41 29 1
41 28 1
41 27 1
41 26 1
41 25 1
41 24 1
41 23 1
41 22 1
41 21 1
41 20 1
41 19 1
41 18 1
40 17 1
40 16 1
39 15 1
38 14 1
38 13 1
37 12 1
37 11 1
36 10 1
35 9 1
35 8 1
34 7 1
34 6 1
33 5 1
33 4 1
34 3 1
35 2 1
36 1 1
37 1 1
.PEN_UP
