.PEN_DOWN
23 30 1
24 29 1
24 28 1
25 27 1
25 26 1
25 25 1
26 24 1
26 23 1
27 22 1
27 21 1
27 20 1
27 19 1
27 18 1
27 17 1
27 16 1
26 15 1
26 14 1
26 13 1
26 12 1
25 11 1
25 10 1
25 9 1
24 8 1
24 7 1
23 6 1
23 5 1
22 4 1
21 3 1
20 3 1
19 2 1
18 2 1
17 2 1
16 1 1
15 1 1
14 2 1
13 3 1
12 2 1
11 1 1
10 2 1
9 2 1
8 2 1
7 3 1
6 3 1
5 4 1
4 5 1
3 6 1
3 7 1
2 8 1
2 9 1
2 10 1
1 11 1
1 12 1
1 13 1
1 14 1
1 15 1
1 16 1
2 17 1
2 18 1
3 19 1
4 20 1
5 20 1
6 20 1
7 20 1
8 20 1
9 20 1
10 19 1
11 18 1
12 17 1
12 16 1
12 15 1
12 14 1
12 13 1
12 12 1
12 11 1
12 10 1
13 9 1
13 8 1
13 7 1
13 6 1
13 5 1
13 4 1
.PEN_UP
