.PEN_DOWN
3 12 1
3 13 1
3 14 1
2 15 1
2 16 1
2 17 1
2 18 1
2 19 1
2 20 1
2 21 1
2 22 1
1 23 1
1 24 1
1 25 1
1 26 1
1 27 1
1 28 1
1 29 1
2 30 1
2 31 1
3 32 1
4 32 1
5 33 1
6 33 1
7 33 1
8 32 1
9 32 1
10 31 1
11 30 1
12 29 1
13 28 1
14 27 1
14 26 1
15 25 1
16 24 1
17 23 1
18 22 1
19 21 1
20 21 1
21 20 1
22 21 1
23 21 1
24 21 1
25 21 1
26 22 1
27 22 1
28 22 1
29 21 1
30 21 1
31 21 1
32 21 1
33 20 1
34 19 1
34 18 1
35 17 1
36 16 1
36 15 1
37 14 1
37 13 1
38 12 1
38 11 1
39 10 1
39 9 1
39 8 1
39 7 1
39 6 1
38 5 1
37 4 1
36 3 1
35 2 1
34 1 1
33 1 1
32 1 1
31 1 1
.PEN_UP
