.PEN_DOWN
12 16 1
12 17 1
12 18 1
12 19 1
11 20 1
11 21 1
9 22 1
8 22 1
7 22 1
6 22 1
5 23 1
4 24 1
4 25 1
3 26 1
2 27 1
2 28 1
2 29 1
2 30 1
2 31 1
3 32 1
3 33 1
3 34 1
3 35 1
3 36 1
3 37 1
2 38 1
2 39 1
2 40 1
2 41 1
2 42 1
2 43 1
2 44 1
2 45 1
2 46 1
2 47 1
2 48 1
2 49 1
2 50 1
2 51 1
2 52 1
2 53 1
1 54 1
1 55 1
.PEN_UP
.PEN_DOWN
10 22 1
12 23 1
12 24 1
13 25 1
13 26 1
13 27 1
14 28 1
14 29 1
15 30 1
16 31 1
17 31 1
18 32 1
19 32 1
20 32 1
21 32 1
22 32 1
23 32 1
24 32 1
25 32 1
26 32 1
27 31 1
28 31 1
29 30 1
30 29 1
30 28 1
31 27 1
32 26 1
32 25 1
32 24 1
33 23 1
33 22 1
33 21 1
33 20 1
33 19 1
34 18 1
34 17 1
34 16 1
34 15 1
34 14 1
34 13 1
34 12 1
34 11 1
33 10 1
33 9 1
33 8 1
33 7 1
33 6 1
33 5 1
32 4 1
32 3 1
31 2 1
30 1 1
.PEN_UP
