.PEN_DOWN
1 1 1
2 2 1
2 3 1
3 4 1
3 5 1
3 6 1
3 7 1
4 8 1
4 9 1
4 10 1
4 11 1
5 12 1
5 13 1
5 14 1
5 15 1
5 16 1
5 17 1
5 18 1
4 19 1
4 20 1
4 21 1
4 22 1
4 23 1
4 24 1
4 25 1
4 26 1
4 27 1
4 28 1
3 29 1
3 30 1
3 31 1
3 32 1
3 33 1
3 34 1
4 35 1
4 36 1
5 37 1
6 38 1
7 39 1
8 39 1
9 38 1
10 38 1
11 38 1
12 38 1
13 38 1
14 38 1
15 37 1
16 37 1
17 36 1
18 36 1
19 36 1
20 36 1
21 36 1
22 35 1
23 35 1
24 35 1
25 34 1
26 34 1
27 33 1
28 33 1
29 33 1
30 33 1
31 33 1
32 33 1
33 32 1
34 32 1
35 32 1
36 32 1
37 32 1
38 32 1
39 31 1
40 31 1
41 30 1
42 30 1
43 30 1
44 30 1
45 30 1
46 30 1
47 30 1
48 30 1
49 30 1
50 30 1
.PEN_UP
