.PEN_DOWN
1 26 1
2 25 1
2 24 1
3 23 1
3 22 1
3 21 1
4 20 1
5 19 1
6 18 1
6 17 1
7 16 1
8 15 1
8 14 1
9 13 1
10 12 1
10 11 1
11 10 1
11 9 1
11 8 1
12 7 1
13 6 1
14 5 1
15 4 1
15 3 1
16 2 1
17 2 1
18 1 1
19 1 1
20 1 1
21 2 1
22 3 1
22 4 1
22 5 1
22 6 1
22 7 1
21 8 1
21 9 1
21 10 1
22 11 1
22 12 1
22 13 1
21 14 1
21 15 1
21 16 1
21 17 1
21 18 1
21 19 1
21 20 1
21 21 1
22 22 1
22 23 1
22 24 1
22 25 1
22 26 1
22 27 1
22 28 1
22 29 1
23 30 1
23 31 1
23 32 1
24 33 1
25 34 1
26 34 1
27 34 1
28 35 1
29 34 1
30 34 1
31 34 1
32 33 1
33 32 1
34 31 1
35 30 1
36 29 1
37 28 1
37 27 1
38 26 1
39 25 1
39 24 1
39 23 1
40 22 1
40 21 1
41 20 1
41 19 1
42 18 1
42 17 1
43 16 1
43 15 1
43 14 1
43 13 1
43 12 1
43 11 1
43 10 1
44 9 1
44 8 1
44 7 1
44 6 1
44 5 1
44 4 1
.PEN_UP
