.PEN_DOWN
26 41 1
26 40 1
25 39 1
25 38 1
25 37 1
25 36 1
25 35 1
25 34 1
25 33 1
25 32 1
25 31 1
25 30 1
25 29 1
25 28 1
25 27 1
25 26 1
25 25 1
26 24 1
26 23 1
26 22 1
26 21 1
25 20 1
24 19 1
23 18 1
22 18 1
21 18 1
20 19 1
19 19 1
18 20 1
17 21 1
16 22 1
15 23 1
14 24 1
13 25 1
12 26 1
11 27 1
11 28 1
10 29 1
9 30 1
8 31 1
7 32 1
6 33 1
6 34 1
5 35 1
4 36 1
4 37 1
3 38 1
3 39 1
2 40 1
2 41 1
2 42 1
1 43 1
1 44 1
1 45 1
1 46 1
1 47 1
2 48 1
3 49 1
.PEN_UP
.PEN_DOWN
24 17 1
24 16 1
25 15 1
25 14 1
26 13 1
27 13 1
28 12 1
29 11 1
30 10 1
31 10 1
32 9 1
33 8 1
34 8 1
35 7 1
36 7 1
37 6 1
38 5 1
39 5 1
40 4 1
41 4 1
42 3 1
43 2 1
44 2 1
45 1 1
46 1 1
47 1 1
48 1 1
49 2 1
50 3 1
51 4 1
52 5 1
52 6 1
52 7 1
52 8 1
52 9 1
51 10 1
51 11 1
51 12 1
50 13 1
50 14 1
49 15 1
.PEN_UP
