.PEN_DOWN
28 1 1
27 2 1
26 2 1
25 3 1
24 4 1
23 4 1
22 5 1
21 6 1
20 7 1
20 8 1
19 9 1
18 9 1
17 9 1
16 10 1
15 10 1
14 11 1
13 12 1
11 13 1
10 13 1
9 13 1
8 14 1
7 14 1
6 14 1
5 14 1
4 15 1
3 15 1
2 16 1
2 17 1
2 18 1
2 19 1
2 20 1
2 21 1
2 22 1
2 23 1
2 24 1
2 25 1
2 26 1
2 27 1
2 28 1
2 29 1
2 30 1
2 31 1
2 32 1
2 33 1
2 34 1
2 35 1
2 36 1
2 37 1
2 38 1
2 39 1
2 40 1
2 41 1
1 42 1
1 43 1
.PEN_UP
.PEN_DOWN
12 13 1
14 14 1
14 15 1
14 16 1
14 17 1
14 18 1
14 19 1
13 20 1
13 21 1
13 22 1
13 23 1
13 24 1
13 25 1
13 26 1
13 27 1
12 28 1
12 29 1
.PEN_UP
.PEN_DOWN
20 10 1
21 11 1
22 11 1
23 12 1
24 13 1
25 14 1
25 15 1
26 16 1
26 17 1
25 18 1
25 19 1
25 20 1
25 21 1
24 22 1
23 23 1
.PEN_UP
