.PEN_DOWN
19 19 1
21 21 1
22 22 1
23 22 1
24 23 1
25 23 1
26 23 1
27 24 1
28 24 1
29 24 1
30 25 1
31 25 1
32 25 1
33 25 1
34 25 1
35 25 1
36 25 1
37 24 1
38 23 1
39 22 1
40 21 1
40 20 1
40 19 1
40 18 1
40 17 1
40 16 1
40 15 1
40 14 1
40 13 1
40 12 1
39 11 1
39 10 1
38 9 1
37 8 1
36 7 1
35 6 1
34 6 1
33 6 1
32 5 1
31 5 1
30 6 1
29 6 1
28 6 1
27 7 1
26 7 1
25 8 1
24 8 1
23 8 1
22 9 1
21 9 1
19 8 1
18 7 1
18 6 1
18 5 1
17 4 1
17 3 1
16 2 1
15 1 1
14 1 1
13 1 1
12 1 1
11 1 1
10 1 1
9 1 1
8 1 1
7 1 1
6 1 1
5 2 1
4 3 1
3 4 1
2 5 1
2 6 1
2 7 1
1 8 1
1 9 1
1 10 1
1 11 1
1 12 1
1 13 1
2 14 1
2 15 1
2 16 1
3 17 1
3 18 1
3 19 1
3 20 1
4 21 1
4 22 1
5 23 1
6 24 1
7 24 1
8 25 1
9 25 1
10 25 1
11 25 1
12 25 1
13 25 1
14 25 1
15 24 1
16 23 1
17 22 1
18 21 1
19 20 1
19 18 1
19 17 1
19 16 1
19 15 1
20 14 1
20 13 1
20 12 1
20 11 1
20 10 1
.PEN_UP
