.PEN_DOWN
1 46 1
1 45 1
1 44 1
2 43 1
2 42 1
2 41 1
3 40 1
3 39 1
4 38 1
5 37 1
6 36 1
7 35 1
8 34 1
8 33 1
9 32 1
10 31 1
11 30 1
12 29 1
13 28 1
14 28 1
15 27 1
16 26 1
17 26 1
18 25 1
19 24 1
20 24 1
21 23 1
22 23 1
23 22 1
24 21 1
25 20 1
26 19 1
27 18 1
28 18 1
29 17 1
30 16 1
31 15 1
32 14 1
33 14 1
34 13 1
35 12 1
36 11 1
37 10 1
38 9 1
39 8 1
40 8 1
41 7 1
42 6 1
43 5 1
44 4 1
45 3 1
46 2 1
47 1 1
.PEN_UP
.PEN_DOWN
23 24 1
24 25 1
24 26 1
24 27 1
24 28 1
24 29 1
24 30 1
24 31 1
24 32 1
23 33 1
23 34 1
22 35 1
22 36 1
22 37 1
21 38 1
21 39 1
21 40 1
20 41 1
19 42 1
19 43 1
18 44 1
17 45 1
17 46 1
16 47 1
15 48 1
15 49 1
14 50 1
14 51 1
13 52 1
12 52 1
11 53 1
10 53 1
9 54 1
8 54 1
7 55 1
6 55 1
5 55 1
4 56 1
.PEN_UP
