.PEN_DOWN
11 11 1
11 12 1
10 13 1
9 14 1
8 15 1
7 16 1
6 17 1
6 18 1
5 19 1
4 20 1
4 21 1
3 22 1
3 23 1
2 24 1
2 25 1
2 26 1
1 27 1
1 28 1
1 29 1
1 30 1
2 31 1
2 32 1
3 33 1
4 34 1
5 35 1
6 35 1
7 35 1
8 35 1
9 35 1
10 34 1
11 34 1
12 34 1
13 33 1
14 32 1
15 32 1
16 32 1
17 31 1
18 30 1
19 30 1
20 29 1
21 28 1
21 27 1
22 26 1
23 25 1
24 25 1
25 24 1
26 23 1
27 22 1
28 21 1
29 20 1
30 19 1
31 19 1
32 18 1
.PEN_UP
.PEN_DOWN
21 30 1
22 31 1
22 32 1
23 33 1
24 34 1
25 35 1
26 36 1
26 37 1
27 38 1
28 38 1
29 39 1
30 40 1
31 41 1
32 41 1
33 41 1
34 42 1
35 42 1
36 43 1
37 43 1
38 43 1
39 44 1
40 44 1
41 44 1
42 44 1
43 44 1
44 44 1
45 44 1
46 44 1
47 44 1
48 44 1
49 43 1
50 43 1
51 42 1
52 41 1
53 41 1
54 41 1
55 40 1
56 39 1
57 38 1
58 38 1
59 37 1
60 36 1
61 35 1
62 34 1
63 33 1
63 32 1
64 31 1
65 30 1
66 29 1
67 28 1
67 27 1
67 26 1
68 25 1
68 24 1
69 23 1
69 22 1
70 21 1
70 20 1
70 19 1
70 18 1
70 17 1
71 16 1
71 15 1
71 14 1
71 13 1
71 12 1
70 11 1
70 10 1
69 9 1
68 8 1
67 8 1
66 7 1
65 6 1
64 5 1
63 4 1
62 3 1
61 2 1
60 1 1
.PEN_UP
.PEN_DOWN
65 8 1
64 9 1
64 10 1
64 11 1
64 12 1
64 13 1
.PEN_UP
