.PEN_DOWN
3 12 1
3 11 1
3 10 1
3 9 1
3 8 1
3 7 1
3 6 1
3 5 1
3 4 1
4 3 1
5 3 1
6 2 1
7 2 1
8 2 1
9 2 1
10 2 1
11 1 1
12 2 1
13 2 1
14 3 1
15 2 1
16 3 1
17 3 1
18 3 1
19 4 1
20 4 1
21 4 1
22 5 1
23 6 1
24 7 1
25 8 1
25 9 1
26 10 1
26 11 1
26 12 1
27 13 1
27 14 1
27 15 1
27 16 1
28 17 1
28 18 1
28 19 1
28 20 1
28 21 1
28 22 1
29 23 1
29 24 1
29 25 1
29 26 1
29 27 1
29 28 1
29 29 1
29 30 1
29 31 1
29 32 1
28 33 1
28 34 1
28 35 1
28 36 1
27 37 1
27 38 1
26 39 1
26 40 1
25 41 1
25 42 1
24 43 1
24 44 1
.PEN_UP
.PEN_DOWN
14 4 1
14 5 1
14 6 1
14 7 1
14 8 1
13 9 1
13 10 1
13 11 1
13 12 1
13 13 1
13 14 1
13 15 1
13 16 1
13 17 1
13 18 1
13 19 1
13 20 1
13 21 1
13 22 1
13 23 1
13 24 1
13 25 1
13 26 1
12 27 1
12 28 1
11 29 1
10 30 1
9 31 1
8 31 1
7 31 1
6 31 1
5 31 1
4 31 1
3 30 1
2 29 1
2 28 1
1 27 1
2 26 1
1 25 1
1 24 1
1 23 1
1 22 1
1 21 1
1 20 1
1 19 1
.PEN_UP
