.PEN_DOWN
8 18 1
9 17 1
10 16 1
11 15 1
12 15 1
13 14 1
14 14 1
15 13 1
16 12 1
17 12 1
18 11 1
19 11 1
20 10 1
21 10 1
22 9 1
23 8 1
24 8 1
25 8 1
26 7 1
27 6 1
28 6 1
29 5 1
30 5 1
31 5 1
32 4 1
33 4 1
34 3 1
35 3 1
36 2 1
37 2 1
38 2 1
39 2 1
40 1 1
41 1 1
42 1 1
43 1 1
44 1 1
45 1 1
46 2 1
47 3 1
47 4 1
47 5 1
47 6 1
48 7 1
48 8 1
47 9 1
47 10 1
47 11 1
47 12 1
47 13 1
47 14 1
46 15 1
45 16 1
45 17 1
44 18 1
43 19 1
43 20 1
42 21 1
42 22 1
41 23 1
40 24 1
40 25 1
39 26 1
38 27 1
37 28 1
37 29 1
36 30 1
35 30 1
34 31 1
33 32 1
32 33 1
31 34 1
30 35 1
29 35 1
28 36 1
27 36 1
26 37 1
25 38 1
24 38 1
23 38 1
22 39 1
21 40 1
20 40 1
19 41 1
18 41 1
17 41 1
16 41 1
15 42 1
14 43 1
13 43 1
12 43 1
11 44 1
10 44 1
9 44 1
8 44 1
7 45 1
6 45 1
5 45 1
4 45 1
3 45 1
2 46 1
1 46 1
.PEN_UP
