.PEN_DOWN
22 6 1
22 7 1
22 8 1
22 9 1
22 10 1
22 11 1
22 12 1
22 13 1
22 14 1
22 15 1
22 16 1
22 17 1
22 18 1
22 19 1
22 20 1
22 21 1
23 22 1
23 23 1
24 24 1
25 23 1
26 23 1
27 23 1
28 22 1
29 22 1
30 22 1
31 21 1
32 20 1
33 20 1
34 19 1
35 18 1
36 17 1
37 17 1
38 16 1
39 15 1
40 14 1
41 13 1
42 12 1
43 11 1
44 10 1
45 9 1
46 8 1
47 7 1
48 6 1
49 5 1
50 4 1
51 3 1
52 2 1
53 1 1
.PEN_UP
.PEN_DOWN
23 25 1
23 26 1
22 27 1
22 28 1
22 29 1
22 30 1
21 31 1
20 32 1
19 32 1
18 33 1
17 33 1
16 33 1
15 34 1
14 34 1
13 35 1
12 35 1
11 36 1
10 37 1
9 38 1
8 38 1
7 39 1
6 40 1
5 41 1
4 41 1
3 42 1
2 43 1
1 43 1
.PEN_UP
.PEN_DOWN
21 33 1
22 34 1
22 35 1
22 36 1
23 37 1
23 38 1
23 39 1
23 40 1
23 41 1
23 42 1
24 43 1
.PEN_UP
