.PEN_DOWN
2 7 1
1 8 1
1 9 1
1 10 1
1 11 1
1 12 1
1 13 1
1 14 1
1 15 1
2 16 1
2 17 1
2 18 1
2 19 1
2 20 1
2 21 1
3 22 1
4 23 1
5 23 1
6 23 1
7 23 1
8 23 1
9 23 1
10 23 1
11 23 1
12 23 1
13 22 1
14 21 1
15 20 1
16 20 1
17 19 1
18 19 1
19 18 1
20 18 1
21 18 1
22 19 1
23 20 1
23 21 1
23 22 1
24 23 1
25 24 1
26 25 1
27 25 1
28 25 1
29 26 1
30 25 1
31 25 1
32 25 1
33 24 1
34 24 1
35 23 1
36 23 1
37 22 1
38 21 1
38 20 1
39 19 1
39 18 1
40 17 1
40 16 1
40 15 1
41 14 1
41 13 1
41 12 1
41 11 1
41 10 1
42 9 1
42 8 1
42 7 1
42 6 1
42 5 1
41 4 1
41 3 1
41 2 1
41 1 1
.PEN_UP
.PEN_DOWN
22 17 1
22 16 1
22 15 1
22 14 1
22 13 1
23 12 1
23 11 1
23 10 1
.PEN_UP
