.PEN_DOWN
1 18 1
2 17 1
3 16 1
4 15 1
5 15 1
6 14 1
7 13 1
8 12 1
9 11 1
10 11 1
11 10 1
12 10 1
13 9 1
14 9 1
15 9 1
16 8 1
17 7 1
18 6 1
19 6 1
20 6 1
21 5 1
22 5 1
23 5 1
24 5 1
25 4 1
26 4 1
27 5 1
28 4 1
29 3 1
30 3 1
31 2 1
32 2 1
33 2 1
34 2 1
35 1 1
36 1 1
37 1 1
38 2 1
39 2 1
40 2 1
41 2 1
42 3 1
43 4 1
44 5 1
45 6 1
45 7 1
45 8 1
45 9 1
45 10 1
45 11 1
45 12 1
45 13 1
45 14 1
45 15 1
45 16 1
44 17 1
44 18 1
44 19 1
44 20 1
43 21 1
43 22 1
43 23 1
42 24 1
42 25 1
42 26 1
41 27 1
41 28 1
40 29 1
39 30 1
38 30 1
37 31 1
36 32 1
35 32 1
34 32 1
33 33 1
32 33 1
31 34 1
30 33 1
29 32 1
28 31 1
27 30 1
27 29 1
27 28 1
27 27 1
27 26 1
27 25 1
27 24 1
27 23 1
26 22 1
27 21 1
27 20 1
26 19 1
26 18 1
26 17 1
26 16 1
26 15 1
26 14 1
26 13 1
26 12 1
26 11 1
27 10 1
27 9 1
27 8 1
27 7 1
27 6 1
.PEN_UP
.PEN_DOWN
32 35 1
32 36 1
32 37 1
32 38 1
32 39 1
.PEN_UP
.PEN_DOWN
5 39 1
6 39 1
7 39 1
8 39 1
9 39 1
10 39 1
11 39 1
12 39 1
13 39 1
14 39 1
15 39 1
16 39 1
17 39 1
18 39 1
.PEN_UP
