.PEN_DOWN
1 42 1
2 41 1
3 40 1
4 39 1
5 39 1
6 38 1
7 37 1
8 36 1
9 36 1
10 35 1
11 34 1
12 33 1
13 33 1
14 33 1
15 32 1
16 31 1
17 31 1
18 30 1
19 29 1
20 28 1
21 27 1
22 27 1
23 27 1
24 26 1
25 25 1
26 25 1
27 24 1
28 24 1
29 23 1
30 22 1
31 21 1
32 21 1
33 20 1
34 20 1
35 20 1
36 19 1
37 18 1
38 18 1
39 18 1
40 17 1
41 16 1
44 15 1
45 15 1
46 14 1
47 13 1
47 12 1
47 11 1
47 10 1
47 9 1
47 8 1
47 7 1
46 6 1
46 5 1
46 4 1
45 3 1
44 2 1
43 2 1
42 1 1
41 1 1
40 1 1
39 1 1
38 1 1
37 2 1
36 3 1
35 4 1
35 5 1
35 6 1
35 7 1
35 8 1
36 9 1
36 10 1
37 11 1
38 12 1
39 13 1
40 14 1
41 15 1
44 18 1
45 19 1
45 20 1
45 21 1
44 22 1
44 23 1
44 24 1
43 25 1
42 26 1
41 27 1
.PEN_UP
