.PEN_DOWN
11 5 1
12 5 1
13 5 1
14 5 1
15 4 1
16 4 1
17 4 1
18 4 1
19 4 1
20 4 1
21 3 1
22 3 1
23 3 1
24 3 1
25 3 1
27 2 1
28 2 1
29 2 1
30 2 1
31 2 1
32 1 1
33 1 1
34 1 1
35 1 1
36 1 1
37 1 1
38 1 1
39 1 1
40 1 1
.PEN_UP
.PEN_DOWN
26 3 1
26 5 1
26 6 1
26 7 1
26 8 1
26 9 1
26 10 1
26 11 1
26 12 1
26 13 1
26 14 1
25 15 1
25 16 1
25 17 1
25 18 1
25 19 1
25 20 1
24 22 1
24 23 1
23 24 1
22 24 1
21 24 1
20 24 1
19 24 1
18 24 1
17 25 1
16 25 1
15 25 1
14 25 1
13 25 1
12 25 1
11 25 1
10 25 1
9 26 1
8 27 1
7 27 1
6 27 1
5 28 1
4 28 1
3 28 1
2 29 1
1 29 1
.PEN_UP
.PEN_DOWN
25 21 1
27 21 1
28 21 1
29 21 1
30 21 1
31 21 1
32 21 1
33 20 1
34 20 1
35 20 1
36 20 1
37 19 1
38 19 1
39 19 1
40 19 1
.PEN_UP
