.PEN_DOWN
12 1 1
11 1 1
10 2 1
9 3 1
8 3 1
7 4 1
6 4 1
5 5 1
4 6 1
3 7 1
2 8 1
1 9 1
1 10 1
1 11 1
1 12 1
1 13 1
2 14 1
2 15 1
3 16 1
3 17 1
4 18 1
5 19 1
6 20 1
7 20 1
8 21 1
9 21 1
10 21 1
11 20 1
12 20 1
13 19 1
14 18 1
15 18 1
16 18 1
17 17 1
18 16 1
19 15 1
20 14 1
20 13 1
21 12 1
22 12 1
23 12 1
24 12 1
25 12 1
26 11 1
27 11 1
28 10 1
29 10 1
30 10 1
31 9 1
31 8 1
32 7 1
32 6 1
33 5 1
33 4 1
34 3 1
.PEN_UP
.PEN_DOWN
31 11 1
32 12 1
32 13 1
32 14 1
32 15 1
32 16 1
33 17 1
33 18 1
33 19 1
33 20 1
34 21 1
34 22 1
34 23 1
34 24 1
34 25 1
34 26 1
33 27 1
32 28 1
.PEN_UP
