.PEN_DOWN
3 28 1
2 27 1
2 26 1
1 25 1
1 24 1
1 23 1
1 22 1
1 21 1
1 20 1
1 19 1
1 18 1
2 17 1
2 16 1
3 15 1
3 14 1
3 13 1
3 12 1
4 11 1
5 11 1
6 10 1
7 10 1
8 9 1
9 9 1
10 8 1
11 8 1
12 8 1
13 8 1
14 8 1
15 8 1
16 8 1
17 8 1
18 8 1
19 8 1
20 8 1
21 8 1
22 8 1
23 8 1
24 8 1
25 8 1
26 9 1
27 9 1
28 9 1
29 11 1
30 12 1
30 13 1
31 14 1
33 15 1
34 16 1
35 16 1
36 16 1
37 17 1
38 18 1
39 18 1
40 19 1
41 20 1
42 21 1
43 21 1
44 21 1
45 22 1
.PEN_UP
.PEN_DOWN
31 15 1
30 16 1
30 17 1
30 18 1
30 19 1
30 20 1
29 21 1
29 22 1
30 23 1
.PEN_UP
.PEN_DOWN
29 9 1
30 8 1
30 7 1
30 6 1
30 5 1
30 4 1
30 3 1
30 2 1
30 1 1
.PEN_UP
