.PEN_DOWN
1 9 1
2 9 1
3 9 1
4 9 1
5 9 1
6 10 1
7 10 1
8 10 1
9 10 1
10 10 1
11 10 1
12 10 1
13 10 1
14 10 1
15 10 1
16 10 1
19 10 1
20 10 1
21 10 1
22 10 1
23 10 1
24 10 1
25 10 1
26 10 1
27 10 1
28 10 1
29 10 1
30 10 1
31 10 1
32 10 1
33 10 1
34 10 1
35 10 1
36 10 1
37 10 1
38 10 1
39 10 1
40 10 1
41 11 1
42 11 1
.PEN_UP
.PEN_DOWN
17 9 1
17 8 1
17 7 1
17 6 1
17 5 1
16 4 1
16 3 1
16 2 1
16 1 1
.PEN_UP
.PEN_DOWN
17 10 1
16 12 1
16 13 1
16 14 1
16 15 1
16 16 1
16 17 1
16 18 1
16 19 1
16 20 1
15 21 1
15 22 1
15 23 1
15 24 1
.PEN_UP
