.PEN_DOWN
3 1 1
3 2 1
3 3 1
3 4 1
3 5 1
3 6 1
3 7 1
2 8 1
2 9 1
2 10 1
2 11 1
2 12 1
2 13 1
2 14 1
2 15 1
3 16 1
.PEN_UP
.PEN_DOWN
29 52 1
29 53 1
28 54 1
27 55 1
26 55 1
25 55 1
24 55 1
23 55 1
22 56 1
21 57 1
20 57 1
19 58 1
18 58 1
17 59 1
16 60 1
15 61 1
14 62 1
13 63 1
13 64 1
12 65 1
11 66 1
10 67 1
9 68 1
8 69 1
6 68 1
5 68 1
4 68 1
3 67 1
2 67 1
1 66 1
1 65 1
1 64 1
1 63 1
1 62 1
2 61 1
2 60 1
2 59 1
2 58 1
2 57 1
2 56 1
2 55 1
3 54 1
3 53 1
4 52 1
5 51 1
5 50 1
6 49 1
7 48 1
7 47 1
8 46 1
8 45 1
8 44 1
9 43 1
10 42 1
11 41 1
12 40 1
13 39 1
14 38 1
15 37 1
16 36 1
17 35 1
18 34 1
19 34 1
20 33 1
21 32 1
22 31 1
23 31 1
24 31 1
25 30 1
26 29 1
27 28 1
28 28 1
29 28 1
30 27 1
31 27 1
32 27 1
33 26 1
34 26 1
35 26 1
36 26 1
37 26 1
38 26 1
39 26 1
40 26 1
41 26 1
42 26 1
43 26 1
44 26 1
45 26 1
46 26 1
47 26 1
48 27 1
49 28 1
50 29 1
51 30 1
51 31 1
52 32 1
52 33 1
52 34 1
52 35 1
52 36 1
52 37 1
52 38 1
52 39 1
52 40 1
52 41 1
52 42 1
51 43 1
51 44 1
51 45 1
50 46 1
50 47 1
50 48 1
49 49 1
49 50 1
48 51 1
48 52 1
47 53 1
47 54 1
46 55 1
46 56 1
45 57 1
45 58 1
45 59 1
47 60 1
48 60 1
49 60 1
50 59 1
51 59 1
52 58 1
53 57 1
54 56 1
55 55 1
56 54 1
57 53 1
58 52 1
59 51 1
60 50 1
61 49 1
62 48 1
63 47 1
64 46 1
.PEN_UP
.PEN_DOWN
45 60 1
44 61 1
43 61 1
42 61 1
41 62 1
40 62 1
38 64 1
38 65 1
37 66 1
37 67 1
36 68 1
35 68 1
34 69 1
33 70 1
32 71 1
31 72 1
30 73 1
29 73 1
28 73 1
27 74 1
26 75 1
25 76 1
24 76 1
23 77 1
22 77 1
21 77 1
20 78 1
19 78 1
18 78 1
17 79 1
16 79 1
15 79 1
14 79 1
13 79 1
12 79 1
11 79 1
10 79 1
9 79 1
8 78 1
8 77 1
7 76 1
7 75 1
7 74 1
7 73 1
8 72 1
8 71 1
8 70 1
.PEN_UP
.PEN_DOWN
39 62 1
38 61 1
37 61 1
36 60 1
35 60 1
34 59 1
33 58 1
32 58 1
31 57 1
30 56 1
29 55 1
.PEN_UP
