.PEN_DOWN
1 10 1
2 10 1
3 10 1
4 10 1
5 10 1
6 10 1
7 10 1
8 10 1
9 10 1
10 10 1
11 10 1
12 10 1
13 10 1
14 10 1
15 10 1
16 9 1
17 9 1
18 9 1
19 9 1
20 9 1
21 9 1
22 9 1
23 9 1
24 8 1
25 8 1
26 8 1
27 8 1
28 8 1
29 8 1
30 7 1
31 7 1
32 8 1
33 7 1
34 7 1
35 7 1
36 6 1
37 5 1
38 4 1
39 4 1
40 3 1
41 2 1
42 1 1
.PEN_UP
.PEN_DOWN
32 9 1
33 10 1
33 11 1
33 12 1
33 13 1
32 14 1
32 15 1
32 16 1
32 17 1
32 18 1
32 19 1
32 20 1
33 21 1
33 22 1
34 23 1
35 24 1
36 25 1
37 26 1
38 27 1
39 27 1
40 27 1
41 27 1
42 28 1
43 28 1
44 28 1
45 28 1
46 28 1
47 28 1
.PEN_UP
