.PEN_DOWN
7 6 1
6 6 1
5 7 1
4 8 1
3 8 1
2 9 1
2 10 1
2 11 1
2 12 1
1 13 1
1 14 1
2 15 1
2 16 1
2 17 1
2 18 1
2 19 1
2 20 1
3 21 1
3 22 1
3 23 1
4 24 1
5 25 1
6 26 1
7 26 1
8 27 1
9 27 1
10 27 1
11 27 1
12 27 1
13 27 1
14 27 1
15 27 1
16 27 1
17 26 1
18 26 1
19 25 1
20 26 1
21 27 1
22 28 1
23 29 1
.PEN_UP
.PEN_DOWN
19 24 1
19 23 1
19 22 1
20 21 1
20 20 1
22 18 1
23 18 1
24 17 1
25 16 1
25 15 1
26 14 1
27 13 1
27 12 1
28 11 1
28 10 1
29 9 1
29 8 1
29 7 1
29 6 1
29 5 1
29 4 1
29 3 1
29 2 1
28 1 1
27 1 1
26 1 1
25 1 1
24 2 1
23 2 1
22 3 1
22 4 1
21 5 1
20 6 1
20 7 1
19 8 1
19 9 1
19 10 1
18 11 1
18 12 1
18 13 1
18 14 1
17 15 1
18 16 1
18 17 1
19 18 1
20 19 1
.PEN_UP
