.PEN_DOWN
7 3 1
6 4 1
5 5 1
5 6 1
4 7 1
4 8 1
4 9 1
3 10 1
3 11 1
3 12 1
3 13 1
2 14 1
2 15 1
1 16 1
1 17 1
1 18 1
1 19 1
2 20 1
3 21 1
4 22 1
5 22 1
6 22 1
7 23 1
8 23 1
9 23 1
10 23 1
11 23 1
12 23 1
13 23 1
14 22 1
15 22 1
16 22 1
17 21 1
18 20 1
19 19 1
20 19 1
21 19 1
22 18 1
23 18 1
24 17 1
24 16 1
25 15 1
25 14 1
26 13 1
26 12 1
26 11 1
27 10 1
27 9 1
28 8 1
29 7 1
29 6 1
30 5 1
30 4 1
30 3 1
31 2 1
31 1 1
.PEN_UP
.PEN_DOWN
24 19 1
25 20 1
25 21 1
25 22 1
26 23 1
26 24 1
26 25 1
26 26 1
26 27 1
26 28 1
27 29 1
27 30 1
27 31 1
27 32 1
27 33 1
28 34 1
29 35 1
30 36 1
31 37 1
32 38 1
33 38 1
34 39 1
35 40 1
.PEN_UP
