.PEN_DOWN
11 1 1
12 2 1
12 3 1
12 4 1
12 5 1
13 6 1
13 7 1
13 8 1
13 9 1
13 10 1
13 11 1
13 12 1
13 13 1
12 14 1
12 15 1
12 16 1
12 17 1
12 18 1
12 19 1
12 20 1
12 21 1
13 22 1
14 22 1
15 22 1
16 22 1
17 22 1
18 22 1
19 22 1
20 22 1
21 22 1
22 21 1
23 21 1
24 21 1
25 21 1
26 21 1
27 21 1
28 21 1
29 20 1
30 20 1
31 19 1
32 19 1
33 19 1
34 19 1
35 19 1
36 19 1
37 19 1
38 19 1
39 18 1
40 18 1
41 18 1
42 17 1
43 16 1
44 16 1
45 16 1
46 16 1
.PEN_UP
.PEN_DOWN
12 23 1
11 24 1
10 23 1
9 23 1
8 24 1
7 24 1
6 24 1
5 24 1
4 24 1
3 24 1
2 25 1
1 26 1
.PEN_UP
.PEN_DOWN
11 25 1
12 26 1
11 27 1
11 28 1
11 29 1
11 30 1
11 31 1
11 32 1
11 33 1
11 34 1
11 35 1
11 36 1
12 37 1
12 38 1
.PEN_UP
