.PEN_DOWN
1 1 1
2 1 1
3 1 1
4 1 1
5 1 1
6 2 1
7 2 1
8 2 1
9 3 1
10 3 1
11 3 1
12 3 1
13 4 1
14 4 1
15 4 1
16 5 1
17 5 1
18 5 1
19 6 1
20 7 1
21 7 1
22 7 1
23 8 1
24 9 1
25 10 1
26 11 1
26 12 1
26 13 1
26 14 1
26 15 1
25 16 1
24 17 1
23 18 1
22 19 1
21 19 1
20 19 1
19 20 1
18 21 1
17 21 1
16 22 1
15 23 1
14 24 1
13 25 1
11 26 1
10 25 1
9 26 1
8 26 1
7 26 1
6 26 1
.PEN_UP
.PEN_DOWN
12 26 1
14 27 1
15 28 1
16 28 1
17 28 1
18 28 1
19 29 1
20 29 1
21 29 1
22 30 1
23 31 1
24 31 1
25 32 1
26 33 1
27 34 1
27 35 1
28 36 1
28 37 1
28 38 1
28 39 1
28 40 1
28 41 1
27 42 1
26 43 1
26 44 1
25 45 1
24 46 1
23 47 1
22 47 1
21 48 1
20 48 1
19 49 1
18 49 1
17 50 1
16 50 1
15 50 1
14 50 1
13 50 1
12 50 1
11 50 1
10 49 1
9 49 1
8 48 1
7 48 1
6 47 1
5 47 1
.PEN_UP
