.PEN_DOWN
21 19 1
22 20 1
23 20 1
24 21 1
25 22 1
25 23 1
26 24 1
27 25 1
28 26 1
29 27 1
30 29 1
31 30 1
31 31 1
31 32 1
32 33 1
33 34 1
33 35 1
34 36 1
34 37 1
34 38 1
.PEN_UP
.PEN_DOWN
28 28 1
27 29 1
26 29 1
25 30 1
24 30 1
23 30 1
22 30 1
21 30 1
20 30 1
19 30 1
18 30 1
17 30 1
16 30 1
15 29 1
14 29 1
13 29 1
12 28 1
11 27 1
10 27 1
9 27 1
8 26 1
7 25 1
6 24 1
5 23 1
4 23 1
3 22 1
2 22 1
1 21 1
1 20 1
1 19 1
1 18 1
1 17 1
1 16 1
2 15 1
2 14 1
3 13 1
3 12 1
3 11 1
4 10 1
4 9 1
5 8 1
6 7 1
7 6 1
7 5 1
8 4 1
9 3 1
10 3 1
11 2 1
12 2 1
13 1 1
14 1 1
15 1 1
16 1 1
17 1 1
18 1 1
19 1 1
20 1 1
21 1 1
22 2 1
23 2 1
24 2 1
25 3 1
26 3 1
27 4 1
28 5 1
29 6 1
30 7 1
31 8 1
32 9 1
33 10 1
33 11 1
34 12 1
34 13 1
34 14 1
34 15 1
34 16 1
35 17 1
35 18 1
35 19 1
35 20 1
34 21 1
34 22 1
34 23 1
33 24 1
32 25 1
31 26 1
30 27 1
.PEN_UP
