.PEN_DOWN
2 1 1
2 2 1
2 3 1
2 4 1
2 5 1
2 6 1
2 7 1
1 8 1
1 9 1
1 10 1
1 11 1
1 12 1
1 13 1
1 14 1
1 15 1
1 16 1
1 17 1
1 18 1
1 19 1
1 20 1
1 21 1
1 22 1
1 23 1
1 24 1
2 25 1
2 26 1
3 27 1
4 27 1
5 26 1
6 26 1
7 26 1
8 26 1
9 26 1
10 26 1
11 26 1
12 26 1
13 26 1
14 26 1
15 26 1
16 26 1
17 26 1
18 26 1
19 26 1
20 26 1
21 26 1
22 26 1
23 26 1
24 26 1
25 26 1
26 26 1
27 26 1
28 26 1
29 27 1
30 27 1
31 27 1
32 27 1
33 28 1
34 28 1
35 28 1
36 29 1
37 30 1
38 30 1
.PEN_UP
.PEN_DOWN
2 28 1
2 29 1
2 30 1
3 31 1
3 32 1
3 33 1
3 34 1
3 35 1
3 36 1
3 37 1
3 38 1
3 39 1
4 40 1
4 41 1
.PEN_UP
