.PEN_DOWN
1 7 1
2 7 1
3 7 1
4 7 1
5 7 1
6 6 1
7 6 1
8 5 1
9 5 1
10 5 1
11 5 1
12 4 1
13 4 1
14 4 1
15 3 1
16 2 1
17 2 1
18 2 1
19 2 1
20 2 1
21 1 1
22 2 1
23 2 1
24 2 1
25 3 1
26 4 1
26 5 1
27 6 1
27 7 1
27 8 1
27 9 1
26 10 1
26 11 1
25 12 1
25 13 1
24 14 1
24 15 1
23 16 1
23 17 1
22 18 1
22 19 1
21 20 1
21 21 1
21 22 1
20 23 1
19 24 1
18 24 1
17 24 1
16 25 1
15 25 1
14 25 1
13 26 1
12 26 1
11 25 1
10 25 1
9 25 1
8 26 1
7 26 1
6 26 1
5 26 1
4 26 1
3 26 1
.PEN_UP
.PEN_DOWN
21 24 1
22 25 1
23 25 1
24 24 1
25 24 1
.PEN_UP
