.PEN_DOWN
5 6 1
4 7 1
3 8 1
3 9 1
3 10 1
2 11 1
2 12 1
2 13 1
1 14 1
1 15 1
1 16 1
1 17 1
1 18 1
2 19 1
2 20 1
3 21 1
3 22 1
4 23 1
5 23 1
6 24 1
7 24 1
8 25 1
9 25 1
10 25 1
11 25 1
12 25 1
13 25 1
14 24 1
15 24 1
16 24 1
17 23 1
18 22 1
19 22 1
20 21 1
21 20 1
22 20 1
23 19 1
24 18 1
25 17 1
25 16 1
26 15 1
27 14 1
27 13 1
28 12 1
29 11 1
29 10 1
29 9 1
29 8 1
29 7 1
29 6 1
29 5 1
29 4 1
28 3 1
27 2 1
26 2 1
25 1 1
24 1 1
23 1 1
22 1 1
21 1 1
20 1 1
19 1 1
18 1 1
17 1 1
16 1 1
15 1 1
14 1 1
13 2 1
12 3 1
11 3 1
10 4 1
9 4 1
8 4 1
7 4 1
6 5 1
.PEN_UP
