.PEN_DOWN
1 1 1
1 2 1
1 3 1
1 4 1
2 5 1
2 6 1
2 7 1
2 8 1
2 9 1
2 10 1
2 11 1
3 12 1
3 13 1
3 14 1
3 15 1
4 16 1
4 17 1
5 18 1
5 19 1
6 20 1
7 21 1
8 22 1
9 22 1
10 22 1
11 22 1
12 22 1
13 21 1
14 21 1
15 20 1
16 21 1
17 22 1
18 23 1
19 24 1
20 25 1
20 26 1
21 27 1
22 28 1
22 29 1
23 30 1
24 31 1
25 32 1
26 33 1
27 34 1
28 35 1
29 35 1
30 36 1
31 37 1
32 37 1
33 37 1
34 37 1
35 37 1
36 37 1
37 37 1
38 37 1
39 37 1
40 37 1
41 37 1
42 36 1
43 35 1
44 34 1
45 33 1
45 32 1
46 31 1
46 30 1
47 29 1
47 28 1
47 27 1
47 26 1
48 25 1
48 24 1
48 23 1
48 22 1
48 21 1
48 20 1
48 19 1
48 18 1
48 17 1
48 16 1
48 15 1
48 14 1
48 13 1
48 12 1
47 11 1
46 10 1
45 10 1
44 9 1
43 9 1
42 9 1
.PEN_UP
.PEN_DOWN
16 19 1
16 18 1
16 17 1
16 16 1
16 15 1
16 14 1
16 13 1
16 12 1
16 11 1
16 10 1
17 9 1
17 8 1
17 7 1
17 6 1
.PEN_UP
