.PEN_DOWN
11 2 1
12 2 1
13 2 1
14 2 1
15 2 1
16 2 1
17 1 1
18 1 1
19 1 1
20 2 1
21 2 1
22 3 1
23 4 1
24 5 1
25 6 1
25 7 1
25 8 1
26 9 1
26 10 1
26 11 1
27 12 1
27 13 1
27 14 1
27 15 1
27 16 1
27 17 1
27 18 1
27 19 1
27 20 1
26 21 1
26 22 1
26 23 1
25 24 1
24 24 1
23 24 1
22 24 1
21 24 1
20 24 1
19 24 1
18 24 1
17 24 1
16 24 1
15 24 1
14 24 1
13 24 1
12 24 1
11 24 1
10 25 1
9 25 1
8 25 1
7 25 1
6 25 1
5 26 1
4 26 1
3 26 1
2 26 1
1 26 1
.PEN_UP
.PEN_DOWN
26 25 1
27 25 1
28 26 1
29 26 1
30 26 1
31 26 1
32 26 1
33 26 1
34 26 1
35 26 1
36 26 1
37 26 1
38 26 1
39 26 1
40 27 1
41 27 1
42 27 1
43 27 1
44 28 1
45 28 1
.PEN_UP
