.PEN_DOWN
1 31 1
1 30 1
1 29 1
1 28 1
1 27 1
1 26 1
1 25 1
1 24 1
1 23 1
2 22 1
2 21 1
2 20 1
2 19 1
3 18 1
4 17 1
5 16 1
6 15 1
6 14 1
6 13 1
6 12 1
7 11 1
7 10 1
8 9 1
9 8 1
10 7 1
11 6 1
12 6 1
13 5 1
14 4 1
15 4 1
16 3 1
17 2 1
18 2 1
19 1 1
20 1 1
21 1 1
22 1 1
23 1 1
24 1 1
25 2 1
25 3 1
26 4 1
26 5 1
25 6 1
25 7 1
25 8 1
25 9 1
25 10 1
25 11 1
25 12 1
24 13 1
23 14 1
22 15 1
21 16 1
20 16 1
19 16 1
18 17 1
17 18 1
15 18 1
14 18 1
13 18 1
12 18 1
11 17 1
10 17 1
9 17 1
8 17 1
7 17 1
6 17 1
.PEN_UP
.PEN_DOWN
16 18 1
18 20 1
19 21 1
20 22 1
21 22 1
22 22 1
23 23 1
24 24 1
25 25 1
26 26 1
27 27 1
.PEN_UP
