.PEN_DOWN
24 6 1
25 7 1
25 8 1
26 9 1
26 10 1
27 11 1
27 12 1
27 13 1
27 14 1
27 15 1
27 16 1
27 17 1
27 18 1
27 19 1
27 20 1
27 21 1
27 22 1
27 23 1
26 24 1
26 25 1
26 26 1
25 27 1
24 28 1
23 29 1
22 29 1
21 29 1
20 28 1
19 28 1
18 27 1
17 26 1
16 25 1
16 24 1
16 23 1
15 22 1
14 21 1
14 20 1
14 19 1
14 18 1
13 17 1
12 16 1
11 15 1
10 14 1
9 14 1
8 13 1
7 13 1
6 12 1
5 12 1
4 12 1
3 11 1
2 10 1
2 9 1
2 8 1
2 7 1
1 6 1
1 5 1
1 4 1
1 3 1
2 2 1
3 1 1
4 2 1
5 2 1
6 2 1
7 2 1
8 2 1
9 3 1
10 4 1
10 5 1
11 6 1
11 7 1
11 8 1
11 9 1
11 10 1
11 11 1
11 12 1
11 13 1
.PEN_UP
