.PEN_DOWN
13 21 1
14 20 1
14 19 1
14 18 1
14 17 1
14 16 1
14 15 1
14 14 1
15 13 1
15 12 1
14 11 1
13 10 1
12 10 1
11 10 1
10 10 1
9 11 1
8 11 1
7 11 1
6 12 1
5 13 1
5 14 1
4 15 1
3 16 1
2 17 1
2 18 1
2 19 1
2 20 1
2 21 1
2 22 1
1 23 1
1 24 1
1 25 1
1 26 1
1 27 1
1 28 1
1 29 1
1 30 1
2 31 1
2 32 1
2 33 1
2 34 1
2 35 1
2 36 1
.PEN_UP
.PEN_DOWN
14 9 1
14 8 1
14 7 1
15 6 1
15 5 1
16 4 1
17 3 1
18 2 1
19 2 1
20 2 1
21 1 1
22 2 1
23 3 1
24 4 1
24 5 1
24 6 1
24 7 1
24 8 1
24 9 1
24 10 1
24 11 1
24 12 1
24 13 1
24 14 1
.PEN_UP
