.PEN_DOWN
8 29 1
7 30 1
6 30 1
5 31 1
4 31 1
3 31 1
2 30 1
2 29 1
1 28 1
1 27 1
1 26 1
2 25 1
2 24 1
2 23 1
2 22 1
2 21 1
3 20 1
3 19 1
4 18 1
4 17 1
5 16 1
5 15 1
6 14 1
7 13 1
8 12 1
9 11 1
10 10 1
11 9 1
12 9 1
13 8 1
14 7 1
15 7 1
16 7 1
17 7 1
18 7 1
19 7 1
20 7 1
21 7 1
22 8 1
22 9 1
23 10 1
24 11 1
25 12 1
26 13 1
27 12 1
28 11 1
29 11 1
30 10 1
31 9 1
31 8 1
32 7 1
33 6 1
34 5 1
35 4 1
36 3 1
37 2 1
38 2 1
39 1 1
40 1 1
41 1 1
42 1 1
43 1 1
44 1 1
45 2 1
46 3 1
47 4 1
47 5 1
47 6 1
48 7 1
48 8 1
48 9 1
48 10 1
48 11 1
48 12 1
48 13 1
48 14 1
48 15 1
48 16 1
48 17 1
48 18 1
48 19 1
48 20 1
47 21 1
47 22 1
47 23 1
46 24 1
46 25 1
46 26 1
46 27 1
46 28 1
45 29 1
45 30 1
44 31 1
44 32 1
.PEN_UP
.PEN_DOWN
25 14 1
25 15 1
25 16 1
25 17 1
25 18 1
26 19 1
25 20 1
25 21 1
25 22 1
.PEN_UP
