.PEN_DOWN
14 8 1
13 7 1
12 6 1
12 5 1
11 4 1
10 3 1
11 2 1
12 1 1
13 1 1
14 1 1
15 1 1
16 2 1
17 2 1
18 2 1
19 3 1
20 3 1
21 4 1
22 4 1
23 5 1
24 6 1
24 7 1
25 8 1
25 9 1
26 10 1
26 11 1
26 12 1
27 13 1
27 14 1
27 15 1
27 16 1
27 17 1
27 18 1
27 19 1
27 20 1
27 21 1
27 22 1
27 23 1
27 24 1
27 25 1
27 26 1
27 27 1
27 28 1
27 29 1
26 30 1
26 31 1
26 32 1
25 33 1
25 34 1
24 35 1
23 36 1
22 37 1
21 37 1
20 37 1
19 37 1
18 37 1
17 37 1
16 37 1
15 36 1
14 36 1
13 36 1
12 35 1
11 34 1
10 34 1
9 33 1
8 32 1
7 31 1
6 30 1
5 29 1
5 28 1
4 27 1
4 26 1
3 25 1
3 24 1
3 23 1
2 22 1
2 21 1
2 20 1
2 19 1
2 18 1
2 17 1
1 16 1
1 15 1
1 14 1
1 13 1
1 12 1
1 11 1
1 10 1
2 9 1
2 8 1
2 7 1
3 6 1
3 5 1
4 4 1
5 3 1
6 3 1
7 3 1
8 3 1
9 2 1
.PEN_UP
