.PEN_DOWN
5 8 1
6 9 1
7 9 1
8 10 1
9 10 1
10 10 1
11 10 1
12 10 1
13 10 1
14 11 1
15 12 1
15 13 1
15 14 1
16 15 1
17 16 1
18 16 1
19 17 1
20 18 1
21 19 1
22 20 1
23 21 1
24 22 1
24 23 1
25 24 1
25 25 1
25 26 1
26 27 1
26 28 1
26 29 1
26 30 1
25 31 1
26 32 1
27 32 1
28 32 1
29 33 1
29 34 1
29 35 1
29 36 1
.PEN_UP
.PEN_DOWN
24 32 1
23 32 1
22 32 1
21 33 1
20 33 1
19 33 1
18 34 1
17 34 1
16 34 1
15 34 1
14 34 1
13 34 1
12 34 1
11 34 1
10 35 1
9 35 1
8 35 1
7 35 1
6 36 1
5 37 1
4 37 1
3 37 1
2 37 1
1 37 1
.PEN_UP
.PEN_DOWN
15 10 1
16 9 1
17 8 1
18 7 1
19 7 1
20 6 1
21 6 1
22 6 1
23 6 1
24 5 1
25 5 1
26 4 1
27 4 1
28 3 1
29 2 1
30 1 1
31 1 1
.PEN_UP
