.PEN_DOWN
1 29 1
1 28 1
1 27 1
1 26 1
2 25 1
2 24 1
3 23 1
3 22 1
3 21 1
4 20 1
4 19 1
5 18 1
6 17 1
7 16 1
8 15 1
9 14 1
10 13 1
11 12 1
12 11 1
13 11 1
14 11 1
15 10 1
16 10 1
17 9 1
17 8 1
18 7 1
19 6 1
20 6 1
21 6 1
22 6 1
23 5 1
24 5 1
26 4 1
27 3 1
28 2 1
29 1 1
30 1 1
31 1 1
32 1 1
33 1 1
34 1 1
35 1 1
36 1 1
37 1 1
38 1 1
39 1 1
40 1 1
41 2 1
42 2 1
43 2 1
44 3 1
45 3 1
46 3 1
47 3 1
48 3 1
49 4 1
50 4 1
51 4 1
52 5 1
.PEN_UP
.PEN_DOWN
25 5 1
26 7 1
27 8 1
27 9 1
27 10 1
27 11 1
27 12 1
27 13 1
26 14 1
26 15 1
26 16 1
26 17 1
26 18 1
25 19 1
25 20 1
25 21 1
25 22 1
25 23 1
24 24 1
24 25 1
24 26 1
23 27 1
23 28 1
23 29 1
23 30 1
23 31 1
23 32 1
23 33 1
23 34 1
23 35 1
23 36 1
.PEN_UP
