.PEN_DOWN
1 27 1
2 27 1
3 27 1
4 27 1
5 27 1
6 27 1
7 26 1
8 26 1
9 26 1
10 26 1
11 26 1
12 25 1
13 25 1
14 25 1
15 25 1
16 24 1
17 24 1
18 24 1
19 24 1
20 24 1
21 24 1
22 24 1
23 24 1
24 24 1
25 24 1
26 23 1
27 23 1
28 23 1
29 22 1
30 22 1
31 22 1
32 22 1
33 22 1
34 22 1
35 22 1
36 22 1
37 22 1
38 22 1
39 21 1
40 20 1
41 19 1
42 19 1
43 19 1
44 19 1
45 18 1
46 18 1
47 18 1
48 18 1
49 18 1
50 18 1
51 18 1
52 18 1
53 17 1
54 16 1
55 16 1
56 16 1
57 16 1
58 15 1
59 14 1
60 13 1
61 13 1
62 12 1
63 11 1
64 11 1
65 10 1
66 10 1
67 9 1
68 8 1
69 8 1
70 7 1
71 6 1
72 5 1
73 5 1
74 5 1
75 4 1
76 3 1
.PEN_UP
.PEN_DOWN
40 18 1
40 17 1
40 16 1
40 15 1
40 14 1
40 13 1
40 12 1
40 11 1
40 10 1
40 9 1
39 8 1
39 7 1
39 6 1
39 5 1
39 4 1
38 3 1
38 2 1
37 1 1
.PEN_UP
.PEN_DOWN
39 23 1
40 24 1
40 25 1
40 26 1
40 27 1
40 28 1
40 29 1
40 30 1
40 31 1
.PEN_UP
