.PEN_DOWN
11 1 1
10 2 1
9 3 1
8 4 1
8 5 1
7 6 1
7 7 1
6 8 1
6 9 1
5 10 1
5 11 1
4 12 1
4 13 1
4 14 1
4 15 1
3 16 1
3 17 1
3 18 1
2 19 1
2 20 1
2 21 1
2 22 1
2 23 1
1 24 1
1 25 1
1 26 1
1 27 1
2 28 1
3 29 1
4 29 1
5 29 1
6 29 1
7 29 1
8 29 1
9 29 1
10 29 1
11 29 1
12 29 1
13 28 1
14 28 1
15 28 1
16 28 1
17 27 1
18 27 1
19 26 1
20 26 1
21 26 1
22 26 1
23 26 1
24 26 1
25 26 1
26 25 1
27 25 1
28 26 1
29 25 1
30 25 1
31 24 1
32 23 1
33 23 1
34 22 1
35 22 1
36 22 1
37 21 1
38 21 1
39 21 1
40 21 1
41 20 1
42 20 1
43 20 1
44 19 1
45 19 1
46 18 1
47 18 1
48 18 1
49 17 1
50 17 1
51 17 1
52 17 1
53 16 1
54 14 1
54 13 1
53 12 1
53 11 1
52 10 1
51 9 1
50 8 1
49 7 1
48 6 1
47 5 1
46 5 1
45 5 1
44 5 1
43 5 1
42 6 1
.PEN_UP
.PEN_DOWN
54 15 1
55 17 1
55 18 1
56 19 1
56 20 1
56 21 1
56 22 1
56 23 1
56 24 1
56 25 1
56 26 1
56 27 1
56 28 1
56 29 1
56 30 1
56 31 1
56 32 1
56 33 1
56 34 1
55 35 1
55 36 1
55 37 1
55 38 1
54 39 1
54 40 1
53 41 1
52 42 1
52 43 1
51 44 1
50 45 1
49 46 1
48 47 1
47 48 1
46 48 1
45 49 1
44 49 1
43 49 1
42 49 1
41 49 1
40 49 1
39 48 1
38 48 1
37 48 1
36 48 1
35 47 1
34 46 1
33 45 1
32 44 1
31 43 1
30 42 1
29 41 1
28 40 1
27 39 1
25 39 1
24 39 1
23 40 1
22 41 1
21 41 1
20 42 1
19 42 1
18 42 1
17 42 1
16 42 1
15 42 1
14 42 1
13 42 1
12 42 1
11 42 1
10 42 1
9 42 1
8 42 1
7 41 1
6 40 1
5 39 1
4 38 1
4 37 1
3 36 1
3 35 1
3 34 1
2 33 1
2 32 1
1 31 1
1 30 1
1 29 1
.PEN_UP
.PEN_DOWN
27 38 1
27 37 1
27 36 1
27 35 1
28 34 1
28 33 1
28 32 1
28 31 1
28 30 1
29 29 1
29 28 1
28 27 1
.PEN_UP
