.PEN_DOWN
33 1 1
34 2 1
35 3 1
36 3 1
37 4 1
38 5 1
39 6 1
39 7 1
39 8 1
40 9 1
40 10 1
40 11 1
41 12 1
41 13 1
41 14 1
41 15 1
41 16 1
41 17 1
41 18 1
41 19 1
41 20 1
41 21 1
41 22 1
41 23 1
40 24 1
39 25 1
38 26 1
37 27 1
36 28 1
35 28 1
34 28 1
33 28 1
32 28 1
31 27 1
30 27 1
29 27 1
28 27 1
27 26 1
26 25 1
25 24 1
25 23 1
24 22 1
23 21 1
23 20 1
23 19 1
23 18 1
23 17 1
23 16 1
22 15 1
22 14 1
22 13 1
22 12 1
22 11 1
22 10 1
22 9 1
22 8 1
21 7 1
21 6 1
21 5 1
20 4 1
19 4 1
18 3 1
17 3 1
16 3 1
15 4 1
14 4 1
13 4 1
12 5 1
11 5 1
10 6 1
9 7 1
9 8 1
8 9 1
8 10 1
8 11 1
8 12 1
8 13 1
7 14 1
7 15 1
7 16 1
6 17 1
6 18 1
5 19 1
5 20 1
5 21 1
5 22 1
5 23 1
4 24 1
4 25 1
4 26 1
4 27 1
4 28 1
4 29 1
4 30 1
4 31 1
3 32 1
3 33 1
3 34 1
2 35 1
2 36 1
2 37 1
1 38 1
.PEN_UP
