.PEN_DOWN
2 3 1
3 2 1
4 2 1
5 1 1
6 1 1
7 1 1
8 1 1
9 2 1
10 3 1
12 3 1
13 2 1
14 1 1
15 1 1
16 1 1
17 1 1
18 1 1
19 2 1
20 2 1
21 3 1
21 4 1
22 5 1
22 6 1
22 7 1
22 8 1
22 9 1
22 10 1
22 11 1
22 12 1
22 13 1
21 14 1
21 15 1
21 16 1
20 17 1
20 18 1
20 19 1
20 20 1
19 21 1
19 22 1
19 23 1
19 24 1
.PEN_UP
.PEN_DOWN
10 4 1
11 6 1
12 7 1
12 8 1
13 9 1
13 10 1
12 11 1
12 12 1
12 13 1
11 14 1
11 15 1
10 16 1
10 17 1
9 18 1
8 19 1
7 20 1
6 21 1
5 21 1
4 22 1
3 22 1
2 21 1
1 20 1
1 19 1
1 18 1
1 17 1
1 16 1
1 15 1
2 14 1
2 13 1
3 12 1
3 11 1
4 10 1
5 9 1
6 8 1
7 7 1
8 6 1
9 5 1
.PEN_UP
