.PEN_DOWN
4 16 1
4 17 1
4 18 1
4 19 1
4 20 1
3 21 1
3 22 1
3 23 1
3 24 1
3 25 1
3 26 1
3 27 1
4 28 1
4 29 1
4 30 1
4 31 1
4 32 1
4 33 1
4 34 1
4 35 1
4 36 1
4 37 1
4 38 1
4 39 1
4 40 1
4 41 1
4 42 1
4 43 1
4 44 1
4 45 1
4 46 1
4 47 1
4 48 1
4 49 1
4 50 1
4 51 1
4 52 1
4 53 1
4 54 1
4 55 1
4 56 1
4 57 1
3 58 1
3 59 1
3 60 1
3 61 1
3 62 1
3 63 1
3 64 1
3 65 1
3 66 1
3 67 1
3 68 1
3 69 1
3 70 1
3 71 1
3 72 1
3 73 1
3 74 1
3 75 1
3 76 1
3 77 1
3 78 1
3 79 1
3 80 1
3 81 1
3 82 1
3 83 1
3 84 1
3 85 1
3 86 1
3 87 1
3 88 1
3 89 1
3 90 1
3 91 1
3 92 1
3 93 1
3 94 1
3 95 1
3 96 1
3 97 1
3 98 1
3 99 1
3 100 1
3 101 1
3 102 1
3 103 1
3 104 1
3 105 1
3 106 1
3 107 1
3 108 1
3 109 1
3 110 1
3 111 1
3 112 1
3 113 1
3 114 1
3 115 1
3 116 1
3 117 1
3 118 1
3 119 1
3 120 1
3 121 1
3 122 1
3 123 1
3 124 1
3 125 1
3 126 1
3 127 1
3 128 1
3 129 1
3 130 1
3 131 1
3 132 1
3 133 1
3 134 1
3 135 1
3 136 1
3 137 1
3 138 1
3 139 1
3 140 1
3 141 1
3 142 1
3 143 1
3 144 1
3 145 1
3 146 1
3 147 1
3 148 1
3 149 1
3 150 1
3 151 1
3 152 1
3 153 1
3 154 1
3 155 1
3 156 1
3 157 1
3 158 1
3 159 1
3 160 1
3 161 1
3 162 1
3 163 1
3 164 1
3 165 1
3 166 1
3 167 1
3 168 1
3 169 1
3 170 1
3 171 1
3 172 1
3 173 1
3 174 1
3 175 1
3 176 1
3 177 1
3 178 1
3 179 1
3 180 1
3 181 1
3 182 1
3 183 1
3 184 1
3 185 1
3 186 1
3 187 1
3 188 1
3 189 1
3 190 1
3 191 1
3 192 1
3 193 1
3 194 1
3 195 1
3 196 1
3 197 1
3 198 1
3 199 1
3 200 1
3 201 1
3 202 1
3 203 1
3 204 1
3 205 1
3 206 1
3 207 1
3 208 1
3 209 1
3 210 1
3 211 1
3 212 1
3 213 1
3 214 1
3 215 1
3 216 1
3 217 1
3 218 1
3 219 1
3 220 1
3 221 1
3 222 1
3 223 1
3 224 1
3 225 1
3 226 1
3 227 1
3 228 1
3 229 1
3 230 1
3 231 1
3 232 1
3 233 1
3 234 1
3 235 1
3 236 1
3 237 1
3 238 1
3 239 1
3 240 1
3 241 1
3 242 1
3 243 1
3 244 1
3 245 1
3 246 1
3 247 1
3 248 1
3 249 1
3 250 1
3 251 1
3 252 1
3 253 1
3 254 1
3 255 1
3 256 1
3 257 1
3 258 1
3 259 1
3 260 1
3 261 1
3 262 1
3 263 1
3 264 1
3 265 1
3 266 1
3 267 1
3 268 1
3 269 1
3 270 1
3 271 1
3 272 1
3 273 1
3 274 1
3 275 1
3 276 1
3 277 1
3 278 1
3 279 1
3 280 1
3 281 1
3 282 1
3 283 1
3 284 1
3 285 1
3 286 1
3 287 1
3 288 1
3 289 1
3 290 1
3 291 1
3 292 1
3 293 1
3 294 1
3 295 1
3 296 1
3 297 1
3 298 1
3 299 1
3 300 1
3 301 1
3 302 1
3 303 1
3 304 1
3 305 1
3 306 1
3 307 1
3 308 1
3 309 1
3 310 1
3 311 1
3 312 1
3 313 1
3 314 1
3 315 1
3 316 1
3 317 1
3 318 1
3 319 1
3 320 1
3 321 1
3 322 1
3 323 1
3 324 1
3 325 1
3 326 1
3 327 1
3 328 1
3 329 1
3 330 1
2 331 1
2 332 1
2 333 1
2 334 1
2 335 1
2 336 1
2 337 1
2 338 1
2 339 1
2 340 1
2 341 1
2 342 1
2 343 1
2 344 1
2 345 1
2 346 1
2 347 1
2 348 1
2 349 1
2 350 1
2 351 1
2 352 1
2 353 1
2 354 1
2 355 1
2 356 1
2 357 1
2 358 1
2 359 1
2 360 1
2 361 1
2 362 1
2 363 1
2 364 1
1 365 1
1 366 1
1 367 1
1 368 1
1 369 1
1 370 1
1 371 1
1 372 1
1 373 1
.PEN_UP
.PEN_DOWN
181 1 1
180 2 1
180 3 1
180 4 1
180 5 1
180 6 1
179 7 1
179 8 1
179 9 1
179 10 1
179 11 1
178 12 1
178 13 1
178 14 1
178 15 1
177 16 1
177 17 1
177 18 1
177 19 1
177 20 1
176 21 1
176 22 1
176 23 1
176 24 1
176 25 1
175 26 1
175 27 1
175 28 1
175 29 1
175 30 1
174 31 1
174 32 1
174 33 1
174 34 1
174 35 1
174 36 1
174 37 1
174 38 1
174 39 1
173 40 1
173 41 1
173 42 1
173 43 1
173 44 1
173 45 1
173 46 1
173 47 1
173 48 1
173 49 1
172 50 1
172 51 1
172 52 1
172 53 1
172 54 1
172 55 1
172 56 1
172 57 1
172 58 1
172 59 1
172 60 1
171 61 1
171 62 1
171 63 1
171 64 1
171 65 1
171 66 1
171 67 1
171 68 1
171 69 1
171 70 1
171 71 1
170 72 1
170 73 1
170 74 1
170 75 1
170 76 1
170 77 1
170 78 1
170 79 1
170 80 1
170 81 1
170 82 1
170 83 1
170 84 1
170 85 1
170 86 1
170 87 1
170 88 1
170 89 1
170 90 1
170 91 1
170 92 1
170 93 1
169 94 1
169 95 1
169 96 1
169 97 1
169 98 1
169 99 1
169 100 1
169 101 1
169 102 1
169 103 1
169 104 1
169 105 1
169 106 1
169 107 1
169 108 1
169 109 1
169 110 1
169 111 1
169 112 1
169 113 1
169 114 1
169 115 1
169 116 1
169 117 1
169 118 1
169 119 1
169 120 1
169 121 1
169 122 1
169 123 1
169 124 1
169 125 1
169 126 1
169 127 1
169 128 1
169 129 1
169 130 1
169 131 1
169 132 1
169 133 1
169 134 1
169 135 1
169 136 1
169 137 1
169 138 1
169 139 1
169 140 1
169 141 1
169 142 1
169 143 1
169 144 1
169 145 1
169 146 1
169 147 1
169 148 1
169 149 1
169 150 1
169 151 1
169 152 1
169 153 1
169 154 1
169 155 1
170 156 1
170 157 1
170 158 1
170 159 1
170 160 1
170 161 1
170 162 1
170 163 1
170 164 1
170 165 1
170 166 1
170 167 1
170 168 1
170 169 1
170 170 1
170 171 1
170 172 1
170 173 1
170 174 1
170 175 1
170 176 1
170 177 1
170 178 1
170 179 1
170 180 1
170 181 1
170 182 1
170 183 1
170 184 1
170 185 1
170 186 1
170 187 1
170 188 1
170 189 1
170 190 1
171 191 1
171 192 1
171 193 1
.PEN_UP
.PEN_DOWN
32 221 1
33 221 1
34 221 1
35 221 1
36 221 1
37 221 1
38 220 1
39 220 1
40 220 1
41 220 1
42 220 1
43 221 1
44 221 1
45 221 1
46 221 1
47 221 1
48 221 1
49 221 1
50 221 1
51 221 1
52 221 1
53 221 1
54 221 1
55 221 1
56 221 1
57 221 1
58 221 1
59 221 1
60 221 1
61 221 1
62 221 1
63 221 1
64 221 1
65 221 1
66 221 1
67 221 1
68 221 1
69 221 1
70 221 1
71 221 1
72 221 1
73 221 1
74 221 1
75 221 1
76 221 1
77 220 1
78 220 1
79 220 1
80 220 1
81 220 1
82 220 1
83 220 1
84 220 1
85 220 1
86 220 1
87 220 1
88 220 1
89 220 1
90 220 1
91 220 1
92 220 1
93 219 1
94 219 1
95 219 1
96 219 1
97 219 1
98 219 1
99 219 1
100 219 1
101 219 1
102 219 1
103 219 1
104 219 1
105 219 1
106 219 1
107 219 1
108 218 1
109 218 1
110 218 1
111 218 1
112 218 1
113 218 1
114 218 1
115 218 1
116 218 1
117 218 1
118 218 1
119 218 1
120 218 1
121 218 1
122 218 1
123 218 1
124 218 1
125 218 1
126 218 1
127 218 1
128 218 1
129 218 1
130 218 1
131 218 1
132 218 1
133 218 1
134 217 1
135 217 1
136 217 1
137 217 1
138 217 1
139 217 1
140 217 1
141 217 1
142 217 1
143 217 1
144 217 1
145 217 1
146 217 1
147 217 1
148 217 1
149 217 1
150 217 1
151 217 1
152 217 1
153 216 1
154 216 1
155 216 1
156 216 1
157 216 1
158 216 1
159 216 1
160 216 1
161 216 1
162 216 1
163 216 1
164 216 1
165 216 1
166 216 1
167 216 1
168 215 1
169 215 1
170 216 1
171 217 1
171 218 1
172 219 1
173 220 1
174 221 1
175 222 1
176 223 1
177 224 1
178 224 1
179 225 1
180 226 1
181 227 1
182 227 1
183 228 1
184 229 1
185 229 1
186 230 1
187 230 1
188 231 1
189 232 1
190 232 1
191 233 1
192 233 1
193 234 1
194 235 1
195 235 1
196 236 1
197 236 1
198 237 1
199 238 1
200 238 1
201 239 1
202 239 1
203 240 1
204 241 1
205 241 1
206 242 1
207 242 1
208 243 1
209 244 1
210 244 1
211 245 1
212 246 1
213 246 1
214 247 1
215 248 1
216 248 1
217 249 1
218 250 1
219 250 1
220 251 1
221 252 1
222 252 1
223 253 1
224 254 1
225 254 1
226 255 1
227 255 1
228 255 1
229 256 1
230 256 1
231 256 1
232 256 1
233 257 1
234 257 1
235 257 1
236 257 1
237 257 1
238 257 1
239 258 1
240 258 1
241 258 1
242 258 1
243 258 1
244 258 1
245 258 1
246 258 1
247 258 1
248 258 1
249 257 1
250 257 1
251 257 1
252 256 1
253 256 1
254 255 1
255 255 1
256 255 1
257 254 1
258 254 1
259 253 1
260 253 1
261 253 1
262 252 1
263 252 1
264 252 1
265 252 1
266 252 1
267 252 1
.PEN_UP
.PEN_DOWN
172 216 1
173 215 1
173 213 1
174 212 1
175 211 1
176 210 1
177 209 1
178 208 1
179 207 1
180 206 1
181 205 1
.PEN_UP
.PEN_DOWN
173 214 1
175 215 1
176 215 1
177 215 1
178 215 1
179 215 1
180 215 1
181 215 1
182 215 1
183 215 1
184 215 1
185 215 1
186 215 1
187 215 1
188 215 1
189 214 1
190 214 1
191 214 1
192 214 1
193 214 1
194 214 1
195 214 1
196 214 1
197 214 1
198 214 1
199 214 1
200 213 1
201 213 1
202 214 1
203 214 1
204 214 1
205 214 1
206 214 1
207 214 1
208 214 1
209 214 1
210 214 1
211 214 1
212 215 1
213 215 1
214 215 1
215 215 1
216 215 1
217 215 1
218 215 1
219 215 1
220 215 1
221 215 1
222 215 1
223 215 1
224 215 1
225 215 1
226 215 1
227 215 1
228 215 1
229 215 1
230 215 1
231 215 1
232 216 1
233 216 1
234 216 1
235 216 1
236 216 1
237 216 1
238 216 1
239 216 1
240 215 1
241 214 1
242 214 1
243 214 1
244 214 1
245 214 1
246 215 1
247 215 1
248 216 1
249 217 1
248 218 1
247 218 1
246 218 1
245 218 1
244 218 1
243 218 1
242 218 1
241 218 1
240 217 1
.PEN_UP
.PEN_DOWN
250 217 1
251 217 1
252 217 1
253 217 1
254 217 1
255 217 1
256 217 1
257 217 1
258 217 1
259 217 1
260 217 1
261 217 1
262 217 1
263 217 1
264 217 1
265 217 1
266 217 1
267 217 1
268 217 1
.PEN_UP
.PEN_DOWN
199 212 1
198 211 1
197 210 1
196 209 1
195 208 1
194 208 1
193 207 1
192 206 1
192 205 1
192 204 1
191 203 1
191 202 1
190 201 1
190 200 1
190 199 1
189 198 1
189 197 1
189 196 1
188 195 1
188 194 1
188 193 1
188 192 1
188 191 1
187 190 1
187 189 1
187 188 1
187 187 1
187 186 1
187 185 1
187 184 1
186 183 1
186 182 1
186 181 1
186 180 1
186 179 1
186 178 1
185 177 1
185 176 1
185 175 1
185 174 1
185 173 1
185 172 1
185 171 1
185 170 1
185 169 1
184 168 1
184 167 1
184 166 1
184 165 1
184 164 1
184 163 1
184 162 1
184 161 1
184 160 1
183 159 1
183 158 1
183 157 1
183 156 1
183 155 1
183 154 1
183 153 1
183 152 1
183 151 1
183 150 1
183 149 1
183 148 1
183 147 1
183 146 1
183 145 1
183 144 1
183 143 1
183 142 1
183 141 1
183 140 1
183 139 1
183 138 1
184 137 1
184 136 1
184 135 1
184 134 1
184 133 1
184 132 1
184 131 1
184 130 1
184 129 1
184 128 1
185 127 1
185 126 1
185 125 1
185 124 1
185 123 1
185 122 1
185 121 1
185 120 1
186 119 1
186 118 1
186 117 1
186 116 1
186 115 1
187 114 1
187 113 1
187 112 1
187 111 1
187 110 1
188 109 1
188 108 1
188 107 1
188 106 1
188 105 1
189 104 1
189 103 1
189 102 1
190 101 1
190 100 1
190 99 1
190 98 1
191 97 1
191 96 1
191 95 1
191 94 1
192 93 1
193 92 1
194 91 1
194 90 1
195 89 1
196 88 1
196 87 1
197 86 1
198 85 1
198 84 1
199 83 1
200 82 1
201 81 1
201 80 1
202 79 1
203 78 1
204 77 1
205 76 1
206 75 1
207 74 1
208 73 1
209 72 1
210 71 1
211 70 1
212 70 1
213 69 1
214 68 1
215 68 1
216 67 1
217 66 1
218 66 1
219 65 1
220 64 1
221 64 1
222 63 1
223 62 1
224 62 1
225 61 1
226 61 1
227 60 1
228 60 1
229 59 1
230 58 1
231 58 1
232 58 1
233 57 1
234 57 1
235 57 1
236 56 1
237 56 1
238 56 1
239 55 1
240 55 1
241 55 1
242 55 1
243 55 1
244 54 1
245 54 1
246 54 1
247 54 1
248 54 1
249 53 1
250 53 1
251 53 1
252 53 1
253 53 1
254 53 1
255 53 1
256 53 1
257 53 1
258 52 1
259 52 1
260 52 1
261 52 1
262 52 1
263 52 1
264 52 1
265 52 1
266 52 1
267 52 1
268 52 1
269 52 1
270 52 1
271 53 1
272 53 1
273 53 1
274 53 1
275 53 1
276 54 1
277 54 1
278 54 1
279 54 1
280 55 1
281 55 1
282 55 1
283 55 1
284 55 1
285 56 1
286 56 1
287 56 1
288 56 1
289 56 1
290 57 1
291 57 1
292 57 1
293 57 1
294 57 1
295 58 1
296 58 1
297 59 1
.PEN_UP
