.PEN_DOWN
1 165 1
2 166 1
3 167 1
4 168 1
5 169 1
6 170 1
6 171 1
7 172 1
8 173 1
9 174 1
10 174 1
11 175 1
12 176 1
.PEN_UP
.PEN_DOWN
8 175 1
8 176 1
8 177 1
9 178 1
10 179 1
10 180 1
11 181 1
11 182 1
12 183 1
12 184 1
13 185 1
14 186 1
14 187 1
15 188 1
15 189 1
16 190 1
17 191 1
17 192 1
18 193 1
19 194 1
20 195 1
20 196 1
21 197 1
22 198 1
22 199 1
23 200 1
24 201 1
25 202 1
25 203 1
26 204 1
27 205 1
27 206 1
28 207 1
29 208 1
30 209 1
31 210 1
32 211 1
33 212 1
34 213 1
35 214 1
36 215 1
37 216 1
38 217 1
39 218 1
39 219 1
40 220 1
41 221 1
42 222 1
43 223 1
44 224 1
45 225 1
46 226 1
47 227 1
48 228 1
49 228 1
50 229 1
51 230 1
52 231 1
53 232 1
54 233 1
55 234 1
56 234 1
57 235 1
58 236 1
59 237 1
60 238 1
61 239 1
62 240 1
63 240 1
64 241 1
65 242 1
66 243 1
67 244 1
68 244 1
69 245 1
70 245 1
71 246 1
72 247 1
73 247 1
74 248 1
75 248 1
76 249 1
77 249 1
78 250 1
79 250 1
80 251 1
81 252 1
82 252 1
83 253 1
84 253 1
85 254 1
86 254 1
87 255 1
88 255 1
89 256 1
90 257 1
91 257 1
92 258 1
93 258 1
94 259 1
95 259 1
96 260 1
97 260 1
98 260 1
99 261 1
100 261 1
101 262 1
102 262 1
103 263 1
104 263 1
105 263 1
106 264 1
107 264 1
108 265 1
109 265 1
110 266 1
111 266 1
112 267 1
113 267 1
114 267 1
115 268 1
116 268 1
117 269 1
118 269 1
119 270 1
120 270 1
121 270 1
122 271 1
123 271 1
124 272 1
125 272 1
126 272 1
127 273 1
128 273 1
129 273 1
130 274 1
131 274 1
132 275 1
133 275 1
134 275 1
135 276 1
136 276 1
137 276 1
140 277 1
141 278 1
142 278 1
143 279 1
144 279 1
145 279 1
146 280 1
147 280 1
148 280 1
149 281 1
150 281 1
151 281 1
152 282 1
153 282 1
154 283 1
155 283 1
156 283 1
157 284 1
158 284 1
159 284 1
160 285 1
161 285 1
162 285 1
163 286 1
164 286 1
165 286 1
166 287 1
167 287 1
168 287 1
169 288 1
170 288 1
171 288 1
172 289 1
173 289 1
174 289 1
175 290 1
176 290 1
177 290 1
178 291 1
179 291 1
180 291 1
181 292 1
182 292 1
183 292 1
184 293 1
185 293 1
186 293 1
187 294 1
188 294 1
189 294 1
190 295 1
191 295 1
192 295 1
193 295 1
194 296 1
195 296 1
196 296 1
197 297 1
198 297 1
199 297 1
200 297 1
201 298 1
202 298 1
203 298 1
204 299 1
205 299 1
206 299 1
207 300 1
208 300 1
209 300 1
210 300 1
211 301 1
212 301 1
213 301 1
214 302 1
215 302 1
216 302 1
217 302 1
218 303 1
219 303 1
220 303 1
221 304 1
222 304 1
223 304 1
224 304 1
225 304 1
226 305 1
227 305 1
228 305 1
229 305 1
230 306 1
231 306 1
232 306 1
233 306 1
234 306 1
235 307 1
236 307 1
237 307 1
238 307 1
239 308 1
240 308 1
241 308 1
242 308 1
243 308 1
244 309 1
245 309 1
246 309 1
247 309 1
248 309 1
249 310 1
250 310 1
251 310 1
252 310 1
253 310 1
254 310 1
255 310 1
256 310 1
257 310 1
258 311 1
259 311 1
260 311 1
261 311 1
262 311 1
263 311 1
264 311 1
265 311 1
266 312 1
267 312 1
268 312 1
269 312 1
270 312 1
271 312 1
272 312 1
273 312 1
274 313 1
275 313 1
276 313 1
277 313 1
278 313 1
279 313 1
280 313 1
281 313 1
282 313 1
283 314 1
284 314 1
285 314 1
286 314 1
287 314 1
288 314 1
289 314 1
290 314 1
291 314 1
292 314 1
293 315 1
294 315 1
295 316 1
296 317 1
297 317 1
298 317 1
299 317 1
300 317 1
301 317 1
302 317 1
303 317 1
304 317 1
305 317 1
306 317 1
307 317 1
308 317 1
309 317 1
310 317 1
311 317 1
312 317 1
313 317 1
314 317 1
315 317 1
316 317 1
317 317 1
318 317 1
319 317 1
320 317 1
321 317 1
322 317 1
323 317 1
324 317 1
325 317 1
326 317 1
327 317 1
328 317 1
329 317 1
330 317 1
331 317 1
332 317 1
333 317 1
334 317 1
335 317 1
336 317 1
337 317 1
338 317 1
.PEN_UP
.PEN_DOWN
295 318 1
294 318 1
293 318 1
292 318 1
291 318 1
290 318 1
289 318 1
288 318 1
287 318 1
286 318 1
285 318 1
284 318 1
283 318 1
282 318 1
281 318 1
280 318 1
279 318 1
278 318 1
277 318 1
276 318 1
275 318 1
274 318 1
273 318 1
272 318 1
271 318 1
270 318 1
269 318 1
268 318 1
267 318 1
266 318 1
265 318 1
264 318 1
263 318 1
262 318 1
261 318 1
260 318 1
259 318 1
258 318 1
257 318 1
256 318 1
255 318 1
254 318 1
253 318 1
252 318 1
251 318 1
250 318 1
249 318 1
248 318 1
247 318 1
246 318 1
245 318 1
244 318 1
243 318 1
242 318 1
241 318 1
240 318 1
239 318 1
238 318 1
237 318 1
236 318 1
235 318 1
234 317 1
233 317 1
232 317 1
231 317 1
230 317 1
229 317 1
228 317 1
227 317 1
226 317 1
225 317 1
224 317 1
223 317 1
222 317 1
221 316 1
220 316 1
219 316 1
218 316 1
217 316 1
216 316 1
215 316 1
214 316 1
213 316 1
212 316 1
211 316 1
210 316 1
209 316 1
208 315 1
207 315 1
206 315 1
205 315 1
204 315 1
203 315 1
202 315 1
201 315 1
200 315 1
199 315 1
198 315 1
197 315 1
196 315 1
195 316 1
194 316 1
193 316 1
192 316 1
191 316 1
190 316 1
.PEN_UP
.PEN_DOWN
138 275 1
139 274 1
139 273 1
139 272 1
139 271 1
139 270 1
139 269 1
139 268 1
139 267 1
139 266 1
140 265 1
140 264 1
140 263 1
140 262 1
140 261 1
140 260 1
140 259 1
140 258 1
140 257 1
140 256 1
141 255 1
141 254 1
141 253 1
141 252 1
141 251 1
141 250 1
141 249 1
141 248 1
141 247 1
141 246 1
142 245 1
142 244 1
142 243 1
142 242 1
142 241 1
142 240 1
142 239 1
142 238 1
142 237 1
142 236 1
143 235 1
143 234 1
143 233 1
143 232 1
143 231 1
143 230 1
143 229 1
143 228 1
144 227 1
144 226 1
144 225 1
144 224 1
144 223 1
144 222 1
144 221 1
144 220 1
144 219 1
145 218 1
145 217 1
145 216 1
145 215 1
145 214 1
145 213 1
145 212 1
145 211 1
146 210 1
146 209 1
146 208 1
146 207 1
146 206 1
146 205 1
146 204 1
146 203 1
146 202 1
147 201 1
147 200 1
147 199 1
147 198 1
147 197 1
147 196 1
147 195 1
148 194 1
148 193 1
148 192 1
148 191 1
148 190 1
148 189 1
149 188 1
149 187 1
149 186 1
149 185 1
149 184 1
149 183 1
150 182 1
150 181 1
150 180 1
150 179 1
150 178 1
151 177 1
151 176 1
151 175 1
151 174 1
151 173 1
151 172 1
152 171 1
152 170 1
152 169 1
152 168 1
152 167 1
152 166 1
153 165 1
153 164 1
153 163 1
153 162 1
153 161 1
154 160 1
154 159 1
154 158 1
155 157 1
155 156 1
155 155 1
155 154 1
156 153 1
156 152 1
156 151 1
157 150 1
157 149 1
157 148 1
157 147 1
158 146 1
158 145 1
158 144 1
159 143 1
159 142 1
159 141 1
159 140 1
160 139 1
161 138 1
161 137 1
162 136 1
162 135 1
163 134 1
163 133 1
164 132 1
164 131 1
165 130 1
165 129 1
166 128 1
166 127 1
167 126 1
168 125 1
.PEN_UP
.PEN_DOWN
138 276 1
138 278 1
138 279 1
138 280 1
138 281 1
138 282 1
138 283 1
138 284 1
138 285 1
137 286 1
137 287 1
137 288 1
137 289 1
137 290 1
137 291 1
137 292 1
137 293 1
137 294 1
137 295 1
137 296 1
136 297 1
136 298 1
136 299 1
136 300 1
136 301 1
136 302 1
136 303 1
136 304 1
136 305 1
136 306 1
136 307 1
135 308 1
135 309 1
135 310 1
135 311 1
135 312 1
135 313 1
135 314 1
135 315 1
135 316 1
135 317 1
135 318 1
135 319 1
135 320 1
135 321 1
135 322 1
135 323 1
135 324 1
135 325 1
135 326 1
135 327 1
135 328 1
134 329 1
134 330 1
134 331 1
134 332 1
134 333 1
134 334 1
134 335 1
134 336 1
134 337 1
134 338 1
134 339 1
134 340 1
134 341 1
134 342 1
134 343 1
134 344 1
134 345 1
134 346 1
134 347 1
134 348 1
134 349 1
134 350 1
134 351 1
134 352 1
134 353 1
134 354 1
134 355 1
134 356 1
134 357 1
134 358 1
134 359 1
134 360 1
134 361 1
134 362 1
134 363 1
134 364 1
134 365 1
134 366 1
134 367 1
134 368 1
134 369 1
134 370 1
133 371 1
133 372 1
133 373 1
133 374 1
.PEN_UP
.PEN_DOWN
198 12 1
198 11 1
197 10 1
196 9 1
195 8 1
194 8 1
193 7 1
192 7 1
191 6 1
190 6 1
189 5 1
188 5 1
187 5 1
186 5 1
185 5 1
184 4 1
183 5 1
182 5 1
181 5 1
180 5 1
179 5 1
178 6 1
177 7 1
176 8 1
175 9 1
174 10 1
173 11 1
173 12 1
172 13 1
172 14 1
171 15 1
171 16 1
171 17 1
170 18 1
170 19 1
169 20 1
169 21 1
169 22 1
169 23 1
169 24 1
169 25 1
169 26 1
169 27 1
169 28 1
169 29 1
168 30 1
168 31 1
168 32 1
168 33 1
168 34 1
169 35 1
169 36 1
169 37 1
169 38 1
170 39 1
170 40 1
170 41 1
170 42 1
170 43 1
171 44 1
171 45 1
171 46 1
171 47 1
172 48 1
172 49 1
173 50 1
173 51 1
173 52 1
174 53 1
174 54 1
175 55 1
175 56 1
176 57 1
176 58 1
176 59 1
177 60 1
177 61 1
178 62 1
179 63 1
179 64 1
180 65 1
181 66 1
182 67 1
182 68 1
183 69 1
184 70 1
185 71 1
185 72 1
186 73 1
187 74 1
188 75 1
189 75 1
190 76 1
191 77 1
192 78 1
193 79 1
194 80 1
195 80 1
196 81 1
197 82 1
198 83 1
199 83 1
200 84 1
201 85 1
202 85 1
203 86 1
204 87 1
205 87 1
206 88 1
207 89 1
208 89 1
209 90 1
210 90 1
211 91 1
212 91 1
213 92 1
214 92 1
215 93 1
216 93 1
217 94 1
218 94 1
219 94 1
220 95 1
221 95 1
222 95 1
223 95 1
224 95 1
225 96 1
226 96 1
227 96 1
228 96 1
229 96 1
230 96 1
231 96 1
232 96 1
233 96 1
234 96 1
235 96 1
236 95 1
237 95 1
238 95 1
239 94 1
240 93 1
241 93 1
242 92 1
243 91 1
244 91 1
245 90 1
246 89 1
247 88 1
248 87 1
249 86 1
250 85 1
250 84 1
251 83 1
252 82 1
253 81 1
253 80 1
254 79 1
255 78 1
255 77 1
256 76 1
256 75 1
257 74 1
257 73 1
258 72 1
258 71 1
259 70 1
259 69 1
260 68 1
260 67 1
261 66 1
261 65 1
261 64 1
262 63 1
262 62 1
263 61 1
263 60 1
263 59 1
264 58 1
264 57 1
264 56 1
265 55 1
265 54 1
265 53 1
266 52 1
266 51 1
266 50 1
267 49 1
267 48 1
267 47 1
267 46 1
268 45 1
268 44 1
268 43 1
268 42 1
268 41 1
269 40 1
269 39 1
269 38 1
269 37 1
270 36 1
270 35 1
270 34 1
270 33 1
270 32 1
271 31 1
271 30 1
271 29 1
271 28 1
271 27 1
272 26 1
274 27 1
275 28 1
276 29 1
276 30 1
276 31 1
277 32 1
277 33 1
278 34 1
278 35 1
278 36 1
279 37 1
279 38 1
279 39 1
280 40 1
280 41 1
281 42 1
281 43 1
281 44 1
282 45 1
282 46 1
283 47 1
283 48 1
284 49 1
284 50 1
284 51 1
285 52 1
285 53 1
286 54 1
286 55 1
287 56 1
287 57 1
288 58 1
288 59 1
289 60 1
290 61 1
290 62 1
291 63 1
291 64 1
292 65 1
292 66 1
293 67 1
294 68 1
294 69 1
295 70 1
296 71 1
297 72 1
298 73 1
299 73 1
300 74 1
301 75 1
302 76 1
303 77 1
304 78 1
305 79 1
306 79 1
307 80 1
308 81 1
309 82 1
310 82 1
311 83 1
312 84 1
313 84 1
314 85 1
315 86 1
316 86 1
317 87 1
318 87 1
319 88 1
320 88 1
321 88 1
322 89 1
323 89 1
324 90 1
325 90 1
326 90 1
327 91 1
328 91 1
329 91 1
330 91 1
331 91 1
332 91 1
333 92 1
334 92 1
335 92 1
336 92 1
337 92 1
338 92 1
339 92 1
340 93 1
341 93 1
342 93 1
343 93 1
344 93 1
345 93 1
346 93 1
347 93 1
348 93 1
349 93 1
350 93 1
351 93 1
352 93 1
353 93 1
354 93 1
355 93 1
356 93 1
357 92 1
358 92 1
359 92 1
360 91 1
361 91 1
362 90 1
363 89 1
364 89 1
365 88 1
366 87 1
367 87 1
368 86 1
369 85 1
370 84 1
371 83 1
372 82 1
373 81 1
374 80 1
374 79 1
375 78 1
375 77 1
376 76 1
376 75 1
377 74 1
377 73 1
377 72 1
377 71 1
378 70 1
378 69 1
378 68 1
378 67 1
378 66 1
378 65 1
378 64 1
378 63 1
378 62 1
378 61 1
378 60 1
378 59 1
377 58 1
377 57 1
377 56 1
377 55 1
377 54 1
377 53 1
376 52 1
376 51 1
376 50 1
376 49 1
375 48 1
375 47 1
375 46 1
374 45 1
374 44 1
374 43 1
374 42 1
373 41 1
373 40 1
373 39 1
372 38 1
372 37 1
371 36 1
370 35 1
370 34 1
369 33 1
369 32 1
368 31 1
368 30 1
367 29 1
366 28 1
366 27 1
365 26 1
364 25 1
364 24 1
363 23 1
362 22 1
361 21 1
360 20 1
359 19 1
359 18 1
358 17 1
357 16 1
356 15 1
355 14 1
354 13 1
353 13 1
352 12 1
351 11 1
350 11 1
349 10 1
348 9 1
347 8 1
346 8 1
345 7 1
344 6 1
343 6 1
342 6 1
341 6 1
340 5 1
339 5 1
338 5 1
337 5 1
336 5 1
335 4 1
334 4 1
333 4 1
332 4 1
331 3 1
330 3 1
329 3 1
328 3 1
327 3 1
326 2 1
325 2 1
324 2 1
323 2 1
322 1 1
321 2 1
320 2 1
319 2 1
318 2 1
317 3 1
316 3 1
315 3 1
314 3 1
.PEN_UP
.PEN_DOWN
195 201 1
196 201 1
197 201 1
198 201 1
199 201 1
200 201 1
201 201 1
202 201 1
203 201 1
204 201 1
205 200 1
206 199 1
207 199 1
208 199 1
209 199 1
210 199 1
211 199 1
212 198 1
213 198 1
214 198 1
215 198 1
216 198 1
217 198 1
218 197 1
219 197 1
220 197 1
221 197 1
222 197 1
223 196 1
224 196 1
225 196 1
226 195 1
227 195 1
228 195 1
229 194 1
230 194 1
231 194 1
232 193 1
233 193 1
234 192 1
235 192 1
236 191 1
237 190 1
238 190 1
239 189 1
240 188 1
241 187 1
242 186 1
243 185 1
244 184 1
244 183 1
245 182 1
246 181 1
247 180 1
248 179 1
248 178 1
249 177 1
249 176 1
250 175 1
250 174 1
251 173 1
252 172 1
252 171 1
253 170 1
253 169 1
254 168 1
254 167 1
255 166 1
255 165 1
255 164 1
256 163 1
256 162 1
256 161 1
257 160 1
257 159 1
257 158 1
258 157 1
258 156 1
258 155 1
258 154 1
259 153 1
259 152 1
259 151 1
259 150 1
260 149 1
260 148 1
260 147 1
261 146 1
261 145 1
261 144 1
261 143 1
262 142 1
262 141 1
262 140 1
262 139 1
262 138 1
263 137 1
263 136 1
263 135 1
263 134 1
263 133 1
263 132 1
263 131 1
263 130 1
264 129 1
264 128 1
264 127 1
264 126 1
264 125 1
264 124 1
264 123 1
264 122 1
265 121 1
265 120 1
265 119 1
265 118 1
265 117 1
265 116 1
265 115 1
265 114 1
266 113 1
266 112 1
266 111 1
266 110 1
266 109 1
266 108 1
266 107 1
266 106 1
266 105 1
267 104 1
267 103 1
267 102 1
267 101 1
267 100 1
267 99 1
267 98 1
267 97 1
267 96 1
267 95 1
267 94 1
267 93 1
267 92 1
267 91 1
267 90 1
267 89 1
267 88 1
.PEN_UP
.PEN_DOWN
205 202 1
206 203 1
207 203 1
208 203 1
209 203 1
210 203 1
211 204 1
212 204 1
213 204 1
214 204 1
215 204 1
216 204 1
217 205 1
218 205 1
219 205 1
220 205 1
221 205 1
222 205 1
223 205 1
224 206 1
225 206 1
226 206 1
227 206 1
228 206 1
229 206 1
230 206 1
231 206 1
232 206 1
233 207 1
234 207 1
235 207 1
236 207 1
237 207 1
238 207 1
239 207 1
240 207 1
241 207 1
242 207 1
243 207 1
244 207 1
245 207 1
246 207 1
247 207 1
248 207 1
249 207 1
250 207 1
251 207 1
252 207 1
253 207 1
254 207 1
255 207 1
256 207 1
257 207 1
258 207 1
259 207 1
260 207 1
261 207 1
262 207 1
263 207 1
264 207 1
265 207 1
266 207 1
267 207 1
268 207 1
269 207 1
270 206 1
271 206 1
272 206 1
273 206 1
274 206 1
275 206 1
276 206 1
277 206 1
278 206 1
279 206 1
280 205 1
281 205 1
282 205 1
283 205 1
284 205 1
285 205 1
286 205 1
287 205 1
288 205 1
289 204 1
290 204 1
291 204 1
292 204 1
293 204 1
294 204 1
295 204 1
296 204 1
297 204 1
298 203 1
299 203 1
300 203 1
301 203 1
302 203 1
303 203 1
304 203 1
305 203 1
306 203 1
307 203 1
308 203 1
309 203 1
310 203 1
311 203 1
312 202 1
313 202 1
314 202 1
315 202 1
316 202 1
317 202 1
318 202 1
319 202 1
320 202 1
321 202 1
322 202 1
323 202 1
324 202 1
325 202 1
326 202 1
327 201 1
328 201 1
329 201 1
330 201 1
331 201 1
332 201 1
333 201 1
334 201 1
335 201 1
336 201 1
337 201 1
338 201 1
339 201 1
340 201 1
341 201 1
342 202 1
343 202 1
344 202 1
345 202 1
346 202 1
347 202 1
348 202 1
349 203 1
350 203 1
351 203 1
.PEN_UP
