.PEN_DOWN
13 46 1
13 47 1
13 48 1
14 49 1
16 49 1
17 48 1
18 47 1
18 46 1
19 45 1
20 44 1
21 43 1
22 42 1
22 41 1
23 40 1
24 39 1
25 38 1
25 37 1
26 36 1
27 35 1
28 34 1
28 33 1
29 32 1
30 31 1
31 30 1
31 29 1
32 28 1
33 27 1
34 26 1
35 25 1
35 24 1
36 23 1
37 22 1
38 21 1
39 20 1
40 19 1
41 18 1
42 17 1
43 16 1
44 15 1
45 14 1
46 13 1
47 12 1
48 11 1
49 10 1
50 9 1
51 8 1
52 7 1
53 6 1
54 5 1
55 4 1
56 3 1
57 2 1
58 1 1
59 2 1
59 3 1
60 4 1
59 5 1
59 6 1
58 7 1
58 8 1
57 9 1
57 10 1
.PEN_UP
.PEN_DOWN
14 51 1
14 52 1
12 54 1
11 55 1
11 56 1
10 57 1
9 58 1
8 59 1
8 60 1
7 61 1
6 62 1
5 63 1
4 64 1
3 65 1
3 66 1
4 67 1
5 67 1
6 67 1
7 67 1
8 67 1
9 67 1
.PEN_UP
.PEN_DOWN
13 53 1
15 54 1
16 55 1
17 56 1
18 57 1
18 58 1
19 59 1
19 60 1
20 61 1
20 62 1
21 63 1
22 64 1
22 65 1
23 66 1
24 67 1
24 68 1
25 69 1
26 70 1
27 71 1
27 72 1
28 73 1
29 74 1
30 75 1
31 76 1
31 77 1
32 78 1
33 79 1
34 80 1
35 81 1
35 82 1
36 83 1
37 84 1
38 85 1
39 86 1
39 87 1
40 88 1
41 89 1
42 90 1
43 91 1
44 92 1
45 93 1
46 94 1
47 95 1
48 96 1
49 97 1
50 98 1
51 99 1
52 100 1
53 101 1
54 102 1
55 103 1
56 104 1
57 105 1
58 106 1
59 107 1
60 108 1
61 109 1
62 110 1
63 111 1
64 112 1
65 113 1
66 114 1
67 115 1
68 116 1
69 117 1
70 118 1
71 119 1
72 120 1
73 121 1
74 122 1
75 122 1
76 123 1
77 124 1
78 125 1
79 126 1
79 127 1
79 128 1
79 129 1
79 130 1
79 131 1
.PEN_UP
