.PEN_DOWN
10 1 1
10 2 1
10 3 1
11 4 1
11 5 1
11 6 1
13 8 1
14 9 1
14 10 1
14 11 1
15 12 1
15 13 1
15 14 1
15 15 1
16 16 1
16 17 1
16 18 1
16 19 1
16 20 1
16 21 1
16 22 1
16 23 1
17 24 1
17 25 1
17 26 1
17 27 1
17 28 1
17 29 1
17 30 1
17 31 1
18 32 1
18 33 1
18 34 1
18 35 1
18 36 1
18 37 1
18 38 1
18 39 1
18 40 1
19 41 1
19 42 1
19 43 1
19 44 1
19 45 1
19 46 1
19 47 1
19 48 1
19 49 1
19 50 1
19 51 1
20 52 1
20 53 1
20 54 1
20 55 1
20 56 1
20 57 1
20 58 1
20 59 1
20 60 1
20 61 1
21 62 1
21 63 1
21 64 1
21 65 1
21 66 1
21 67 1
21 68 1
21 69 1
21 70 1
21 71 1
21 72 1
22 73 1
22 74 1
22 75 1
22 76 1
22 77 1
22 78 1
22 79 1
22 80 1
22 81 1
22 82 1
22 83 1
23 84 1
23 85 1
23 86 1
23 87 1
23 88 1
23 89 1
23 90 1
23 91 1
23 92 1
23 93 1
23 94 1
23 95 1
24 96 1
24 97 1
24 98 1
24 99 1
24 100 1
24 101 1
24 102 1
24 103 1
24 104 1
24 105 1
24 106 1
24 107 1
25 108 1
25 109 1
25 110 1
25 111 1
25 112 1
25 113 1
25 114 1
25 115 1
25 116 1
25 117 1
25 118 1
25 119 1
26 120 1
26 121 1
26 122 1
26 123 1
26 124 1
26 125 1
26 126 1
26 127 1
26 128 1
26 129 1
26 130 1
26 131 1
26 132 1
27 133 1
27 134 1
27 135 1
27 136 1
27 137 1
27 138 1
27 139 1
27 140 1
27 141 1
27 142 1
27 143 1
27 144 1
27 145 1
27 146 1
27 147 1
27 148 1
27 149 1
28 150 1
28 151 1
28 152 1
28 153 1
28 154 1
28 155 1
28 156 1
28 157 1
28 158 1
28 159 1
28 160 1
28 161 1
28 162 1
28 163 1
28 164 1
28 165 1
29 166 1
29 167 1
29 168 1
29 169 1
29 170 1
29 171 1
29 172 1
29 173 1
29 174 1
29 175 1
29 176 1
29 177 1
29 178 1
29 179 1
29 180 1
29 181 1
29 182 1
30 183 1
30 184 1
30 185 1
30 186 1
30 187 1
30 188 1
30 189 1
30 190 1
32 191 1
33 191 1
34 191 1
35 191 1
36 191 1
37 191 1
38 191 1
39 191 1
40 191 1
41 191 1
42 191 1
43 191 1
44 191 1
45 191 1
46 191 1
47 191 1
48 191 1
49 191 1
50 191 1
51 191 1
52 191 1
53 190 1
54 189 1
54 188 1
54 187 1
55 186 1
55 185 1
55 184 1
56 183 1
56 182 1
56 181 1
57 180 1
58 179 1
58 178 1
59 177 1
59 176 1
60 175 1
60 174 1
61 173 1
61 172 1
62 171 1
62 170 1
63 169 1
63 168 1
64 167 1
64 166 1
64 165 1
65 164 1
65 163 1
66 162 1
66 161 1
67 160 1
67 159 1
67 158 1
68 157 1
68 156 1
69 155 1
69 154 1
69 153 1
70 152 1
70 151 1
71 150 1
71 149 1
72 148 1
72 147 1
73 146 1
73 145 1
74 144 1
74 143 1
75 142 1
75 141 1
75 140 1
76 139 1
77 138 1
77 137 1
78 136 1
78 135 1
79 134 1
79 133 1
80 132 1
80 131 1
81 130 1
82 129 1
82 128 1
83 127 1
84 126 1
85 125 1
86 124 1
87 123 1
88 122 1
89 121 1
90 120 1
91 119 1
92 118 1
93 117 1
94 116 1
95 115 1
96 114 1
97 113 1
98 113 1
99 112 1
100 112 1
101 111 1
102 110 1
103 110 1
104 110 1
105 110 1
106 110 1
107 110 1
108 110 1
109 109 1
110 109 1
111 110 1
112 110 1
113 110 1
114 110 1
115 110 1
116 110 1
117 111 1
118 111 1
119 112 1
120 112 1
121 112 1
122 113 1
123 113 1
124 114 1
125 115 1
126 115 1
127 116 1
128 117 1
129 117 1
130 118 1
131 119 1
132 120 1
133 121 1
134 122 1
135 123 1
136 124 1
136 125 1
137 126 1
137 127 1
137 128 1
138 129 1
138 130 1
139 131 1
139 132 1
139 133 1
139 134 1
140 135 1
140 136 1
140 137 1
140 138 1
141 139 1
141 140 1
141 141 1
141 142 1
141 143 1
141 144 1
141 145 1
141 146 1
141 147 1
141 148 1
141 149 1
141 150 1
141 151 1
141 152 1
141 153 1
141 154 1
141 155 1
141 156 1
141 157 1
141 158 1
141 159 1
140 160 1
140 161 1
140 162 1
140 163 1
140 164 1
140 165 1
140 166 1
140 167 1
140 168 1
139 169 1
139 170 1
139 171 1
139 172 1
139 173 1
139 174 1
139 175 1
139 176 1
139 177 1
139 178 1
139 179 1
139 180 1
140 181 1
141 180 1
142 180 1
143 179 1
144 178 1
145 177 1
146 176 1
146 175 1
147 174 1
148 173 1
148 172 1
149 171 1
150 171 1
151 170 1
152 169 1
153 168 1
154 167 1
155 167 1
156 166 1
157 165 1
158 164 1
159 164 1
160 163 1
161 164 1
162 163 1
163 162 1
164 161 1
165 161 1
167 159 1
168 158 1
169 158 1
170 157 1
171 157 1
172 156 1
173 156 1
174 155 1
175 154 1
176 154 1
177 154 1
178 154 1
179 154 1
180 154 1
181 154 1
182 155 1
183 155 1
184 155 1
185 155 1
186 156 1
187 156 1
188 156 1
189 156 1
190 157 1
191 157 1
192 157 1
193 157 1
194 158 1
195 158 1
196 158 1
197 158 1
198 159 1
199 159 1
200 159 1
201 160 1
202 160 1
203 160 1
204 161 1
205 161 1
206 161 1
207 162 1
208 163 1
209 164 1
209 165 1
210 166 1
211 167 1
212 168 1
212 169 1
213 170 1
213 171 1
213 172 1
214 173 1
214 174 1
214 175 1
214 176 1
213 177 1
212 178 1
211 178 1
210 178 1
209 177 1
208 177 1
207 176 1
206 176 1
205 175 1
204 174 1
203 174 1
202 173 1
201 173 1
200 172 1
199 172 1
198 171 1
197 171 1
196 170 1
195 170 1
194 170 1
193 169 1
192 169 1
191 168 1
190 168 1
189 167 1
188 167 1
187 167 1
186 166 1
185 166 1
184 166 1
183 165 1
182 165 1
181 165 1
180 165 1
179 164 1
178 164 1
177 164 1
176 164 1
175 163 1
174 163 1
173 163 1
172 163 1
171 162 1
170 162 1
169 162 1
168 162 1
167 162 1
166 161 1
.PEN_UP
.PEN_DOWN
213 179 1
214 180 1
215 181 1
216 181 1
217 182 1
218 183 1
219 183 1
220 184 1
221 184 1
222 185 1
223 185 1
224 186 1
225 186 1
226 186 1
227 187 1
228 187 1
229 188 1
230 188 1
231 189 1
232 189 1
233 190 1
234 190 1
235 190 1
236 191 1
237 191 1
238 192 1
239 192 1
240 193 1
241 193 1
242 194 1
243 194 1
244 194 1
245 195 1
246 195 1
247 196 1
248 196 1
249 197 1
250 198 1
251 198 1
252 199 1
253 200 1
254 200 1
255 201 1
256 202 1
257 202 1
258 203 1
259 204 1
260 204 1
261 205 1
262 205 1
263 206 1
264 206 1
265 207 1
266 207 1
267 208 1
268 208 1
269 209 1
270 210 1
271 211 1
272 212 1
273 213 1
274 214 1
275 215 1
275 216 1
276 217 1
277 218 1
278 219 1
278 220 1
279 221 1
280 222 1
281 223 1
282 224 1
283 225 1
283 226 1
283 227 1
284 228 1
285 229 1
285 230 1
286 231 1
286 232 1
286 233 1
287 234 1
288 235 1
289 235 1
290 235 1
291 235 1
292 234 1
293 234 1
294 234 1
295 234 1
296 234 1
297 233 1
298 233 1
.PEN_UP
.PEN_DOWN
214 182 1
214 183 1
214 184 1
214 185 1
213 186 1
213 187 1
213 188 1
212 189 1
212 190 1
212 191 1
211 192 1
211 193 1
210 194 1
.PEN_UP
.PEN_DOWN
161 165 1
162 166 1
162 167 1
162 168 1
162 169 1
162 170 1
162 171 1
162 172 1
162 173 1
162 174 1
163 175 1
163 176 1
163 177 1
163 178 1
163 179 1
163 180 1
164 181 1
164 182 1
164 183 1
164 184 1
.PEN_UP
.PEN_DOWN
146 178 1
146 179 1
147 180 1
147 181 1
147 182 1
148 183 1
148 184 1
148 185 1
148 186 1
149 187 1
149 188 1
149 189 1
150 190 1
150 191 1
151 192 1
151 193 1
151 194 1
152 195 1
152 196 1
153 197 1
153 198 1
154 199 1
154 200 1
155 201 1
155 202 1
156 203 1
157 204 1
157 205 1
158 206 1
158 207 1
159 208 1
159 209 1
159 210 1
160 211 1
160 212 1
160 213 1
161 214 1
161 215 1
162 216 1
162 217 1
162 218 1
163 219 1
163 220 1
164 221 1
164 222 1
164 223 1
165 224 1
165 225 1
166 226 1
166 227 1
167 228 1
167 229 1
168 230 1
168 231 1
168 232 1
169 233 1
169 234 1
170 235 1
170 236 1
171 237 1
171 238 1
171 239 1
172 240 1
172 241 1
173 242 1
173 243 1
173 244 1
174 245 1
174 246 1
175 247 1
175 248 1
176 249 1
176 250 1
177 251 1
178 252 1
179 253 1
180 254 1
181 255 1
182 255 1
184 254 1
185 253 1
186 252 1
187 251 1
188 251 1
189 250 1
190 249 1
191 249 1
192 249 1
193 249 1
194 249 1
195 249 1
196 249 1
197 249 1
198 250 1
199 250 1
200 251 1
201 251 1
202 252 1
203 252 1
204 253 1
205 254 1
206 255 1
207 256 1
208 257 1
209 258 1
210 259 1
211 260 1
212 261 1
213 262 1
214 263 1
215 264 1
216 265 1
216 266 1
217 267 1
218 268 1
219 269 1
220 270 1
221 271 1
221 272 1
222 273 1
223 274 1
223 275 1
224 276 1
225 277 1
225 278 1
226 279 1
226 280 1
227 281 1
227 282 1
227 283 1
228 284 1
228 285 1
228 286 1
228 287 1
228 288 1
228 289 1
228 290 1
228 291 1
228 292 1
228 293 1
228 294 1
228 295 1
227 296 1
227 297 1
227 298 1
226 299 1
226 300 1
225 301 1
224 302 1
223 303 1
222 304 1
221 305 1
220 306 1
219 307 1
218 308 1
217 308 1
216 309 1
215 309 1
214 310 1
213 310 1
212 311 1
211 311 1
210 312 1
209 312 1
208 313 1
207 313 1
206 313 1
205 314 1
204 314 1
203 314 1
202 315 1
201 315 1
200 315 1
199 316 1
198 316 1
197 316 1
196 317 1
195 317 1
194 317 1
193 317 1
192 317 1
191 318 1
190 318 1
189 318 1
188 318 1
187 318 1
186 319 1
185 319 1
184 319 1
183 319 1
182 319 1
181 319 1
180 319 1
179 319 1
178 319 1
177 319 1
176 319 1
175 319 1
174 319 1
173 319 1
172 319 1
171 319 1
170 319 1
169 319 1
168 319 1
167 319 1
166 319 1
165 319 1
164 319 1
163 319 1
162 319 1
161 319 1
158 319 1
157 319 1
156 319 1
155 318 1
154 318 1
153 318 1
152 318 1
151 318 1
150 318 1
149 317 1
148 317 1
147 317 1
146 317 1
145 317 1
144 317 1
143 317 1
142 316 1
141 316 1
140 316 1
139 316 1
138 316 1
137 316 1
136 316 1
135 315 1
134 315 1
133 315 1
132 315 1
131 315 1
130 315 1
129 315 1
128 314 1
127 314 1
126 314 1
125 314 1
124 314 1
123 314 1
122 314 1
121 313 1
120 313 1
119 313 1
118 313 1
117 313 1
116 313 1
115 313 1
114 313 1
113 313 1
112 313 1
111 312 1
110 312 1
109 312 1
108 312 1
107 312 1
106 312 1
105 312 1
104 312 1
103 312 1
102 312 1
101 311 1
100 311 1
99 311 1
98 311 1
97 311 1
96 311 1
95 311 1
94 310 1
93 310 1
92 310 1
91 310 1
90 310 1
89 310 1
88 310 1
87 309 1
86 309 1
85 309 1
84 309 1
83 309 1
82 309 1
81 308 1
80 308 1
79 308 1
78 308 1
77 308 1
76 308 1
75 308 1
74 308 1
73 307 1
72 307 1
71 307 1
70 307 1
69 307 1
68 307 1
67 307 1
66 307 1
65 307 1
64 306 1
63 306 1
62 306 1
61 306 1
60 306 1
59 306 1
58 306 1
57 306 1
56 306 1
55 306 1
54 306 1
53 305 1
52 305 1
51 305 1
50 305 1
49 305 1
48 305 1
47 305 1
46 305 1
45 305 1
44 305 1
43 305 1
42 305 1
41 304 1
40 304 1
39 304 1
38 305 1
37 305 1
36 305 1
35 305 1
34 304 1
34 303 1
34 302 1
34 301 1
34 300 1
34 299 1
34 298 1
34 297 1
34 296 1
34 295 1
34 294 1
34 293 1
34 292 1
34 291 1
34 290 1
34 289 1
34 288 1
34 287 1
34 286 1
34 285 1
34 284 1
33 283 1
33 282 1
33 281 1
33 280 1
33 279 1
33 278 1
33 277 1
33 276 1
33 275 1
33 274 1
33 273 1
33 272 1
33 271 1
33 270 1
33 269 1
33 268 1
33 267 1
33 266 1
33 265 1
33 264 1
33 263 1
33 262 1
33 261 1
33 260 1
33 259 1
33 258 1
33 257 1
33 256 1
33 255 1
33 254 1
33 253 1
33 252 1
33 251 1
33 250 1
33 249 1
32 248 1
32 247 1
32 246 1
32 245 1
32 244 1
32 243 1
32 242 1
32 241 1
32 240 1
32 239 1
32 238 1
32 237 1
32 236 1
32 235 1
32 234 1
32 233 1
32 232 1
32 231 1
32 230 1
32 229 1
32 228 1
32 227 1
32 226 1
32 225 1
31 224 1
31 223 1
31 222 1
31 221 1
31 220 1
31 219 1
31 218 1
31 217 1
31 216 1
31 215 1
31 214 1
31 213 1
31 212 1
31 211 1
31 210 1
31 209 1
31 208 1
31 207 1
31 206 1
31 205 1
31 204 1
30 203 1
30 202 1
30 201 1
30 200 1
30 199 1
30 198 1
30 197 1
30 196 1
30 195 1
30 194 1
30 193 1
30 192 1
28 191 1
27 191 1
26 191 1
25 191 1
24 191 1
23 191 1
22 191 1
21 191 1
20 191 1
19 191 1
18 191 1
17 191 1
16 191 1
15 191 1
14 191 1
13 191 1
12 191 1
11 191 1
10 191 1
9 191 1
8 191 1
7 191 1
6 191 1
5 191 1
4 191 1
3 191 1
2 191 1
1 191 1
.PEN_UP
.PEN_DOWN
34 306 1
33 307 1
33 308 1
33 309 1
33 310 1
33 311 1
33 312 1
33 313 1
34 314 1
34 315 1
34 316 1
34 317 1
35 318 1
35 319 1
35 320 1
35 321 1
35 322 1
35 323 1
35 324 1
35 325 1
35 326 1
35 327 1
35 328 1
35 329 1
35 330 1
35 331 1
35 332 1
35 333 1
35 334 1
35 335 1
35 336 1
35 337 1
35 338 1
35 339 1
35 340 1
35 341 1
35 342 1
35 343 1
35 344 1
35 345 1
35 346 1
35 347 1
35 348 1
35 349 1
36 350 1
36 351 1
36 352 1
36 353 1
36 354 1
36 355 1
36 356 1
36 357 1
36 358 1
36 359 1
36 360 1
36 361 1
36 362 1
36 363 1
36 364 1
36 365 1
36 366 1
36 367 1
36 368 1
36 369 1
36 370 1
36 371 1
36 372 1
36 373 1
36 374 1
36 375 1
36 376 1
36 377 1
36 378 1
37 379 1
37 380 1
37 381 1
37 382 1
37 383 1
37 384 1
37 385 1
37 386 1
37 387 1
37 388 1
37 389 1
37 390 1
36 391 1
37 395 1
37 396 1
36 397 1
34 397 1
33 397 1
32 396 1
31 396 1
30 395 1
29 394 1
28 393 1
27 392 1
26 392 1
25 391 1
24 391 1
23 391 1
.PEN_UP
.PEN_DOWN
29 392 1
30 392 1
31 392 1
32 392 1
33 392 1
34 392 1
35 392 1
39 393 1
40 394 1
41 394 1
42 394 1
43 394 1
44 394 1
45 395 1
46 395 1
47 395 1
48 395 1
49 396 1
50 396 1
51 396 1
52 396 1
53 396 1
54 397 1
55 397 1
56 397 1
57 397 1
58 398 1
59 398 1
60 398 1
61 398 1
62 399 1
63 399 1
64 399 1
65 399 1
66 399 1
67 400 1
68 400 1
69 400 1
70 400 1
71 400 1
72 401 1
73 401 1
74 401 1
75 401 1
76 401 1
77 402 1
78 402 1
79 402 1
80 402 1
81 402 1
82 403 1
83 403 1
84 403 1
85 403 1
86 403 1
87 403 1
88 404 1
89 405 1
90 405 1
91 405 1
92 405 1
93 404 1
94 404 1
95 404 1
96 404 1
97 404 1
98 404 1
99 404 1
101 405 1
102 405 1
103 405 1
104 405 1
105 405 1
106 405 1
107 405 1
108 405 1
109 405 1
110 405 1
111 405 1
112 405 1
113 405 1
114 406 1
115 406 1
116 406 1
117 406 1
118 406 1
119 406 1
120 406 1
121 406 1
122 406 1
123 406 1
124 406 1
125 406 1
126 406 1
127 407 1
128 407 1
129 407 1
130 407 1
131 407 1
132 407 1
133 407 1
134 407 1
135 407 1
136 407 1
137 407 1
138 407 1
139 407 1
140 407 1
141 407 1
142 407 1
143 407 1
144 408 1
145 408 1
146 408 1
147 408 1
148 408 1
149 408 1
150 408 1
151 408 1
152 408 1
153 408 1
154 408 1
155 408 1
156 408 1
157 408 1
158 408 1
159 408 1
160 408 1
161 408 1
162 408 1
163 408 1
164 408 1
165 408 1
166 408 1
167 408 1
168 408 1
169 408 1
170 409 1
171 409 1
172 409 1
173 409 1
174 409 1
175 409 1
176 409 1
177 409 1
178 409 1
179 409 1
180 409 1
181 409 1
182 409 1
183 409 1
184 409 1
185 409 1
186 409 1
187 409 1
188 409 1
189 409 1
190 409 1
191 409 1
192 409 1
193 410 1
194 410 1
195 410 1
196 410 1
197 410 1
198 410 1
199 410 1
200 410 1
201 410 1
202 410 1
203 410 1
204 410 1
205 410 1
206 410 1
207 410 1
208 410 1
209 410 1
210 410 1
211 410 1
212 410 1
213 410 1
214 410 1
215 410 1
216 410 1
217 410 1
218 410 1
219 410 1
220 410 1
221 410 1
222 410 1
223 410 1
224 410 1
225 410 1
226 410 1
227 410 1
228 410 1
229 410 1
230 410 1
231 410 1
232 410 1
233 410 1
234 410 1
235 410 1
236 410 1
237 409 1
238 409 1
239 409 1
240 409 1
241 409 1
242 409 1
243 409 1
244 409 1
245 409 1
246 409 1
247 409 1
248 409 1
249 409 1
250 410 1
251 410 1
252 410 1
253 410 1
.PEN_UP
.PEN_DOWN
100 403 1
100 402 1
101 401 1
102 401 1
103 400 1
104 400 1
105 399 1
106 399 1
107 398 1
108 397 1
109 397 1
110 396 1
111 395 1
112 395 1
113 394 1
114 393 1
115 393 1
116 392 1
117 391 1
118 390 1
119 389 1
120 388 1
121 387 1
122 386 1
123 385 1
124 384 1
124 383 1
125 382 1
126 381 1
127 380 1
128 379 1
129 378 1
130 377 1
130 376 1
131 375 1
132 374 1
132 373 1
133 372 1
134 371 1
134 370 1
135 369 1
136 368 1
136 367 1
137 366 1
138 365 1
138 364 1
139 363 1
140 362 1
140 361 1
141 360 1
141 359 1
142 358 1
142 357 1
143 356 1
143 355 1
144 354 1
145 353 1
145 352 1
146 351 1
146 350 1
147 349 1
147 348 1
148 347 1
148 346 1
149 345 1
149 344 1
150 343 1
150 342 1
151 341 1
151 340 1
152 339 1
152 338 1
152 337 1
153 336 1
153 335 1
154 334 1
154 333 1
155 332 1
155 331 1
156 330 1
156 329 1
156 328 1
157 327 1
157 326 1
158 325 1
158 324 1
158 323 1
159 322 1
159 321 1
159 320 1
161 317 1
161 316 1
161 315 1
162 314 1
162 313 1
162 312 1
163 311 1
163 310 1
163 309 1
164 308 1
164 307 1
164 306 1
165 305 1
165 304 1
165 303 1
166 302 1
166 301 1
166 300 1
167 299 1
167 298 1
167 297 1
168 296 1
168 295 1
168 294 1
169 293 1
169 292 1
169 291 1
169 290 1
170 289 1
170 288 1
170 287 1
171 286 1
171 285 1
172 284 1
172 283 1
172 282 1
173 281 1
173 280 1
173 279 1
174 278 1
174 277 1
175 276 1
175 275 1
175 274 1
176 273 1
176 272 1
176 271 1
177 270 1
177 269 1
178 268 1
178 267 1
179 266 1
179 265 1
180 264 1
180 263 1
181 262 1
181 261 1
181 260 1
182 259 1
183 258 1
183 257 1
183 256 1
.PEN_UP
.PEN_DOWN
88 406 1
87 407 1
86 407 1
85 407 1
84 407 1
83 408 1
82 408 1
81 408 1
80 408 1
79 408 1
78 408 1
77 408 1
76 408 1
75 408 1
74 408 1
73 408 1
72 408 1
71 408 1
70 408 1
69 408 1
68 408 1
67 408 1
66 407 1
65 407 1
64 407 1
63 407 1
62 407 1
61 407 1
60 406 1
59 406 1
58 406 1
57 406 1
56 405 1
55 405 1
54 405 1
53 404 1
52 404 1
51 404 1
50 404 1
49 403 1
48 403 1
47 403 1
46 402 1
45 402 1
44 402 1
43 401 1
42 401 1
41 401 1
40 400 1
39 400 1
38 400 1
37 401 1
37 402 1
38 403 1
38 404 1
38 405 1
38 406 1
38 407 1
38 408 1
38 409 1
38 410 1
38 411 1
38 412 1
38 413 1
38 414 1
38 415 1
38 416 1
38 417 1
38 418 1
38 419 1
38 420 1
38 421 1
38 422 1
38 423 1
38 424 1
38 425 1
38 426 1
38 427 1
38 428 1
38 429 1
39 430 1
39 431 1
39 432 1
39 433 1
39 434 1
39 435 1
39 436 1
39 437 1
39 438 1
39 439 1
39 440 1
39 441 1
39 442 1
39 443 1
39 444 1
39 445 1
39 446 1
39 447 1
39 448 1
39 449 1
39 450 1
39 451 1
39 452 1
39 453 1
39 454 1
39 455 1
39 456 1
39 457 1
39 458 1
39 459 1
39 460 1
39 461 1
39 462 1
39 463 1
39 464 1
39 465 1
39 466 1
39 467 1
40 468 1
40 469 1
40 470 1
40 471 1
40 472 1
40 473 1
40 474 1
40 475 1
40 476 1
40 477 1
40 478 1
40 479 1
40 480 1
40 481 1
40 482 1
40 483 1
40 484 1
40 485 1
40 486 1
40 487 1
40 488 1
40 489 1
40 490 1
40 491 1
40 492 1
40 493 1
40 494 1
40 495 1
41 496 1
41 497 1
41 498 1
41 499 1
41 500 1
41 501 1
41 502 1
41 503 1
41 504 1
41 505 1
41 506 1
41 507 1
41 508 1
41 509 1
42 510 1
42 511 1
42 512 1
42 513 1
42 514 1
42 515 1
42 516 1
42 517 1
42 518 1
42 519 1
42 520 1
42 521 1
43 522 1
43 523 1
43 524 1
43 525 1
43 526 1
43 527 1
43 528 1
43 529 1
44 530 1
44 531 1
44 532 1
44 533 1
44 534 1
44 535 1
44 536 1
44 537 1
45 538 1
45 539 1
45 540 1
45 541 1
45 542 1
45 543 1
45 544 1
46 545 1
46 546 1
46 547 1
46 548 1
46 549 1
46 550 1
46 551 1
46 552 1
46 553 1
47 554 1
47 555 1
47 556 1
47 557 1
47 558 1
47 559 1
47 560 1
47 561 1
46 562 1
46 563 1
45 564 1
45 565 1
44 566 1
44 567 1
43 568 1
43 569 1
43 570 1
43 571 1
44 572 1
45 573 1
46 574 1
47 575 1
.PEN_UP
