.PEN_DOWN
35 36 1
35 37 1
35 38 1
34 39 1
34 40 1
34 41 1
33 42 1
33 43 1
32 44 1
32 45 1
32 46 1
32 47 1
31 48 1
31 49 1
31 50 1
31 51 1
30 52 1
30 53 1
30 54 1
29 55 1
29 56 1
29 57 1
29 58 1
29 59 1
28 60 1
28 61 1
28 62 1
28 63 1
28 64 1
27 65 1
27 66 1
27 67 1
27 68 1
27 69 1
26 70 1
26 71 1
26 72 1
26 73 1
26 74 1
25 75 1
25 76 1
25 77 1
25 78 1
24 79 1
24 80 1
24 81 1
24 82 1
24 83 1
23 84 1
23 85 1
23 86 1
23 87 1
22 88 1
22 89 1
22 90 1
22 91 1
22 92 1
22 93 1
21 94 1
21 95 1
21 96 1
21 97 1
21 98 1
21 99 1
20 100 1
20 101 1
20 102 1
20 103 1
20 104 1
20 105 1
19 106 1
19 107 1
19 108 1
19 109 1
19 110 1
19 111 1
18 112 1
18 113 1
18 114 1
18 115 1
18 116 1
17 117 1
17 118 1
17 119 1
17 120 1
17 121 1
17 122 1
16 123 1
16 124 1
16 125 1
16 126 1
16 127 1
15 128 1
15 129 1
15 130 1
15 131 1
15 132 1
14 133 1
14 134 1
14 135 1
14 136 1
14 137 1
14 138 1
13 139 1
13 140 1
13 141 1
13 142 1
13 143 1
13 144 1
13 145 1
12 146 1
12 147 1
12 148 1
12 149 1
12 150 1
12 151 1
12 152 1
12 153 1
11 154 1
11 155 1
11 156 1
11 157 1
11 158 1
11 159 1
11 160 1
11 161 1
10 162 1
10 163 1
10 164 1
10 165 1
10 166 1
9 167 1
9 168 1
9 169 1
9 170 1
9 171 1
8 172 1
8 173 1
8 174 1
8 175 1
7 176 1
7 177 1
7 178 1
7 179 1
6 180 1
6 181 1
6 182 1
6 183 1
5 184 1
5 185 1
5 186 1
5 187 1
5 188 1
4 189 1
4 190 1
4 191 1
4 192 1
3 193 1
3 194 1
3 195 1
3 196 1
3 197 1
3 198 1
3 199 1
3 200 1
2 201 1
2 202 1
2 203 1
2 204 1
2 205 1
2 206 1
1 207 1
1 208 1
1 209 1
2 210 1
3 210 1
4 210 1
5 210 1
6 210 1
7 210 1
8 210 1
9 209 1
.PEN_UP
.PEN_DOWN
78 101 1
79 101 1
80 101 1
81 100 1
82 99 1
83 98 1
84 97 1
85 96 1
86 95 1
87 94 1
88 93 1
89 92 1
89 91 1
90 90 1
91 89 1
91 88 1
92 87 1
93 86 1
93 85 1
94 84 1
95 83 1
96 82 1
96 81 1
97 80 1
98 79 1
99 78 1
100 77 1
101 76 1
102 75 1
102 74 1
103 73 1
103 72 1
104 71 1
104 70 1
105 69 1
106 68 1
106 67 1
107 66 1
107 65 1
108 64 1
108 63 1
108 62 1
109 61 1
109 60 1
110 59 1
110 58 1
110 57 1
111 56 1
110 55 1
109 54 1
108 53 1
107 52 1
106 52 1
105 51 1
104 51 1
103 50 1
102 50 1
101 50 1
100 50 1
99 49 1
98 49 1
97 49 1
96 49 1
95 48 1
94 48 1
93 48 1
92 47 1
91 47 1
90 47 1
89 47 1
88 46 1
87 46 1
86 46 1
85 46 1
84 46 1
83 45 1
82 45 1
81 45 1
80 45 1
79 45 1
78 45 1
77 45 1
76 46 1
75 46 1
74 46 1
73 46 1
72 46 1
71 46 1
70 47 1
69 47 1
68 47 1
67 47 1
66 47 1
65 48 1
64 48 1
63 49 1
62 49 1
61 49 1
60 50 1
59 51 1
58 51 1
57 52 1
56 53 1
55 54 1
54 55 1
53 56 1
52 57 1
51 58 1
50 59 1
50 60 1
49 61 1
48 62 1
48 63 1
47 64 1
47 65 1
46 66 1
46 67 1
45 68 1
45 69 1
44 70 1
44 71 1
43 72 1
42 73 1
42 74 1
42 75 1
41 76 1
41 77 1
41 78 1
40 79 1
40 80 1
39 81 1
39 82 1
39 83 1
39 84 1
39 85 1
39 86 1
39 87 1
38 88 1
38 89 1
38 90 1
38 91 1
39 92 1
39 93 1
39 94 1
39 95 1
39 96 1
40 97 1
40 98 1
40 99 1
41 100 1
41 101 1
42 102 1
43 102 1
44 103 1
45 104 1
46 104 1
47 105 1
48 105 1
49 105 1
50 106 1
51 106 1
52 107 1
53 107 1
54 107 1
55 107 1
56 108 1
57 108 1
58 108 1
59 108 1
60 109 1
61 109 1
62 109 1
63 109 1
64 109 1
65 110 1
66 110 1
67 110 1
68 110 1
69 110 1
70 110 1
71 110 1
72 110 1
73 110 1
74 110 1
75 110 1
76 110 1
77 111 1
78 111 1
79 111 1
80 111 1
81 111 1
82 111 1
83 111 1
84 111 1
85 111 1
86 111 1
87 111 1
88 111 1
89 111 1
90 111 1
91 111 1
92 111 1
93 110 1
94 110 1
95 110 1
96 110 1
97 110 1
98 110 1
99 110 1
100 109 1
101 109 1
102 109 1
103 109 1
104 108 1
105 108 1
106 108 1
107 107 1
108 107 1
109 107 1
110 106 1
111 106 1
112 105 1
113 105 1
114 105 1
115 104 1
116 104 1
117 103 1
118 103 1
119 102 1
120 102 1
121 101 1
122 101 1
123 101 1
124 100 1
125 100 1
126 99 1
127 99 1
128 98 1
129 98 1
130 97 1
131 96 1
132 95 1
133 94 1
134 93 1
135 92 1
136 91 1
137 90 1
138 89 1
139 88 1
140 87 1
141 86 1
142 85 1
143 84 1
144 83 1
145 82 1
146 81 1
147 80 1
148 79 1
148 78 1
149 77 1
149 76 1
150 75 1
150 74 1
151 73 1
151 72 1
152 71 1
152 70 1
152 69 1
153 68 1
153 66 1
153 65 1
153 64 1
153 63 1
154 62 1
154 61 1
155 60 1
155 59 1
155 58 1
156 57 1
156 56 1
157 55 1
157 54 1
157 53 1
158 52 1
158 51 1
159 50 1
159 49 1
.PEN_UP
.PEN_DOWN
153 67 1
155 68 1
156 69 1
157 70 1
158 70 1
159 71 1
160 72 1
161 72 1
162 73 1
163 74 1
164 74 1
165 75 1
166 76 1
167 76 1
168 77 1
169 77 1
170 77 1
171 78 1
172 78 1
173 78 1
174 79 1
175 79 1
176 79 1
177 79 1
178 79 1
179 80 1
180 80 1
181 80 1
182 80 1
183 80 1
184 80 1
185 80 1
186 80 1
187 80 1
188 80 1
189 80 1
190 80 1
191 80 1
192 80 1
193 80 1
194 80 1
195 80 1
196 80 1
197 80 1
198 80 1
199 80 1
200 80 1
201 80 1
202 80 1
203 80 1
204 80 1
205 79 1
206 79 1
207 79 1
208 79 1
209 78 1
210 78 1
211 77 1
212 77 1
213 76 1
214 76 1
215 75 1
216 75 1
217 74 1
218 74 1
219 73 1
220 73 1
221 72 1
222 71 1
223 71 1
224 70 1
225 69 1
226 69 1
227 68 1
228 68 1
229 67 1
230 66 1
231 65 1
232 64 1
233 64 1
234 63 1
235 62 1
236 61 1
237 61 1
238 60 1
239 59 1
240 59 1
241 58 1
242 58 1
243 57 1
244 56 1
245 55 1
244 54 1
243 53 1
242 52 1
241 52 1
240 51 1
239 50 1
238 50 1
237 49 1
236 48 1
236 47 1
235 46 1
234 45 1
233 44 1
233 43 1
232 42 1
231 41 1
230 40 1
229 39 1
229 38 1
228 37 1
227 36 1
227 35 1
226 34 1
225 33 1
225 32 1
224 31 1
224 30 1
224 29 1
223 28 1
223 27 1
222 26 1
222 25 1
222 24 1
222 23 1
222 22 1
222 21 1
222 20 1
221 19 1
221 18 1
221 17 1
221 16 1
221 15 1
221 14 1
220 13 1
220 12 1
220 11 1
220 10 1
220 9 1
221 8 1
222 7 1
222 6 1
223 5 1
224 4 1
225 3 1
226 2 1
227 2 1
228 2 1
229 2 1
230 1 1
231 1 1
232 1 1
233 1 1
234 1 1
235 1 1
236 2 1
237 2 1
238 2 1
239 2 1
240 2 1
241 3 1
242 3 1
243 3 1
244 3 1
245 4 1
246 4 1
247 4 1
248 4 1
249 5 1
250 5 1
251 6 1
252 7 1
253 7 1
254 8 1
255 9 1
256 9 1
257 10 1
258 11 1
259 11 1
260 12 1
261 13 1
262 13 1
263 14 1
264 15 1
265 16 1
266 17 1
267 18 1
268 19 1
268 20 1
269 21 1
269 22 1
269 23 1
269 24 1
269 25 1
269 26 1
269 27 1
269 28 1
269 29 1
268 30 1
268 31 1
267 32 1
267 33 1
267 34 1
266 35 1
266 36 1
265 37 1
265 38 1
264 39 1
263 40 1
262 41 1
262 42 1
261 43 1
260 44 1
259 45 1
258 46 1
257 47 1
256 48 1
255 49 1
254 50 1
253 51 1
252 51 1
251 52 1
250 53 1
249 54 1
248 55 1
249 57 1
250 58 1
251 59 1
252 59 1
253 60 1
254 61 1
255 61 1
256 62 1
257 63 1
258 63 1
259 64 1
260 64 1
261 65 1
262 65 1
263 66 1
264 66 1
265 67 1
266 68 1
267 68 1
268 69 1
269 69 1
270 70 1
271 70 1
272 71 1
273 71 1
274 72 1
275 72 1
276 73 1
277 74 1
278 74 1
279 75 1
280 75 1
281 76 1
282 76 1
283 77 1
284 78 1
285 78 1
286 79 1
287 79 1
288 80 1
289 80 1
290 81 1
291 81 1
292 82 1
293 82 1
294 83 1
295 84 1
296 84 1
297 85 1
298 85 1
299 86 1
300 86 1
301 87 1
302 87 1
303 88 1
304 88 1
305 89 1
306 89 1
307 90 1
308 90 1
309 91 1
310 91 1
311 92 1
312 92 1
313 93 1
314 94 1
314 95 1
314 96 1
.PEN_UP
