.PEN_DOWN
140 179 1
139 179 1
138 180 1
137 180 1
136 180 1
135 181 1
134 181 1
133 181 1
132 182 1
131 182 1
130 182 1
129 183 1
128 183 1
127 183 1
126 184 1
125 184 1
124 184 1
123 184 1
122 184 1
121 185 1
120 185 1
119 185 1
118 185 1
117 185 1
116 186 1
115 186 1
114 186 1
113 186 1
112 186 1
111 186 1
110 186 1
109 186 1
108 186 1
107 186 1
106 186 1
105 186 1
104 186 1
103 186 1
102 186 1
101 186 1
100 186 1
99 186 1
98 186 1
97 185 1
96 185 1
95 185 1
94 185 1
93 185 1
92 185 1
91 185 1
90 184 1
89 184 1
88 184 1
87 183 1
86 183 1
85 183 1
84 182 1
83 182 1
82 182 1
81 181 1
80 181 1
79 181 1
78 181 1
77 180 1
76 180 1
75 180 1
74 179 1
73 179 1
72 178 1
71 178 1
70 177 1
69 177 1
68 176 1
67 176 1
66 175 1
65 175 1
64 174 1
63 173 1
62 173 1
61 172 1
60 172 1
59 171 1
58 171 1
57 170 1
56 170 1
55 169 1
54 168 1
53 167 1
52 166 1
51 166 1
50 165 1
49 164 1
48 163 1
47 162 1
46 161 1
45 160 1
44 159 1
43 158 1
42 158 1
41 157 1
40 156 1
39 155 1
38 154 1
38 153 1
37 152 1
36 151 1
35 150 1
34 149 1
34 148 1
33 147 1
32 146 1
31 145 1
30 144 1
30 143 1
29 142 1
28 141 1
27 140 1
26 139 1
26 138 1
25 137 1
24 136 1
23 135 1
23 134 1
22 133 1
22 132 1
21 131 1
20 130 1
20 129 1
19 128 1
19 127 1
18 126 1
17 125 1
17 124 1
16 123 1
16 122 1
15 121 1
15 120 1
14 119 1
13 118 1
13 117 1
12 116 1
12 115 1
11 114 1
11 113 1
11 112 1
10 111 1
10 110 1
10 109 1
9 108 1
9 107 1
8 106 1
8 105 1
8 104 1
7 103 1
7 102 1
6 101 1
6 100 1
6 99 1
5 98 1
5 97 1
5 96 1
5 95 1
4 94 1
4 93 1
4 92 1
4 91 1
3 90 1
3 89 1
3 88 1
3 87 1
2 86 1
2 85 1
2 84 1
2 83 1
1 82 1
1 81 1
1 80 1
2 79 1
2 78 1
2 77 1
2 76 1
2 75 1
2 74 1
2 73 1
2 72 1
3 71 1
3 70 1
3 69 1
3 68 1
3 67 1
3 66 1
3 65 1
3 64 1
4 63 1
4 62 1
4 61 1
5 60 1
5 59 1
5 58 1
6 57 1
6 56 1
6 55 1
7 54 1
7 53 1
7 52 1
7 51 1
8 50 1
8 49 1
8 48 1
9 47 1
10 46 1
10 45 1
11 44 1
12 43 1
12 42 1
13 41 1
14 40 1
14 39 1
15 38 1
16 37 1
16 36 1
17 35 1
18 34 1
19 33 1
20 32 1
21 31 1
22 30 1
23 29 1
24 28 1
25 27 1
26 26 1
27 25 1
28 24 1
29 24 1
30 23 1
31 22 1
32 22 1
33 21 1
34 20 1
35 20 1
36 19 1
37 18 1
38 18 1
39 17 1
40 16 1
41 16 1
42 15 1
43 14 1
44 13 1
45 13 1
46 13 1
47 12 1
48 12 1
49 12 1
50 11 1
51 11 1
52 10 1
53 10 1
54 10 1
55 9 1
56 9 1
57 8 1
58 8 1
59 8 1
60 7 1
61 7 1
62 6 1
63 6 1
64 6 1
65 6 1
66 6 1
67 5 1
68 5 1
69 5 1
70 5 1
71 4 1
72 4 1
73 4 1
74 4 1
75 4 1
76 3 1
77 3 1
78 3 1
79 3 1
80 3 1
81 2 1
82 2 1
83 2 1
84 2 1
85 2 1
86 2 1
87 2 1
88 2 1
89 2 1
90 2 1
91 2 1
92 2 1
93 2 1
94 2 1
95 2 1
96 1 1
97 1 1
98 1 1
99 1 1
100 1 1
101 2 1
102 2 1
103 2 1
104 2 1
105 2 1
106 2 1
107 2 1
108 2 1
109 2 1
110 3 1
111 3 1
112 3 1
113 3 1
114 3 1
115 3 1
116 3 1
117 4 1
118 4 1
119 4 1
120 5 1
121 5 1
122 6 1
123 6 1
124 6 1
125 7 1
126 7 1
127 8 1
128 8 1
129 8 1
130 9 1
131 9 1
132 10 1
133 11 1
134 11 1
135 12 1
136 13 1
137 13 1
138 14 1
139 15 1
140 15 1
141 16 1
142 17 1
143 18 1
144 18 1
145 19 1
146 20 1
147 21 1
148 22 1
148 23 1
149 24 1
150 25 1
151 26 1
152 27 1
153 28 1
153 29 1
154 30 1
155 31 1
156 32 1
156 33 1
157 34 1
158 35 1
158 36 1
159 37 1
160 38 1
160 39 1
161 40 1
162 41 1
162 42 1
163 43 1
163 44 1
163 45 1
164 46 1
165 47 1
166 47 1
167 47 1
168 47 1
169 47 1
170 47 1
171 47 1
172 47 1
173 47 1
174 48 1
175 48 1
176 48 1
177 48 1
178 48 1
179 48 1
180 48 1
181 48 1
182 49 1
183 49 1
184 49 1
185 49 1
186 49 1
187 49 1
188 49 1
189 49 1
190 49 1
191 49 1
192 49 1
193 50 1
194 50 1
195 50 1
196 50 1
197 50 1
198 50 1
199 50 1
200 50 1
201 50 1
202 50 1
203 50 1
204 50 1
205 50 1
206 50 1
207 50 1
208 50 1
209 50 1
210 50 1
211 50 1
212 50 1
213 50 1
214 50 1
215 51 1
216 51 1
217 51 1
218 51 1
219 51 1
220 51 1
221 51 1
222 51 1
223 51 1
224 51 1
225 51 1
226 51 1
227 51 1
228 51 1
229 51 1
230 51 1
231 51 1
232 51 1
233 51 1
234 51 1
235 51 1
236 51 1
237 51 1
238 51 1
239 51 1
240 52 1
241 52 1
242 52 1
243 52 1
244 52 1
245 52 1
246 52 1
247 52 1
248 52 1
249 52 1
250 52 1
251 52 1
252 52 1
253 52 1
254 52 1
255 52 1
256 52 1
257 52 1
258 52 1
259 52 1
260 52 1
261 52 1
262 52 1
263 52 1
264 52 1
265 52 1
266 52 1
267 52 1
268 52 1
269 52 1
270 52 1
271 52 1
272 52 1
273 52 1
274 52 1
275 52 1
276 52 1
277 52 1
278 52 1
279 52 1
280 52 1
281 52 1
282 52 1
283 52 1
284 52 1
285 52 1
286 52 1
287 52 1
288 52 1
289 52 1
290 52 1
291 52 1
292 52 1
293 52 1
294 52 1
295 52 1
296 52 1
297 52 1
298 52 1
299 52 1
300 52 1
301 52 1
302 52 1
303 52 1
304 52 1
305 52 1
306 52 1
307 52 1
308 52 1
309 52 1
310 52 1
311 52 1
312 52 1
313 52 1
314 52 1
315 52 1
316 52 1
317 52 1
318 52 1
319 52 1
320 52 1
321 52 1
322 52 1
323 52 1
324 52 1
325 52 1
326 52 1
327 52 1
328 52 1
329 52 1
330 52 1
331 52 1
332 52 1
333 52 1
334 52 1
335 52 1
336 51 1
337 51 1
338 51 1
339 51 1
340 51 1
341 51 1
342 51 1
343 51 1
344 51 1
345 51 1
346 51 1
347 50 1
348 50 1
349 50 1
350 50 1
351 50 1
352 50 1
353 50 1
354 49 1
355 49 1
.PEN_UP
