.PEN_DOWN
15 8 1
15 7 1
15 6 1
15 5 1
16 4 1
16 3 1
17 2 1
18 2 1
19 1 1
20 1 1
21 1 1
22 1 1
23 1 1
24 1 1
25 1 1
26 2 1
27 2 1
28 2 1
29 2 1
30 2 1
31 2 1
32 2 1
33 3 1
34 3 1
35 3 1
36 4 1
37 4 1
38 4 1
39 5 1
40 5 1
41 6 1
42 6 1
43 6 1
44 7 1
45 7 1
46 8 1
47 8 1
48 9 1
49 9 1
50 10 1
51 10 1
52 11 1
53 11 1
54 12 1
55 12 1
56 13 1
57 13 1
58 14 1
59 15 1
60 15 1
61 16 1
62 17 1
63 17 1
64 18 1
65 19 1
66 19 1
67 20 1
68 21 1
69 22 1
70 22 1
71 23 1
72 24 1
73 24 1
74 25 1
75 26 1
76 26 1
77 27 1
78 28 1
79 28 1
80 29 1
81 30 1
82 30 1
83 31 1
84 32 1
85 33 1
86 34 1
86 35 1
87 36 1
88 37 1
89 38 1
90 39 1
91 40 1
91 41 1
92 42 1
93 43 1
94 44 1
94 45 1
95 46 1
96 47 1
96 48 1
97 49 1
97 50 1
98 51 1
99 52 1
99 53 1
100 54 1
100 55 1
101 56 1
102 57 1
102 58 1
103 59 1
103 60 1
103 61 1
103 62 1
104 63 1
104 64 1
104 65 1
105 66 1
105 67 1
105 68 1
105 69 1
106 70 1
106 71 1
106 72 1
106 73 1
107 74 1
107 75 1
107 76 1
107 77 1
107 78 1
107 79 1
108 80 1
108 81 1
108 82 1
108 83 1
108 84 1
108 85 1
108 86 1
108 87 1
108 88 1
108 89 1
108 90 1
108 91 1
108 92 1
108 93 1
107 94 1
107 95 1
107 96 1
107 97 1
107 98 1
106 99 1
106 100 1
106 101 1
106 102 1
105 103 1
105 104 1
105 105 1
104 106 1
104 107 1
103 108 1
103 109 1
102 110 1
102 111 1
102 112 1
101 113 1
101 114 1
100 115 1
100 116 1
99 117 1
99 118 1
98 119 1
97 120 1
97 121 1
96 122 1
95 123 1
95 124 1
94 125 1
93 126 1
93 127 1
92 128 1
91 129 1
91 130 1
90 131 1
89 132 1
88 133 1
87 134 1
86 135 1
85 136 1
84 137 1
83 138 1
82 139 1
81 140 1
80 141 1
80 142 1
79 143 1
78 144 1
77 145 1
76 146 1
75 147 1
74 148 1
74 149 1
73 150 1
72 151 1
71 152 1
70 153 1
69 154 1
69 155 1
68 156 1
67 157 1
66 158 1
65 159 1
64 160 1
63 161 1
62 162 1
61 163 1
60 164 1
59 165 1
58 166 1
57 167 1
56 168 1
55 169 1
54 170 1
53 171 1
52 171 1
51 172 1
50 172 1
49 173 1
48 173 1
47 173 1
46 173 1
45 172 1
45 171 1
45 170 1
44 169 1
44 168 1
.PEN_UP
.PEN_DOWN
1 75 1
2 75 1
3 75 1
4 76 1
5 75 1
6 75 1
7 75 1
8 76 1
9 76 1
10 77 1
11 78 1
12 79 1
13 80 1
14 81 1
15 82 1
15 83 1
.PEN_UP
