.PEN_DOWN
1 69 1
2 69 1
3 69 1
4 69 1
5 69 1
6 69 1
7 69 1
8 69 1
9 69 1
10 69 1
11 69 1
12 68 1
13 68 1
14 68 1
15 67 1
16 67 1
17 66 1
18 66 1
19 66 1
20 65 1
21 65 1
22 64 1
23 64 1
24 63 1
25 62 1
26 61 1
27 60 1
28 59 1
29 58 1
30 57 1
31 56 1
32 55 1
33 54 1
34 53 1
35 52 1
36 51 1
37 50 1
38 49 1
39 48 1
40 47 1
41 46 1
42 46 1
43 45 1
44 44 1
45 43 1
46 42 1
47 41 1
48 40 1
49 39 1
50 38 1
51 37 1
52 36 1
53 35 1
54 34 1
55 33 1
56 32 1
57 31 1
58 30 1
59 29 1
60 28 1
61 27 1
62 26 1
63 25 1
64 24 1
65 23 1
66 22 1
67 21 1
68 20 1
69 19 1
70 18 1
71 17 1
72 17 1
73 16 1
74 15 1
75 14 1
76 13 1
77 12 1
78 11 1
79 11 1
80 11 1
81 10 1
81 9 1
82 8 1
83 8 1
84 7 1
85 6 1
86 5 1
87 5 1
88 4 1
89 3 1
90 2 1
91 1 1
92 1 1
.PEN_UP
.PEN_DOWN
15 83 1
14 83 1
13 84 1
12 84 1
11 85 1
11 86 1
11 87 1
10 88 1
10 89 1
11 90 1
11 91 1
11 92 1
12 93 1
13 94 1
14 95 1
15 96 1
16 97 1
17 98 1
18 98 1
19 99 1
20 100 1
21 100 1
22 101 1
23 101 1
24 102 1
25 102 1
26 103 1
27 103 1
28 103 1
29 104 1
30 104 1
31 104 1
32 104 1
33 104 1
34 105 1
35 105 1
36 105 1
37 105 1
38 105 1
39 106 1
40 106 1
41 106 1
42 106 1
43 106 1
44 107 1
45 107 1
46 107 1
47 107 1
48 107 1
49 108 1
50 108 1
51 108 1
52 109 1
53 109 1
54 109 1
55 110 1
56 110 1
57 111 1
58 111 1
59 111 1
60 112 1
61 112 1
62 112 1
63 112 1
64 113 1
65 113 1
66 113 1
67 113 1
68 114 1
69 114 1
70 114 1
71 114 1
72 115 1
73 115 1
74 115 1
75 115 1
76 116 1
77 116 1
78 116 1
79 117 1
80 117 1
81 117 1
82 118 1
83 118 1
84 119 1
85 119 1
86 119 1
87 119 1
88 120 1
89 120 1
90 120 1
91 120 1
92 120 1
93 120 1
94 120 1
95 121 1
96 121 1
97 121 1
98 121 1
99 122 1
100 122 1
101 122 1
102 123 1
103 123 1
104 123 1
105 124 1
106 125 1
107 126 1
107 127 1
108 128 1
107 129 1
106 130 1
105 130 1
104 130 1
.PEN_UP
