.PEN_DOWN
25 1 1
25 2 1
25 3 1
25 4 1
25 5 1
24 6 1
24 7 1
24 8 1
24 9 1
24 10 1
24 11 1
24 12 1
23 13 1
23 14 1
23 15 1
23 16 1
23 17 1
23 18 1
23 19 1
23 20 1
23 21 1
23 22 1
22 23 1
22 24 1
22 25 1
22 26 1
22 27 1
22 28 1
22 29 1
22 30 1
22 31 1
22 32 1
21 33 1
21 34 1
21 35 1
21 36 1
21 37 1
21 38 1
21 39 1
20 40 1
20 41 1
20 42 1
20 43 1
20 44 1
20 45 1
19 46 1
19 47 1
19 48 1
19 49 1
19 50 1
18 51 1
18 52 1
18 53 1
18 54 1
18 55 1
17 56 1
17 57 1
17 58 1
17 59 1
17 60 1
16 61 1
16 62 1
16 63 1
16 64 1
16 65 1
15 66 1
15 67 1
15 68 1
15 69 1
15 70 1
14 71 1
14 72 1
14 73 1
14 74 1
14 75 1
14 76 1
13 77 1
13 78 1
13 79 1
13 80 1
13 81 1
12 82 1
12 83 1
12 84 1
12 85 1
12 86 1
11 87 1
11 88 1
11 89 1
11 90 1
11 91 1
11 92 1
10 93 1
10 94 1
10 95 1
10 96 1
10 97 1
10 98 1
10 99 1
9 100 1
9 101 1
9 102 1
9 103 1
9 104 1
9 105 1
9 106 1
9 107 1
8 108 1
8 109 1
8 110 1
8 111 1
8 112 1
8 113 1
7 114 1
7 115 1
7 116 1
7 117 1
7 118 1
6 119 1
6 120 1
6 121 1
6 122 1
6 123 1
5 124 1
5 125 1
5 126 1
5 127 1
5 128 1
5 129 1
4 130 1
4 131 1
4 132 1
4 133 1
4 134 1
4 135 1
4 136 1
3 137 1
3 138 1
3 139 1
3 140 1
3 141 1
2 142 1
2 143 1
2 144 1
2 145 1
1 146 1
1 147 1
1 148 1
1 149 1
1 150 1
2 151 1
.PEN_UP
.PEN_DOWN
27 53 1
28 53 1
29 53 1
30 53 1
31 53 1
32 53 1
33 53 1
34 54 1
35 54 1
36 54 1
37 54 1
38 54 1
39 54 1
40 55 1
41 55 1
42 55 1
43 55 1
44 55 1
45 55 1
46 55 1
47 55 1
48 56 1
49 56 1
50 56 1
51 56 1
52 56 1
53 56 1
54 56 1
55 56 1
56 57 1
57 57 1
58 57 1
59 57 1
60 57 1
61 58 1
62 58 1
63 58 1
64 58 1
65 58 1
66 58 1
67 59 1
68 59 1
69 59 1
70 59 1
71 59 1
72 60 1
73 60 1
74 60 1
75 60 1
76 60 1
77 60 1
78 61 1
79 61 1
80 61 1
81 61 1
82 61 1
83 62 1
84 62 1
85 62 1
86 62 1
87 62 1
88 62 1
89 63 1
90 63 1
91 63 1
92 63 1
93 63 1
94 64 1
95 64 1
96 64 1
97 64 1
98 65 1
99 65 1
100 65 1
101 65 1
102 66 1
103 66 1
104 66 1
105 67 1
106 68 1
108 68 1
109 68 1
110 68 1
111 68 1
112 69 1
113 69 1
.PEN_UP
.PEN_DOWN
106 69 1
105 70 1
104 71 1
103 72 1
102 73 1
101 74 1
101 75 1
101 76 1
101 77 1
101 78 1
101 79 1
101 80 1
101 81 1
101 82 1
101 83 1
101 84 1
101 85 1
102 86 1
102 87 1
102 88 1
102 89 1
102 90 1
102 91 1
103 92 1
103 93 1
104 94 1
104 95 1
104 96 1
105 97 1
105 98 1
106 99 1
106 100 1
107 101 1
107 102 1
108 103 1
108 104 1
109 105 1
109 106 1
110 107 1
111 108 1
112 109 1
113 110 1
113 111 1
114 112 1
115 113 1
116 114 1
117 114 1
118 115 1
119 116 1
120 116 1
121 117 1
122 118 1
123 118 1
124 119 1
125 119 1
126 120 1
127 121 1
128 121 1
129 122 1
130 122 1
131 123 1
132 124 1
133 124 1
134 125 1
135 125 1
136 125 1
137 126 1
138 126 1
139 126 1
140 127 1
141 127 1
142 128 1
143 128 1
144 128 1
145 128 1
146 129 1
147 129 1
148 129 1
149 129 1
150 130 1
151 130 1
152 130 1
153 130 1
154 130 1
155 131 1
156 131 1
157 131 1
158 131 1
159 131 1
160 131 1
161 131 1
162 131 1
163 131 1
164 131 1
165 131 1
166 131 1
167 131 1
168 131 1
169 131 1
170 131 1
171 131 1
172 131 1
173 131 1
174 131 1
175 131 1
176 131 1
177 131 1
178 131 1
179 131 1
180 130 1
181 130 1
182 130 1
183 130 1
184 130 1
185 130 1
186 130 1
187 129 1
188 129 1
189 129 1
190 129 1
191 129 1
192 128 1
193 128 1
194 128 1
195 128 1
196 127 1
197 127 1
198 127 1
199 126 1
200 126 1
201 126 1
202 125 1
203 125 1
204 125 1
205 124 1
206 124 1
207 124 1
208 123 1
209 123 1
210 122 1
211 122 1
212 121 1
213 121 1
214 120 1
215 119 1
216 119 1
217 118 1
218 117 1
219 117 1
220 116 1
221 116 1
222 115 1
223 114 1
224 113 1
225 112 1
226 111 1
227 110 1
228 109 1
229 108 1
230 107 1
231 106 1
232 105 1
232 104 1
233 103 1
234 102 1
234 101 1
235 100 1
236 99 1
237 98 1
237 97 1
238 96 1
239 95 1
240 94 1
240 93 1
241 92 1
241 91 1
242 90 1
242 89 1
243 88 1
244 87 1
246 88 1
247 89 1
248 90 1
249 91 1
250 92 1
250 93 1
251 94 1
252 95 1
253 96 1
254 97 1
255 98 1
256 99 1
257 100 1
258 101 1
259 102 1
260 102 1
261 103 1
262 104 1
263 104 1
264 105 1
265 106 1
266 107 1
267 108 1
268 108 1
269 109 1
270 110 1
271 111 1
272 112 1
273 113 1
274 113 1
275 114 1
276 115 1
277 115 1
278 116 1
279 117 1
280 118 1
281 119 1
282 120 1
283 121 1
284 122 1
285 123 1
286 124 1
287 125 1
287 126 1
288 127 1
288 128 1
289 129 1
289 130 1
290 131 1
291 132 1
291 133 1
292 134 1
292 135 1
293 136 1
.PEN_UP
.PEN_DOWN
244 85 1
244 84 1
243 83 1
242 82 1
242 81 1
241 80 1
241 79 1
241 78 1
240 77 1
240 76 1
239 75 1
239 74 1
239 73 1
239 72 1
238 71 1
238 70 1
238 69 1
238 68 1
237 67 1
237 66 1
237 65 1
237 64 1
237 63 1
237 62 1
237 61 1
236 60 1
236 59 1
236 58 1
237 57 1
237 56 1
237 55 1
237 54 1
237 53 1
237 52 1
238 51 1
238 50 1
239 49 1
239 48 1
240 47 1
241 46 1
242 45 1
243 44 1
244 44 1
245 43 1
246 43 1
247 43 1
248 43 1
249 44 1
250 45 1
251 45 1
252 46 1
253 47 1
253 48 1
253 49 1
253 50 1
253 51 1
254 52 1
254 53 1
254 54 1
254 55 1
254 56 1
254 57 1
254 58 1
254 59 1
254 60 1
254 61 1
254 62 1
253 63 1
253 64 1
253 65 1
253 66 1
252 67 1
252 68 1
252 69 1
251 70 1
251 71 1
251 72 1
250 73 1
250 74 1
250 75 1
249 76 1
249 77 1
248 78 1
248 79 1
247 80 1
247 81 1
246 82 1
245 83 1
.PEN_UP
