.PEN_DOWN
22 81 1
23 82 1
23 83 1
23 84 1
23 85 1
24 86 1
24 87 1
24 88 1
24 89 1
24 90 1
25 91 1
25 92 1
25 93 1
25 94 1
25 95 1
26 96 1
26 97 1
26 98 1
24 99 1
23 99 1
22 99 1
21 98 1
20 98 1
19 98 1
18 98 1
17 98 1
16 98 1
15 98 1
14 98 1
13 98 1
12 98 1
11 97 1
10 97 1
9 97 1
8 97 1
7 97 1
6 96 1
5 96 1
4 96 1
3 96 1
2 96 1
1 96 1
.PEN_UP
.PEN_DOWN
25 99 1
28 99 1
29 99 1
30 99 1
31 99 1
32 99 1
33 99 1
34 99 1
35 99 1
36 99 1
37 99 1
38 99 1
39 99 1
40 99 1
41 99 1
42 99 1
43 99 1
44 99 1
45 99 1
46 98 1
47 98 1
48 98 1
49 98 1
50 98 1
51 98 1
52 98 1
53 99 1
54 99 1
55 99 1
56 99 1
57 99 1
58 99 1
59 99 1
60 99 1
61 99 1
62 99 1
63 99 1
64 99 1
65 99 1
66 99 1
67 99 1
68 99 1
69 99 1
70 99 1
71 99 1
72 99 1
73 99 1
74 99 1
75 99 1
76 99 1
77 99 1
78 99 1
79 99 1
80 99 1
81 99 1
82 98 1
83 98 1
84 98 1
85 98 1
86 98 1
87 98 1
88 98 1
89 98 1
90 98 1
91 98 1
92 98 1
93 98 1
94 98 1
95 98 1
96 98 1
97 98 1
98 98 1
99 98 1
100 98 1
101 98 1
102 98 1
103 98 1
104 98 1
105 98 1
106 98 1
107 97 1
106 95 1
105 94 1
104 93 1
103 93 1
102 92 1
101 92 1
100 91 1
99 91 1
98 90 1
97 89 1
96 88 1
95 87 1
94 86 1
94 85 1
93 84 1
92 83 1
92 82 1
92 81 1
92 80 1
92 79 1
92 78 1
92 77 1
92 76 1
92 75 1
92 74 1
92 73 1
92 72 1
92 71 1
92 70 1
93 69 1
93 68 1
93 67 1
93 66 1
93 65 1
93 64 1
93 63 1
93 62 1
93 61 1
94 60 1
94 59 1
95 58 1
95 57 1
96 56 1
96 55 1
97 54 1
97 53 1
98 52 1
99 51 1
100 50 1
101 49 1
102 48 1
103 47 1
104 46 1
105 45 1
106 44 1
107 43 1
108 42 1
109 41 1
110 40 1
111 39 1
112 38 1
113 37 1
114 36 1
115 36 1
116 35 1
117 34 1
118 34 1
119 33 1
120 33 1
121 32 1
122 31 1
123 31 1
124 30 1
125 29 1
126 29 1
127 29 1
128 28 1
129 28 1
130 27 1
131 27 1
132 27 1
133 26 1
134 26 1
135 25 1
136 25 1
137 25 1
138 24 1
139 24 1
140 24 1
141 23 1
142 23 1
143 23 1
144 22 1
145 22 1
146 22 1
147 22 1
148 22 1
149 21 1
150 21 1
151 21 1
152 21 1
153 20 1
154 20 1
155 20 1
156 20 1
157 20 1
158 20 1
159 20 1
160 20 1
161 21 1
162 21 1
163 21 1
164 22 1
165 22 1
166 22 1
167 23 1
168 24 1
169 25 1
170 25 1
171 26 1
172 27 1
173 28 1
173 29 1
174 30 1
174 31 1
174 32 1
175 33 1
175 34 1
176 35 1
176 36 1
176 37 1
176 38 1
176 39 1
177 40 1
177 41 1
177 42 1
177 43 1
177 44 1
178 45 1
178 46 1
178 47 1
178 48 1
178 49 1
178 50 1
178 51 1
179 52 1
179 53 1
179 54 1
179 55 1
180 56 1
180 57 1
180 58 1
180 59 1
180 60 1
181 61 1
181 62 1
181 63 1
181 64 1
181 65 1
181 66 1
182 67 1
182 68 1
182 69 1
182 70 1
183 71 1
183 72 1
183 73 1
184 74 1
184 75 1
184 76 1
185 77 1
185 78 1
185 79 1
186 80 1
187 81 1
187 82 1
188 83 1
189 84 1
190 84 1
191 85 1
192 85 1
193 85 1
194 85 1
195 85 1
197 86 1
198 86 1
199 86 1
200 87 1
201 87 1
202 88 1
203 88 1
204 89 1
205 89 1
.PEN_UP
.PEN_DOWN
196 84 1
196 83 1
195 82 1
194 81 1
193 80 1
193 79 1
192 78 1
191 77 1
191 76 1
190 75 1
190 74 1
190 73 1
189 72 1
189 71 1
189 70 1
189 69 1
188 68 1
188 67 1
188 66 1
188 65 1
188 64 1
188 63 1
188 62 1
188 61 1
189 60 1
189 59 1
190 58 1
190 57 1
190 56 1
191 55 1
192 54 1
193 53 1
193 52 1
194 51 1
195 50 1
196 49 1
197 48 1
198 47 1
199 46 1
200 45 1
201 44 1
202 43 1
203 42 1
204 41 1
205 40 1
205 39 1
206 38 1
207 37 1
208 36 1
209 35 1
210 34 1
211 33 1
212 32 1
213 31 1
214 30 1
215 29 1
216 28 1
217 27 1
218 26 1
219 25 1
220 24 1
221 23 1
222 22 1
223 21 1
224 20 1
225 19 1
226 18 1
227 18 1
228 17 1
229 16 1
230 15 1
231 14 1
232 14 1
233 13 1
234 12 1
235 11 1
236 11 1
237 10 1
238 9 1
239 9 1
240 8 1
241 7 1
242 7 1
243 6 1
244 6 1
245 5 1
246 4 1
247 4 1
248 3 1
249 2 1
250 1 1
251 1 1
252 1 1
253 1 1
254 1 1
255 1 1
256 2 1
257 2 1
258 2 1
259 2 1
260 3 1
261 3 1
262 4 1
263 5 1
264 5 1
265 6 1
266 7 1
266 8 1
267 9 1
268 10 1
268 11 1
269 12 1
269 13 1
270 14 1
270 15 1
271 16 1
271 17 1
271 18 1
272 19 1
272 20 1
272 21 1
272 22 1
272 23 1
273 24 1
273 25 1
273 26 1
273 27 1
273 28 1
273 29 1
273 30 1
273 31 1
273 32 1
273 33 1
273 34 1
273 35 1
273 36 1
273 37 1
273 38 1
273 39 1
273 40 1
273 41 1
273 42 1
273 43 1
273 44 1
273 45 1
273 46 1
273 47 1
272 48 1
272 49 1
272 50 1
272 51 1
272 52 1
272 53 1
271 54 1
271 55 1
271 56 1
270 57 1
270 58 1
270 59 1
269 60 1
269 61 1
269 62 1
268 63 1
268 64 1
268 65 1
267 66 1
267 67 1
267 68 1
266 69 1
266 70 1
266 71 1
265 72 1
265 73 1
264 74 1
264 75 1
264 76 1
263 77 1
263 78 1
262 79 1
262 80 1
261 81 1
261 82 1
260 83 1
259 84 1
258 85 1
258 86 1
257 87 1
256 88 1
256 89 1
255 90 1
254 91 1
.PEN_UP
.PEN_DOWN
26 99 1
26 101 1
26 102 1
26 103 1
26 104 1
26 105 1
26 106 1
26 107 1
26 108 1
26 109 1
26 110 1
26 111 1
26 112 1
26 113 1
26 114 1
25 115 1
25 116 1
25 117 1
25 118 1
25 119 1
25 120 1
25 121 1
25 122 1
25 123 1
25 124 1
25 125 1
25 126 1
25 127 1
24 128 1
24 129 1
24 130 1
24 131 1
24 132 1
24 133 1
24 134 1
24 135 1
24 136 1
24 137 1
23 138 1
23 139 1
23 140 1
23 141 1
23 142 1
23 143 1
23 144 1
23 145 1
23 146 1
23 147 1
23 148 1
22 149 1
22 150 1
22 151 1
22 152 1
22 153 1
22 154 1
22 155 1
22 156 1
22 157 1
22 158 1
22 159 1
22 160 1
22 161 1
22 162 1
22 163 1
22 164 1
22 165 1
22 166 1
21 167 1
21 168 1
21 169 1
21 170 1
21 171 1
21 172 1
21 173 1
21 174 1
21 175 1
21 176 1
21 177 1
21 178 1
21 179 1
21 180 1
21 181 1
21 182 1
21 183 1
21 184 1
21 185 1
21 186 1
21 187 1
20 188 1
20 189 1
20 190 1
20 191 1
20 192 1
20 193 1
20 194 1
20 195 1
20 196 1
20 197 1
20 198 1
20 199 1
20 200 1
20 201 1
20 202 1
20 203 1
20 204 1
20 205 1
20 206 1
20 207 1
20 208 1
19 209 1
19 210 1
19 211 1
19 212 1
19 213 1
19 214 1
19 215 1
19 216 1
19 217 1
19 218 1
19 219 1
19 220 1
19 221 1
19 222 1
19 223 1
19 224 1
19 225 1
19 226 1
19 227 1
19 228 1
19 229 1
19 230 1
18 231 1
18 232 1
18 233 1
18 234 1
18 235 1
18 236 1
18 237 1
18 238 1
18 239 1
18 240 1
18 241 1
18 242 1
18 243 1
18 244 1
18 245 1
18 246 1
18 247 1
18 248 1
18 249 1
18 250 1
17 251 1
17 252 1
17 253 1
17 254 1
17 255 1
17 256 1
17 257 1
17 258 1
17 259 1
17 260 1
17 261 1
17 262 1
17 263 1
17 264 1
17 265 1
17 266 1
17 267 1
17 268 1
17 269 1
17 270 1
16 271 1
16 272 1
16 273 1
16 274 1
16 275 1
16 276 1
16 277 1
16 278 1
16 279 1
16 280 1
16 281 1
16 282 1
16 283 1
16 284 1
16 285 1
16 286 1
16 287 1
16 288 1
16 289 1
16 290 1
16 291 1
16 292 1
16 293 1
16 294 1
16 295 1
16 296 1
16 297 1
16 298 1
15 299 1
15 300 1
15 301 1
15 302 1
15 303 1
15 304 1
15 305 1
15 306 1
.PEN_UP
.PEN_DOWN
63 193 1
62 194 1
61 195 1
60 196 1
59 197 1
58 198 1
58 199 1
58 200 1
59 201 1
60 201 1
61 201 1
62 201 1
63 201 1
64 201 1
65 202 1
66 202 1
67 202 1
68 202 1
69 202 1
70 202 1
71 202 1
72 202 1
73 202 1
74 202 1
75 202 1
76 202 1
77 202 1
78 202 1
79 202 1
80 202 1
81 202 1
82 202 1
83 202 1
84 202 1
85 202 1
86 202 1
87 202 1
88 202 1
89 201 1
90 201 1
91 201 1
92 201 1
93 201 1
94 201 1
95 201 1
96 201 1
97 201 1
98 201 1
99 200 1
100 200 1
101 200 1
102 200 1
103 200 1
104 200 1
105 200 1
106 199 1
107 199 1
108 199 1
109 199 1
110 199 1
111 199 1
112 199 1
113 198 1
114 198 1
115 198 1
116 198 1
117 197 1
118 197 1
119 197 1
120 196 1
121 196 1
122 196 1
123 195 1
124 195 1
125 194 1
126 194 1
127 194 1
128 193 1
129 193 1
130 193 1
131 192 1
132 192 1
133 192 1
134 191 1
135 191 1
136 190 1
137 190 1
138 190 1
139 189 1
140 189 1
141 188 1
142 188 1
143 187 1
144 187 1
145 186 1
146 186 1
147 185 1
148 185 1
149 185 1
150 184 1
151 184 1
152 183 1
153 183 1
154 182 1
155 182 1
156 181 1
157 181 1
158 180 1
159 180 1
160 179 1
161 179 1
162 178 1
163 178 1
164 177 1
165 176 1
166 175 1
167 174 1
168 173 1
169 173 1
170 173 1
171 172 1
172 171 1
173 171 1
174 170 1
175 169 1
176 169 1
177 168 1
178 168 1
179 167 1
180 166 1
181 165 1
182 164 1
183 163 1
184 162 1
185 161 1
186 160 1
187 160 1
188 159 1
189 158 1
190 157 1
191 156 1
192 155 1
193 154 1
194 153 1
195 152 1
196 151 1
197 150 1
198 149 1
199 148 1
200 147 1
200 146 1
201 145 1
202 144 1
203 143 1
203 142 1
204 141 1
205 140 1
206 139 1
207 138 1
207 137 1
208 136 1
208 135 1
209 134 1
210 133 1
210 132 1
211 131 1
212 130 1
212 129 1
213 128 1
213 127 1
214 126 1
214 125 1
214 124 1
215 123 1
215 122 1
215 121 1
215 120 1
215 119 1
214 118 1
214 117 1
213 116 1
212 115 1
211 114 1
210 113 1
209 112 1
208 112 1
207 112 1
206 112 1
205 111 1
204 111 1
203 111 1
202 111 1
201 110 1
200 110 1
199 110 1
198 110 1
197 110 1
196 110 1
195 110 1
194 110 1
193 109 1
192 109 1
191 109 1
190 110 1
189 110 1
188 110 1
187 110 1
186 110 1
185 110 1
184 110 1
183 111 1
182 111 1
181 111 1
180 111 1
179 111 1
178 112 1
177 113 1
176 114 1
175 115 1
174 116 1
173 117 1
172 118 1
172 119 1
172 120 1
171 121 1
171 122 1
171 123 1
171 124 1
170 125 1
170 126 1
170 127 1
170 128 1
171 129 1
171 130 1
171 131 1
171 132 1
171 133 1
171 134 1
171 135 1
171 136 1
171 137 1
171 138 1
171 139 1
171 140 1
171 141 1
171 142 1
171 143 1
171 144 1
171 145 1
171 146 1
171 147 1
171 148 1
171 149 1
171 150 1
171 151 1
171 152 1
171 153 1
171 154 1
171 155 1
170 156 1
170 157 1
170 158 1
170 159 1
170 160 1
170 161 1
170 162 1
170 163 1
169 164 1
169 165 1
169 166 1
169 167 1
168 168 1
168 169 1
168 170 1
167 171 1
167 172 1
.PEN_UP
.PEN_DOWN
164 179 1
164 180 1
164 181 1
163 182 1
163 183 1
163 184 1
162 185 1
162 186 1
161 187 1
161 188 1
160 189 1
160 190 1
159 191 1
159 192 1
158 193 1
158 194 1
157 195 1
157 196 1
156 197 1
156 198 1
155 199 1
155 200 1
154 201 1
153 202 1
153 203 1
152 204 1
151 205 1
151 206 1
150 207 1
149 208 1
149 209 1
148 210 1
147 211 1
147 212 1
146 213 1
145 214 1
145 215 1
144 216 1
143 217 1
143 218 1
142 219 1
142 220 1
141 221 1
140 222 1
139 223 1
139 224 1
138 225 1
137 226 1
137 227 1
136 228 1
135 229 1
134 230 1
134 231 1
133 232 1
132 233 1
131 234 1
131 235 1
130 236 1
129 237 1
129 238 1
128 239 1
127 240 1
126 241 1
125 242 1
124 243 1
123 244 1
122 245 1
122 246 1
121 247 1
120 248 1
119 249 1
118 250 1
117 251 1
116 252 1
115 253 1
114 254 1
114 255 1
113 256 1
112 257 1
111 257 1
110 258 1
109 259 1
108 260 1
107 261 1
106 262 1
105 263 1
104 264 1
103 265 1
102 266 1
101 267 1
100 268 1
99 269 1
98 270 1
97 270 1
96 271 1
95 272 1
94 273 1
93 273 1
92 274 1
91 275 1
91 276 1
90 278 1
89 278 1
88 278 1
87 278 1
86 279 1
85 279 1
84 280 1
83 280 1
82 281 1
81 281 1
80 281 1
79 281 1
78 282 1
77 283 1
76 284 1
75 285 1
74 285 1
73 285 1
72 286 1
71 286 1
70 286 1
69 286 1
68 287 1
67 287 1
66 287 1
65 287 1
64 288 1
63 288 1
62 288 1
61 288 1
60 289 1
59 289 1
58 289 1
57 289 1
56 289 1
55 289 1
54 288 1
53 288 1
52 288 1
51 289 1
50 289 1
49 289 1
48 290 1
47 290 1
46 290 1
45 290 1
44 290 1
43 290 1
42 290 1
41 290 1
.PEN_UP
.PEN_DOWN
55 287 1
56 286 1
57 286 1
58 285 1
59 285 1
60 285 1
61 284 1
62 284 1
63 284 1
64 284 1
65 283 1
66 283 1
67 283 1
68 282 1
69 282 1
70 282 1
71 281 1
72 281 1
73 281 1
74 281 1
75 281 1
76 281 1
77 281 1
.PEN_UP
.PEN_DOWN
91 277 1
93 277 1
94 277 1
95 277 1
96 277 1
97 277 1
98 277 1
99 276 1
100 276 1
101 276 1
102 276 1
103 275 1
104 275 1
105 275 1
106 274 1
107 274 1
108 274 1
109 274 1
110 273 1
111 273 1
112 273 1
113 272 1
114 272 1
115 272 1
116 272 1
117 271 1
118 271 1
119 271 1
120 271 1
121 270 1
122 270 1
123 270 1
124 269 1
125 269 1
126 269 1
127 269 1
128 268 1
129 268 1
130 268 1
131 267 1
132 267 1
133 267 1
134 267 1
135 266 1
136 266 1
137 266 1
138 265 1
139 265 1
140 265 1
141 264 1
142 264 1
143 264 1
144 264 1
145 263 1
146 263 1
147 263 1
148 262 1
149 262 1
150 262 1
151 261 1
152 261 1
153 261 1
154 261 1
155 260 1
156 260 1
157 260 1
158 259 1
159 259 1
160 259 1
161 258 1
162 258 1
163 258 1
164 257 1
165 257 1
166 257 1
167 256 1
168 256 1
169 256 1
170 255 1
171 255 1
172 255 1
173 254 1
174 254 1
175 254 1
176 253 1
177 253 1
178 253 1
179 252 1
180 252 1
181 252 1
182 251 1
183 251 1
184 251 1
185 250 1
186 250 1
187 250 1
188 249 1
189 249 1
190 249 1
191 249 1
192 248 1
193 248 1
194 248 1
195 247 1
196 247 1
197 247 1
198 246 1
199 246 1
200 246 1
201 245 1
202 245 1
203 245 1
204 245 1
205 244 1
206 244 1
207 244 1
208 243 1
209 243 1
210 243 1
211 242 1
212 242 1
213 242 1
214 241 1
215 241 1
216 241 1
217 240 1
218 240 1
219 239 1
219 238 1
218 237 1
217 236 1
216 235 1
215 235 1
214 235 1
213 235 1
212 235 1
211 234 1
210 234 1
209 234 1
208 234 1
207 234 1
206 234 1
.PEN_UP
