.PEN_DOWN
16 1 1
16 2 1
15 3 1
15 4 1
16 5 1
16 6 1
16 7 1
16 8 1
16 9 1
16 10 1
16 11 1
16 12 1
16 13 1
16 14 1
16 15 1
16 16 1
16 17 1
16 18 1
16 19 1
16 20 1
16 21 1
16 22 1
16 23 1
16 24 1
16 25 1
16 26 1
16 27 1
16 28 1
16 29 1
16 30 1
16 31 1
16 32 1
16 33 1
16 34 1
16 35 1
16 36 1
16 37 1
16 38 1
16 39 1
16 40 1
16 41 1
16 42 1
16 43 1
16 44 1
16 45 1
16 46 1
16 47 1
16 48 1
16 49 1
16 50 1
16 51 1
16 52 1
16 53 1
16 54 1
16 55 1
16 56 1
16 57 1
16 58 1
16 59 1
16 60 1
16 61 1
16 62 1
16 63 1
16 64 1
16 65 1
16 66 1
16 67 1
16 68 1
16 69 1
16 70 1
16 71 1
16 72 1
15 73 1
15 74 1
15 75 1
15 76 1
15 77 1
15 78 1
15 79 1
15 80 1
15 81 1
15 82 1
15 83 1
14 84 1
14 85 1
14 86 1
14 87 1
14 88 1
14 89 1
14 90 1
14 91 1
14 92 1
14 93 1
14 94 1
14 95 1
14 96 1
14 97 1
13 98 1
13 99 1
13 100 1
13 101 1
13 102 1
13 103 1
13 104 1
13 105 1
13 106 1
13 107 1
13 108 1
13 109 1
13 110 1
13 111 1
13 112 1
12 113 1
12 114 1
12 115 1
12 116 1
12 117 1
12 118 1
12 119 1
12 120 1
12 121 1
12 122 1
12 123 1
12 124 1
12 125 1
12 126 1
12 127 1
12 128 1
11 129 1
11 130 1
11 131 1
11 132 1
11 133 1
11 134 1
11 135 1
11 136 1
11 137 1
11 138 1
11 139 1
11 140 1
11 141 1
11 142 1
11 143 1
11 144 1
10 145 1
10 146 1
10 147 1
10 148 1
10 149 1
10 150 1
10 151 1
10 152 1
10 153 1
10 154 1
10 155 1
10 156 1
10 157 1
10 158 1
10 159 1
10 160 1
10 161 1
10 162 1
9 163 1
9 164 1
9 165 1
9 166 1
9 167 1
9 168 1
9 169 1
9 170 1
9 171 1
9 172 1
9 173 1
9 174 1
9 175 1
9 176 1
9 177 1
9 178 1
9 179 1
9 180 1
9 181 1
8 182 1
8 183 1
8 184 1
8 185 1
8 186 1
8 187 1
8 188 1
8 189 1
8 190 1
8 191 1
8 192 1
8 193 1
8 194 1
8 195 1
8 196 1
8 197 1
8 198 1
8 199 1
8 200 1
8 201 1
8 202 1
8 203 1
8 204 1
8 205 1
8 206 1
8 207 1
8 208 1
8 209 1
8 210 1
8 211 1
8 212 1
8 213 1
8 214 1
8 215 1
8 216 1
8 217 1
8 218 1
8 219 1
8 220 1
8 221 1
8 222 1
8 223 1
8 224 1
8 225 1
8 226 1
8 227 1
8 228 1
8 229 1
8 230 1
8 231 1
8 232 1
8 233 1
8 234 1
8 235 1
8 236 1
8 237 1
8 238 1
8 239 1
8 240 1
8 241 1
8 242 1
7 243 1
7 244 1
7 245 1
7 246 1
7 247 1
7 248 1
7 249 1
7 250 1
7 251 1
7 252 1
7 253 1
7 254 1
7 255 1
7 256 1
7 257 1
7 258 1
7 259 1
7 260 1
7 261 1
7 262 1
7 263 1
7 264 1
7 265 1
7 266 1
7 267 1
7 268 1
7 269 1
7 270 1
7 271 1
7 272 1
7 273 1
7 274 1
7 275 1
6 276 1
5 276 1
4 276 1
3 277 1
2 277 1
1 277 1
.PEN_UP
.PEN_DOWN
7 277 1
7 278 1
6 279 1
6 280 1
6 281 1
6 282 1
6 283 1
6 284 1
6 285 1
6 286 1
.PEN_UP
.PEN_DOWN
123 17 1
123 18 1
123 19 1
122 20 1
122 21 1
122 22 1
122 23 1
122 24 1
122 25 1
122 26 1
122 27 1
122 28 1
122 29 1
122 30 1
122 31 1
122 32 1
122 33 1
122 34 1
122 35 1
122 36 1
122 37 1
122 38 1
122 39 1
122 40 1
122 41 1
122 42 1
122 43 1
122 44 1
122 45 1
122 46 1
122 47 1
122 48 1
123 49 1
123 50 1
123 51 1
123 52 1
123 53 1
123 54 1
123 55 1
123 56 1
123 57 1
123 58 1
123 59 1
123 60 1
124 61 1
124 62 1
124 63 1
124 64 1
124 65 1
124 66 1
124 67 1
124 68 1
124 69 1
124 70 1
124 71 1
124 72 1
124 73 1
124 74 1
124 75 1
124 76 1
124 77 1
124 78 1
124 79 1
125 80 1
126 80 1
127 80 1
128 80 1
129 80 1
130 79 1
131 78 1
132 77 1
133 76 1
134 75 1
135 74 1
136 73 1
137 72 1
138 71 1
139 70 1
140 69 1
140 68 1
141 67 1
142 66 1
143 65 1
144 64 1
145 64 1
146 64 1
147 63 1
148 63 1
149 63 1
150 62 1
151 62 1
152 61 1
153 60 1
154 60 1
155 60 1
156 59 1
157 59 1
158 59 1
159 58 1
160 58 1
161 57 1
162 57 1
163 56 1
164 56 1
165 55 1
166 55 1
167 54 1
168 54 1
169 53 1
170 53 1
171 52 1
172 51 1
173 50 1
174 49 1
175 49 1
176 49 1
177 48 1
178 48 1
179 48 1
180 47 1
181 47 1
182 47 1
183 46 1
184 46 1
185 46 1
186 45 1
187 45 1
188 45 1
189 45 1
190 45 1
191 45 1
192 45 1
193 45 1
194 45 1
195 45 1
196 46 1
197 46 1
198 46 1
199 47 1
200 48 1
201 48 1
202 49 1
203 50 1
204 50 1
205 51 1
206 52 1
207 53 1
208 54 1
209 55 1
210 56 1
211 57 1
212 58 1
213 58 1
214 59 1
215 60 1
216 61 1
216 62 1
217 63 1
218 64 1
219 65 1
220 66 1
221 67 1
221 68 1
222 69 1
223 70 1
223 71 1
224 72 1
224 73 1
224 74 1
225 75 1
225 76 1
225 77 1
226 78 1
226 79 1
226 80 1
226 81 1
226 82 1
226 83 1
226 84 1
226 85 1
226 86 1
226 87 1
226 88 1
226 89 1
226 90 1
226 91 1
226 92 1
226 93 1
226 94 1
226 95 1
226 96 1
226 97 1
.PEN_UP
.PEN_DOWN
124 81 1
124 82 1
123 83 1
123 84 1
123 85 1
123 86 1
123 87 1
123 88 1
123 89 1
123 90 1
123 91 1
123 92 1
123 93 1
123 94 1
123 95 1
123 96 1
123 97 1
123 98 1
123 99 1
123 100 1
123 101 1
123 102 1
123 103 1
123 104 1
123 105 1
123 106 1
123 107 1
123 108 1
123 109 1
123 110 1
.PEN_UP
