.PEN_DOWN
14 16 1
14 17 1
13 18 1
13 19 1
13 20 1
12 21 1
12 22 1
12 23 1
12 24 1
12 25 1
12 26 1
12 27 1
12 28 1
12 29 1
12 30 1
12 31 1
12 32 1
11 33 1
11 34 1
11 35 1
11 36 1
11 37 1
11 38 1
11 39 1
11 40 1
10 41 1
9 42 1
9 43 1
9 44 1
9 45 1
9 46 1
9 47 1
9 48 1
9 49 1
9 50 1
9 51 1
9 52 1
8 53 1
8 54 1
8 55 1
8 56 1
8 57 1
8 58 1
8 59 1
8 60 1
8 61 1
8 62 1
8 63 1
8 64 1
8 65 1
8 66 1
8 67 1
7 68 1
7 69 1
7 70 1
7 71 1
7 72 1
7 73 1
7 74 1
7 75 1
7 76 1
7 77 1
7 78 1
7 79 1
7 80 1
7 81 1
7 82 1
6 83 1
6 84 1
6 85 1
6 86 1
6 87 1
6 88 1
6 89 1
6 90 1
6 91 1
6 92 1
6 93 1
6 94 1
6 95 1
6 96 1
6 97 1
6 98 1
6 99 1
6 100 1
6 101 1
6 102 1
6 103 1
6 104 1
6 105 1
6 106 1
6 107 1
6 108 1
6 109 1
5 110 1
5 111 1
5 112 1
5 113 1
5 114 1
5 115 1
5 116 1
5 117 1
5 118 1
5 119 1
5 120 1
5 121 1
5 122 1
5 123 1
5 124 1
5 125 1
5 126 1
5 127 1
5 128 1
5 129 1
5 130 1
5 131 1
5 132 1
5 133 1
5 134 1
5 135 1
5 136 1
5 137 1
5 138 1
5 139 1
5 140 1
4 141 1
4 142 1
4 143 1
4 144 1
4 145 1
4 146 1
4 147 1
4 148 1
4 149 1
4 150 1
4 151 1
4 152 1
4 153 1
4 154 1
4 155 1
4 156 1
4 157 1
4 158 1
4 159 1
4 160 1
4 161 1
4 162 1
4 163 1
4 164 1
4 165 1
4 166 1
4 167 1
4 168 1
3 169 1
3 170 1
3 171 1
3 172 1
3 173 1
3 174 1
3 175 1
3 176 1
3 177 1
3 178 1
3 179 1
3 180 1
3 181 1
3 182 1
3 183 1
3 184 1
3 185 1
3 186 1
3 187 1
3 188 1
3 189 1
3 190 1
2 191 1
2 192 1
2 193 1
2 194 1
2 195 1
2 196 1
2 197 1
2 198 1
2 199 1
2 200 1
2 201 1
2 202 1
2 203 1
2 204 1
1 205 1
1 206 1
1 207 1
1 208 1
1 209 1
1 210 1
1 211 1
1 212 1
.PEN_UP
.PEN_DOWN
12 41 1
13 42 1
13 43 1
13 44 1
13 45 1
13 46 1
13 47 1
13 48 1
13 49 1
13 50 1
13 51 1
13 52 1
13 53 1
13 54 1
.PEN_UP
.PEN_DOWN
104 1 1
104 2 1
103 3 1
103 4 1
103 5 1
103 6 1
103 7 1
103 8 1
102 9 1
102 10 1
102 11 1
102 12 1
101 13 1
100 14 1
100 15 1
100 16 1
100 17 1
100 18 1
100 19 1
99 20 1
99 21 1
99 22 1
99 23 1
99 24 1
99 25 1
98 26 1
98 27 1
98 28 1
98 29 1
98 30 1
98 31 1
98 32 1
97 33 1
97 34 1
97 35 1
97 36 1
97 37 1
97 38 1
96 39 1
96 40 1
96 41 1
96 42 1
96 43 1
96 44 1
95 45 1
95 46 1
95 47 1
95 48 1
95 49 1
95 50 1
95 51 1
94 52 1
94 53 1
94 54 1
94 55 1
94 56 1
94 57 1
94 58 1
94 59 1
94 60 1
93 61 1
93 62 1
93 63 1
93 64 1
93 65 1
93 66 1
93 67 1
93 68 1
93 69 1
93 70 1
93 71 1
92 72 1
92 73 1
92 74 1
92 75 1
92 76 1
92 77 1
92 78 1
92 79 1
92 80 1
92 81 1
92 82 1
92 83 1
92 84 1
92 85 1
92 86 1
92 87 1
92 88 1
92 89 1
92 90 1
92 91 1
92 92 1
91 93 1
91 94 1
91 95 1
91 96 1
91 97 1
91 98 1
91 99 1
91 100 1
91 101 1
91 102 1
91 103 1
92 104 1
92 105 1
92 106 1
92 107 1
92 108 1
92 109 1
92 110 1
92 111 1
92 112 1
92 113 1
92 114 1
92 115 1
92 116 1
92 117 1
92 118 1
92 119 1
92 120 1
92 121 1
92 122 1
92 123 1
92 124 1
92 125 1
92 126 1
91 127 1
91 128 1
91 129 1
91 130 1
91 131 1
91 132 1
91 133 1
91 134 1
90 135 1
90 136 1
90 137 1
90 138 1
90 139 1
90 140 1
89 141 1
89 142 1
89 143 1
89 144 1
89 145 1
89 146 1
89 147 1
89 148 1
89 149 1
89 150 1
89 151 1
89 152 1
89 153 1
89 154 1
89 155 1
89 156 1
88 157 1
.PEN_UP
.PEN_DOWN
103 13 1
104 14 1
104 15 1
104 16 1
104 17 1
104 18 1
104 19 1
104 20 1
104 21 1
104 22 1
.PEN_UP
.PEN_DOWN
112 159 1
111 159 1
110 159 1
109 159 1
108 159 1
107 158 1
106 158 1
105 157 1
105 156 1
104 155 1
103 154 1
103 153 1
102 152 1
101 151 1
101 150 1
101 149 1
101 148 1
100 147 1
100 146 1
100 145 1
100 144 1
99 143 1
99 142 1
99 141 1
99 140 1
98 139 1
98 138 1
98 137 1
98 136 1
98 135 1
98 134 1
98 133 1
98 132 1
98 131 1
98 130 1
98 129 1
98 128 1
98 127 1
98 126 1
98 125 1
98 124 1
98 123 1
98 122 1
98 121 1
98 120 1
98 119 1
99 118 1
99 117 1
99 116 1
100 115 1
101 114 1
102 113 1
102 112 1
103 111 1
104 110 1
105 109 1
106 108 1
107 107 1
108 106 1
109 105 1
109 104 1
110 103 1
111 102 1
111 101 1
112 100 1
112 99 1
113 98 1
113 97 1
114 96 1
114 95 1
115 94 1
115 93 1
116 92 1
116 91 1
116 90 1
117 89 1
118 88 1
118 87 1
119 86 1
119 85 1
120 84 1
120 83 1
120 82 1
121 81 1
121 80 1
121 79 1
122 78 1
122 77 1
122 76 1
123 75 1
124 74 1
124 73 1
124 72 1
125 71 1
125 70 1
126 69 1
127 68 1
128 67 1
129 66 1
130 65 1
131 64 1
132 64 1
133 64 1
134 64 1
135 64 1
136 63 1
137 63 1
138 63 1
139 62 1
140 62 1
141 61 1
142 61 1
143 61 1
144 61 1
145 61 1
146 61 1
147 60 1
148 60 1
149 60 1
150 60 1
151 60 1
152 60 1
153 59 1
154 59 1
155 59 1
156 59 1
157 59 1
158 59 1
159 58 1
160 58 1
161 58 1
162 58 1
163 58 1
164 58 1
165 57 1
166 57 1
167 57 1
168 57 1
169 57 1
170 57 1
171 57 1
172 57 1
173 57 1
174 56 1
175 56 1
176 56 1
177 56 1
178 56 1
179 56 1
180 56 1
181 56 1
182 55 1
183 55 1
184 55 1
185 55 1
186 55 1
187 55 1
188 55 1
189 55 1
190 55 1
191 55 1
192 55 1
193 55 1
194 55 1
195 55 1
196 55 1
197 55 1
198 55 1
199 55 1
200 55 1
201 55 1
202 55 1
203 55 1
204 55 1
205 55 1
206 55 1
207 55 1
208 55 1
209 55 1
210 55 1
211 55 1
212 55 1
213 55 1
214 55 1
215 55 1
216 55 1
217 55 1
218 55 1
219 56 1
220 56 1
221 56 1
222 56 1
223 56 1
224 56 1
225 56 1
226 56 1
227 56 1
228 56 1
229 56 1
230 56 1
231 57 1
232 57 1
233 57 1
234 57 1
235 57 1
236 57 1
237 57 1
238 57 1
239 57 1
240 57 1
241 58 1
242 58 1
243 58 1
244 58 1
245 58 1
246 59 1
247 59 1
248 59 1
249 59 1
250 59 1
251 60 1
252 60 1
253 60 1
254 60 1
255 60 1
256 61 1
257 61 1
258 61 1
259 61 1
260 62 1
261 62 1
262 62 1
263 63 1
264 63 1
265 64 1
266 64 1
267 64 1
268 65 1
269 65 1
270 66 1
271 67 1
270 68 1
269 68 1
268 68 1
267 68 1
266 68 1
265 68 1
264 68 1
263 68 1
262 68 1
261 68 1
260 68 1
259 68 1
258 68 1
257 68 1
.PEN_UP
