.PEN_DOWN
33 6 1
34 7 1
35 7 1
36 8 1
37 9 1
38 10 1
39 11 1
40 12 1
41 13 1
42 14 1
43 15 1
44 16 1
45 17 1
45 18 1
45 19 1
46 20 1
46 21 1
47 22 1
47 23 1
47 24 1
48 25 1
48 26 1
49 27 1
49 28 1
49 29 1
50 30 1
50 31 1
51 32 1
51 33 1
51 34 1
51 35 1
51 36 1
52 37 1
52 38 1
52 39 1
52 40 1
53 41 1
53 42 1
53 43 1
53 44 1
53 45 1
54 46 1
54 47 1
54 48 1
54 49 1
55 50 1
55 51 1
55 52 1
55 53 1
55 54 1
55 55 1
55 56 1
56 57 1
56 58 1
56 59 1
56 60 1
56 61 1
56 62 1
56 63 1
56 64 1
56 65 1
56 66 1
56 67 1
56 68 1
55 69 1
53 70 1
52 70 1
51 70 1
50 70 1
49 70 1
48 69 1
47 69 1
46 69 1
45 69 1
44 69 1
43 69 1
42 68 1
41 68 1
40 68 1
39 68 1
38 68 1
37 68 1
36 67 1
35 67 1
34 67 1
33 67 1
32 67 1
31 67 1
30 66 1
29 66 1
28 66 1
27 66 1
26 66 1
25 66 1
24 65 1
23 65 1
22 65 1
21 65 1
20 65 1
19 65 1
18 64 1
17 64 1
16 64 1
15 64 1
14 64 1
13 64 1
12 64 1
11 64 1
10 63 1
9 63 1
8 63 1
7 63 1
6 63 1
5 63 1
4 63 1
3 62 1
2 62 1
1 62 1
.PEN_UP
.PEN_DOWN
56 71 1
57 72 1
58 71 1
59 71 1
60 71 1
61 71 1
62 71 1
63 71 1
64 72 1
65 72 1
66 72 1
67 72 1
68 73 1
69 73 1
70 73 1
71 74 1
72 74 1
73 74 1
74 74 1
75 75 1
76 75 1
77 75 1
78 76 1
79 76 1
80 77 1
81 77 1
82 77 1
84 79 1
85 80 1
86 81 1
87 82 1
87 83 1
.PEN_UP
.PEN_DOWN
83 77 1
84 76 1
84 75 1
83 74 1
83 73 1
83 72 1
83 71 1
82 70 1
82 69 1
82 68 1
82 67 1
82 66 1
82 65 1
82 64 1
82 63 1
81 62 1
81 61 1
81 60 1
81 59 1
81 58 1
81 57 1
81 56 1
81 55 1
81 54 1
81 53 1
81 52 1
81 51 1
81 50 1
81 49 1
81 48 1
81 47 1
82 46 1
82 45 1
82 44 1
82 43 1
82 42 1
82 41 1
83 40 1
83 39 1
83 38 1
83 37 1
83 36 1
83 35 1
83 34 1
84 33 1
84 32 1
84 31 1
84 30 1
84 29 1
84 28 1
84 27 1
84 26 1
84 25 1
84 24 1
85 23 1
85 22 1
85 21 1
85 20 1
85 19 1
85 18 1
86 17 1
86 16 1
87 15 1
87 14 1
88 13 1
89 12 1
90 11 1
91 10 1
92 10 1
93 9 1
94 9 1
95 8 1
96 8 1
97 7 1
98 6 1
99 6 1
100 5 1
101 5 1
102 4 1
103 3 1
104 3 1
105 2 1
106 1 1
107 1 1
108 1 1
109 1 1
110 1 1
111 1 1
112 1 1
113 2 1
114 3 1
115 3 1
116 4 1
117 5 1
118 6 1
118 7 1
119 8 1
120 9 1
120 10 1
121 11 1
121 12 1
121 13 1
122 14 1
123 15 1
123 16 1
124 17 1
125 18 1
126 19 1
127 20 1
128 21 1
129 22 1
130 23 1
131 23 1
132 24 1
133 25 1
134 25 1
135 26 1
136 27 1
137 28 1
137 29 1
138 30 1
139 31 1
140 32 1
141 33 1
142 34 1
143 35 1
144 35 1
145 36 1
146 37 1
147 38 1
147 39 1
148 40 1
148 41 1
148 42 1
149 43 1
149 44 1
149 45 1
150 46 1
150 47 1
150 48 1
150 49 1
151 50 1
152 51 1
153 50 1
154 49 1
155 48 1
156 47 1
156 46 1
157 45 1
158 44 1
158 43 1
159 42 1
160 41 1
161 40 1
162 39 1
163 38 1
164 37 1
165 36 1
166 35 1
167 35 1
168 34 1
169 33 1
170 33 1
171 32 1
172 31 1
173 31 1
174 30 1
175 29 1
176 29 1
177 28 1
178 28 1
179 27 1
180 27 1
181 26 1
182 26 1
183 25 1
184 25 1
185 24 1
186 23 1
187 23 1
188 23 1
189 22 1
190 22 1
191 22 1
192 21 1
193 21 1
194 20 1
195 20 1
196 20 1
197 19 1
198 19 1
199 19 1
200 18 1
201 18 1
202 17 1
203 17 1
204 17 1
205 16 1
206 16 1
207 16 1
208 15 1
209 15 1
210 15 1
211 14 1
212 14 1
213 14 1
214 13 1
215 13 1
216 13 1
217 12 1
218 12 1
219 12 1
220 12 1
221 11 1
222 11 1
223 11 1
224 11 1
225 11 1
226 10 1
227 10 1
228 10 1
229 10 1
230 9 1
231 9 1
232 9 1
233 9 1
234 9 1
235 9 1
236 9 1
237 9 1
238 9 1
239 9 1
240 8 1
241 8 1
242 8 1
243 8 1
244 8 1
245 8 1
246 8 1
247 8 1
248 8 1
249 8 1
250 8 1
251 8 1
252 8 1
253 8 1
254 8 1
255 9 1
256 9 1
257 9 1
258 9 1
259 9 1
260 9 1
261 9 1
262 9 1
263 10 1
264 10 1
265 11 1
266 11 1
267 11 1
268 12 1
269 12 1
270 13 1
271 13 1
272 14 1
273 15 1
274 15 1
275 16 1
276 17 1
277 18 1
278 18 1
279 19 1
280 20 1
281 21 1
282 22 1
282 23 1
283 24 1
284 25 1
285 26 1
285 27 1
286 28 1
287 29 1
287 30 1
288 31 1
288 32 1
289 33 1
289 34 1
290 35 1
290 36 1
291 37 1
291 38 1
292 39 1
292 40 1
292 41 1
292 42 1
292 43 1
293 44 1
293 45 1
293 46 1
293 47 1
294 48 1
294 49 1
294 50 1
294 51 1
294 52 1
294 53 1
294 54 1
294 55 1
294 56 1
294 57 1
294 58 1
294 59 1
294 60 1
294 61 1
294 62 1
294 63 1
294 64 1
294 65 1
294 66 1
294 67 1
294 68 1
294 69 1
294 70 1
294 71 1
294 72 1
294 73 1
294 74 1
293 75 1
293 76 1
293 77 1
293 78 1
293 79 1
293 80 1
293 81 1
293 82 1
293 83 1
293 84 1
292 85 1
292 86 1
292 87 1
292 88 1
292 89 1
292 90 1
291 91 1
291 92 1
291 93 1
291 94 1
291 95 1
290 96 1
290 97 1
290 98 1
290 99 1
290 100 1
289 101 1
289 102 1
289 103 1
289 104 1
289 105 1
288 106 1
.PEN_UP
.PEN_DOWN
151 52 1
151 53 1
151 54 1
151 55 1
151 56 1
151 57 1
151 58 1
151 59 1
151 60 1
151 61 1
151 62 1
151 63 1
152 64 1
152 65 1
152 66 1
152 67 1
152 68 1
153 69 1
153 70 1
153 71 1
153 72 1
153 73 1
153 74 1
153 75 1
153 76 1
153 77 1
153 78 1
153 79 1
153 80 1
153 81 1
153 82 1
153 83 1
153 84 1
153 85 1
153 86 1
153 87 1
153 88 1
153 89 1
153 90 1
153 91 1
153 92 1
153 93 1
153 94 1
153 95 1
153 96 1
152 97 1
152 98 1
152 99 1
152 100 1
152 101 1
152 102 1
152 103 1
151 104 1
151 105 1
151 106 1
151 107 1
151 108 1
151 109 1
151 110 1
150 111 1
150 112 1
150 113 1
150 114 1
150 115 1
150 116 1
150 117 1
149 118 1
149 119 1
149 120 1
149 121 1
149 122 1
148 123 1
148 124 1
148 125 1
148 126 1
148 127 1
147 128 1
147 129 1
147 130 1
147 131 1
146 132 1
146 133 1
146 134 1
146 135 1
146 136 1
145 137 1
145 138 1
145 139 1
145 140 1
145 141 1
144 142 1
144 143 1
144 144 1
144 145 1
144 146 1
144 147 1
144 148 1
144 149 1
144 150 1
144 151 1
143 152 1
142 153 1
141 154 1
.PEN_UP
.PEN_DOWN
57 73 1
57 74 1
57 75 1
57 76 1
57 77 1
57 78 1
57 79 1
57 80 1
57 81 1
57 82 1
57 83 1
57 84 1
57 85 1
57 86 1
57 87 1
57 88 1
57 89 1
57 90 1
57 91 1
57 92 1
57 93 1
57 94 1
57 95 1
57 96 1
57 97 1
57 98 1
57 99 1
57 100 1
57 101 1
57 102 1
57 103 1
57 104 1
57 105 1
57 106 1
57 107 1
57 108 1
57 109 1
57 110 1
57 111 1
57 112 1
57 113 1
57 114 1
57 115 1
57 116 1
57 117 1
57 118 1
57 119 1
57 120 1
57 121 1
57 122 1
57 123 1
57 124 1
57 125 1
57 126 1
57 127 1
57 128 1
57 129 1
57 130 1
57 131 1
57 132 1
57 133 1
57 134 1
57 135 1
57 136 1
57 137 1
57 138 1
57 139 1
57 140 1
57 141 1
57 142 1
57 143 1
57 144 1
57 145 1
57 146 1
57 147 1
57 148 1
57 149 1
57 150 1
57 151 1
57 152 1
57 153 1
57 154 1
57 155 1
57 156 1
57 157 1
57 158 1
57 159 1
56 160 1
56 161 1
56 162 1
56 163 1
56 164 1
56 165 1
56 166 1
56 167 1
56 168 1
56 169 1
56 170 1
56 171 1
56 172 1
56 173 1
56 174 1
56 175 1
56 176 1
56 177 1
56 178 1
56 179 1
56 180 1
56 181 1
55 182 1
55 183 1
55 184 1
55 185 1
55 186 1
55 187 1
55 188 1
55 189 1
55 190 1
55 191 1
55 192 1
55 193 1
55 194 1
55 195 1
54 196 1
54 197 1
54 198 1
54 199 1
54 200 1
54 201 1
54 202 1
54 203 1
54 204 1
54 205 1
54 206 1
54 207 1
54 208 1
54 209 1
53 210 1
53 211 1
53 212 1
53 213 1
53 214 1
53 215 1
53 216 1
53 217 1
53 218 1
52 219 1
52 220 1
53 221 1
52 222 1
52 223 1
52 224 1
52 225 1
52 226 1
51 227 1
51 228 1
51 229 1
51 230 1
51 231 1
51 232 1
51 233 1
51 234 1
50 235 1
50 236 1
50 237 1
50 238 1
50 239 1
50 240 1
50 241 1
50 242 1
49 243 1
49 244 1
49 245 1
49 246 1
49 247 1
49 248 1
49 249 1
49 250 1
48 251 1
48 252 1
48 253 1
48 254 1
48 255 1
48 256 1
48 257 1
48 258 1
47 259 1
47 260 1
47 261 1
47 262 1
47 263 1
47 264 1
47 265 1
47 266 1
47 267 1
47 268 1
47 269 1
47 270 1
47 271 1
47 272 1
47 273 1
47 274 1
47 275 1
47 276 1
47 277 1
47 278 1
47 279 1
47 280 1
47 281 1
47 282 1
47 283 1
47 284 1
47 285 1
47 286 1
47 287 1
47 288 1
47 289 1
47 290 1
47 291 1
47 292 1
47 293 1
47 294 1
47 295 1
47 296 1
47 297 1
47 298 1
47 299 1
47 300 1
47 301 1
47 302 1
47 303 1
47 304 1
47 305 1
47 306 1
47 307 1
47 308 1
47 309 1
47 310 1
47 311 1
47 312 1
47 313 1
47 314 1
47 315 1
47 316 1
47 317 1
47 318 1
47 319 1
47 320 1
47 321 1
47 322 1
47 323 1
47 324 1
46 325 1
46 326 1
46 327 1
46 328 1
46 329 1
46 330 1
46 331 1
46 332 1
46 333 1
45 334 1
45 335 1
45 336 1
45 337 1
45 338 1
45 339 1
45 340 1
45 341 1
45 342 1
45 343 1
44 344 1
44 345 1
44 346 1
44 347 1
44 348 1
44 349 1
44 350 1
44 351 1
44 352 1
44 353 1
43 354 1
43 355 1
43 356 1
43 357 1
43 358 1
43 359 1
43 360 1
43 361 1
43 362 1
43 363 1
42 364 1
42 365 1
42 366 1
42 367 1
42 368 1
42 369 1
42 370 1
42 371 1
42 372 1
42 373 1
41 374 1
41 375 1
.PEN_UP
.PEN_DOWN
54 221 1
55 221 1
56 222 1
57 222 1
58 222 1
59 222 1
60 222 1
61 222 1
62 222 1
63 222 1
64 222 1
65 222 1
66 222 1
67 222 1
68 222 1
69 222 1
70 222 1
71 222 1
72 222 1
73 222 1
74 222 1
75 222 1
76 222 1
77 222 1
78 222 1
79 222 1
80 222 1
81 222 1
82 222 1
83 222 1
84 222 1
85 222 1
86 222 1
87 222 1
88 222 1
89 222 1
90 222 1
91 222 1
92 221 1
93 221 1
94 221 1
95 221 1
96 221 1
97 221 1
98 220 1
99 220 1
100 220 1
101 220 1
102 220 1
103 219 1
104 219 1
105 219 1
106 219 1
107 218 1
108 218 1
109 218 1
110 218 1
111 217 1
112 217 1
113 217 1
114 216 1
115 216 1
116 216 1
117 216 1
118 215 1
121 214 1
122 214 1
123 214 1
124 213 1
125 213 1
126 213 1
127 212 1
128 212 1
129 212 1
130 211 1
131 211 1
132 211 1
133 210 1
134 210 1
135 210 1
136 209 1
137 209 1
138 208 1
139 208 1
140 207 1
141 207 1
142 206 1
143 206 1
144 205 1
145 205 1
146 204 1
147 204 1
148 203 1
149 203 1
150 202 1
151 202 1
152 201 1
153 200 1
153 199 1
152 198 1
151 198 1
150 198 1
149 197 1
148 197 1
147 197 1
146 197 1
145 196 1
144 196 1
143 196 1
142 196 1
141 195 1
140 195 1
139 195 1
138 195 1
137 194 1
136 194 1
135 194 1
134 194 1
133 193 1
132 193 1
131 193 1
130 193 1
129 193 1
128 193 1
127 193 1
126 192 1
125 192 1
124 192 1
123 192 1
122 192 1
121 192 1
120 192 1
119 193 1
118 193 1
117 193 1
116 194 1
115 195 1
114 196 1
114 197 1
114 198 1
114 199 1
114 200 1
114 201 1
114 202 1
115 203 1
115 204 1
115 205 1
115 206 1
115 207 1
116 208 1
116 209 1
117 210 1
117 211 1
118 212 1
118 213 1
118 214 1
120 217 1
121 218 1
122 219 1
122 220 1
123 221 1
123 222 1
124 223 1
125 224 1
125 225 1
126 226 1
127 227 1
127 228 1
128 229 1
128 230 1
129 231 1
129 232 1
130 233 1
131 234 1
131 235 1
132 236 1
132 237 1
133 238 1
133 239 1
134 240 1
134 241 1
135 242 1
135 243 1
135 244 1
136 245 1
136 246 1
137 247 1
137 248 1
138 249 1
138 250 1
138 251 1
139 252 1
139 253 1
139 254 1
140 255 1
140 256 1
140 257 1
141 258 1
141 259 1
141 260 1
141 261 1
141 262 1
142 263 1
142 264 1
142 265 1
142 266 1
142 267 1
142 268 1
142 269 1
142 270 1
142 271 1
142 272 1
142 273 1
142 274 1
142 275 1
142 276 1
142 277 1
142 278 1
142 279 1
142 280 1
142 281 1
142 282 1
142 283 1
142 284 1
142 285 1
142 286 1
141 287 1
141 288 1
141 289 1
141 290 1
141 291 1
140 292 1
140 293 1
140 294 1
139 295 1
139 296 1
138 297 1
138 298 1
137 299 1
137 300 1
136 301 1
136 302 1
135 303 1
134 304 1
134 305 1
133 306 1
132 307 1
131 308 1
130 309 1
129 310 1
128 311 1
127 312 1
126 312 1
125 312 1
124 312 1
123 312 1
122 313 1
121 313 1
120 313 1
119 313 1
118 313 1
117 313 1
116 313 1
115 314 1
114 315 1
113 316 1
112 316 1
111 316 1
110 316 1
109 316 1
108 316 1
107 316 1
106 316 1
105 316 1
104 316 1
103 316 1
102 316 1
101 316 1
100 316 1
99 316 1
98 316 1
97 316 1
96 316 1
95 316 1
94 316 1
93 316 1
92 316 1
91 316 1
90 316 1
89 316 1
88 316 1
87 316 1
86 316 1
85 316 1
84 316 1
83 316 1
82 316 1
81 316 1
80 316 1
79 316 1
78 316 1
77 315 1
76 315 1
75 315 1
74 315 1
73 315 1
72 314 1
72 313 1
72 312 1
73 311 1
74 311 1
75 311 1
76 311 1
77 311 1
78 311 1
79 311 1
80 311 1
81 311 1
82 311 1
83 311 1
84 311 1
85 311 1
86 311 1
87 311 1
88 311 1
89 311 1
90 311 1
91 312 1
92 312 1
93 312 1
94 312 1
95 312 1
96 312 1
97 312 1
98 312 1
99 312 1
100 312 1
101 312 1
102 312 1
103 312 1
104 312 1
105 312 1
106 312 1
107 312 1
108 312 1
109 312 1
110 312 1
111 312 1
112 312 1
113 312 1
114 313 1
.PEN_UP
.PEN_DOWN
129 312 1
130 312 1
131 312 1
132 312 1
133 312 1
134 312 1
135 312 1
136 312 1
137 312 1
138 312 1
139 312 1
140 311 1
141 311 1
142 311 1
143 311 1
144 311 1
145 311 1
146 311 1
147 311 1
148 310 1
149 310 1
150 310 1
151 310 1
152 310 1
153 310 1
154 310 1
155 310 1
156 310 1
157 309 1
158 309 1
159 309 1
160 309 1
161 309 1
162 309 1
163 309 1
164 309 1
165 309 1
166 308 1
167 308 1
168 308 1
169 308 1
170 308 1
171 308 1
172 308 1
173 308 1
174 308 1
175 307 1
176 307 1
177 307 1
178 307 1
179 307 1
180 307 1
181 307 1
182 307 1
183 306 1
184 306 1
185 306 1
186 306 1
187 306 1
188 306 1
189 306 1
190 306 1
191 306 1
192 306 1
193 306 1
194 306 1
195 306 1
196 305 1
197 305 1
198 305 1
199 305 1
200 305 1
201 305 1
202 305 1
203 305 1
204 305 1
205 305 1
206 304 1
207 304 1
208 304 1
209 304 1
210 304 1
211 304 1
212 304 1
213 303 1
214 303 1
.PEN_UP
.PEN_DOWN
159 71 1
160 72 1
160 73 1
160 74 1
159 75 1
158 76 1
157 77 1
.PEN_UP
