.PEN_DOWN
15 6 1
14 5 1
14 4 1
15 3 1
16 2 1
17 2 1
18 1 1
19 1 1
20 1 1
21 1 1
22 1 1
23 1 1
24 1 1
25 1 1
26 1 1
27 1 1
28 1 1
29 1 1
30 1 1
31 2 1
32 2 1
33 2 1
34 2 1
35 2 1
36 2 1
37 3 1
38 3 1
39 3 1
40 3 1
41 4 1
42 4 1
43 4 1
44 4 1
45 5 1
46 5 1
47 6 1
48 7 1
49 7 1
50 8 1
51 8 1
52 9 1
53 10 1
54 10 1
55 11 1
56 12 1
57 12 1
58 13 1
59 14 1
60 14 1
61 15 1
62 16 1
63 17 1
64 18 1
64 19 1
65 20 1
66 21 1
67 22 1
67 23 1
68 24 1
69 25 1
69 26 1
70 27 1
70 28 1
71 29 1
71 30 1
71 31 1
72 32 1
72 33 1
73 34 1
73 35 1
73 36 1
74 37 1
74 38 1
74 39 1
74 40 1
75 41 1
75 42 1
75 43 1
75 44 1
75 45 1
76 46 1
76 47 1
76 48 1
76 49 1
76 50 1
76 51 1
76 52 1
76 53 1
76 54 1
76 55 1
76 56 1
76 57 1
76 58 1
76 59 1
76 60 1
76 61 1
76 62 1
76 63 1
76 64 1
76 65 1
76 66 1
76 67 1
76 68 1
76 69 1
76 70 1
76 71 1
76 72 1
76 73 1
76 74 1
75 75 1
75 76 1
75 77 1
75 78 1
75 79 1
75 80 1
75 81 1
74 82 1
74 83 1
74 84 1
74 85 1
74 86 1
74 87 1
73 88 1
73 89 1
73 90 1
73 91 1
73 92 1
73 93 1
73 94 1
72 95 1
72 96 1
72 97 1
72 98 1
72 99 1
71 100 1
71 101 1
71 102 1
71 103 1
70 104 1
70 105 1
70 106 1
70 107 1
70 108 1
69 109 1
69 110 1
69 111 1
69 112 1
68 113 1
68 114 1
68 115 1
68 116 1
68 117 1
67 118 1
67 119 1
67 120 1
67 121 1
66 122 1
66 123 1
66 124 1
65 125 1
65 126 1
65 127 1
65 128 1
64 129 1
64 130 1
64 131 1
64 132 1
63 133 1
63 134 1
63 135 1
62 136 1
62 137 1
62 138 1
61 139 1
61 140 1
60 141 1
60 142 1
59 143 1
59 144 1
58 145 1
58 146 1
57 147 1
57 148 1
56 149 1
56 150 1
56 151 1
55 152 1
55 153 1
54 154 1
54 155 1
53 156 1
53 157 1
52 158 1
51 159 1
50 160 1
49 161 1
48 162 1
47 162 1
46 162 1
45 162 1
44 161 1
43 160 1
43 159 1
43 158 1
42 157 1
42 156 1
43 155 1
43 154 1
43 153 1
43 152 1
44 151 1
44 150 1
44 149 1
45 148 1
45 147 1
45 146 1
46 145 1
46 144 1
46 143 1
47 142 1
47 141 1
.PEN_UP
.PEN_DOWN
1 66 1
2 66 1
3 66 1
4 67 1
4 68 1
5 69 1
6 69 1
7 70 1
8 70 1
9 71 1
10 71 1
11 71 1
.PEN_UP
