.PEN_DOWN
1 4 1
2 3 1
3 2 1
4 2 1
5 2 1
6 2 1
7 2 1
8 1 1
9 1 1
10 1 1
11 1 1
12 1 1
13 1 1
14 1 1
15 2 1
16 2 1
17 2 1
18 2 1
19 2 1
20 3 1
21 3 1
22 3 1
23 3 1
24 4 1
25 4 1
26 4 1
27 5 1
28 5 1
29 6 1
30 6 1
31 6 1
32 7 1
33 7 1
34 8 1
35 8 1
36 9 1
37 10 1
38 10 1
39 11 1
40 12 1
41 12 1
42 13 1
43 14 1
44 14 1
45 15 1
46 16 1
47 16 1
48 17 1
49 18 1
50 19 1
51 19 1
52 20 1
53 21 1
54 21 1
55 22 1
56 23 1
57 24 1
58 25 1
59 25 1
60 26 1
61 27 1
62 28 1
63 29 1
64 29 1
65 30 1
66 31 1
67 32 1
68 33 1
69 34 1
70 35 1
71 36 1
71 37 1
72 38 1
73 39 1
74 40 1
75 41 1
75 42 1
76 43 1
77 44 1
77 45 1
78 46 1
79 47 1
79 48 1
79 49 1
79 50 1
80 51 1
80 52 1
80 53 1
80 54 1
80 55 1
80 56 1
80 57 1
80 58 1
80 59 1
80 60 1
79 61 1
79 62 1
79 63 1
79 64 1
79 65 1
78 66 1
78 67 1
78 68 1
77 69 1
77 70 1
76 71 1
76 72 1
76 73 1
75 74 1
75 75 1
74 76 1
74 77 1
73 78 1
73 79 1
72 80 1
71 81 1
71 82 1
70 83 1
69 84 1
69 85 1
68 86 1
67 87 1
67 88 1
66 89 1
65 90 1
64 91 1
63 92 1
62 93 1
61 94 1
60 95 1
59 96 1
58 97 1
57 98 1
56 99 1
55 100 1
54 101 1
53 102 1
52 103 1
51 104 1
50 105 1
49 106 1
48 107 1
47 107 1
46 108 1
45 108 1
44 109 1
43 110 1
42 110 1
41 111 1
40 111 1
39 112 1
38 112 1
37 112 1
36 113 1
35 113 1
34 113 1
33 113 1
32 113 1
31 113 1
30 113 1
29 113 1
28 113 1
27 113 1
26 113 1
25 113 1
24 113 1
23 113 1
22 113 1
21 113 1
20 113 1
19 113 1
18 112 1
17 112 1
16 112 1
15 111 1
14 111 1
.PEN_UP
.PEN_DOWN
14 40 1
14 41 1
14 42 1
14 43 1
13 44 1
13 45 1
.PEN_UP
