.PEN_DOWN
153 37 1
154 38 1
154 39 1
154 40 1
154 41 1
155 42 1
155 43 1
155 44 1
155 45 1
155 46 1
155 47 1
155 48 1
155 49 1
155 50 1
155 51 1
155 52 1
155 53 1
155 54 1
155 55 1
155 56 1
155 57 1
155 58 1
155 59 1
155 60 1
155 61 1
156 62 1
156 63 1
156 64 1
156 65 1
156 66 1
156 67 1
156 68 1
156 69 1
156 70 1
156 71 1
156 72 1
156 73 1
156 74 1
156 75 1
156 76 1
156 77 1
156 78 1
156 79 1
156 80 1
156 81 1
156 82 1
156 83 1
156 84 1
156 85 1
156 86 1
156 87 1
156 88 1
156 89 1
156 90 1
155 91 1
155 92 1
155 93 1
155 94 1
155 95 1
155 96 1
155 97 1
155 98 1
155 99 1
155 100 1
155 101 1
155 102 1
155 103 1
155 104 1
156 105 1
156 106 1
156 107 1
156 108 1
156 109 1
156 110 1
156 111 1
154 112 1
153 112 1
152 112 1
151 112 1
150 112 1
149 112 1
148 112 1
147 112 1
146 112 1
145 112 1
144 112 1
143 113 1
142 113 1
141 113 1
140 113 1
139 113 1
138 113 1
137 113 1
136 113 1
135 113 1
134 113 1
133 113 1
132 113 1
131 113 1
130 113 1
129 113 1
128 114 1
127 114 1
126 114 1
125 114 1
124 114 1
123 114 1
122 114 1
121 114 1
120 114 1
119 114 1
118 114 1
117 114 1
116 114 1
115 114 1
114 115 1
113 115 1
112 115 1
111 115 1
110 115 1
109 115 1
108 115 1
107 115 1
106 115 1
105 115 1
104 115 1
103 115 1
102 115 1
101 115 1
100 116 1
99 116 1
98 116 1
97 116 1
96 116 1
95 116 1
94 116 1
93 116 1
92 116 1
91 116 1
90 116 1
89 116 1
88 117 1
87 117 1
86 117 1
85 117 1
84 117 1
83 117 1
82 117 1
81 118 1
80 118 1
79 118 1
78 118 1
77 118 1
76 118 1
75 118 1
74 119 1
73 119 1
72 119 1
71 119 1
70 119 1
69 119 1
68 120 1
67 120 1
66 120 1
65 120 1
64 121 1
63 121 1
62 121 1
61 121 1
60 122 1
59 122 1
58 122 1
57 122 1
56 122 1
55 123 1
54 123 1
53 123 1
52 123 1
51 124 1
50 124 1
49 125 1
48 125 1
47 126 1
46 126 1
45 126 1
44 127 1
43 127 1
42 128 1
41 128 1
40 129 1
39 129 1
38 129 1
37 130 1
36 131 1
35 132 1
34 132 1
33 133 1
32 134 1
31 135 1
30 135 1
29 136 1
28 137 1
27 138 1
26 138 1
25 139 1
24 140 1
23 141 1
22 141 1
21 142 1
20 143 1
19 144 1
18 145 1
17 146 1
17 147 1
16 148 1
15 149 1
15 150 1
14 151 1
13 152 1
13 153 1
12 154 1
11 155 1
11 156 1
11 157 1
10 158 1
10 159 1
10 160 1
9 161 1
9 162 1
8 163 1
8 164 1
8 165 1
7 166 1
7 167 1
7 168 1
6 169 1
6 170 1
5 171 1
5 172 1
5 173 1
5 174 1
5 175 1
4 176 1
4 177 1
4 178 1
4 179 1
3 180 1
3 181 1
3 182 1
3 183 1
3 184 1
2 185 1
2 186 1
2 187 1
2 188 1
1 189 1
1 190 1
1 191 1
1 192 1
1 193 1
1 194 1
1 195 1
1 196 1
1 197 1
1 198 1
1 199 1
1 200 1
1 201 1
1 202 1
1 203 1
1 204 1
1 205 1
1 206 1
1 207 1
1 208 1
1 209 1
1 210 1
1 211 1
1 212 1
1 213 1
1 214 1
2 215 1
2 216 1
2 217 1
2 218 1
2 219 1
2 220 1
2 221 1
2 222 1
2 223 1
2 224 1
2 225 1
2 226 1
2 227 1
2 228 1
2 229 1
2 230 1
2 231 1
3 232 1
3 233 1
3 234 1
3 235 1
3 236 1
3 237 1
3 238 1
3 239 1
4 240 1
4 241 1
4 242 1
4 243 1
4 244 1
4 245 1
4 246 1
5 247 1
5 248 1
5 249 1
6 250 1
6 251 1
6 252 1
6 253 1
7 254 1
7 255 1
7 256 1
8 257 1
8 258 1
8 259 1
9 260 1
9 261 1
10 262 1
11 263 1
11 264 1
12 265 1
12 266 1
13 267 1
14 268 1
14 269 1
15 270 1
16 270 1
17 271 1
18 272 1
19 272 1
20 273 1
21 274 1
22 275 1
23 275 1
24 276 1
25 276 1
26 277 1
27 277 1
28 278 1
29 278 1
30 278 1
31 279 1
32 279 1
33 280 1
34 280 1
35 280 1
36 280 1
37 281 1
38 281 1
39 281 1
40 281 1
41 281 1
42 281 1
43 281 1
44 281 1
45 281 1
46 281 1
47 281 1
48 281 1
49 281 1
50 280 1
51 280 1
52 280 1
53 280 1
54 280 1
55 279 1
56 279 1
.PEN_UP
.PEN_DOWN
155 112 1
158 112 1
159 112 1
160 112 1
161 112 1
162 112 1
163 112 1
164 112 1
165 112 1
166 112 1
167 111 1
168 111 1
169 111 1
170 111 1
171 111 1
172 111 1
173 111 1
174 111 1
175 111 1
176 111 1
177 111 1
178 111 1
179 111 1
180 111 1
181 111 1
182 111 1
183 111 1
184 111 1
185 111 1
186 111 1
187 110 1
188 110 1
189 110 1
190 110 1
191 110 1
192 110 1
193 110 1
194 110 1
195 110 1
196 110 1
197 110 1
198 110 1
199 110 1
200 110 1
201 110 1
202 109 1
203 109 1
204 109 1
205 109 1
206 109 1
207 109 1
208 109 1
209 109 1
210 109 1
211 109 1
212 109 1
213 109 1
214 109 1
215 109 1
216 109 1
217 109 1
218 109 1
219 109 1
220 109 1
221 109 1
222 109 1
225 109 1
226 109 1
227 109 1
228 109 1
229 109 1
230 108 1
231 108 1
.PEN_UP
.PEN_DOWN
223 108 1
223 111 1
224 112 1
224 113 1
225 114 1
226 115 1
227 116 1
228 117 1
229 118 1
230 119 1
231 120 1
232 121 1
233 122 1
233 123 1
234 124 1
235 124 1
236 124 1
237 124 1
238 124 1
.PEN_UP
.PEN_DOWN
232 124 1
231 124 1
230 124 1
229 124 1
228 124 1
227 124 1
226 124 1
225 124 1
224 124 1
223 124 1
222 123 1
221 123 1
220 123 1
219 123 1
218 123 1
217 123 1
216 123 1
215 123 1
214 122 1
213 122 1
212 122 1
211 122 1
210 122 1
209 122 1
208 122 1
207 122 1
206 122 1
205 121 1
204 121 1
203 121 1
202 121 1
201 121 1
200 121 1
199 121 1
198 121 1
197 121 1
196 120 1
195 120 1
194 120 1
193 120 1
192 120 1
191 120 1
190 120 1
189 120 1
188 120 1
187 120 1
186 120 1
185 120 1
.PEN_UP
.PEN_DOWN
223 107 1
223 106 1
223 105 1
224 104 1
224 103 1
224 102 1
225 101 1
225 100 1
225 99 1
226 98 1
226 97 1
227 96 1
227 95 1
227 94 1
228 93 1
228 92 1
228 91 1
229 90 1
229 89 1
229 88 1
230 87 1
231 86 1
231 85 1
232 84 1
232 83 1
233 82 1
233 81 1
234 80 1
235 79 1
235 78 1
236 77 1
237 76 1
238 75 1
238 74 1
239 73 1
240 72 1
241 71 1
242 70 1
243 70 1
244 69 1
245 68 1
246 68 1
247 67 1
248 66 1
249 66 1
250 66 1
251 65 1
252 65 1
253 64 1
254 64 1
255 63 1
256 63 1
257 62 1
258 62 1
259 62 1
260 61 1
261 61 1
262 61 1
263 60 1
264 60 1
265 60 1
266 59 1
267 59 1
268 59 1
269 59 1
270 59 1
271 59 1
272 58 1
273 58 1
274 59 1
275 59 1
276 59 1
277 59 1
278 59 1
279 59 1
280 60 1
281 60 1
282 60 1
283 61 1
284 61 1
285 62 1
286 63 1
287 64 1
288 64 1
289 65 1
290 66 1
291 67 1
292 68 1
293 69 1
294 70 1
295 71 1
296 72 1
296 73 1
297 74 1
297 75 1
298 76 1
298 77 1
299 78 1
299 79 1
300 80 1
300 81 1
301 82 1
301 83 1
302 84 1
302 85 1
303 86 1
303 87 1
304 88 1
304 89 1
305 90 1
306 91 1
306 92 1
307 93 1
308 94 1
308 95 1
309 96 1
310 97 1
310 98 1
311 99 1
312 100 1
312 101 1
313 102 1
314 103 1
315 104 1
316 104 1
317 105 1
318 106 1
319 106 1
320 107 1
321 107 1
322 108 1
323 108 1
324 108 1
325 108 1
326 108 1
327 108 1
328 108 1
329 108 1
330 108 1
331 108 1
332 108 1
333 108 1
334 108 1
335 108 1
336 107 1
337 107 1
338 107 1
339 106 1
340 106 1
341 106 1
342 105 1
343 105 1
344 105 1
345 104 1
346 104 1
347 103 1
348 103 1
349 102 1
350 102 1
351 101 1
352 101 1
353 100 1
354 99 1
355 98 1
356 97 1
357 97 1
358 96 1
359 95 1
360 94 1
361 93 1
362 92 1
363 91 1
364 90 1
365 89 1
366 88 1
367 87 1
368 86 1
368 85 1
369 84 1
370 83 1
371 82 1
372 81 1
373 80 1
373 79 1
374 78 1
374 77 1
375 76 1
375 75 1
376 74 1
377 73 1
377 72 1
378 71 1
378 70 1
379 69 1
379 68 1
380 67 1
380 66 1
381 65 1
381 64 1
382 63 1
382 62 1
382 61 1
383 60 1
383 59 1
384 58 1
384 57 1
384 56 1
385 55 1
385 54 1
386 53 1
388 54 1
389 55 1
390 56 1
391 57 1
391 58 1
392 59 1
393 60 1
394 61 1
395 62 1
396 63 1
397 64 1
398 65 1
398 66 1
399 67 1
400 68 1
401 69 1
402 70 1
403 71 1
404 72 1
405 73 1
406 74 1
407 75 1
408 76 1
409 77 1
410 78 1
411 79 1
412 80 1
413 81 1
414 82 1
415 83 1
416 84 1
417 85 1
418 85 1
419 86 1
420 87 1
421 88 1
422 89 1
423 90 1
424 91 1
425 91 1
426 92 1
427 93 1
428 94 1
429 94 1
430 95 1
431 96 1
432 96 1
433 97 1
434 98 1
435 98 1
436 99 1
436 100 1
437 101 1
.PEN_UP
.PEN_DOWN
386 52 1
386 51 1
386 50 1
386 49 1
384 47 1
383 46 1
382 45 1
382 44 1
381 43 1
381 42 1
380 41 1
380 40 1
379 39 1
379 38 1
379 37 1
378 36 1
378 35 1
377 34 1
377 33 1
376 32 1
376 31 1
375 30 1
375 29 1
374 28 1
374 27 1
374 26 1
373 25 1
373 24 1
372 23 1
372 22 1
371 21 1
371 20 1
371 19 1
371 18 1
371 17 1
371 16 1
371 15 1
371 14 1
371 13 1
370 12 1
370 11 1
370 10 1
370 9 1
371 8 1
371 7 1
371 6 1
371 5 1
372 4 1
373 3 1
374 2 1
375 1 1
376 1 1
377 2 1
378 3 1
379 3 1
380 4 1
381 5 1
382 6 1
383 7 1
383 8 1
384 9 1
385 10 1
385 11 1
386 12 1
386 13 1
387 14 1
387 15 1
388 16 1
388 17 1
388 18 1
389 19 1
389 20 1
389 21 1
389 22 1
389 23 1
390 24 1
390 25 1
390 26 1
390 27 1
390 28 1
390 29 1
390 30 1
390 31 1
390 32 1
390 33 1
390 34 1
390 35 1
390 36 1
390 37 1
390 38 1
390 39 1
390 40 1
390 41 1
389 42 1
389 43 1
389 44 1
388 45 1
388 46 1
387 47 1
386 48 1
.PEN_UP
.PEN_DOWN
156 112 1
156 114 1
156 115 1
156 116 1
156 117 1
156 118 1
156 119 1
156 120 1
156 121 1
156 122 1
156 123 1
156 124 1
156 125 1
156 126 1
156 127 1
156 128 1
156 129 1
156 130 1
156 131 1
156 132 1
156 133 1
156 134 1
156 135 1
156 136 1
156 137 1
156 138 1
156 139 1
156 140 1
156 141 1
156 142 1
156 143 1
156 144 1
156 145 1
156 146 1
156 147 1
156 148 1
156 149 1
156 150 1
156 151 1
156 152 1
155 153 1
155 154 1
155 155 1
155 156 1
155 157 1
155 158 1
155 159 1
155 160 1
155 161 1
155 162 1
155 163 1
155 164 1
155 165 1
155 166 1
155 167 1
155 168 1
155 169 1
155 170 1
155 171 1
154 172 1
154 173 1
154 174 1
154 175 1
154 176 1
154 177 1
154 178 1
154 179 1
154 180 1
154 181 1
154 182 1
154 183 1
154 184 1
154 185 1
154 186 1
153 187 1
153 188 1
153 189 1
153 190 1
153 191 1
153 192 1
153 193 1
153 194 1
153 195 1
153 196 1
153 197 1
153 198 1
153 199 1
153 200 1
153 201 1
152 202 1
152 203 1
152 204 1
152 205 1
152 206 1
152 207 1
152 208 1
152 209 1
152 210 1
152 211 1
152 212 1
152 213 1
152 214 1
152 215 1
152 216 1
151 217 1
151 218 1
151 219 1
151 220 1
151 221 1
151 222 1
151 223 1
151 224 1
151 225 1
151 226 1
151 227 1
151 228 1
151 229 1
150 230 1
150 231 1
150 232 1
150 233 1
150 234 1
150 235 1
150 236 1
150 237 1
150 238 1
150 239 1
150 240 1
150 241 1
149 242 1
149 243 1
149 244 1
149 245 1
149 246 1
149 247 1
149 248 1
149 249 1
149 250 1
149 251 1
149 252 1
149 253 1
149 254 1
149 255 1
149 256 1
149 257 1
149 258 1
148 259 1
148 260 1
148 261 1
148 262 1
148 263 1
148 264 1
148 265 1
148 266 1
148 267 1
148 268 1
148 269 1
148 270 1
148 271 1
147 272 1
146 273 1
145 274 1
144 273 1
143 272 1
143 271 1
143 270 1
142 269 1
.PEN_UP
