.PEN_DOWN
1 20 1
2 20 1
3 21 1
4 22 1
5 22 1
6 23 1
7 24 1
8 25 1
9 26 1
10 27 1
11 28 1
12 29 1
12 30 1
13 31 1
14 32 1
15 33 1
16 34 1
17 35 1
17 36 1
18 37 1
18 38 1
19 39 1
19 40 1
20 41 1
20 42 1
21 43 1
21 44 1
22 45 1
22 46 1
23 47 1
23 48 1
24 49 1
24 50 1
25 51 1
25 52 1
26 53 1
26 54 1
27 55 1
27 56 1
28 57 1
28 58 1
29 59 1
29 60 1
30 61 1
30 62 1
30 63 1
30 64 1
30 65 1
31 66 1
31 67 1
31 68 1
31 69 1
31 70 1
32 71 1
32 72 1
32 73 1
32 74 1
33 75 1
33 76 1
33 77 1
33 78 1
33 79 1
34 80 1
34 81 1
34 82 1
34 83 1
35 84 1
35 85 1
35 86 1
35 87 1
35 88 1
36 89 1
36 90 1
36 91 1
36 92 1
37 93 1
37 94 1
37 95 1
37 96 1
37 97 1
38 98 1
38 99 1
38 100 1
38 101 1
39 102 1
39 103 1
39 104 1
39 105 1
39 106 1
40 107 1
40 108 1
40 109 1
40 110 1
40 111 1
41 112 1
41 113 1
41 114 1
41 115 1
41 116 1
41 117 1
41 118 1
41 119 1
42 122 1
42 123 1
42 124 1
42 125 1
42 126 1
42 127 1
42 128 1
43 129 1
43 130 1
43 131 1
43 132 1
43 133 1
43 134 1
43 135 1
43 136 1
43 137 1
44 138 1
44 139 1
44 140 1
44 141 1
44 142 1
44 143 1
44 144 1
44 145 1
45 146 1
45 147 1
45 148 1
45 149 1
45 150 1
45 151 1
45 152 1
45 153 1
46 154 1
46 155 1
46 156 1
46 157 1
46 158 1
46 159 1
46 160 1
46 161 1
46 162 1
47 163 1
47 164 1
47 165 1
47 166 1
47 167 1
47 168 1
47 169 1
47 170 1
48 171 1
48 172 1
48 173 1
48 174 1
48 175 1
48 176 1
48 177 1
48 178 1
48 179 1
49 180 1
49 181 1
49 182 1
49 183 1
49 184 1
49 185 1
49 186 1
49 187 1
49 188 1
49 189 1
49 190 1
49 191 1
49 192 1
50 193 1
50 194 1
50 195 1
50 196 1
50 197 1
50 198 1
50 199 1
50 200 1
50 201 1
50 202 1
50 203 1
50 204 1
51 205 1
51 206 1
51 207 1
51 208 1
51 209 1
51 210 1
51 211 1
51 212 1
51 213 1
51 214 1
51 215 1
51 216 1
51 217 1
52 218 1
52 219 1
52 220 1
52 221 1
52 222 1
52 223 1
52 224 1
52 225 1
52 226 1
52 227 1
52 228 1
52 229 1
53 230 1
53 231 1
53 232 1
53 233 1
53 234 1
53 235 1
53 236 1
53 237 1
53 238 1
53 239 1
53 240 1
53 241 1
53 242 1
53 243 1
53 244 1
53 245 1
53 246 1
53 247 1
53 248 1
53 249 1
53 250 1
53 251 1
54 252 1
54 253 1
54 254 1
54 255 1
54 256 1
54 257 1
54 258 1
54 259 1
54 260 1
54 261 1
54 262 1
54 263 1
54 264 1
54 265 1
54 266 1
54 267 1
54 268 1
54 269 1
54 270 1
54 271 1
54 272 1
54 273 1
54 274 1
54 275 1
54 276 1
54 277 1
54 278 1
54 279 1
54 280 1
54 281 1
54 282 1
54 283 1
54 284 1
54 285 1
54 286 1
54 287 1
54 288 1
54 289 1
54 290 1
54 291 1
54 292 1
54 293 1
54 294 1
54 295 1
54 296 1
54 297 1
54 298 1
54 299 1
54 300 1
54 301 1
54 302 1
54 303 1
54 304 1
54 305 1
54 306 1
54 307 1
54 308 1
54 309 1
54 310 1
54 311 1
54 312 1
54 313 1
54 314 1
54 315 1
54 316 1
54 317 1
54 318 1
54 319 1
53 320 1
53 321 1
53 322 1
53 323 1
53 324 1
53 325 1
53 326 1
53 327 1
53 328 1
53 329 1
53 330 1
53 331 1
53 332 1
53 333 1
53 334 1
53 335 1
53 336 1
53 337 1
53 338 1
53 339 1
53 340 1
53 341 1
53 342 1
52 343 1
52 344 1
52 345 1
52 346 1
52 347 1
52 348 1
52 349 1
52 350 1
52 351 1
52 352 1
52 353 1
52 354 1
52 355 1
52 356 1
52 357 1
52 358 1
52 359 1
51 360 1
51 361 1
51 362 1
51 363 1
51 364 1
51 365 1
51 366 1
51 367 1
51 368 1
51 369 1
51 370 1
51 371 1
51 372 1
51 373 1
51 374 1
51 375 1
51 376 1
51 377 1
51 378 1
51 379 1
50 380 1
49 381 1
49 382 1
49 383 1
49 384 1
49 385 1
49 386 1
49 387 1
49 388 1
49 389 1
49 390 1
49 391 1
49 392 1
49 393 1
.PEN_UP
.PEN_DOWN
40 120 1
39 120 1
38 120 1
37 120 1
36 119 1
35 119 1
34 119 1
33 119 1
32 119 1
31 118 1
30 118 1
29 118 1
28 117 1
27 116 1
28 115 1
28 114 1
.PEN_UP
.PEN_DOWN
41 120 1
43 120 1
44 121 1
45 121 1
46 121 1
47 121 1
48 121 1
49 121 1
50 121 1
51 121 1
52 122 1
53 122 1
54 122 1
55 122 1
56 122 1
57 122 1
58 122 1
59 122 1
60 122 1
61 122 1
62 122 1
63 122 1
64 122 1
65 122 1
66 122 1
67 122 1
68 122 1
69 122 1
70 122 1
71 122 1
72 123 1
73 123 1
74 123 1
75 123 1
76 123 1
77 123 1
78 123 1
79 123 1
80 123 1
81 123 1
82 124 1
83 124 1
84 124 1
85 124 1
86 124 1
87 124 1
88 124 1
89 124 1
90 124 1
91 124 1
92 125 1
93 125 1
94 125 1
95 125 1
96 125 1
97 125 1
98 125 1
99 126 1
100 126 1
101 126 1
102 126 1
103 127 1
104 127 1
105 127 1
106 127 1
107 128 1
108 128 1
109 128 1
110 128 1
111 129 1
112 128 1
112 127 1
112 126 1
112 125 1
111 124 1
111 123 1
110 122 1
110 121 1
109 120 1
109 119 1
109 118 1
109 117 1
108 116 1
108 115 1
108 114 1
108 113 1
107 112 1
107 111 1
107 110 1
107 109 1
107 108 1
106 107 1
106 106 1
106 105 1
106 104 1
105 103 1
105 102 1
105 101 1
105 100 1
105 99 1
104 98 1
104 97 1
104 96 1
104 95 1
104 94 1
103 93 1
103 92 1
103 91 1
103 90 1
103 89 1
103 88 1
103 87 1
103 86 1
102 85 1
102 84 1
102 83 1
102 82 1
102 81 1
102 80 1
102 79 1
102 78 1
102 77 1
101 76 1
101 75 1
101 74 1
101 73 1
101 72 1
102 71 1
102 70 1
102 69 1
102 68 1
102 67 1
102 66 1
102 65 1
102 64 1
102 63 1
102 62 1
102 61 1
102 60 1
103 59 1
103 58 1
103 57 1
103 56 1
104 55 1
104 54 1
104 53 1
105 52 1
105 51 1
105 50 1
105 49 1
106 48 1
106 47 1
106 46 1
106 45 1
107 44 1
107 43 1
107 42 1
108 41 1
108 40 1
108 39 1
109 38 1
109 37 1
109 36 1
110 35 1
110 34 1
110 33 1
111 32 1
111 31 1
111 30 1
112 29 1
112 28 1
112 27 1
113 26 1
113 25 1
113 24 1
114 23 1
115 22 1
115 21 1
116 20 1
117 19 1
118 19 1
119 18 1
120 18 1
121 18 1
122 18 1
123 18 1
124 18 1
125 19 1
126 19 1
127 20 1
128 20 1
129 21 1
130 22 1
131 23 1
132 23 1
133 24 1
134 25 1
135 26 1
136 27 1
137 28 1
138 29 1
139 30 1
140 31 1
141 32 1
142 33 1
143 34 1
144 35 1
145 36 1
146 37 1
147 38 1
148 39 1
149 40 1
149 41 1
150 42 1
151 43 1
152 44 1
153 45 1
153 46 1
154 47 1
155 48 1
155 49 1
156 50 1
157 51 1
157 52 1
158 53 1
158 54 1
159 55 1
160 56 1
160 57 1
161 58 1
162 59 1
162 60 1
163 61 1
163 62 1
164 63 1
165 64 1
165 65 1
166 66 1
167 67 1
167 68 1
168 69 1
169 70 1
169 71 1
170 72 1
171 73 1
171 74 1
172 75 1
173 76 1
174 77 1
174 78 1
175 79 1
176 80 1
177 81 1
178 82 1
178 83 1
179 84 1
180 85 1
181 86 1
182 87 1
182 88 1
183 89 1
184 90 1
185 90 1
186 91 1
187 92 1
188 93 1
189 93 1
190 94 1
191 95 1
192 96 1
193 96 1
194 97 1
195 98 1
196 98 1
197 99 1
198 100 1
199 100 1
200 100 1
201 101 1
202 101 1
203 101 1
204 101 1
205 102 1
206 102 1
207 102 1
208 103 1
209 103 1
210 103 1
211 104 1
212 104 1
213 104 1
214 104 1
215 104 1
216 104 1
217 104 1
218 104 1
219 104 1
220 104 1
221 104 1
222 104 1
223 104 1
224 104 1
225 104 1
226 103 1
227 103 1
228 103 1
229 103 1
230 103 1
231 103 1
232 102 1
233 102 1
234 102 1
235 101 1
236 101 1
237 101 1
238 100 1
239 100 1
240 100 1
241 99 1
242 99 1
243 99 1
244 98 1
245 98 1
246 97 1
247 97 1
248 96 1
249 95 1
250 95 1
251 94 1
252 93 1
253 93 1
254 92 1
255 91 1
256 91 1
257 90 1
258 89 1
259 89 1
260 88 1
261 87 1
262 87 1
263 86 1
264 85 1
265 84 1
266 83 1
267 82 1
268 81 1
269 80 1
270 80 1
271 79 1
272 78 1
273 77 1
274 76 1
275 75 1
276 74 1
277 73 1
278 72 1
279 71 1
280 70 1
281 69 1
281 68 1
282 67 1
283 66 1
283 65 1
284 64 1
285 63 1
286 62 1
286 61 1
287 60 1
288 59 1
288 58 1
289 57 1
290 56 1
290 55 1
291 54 1
291 53 1
292 52 1
292 51 1
293 50 1
293 49 1
294 48 1
294 47 1
295 46 1
295 45 1
296 44 1
296 43 1
296 42 1
297 41 1
297 40 1
297 39 1
297 38 1
297 37 1
297 36 1
297 35 1
298 34 1
298 33 1
298 32 1
298 31 1
298 30 1
298 29 1
297 28 1
297 27 1
296 26 1
296 25 1
296 24 1
295 23 1
295 22 1
294 21 1
294 20 1
293 19 1
292 18 1
291 17 1
290 16 1
289 15 1
288 14 1
287 14 1
286 13 1
285 12 1
284 11 1
283 10 1
282 9 1
281 9 1
280 8 1
279 8 1
278 7 1
277 7 1
276 6 1
275 6 1
274 6 1
273 5 1
272 5 1
271 4 1
270 4 1
269 3 1
268 3 1
267 3 1
266 3 1
265 3 1
264 3 1
263 2 1
262 2 1
261 2 1
260 2 1
259 2 1
258 2 1
257 1 1
256 1 1
255 1 1
254 2 1
253 2 1
252 2 1
251 2 1
250 2 1
249 2 1
248 2 1
247 2 1
246 2 1
245 3 1
244 3 1
243 4 1
242 4 1
241 5 1
240 5 1
239 6 1
238 6 1
237 6 1
236 7 1
235 8 1
234 9 1
233 10 1
232 10 1
231 11 1
230 12 1
229 13 1
228 14 1
227 15 1
227 16 1
226 17 1
226 18 1
225 19 1
224 20 1
224 21 1
223 22 1
222 23 1
222 24 1
222 25 1
222 26 1
221 27 1
221 28 1
221 29 1
220 30 1
220 31 1
220 32 1
219 33 1
219 34 1
219 35 1
219 36 1
220 37 1
220 38 1
220 39 1
220 40 1
220 41 1
220 42 1
220 43 1
220 44 1
220 45 1
221 46 1
221 47 1
221 48 1
221 49 1
222 50 1
222 51 1
222 52 1
222 53 1
223 54 1
223 55 1
223 56 1
224 57 1
224 58 1
225 59 1
225 60 1
226 61 1
226 62 1
226 63 1
227 64 1
227 65 1
228 66 1
228 67 1
228 68 1
229 69 1
229 70 1
229 71 1
229 72 1
229 73 1
230 74 1
230 75 1
230 76 1
230 77 1
230 78 1
230 79 1
231 80 1
231 81 1
231 82 1
231 83 1
232 84 1
232 85 1
232 86 1
232 87 1
232 88 1
233 89 1
233 90 1
233 91 1
.PEN_UP
.PEN_DOWN
154 73 1
154 74 1
153 75 1
153 76 1
153 77 1
154 78 1
154 79 1
154 80 1
154 81 1
154 82 1
154 83 1
155 84 1
155 85 1
155 86 1
155 87 1
155 88 1
155 89 1
155 90 1
155 91 1
155 92 1
155 93 1
155 94 1
155 95 1
155 96 1
155 97 1
156 98 1
156 99 1
156 100 1
156 101 1
156 102 1
156 103 1
156 104 1
156 105 1
156 106 1
156 107 1
156 108 1
156 109 1
156 110 1
156 111 1
156 112 1
156 113 1
156 114 1
156 115 1
156 116 1
156 117 1
156 118 1
156 119 1
156 120 1
156 121 1
156 122 1
156 123 1
156 124 1
156 125 1
156 126 1
156 127 1
156 128 1
156 129 1
156 130 1
156 131 1
156 132 1
156 133 1
156 134 1
156 135 1
156 136 1
156 137 1
156 138 1
156 139 1
156 140 1
156 141 1
156 142 1
156 143 1
156 144 1
156 145 1
156 146 1
156 147 1
156 148 1
156 149 1
156 150 1
156 151 1
156 152 1
156 153 1
156 154 1
156 155 1
156 156 1
156 157 1
156 158 1
156 159 1
156 160 1
156 161 1
156 162 1
156 163 1
156 164 1
156 165 1
156 166 1
156 167 1
156 168 1
156 169 1
156 170 1
156 171 1
156 172 1
156 173 1
156 174 1
156 175 1
156 176 1
156 177 1
156 178 1
155 179 1
155 180 1
155 181 1
155 182 1
155 183 1
155 184 1
155 185 1
155 186 1
155 187 1
155 188 1
155 189 1
155 190 1
155 191 1
155 192 1
154 193 1
154 194 1
154 195 1
154 196 1
154 197 1
154 198 1
154 199 1
153 200 1
153 201 1
153 202 1
153 203 1
153 204 1
153 205 1
152 206 1
152 207 1
152 208 1
152 209 1
152 210 1
152 211 1
151 212 1
151 213 1
151 214 1
151 215 1
151 216 1
151 217 1
150 218 1
150 219 1
150 220 1
150 221 1
149 222 1
149 223 1
149 224 1
148 225 1
148 226 1
148 227 1
148 228 1
147 229 1
147 230 1
147 231 1
147 232 1
146 233 1
146 234 1
146 235 1
145 236 1
145 237 1
145 238 1
144 239 1
144 240 1
143 241 1
143 242 1
142 243 1
142 244 1
141 245 1
141 246 1
140 247 1
140 248 1
139 249 1
139 250 1
138 251 1
137 252 1
136 253 1
135 254 1
134 255 1
133 256 1
132 257 1
131 258 1
130 259 1
129 260 1
128 261 1
127 262 1
126 263 1
125 264 1
124 265 1
123 266 1
122 267 1
121 267 1
120 268 1
119 268 1
118 269 1
117 269 1
116 270 1
115 270 1
114 271 1
113 271 1
112 272 1
111 272 1
110 273 1
109 273 1
108 273 1
107 274 1
106 274 1
105 274 1
104 275 1
103 275 1
102 275 1
101 276 1
100 276 1
99 276 1
98 277 1
97 277 1
96 278 1
95 279 1
94 279 1
93 279 1
92 280 1
91 280 1
90 280 1
89 280 1
88 281 1
87 281 1
86 281 1
85 281 1
84 281 1
83 281 1
82 281 1
81 281 1
80 281 1
79 281 1
78 281 1
77 281 1
76 281 1
75 281 1
.PEN_UP
.PEN_DOWN
96 280 1
97 280 1
98 280 1
99 280 1
100 280 1
101 280 1
102 280 1
103 280 1
104 280 1
105 280 1
106 279 1
107 279 1
108 279 1
109 279 1
110 279 1
111 279 1
112 279 1
113 279 1
114 278 1
115 278 1
116 278 1
117 278 1
118 278 1
119 278 1
120 277 1
121 277 1
122 277 1
123 277 1
124 277 1
125 277 1
126 277 1
127 277 1
128 277 1
129 277 1
130 277 1
131 276 1
132 276 1
133 276 1
134 276 1
135 276 1
136 276 1
137 276 1
138 276 1
139 276 1
140 276 1
141 276 1
142 276 1
143 276 1
144 276 1
145 276 1
146 276 1
147 276 1
148 276 1
149 276 1
150 276 1
151 276 1
152 276 1
153 276 1
.PEN_UP
.PEN_DOWN
92 285 1
93 285 1
94 285 1
95 285 1
96 285 1
97 285 1
98 285 1
99 285 1
100 285 1
101 285 1
102 285 1
103 285 1
104 285 1
105 285 1
106 285 1
107 285 1
108 285 1
109 285 1
110 285 1
111 285 1
112 285 1
113 285 1
114 285 1
115 285 1
116 285 1
117 285 1
118 285 1
119 285 1
120 285 1
121 285 1
122 285 1
123 285 1
124 285 1
125 285 1
126 285 1
127 285 1
128 285 1
129 285 1
130 285 1
131 285 1
132 285 1
133 285 1
134 285 1
135 285 1
136 285 1
137 285 1
138 285 1
139 285 1
140 285 1
141 286 1
142 286 1
143 286 1
144 286 1
145 286 1
146 286 1
147 286 1
148 286 1
149 286 1
150 286 1
151 286 1
152 286 1
153 286 1
154 286 1
155 286 1
156 286 1
157 287 1
158 287 1
159 287 1
160 287 1
161 287 1
162 287 1
163 287 1
164 287 1
165 287 1
166 287 1
167 287 1
168 287 1
169 287 1
170 287 1
171 287 1
172 287 1
173 287 1
174 287 1
175 287 1
176 287 1
177 287 1
178 287 1
179 287 1
180 287 1
181 287 1
182 287 1
183 287 1
184 287 1
185 287 1
186 287 1
187 287 1
188 287 1
189 287 1
190 287 1
191 287 1
192 287 1
193 287 1
194 287 1
195 287 1
196 287 1
197 287 1
198 287 1
199 287 1
200 287 1
201 287 1
202 287 1
203 287 1
204 287 1
205 287 1
206 287 1
207 287 1
208 287 1
209 287 1
210 287 1
211 287 1
212 286 1
213 286 1
214 286 1
215 286 1
216 286 1
217 286 1
218 286 1
219 286 1
220 286 1
221 286 1
.PEN_UP
