.PEN_DOWN
175 6 1
175 7 1
175 8 1
176 9 1
176 10 1
178 12 1
179 13 1
179 14 1
179 15 1
179 16 1
179 17 1
180 18 1
180 19 1
180 20 1
180 21 1
180 22 1
180 23 1
180 24 1
180 25 1
180 26 1
180 27 1
180 28 1
180 29 1
180 30 1
180 31 1
180 32 1
180 33 1
180 34 1
180 35 1
180 36 1
180 37 1
180 38 1
180 39 1
180 40 1
180 41 1
180 42 1
180 43 1
179 44 1
179 45 1
179 46 1
179 47 1
179 48 1
179 49 1
179 50 1
179 51 1
179 52 1
179 53 1
179 54 1
179 55 1
179 56 1
180 57 1
182 56 1
183 55 1
183 54 1
184 53 1
184 52 1
184 51 1
185 50 1
186 49 1
186 48 1
187 47 1
187 46 1
188 45 1
189 44 1
190 43 1
191 42 1
192 41 1
193 40 1
194 40 1
195 40 1
196 40 1
197 40 1
198 40 1
199 40 1
200 41 1
201 42 1
202 43 1
202 44 1
202 45 1
202 46 1
202 47 1
202 48 1
202 49 1
202 50 1
202 51 1
202 52 1
201 53 1
.PEN_UP
.PEN_DOWN
180 58 1
180 59 1
180 60 1
180 61 1
180 62 1
180 63 1
180 64 1
179 65 1
179 66 1
179 67 1
179 68 1
179 69 1
179 70 1
179 71 1
179 72 1
179 73 1
179 74 1
179 75 1
179 76 1
179 77 1
179 78 1
179 79 1
179 80 1
179 81 1
180 82 1
180 83 1
180 84 1
180 85 1
180 86 1
180 87 1
180 88 1
180 89 1
182 91 1
183 92 1
183 93 1
183 94 1
184 95 1
184 96 1
184 97 1
185 98 1
185 99 1
186 100 1
186 101 1
186 102 1
187 103 1
187 104 1
188 105 1
189 106 1
189 107 1
190 108 1
190 109 1
191 110 1
192 111 1
192 112 1
193 113 1
194 114 1
195 115 1
196 116 1
197 117 1
198 118 1
199 119 1
200 120 1
201 120 1
202 121 1
203 121 1
204 122 1
205 123 1
206 123 1
207 124 1
208 124 1
209 124 1
210 125 1
211 125 1
212 125 1
213 125 1
214 125 1
215 126 1
216 126 1
217 126 1
218 126 1
219 126 1
220 126 1
221 126 1
222 126 1
223 126 1
224 126 1
225 126 1
226 126 1
227 126 1
228 126 1
229 126 1
230 126 1
231 126 1
232 126 1
233 126 1
234 126 1
235 126 1
236 125 1
237 125 1
238 125 1
239 125 1
240 125 1
241 124 1
242 124 1
243 124 1
244 124 1
245 123 1
246 123 1
247 123 1
248 122 1
249 122 1
250 122 1
251 121 1
252 121 1
253 120 1
254 120 1
255 120 1
256 119 1
257 119 1
258 118 1
259 118 1
260 117 1
261 116 1
262 116 1
263 115 1
264 114 1
265 113 1
266 113 1
267 112 1
268 111 1
269 111 1
270 110 1
271 109 1
272 108 1
273 107 1
274 106 1
275 105 1
276 104 1
277 102 1
277 101 1
278 100 1
279 99 1
280 99 1
281 98 1
282 97 1
282 96 1
283 95 1
283 94 1
284 93 1
284 92 1
284 91 1
285 90 1
285 89 1
285 88 1
285 87 1
285 86 1
284 85 1
284 84 1
283 83 1
282 84 1
281 85 1
280 86 1
279 87 1
279 88 1
278 89 1
278 90 1
278 91 1
277 92 1
277 93 1
277 94 1
277 95 1
277 96 1
277 97 1
277 98 1
277 99 1
.PEN_UP
.PEN_DOWN
277 103 1
278 105 1
279 106 1
279 107 1
280 108 1
280 109 1
281 110 1
281 111 1
282 112 1
282 113 1
283 114 1
283 115 1
284 116 1
285 117 1
285 118 1
286 119 1
287 120 1
288 121 1
288 122 1
289 123 1
290 124 1
291 125 1
292 126 1
293 127 1
294 128 1
295 129 1
296 130 1
297 131 1
298 132 1
299 132 1
300 133 1
301 134 1
302 135 1
303 136 1
304 136 1
305 137 1
306 138 1
307 138 1
308 139 1
309 140 1
310 140 1
311 141 1
312 141 1
313 142 1
314 143 1
315 143 1
316 144 1
317 144 1
318 145 1
319 145 1
320 146 1
321 147 1
322 147 1
323 148 1
324 148 1
325 149 1
326 149 1
327 149 1
328 149 1
329 149 1
330 150 1
331 150 1
332 150 1
333 150 1
334 150 1
335 150 1
336 150 1
337 150 1
338 150 1
339 150 1
340 149 1
341 149 1
342 149 1
343 149 1
344 149 1
345 149 1
346 148 1
347 148 1
348 147 1
349 147 1
350 146 1
351 146 1
352 145 1
353 144 1
354 144 1
355 143 1
356 143 1
357 142 1
358 141 1
359 140 1
360 139 1
361 138 1
362 137 1
363 136 1
364 135 1
365 134 1
366 133 1
367 132 1
368 131 1
368 130 1
369 129 1
369 128 1
370 127 1
370 126 1
371 125 1
371 124 1
372 123 1
372 122 1
372 121 1
373 120 1
373 119 1
374 118 1
374 117 1
375 116 1
375 115 1
375 114 1
376 113 1
376 112 1
376 111 1
376 110 1
376 109 1
376 108 1
377 107 1
377 106 1
377 105 1
377 104 1
377 103 1
377 102 1
378 101 1
378 100 1
378 99 1
378 98 1
378 97 1
378 96 1
378 95 1
378 94 1
378 93 1
378 92 1
378 91 1
378 90 1
378 89 1
378 88 1
378 87 1
378 86 1
378 85 1
378 84 1
378 83 1
377 82 1
377 81 1
377 80 1
377 79 1
377 78 1
377 77 1
377 76 1
376 75 1
376 74 1
376 73 1
376 72 1
375 71 1
375 70 1
375 69 1
375 68 1
374 67 1
374 66 1
374 65 1
374 64 1
373 63 1
373 62 1
373 61 1
373 60 1
372 59 1
372 58 1
371 57 1
371 56 1
370 55 1
369 54 1
369 53 1
368 52 1
368 51 1
367 50 1
367 49 1
366 48 1
365 47 1
365 46 1
364 45 1
364 44 1
363 43 1
362 42 1
362 41 1
361 40 1
360 39 1
359 38 1
358 37 1
357 36 1
357 35 1
356 34 1
355 33 1
354 32 1
353 31 1
352 30 1
352 29 1
351 28 1
350 27 1
349 26 1
348 25 1
347 24 1
346 23 1
345 22 1
344 21 1
343 20 1
342 19 1
341 18 1
340 17 1
339 16 1
338 15 1
337 14 1
336 13 1
335 13 1
334 12 1
333 11 1
332 10 1
331 10 1
330 9 1
329 8 1
328 8 1
327 7 1
326 6 1
325 6 1
324 5 1
323 4 1
322 4 1
321 4 1
320 3 1
319 3 1
318 3 1
317 2 1
316 2 1
315 2 1
314 2 1
313 1 1
312 2 1
311 2 1
310 2 1
309 2 1
308 2 1
307 2 1
306 2 1
305 3 1
304 3 1
303 3 1
302 3 1
301 3 1
300 4 1
299 5 1
298 6 1
297 7 1
296 8 1
295 9 1
.PEN_UP
.PEN_DOWN
180 90 1
179 91 1
179 92 1
179 93 1
179 94 1
179 95 1
179 96 1
179 97 1
179 98 1
179 99 1
179 100 1
179 101 1
179 102 1
178 103 1
178 104 1
178 105 1
178 106 1
178 107 1
178 108 1
178 109 1
178 110 1
178 111 1
178 112 1
178 113 1
178 114 1
178 115 1
178 116 1
178 117 1
178 118 1
178 119 1
178 120 1
178 121 1
178 122 1
178 123 1
178 124 1
178 125 1
177 126 1
177 127 1
177 128 1
177 129 1
177 130 1
177 131 1
177 132 1
177 133 1
177 134 1
177 135 1
177 136 1
177 137 1
177 138 1
177 139 1
177 140 1
177 141 1
177 142 1
177 143 1
177 144 1
177 145 1
177 146 1
177 147 1
177 148 1
177 149 1
177 150 1
176 151 1
176 152 1
176 153 1
176 154 1
176 155 1
176 156 1
176 157 1
176 158 1
176 159 1
176 160 1
176 161 1
176 162 1
176 163 1
176 164 1
176 165 1
176 166 1
176 167 1
176 168 1
176 169 1
176 170 1
176 171 1
176 172 1
176 173 1
176 174 1
176 175 1
176 176 1
175 177 1
175 178 1
175 179 1
175 180 1
175 181 1
175 182 1
175 183 1
175 184 1
175 185 1
175 186 1
175 187 1
175 188 1
175 189 1
175 190 1
175 191 1
175 192 1
175 193 1
175 194 1
174 195 1
174 196 1
174 197 1
174 198 1
174 199 1
174 200 1
174 201 1
174 202 1
174 203 1
174 204 1
174 205 1
174 206 1
174 207 1
174 208 1
174 209 1
174 210 1
173 211 1
173 212 1
173 213 1
173 214 1
173 215 1
173 216 1
173 217 1
173 218 1
173 219 1
173 220 1
173 221 1
173 222 1
173 223 1
173 224 1
173 225 1
173 226 1
172 227 1
172 228 1
172 229 1
172 230 1
172 231 1
172 232 1
172 233 1
172 234 1
172 235 1
172 236 1
172 237 1
172 238 1
172 239 1
172 240 1
172 241 1
172 242 1
172 243 1
172 244 1
172 245 1
172 246 1
172 247 1
172 248 1
172 249 1
172 250 1
172 251 1
172 252 1
172 253 1
172 254 1
172 255 1
172 256 1
172 257 1
172 258 1
172 259 1
171 260 1
171 261 1
171 262 1
171 263 1
171 264 1
171 265 1
171 266 1
171 267 1
171 268 1
171 269 1
171 270 1
171 271 1
171 272 1
171 273 1
171 274 1
171 275 1
171 276 1
172 277 1
172 278 1
172 279 1
172 280 1
172 281 1
172 282 1
172 283 1
172 284 1
172 285 1
172 286 1
172 287 1
172 288 1
172 289 1
172 290 1
172 291 1
172 292 1
172 293 1
172 294 1
172 295 1
172 296 1
172 297 1
172 298 1
172 299 1
172 300 1
172 301 1
173 302 1
173 303 1
173 304 1
173 305 1
173 306 1
173 307 1
173 308 1
173 309 1
173 310 1
173 311 1
173 312 1
173 313 1
174 314 1
174 315 1
174 316 1
174 317 1
174 318 1
174 319 1
174 320 1
174 321 1
174 322 1
174 323 1
175 324 1
175 325 1
175 326 1
175 327 1
176 328 1
176 329 1
176 330 1
176 331 1
176 332 1
177 333 1
177 334 1
177 335 1
177 336 1
177 337 1
178 338 1
178 339 1
178 340 1
178 341 1
178 342 1
178 343 1
179 344 1
178 345 1
177 346 1
176 346 1
175 347 1
174 347 1
173 347 1
172 347 1
171 347 1
170 347 1
169 347 1
168 347 1
167 347 1
166 347 1
165 347 1
.PEN_UP
.PEN_DOWN
176 11 1
175 12 1
175 13 1
175 14 1
175 15 1
175 16 1
175 17 1
175 18 1
175 19 1
175 20 1
175 21 1
175 22 1
175 23 1
175 24 1
175 25 1
175 26 1
175 27 1
175 28 1
174 29 1
174 30 1
174 31 1
174 32 1
173 33 1
173 34 1
172 35 1
.PEN_UP
.PEN_DOWN
69 232 1
68 231 1
68 230 1
67 229 1
67 228 1
66 227 1
65 226 1
65 225 1
64 224 1
64 223 1
63 222 1
63 221 1
62 220 1
62 219 1
61 218 1
60 217 1
60 216 1
59 215 1
59 214 1
58 213 1
58 212 1
57 211 1
56 210 1
56 209 1
55 208 1
54 207 1
53 206 1
52 205 1
51 204 1
50 203 1
49 202 1
48 201 1
47 200 1
46 199 1
45 198 1
44 197 1
43 196 1
42 196 1
41 195 1
40 194 1
39 194 1
38 193 1
37 193 1
36 192 1
35 192 1
34 191 1
33 190 1
32 190 1
31 189 1
30 189 1
29 188 1
28 188 1
27 188 1
26 187 1
25 187 1
24 186 1
23 186 1
22 186 1
21 185 1
20 185 1
19 184 1
18 184 1
17 184 1
16 184 1
15 184 1
14 184 1
13 184 1
12 184 1
11 184 1
10 184 1
9 184 1
8 185 1
7 185 1
6 185 1
5 185 1
4 185 1
3 186 1
3 187 1
2 188 1
1 189 1
1 190 1
2 191 1
2 192 1
2 193 1
2 194 1
3 195 1
3 196 1
3 197 1
4 198 1
4 199 1
4 200 1
5 201 1
5 202 1
5 203 1
6 204 1
6 205 1
7 206 1
7 207 1
7 208 1
8 209 1
8 210 1
9 211 1
9 212 1
10 213 1
11 214 1
11 215 1
12 216 1
12 217 1
13 218 1
13 219 1
14 220 1
15 221 1
15 222 1
16 223 1
16 224 1
17 225 1
18 226 1
19 227 1
19 228 1
20 229 1
21 230 1
22 231 1
23 232 1
24 233 1
24 234 1
25 235 1
26 236 1
27 237 1
28 238 1
29 239 1
29 240 1
30 241 1
31 242 1
32 243 1
33 244 1
34 244 1
35 245 1
36 246 1
37 247 1
38 248 1
39 249 1
40 250 1
41 251 1
42 252 1
43 252 1
44 253 1
45 254 1
46 255 1
47 256 1
48 257 1
49 258 1
50 258 1
51 259 1
52 260 1
53 261 1
54 261 1
55 262 1
56 263 1
57 263 1
58 264 1
59 265 1
60 266 1
61 266 1
62 267 1
63 268 1
64 269 1
65 269 1
66 270 1
67 271 1
68 271 1
69 272 1
70 273 1
71 273 1
72 274 1
73 274 1
74 274 1
75 275 1
76 275 1
77 276 1
78 276 1
79 277 1
80 277 1
81 277 1
82 278 1
83 278 1
84 279 1
85 279 1
86 279 1
87 280 1
88 280 1
89 281 1
90 281 1
91 282 1
92 282 1
93 282 1
94 283 1
95 283 1
96 284 1
97 284 1
98 284 1
99 285 1
100 285 1
101 285 1
102 286 1
103 286 1
104 286 1
105 287 1
106 287 1
107 287 1
108 288 1
109 288 1
110 288 1
111 289 1
112 289 1
113 289 1
114 289 1
115 289 1
116 290 1
117 290 1
118 290 1
119 290 1
120 291 1
121 291 1
122 291 1
123 291 1
124 291 1
125 291 1
126 292 1
127 292 1
128 292 1
129 292 1
130 292 1
131 292 1
132 292 1
133 292 1
134 292 1
135 292 1
136 292 1
137 292 1
138 292 1
139 292 1
140 292 1
141 292 1
142 292 1
143 292 1
144 292 1
145 292 1
146 292 1
147 292 1
148 292 1
149 292 1
150 292 1
151 292 1
152 292 1
153 292 1
154 292 1
155 292 1
156 292 1
157 292 1
158 292 1
159 292 1
160 291 1
161 291 1
162 291 1
163 290 1
164 290 1
.PEN_UP
.PEN_DOWN
264 121 1
265 121 1
266 122 1
267 123 1
268 124 1
269 124 1
270 125 1
271 126 1
272 127 1
273 128 1
274 128 1
275 129 1
276 130 1
277 131 1
278 132 1
279 133 1
279 134 1
280 135 1
281 136 1
281 137 1
282 138 1
282 139 1
283 140 1
283 141 1
284 142 1
284 143 1
285 144 1
285 145 1
286 146 1
286 147 1
286 148 1
286 149 1
286 150 1
286 151 1
286 152 1
286 153 1
286 154 1
286 155 1
286 156 1
286 157 1
286 158 1
286 159 1
286 160 1
285 161 1
285 162 1
285 163 1
285 164 1
285 165 1
284 166 1
284 167 1
284 168 1
284 169 1
283 170 1
283 171 1
283 172 1
283 173 1
282 174 1
282 175 1
282 176 1
281 177 1
281 178 1
280 179 1
280 180 1
279 181 1
279 182 1
278 183 1
278 184 1
277 185 1
277 186 1
276 187 1
275 188 1
274 189 1
274 190 1
273 191 1
272 192 1
272 193 1
271 194 1
270 195 1
270 196 1
269 197 1
268 198 1
267 199 1
266 200 1
265 201 1
264 202 1
263 203 1
262 204 1
261 205 1
260 206 1
259 206 1
258 207 1
257 207 1
256 208 1
255 209 1
254 209 1
253 210 1
252 210 1
251 211 1
250 212 1
249 212 1
248 213 1
247 213 1
246 214 1
245 214 1
244 215 1
243 215 1
242 216 1
241 216 1
240 216 1
239 217 1
238 217 1
237 217 1
236 218 1
235 218 1
234 219 1
233 220 1
232 220 1
231 220 1
230 221 1
229 221 1
228 221 1
227 221 1
226 221 1
225 221 1
224 221 1
223 221 1
222 221 1
221 221 1
220 221 1
219 222 1
218 222 1
217 222 1
216 222 1
215 222 1
214 222 1
213 222 1
212 222 1
211 222 1
210 223 1
209 223 1
208 223 1
207 223 1
206 223 1
205 223 1
204 224 1
203 224 1
202 224 1
.PEN_UP
.PEN_DOWN
234 221 1
235 221 1
236 221 1
237 221 1
238 221 1
239 221 1
240 221 1
241 221 1
242 222 1
243 222 1
244 222 1
245 222 1
246 222 1
247 222 1
248 222 1
249 222 1
250 222 1
251 222 1
252 222 1
253 222 1
254 222 1
255 222 1
256 222 1
257 223 1
258 223 1
259 223 1
260 223 1
261 223 1
262 223 1
263 223 1
264 223 1
265 223 1
266 224 1
267 224 1
268 224 1
269 224 1
270 224 1
271 224 1
272 224 1
273 225 1
274 225 1
275 225 1
276 225 1
277 225 1
278 226 1
279 226 1
280 226 1
281 226 1
282 227 1
283 227 1
284 227 1
285 227 1
286 228 1
287 228 1
288 228 1
289 228 1
290 229 1
291 229 1
292 229 1
293 229 1
294 230 1
295 230 1
296 230 1
297 230 1
298 231 1
299 231 1
300 231 1
301 231 1
302 232 1
303 232 1
304 232 1
305 232 1
306 232 1
307 233 1
308 233 1
309 233 1
310 233 1
311 234 1
312 234 1
313 234 1
314 234 1
315 234 1
316 235 1
317 235 1
318 235 1
319 235 1
320 236 1
321 236 1
322 236 1
323 236 1
324 237 1
325 237 1
326 237 1
327 238 1
328 238 1
329 238 1
330 239 1
331 239 1
332 240 1
333 241 1
334 241 1
335 241 1
336 241 1
337 242 1
338 242 1
339 242 1
.PEN_UP
.PEN_DOWN
332 242 1
331 242 1
330 242 1
329 242 1
328 242 1
.PEN_UP
.PEN_DOWN
191 290 1
192 290 1
193 289 1
194 289 1
195 289 1
196 289 1
197 289 1
198 289 1
199 289 1
200 289 1
201 289 1
202 289 1
203 289 1
204 289 1
205 289 1
206 289 1
207 289 1
208 289 1
209 288 1
210 288 1
211 288 1
212 288 1
213 288 1
214 288 1
215 288 1
216 288 1
217 288 1
218 288 1
219 288 1
220 288 1
221 288 1
222 288 1
223 288 1
224 288 1
225 288 1
226 288 1
227 288 1
228 288 1
229 288 1
230 288 1
231 288 1
232 288 1
233 288 1
234 288 1
235 288 1
236 288 1
237 288 1
238 288 1
239 289 1
240 289 1
241 289 1
242 289 1
243 289 1
244 289 1
245 289 1
246 289 1
247 289 1
248 289 1
249 289 1
250 289 1
251 289 1
252 289 1
253 290 1
254 290 1
255 290 1
256 290 1
257 290 1
258 290 1
259 290 1
260 290 1
261 290 1
262 291 1
263 291 1
264 291 1
265 291 1
266 291 1
267 291 1
268 291 1
269 291 1
270 291 1
271 292 1
272 292 1
273 292 1
274 292 1
275 292 1
276 292 1
277 292 1
278 292 1
279 292 1
280 293 1
281 293 1
282 293 1
283 293 1
284 293 1
285 293 1
286 293 1
287 294 1
288 294 1
289 294 1
290 294 1
291 294 1
292 295 1
293 295 1
294 295 1
295 295 1
296 296 1
297 296 1
298 296 1
299 296 1
300 297 1
301 297 1
302 297 1
303 297 1
304 298 1
305 298 1
306 298 1
307 298 1
308 299 1
309 299 1
310 299 1
311 299 1
312 300 1
313 300 1
314 300 1
315 300 1
316 301 1
317 301 1
318 301 1
319 302 1
320 302 1
321 302 1
322 303 1
323 303 1
324 303 1
325 303 1
326 304 1
327 304 1
328 304 1
329 305 1
330 305 1
331 305 1
332 306 1
333 306 1
334 307 1
335 307 1
336 307 1
337 308 1
338 308 1
339 309 1
340 309 1
341 309 1
342 310 1
343 310 1
344 311 1
345 311 1
346 311 1
347 312 1
348 312 1
349 313 1
350 313 1
351 314 1
352 315 1
351 316 1
350 316 1
349 316 1
348 316 1
347 316 1
346 316 1
345 316 1
344 316 1
343 316 1
342 316 1
341 316 1
340 316 1
339 316 1
338 316 1
337 316 1
336 316 1
335 316 1
334 316 1
333 316 1
332 316 1
331 316 1
330 316 1
329 316 1
328 315 1
327 315 1
.PEN_UP
