.PEN_DOWN
35 2 1
36 2 1
37 1 1
38 1 1
39 1 1
40 1 1
41 1 1
42 1 1
43 1 1
44 1 1
45 1 1
46 1 1
47 1 1
48 1 1
49 1 1
50 2 1
51 2 1
52 2 1
53 3 1
54 3 1
55 3 1
56 3 1
57 4 1
58 4 1
59 4 1
60 4 1
61 5 1
62 5 1
63 5 1
64 5 1
65 6 1
66 7 1
67 7 1
68 8 1
69 9 1
70 10 1
71 11 1
71 12 1
72 13 1
73 14 1
73 15 1
73 16 1
74 17 1
74 18 1
74 19 1
75 20 1
75 21 1
75 22 1
75 23 1
76 24 1
76 25 1
76 26 1
76 27 1
76 28 1
76 29 1
76 30 1
76 31 1
76 32 1
75 33 1
75 34 1
75 35 1
75 36 1
75 37 1
75 38 1
74 39 1
74 40 1
74 41 1
74 42 1
74 43 1
74 44 1
73 45 1
73 46 1
73 47 1
73 48 1
73 49 1
72 50 1
72 51 1
72 52 1
72 53 1
71 54 1
71 55 1
71 56 1
71 57 1
71 58 1
70 59 1
70 60 1
70 61 1
70 62 1
70 63 1
69 64 1
69 65 1
69 66 1
69 67 1
69 68 1
68 69 1
68 70 1
68 71 1
68 72 1
68 73 1
67 74 1
67 75 1
67 76 1
67 77 1
66 78 1
66 79 1
66 80 1
65 81 1
65 82 1
65 83 1
65 84 1
64 85 1
64 86 1
64 87 1
63 88 1
63 89 1
63 90 1
62 91 1
62 92 1
61 93 1
61 94 1
61 95 1
60 96 1
60 97 1
59 98 1
59 99 1
59 100 1
58 101 1
58 102 1
58 103 1
57 104 1
57 105 1
57 106 1
56 107 1
56 108 1
56 109 1
55 110 1
55 111 1
54 112 1
53 113 1
53 114 1
53 115 1
53 116 1
52 117 1
52 118 1
51 119 1
50 120 1
49 121 1
48 121 1
47 121 1
46 121 1
45 121 1
44 121 1
43 122 1
42 122 1
41 122 1
40 122 1
39 122 1
38 122 1
37 122 1
36 122 1
35 122 1
34 122 1
33 122 1
.PEN_UP
.PEN_DOWN
1 55 1
2 54 1
3 54 1
4 53 1
5 53 1
6 53 1
7 53 1
8 53 1
9 53 1
10 54 1
11 55 1
12 56 1
13 56 1
.PEN_UP
