.PEN_DOWN
98 15 1
97 15 1
96 15 1
95 15 1
94 15 1
93 15 1
92 15 1
91 14 1
90 13 1
89 13 1
88 12 1
87 12 1
86 11 1
85 11 1
84 10 1
83 9 1
82 9 1
81 8 1
80 8 1
79 7 1
78 6 1
77 6 1
76 5 1
75 5 1
74 5 1
73 4 1
72 4 1
71 4 1
70 4 1
69 3 1
68 3 1
67 3 1
66 2 1
65 2 1
64 2 1
63 2 1
62 1 1
61 2 1
60 2 1
59 2 1
58 2 1
57 2 1
56 2 1
55 3 1
54 3 1
53 3 1
52 3 1
51 4 1
50 4 1
49 4 1
48 4 1
47 4 1
46 5 1
45 6 1
44 6 1
43 7 1
42 7 1
41 8 1
40 8 1
39 9 1
38 9 1
37 10 1
36 10 1
35 11 1
34 12 1
33 12 1
32 13 1
31 14 1
30 14 1
29 15 1
28 16 1
27 17 1
26 18 1
25 19 1
24 20 1
23 21 1
22 22 1
21 23 1
20 24 1
20 25 1
19 26 1
18 27 1
18 28 1
17 29 1
17 30 1
16 31 1
16 32 1
15 33 1
15 34 1
14 35 1
14 36 1
13 37 1
12 38 1
12 39 1
12 40 1
11 41 1
11 42 1
11 43 1
10 44 1
10 45 1
9 46 1
9 47 1
9 48 1
8 49 1
8 50 1
7 51 1
7 52 1
7 53 1
7 54 1
6 55 1
6 56 1
6 57 1
6 58 1
6 59 1
5 60 1
5 61 1
5 62 1
5 63 1
4 64 1
4 65 1
4 66 1
4 67 1
3 68 1
3 69 1
3 70 1
3 71 1
3 72 1
3 73 1
3 74 1
2 75 1
2 76 1
2 77 1
2 78 1
2 79 1
2 80 1
2 81 1
2 82 1
1 83 1
1 84 1
1 85 1
1 86 1
1 87 1
1 88 1
1 89 1
1 90 1
1 91 1
1 92 1
1 93 1
1 94 1
1 95 1
1 96 1
1 97 1
1 98 1
1 99 1
1 100 1
1 101 1
2 102 1
2 103 1
2 104 1
2 105 1
2 106 1
3 107 1
3 108 1
3 109 1
3 110 1
3 111 1
4 112 1
4 113 1
5 114 1
5 115 1
5 116 1
6 117 1
6 118 1
7 119 1
7 120 1
7 121 1
8 122 1
8 123 1
9 124 1
10 125 1
11 126 1
12 127 1
13 128 1
14 129 1
14 130 1
15 131 1
16 132 1
17 133 1
18 134 1
19 134 1
20 135 1
21 136 1
22 137 1
23 137 1
24 138 1
25 139 1
26 139 1
27 140 1
28 141 1
29 141 1
30 142 1
31 142 1
32 143 1
33 143 1
34 144 1
35 144 1
36 145 1
37 145 1
38 146 1
39 146 1
40 147 1
41 147 1
42 147 1
43 148 1
44 148 1
45 149 1
46 149 1
47 149 1
48 150 1
49 150 1
50 151 1
51 151 1
52 151 1
53 151 1
54 151 1
55 151 1
56 152 1
57 152 1
58 152 1
59 152 1
60 152 1
61 152 1
62 152 1
63 152 1
64 152 1
65 152 1
66 152 1
67 152 1
68 152 1
69 152 1
70 152 1
71 152 1
72 152 1
73 152 1
74 152 1
75 152 1
76 152 1
77 152 1
.PEN_UP
.PEN_DOWN
117 6 1
117 7 1
117 8 1
116 9 1
116 10 1
116 11 1
115 12 1
115 13 1
115 14 1
115 15 1
115 16 1
114 17 1
114 18 1
114 19 1
114 20 1
114 21 1
113 22 1
113 23 1
113 24 1
113 25 1
113 26 1
113 27 1
113 28 1
113 29 1
113 30 1
113 31 1
113 32 1
113 33 1
112 34 1
112 35 1
112 36 1
112 37 1
112 38 1
112 39 1
112 40 1
112 41 1
112 42 1
112 43 1
112 44 1
112 45 1
112 46 1
112 47 1
112 48 1
112 49 1
112 50 1
112 51 1
112 52 1
112 53 1
112 54 1
112 55 1
112 56 1
112 57 1
112 58 1
112 59 1
112 60 1
112 61 1
112 62 1
112 63 1
112 64 1
112 65 1
112 66 1
112 67 1
112 68 1
112 69 1
112 70 1
112 71 1
112 72 1
112 73 1
112 74 1
112 75 1
112 76 1
112 77 1
112 78 1
112 79 1
112 80 1
112 81 1
112 82 1
112 83 1
112 84 1
112 85 1
112 86 1
112 87 1
112 88 1
112 89 1
112 90 1
112 91 1
112 92 1
112 93 1
112 94 1
112 95 1
112 96 1
112 97 1
112 98 1
112 99 1
112 100 1
112 101 1
112 102 1
112 103 1
112 104 1
112 105 1
112 106 1
112 107 1
112 108 1
112 109 1
112 110 1
112 111 1
112 112 1
112 113 1
112 114 1
112 115 1
112 116 1
112 117 1
112 118 1
113 119 1
113 120 1
113 121 1
113 122 1
113 123 1
113 124 1
113 125 1
113 126 1
113 127 1
114 128 1
114 129 1
114 130 1
114 131 1
114 132 1
114 133 1
114 134 1
114 135 1
114 136 1
114 137 1
114 138 1
114 139 1
114 140 1
114 141 1
114 142 1
114 143 1
113 144 1
113 145 1
113 146 1
.PEN_UP
.PEN_DOWN
142 65 1
143 65 1
144 65 1
145 65 1
146 65 1
147 65 1
148 65 1
149 65 1
150 65 1
151 65 1
152 65 1
153 65 1
154 65 1
155 65 1
156 65 1
157 65 1
158 65 1
159 65 1
160 65 1
161 66 1
162 66 1
163 67 1
164 67 1
165 68 1
166 68 1
167 69 1
168 69 1
169 70 1
170 70 1
171 71 1
172 71 1
173 72 1
174 72 1
175 72 1
176 73 1
177 73 1
178 74 1
179 74 1
180 74 1
181 75 1
182 75 1
183 75 1
184 76 1
185 76 1
186 77 1
187 77 1
188 77 1
189 78 1
190 78 1
191 78 1
192 78 1
193 79 1
194 79 1
195 79 1
196 80 1
197 80 1
198 80 1
199 80 1
200 81 1
201 81 1
202 81 1
203 82 1
204 82 1
205 82 1
206 83 1
207 83 1
208 83 1
209 83 1
210 84 1
211 84 1
212 84 1
213 85 1
214 85 1
215 85 1
216 86 1
217 86 1
218 86 1
219 87 1
220 87 1
221 88 1
222 88 1
223 88 1
224 89 1
225 89 1
226 90 1
227 90 1
228 90 1
229 91 1
230 91 1
231 92 1
232 92 1
233 92 1
234 92 1
236 93 1
237 94 1
238 94 1
239 95 1
240 96 1
241 97 1
.PEN_UP
.PEN_DOWN
235 91 1
235 90 1
235 89 1
234 88 1
234 87 1
234 86 1
234 85 1
234 84 1
233 83 1
233 82 1
233 81 1
234 80 1
234 79 1
234 78 1
234 77 1
235 76 1
235 75 1
235 74 1
235 73 1
235 72 1
236 71 1
236 70 1
237 69 1
237 68 1
238 67 1
238 66 1
239 65 1
239 64 1
239 63 1
240 62 1
241 61 1
241 60 1
242 59 1
242 58 1
243 57 1
243 56 1
244 55 1
244 54 1
245 53 1
245 52 1
246 51 1
246 50 1
247 49 1
248 48 1
248 47 1
249 46 1
250 45 1
250 44 1
251 43 1
252 42 1
253 41 1
254 40 1
255 39 1
256 38 1
257 37 1
258 36 1
259 35 1
260 35 1
261 34 1
262 33 1
263 33 1
264 32 1
265 31 1
266 31 1
267 30 1
268 30 1
269 29 1
270 29 1
271 28 1
272 28 1
273 27 1
274 27 1
275 26 1
276 25 1
277 25 1
278 25 1
279 25 1
280 24 1
281 24 1
282 24 1
283 24 1
284 23 1
285 23 1
286 23 1
287 23 1
288 23 1
289 23 1
290 24 1
291 24 1
292 25 1
293 26 1
294 26 1
295 27 1
296 28 1
297 29 1
298 30 1
298 31 1
299 32 1
300 33 1
301 34 1
301 35 1
301 36 1
301 37 1
302 38 1
302 39 1
302 40 1
302 41 1
303 42 1
303 43 1
303 44 1
303 45 1
304 46 1
304 47 1
304 48 1
304 49 1
305 50 1
305 51 1
305 52 1
305 53 1
306 54 1
306 55 1
306 56 1
306 57 1
306 58 1
307 59 1
307 60 1
307 61 1
307 62 1
307 63 1
307 64 1
308 65 1
308 66 1
308 67 1
308 68 1
308 69 1
308 70 1
308 71 1
309 72 1
309 73 1
309 74 1
309 75 1
309 76 1
309 77 1
309 78 1
309 79 1
310 80 1
310 81 1
310 82 1
310 83 1
310 84 1
311 85 1
311 86 1
311 87 1
311 88 1
312 89 1
312 90 1
312 91 1
312 92 1
312 93 1
313 94 1
313 95 1
313 96 1
313 97 1
314 98 1
314 99 1
314 100 1
315 101 1
315 102 1
315 103 1
316 104 1
316 105 1
316 106 1
317 107 1
318 108 1
319 109 1
320 110 1
320 111 1
321 112 1
322 113 1
323 114 1
324 115 1
325 115 1
326 116 1
327 117 1
328 118 1
329 119 1
330 119 1
331 120 1
332 120 1
333 120 1
334 121 1
335 121 1
336 122 1
337 122 1
338 122 1
339 123 1
340 123 1
341 123 1
342 123 1
343 123 1
344 124 1
345 124 1
346 124 1
347 124 1
348 124 1
349 124 1
350 124 1
351 124 1
352 124 1
353 124 1
354 124 1
355 124 1
356 124 1
357 124 1
358 124 1
359 123 1
360 123 1
361 123 1
362 123 1
363 123 1
364 123 1
365 122 1
366 122 1
367 122 1
368 122 1
369 121 1
370 121 1
371 121 1
372 121 1
373 120 1
374 120 1
375 120 1
376 119 1
377 118 1
378 118 1
379 118 1
380 118 1
381 118 1
382 118 1
385 120 1
386 121 1
387 121 1
388 122 1
389 122 1
390 122 1
391 123 1
392 123 1
393 123 1
394 124 1
395 124 1
.PEN_UP
.PEN_DOWN
383 118 1
384 117 1
385 116 1
386 115 1
387 114 1
388 113 1
389 112 1
390 111 1
391 110 1
392 109 1
393 108 1
394 107 1
395 106 1
395 105 1
396 104 1
396 103 1
397 102 1
397 101 1
398 100 1
398 99 1
399 98 1
399 97 1
400 96 1
400 95 1
401 94 1
401 93 1
401 92 1
402 91 1
402 90 1
402 89 1
403 88 1
403 87 1
403 86 1
404 85 1
404 84 1
404 83 1
404 82 1
404 81 1
404 80 1
405 79 1
405 78 1
405 77 1
405 76 1
405 75 1
405 74 1
405 73 1
405 72 1
405 71 1
405 70 1
405 69 1
405 68 1
405 67 1
405 66 1
404 65 1
404 64 1
404 63 1
404 62 1
404 61 1
403 60 1
403 59 1
403 58 1
403 57 1
402 56 1
402 55 1
402 54 1
401 53 1
401 52 1
400 51 1
400 50 1
400 49 1
399 48 1
399 47 1
398 46 1
398 45 1
397 44 1
396 43 1
395 42 1
395 41 1
394 40 1
393 39 1
392 38 1
391 37 1
390 36 1
389 35 1
388 35 1
387 34 1
386 34 1
385 33 1
384 32 1
383 32 1
382 31 1
381 31 1
380 30 1
379 30 1
378 30 1
377 29 1
376 29 1
375 29 1
374 28 1
373 28 1
372 28 1
371 27 1
370 27 1
369 27 1
368 27 1
367 26 1
366 26 1
365 26 1
364 26 1
363 26 1
362 25 1
361 25 1
360 25 1
359 25 1
358 25 1
357 25 1
356 25 1
355 24 1
354 24 1
353 24 1
352 24 1
351 24 1
350 24 1
349 24 1
348 24 1
347 24 1
346 24 1
345 25 1
344 25 1
343 26 1
342 26 1
341 27 1
340 28 1
339 29 1
338 30 1
338 31 1
337 32 1
337 33 1
336 34 1
335 35 1
335 36 1
335 37 1
335 38 1
335 39 1
335 40 1
335 41 1
335 42 1
335 43 1
334 44 1
334 45 1
334 46 1
334 47 1
334 48 1
334 49 1
335 50 1
335 51 1
335 52 1
335 53 1
335 54 1
335 55 1
335 56 1
335 57 1
335 58 1
335 59 1
336 60 1
336 61 1
336 62 1
337 63 1
337 64 1
337 65 1
338 66 1
338 67 1
338 68 1
339 69 1
339 70 1
340 71 1
340 72 1
340 73 1
341 74 1
341 75 1
342 76 1
342 77 1
343 78 1
343 79 1
344 80 1
344 81 1
345 82 1
345 83 1
346 84 1
346 85 1
347 86 1
347 87 1
348 88 1
349 89 1
349 90 1
350 91 1
351 92 1
351 93 1
352 94 1
353 95 1
353 96 1
354 97 1
355 98 1
355 99 1
356 100 1
357 101 1
358 102 1
359 103 1
360 104 1
361 105 1
362 106 1
363 107 1
364 108 1
365 109 1
366 110 1
367 111 1
368 111 1
369 112 1
370 113 1
371 114 1
372 114 1
373 115 1
374 116 1
375 116 1
376 117 1
.PEN_UP
.PEN_DOWN
383 119 1
382 121 1
381 122 1
381 123 1
380 124 1
379 125 1
378 126 1
378 127 1
379 128 1
380 128 1
381 129 1
382 129 1
383 130 1
384 130 1
385 131 1
386 131 1
387 132 1
388 133 1
389 133 1
390 134 1
391 135 1
392 135 1
393 136 1
394 137 1
395 137 1
396 138 1
397 139 1
398 140 1
399 140 1
400 141 1
401 142 1
402 143 1
403 144 1
404 145 1
405 145 1
406 146 1
407 147 1
408 148 1
409 149 1
410 150 1
411 150 1
412 151 1
413 152 1
414 153 1
415 153 1
416 154 1
417 155 1
418 156 1
419 156 1
420 157 1
421 158 1
422 158 1
423 159 1
424 160 1
425 161 1
426 161 1
427 162 1
428 163 1
429 163 1
430 164 1
431 164 1
432 164 1
433 165 1
434 165 1
435 165 1
436 166 1
437 166 1
438 167 1
439 167 1
440 167 1
441 168 1
442 168 1
443 168 1
444 168 1
445 169 1
446 169 1
447 169 1
448 170 1
449 170 1
450 170 1
451 171 1
452 171 1
453 171 1
454 172 1
455 172 1
456 173 1
457 173 1
458 173 1
459 174 1
460 174 1
461 174 1
462 175 1
463 175 1
464 175 1
465 176 1
466 176 1
467 176 1
468 176 1
469 176 1
470 176 1
.PEN_UP
