.PEN_DOWN
18 1 1
18 2 1
17 3 1
17 4 1
17 5 1
17 6 1
17 7 1
17 8 1
16 9 1
16 10 1
16 11 1
16 12 1
16 13 1
16 14 1
16 15 1
16 16 1
16 17 1
16 18 1
16 19 1
16 20 1
16 21 1
16 22 1
16 23 1
16 24 1
16 25 1
16 26 1
15 27 1
15 28 1
15 29 1
15 30 1
15 31 1
15 32 1
15 33 1
14 34 1
14 35 1
14 36 1
14 37 1
14 38 1
14 39 1
13 40 1
13 41 1
13 42 1
13 43 1
13 44 1
13 45 1
13 46 1
12 47 1
12 48 1
12 49 1
12 50 1
12 51 1
12 52 1
12 53 1
12 54 1
12 55 1
12 56 1
12 57 1
12 58 1
12 59 1
11 60 1
11 61 1
11 62 1
11 63 1
11 64 1
11 65 1
11 66 1
11 67 1
10 68 1
10 69 1
10 70 1
10 71 1
10 72 1
10 73 1
10 74 1
9 75 1
9 76 1
9 77 1
9 78 1
9 79 1
9 80 1
9 81 1
8 82 1
8 83 1
8 84 1
8 85 1
8 86 1
8 87 1
7 88 1
7 89 1
7 90 1
7 91 1
7 92 1
7 93 1
7 94 1
7 95 1
7 96 1
6 97 1
6 98 1
6 99 1
6 100 1
6 101 1
6 102 1
6 103 1
6 104 1
6 105 1
5 106 1
5 107 1
5 108 1
5 109 1
5 110 1
5 111 1
5 112 1
4 113 1
4 114 1
4 115 1
4 116 1
4 117 1
4 118 1
4 119 1
4 120 1
4 121 1
4 122 1
4 123 1
4 124 1
4 125 1
4 126 1
4 127 1
4 128 1
4 129 1
4 130 1
4 131 1
3 132 1
3 133 1
2 134 1
1 135 1
1 136 1
2 137 1
2 138 1
2 139 1
.PEN_UP
.PEN_DOWN
32 52 1
33 52 1
34 52 1
35 52 1
36 52 1
37 53 1
38 53 1
39 53 1
40 54 1
41 54 1
42 54 1
43 55 1
44 55 1
45 55 1
46 55 1
47 56 1
48 56 1
49 56 1
50 56 1
51 56 1
52 56 1
53 56 1
54 56 1
55 56 1
56 56 1
57 57 1
58 57 1
59 57 1
60 57 1
61 57 1
62 57 1
63 57 1
64 57 1
65 57 1
66 57 1
67 57 1
68 57 1
69 57 1
70 57 1
71 58 1
72 58 1
73 58 1
74 58 1
75 58 1
76 59 1
77 59 1
78 59 1
79 59 1
80 60 1
81 60 1
82 60 1
83 60 1
84 60 1
85 60 1
86 61 1
87 62 1
88 62 1
89 62 1
90 62 1
91 62 1
92 62 1
93 62 1
94 62 1
95 62 1
96 62 1
.PEN_UP
.PEN_DOWN
86 63 1
85 64 1
84 64 1
83 65 1
82 66 1
81 67 1
80 68 1
79 69 1
78 70 1
77 71 1
77 72 1
77 73 1
77 74 1
77 75 1
77 76 1
76 77 1
76 78 1
76 79 1
75 80 1
75 81 1
74 82 1
74 83 1
74 84 1
74 85 1
74 86 1
74 87 1
73 88 1
73 89 1
73 90 1
73 91 1
73 92 1
73 93 1
73 94 1
73 95 1
73 96 1
73 97 1
73 98 1
73 99 1
73 100 1
74 101 1
74 102 1
74 103 1
74 104 1
75 105 1
75 106 1
75 107 1
76 108 1
77 109 1
78 110 1
79 111 1
80 111 1
81 112 1
82 113 1
83 113 1
84 114 1
85 114 1
86 114 1
87 115 1
88 115 1
89 115 1
90 115 1
91 116 1
92 116 1
93 116 1
94 117 1
95 117 1
96 118 1
97 118 1
98 118 1
99 119 1
100 119 1
101 119 1
102 120 1
103 120 1
104 120 1
105 121 1
106 121 1
107 121 1
108 121 1
109 122 1
110 122 1
111 122 1
112 122 1
113 122 1
114 122 1
115 123 1
116 123 1
117 123 1
118 123 1
119 123 1
120 123 1
121 123 1
122 123 1
123 123 1
124 123 1
125 123 1
126 123 1
127 123 1
128 123 1
129 123 1
130 123 1
131 123 1
132 123 1
133 123 1
134 123 1
135 123 1
136 123 1
137 123 1
138 123 1
139 123 1
140 123 1
141 122 1
142 122 1
143 121 1
144 121 1
145 121 1
146 120 1
147 120 1
148 119 1
149 119 1
150 119 1
151 118 1
152 118 1
153 117 1
154 117 1
155 116 1
156 116 1
157 115 1
158 114 1
159 114 1
160 113 1
161 112 1
162 112 1
163 111 1
164 111 1
165 110 1
166 109 1
167 108 1
168 107 1
169 106 1
170 106 1
171 105 1
172 104 1
173 103 1
174 103 1
175 102 1
176 101 1
177 100 1
178 99 1
179 98 1
180 97 1
181 96 1
182 95 1
183 94 1
183 93 1
184 92 1
184 91 1
185 90 1
186 89 1
186 88 1
187 87 1
188 86 1
188 85 1
189 84 1
190 83 1
190 82 1
191 81 1
192 80 1
193 79 1
193 78 1
194 77 1
194 76 1
195 75 1
195 74 1
196 73 1
196 72 1
196 71 1
197 70 1
197 69 1
198 68 1
198 65 1
199 64 1
200 63 1
200 62 1
200 61 1
200 60 1
200 59 1
200 58 1
200 57 1
200 56 1
200 55 1
200 54 1
200 53 1
200 52 1
199 51 1
199 50 1
198 49 1
197 48 1
196 47 1
195 47 1
194 46 1
193 45 1
192 45 1
191 44 1
190 43 1
189 43 1
188 43 1
187 42 1
186 42 1
185 43 1
185 44 1
184 45 1
184 46 1
185 47 1
185 48 1
185 49 1
185 50 1
186 51 1
186 52 1
186 53 1
186 54 1
187 55 1
187 56 1
188 57 1
188 58 1
189 59 1
189 60 1
190 61 1
190 62 1
191 63 1
192 63 1
193 64 1
194 65 1
195 65 1
196 65 1
197 66 1
200 68 1
201 68 1
202 69 1
203 69 1
204 70 1
205 70 1
206 70 1
207 71 1
208 71 1
209 71 1
210 72 1
211 72 1
212 72 1
213 73 1
214 73 1
215 73 1
216 74 1
217 74 1
218 75 1
219 75 1
220 75 1
221 76 1
222 76 1
223 77 1
224 77 1
225 77 1
226 77 1
227 78 1
228 78 1
229 78 1
230 79 1
231 79 1
232 79 1
233 80 1
234 80 1
235 81 1
236 81 1
237 81 1
238 82 1
239 82 1
240 82 1
241 83 1
242 83 1
243 83 1
244 84 1
245 84 1
246 84 1
247 85 1
248 85 1
249 85 1
250 86 1
251 86 1
252 86 1
253 87 1
254 87 1
255 88 1
256 89 1
257 89 1
258 90 1
259 91 1
260 91 1
261 92 1
262 92 1
263 93 1
264 94 1
265 94 1
266 95 1
267 96 1
268 97 1
269 98 1
269 99 1
270 100 1
270 101 1
271 102 1
271 103 1
272 104 1
272 105 1
272 106 1
272 107 1
272 108 1
271 109 1
271 110 1
271 111 1
271 112 1
271 113 1
270 114 1
270 115 1
270 116 1
269 117 1
269 118 1
269 119 1
268 120 1
268 121 1
268 122 1
268 123 1
268 124 1
268 125 1
267 126 1
267 127 1
267 128 1
267 129 1
266 130 1
266 131 1
265 132 1
265 133 1
265 134 1
264 135 1
263 136 1
262 137 1
261 138 1
260 138 1
259 139 1
258 139 1
.PEN_UP
