.PEN_DOWN
66 44 1
65 43 1
64 43 1
63 42 1
62 42 1
61 41 1
60 41 1
59 40 1
58 40 1
57 39 1
56 39 1
55 38 1
54 38 1
53 37 1
52 37 1
51 36 1
50 36 1
49 36 1
48 35 1
47 35 1
46 35 1
45 35 1
44 34 1
43 34 1
42 34 1
41 34 1
40 34 1
39 34 1
38 33 1
37 34 1
36 34 1
35 34 1
34 34 1
33 35 1
32 35 1
31 35 1
30 35 1
29 36 1
28 37 1
27 38 1
26 38 1
25 39 1
24 40 1
23 40 1
22 41 1
21 42 1
20 43 1
19 44 1
18 45 1
18 46 1
17 47 1
16 48 1
15 49 1
14 50 1
14 51 1
14 52 1
13 53 1
13 54 1
12 55 1
12 56 1
11 57 1
11 58 1
10 59 1
10 60 1
9 61 1
9 62 1
8 63 1
8 64 1
8 65 1
8 66 1
7 67 1
7 68 1
7 69 1
7 70 1
6 71 1
6 72 1
6 73 1
6 74 1
5 75 1
5 76 1
5 77 1
5 78 1
4 79 1
4 80 1
4 81 1
4 82 1
4 83 1
3 84 1
3 85 1
3 86 1
3 87 1
3 88 1
3 89 1
2 90 1
2 91 1
2 92 1
2 93 1
2 94 1
2 95 1
1 96 1
1 97 1
1 98 1
1 99 1
1 100 1
1 101 1
1 102 1
1 103 1
1 104 1
1 105 1
1 106 1
1 107 1
1 108 1
1 109 1
1 110 1
1 111 1
1 112 1
1 113 1
1 114 1
1 115 1
2 116 1
2 117 1
2 118 1
2 119 1
2 120 1
3 121 1
3 122 1
3 123 1
3 124 1
3 125 1
4 126 1
4 127 1
4 128 1
.PEN_UP
.PEN_DOWN
97 1 1
97 2 1
96 3 1
95 4 1
95 5 1
95 6 1
95 7 1
95 8 1
95 9 1
95 10 1
94 11 1
94 12 1
94 13 1
94 14 1
94 15 1
94 16 1
94 17 1
93 18 1
93 19 1
93 20 1
93 21 1
93 22 1
93 23 1
93 24 1
92 25 1
92 26 1
92 27 1
92 28 1
92 29 1
92 30 1
92 31 1
92 32 1
92 33 1
92 34 1
91 35 1
91 36 1
91 37 1
91 38 1
91 39 1
91 40 1
91 41 1
91 42 1
91 43 1
91 44 1
91 45 1
90 46 1
90 47 1
90 48 1
90 49 1
90 50 1
90 51 1
90 52 1
90 53 1
90 54 1
90 55 1
90 56 1
90 57 1
89 58 1
89 59 1
89 60 1
89 61 1
89 62 1
89 63 1
89 64 1
89 65 1
89 66 1
89 67 1
89 68 1
89 69 1
88 70 1
88 71 1
88 72 1
88 73 1
88 74 1
88 75 1
88 76 1
88 77 1
88 78 1
88 79 1
88 80 1
88 81 1
88 82 1
88 83 1
88 84 1
88 85 1
88 86 1
88 87 1
88 88 1
88 89 1
88 90 1
88 91 1
88 92 1
88 93 1
87 94 1
87 95 1
87 96 1
87 97 1
87 98 1
87 99 1
87 100 1
87 101 1
87 102 1
87 103 1
87 104 1
87 105 1
87 106 1
87 107 1
87 108 1
87 109 1
87 110 1
87 111 1
87 112 1
87 113 1
87 114 1
87 115 1
87 116 1
87 117 1
87 118 1
87 119 1
87 120 1
86 121 1
86 122 1
86 123 1
86 124 1
86 125 1
86 126 1
86 127 1
86 128 1
86 129 1
86 130 1
86 131 1
86 132 1
86 133 1
86 134 1
86 135 1
86 136 1
86 137 1
86 138 1
86 139 1
86 140 1
85 141 1
85 142 1
85 143 1
85 144 1
85 145 1
85 146 1
85 147 1
85 148 1
85 149 1
85 150 1
85 151 1
85 152 1
84 153 1
84 154 1
84 155 1
84 156 1
84 157 1
83 158 1
.PEN_UP
.PEN_DOWN
103 55 1
104 55 1
105 56 1
106 56 1
107 57 1
108 58 1
109 58 1
110 59 1
111 60 1
112 61 1
113 61 1
114 62 1
115 63 1
116 64 1
117 65 1
118 66 1
119 67 1
120 68 1
121 69 1
122 70 1
123 71 1
124 72 1
125 73 1
126 74 1
127 75 1
128 76 1
128 77 1
129 78 1
130 79 1
131 80 1
132 81 1
132 82 1
133 83 1
134 84 1
134 85 1
135 86 1
136 87 1
137 88 1
138 89 1
138 90 1
139 91 1
140 91 1
141 92 1
142 91 1
143 90 1
143 89 1
143 88 1
144 87 1
144 86 1
144 85 1
144 84 1
144 83 1
144 82 1
144 81 1
144 80 1
144 79 1
145 78 1
145 77 1
145 76 1
145 75 1
145 74 1
145 73 1
145 72 1
145 71 1
145 70 1
145 69 1
146 68 1
146 67 1
146 66 1
146 65 1
147 64 1
147 63 1
147 62 1
147 61 1
148 60 1
148 59 1
148 58 1
148 57 1
149 56 1
149 55 1
149 54 1
149 53 1
150 52 1
150 51 1
150 50 1
150 49 1
151 48 1
151 47 1
151 46 1
151 45 1
152 44 1
152 43 1
152 42 1
153 41 1
153 40 1
153 39 1
154 38 1
154 37 1
154 36 1
155 35 1
155 34 1
156 33 1
156 32 1
157 31 1
157 30 1
158 29 1
159 28 1
160 27 1
161 26 1
162 25 1
163 25 1
164 25 1
165 24 1
166 24 1
167 24 1
168 24 1
169 25 1
170 25 1
171 26 1
172 26 1
173 27 1
174 28 1
175 29 1
175 30 1
176 31 1
177 32 1
177 33 1
178 34 1
178 35 1
179 36 1
179 37 1
179 38 1
180 39 1
180 40 1
181 41 1
181 42 1
182 43 1
182 44 1
182 45 1
183 46 1
183 47 1
183 48 1
184 49 1
184 50 1
184 51 1
185 52 1
185 53 1
186 54 1
186 55 1
186 56 1
187 57 1
187 58 1
187 59 1
188 60 1
188 61 1
189 62 1
189 63 1
189 64 1
190 65 1
190 66 1
190 67 1
191 68 1
191 69 1
192 70 1
192 71 1
192 72 1
193 73 1
193 74 1
193 75 1
194 76 1
194 77 1
194 78 1
195 79 1
195 80 1
195 81 1
196 82 1
196 83 1
197 84 1
197 85 1
197 86 1
198 87 1
198 88 1
199 89 1
200 90 1
200 91 1
201 92 1
201 93 1
202 94 1
203 95 1
203 96 1
204 97 1
205 98 1
206 99 1
207 99 1
208 100 1
209 101 1
210 102 1
211 103 1
212 103 1
213 104 1
214 104 1
215 104 1
216 105 1
217 105 1
218 105 1
219 105 1
220 105 1
221 105 1
222 105 1
223 105 1
224 105 1
225 105 1
226 105 1
227 105 1
228 104 1
229 103 1
230 102 1
231 101 1
232 100 1
233 99 1
234 98 1
235 97 1
235 96 1
236 95 1
236 94 1
237 93 1
237 92 1
238 91 1
238 90 1
239 89 1
239 88 1
239 87 1
240 86 1
240 85 1
240 84 1
241 83 1
241 82 1
241 81 1
242 80 1
242 79 1
242 78 1
242 77 1
242 76 1
243 75 1
243 74 1
243 73 1
243 72 1
243 71 1
243 70 1
243 69 1
244 68 1
244 67 1
244 66 1
244 65 1
244 64 1
244 63 1
244 62 1
244 61 1
244 60 1
244 59 1
245 58 1
247 59 1
248 60 1
249 61 1
250 62 1
251 63 1
252 63 1
253 64 1
254 65 1
255 66 1
256 67 1
257 67 1
258 68 1
259 69 1
260 70 1
261 71 1
260 72 1
259 73 1
.PEN_UP
.PEN_DOWN
245 57 1
244 56 1
244 55 1
243 54 1
243 53 1
242 52 1
241 51 1
240 50 1
239 49 1
238 48 1
238 47 1
237 46 1
237 45 1
236 44 1
235 43 1
235 42 1
234 41 1
234 40 1
233 39 1
233 38 1
232 37 1
232 36 1
231 35 1
231 34 1
230 33 1
230 32 1
229 31 1
229 30 1
229 29 1
228 28 1
228 27 1
228 26 1
228 25 1
227 24 1
227 23 1
227 22 1
227 21 1
227 20 1
227 19 1
227 18 1
228 17 1
229 16 1
230 16 1
231 16 1
232 17 1
233 18 1
234 18 1
235 19 1
236 20 1
237 21 1
237 22 1
238 23 1
239 24 1
239 25 1
240 26 1
240 27 1
241 28 1
241 29 1
241 30 1
241 31 1
241 32 1
242 33 1
242 34 1
242 35 1
242 36 1
242 37 1
243 38 1
243 39 1
243 40 1
243 41 1
243 42 1
243 43 1
244 44 1
244 45 1
244 46 1
244 47 1
244 48 1
244 49 1
244 50 1
243 51 1
.PEN_UP
