.PEN_DOWN
4 1 1
3 2 1
2 3 1
2 4 1
2 5 1
2 6 1
2 7 1
2 8 1
1 9 1
1 10 1
1 11 1
1 12 1
1 13 1
1 14 1
2 15 1
2 16 1
2 17 1
2 18 1
2 19 1
2 20 1
2 21 1
2 22 1
2 23 1
2 24 1
2 25 1
2 26 1
2 27 1
3 28 1
3 29 1
3 30 1
3 31 1
3 32 1
3 33 1
3 34 1
3 35 1
3 36 1
3 37 1
3 38 1
3 39 1
3 40 1
4 41 1
4 42 1
4 43 1
4 44 1
4 45 1
4 46 1
4 47 1
4 48 1
4 49 1
4 50 1
4 51 1
4 52 1
4 53 1
4 54 1
5 55 1
5 56 1
5 57 1
5 58 1
5 59 1
5 60 1
5 61 1
5 62 1
5 63 1
5 64 1
5 65 1
5 66 1
5 67 1
6 68 1
6 69 1
6 70 1
6 71 1
6 72 1
6 73 1
6 74 1
6 75 1
6 76 1
6 77 1
6 78 1
6 79 1
6 80 1
6 81 1
7 82 1
7 83 1
7 84 1
7 85 1
7 86 1
7 87 1
7 88 1
7 89 1
7 90 1
7 91 1
.PEN_UP
.PEN_DOWN
19 55 1
20 55 1
21 54 1
22 54 1
23 53 1
24 53 1
25 53 1
26 52 1
27 52 1
28 52 1
29 51 1
30 51 1
31 50 1
32 50 1
33 50 1
34 49 1
35 49 1
36 49 1
37 48 1
38 48 1
39 48 1
40 47 1
41 47 1
42 47 1
43 46 1
44 46 1
45 46 1
46 45 1
47 45 1
48 45 1
49 44 1
50 44 1
51 44 1
52 43 1
53 43 1
54 43 1
55 42 1
56 42 1
57 41 1
58 41 1
59 41 1
60 40 1
61 40 1
62 39 1
63 39 1
64 39 1
65 38 1
66 38 1
67 37 1
68 37 1
69 36 1
70 36 1
71 35 1
72 35 1
73 35 1
74 34 1
75 34 1
76 33 1
77 33 1
78 32 1
79 32 1
80 31 1
81 31 1
82 31 1
83 30 1
84 30 1
85 29 1
86 29 1
87 28 1
88 28 1
89 27 1
90 26 1
91 26 1
92 25 1
93 24 1
94 24 1
96 23 1
96 22 1
97 21 1
.PEN_UP
.PEN_DOWN
95 24 1
96 26 1
96 27 1
96 28 1
95 29 1
95 30 1
95 31 1
95 32 1
95 33 1
95 34 1
94 35 1
94 36 1
94 37 1
94 38 1
94 39 1
94 40 1
94 41 1
94 42 1
93 43 1
93 44 1
93 45 1
93 46 1
93 47 1
93 48 1
93 49 1
93 50 1
93 51 1
92 52 1
92 53 1
92 54 1
92 55 1
92 56 1
92 57 1
92 58 1
92 59 1
92 60 1
92 61 1
92 62 1
92 63 1
92 64 1
92 65 1
92 66 1
92 67 1
92 68 1
92 69 1
92 70 1
91 71 1
91 72 1
91 73 1
91 74 1
91 75 1
91 76 1
91 77 1
91 78 1
91 79 1
91 80 1
91 81 1
92 82 1
92 83 1
92 84 1
92 85 1
92 86 1
92 87 1
92 88 1
92 89 1
92 90 1
92 91 1
92 92 1
92 93 1
92 94 1
92 95 1
92 96 1
92 97 1
92 98 1
93 99 1
93 100 1
93 101 1
93 102 1
94 103 1
94 104 1
94 105 1
94 106 1
94 107 1
95 108 1
95 109 1
95 110 1
95 111 1
95 112 1
96 113 1
96 114 1
96 115 1
96 116 1
97 117 1
97 118 1
97 119 1
98 120 1
98 121 1
98 122 1
99 123 1
99 124 1
99 125 1
100 126 1
100 127 1
101 128 1
101 129 1
101 130 1
102 131 1
102 132 1
103 133 1
104 134 1
104 135 1
105 136 1
106 137 1
107 138 1
108 139 1
109 139 1
110 140 1
111 140 1
112 140 1
113 140 1
114 140 1
115 139 1
116 139 1
117 138 1
118 138 1
119 137 1
120 136 1
121 135 1
122 134 1
122 133 1
123 132 1
124 131 1
124 130 1
125 129 1
126 128 1
126 127 1
127 126 1
128 125 1
128 124 1
129 123 1
129 122 1
130 121 1
130 120 1
131 119 1
131 118 1
132 117 1
132 116 1
133 115 1
133 114 1
134 113 1
134 112 1
134 111 1
135 110 1
135 109 1
136 108 1
136 107 1
137 106 1
137 105 1
138 104 1
138 103 1
139 102 1
139 101 1
139 100 1
140 99 1
140 98 1
141 97 1
141 96 1
142 95 1
142 94 1
142 93 1
143 92 1
143 91 1
144 90 1
144 89 1
145 88 1
145 87 1
145 86 1
146 85 1
146 84 1
147 83 1
147 82 1
148 81 1
148 80 1
148 79 1
149 78 1
149 77 1
150 76 1
150 75 1
150 74 1
151 73 1
151 72 1
152 71 1
152 70 1
152 69 1
153 68 1
153 67 1
154 66 1
154 65 1
154 64 1
155 63 1
155 62 1
156 61 1
156 60 1
156 59 1
157 58 1
157 57 1
158 56 1
158 55 1
158 54 1
159 53 1
159 52 1
160 51 1
160 50 1
160 49 1
161 48 1
161 47 1
162 46 1
162 45 1
162 44 1
163 43 1
163 42 1
164 41 1
164 40 1
164 39 1
165 38 1
165 37 1
166 36 1
166 35 1
166 34 1
167 33 1
167 32 1
168 31 1
168 30 1
168 29 1
169 28 1
169 27 1
170 26 1
170 25 1
170 24 1
171 23 1
171 22 1
171 21 1
172 20 1
172 19 1
173 18 1
173 17 1
173 16 1
174 15 1
174 14 1
174 13 1
175 12 1
175 11 1
176 10 1
176 9 1
176 8 1
177 7 1
177 6 1
178 5 1
179 6 1
180 7 1
181 8 1
181 9 1
181 10 1
181 11 1
182 12 1
182 13 1
182 14 1
182 15 1
182 16 1
183 17 1
183 18 1
183 19 1
183 20 1
183 21 1
183 22 1
184 23 1
184 24 1
184 25 1
184 26 1
184 27 1
184 28 1
184 29 1
185 30 1
185 31 1
185 32 1
185 33 1
186 34 1
186 35 1
186 36 1
186 37 1
186 38 1
187 39 1
187 40 1
187 41 1
187 42 1
187 43 1
188 44 1
188 45 1
188 46 1
188 47 1
189 48 1
189 49 1
189 50 1
189 51 1
189 52 1
190 53 1
190 54 1
190 55 1
190 56 1
191 57 1
191 58 1
191 59 1
191 60 1
192 61 1
192 62 1
192 63 1
192 64 1
193 65 1
193 66 1
193 67 1
194 68 1
194 69 1
194 70 1
195 71 1
195 72 1
195 73 1
196 74 1
196 75 1
196 76 1
197 77 1
197 78 1
197 79 1
198 80 1
198 81 1
199 82 1
199 83 1
200 84 1
201 85 1
201 86 1
202 87 1
202 88 1
203 89 1
203 90 1
204 91 1
205 92 1
206 93 1
207 94 1
208 95 1
209 96 1
210 97 1
211 97 1
212 98 1
213 99 1
214 99 1
.PEN_UP
