.PEN_DOWN
7 64 1
7 65 1
7 66 1
7 67 1
6 68 1
6 69 1
6 70 1
6 71 1
6 72 1
6 73 1
5 74 1
5 75 1
5 76 1
5 77 1
5 78 1
5 79 1
5 80 1
4 81 1
4 82 1
4 83 1
4 84 1
4 85 1
4 86 1
4 87 1
4 88 1
4 89 1
4 90 1
3 91 1
3 92 1
3 93 1
3 94 1
3 95 1
3 96 1
3 97 1
3 98 1
3 99 1
3 100 1
3 101 1
3 102 1
3 103 1
3 104 1
3 105 1
3 106 1
3 107 1
3 108 1
3 109 1
3 110 1
3 111 1
3 112 1
3 113 1
3 114 1
3 115 1
3 116 1
3 117 1
3 118 1
3 119 1
3 120 1
3 121 1
2 122 1
2 123 1
2 124 1
2 125 1
2 126 1
2 127 1
2 128 1
2 129 1
2 130 1
2 131 1
2 132 1
2 133 1
2 134 1
2 135 1
2 136 1
2 137 1
2 138 1
2 139 1
2 140 1
2 141 1
2 142 1
2 143 1
2 144 1
2 145 1
2 146 1
2 147 1
2 148 1
2 149 1
2 150 1
2 151 1
2 152 1
2 153 1
2 154 1
2 155 1
2 156 1
1 157 1
1 158 1
1 159 1
1 160 1
1 161 1
1 162 1
1 163 1
1 164 1
1 165 1
1 166 1
2 167 1
2 168 1
2 169 1
2 170 1
2 171 1
2 172 1
2 173 1
2 174 1
2 175 1
2 176 1
2 177 1
2 178 1
2 179 1
2 180 1
2 181 1
2 182 1
2 183 1
2 184 1
2 185 1
3 186 1
3 187 1
3 188 1
3 189 1
3 190 1
3 191 1
3 192 1
3 193 1
3 194 1
3 195 1
3 196 1
3 197 1
3 198 1
3 199 1
3 200 1
3 201 1
3 202 1
3 203 1
3 204 1
3 205 1
3 206 1
3 207 1
3 208 1
3 209 1
3 210 1
3 211 1
3 212 1
3 213 1
3 214 1
3 215 1
3 216 1
3 217 1
3 218 1
3 219 1
3 220 1
3 221 1
3 222 1
3 223 1
3 224 1
3 225 1
3 226 1
3 227 1
3 228 1
3 229 1
3 230 1
4 231 1
4 232 1
4 233 1
4 234 1
4 235 1
4 236 1
4 237 1
4 238 1
4 239 1
4 240 1
4 241 1
4 242 1
4 243 1
4 244 1
4 245 1
4 246 1
4 247 1
4 248 1
4 249 1
4 250 1
4 251 1
4 252 1
4 253 1
4 254 1
4 255 1
4 256 1
4 257 1
4 258 1
4 259 1
4 260 1
4 261 1
4 262 1
4 263 1
4 264 1
4 265 1
4 266 1
4 267 1
4 268 1
4 269 1
4 270 1
4 271 1
4 272 1
4 273 1
4 274 1
4 275 1
4 276 1
4 277 1
4 278 1
4 279 1
4 280 1
4 281 1
4 282 1
4 283 1
4 284 1
4 285 1
5 286 1
5 287 1
5 288 1
5 289 1
5 290 1
5 291 1
5 292 1
5 293 1
5 294 1
5 295 1
5 296 1
5 297 1
5 298 1
5 299 1
5 300 1
5 301 1
5 302 1
5 303 1
5 304 1
5 305 1
5 306 1
5 307 1
5 308 1
5 309 1
5 310 1
5 311 1
5 312 1
5 313 1
6 314 1
6 315 1
6 316 1
6 317 1
6 318 1
6 319 1
6 320 1
6 321 1
6 322 1
6 323 1
6 324 1
6 325 1
6 326 1
6 327 1
6 328 1
6 329 1
6 330 1
6 331 1
6 332 1
6 333 1
6 334 1
6 335 1
6 336 1
6 337 1
6 338 1
6 339 1
6 340 1
6 341 1
6 342 1
6 343 1
6 344 1
6 345 1
6 346 1
6 347 1
6 348 1
6 349 1
6 350 1
6 351 1
6 352 1
6 353 1
6 354 1
6 355 1
6 356 1
6 357 1
6 358 1
6 359 1
6 360 1
6 361 1
6 362 1
6 363 1
6 364 1
6 365 1
5 366 1
5 367 1
5 368 1
5 369 1
5 370 1
5 371 1
5 372 1
5 373 1
5 374 1
5 375 1
5 376 1
5 377 1
5 378 1
4 379 1
4 380 1
4 381 1
4 382 1
4 383 1
4 384 1
4 385 1
4 386 1
3 387 1
3 388 1
3 389 1
3 390 1
3 391 1
2 392 1
3 393 1
.PEN_UP
.PEN_DOWN
120 1 1
120 2 1
120 3 1
119 4 1
119 5 1
119 6 1
119 7 1
119 8 1
119 9 1
118 10 1
118 11 1
118 12 1
118 13 1
118 14 1
117 15 1
117 16 1
117 17 1
117 18 1
116 19 1
116 20 1
116 21 1
116 22 1
116 23 1
116 24 1
116 25 1
116 26 1
116 27 1
116 28 1
116 29 1
116 30 1
115 31 1
115 32 1
115 33 1
115 34 1
115 35 1
115 36 1
115 37 1
115 38 1
115 39 1
115 40 1
114 41 1
114 42 1
114 43 1
114 44 1
114 45 1
114 46 1
114 47 1
114 48 1
113 49 1
113 50 1
113 51 1
113 52 1
113 53 1
113 54 1
113 55 1
113 56 1
113 57 1
113 58 1
112 59 1
112 60 1
112 61 1
112 62 1
112 63 1
112 64 1
112 65 1
112 66 1
112 67 1
112 68 1
111 69 1
111 70 1
111 71 1
111 72 1
111 73 1
111 74 1
111 75 1
111 76 1
111 77 1
111 78 1
111 79 1
111 80 1
111 81 1
111 82 1
111 83 1
111 84 1
110 85 1
110 86 1
110 87 1
110 88 1
110 89 1
110 90 1
110 91 1
110 92 1
110 93 1
110 94 1
110 95 1
110 96 1
110 97 1
110 98 1
110 99 1
110 100 1
109 101 1
109 102 1
109 103 1
109 104 1
109 105 1
109 106 1
109 107 1
109 108 1
109 109 1
109 110 1
109 111 1
109 112 1
109 113 1
109 114 1
109 115 1
109 116 1
109 117 1
109 118 1
109 119 1
109 120 1
110 121 1
110 122 1
110 123 1
110 124 1
110 125 1
110 126 1
110 127 1
110 128 1
110 129 1
110 130 1
110 131 1
110 132 1
110 133 1
110 134 1
110 135 1
110 136 1
110 137 1
110 138 1
110 139 1
110 140 1
110 141 1
110 142 1
110 143 1
110 144 1
111 145 1
112 145 1
113 145 1
114 144 1
115 143 1
116 142 1
117 141 1
118 141 1
119 140 1
120 139 1
121 139 1
122 138 1
123 137 1
124 137 1
125 137 1
126 136 1
127 136 1
128 135 1
129 135 1
130 134 1
131 134 1
132 134 1
133 133 1
134 133 1
135 133 1
136 132 1
137 132 1
138 132 1
139 132 1
140 132 1
141 132 1
142 131 1
143 131 1
144 131 1
145 131 1
146 131 1
147 131 1
148 130 1
149 130 1
150 130 1
151 130 1
152 130 1
153 130 1
154 129 1
155 130 1
156 130 1
157 130 1
158 130 1
159 130 1
160 130 1
161 130 1
162 130 1
163 130 1
164 130 1
165 130 1
166 130 1
167 130 1
168 131 1
169 131 1
170 131 1
171 131 1
172 131 1
173 131 1
174 132 1
175 132 1
176 132 1
177 133 1
178 133 1
179 133 1
180 134 1
181 134 1
182 135 1
183 136 1
184 136 1
185 137 1
186 137 1
187 138 1
188 139 1
189 139 1
190 140 1
191 141 1
192 141 1
193 142 1
194 143 1
195 144 1
196 144 1
197 145 1
198 146 1
199 147 1
200 148 1
201 149 1
202 150 1
203 151 1
204 152 1
205 153 1
206 154 1
206 155 1
207 156 1
208 157 1
209 158 1
210 159 1
211 160 1
211 161 1
212 162 1
212 163 1
212 164 1
212 165 1
212 166 1
212 167 1
212 168 1
212 169 1
212 170 1
212 171 1
212 172 1
211 173 1
.PEN_UP
.PEN_DOWN
110 146 1
110 147 1
110 148 1
109 149 1
108 149 1
107 150 1
106 150 1
105 151 1
104 152 1
103 152 1
102 153 1
101 154 1
100 154 1
99 155 1
98 156 1
97 157 1
96 158 1
95 159 1
94 160 1
93 161 1
92 162 1
91 163 1
90 164 1
89 165 1
89 166 1
88 167 1
87 168 1
87 169 1
86 170 1
86 171 1
85 172 1
84 173 1
84 174 1
83 175 1
82 176 1
82 177 1
82 178 1
81 179 1
81 180 1
80 181 1
80 182 1
80 183 1
80 184 1
80 185 1
79 186 1
79 187 1
79 188 1
80 189 1
80 190 1
80 191 1
80 192 1
80 193 1
81 194 1
81 195 1
81 196 1
81 197 1
82 198 1
82 199 1
82 200 1
83 201 1
83 202 1
83 203 1
84 204 1
84 205 1
85 206 1
85 207 1
85 208 1
86 209 1
86 210 1
87 211 1
87 212 1
88 213 1
88 214 1
89 215 1
89 216 1
90 217 1
90 218 1
91 219 1
91 220 1
92 221 1
92 222 1
93 223 1
94 224 1
95 225 1
95 226 1
96 227 1
97 228 1
98 229 1
99 230 1
100 231 1
101 231 1
102 231 1
103 232 1
104 232 1
105 233 1
106 233 1
107 234 1
108 234 1
109 235 1
110 235 1
111 235 1
112 235 1
113 236 1
114 236 1
115 237 1
116 237 1
117 238 1
118 239 1
119 239 1
120 239 1
121 239 1
122 239 1
123 240 1
124 240 1
125 240 1
126 241 1
127 241 1
128 241 1
129 241 1
130 241 1
131 241 1
132 242 1
133 243 1
134 243 1
135 243 1
136 243 1
137 243 1
138 242 1
139 243 1
140 243 1
141 244 1
142 244 1
143 244 1
144 244 1
145 244 1
146 244 1
147 244 1
148 244 1
149 244 1
150 244 1
151 244 1
152 244 1
153 245 1
154 245 1
155 245 1
156 245 1
157 245 1
158 246 1
159 246 1
160 246 1
161 246 1
162 246 1
163 246 1
164 246 1
165 246 1
166 246 1
167 246 1
168 246 1
169 246 1
170 246 1
171 246 1
172 246 1
173 246 1
174 247 1
175 247 1
176 247 1
177 247 1
178 247 1
179 247 1
180 247 1
181 247 1
182 247 1
183 248 1
184 248 1
185 248 1
186 249 1
187 249 1
188 249 1
189 249 1
190 249 1
191 249 1
192 249 1
193 249 1
194 249 1
195 249 1
196 249 1
197 249 1
198 250 1
199 250 1
200 250 1
201 250 1
202 250 1
203 250 1
204 251 1
205 251 1
206 251 1
207 252 1
208 252 1
.PEN_UP
.PEN_DOWN
132 244 1
131 245 1
130 245 1
129 246 1
128 247 1
127 247 1
126 248 1
125 248 1
124 249 1
123 250 1
122 251 1
121 252 1
120 253 1
119 254 1
118 255 1
117 256 1
116 257 1
116 258 1
115 259 1
114 260 1
114 261 1
113 262 1
113 263 1
112 264 1
111 265 1
111 266 1
110 267 1
109 268 1
109 269 1
108 270 1
108 271 1
107 272 1
107 273 1
106 274 1
106 275 1
105 276 1
105 277 1
104 278 1
104 279 1
103 280 1
103 281 1
102 282 1
102 283 1
101 284 1
101 285 1
100 286 1
100 287 1
99 288 1
99 289 1
98 290 1
97 291 1
97 292 1
97 293 1
97 294 1
96 295 1
96 296 1
96 297 1
95 298 1
95 299 1
95 300 1
94 301 1
94 302 1
94 303 1
94 304 1
94 305 1
93 306 1
93 307 1
93 308 1
93 309 1
93 310 1
92 311 1
92 312 1
92 313 1
92 314 1
92 315 1
92 316 1
92 317 1
92 318 1
92 319 1
91 320 1
91 321 1
91 322 1
91 323 1
91 324 1
91 325 1
92 326 1
92 327 1
92 328 1
92 329 1
92 330 1
92 331 1
92 332 1
92 333 1
93 334 1
93 335 1
93 336 1
93 337 1
94 338 1
94 339 1
94 340 1
94 341 1
95 342 1
95 343 1
96 344 1
96 345 1
97 346 1
97 347 1
98 348 1
98 349 1
99 350 1
100 351 1
101 352 1
101 353 1
102 354 1
103 355 1
104 356 1
105 357 1
106 357 1
107 358 1
108 359 1
109 360 1
110 361 1
111 361 1
112 362 1
113 363 1
114 363 1
115 364 1
116 365 1
117 365 1
118 366 1
119 367 1
120 367 1
121 368 1
122 368 1
123 369 1
124 369 1
125 370 1
126 370 1
127 371 1
128 372 1
129 372 1
130 373 1
131 373 1
132 374 1
133 374 1
134 375 1
135 375 1
136 375 1
137 376 1
138 376 1
139 377 1
140 377 1
141 378 1
142 378 1
143 378 1
144 379 1
145 379 1
146 380 1
147 380 1
148 380 1
149 381 1
150 381 1
151 381 1
152 381 1
153 382 1
154 382 1
155 382 1
156 382 1
157 382 1
158 383 1
159 383 1
160 383 1
161 383 1
162 383 1
163 383 1
164 383 1
165 384 1
166 384 1
167 384 1
168 384 1
169 384 1
170 384 1
171 384 1
172 384 1
173 384 1
174 384 1
175 384 1
176 384 1
177 384 1
178 384 1
179 384 1
180 384 1
181 384 1
182 384 1
183 384 1
184 384 1
185 384 1
186 383 1
187 383 1
188 383 1
189 383 1
190 383 1
191 382 1
192 382 1
193 382 1
194 382 1
195 382 1
196 382 1
197 382 1
198 382 1
.PEN_UP
.PEN_DOWN
117 240 1
116 240 1
115 240 1
114 240 1
113 240 1
112 240 1
111 240 1
110 239 1
109 239 1
108 239 1
107 239 1
106 239 1
105 239 1
104 239 1
103 238 1
102 238 1
101 238 1
100 238 1
99 238 1
98 238 1
97 238 1
96 238 1
95 238 1
94 238 1
93 238 1
92 238 1
91 238 1
90 238 1
89 238 1
88 238 1
87 238 1
86 237 1
85 237 1
84 237 1
83 237 1
82 237 1
81 237 1
80 237 1
79 237 1
78 237 1
77 236 1
76 236 1
75 236 1
74 236 1
73 236 1
72 236 1
71 236 1
70 236 1
69 236 1
68 236 1
67 236 1
66 236 1
65 235 1
64 235 1
63 235 1
62 235 1
61 235 1
60 235 1
59 235 1
58 235 1
57 235 1
56 235 1
55 235 1
54 234 1
53 234 1
52 234 1
51 234 1
50 234 1
49 234 1
48 234 1
47 234 1
46 234 1
45 234 1
44 233 1
43 233 1
42 233 1
41 233 1
40 233 1
39 233 1
38 233 1
37 233 1
36 233 1
35 233 1
34 232 1
33 232 1
32 232 1
31 232 1
30 232 1
29 232 1
28 232 1
27 232 1
26 232 1
25 232 1
24 232 1
23 232 1
22 232 1
21 232 1
20 232 1
19 232 1
18 233 1
17 233 1
16 233 1
15 233 1
14 233 1
13 233 1
.PEN_UP
.PEN_DOWN
35 231 1
36 230 1
37 230 1
38 229 1
39 229 1
.PEN_UP
.PEN_DOWN
110 150 1
111 151 1
111 152 1
111 153 1
111 154 1
111 155 1
111 156 1
112 157 1
112 158 1
112 159 1
112 160 1
113 161 1
113 162 1
113 163 1
113 164 1
114 165 1
114 166 1
.PEN_UP
