.PEN_DOWN
7 1 1
8 2 1
8 3 1
8 4 1
8 5 1
8 6 1
8 7 1
8 8 1
8 9 1
8 10 1
8 11 1
8 12 1
8 13 1
8 14 1
8 15 1
8 16 1
8 17 1
8 18 1
8 19 1
8 20 1
8 21 1
8 22 1
8 23 1
8 24 1
8 25 1
8 26 1
9 27 1
9 28 1
9 29 1
9 30 1
9 31 1
9 32 1
9 33 1
9 34 1
9 35 1
9 36 1
9 37 1
8 38 1
8 39 1
8 40 1
8 41 1
8 42 1
8 43 1
8 44 1
8 45 1
8 46 1
8 47 1
8 48 1
8 49 1
8 50 1
8 51 1
8 52 1
8 53 1
8 54 1
8 55 1
8 56 1
7 57 1
7 58 1
7 59 1
7 60 1
7 61 1
7 62 1
7 63 1
7 64 1
7 65 1
7 66 1
7 67 1
7 68 1
7 69 1
7 70 1
7 71 1
7 72 1
7 73 1
7 74 1
7 75 1
6 76 1
6 77 1
6 78 1
6 79 1
6 80 1
6 81 1
6 82 1
6 83 1
6 84 1
6 85 1
6 86 1
6 87 1
6 88 1
6 89 1
6 90 1
6 91 1
6 92 1
6 93 1
6 94 1
5 95 1
5 96 1
5 97 1
5 98 1
5 99 1
5 100 1
5 101 1
5 102 1
5 103 1
5 104 1
5 105 1
5 106 1
5 107 1
5 108 1
5 109 1
5 110 1
5 111 1
4 112 1
4 113 1
4 114 1
4 115 1
4 116 1
4 117 1
4 118 1
4 119 1
4 120 1
4 121 1
4 122 1
4 123 1
4 124 1
4 125 1
4 126 1
3 127 1
3 128 1
3 129 1
3 130 1
3 131 1
3 132 1
3 133 1
3 134 1
3 135 1
3 136 1
3 137 1
3 138 1
3 139 1
3 140 1
3 141 1
2 142 1
2 143 1
2 144 1
2 145 1
2 146 1
2 147 1
2 148 1
2 149 1
2 150 1
2 151 1
2 152 1
2 153 1
2 154 1
2 155 1
2 156 1
1 157 1
1 158 1
1 159 1
1 160 1
1 161 1
1 162 1
1 163 1
1 164 1
1 165 1
1 166 1
1 167 1
1 168 1
1 169 1
1 170 1
1 171 1
1 172 1
1 173 1
1 174 1
1 175 1
1 176 1
1 177 1
1 178 1
1 179 1
1 180 1
1 181 1
1 182 1
1 183 1
.PEN_UP
.PEN_DOWN
126 22 1
126 23 1
126 24 1
125 25 1
125 26 1
126 27 1
126 28 1
126 29 1
126 30 1
126 31 1
124 33 1
124 34 1
124 35 1
124 36 1
123 37 1
123 38 1
123 39 1
123 40 1
123 41 1
123 42 1
122 43 1
122 44 1
122 45 1
122 46 1
122 47 1
122 48 1
121 49 1
121 50 1
121 51 1
121 52 1
121 53 1
121 54 1
121 55 1
120 56 1
120 57 1
120 58 1
120 59 1
120 60 1
120 61 1
120 62 1
120 63 1
120 64 1
120 65 1
120 66 1
120 67 1
120 68 1
120 69 1
120 70 1
119 71 1
119 72 1
119 73 1
119 74 1
119 75 1
119 76 1
119 77 1
119 78 1
119 79 1
118 80 1
118 81 1
118 82 1
118 83 1
118 84 1
118 85 1
117 86 1
117 87 1
117 88 1
117 89 1
117 90 1
117 91 1
117 92 1
116 93 1
116 94 1
116 95 1
116 96 1
116 97 1
116 98 1
116 99 1
116 100 1
115 101 1
115 102 1
115 103 1
115 104 1
115 105 1
115 106 1
115 107 1
115 108 1
115 109 1
114 110 1
114 111 1
114 112 1
114 113 1
114 114 1
114 115 1
114 116 1
114 117 1
114 118 1
113 119 1
113 120 1
113 121 1
113 122 1
113 123 1
113 124 1
113 125 1
113 126 1
113 127 1
112 128 1
112 129 1
112 130 1
112 131 1
112 132 1
112 133 1
112 134 1
112 135 1
112 136 1
112 137 1
112 138 1
112 139 1
112 140 1
112 141 1
112 142 1
111 143 1
111 144 1
111 145 1
111 146 1
111 147 1
111 148 1
111 149 1
111 150 1
112 151 1
113 152 1
114 151 1
115 150 1
116 149 1
116 148 1
116 147 1
117 146 1
117 145 1
117 144 1
117 143 1
117 142 1
117 141 1
117 140 1
117 139 1
118 138 1
118 137 1
118 136 1
119 135 1
119 134 1
119 133 1
120 132 1
120 131 1
120 130 1
120 129 1
121 128 1
122 127 1
123 126 1
124 125 1
125 125 1
126 124 1
127 123 1
128 122 1
129 122 1
130 121 1
131 120 1
132 119 1
133 119 1
134 118 1
135 117 1
136 116 1
137 116 1
138 115 1
139 114 1
140 113 1
141 113 1
142 112 1
143 111 1
144 110 1
145 110 1
146 109 1
147 109 1
148 108 1
149 108 1
150 107 1
151 107 1
152 106 1
153 105 1
154 104 1
155 104 1
156 103 1
157 102 1
158 102 1
159 101 1
160 100 1
161 100 1
162 100 1
163 99 1
164 99 1
165 99 1
166 98 1
167 98 1
168 98 1
169 97 1
170 97 1
171 97 1
172 96 1
173 96 1
174 95 1
175 95 1
176 95 1
177 94 1
178 94 1
179 93 1
180 93 1
181 92 1
182 92 1
183 91 1
184 91 1
185 90 1
186 90 1
187 89 1
188 89 1
189 88 1
190 88 1
191 87 1
192 86 1
193 86 1
194 85 1
195 85 1
196 84 1
197 83 1
198 83 1
199 83 1
200 83 1
201 82 1
202 82 1
203 82 1
204 81 1
205 81 1
206 81 1
207 81 1
208 81 1
209 81 1
210 81 1
211 81 1
212 81 1
213 81 1
214 81 1
215 81 1
216 81 1
217 82 1
218 82 1
219 82 1
220 82 1
221 82 1
222 82 1
223 83 1
224 83 1
225 84 1
226 84 1
227 85 1
228 85 1
229 86 1
230 87 1
231 87 1
232 88 1
233 89 1
234 89 1
235 90 1
236 91 1
237 92 1
238 93 1
238 94 1
239 95 1
240 96 1
241 97 1
242 98 1
242 99 1
243 100 1
244 101 1
244 102 1
245 103 1
246 104 1
246 105 1
247 106 1
247 107 1
248 108 1
248 109 1
249 110 1
250 111 1
250 112 1
251 113 1
251 114 1
252 115 1
252 116 1
252 117 1
253 118 1
253 119 1
253 120 1
253 121 1
254 122 1
254 123 1
254 124 1
254 125 1
254 126 1
255 127 1
255 128 1
255 129 1
255 130 1
255 131 1
255 132 1
256 133 1
256 134 1
256 135 1
256 136 1
256 137 1
256 138 1
256 139 1
256 140 1
256 141 1
257 142 1
257 143 1
257 144 1
257 145 1
257 146 1
257 147 1
257 148 1
257 149 1
257 150 1
257 151 1
257 152 1
257 153 1
257 154 1
257 155 1
257 156 1
257 157 1
257 158 1
257 159 1
257 160 1
257 161 1
257 162 1
257 163 1
257 164 1
257 165 1
257 166 1
257 167 1
257 168 1
.PEN_UP
.PEN_DOWN
113 153 1
113 154 1
113 155 1
113 156 1
113 157 1
112 158 1
112 159 1
112 160 1
113 161 1
113 162 1
113 163 1
113 164 1
113 165 1
114 166 1
114 167 1
114 168 1
114 169 1
114 170 1
115 171 1
115 172 1
115 173 1
115 174 1
115 175 1
116 176 1
116 177 1
.PEN_UP
.PEN_DOWN
125 32 1
127 33 1
128 34 1
128 35 1
128 36 1
128 37 1
128 38 1
128 39 1
128 40 1
128 41 1
128 42 1
128 43 1
128 44 1
128 45 1
128 46 1
128 47 1
128 48 1
128 49 1
128 50 1
128 51 1
128 52 1
128 53 1
128 54 1
128 55 1
128 56 1
128 57 1
128 58 1
128 59 1
.PEN_UP
