.PEN_DOWN
28 57 1
27 56 1
26 56 1
25 55 1
24 54 1
23 54 1
22 53 1
21 53 1
20 53 1
19 53 1
18 52 1
17 52 1
16 52 1
15 52 1
14 53 1
13 54 1
12 55 1
11 56 1
11 57 1
10 58 1
10 59 1
9 60 1
9 61 1
9 62 1
8 63 1
8 64 1
7 65 1
7 66 1
7 67 1
7 68 1
7 69 1
6 70 1
6 71 1
6 72 1
6 73 1
6 74 1
6 75 1
5 76 1
5 77 1
5 78 1
5 79 1
5 80 1
5 81 1
4 82 1
4 83 1
4 84 1
4 85 1
4 86 1
4 87 1
3 88 1
3 89 1
3 90 1
3 91 1
3 92 1
3 93 1
3 94 1
3 95 1
3 96 1
4 97 1
5 97 1
6 97 1
7 97 1
8 97 1
9 97 1
10 97 1
11 97 1
12 97 1
13 97 1
14 97 1
15 97 1
16 97 1
17 97 1
18 98 1
19 98 1
20 98 1
21 98 1
22 98 1
23 98 1
24 98 1
25 98 1
26 98 1
27 98 1
28 98 1
29 98 1
30 98 1
31 99 1
32 99 1
33 99 1
34 99 1
35 99 1
36 99 1
37 99 1
38 99 1
39 99 1
40 99 1
41 99 1
42 99 1
43 99 1
44 99 1
45 99 1
46 99 1
47 99 1
48 98 1
49 99 1
50 99 1
51 99 1
52 99 1
.PEN_UP
.PEN_DOWN
47 97 1
46 96 1
45 96 1
44 95 1
44 94 1
43 93 1
43 92 1
42 91 1
42 90 1
42 89 1
42 88 1
41 87 1
41 86 1
41 85 1
41 84 1
41 83 1
40 82 1
40 81 1
40 80 1
40 79 1
40 78 1
40 77 1
40 76 1
40 75 1
40 74 1
40 73 1
40 72 1
41 71 1
41 70 1
41 69 1
41 68 1
41 67 1
41 66 1
41 65 1
41 64 1
42 63 1
42 62 1
42 61 1
43 60 1
43 59 1
43 58 1
43 57 1
44 56 1
44 55 1
45 54 1
45 53 1
45 52 1
46 51 1
47 50 1
48 49 1
48 48 1
49 47 1
50 46 1
50 45 1
51 44 1
52 43 1
53 42 1
53 41 1
54 40 1
55 39 1
56 38 1
57 37 1
57 36 1
58 35 1
59 34 1
60 33 1
61 32 1
62 31 1
63 30 1
63 29 1
64 28 1
65 27 1
65 26 1
66 25 1
67 24 1
68 23 1
69 22 1
70 21 1
71 20 1
72 19 1
73 18 1
74 18 1
75 17 1
76 17 1
77 16 1
78 16 1
79 15 1
80 14 1
81 14 1
82 14 1
83 14 1
84 14 1
85 14 1
86 13 1
87 14 1
88 14 1
89 14 1
90 14 1
91 14 1
92 14 1
93 15 1
94 15 1
95 15 1
96 15 1
97 16 1
98 16 1
99 16 1
100 16 1
101 17 1
102 17 1
103 17 1
104 18 1
105 18 1
106 18 1
107 19 1
108 19 1
109 19 1
110 20 1
111 20 1
112 21 1
113 21 1
114 21 1
115 22 1
116 22 1
117 23 1
118 23 1
119 24 1
120 24 1
121 25 1
122 26 1
123 26 1
124 27 1
125 28 1
126 28 1
127 29 1
128 30 1
129 30 1
130 31 1
131 32 1
132 33 1
133 33 1
134 34 1
135 34 1
136 35 1
137 34 1
138 33 1
139 32 1
140 32 1
141 31 1
142 31 1
143 30 1
144 30 1
145 29 1
146 28 1
147 28 1
148 28 1
149 27 1
150 27 1
151 27 1
152 26 1
153 26 1
154 26 1
155 25 1
156 25 1
157 25 1
158 24 1
159 24 1
160 24 1
161 23 1
162 23 1
163 23 1
164 22 1
165 22 1
166 21 1
167 21 1
168 20 1
169 20 1
170 19 1
171 19 1
172 19 1
173 18 1
174 18 1
175 17 1
176 17 1
177 16 1
178 15 1
179 15 1
180 15 1
181 15 1
182 14 1
183 14 1
184 14 1
185 13 1
186 13 1
187 13 1
188 12 1
189 12 1
190 12 1
191 12 1
192 12 1
193 12 1
194 11 1
195 11 1
196 11 1
197 11 1
198 11 1
199 11 1
200 10 1
201 10 1
202 10 1
203 10 1
204 9 1
205 9 1
206 9 1
207 9 1
208 8 1
209 8 1
210 8 1
211 7 1
212 7 1
213 7 1
214 7 1
215 7 1
216 7 1
217 7 1
218 7 1
219 7 1
220 7 1
221 6 1
222 6 1
223 6 1
224 6 1
225 6 1
226 6 1
227 6 1
228 6 1
229 5 1
230 5 1
231 5 1
232 5 1
233 5 1
234 5 1
235 5 1
236 4 1
237 4 1
238 4 1
239 4 1
240 4 1
241 3 1
242 3 1
243 3 1
244 3 1
245 3 1
246 3 1
247 2 1
248 2 1
249 2 1
250 2 1
251 2 1
252 2 1
253 2 1
254 2 1
255 2 1
256 1 1
257 1 1
258 1 1
259 1 1
260 2 1
261 2 1
262 2 1
263 2 1
264 2 1
265 2 1
266 2 1
267 2 1
268 2 1
269 2 1
270 3 1
271 3 1
272 3 1
273 3 1
274 3 1
275 3 1
276 3 1
277 4 1
278 4 1
279 4 1
280 5 1
281 5 1
282 6 1
283 6 1
284 6 1
285 7 1
286 7 1
287 8 1
288 9 1
289 9 1
290 10 1
291 11 1
292 11 1
293 12 1
294 13 1
295 13 1
296 14 1
297 15 1
298 15 1
299 16 1
300 17 1
301 18 1
302 19 1
303 20 1
304 21 1
305 22 1
306 23 1
307 24 1
308 25 1
309 26 1
310 27 1
311 28 1
312 29 1
313 30 1
313 31 1
313 32 1
314 33 1
314 34 1
314 35 1
315 36 1
315 37 1
.PEN_UP
.PEN_DOWN
136 36 1
137 37 1
137 38 1
137 39 1
138 40 1
139 40 1
140 41 1
141 42 1
142 43 1
142 44 1
143 45 1
144 46 1
144 47 1
145 48 1
146 49 1
146 50 1
147 51 1
147 52 1
148 53 1
148 54 1
149 55 1
149 56 1
150 57 1
150 58 1
151 59 1
151 60 1
151 61 1
151 62 1
151 63 1
152 64 1
152 65 1
152 66 1
152 67 1
152 68 1
153 69 1
153 70 1
153 71 1
153 72 1
153 73 1
154 74 1
154 75 1
154 76 1
154 77 1
154 78 1
154 79 1
154 80 1
154 81 1
154 82 1
154 83 1
154 84 1
154 85 1
154 86 1
154 87 1
154 88 1
154 89 1
154 90 1
154 91 1
154 92 1
154 93 1
154 94 1
154 95 1
154 96 1
153 97 1
153 98 1
153 99 1
153 100 1
153 101 1
.PEN_UP
.PEN_DOWN
137 41 1
137 42 1
138 43 1
138 44 1
138 45 1
138 46 1
138 47 1
138 48 1
138 49 1
138 50 1
138 51 1
138 52 1
138 53 1
138 54 1
139 55 1
139 56 1
139 57 1
140 58 1
140 59 1
140 60 1
141 61 1
142 62 1
143 63 1
144 63 1
145 63 1
146 63 1
.PEN_UP
.PEN_DOWN
3 98 1
3 99 1
3 100 1
3 101 1
3 102 1
3 103 1
2 104 1
2 105 1
2 106 1
2 107 1
2 108 1
2 109 1
2 110 1
2 111 1
2 112 1
2 113 1
2 114 1
2 115 1
2 116 1
2 117 1
2 118 1
2 119 1
2 120 1
2 121 1
2 122 1
1 123 1
1 124 1
1 125 1
1 126 1
1 127 1
1 128 1
1 129 1
1 130 1
1 131 1
1 132 1
1 133 1
1 134 1
1 135 1
1 136 1
1 137 1
1 138 1
1 139 1
1 140 1
1 141 1
1 142 1
1 143 1
1 144 1
1 145 1
1 146 1
1 147 1
1 148 1
1 149 1
1 150 1
1 151 1
1 152 1
1 153 1
1 154 1
1 155 1
1 156 1
1 157 1
1 158 1
1 159 1
1 160 1
1 161 1
1 162 1
1 163 1
1 164 1
1 165 1
1 166 1
1 167 1
1 168 1
1 169 1
1 170 1
1 171 1
1 172 1
1 173 1
1 174 1
1 175 1
1 176 1
1 177 1
1 178 1
1 179 1
1 180 1
1 181 1
1 182 1
1 183 1
1 184 1
1 185 1
1 186 1
1 187 1
1 188 1
1 189 1
1 190 1
1 191 1
2 192 1
2 193 1
2 194 1
2 195 1
2 196 1
2 197 1
2 198 1
2 199 1
2 200 1
2 201 1
2 202 1
2 203 1
2 204 1
2 205 1
2 206 1
2 207 1
2 208 1
2 209 1
2 210 1
2 211 1
2 212 1
2 213 1
2 214 1
2 215 1
2 216 1
2 217 1
2 218 1
2 219 1
2 220 1
2 221 1
2 222 1
2 223 1
2 224 1
2 225 1
2 226 1
2 227 1
2 228 1
2 229 1
2 230 1
2 231 1
2 232 1
2 233 1
2 234 1
2 235 1
2 236 1
2 237 1
3 238 1
3 239 1
3 240 1
3 241 1
3 242 1
3 243 1
3 244 1
3 245 1
3 246 1
3 247 1
3 248 1
3 249 1
3 250 1
3 251 1
3 252 1
3 253 1
3 254 1
3 255 1
3 256 1
3 257 1
3 258 1
3 259 1
3 260 1
3 261 1
3 262 1
3 263 1
3 264 1
3 265 1
3 266 1
3 267 1
3 268 1
3 269 1
4 270 1
4 271 1
4 272 1
4 273 1
4 274 1
4 275 1
4 276 1
4 277 1
4 278 1
5 279 1
5 280 1
5 281 1
5 282 1
5 283 1
5 284 1
5 285 1
5 286 1
5 287 1
6 288 1
6 289 1
6 290 1
6 291 1
6 292 1
6 293 1
6 294 1
6 295 1
6 296 1
7 297 1
7 298 1
7 299 1
7 300 1
7 301 1
8 302 1
8 303 1
8 304 1
8 305 1
8 306 1
8 307 1
9 308 1
9 309 1
9 310 1
9 311 1
9 312 1
10 313 1
10 314 1
10 315 1
10 316 1
.PEN_UP
.PEN_DOWN
41 175 1
42 175 1
43 175 1
44 174 1
45 173 1
46 173 1
47 173 1
48 173 1
49 173 1
50 172 1
51 172 1
52 172 1
53 172 1
54 172 1
55 172 1
56 172 1
57 172 1
58 172 1
59 172 1
60 172 1
61 172 1
62 172 1
63 172 1
64 172 1
65 172 1
66 173 1
67 173 1
68 173 1
69 173 1
70 173 1
71 173 1
72 173 1
73 173 1
74 173 1
75 173 1
76 173 1
77 173 1
78 173 1
79 173 1
80 173 1
81 173 1
82 173 1
83 174 1
84 174 1
85 174 1
86 174 1
87 174 1
88 174 1
89 174 1
90 174 1
91 174 1
92 174 1
93 174 1
94 174 1
95 174 1
96 174 1
97 174 1
98 174 1
99 174 1
100 174 1
101 174 1
102 174 1
103 174 1
104 174 1
105 174 1
106 174 1
107 174 1
108 174 1
109 174 1
110 174 1
111 174 1
112 174 1
113 174 1
114 174 1
115 174 1
116 174 1
117 174 1
118 174 1
119 174 1
120 174 1
121 175 1
125 174 1
126 174 1
127 174 1
128 174 1
129 174 1
130 174 1
131 174 1
132 174 1
133 174 1
134 174 1
135 174 1
136 174 1
137 174 1
138 174 1
139 174 1
140 174 1
141 174 1
142 174 1
143 174 1
144 174 1
145 174 1
146 174 1
147 174 1
148 174 1
149 174 1
150 174 1
151 174 1
152 174 1
153 174 1
154 174 1
155 174 1
156 174 1
157 174 1
158 174 1
159 174 1
160 174 1
161 174 1
162 173 1
163 173 1
164 173 1
165 173 1
166 173 1
167 173 1
168 173 1
169 173 1
170 173 1
171 173 1
172 173 1
173 173 1
174 173 1
175 173 1
176 173 1
177 173 1
178 173 1
179 173 1
180 173 1
181 172 1
182 172 1
183 172 1
184 172 1
185 172 1
186 172 1
187 172 1
188 172 1
189 172 1
190 172 1
191 172 1
192 172 1
193 172 1
194 172 1
195 172 1
196 171 1
197 171 1
198 171 1
199 171 1
200 171 1
201 171 1
202 171 1
203 171 1
204 171 1
205 171 1
206 170 1
207 170 1
208 170 1
209 170 1
210 169 1
211 169 1
212 168 1
213 168 1
214 168 1
215 167 1
216 166 1
217 165 1
217 164 1
217 163 1
217 162 1
217 161 1
217 160 1
217 159 1
217 158 1
217 157 1
217 156 1
217 155 1
217 154 1
217 153 1
217 152 1
217 151 1
217 150 1
216 149 1
216 148 1
216 147 1
216 146 1
215 145 1
215 144 1
214 143 1
214 142 1
214 141 1
213 140 1
212 139 1
212 138 1
211 137 1
210 136 1
210 135 1
209 134 1
208 133 1
207 132 1
206 131 1
205 130 1
204 129 1
203 128 1
202 127 1
201 126 1
200 125 1
199 124 1
198 123 1
197 122 1
196 122 1
195 121 1
194 120 1
193 119 1
192 118 1
191 118 1
190 117 1
189 116 1
188 116 1
187 115 1
186 114 1
185 114 1
184 113 1
183 113 1
182 112 1
181 112 1
180 111 1
179 111 1
178 110 1
177 110 1
176 109 1
175 109 1
174 109 1
173 108 1
172 108 1
171 108 1
170 107 1
169 107 1
168 107 1
167 107 1
166 106 1
165 106 1
164 106 1
163 106 1
162 106 1
161 106 1
160 106 1
159 105 1
158 105 1
157 105 1
156 105 1
155 105 1
154 105 1
153 105 1
152 106 1
151 106 1
150 106 1
149 106 1
148 106 1
147 107 1
146 108 1
145 108 1
144 109 1
143 109 1
142 110 1
141 111 1
140 112 1
140 113 1
139 114 1
138 115 1
138 116 1
137 117 1
136 118 1
135 119 1
135 120 1
135 121 1
134 122 1
134 123 1
134 124 1
133 125 1
133 126 1
133 127 1
132 128 1
132 129 1
132 130 1
131 131 1
131 132 1
131 133 1
130 134 1
130 135 1
130 136 1
129 137 1
129 138 1
128 139 1
128 140 1
128 141 1
128 142 1
128 143 1
127 144 1
127 145 1
127 146 1
127 147 1
127 148 1
127 149 1
126 150 1
126 151 1
126 152 1
126 153 1
126 154 1
126 155 1
125 156 1
125 157 1
125 158 1
125 159 1
125 160 1
124 161 1
124 162 1
124 163 1
124 164 1
124 165 1
124 166 1
123 167 1
123 168 1
123 169 1
123 170 1
123 171 1
123 172 1
123 173 1
122 177 1
122 178 1
122 179 1
121 180 1
121 181 1
121 182 1
121 183 1
121 184 1
121 185 1
121 186 1
120 187 1
120 188 1
120 189 1
120 190 1
120 191 1
120 192 1
120 193 1
119 194 1
119 195 1
119 196 1
119 197 1
119 198 1
119 199 1
119 200 1
119 201 1
118 202 1
118 203 1
118 204 1
118 205 1
118 206 1
118 207 1
118 208 1
118 209 1
117 210 1
117 211 1
117 212 1
117 213 1
117 214 1
117 215 1
117 216 1
116 217 1
116 218 1
116 219 1
116 220 1
116 221 1
116 222 1
116 223 1
116 224 1
116 225 1
116 226 1
116 227 1
116 228 1
116 229 1
116 230 1
116 231 1
116 232 1
115 233 1
115 234 1
115 235 1
115 236 1
115 237 1
115 238 1
115 239 1
115 240 1
115 241 1
114 242 1
114 243 1
114 244 1
114 245 1
114 246 1
114 247 1
113 248 1
113 249 1
113 250 1
113 251 1
112 252 1
112 253 1
112 254 1
111 255 1
111 256 1
110 257 1
109 257 1
108 257 1
107 258 1
106 258 1
105 259 1
104 259 1
103 259 1
102 259 1
101 259 1
100 259 1
99 259 1
98 259 1
97 259 1
96 259 1
95 259 1
94 259 1
93 259 1
92 259 1
91 259 1
90 259 1
89 259 1
88 259 1
87 259 1
86 258 1
85 258 1
84 258 1
83 258 1
82 258 1
81 258 1
80 258 1
79 258 1
78 258 1
77 258 1
76 258 1
75 258 1
74 258 1
73 258 1
72 258 1
71 258 1
70 258 1
69 258 1
68 258 1
67 258 1
66 258 1
65 258 1
64 258 1
63 258 1
62 258 1
.PEN_UP
.PEN_DOWN
112 257 1
113 257 1
114 257 1
115 257 1
116 257 1
117 257 1
118 257 1
119 257 1
120 257 1
121 257 1
122 257 1
123 257 1
124 257 1
125 257 1
126 256 1
127 256 1
128 256 1
129 256 1
130 256 1
131 256 1
132 256 1
133 256 1
134 256 1
135 256 1
136 256 1
137 256 1
138 256 1
139 255 1
140 255 1
141 255 1
142 255 1
143 255 1
144 255 1
145 255 1
146 255 1
147 255 1
148 255 1
149 255 1
150 254 1
151 254 1
152 254 1
153 254 1
154 254 1
155 254 1
156 254 1
157 254 1
158 254 1
159 253 1
160 253 1
161 253 1
162 253 1
163 253 1
164 253 1
165 253 1
166 253 1
167 253 1
168 253 1
169 252 1
170 252 1
171 252 1
172 252 1
173 252 1
174 252 1
175 252 1
176 252 1
177 252 1
178 251 1
179 251 1
180 251 1
181 251 1
182 251 1
183 251 1
184 251 1
185 251 1
186 251 1
187 251 1
188 250 1
189 250 1
190 250 1
191 250 1
192 250 1
193 250 1
194 250 1
195 250 1
196 250 1
197 250 1
198 250 1
199 250 1
200 250 1
201 250 1
202 250 1
203 249 1
204 249 1
205 249 1
206 249 1
207 249 1
208 249 1
209 249 1
210 249 1
211 249 1
212 249 1
213 249 1
214 249 1
215 249 1
216 249 1
217 249 1
218 249 1
219 249 1
220 249 1
221 249 1
222 249 1
223 249 1
224 249 1
225 249 1
226 249 1
227 249 1
228 249 1
229 249 1
230 249 1
231 249 1
232 249 1
233 249 1
234 249 1
235 249 1
236 250 1
237 250 1
238 250 1
239 250 1
240 250 1
241 250 1
242 250 1
243 251 1
243 252 1
243 253 1
244 254 1
245 255 1
246 255 1
247 255 1
248 256 1
249 256 1
.PEN_UP
.PEN_DOWN
44 176 1
45 177 1
46 177 1
47 178 1
.PEN_UP
