.PEN_DOWN
15 137 1
15 136 1
14 135 1
13 134 1
13 133 1
12 132 1
11 131 1
10 130 1
10 129 1
9 128 1
8 127 1
7 126 1
7 125 1
6 124 1
5 123 1
5 122 1
5 121 1
4 120 1
4 119 1
4 118 1
4 117 1
3 116 1
3 115 1
3 114 1
2 113 1
2 112 1
2 111 1
2 110 1
1 109 1
1 108 1
1 107 1
1 106 1
1 105 1
1 104 1
1 103 1
1 102 1
1 101 1
1 100 1
1 99 1
1 98 1
1 97 1
1 96 1
1 95 1
1 94 1
2 93 1
2 92 1
3 91 1
3 90 1
4 89 1
4 88 1
4 87 1
5 86 1
5 85 1
6 84 1
6 83 1
7 82 1
8 81 1
9 80 1
10 79 1
11 78 1
12 77 1
13 76 1
14 75 1
15 75 1
16 74 1
17 74 1
18 73 1
19 73 1
20 72 1
21 72 1
22 71 1
23 71 1
24 70 1
25 70 1
26 69 1
27 69 1
28 68 1
29 67 1
30 67 1
31 67 1
32 66 1
33 66 1
34 66 1
35 65 1
36 65 1
37 65 1
38 64 1
39 64 1
40 64 1
41 63 1
42 63 1
43 63 1
44 62 1
45 62 1
46 62 1
47 61 1
48 61 1
49 61 1
50 61 1
51 60 1
52 60 1
53 60 1
54 59 1
55 59 1
56 59 1
57 58 1
58 58 1
59 58 1
60 57 1
61 57 1
62 57 1
63 57 1
64 57 1
65 56 1
66 56 1
67 56 1
68 56 1
69 56 1
70 55 1
71 55 1
72 55 1
73 55 1
74 55 1
75 55 1
76 54 1
77 54 1
78 54 1
79 54 1
80 54 1
81 54 1
82 54 1
83 54 1
84 54 1
85 54 1
86 54 1
87 54 1
88 54 1
89 54 1
90 54 1
91 54 1
92 54 1
93 55 1
94 55 1
95 55 1
96 55 1
97 56 1
98 56 1
99 56 1
100 56 1
101 56 1
102 57 1
103 57 1
104 57 1
105 57 1
106 58 1
107 58 1
108 58 1
109 59 1
110 59 1
111 59 1
112 60 1
113 60 1
114 60 1
115 61 1
116 61 1
117 62 1
118 62 1
119 62 1
120 63 1
121 63 1
122 63 1
123 64 1
124 64 1
125 64 1
126 65 1
127 65 1
128 65 1
129 66 1
130 66 1
131 66 1
132 67 1
133 67 1
134 67 1
135 68 1
136 68 1
137 69 1
138 69 1
139 70 1
140 70 1
141 71 1
142 72 1
143 72 1
144 73 1
145 73 1
146 74 1
147 74 1
148 75 1
149 76 1
150 76 1
151 77 1
152 78 1
153 78 1
154 79 1
155 80 1
156 80 1
157 80 1
158 81 1
159 82 1
159 83 1
160 84 1
161 84 1
162 85 1
163 86 1
164 87 1
165 88 1
166 89 1
167 90 1
168 91 1
169 92 1
170 93 1
171 94 1
172 95 1
172 96 1
173 97 1
174 98 1
174 99 1
174 100 1
175 102 1
176 103 1
175 104 1
173 105 1
172 105 1
171 105 1
170 105 1
169 105 1
168 104 1
167 103 1
168 102 1
169 101 1
170 101 1
171 101 1
172 101 1
173 101 1
.PEN_UP
.PEN_DOWN
176 106 1
177 107 1
178 106 1
179 106 1
180 107 1
181 107 1
182 107 1
183 107 1
184 107 1
185 108 1
186 108 1
187 108 1
188 108 1
189 108 1
190 109 1
191 109 1
192 109 1
193 109 1
194 109 1
195 110 1
196 110 1
197 110 1
198 110 1
199 110 1
200 111 1
201 111 1
202 111 1
203 111 1
204 112 1
205 112 1
206 112 1
207 112 1
208 112 1
209 113 1
210 113 1
211 113 1
212 113 1
213 113 1
214 113 1
215 114 1
216 114 1
217 114 1
218 114 1
219 114 1
220 115 1
221 115 1
222 115 1
223 115 1
224 116 1
225 116 1
226 116 1
227 116 1
228 116 1
229 115 1
230 116 1
231 116 1
232 117 1
233 117 1
234 118 1
235 118 1
236 118 1
237 118 1
238 119 1
239 119 1
240 119 1
241 119 1
242 120 1
243 120 1
244 120 1
245 121 1
246 121 1
247 121 1
248 122 1
249 122 1
250 122 1
251 122 1
252 123 1
253 123 1
.PEN_UP
.PEN_DOWN
228 114 1
227 113 1
226 113 1
225 112 1
224 112 1
223 111 1
222 111 1
221 110 1
220 109 1
219 109 1
218 108 1
218 107 1
217 106 1
216 105 1
216 104 1
215 103 1
215 102 1
215 101 1
214 100 1
214 99 1
213 98 1
213 97 1
213 96 1
212 95 1
212 94 1
212 93 1
212 92 1
212 91 1
212 90 1
212 89 1
212 88 1
212 87 1
212 86 1
212 85 1
213 84 1
213 83 1
214 82 1
214 81 1
215 80 1
215 79 1
215 78 1
216 77 1
216 76 1
217 75 1
217 74 1
218 73 1
218 72 1
218 71 1
219 70 1
220 69 1
221 68 1
221 67 1
222 66 1
223 65 1
224 64 1
225 63 1
226 62 1
227 61 1
228 60 1
229 59 1
230 58 1
231 57 1
232 56 1
233 55 1
234 54 1
235 53 1
236 53 1
237 52 1
238 52 1
239 51 1
240 51 1
241 50 1
242 50 1
243 49 1
244 48 1
245 48 1
246 47 1
247 46 1
248 46 1
249 45 1
250 44 1
251 44 1
252 44 1
253 43 1
254 43 1
255 43 1
256 42 1
257 42 1
258 42 1
259 41 1
260 41 1
261 41 1
262 41 1
263 41 1
264 40 1
265 40 1
266 40 1
267 40 1
268 39 1
269 39 1
270 39 1
271 39 1
272 39 1
273 39 1
274 39 1
275 39 1
276 39 1
277 39 1
278 39 1
279 39 1
280 39 1
281 39 1
282 39 1
283 40 1
284 40 1
285 40 1
286 41 1
287 41 1
288 42 1
289 43 1
290 44 1
291 44 1
292 45 1
293 46 1
294 47 1
294 48 1
295 49 1
296 50 1
296 51 1
297 52 1
297 53 1
297 54 1
298 55 1
298 56 1
299 57 1
299 58 1
299 59 1
299 60 1
300 61 1
300 62 1
300 63 1
301 64 1
301 65 1
301 66 1
301 67 1
302 68 1
302 69 1
302 70 1
303 71 1
303 72 1
303 73 1
303 74 1
304 75 1
304 76 1
304 77 1
305 78 1
305 79 1
305 80 1
306 81 1
306 82 1
306 83 1
307 84 1
307 85 1
307 86 1
308 87 1
308 88 1
308 89 1
309 90 1
309 91 1
309 92 1
310 93 1
310 94 1
310 95 1
311 96 1
311 97 1
311 98 1
312 99 1
312 100 1
313 101 1
313 102 1
313 103 1
314 104 1
314 105 1
315 106 1
316 107 1
316 108 1
317 109 1
318 110 1
319 111 1
320 112 1
321 113 1
322 113 1
323 114 1
324 115 1
325 115 1
326 116 1
327 116 1
328 116 1
329 116 1
330 116 1
331 116 1
332 116 1
333 116 1
334 116 1
335 116 1
336 116 1
337 116 1
338 117 1
339 117 1
340 117 1
341 117 1
342 117 1
343 117 1
344 117 1
345 117 1
346 117 1
347 117 1
348 117 1
349 117 1
350 117 1
351 117 1
352 117 1
353 116 1
354 116 1
355 116 1
356 116 1
357 116 1
358 116 1
359 115 1
360 115 1
361 115 1
362 115 1
363 115 1
364 114 1
365 114 1
366 114 1
367 113 1
368 113 1
369 112 1
370 111 1
371 110 1
372 109 1
373 108 1
374 107 1
375 106 1
376 105 1
377 104 1
377 103 1
378 102 1
378 101 1
379 100 1
379 99 1
379 98 1
380 97 1
381 96 1
382 96 1
383 97 1
384 98 1
385 98 1
386 99 1
387 100 1
388 101 1
389 102 1
390 103 1
391 104 1
392 105 1
392 106 1
393 107 1
393 108 1
393 109 1
393 110 1
393 111 1
393 112 1
393 113 1
393 114 1
393 115 1
393 116 1
393 117 1
393 118 1
392 119 1
392 120 1
392 121 1
392 122 1
392 123 1
391 124 1
391 125 1
391 126 1
391 127 1
390 128 1
390 129 1
390 130 1
389 131 1
389 132 1
389 133 1
389 134 1
388 135 1
388 136 1
388 137 1
387 138 1
387 139 1
387 140 1
386 141 1
386 142 1
386 143 1
385 144 1
385 145 1
384 146 1
384 147 1
384 148 1
383 149 1
383 150 1
382 151 1
.PEN_UP
.PEN_DOWN
380 95 1
380 94 1
379 93 1
378 93 1
377 93 1
376 92 1
375 91 1
374 91 1
373 90 1
372 89 1
371 89 1
370 88 1
369 87 1
368 86 1
367 85 1
366 84 1
365 83 1
365 82 1
364 81 1
363 80 1
363 79 1
362 78 1
361 77 1
361 76 1
360 75 1
360 74 1
360 73 1
359 72 1
359 71 1
359 70 1
358 69 1
358 68 1
358 67 1
358 66 1
358 65 1
358 64 1
357 63 1
357 62 1
357 61 1
357 60 1
357 59 1
357 58 1
357 57 1
357 56 1
357 55 1
357 54 1
357 53 1
357 52 1
357 51 1
357 50 1
357 49 1
357 48 1
357 47 1
357 46 1
357 45 1
357 44 1
357 43 1
357 42 1
357 41 1
357 40 1
357 39 1
358 38 1
358 37 1
358 36 1
358 35 1
358 34 1
359 33 1
360 32 1
360 31 1
361 30 1
361 29 1
362 28 1
363 28 1
364 28 1
365 29 1
366 30 1
367 31 1
367 32 1
368 33 1
369 34 1
369 35 1
370 36 1
371 37 1
371 38 1
372 39 1
372 40 1
373 41 1
373 42 1
374 43 1
374 44 1
374 45 1
375 46 1
375 47 1
375 48 1
376 49 1
376 50 1
376 51 1
377 52 1
377 53 1
377 54 1
377 55 1
378 56 1
378 57 1
378 58 1
379 59 1
379 60 1
379 61 1
379 62 1
380 63 1
380 64 1
380 65 1
380 66 1
380 67 1
381 68 1
381 69 1
381 70 1
381 71 1
381 72 1
381 73 1
381 74 1
382 75 1
382 76 1
382 77 1
382 78 1
382 79 1
382 80 1
382 81 1
382 82 1
382 83 1
382 84 1
382 85 1
382 86 1
382 87 1
382 88 1
382 89 1
381 90 1
381 91 1
380 92 1
.PEN_UP
.PEN_DOWN
177 108 1
178 109 1
178 110 1
179 111 1
.PEN_UP
.PEN_DOWN
159 85 1
159 86 1
159 87 1
159 88 1
159 89 1
159 90 1
158 91 1
158 92 1
158 93 1
158 94 1
158 95 1
158 96 1
158 97 1
158 98 1
158 99 1
158 100 1
158 101 1
158 102 1
158 103 1
157 104 1
157 105 1
157 106 1
157 107 1
157 108 1
157 109 1
157 110 1
157 111 1
157 112 1
157 113 1
157 114 1
157 115 1
157 116 1
157 117 1
157 118 1
156 119 1
156 120 1
156 121 1
156 122 1
156 123 1
156 124 1
156 125 1
156 126 1
156 127 1
156 128 1
156 129 1
156 130 1
156 131 1
156 132 1
156 133 1
156 134 1
156 135 1
156 136 1
156 137 1
156 138 1
156 139 1
156 140 1
156 141 1
156 142 1
156 143 1
156 144 1
155 145 1
155 146 1
155 147 1
155 148 1
155 149 1
155 150 1
155 151 1
155 152 1
155 153 1
155 154 1
155 155 1
155 156 1
155 157 1
155 158 1
155 159 1
155 160 1
155 161 1
155 162 1
155 163 1
155 164 1
155 165 1
155 166 1
155 167 1
155 168 1
155 169 1
155 170 1
155 171 1
155 172 1
155 173 1
155 174 1
155 175 1
155 176 1
155 177 1
155 178 1
155 179 1
155 180 1
155 181 1
155 182 1
155 183 1
155 184 1
155 185 1
155 186 1
155 187 1
155 188 1
155 189 1
155 190 1
155 191 1
155 192 1
155 193 1
155 194 1
155 195 1
155 196 1
155 197 1
155 198 1
155 199 1
154 200 1
154 201 1
153 202 1
153 203 1
153 204 1
152 205 1
152 206 1
151 207 1
.PEN_UP
.PEN_DOWN
159 80 1
160 79 1
160 78 1
160 77 1
160 76 1
160 75 1
160 74 1
160 73 1
161 72 1
161 71 1
161 70 1
161 69 1
161 68 1
161 67 1
161 66 1
161 65 1
161 64 1
162 63 1
162 62 1
162 61 1
162 60 1
162 59 1
162 58 1
162 57 1
163 56 1
163 55 1
163 54 1
163 53 1
163 52 1
163 51 1
163 50 1
164 49 1
164 48 1
164 47 1
164 46 1
164 45 1
164 44 1
164 43 1
164 42 1
165 41 1
165 40 1
165 39 1
165 38 1
165 37 1
165 36 1
165 35 1
165 34 1
165 33 1
165 32 1
166 31 1
166 30 1
166 29 1
166 28 1
166 27 1
166 26 1
166 25 1
166 24 1
166 23 1
167 22 1
167 21 1
167 20 1
167 19 1
167 18 1
167 17 1
167 16 1
168 15 1
168 14 1
168 13 1
168 12 1
168 11 1
168 10 1
168 9 1
169 8 1
169 7 1
169 6 1
169 5 1
169 4 1
169 3 1
169 2 1
168 1 1
.PEN_UP
