.PEN_DOWN
17 1 1
17 2 1
16 3 1
16 4 1
16 5 1
15 6 1
15 7 1
15 8 1
15 9 1
15 10 1
14 11 1
14 12 1
14 13 1
14 14 1
14 15 1
14 16 1
13 17 1
13 18 1
13 19 1
13 20 1
13 21 1
13 22 1
13 23 1
12 24 1
12 25 1
12 26 1
12 27 1
12 28 1
12 29 1
12 30 1
12 31 1
11 32 1
11 33 1
11 34 1
11 35 1
11 36 1
11 37 1
11 38 1
11 39 1
11 40 1
11 41 1
11 42 1
11 43 1
11 44 1
11 45 1
11 46 1
11 47 1
11 48 1
11 49 1
11 50 1
10 51 1
10 52 1
10 53 1
10 54 1
10 55 1
10 56 1
10 57 1
10 58 1
10 59 1
10 60 1
10 61 1
10 62 1
10 63 1
10 64 1
10 65 1
10 66 1
10 67 1
10 68 1
10 69 1
10 70 1
10 71 1
10 72 1
10 73 1
10 74 1
10 75 1
10 76 1
10 77 1
10 78 1
10 79 1
12 80 1
13 80 1
14 80 1
15 80 1
16 80 1
17 80 1
18 79 1
19 79 1
20 79 1
21 79 1
22 79 1
23 79 1
24 78 1
25 78 1
26 78 1
27 78 1
28 78 1
29 77 1
30 77 1
31 77 1
32 77 1
33 76 1
34 76 1
35 76 1
36 76 1
37 75 1
38 75 1
39 75 1
40 75 1
41 74 1
42 74 1
43 74 1
44 73 1
45 73 1
46 72 1
47 72 1
48 71 1
49 71 1
50 70 1
51 70 1
52 70 1
53 69 1
54 69 1
55 68 1
56 68 1
57 67 1
58 67 1
59 66 1
60 65 1
61 64 1
62 64 1
63 63 1
64 62 1
65 61 1
66 60 1
66 59 1
67 58 1
67 57 1
68 56 1
69 55 1
69 54 1
70 53 1
71 52 1
72 51 1
72 50 1
73 49 1
73 48 1
74 47 1
74 46 1
75 45 1
75 44 1
76 43 1
76 42 1
77 41 1
77 40 1
78 39 1
79 39 1
80 40 1
81 41 1
82 42 1
83 42 1
84 43 1
85 44 1
86 45 1
87 46 1
88 47 1
89 48 1
90 49 1
90 50 1
91 51 1
92 52 1
93 53 1
93 54 1
94 55 1
95 56 1
95 57 1
96 58 1
97 59 1
97 60 1
98 61 1
98 62 1
99 63 1
100 64 1
100 65 1
101 66 1
102 67 1
102 68 1
103 69 1
103 70 1
104 71 1
105 72 1
105 73 1
106 74 1
107 75 1
107 76 1
108 77 1
109 78 1
109 79 1
110 80 1
111 81 1
112 82 1
113 83 1
113 84 1
114 85 1
115 86 1
116 87 1
117 88 1
118 89 1
118 90 1
119 91 1
120 92 1
121 93 1
122 94 1
123 95 1
124 95 1
125 96 1
126 97 1
127 98 1
128 99 1
129 100 1
130 100 1
131 101 1
132 101 1
133 102 1
134 102 1
135 103 1
136 103 1
137 103 1
138 103 1
139 103 1
140 103 1
141 102 1
142 102 1
143 102 1
144 102 1
145 101 1
146 101 1
147 100 1
148 99 1
149 98 1
150 97 1
151 96 1
152 95 1
153 94 1
154 93 1
155 92 1
156 91 1
156 90 1
157 89 1
157 88 1
158 87 1
158 86 1
159 85 1
159 84 1
160 83 1
160 82 1
161 81 1
161 80 1
161 79 1
162 78 1
162 77 1
162 76 1
162 75 1
163 74 1
163 73 1
163 72 1
163 71 1
164 70 1
164 69 1
164 68 1
164 67 1
165 66 1
165 65 1
165 64 1
165 63 1
165 62 1
165 61 1
165 60 1
165 59 1
165 58 1
165 57 1
165 56 1
166 55 1
167 55 1
168 56 1
169 56 1
170 57 1
171 58 1
172 58 1
173 59 1
174 60 1
175 60 1
176 61 1
177 62 1
178 62 1
179 63 1
180 64 1
181 64 1
182 65 1
183 66 1
184 66 1
185 67 1
186 68 1
187 68 1
188 69 1
189 70 1
190 70 1
191 71 1
192 72 1
193 73 1
194 74 1
195 75 1
196 76 1
197 77 1
198 77 1
199 78 1
200 79 1
201 80 1
202 81 1
203 82 1
204 83 1
205 84 1
206 85 1
207 86 1
208 87 1
209 88 1
209 89 1
210 90 1
211 91 1
212 92 1
212 93 1
213 94 1
214 95 1
214 96 1
215 97 1
216 98 1
217 99 1
217 100 1
218 101 1
219 102 1
219 103 1
.PEN_UP
.PEN_DOWN
165 54 1
164 53 1
164 52 1
163 51 1
161 51 1
160 51 1
159 50 1
158 49 1
157 49 1
156 48 1
155 48 1
154 47 1
153 47 1
152 46 1
151 45 1
150 45 1
149 44 1
148 44 1
147 43 1
146 43 1
145 42 1
144 41 1
143 41 1
142 40 1
141 40 1
140 39 1
139 38 1
138 38 1
137 37 1
136 37 1
135 36 1
134 35 1
133 35 1
132 34 1
131 33 1
130 33 1
129 32 1
128 31 1
127 31 1
126 30 1
126 29 1
126 28 1
125 27 1
125 26 1
126 25 1
127 24 1
127 23 1
128 22 1
129 21 1
130 21 1
131 20 1
132 19 1
133 19 1
134 19 1
135 19 1
136 19 1
137 19 1
138 18 1
139 18 1
140 18 1
141 19 1
142 19 1
143 19 1
144 19 1
145 19 1
146 19 1
147 19 1
148 20 1
149 21 1
150 21 1
151 22 1
152 23 1
153 23 1
154 24 1
155 25 1
156 26 1
156 27 1
157 28 1
157 29 1
158 30 1
159 31 1
159 32 1
160 33 1
160 34 1
161 35 1
161 36 1
161 37 1
162 38 1
162 39 1
162 40 1
162 41 1
163 42 1
163 43 1
163 44 1
164 45 1
164 46 1
164 47 1
164 48 1
164 49 1
163 50 1
.PEN_UP
.PEN_DOWN
9 81 1
8 82 1
7 81 1
6 81 1
5 81 1
4 82 1
3 83 1
2 83 1
.PEN_UP
.PEN_DOWN
8 83 1
9 84 1
9 85 1
9 86 1
9 87 1
9 88 1
9 89 1
9 90 1
9 91 1
9 92 1
9 93 1
9 94 1
9 95 1
9 96 1
9 97 1
9 98 1
9 99 1
9 100 1
9 101 1
9 102 1
9 103 1
9 104 1
9 105 1
9 106 1
9 107 1
9 108 1
9 109 1
9 110 1
9 111 1
9 112 1
9 113 1
9 114 1
9 115 1
9 116 1
9 117 1
8 118 1
8 119 1
8 120 1
8 121 1
8 122 1
8 123 1
8 124 1
8 125 1
8 126 1
8 127 1
8 128 1
8 129 1
8 130 1
8 131 1
8 132 1
8 133 1
8 134 1
8 135 1
8 136 1
8 137 1
8 138 1
8 139 1
8 140 1
8 141 1
8 142 1
8 143 1
8 144 1
7 145 1
7 146 1
7 147 1
7 148 1
7 149 1
7 150 1
7 151 1
7 152 1
7 153 1
7 154 1
7 155 1
7 156 1
7 157 1
7 158 1
7 159 1
7 160 1
7 161 1
7 162 1
7 163 1
7 164 1
7 165 1
7 166 1
7 167 1
6 168 1
6 169 1
6 170 1
6 171 1
6 172 1
6 173 1
6 174 1
6 175 1
6 176 1
6 177 1
6 178 1
6 179 1
6 180 1
6 181 1
6 182 1
6 183 1
6 184 1
6 185 1
6 186 1
6 187 1
6 188 1
5 189 1
5 190 1
5 191 1
5 192 1
5 193 1
5 194 1
5 195 1
5 196 1
5 197 1
5 198 1
5 199 1
5 200 1
5 201 1
5 202 1
5 203 1
5 204 1
5 205 1
5 206 1
5 207 1
5 208 1
5 209 1
4 210 1
4 211 1
4 212 1
4 213 1
4 214 1
4 215 1
4 216 1
4 217 1
4 218 1
4 219 1
4 220 1
4 221 1
4 222 1
4 223 1
4 224 1
4 225 1
4 226 1
4 227 1
3 228 1
3 229 1
3 230 1
3 231 1
3 232 1
3 233 1
3 234 1
3 235 1
3 236 1
3 237 1
3 238 1
3 239 1
3 240 1
3 241 1
3 242 1
3 243 1
2 244 1
2 245 1
2 246 1
2 247 1
2 248 1
2 249 1
2 250 1
2 251 1
2 252 1
2 253 1
2 254 1
2 255 1
2 256 1
2 257 1
2 258 1
2 259 1
2 260 1
2 261 1
2 262 1
2 263 1
2 264 1
2 265 1
1 266 1
1 267 1
1 268 1
1 269 1
1 270 1
1 271 1
1 272 1
1 273 1
1 274 1
1 275 1
1 276 1
1 277 1
1 278 1
1 279 1
1 280 1
1 281 1
1 282 1
1 283 1
1 284 1
1 285 1
1 286 1
1 287 1
2 288 1
2 289 1
2 290 1
2 291 1
2 292 1
3 293 1
4 293 1
5 293 1
6 294 1
7 294 1
8 294 1
9 294 1
10 294 1
.PEN_UP
.PEN_DOWN
116 108 1
116 109 1
115 110 1
114 111 1
114 112 1
114 113 1
113 114 1
113 115 1
113 116 1
112 117 1
112 118 1
112 119 1
111 120 1
111 121 1
111 122 1
111 123 1
111 124 1
110 125 1
110 126 1
110 127 1
110 128 1
110 129 1
109 130 1
109 131 1
109 132 1
109 133 1
109 134 1
108 135 1
108 136 1
108 137 1
108 138 1
108 139 1
107 140 1
107 141 1
107 142 1
107 143 1
107 144 1
106 145 1
106 146 1
106 147 1
106 148 1
106 149 1
106 150 1
105 151 1
105 152 1
105 153 1
105 154 1
105 155 1
104 156 1
104 157 1
104 158 1
104 159 1
103 160 1
103 161 1
103 162 1
103 163 1
102 164 1
102 165 1
102 166 1
102 167 1
101 168 1
101 169 1
101 170 1
100 171 1
100 172 1
100 173 1
100 174 1
99 175 1
99 176 1
99 177 1
99 178 1
98 179 1
98 180 1
98 181 1
97 182 1
97 183 1
97 184 1
96 185 1
96 186 1
96 187 1
95 188 1
95 189 1
95 190 1
94 191 1
94 192 1
94 193 1
93 194 1
93 195 1
93 196 1
92 197 1
92 198 1
92 199 1
91 200 1
91 201 1
91 202 1
90 203 1
90 204 1
90 205 1
89 206 1
89 207 1
89 208 1
88 209 1
88 210 1
88 211 1
87 212 1
87 213 1
87 214 1
86 215 1
86 216 1
85 217 1
85 218 1
84 219 1
84 220 1
84 221 1
83 222 1
82 222 1
81 223 1
80 224 1
80 225 1
80 226 1
80 227 1
79 228 1
78 229 1
77 230 1
76 231 1
75 231 1
74 232 1
73 233 1
72 233 1
71 234 1
70 235 1
69 235 1
68 236 1
67 236 1
66 237 1
65 237 1
64 238 1
63 238 1
62 238 1
61 239 1
60 239 1
59 239 1
58 240 1
57 240 1
56 240 1
55 240 1
54 240 1
53 240 1
52 240 1
51 240 1
50 240 1
49 240 1
48 240 1
47 240 1
46 240 1
45 240 1
44 240 1
43 240 1
42 240 1
41 240 1
40 240 1
39 240 1
38 239 1
37 239 1
36 239 1
35 239 1
34 239 1
33 238 1
32 238 1
31 238 1
30 238 1
29 237 1
28 237 1
27 237 1
26 237 1
25 236 1
24 235 1
24 234 1
25 233 1
26 233 1
27 232 1
28 232 1
29 231 1
30 231 1
31 231 1
32 231 1
33 230 1
34 230 1
35 230 1
36 230 1
37 229 1
38 229 1
39 229 1
40 229 1
41 228 1
42 228 1
43 228 1
44 228 1
45 228 1
46 228 1
47 227 1
48 227 1
49 227 1
50 227 1
51 227 1
52 227 1
53 227 1
54 226 1
55 226 1
56 226 1
57 226 1
58 226 1
59 226 1
60 226 1
61 226 1
62 225 1
63 225 1
64 225 1
65 225 1
66 225 1
67 225 1
68 225 1
69 225 1
70 224 1
71 224 1
72 224 1
73 224 1
74 224 1
75 224 1
76 224 1
77 223 1
78 223 1
79 223 1
.PEN_UP
.PEN_DOWN
85 222 1
86 222 1
87 222 1
88 222 1
89 222 1
90 222 1
91 221 1
92 221 1
93 221 1
94 221 1
95 221 1
96 221 1
97 221 1
98 220 1
99 220 1
100 220 1
101 220 1
102 220 1
103 220 1
104 220 1
105 219 1
106 219 1
107 219 1
108 219 1
109 219 1
110 219 1
111 219 1
112 218 1
113 218 1
114 218 1
115 218 1
116 218 1
117 218 1
118 218 1
119 218 1
120 218 1
121 217 1
122 217 1
123 217 1
124 217 1
125 217 1
126 217 1
127 217 1
128 217 1
129 217 1
130 216 1
131 216 1
132 216 1
133 216 1
134 216 1
135 216 1
136 216 1
137 216 1
138 216 1
139 215 1
140 215 1
141 215 1
142 215 1
143 215 1
144 215 1
145 215 1
146 215 1
147 214 1
148 214 1
149 214 1
150 214 1
151 214 1
152 214 1
153 214 1
154 214 1
155 214 1
156 213 1
157 213 1
158 213 1
159 213 1
160 213 1
161 213 1
162 213 1
163 213 1
164 212 1
165 212 1
166 212 1
167 212 1
168 212 1
169 212 1
170 212 1
171 212 1
172 212 1
173 212 1
174 212 1
175 212 1
176 211 1
177 211 1
178 211 1
179 211 1
180 211 1
181 211 1
182 211 1
183 211 1
184 211 1
185 211 1
186 211 1
187 211 1
188 210 1
189 210 1
190 210 1
191 210 1
192 210 1
193 210 1
194 210 1
195 210 1
196 210 1
197 210 1
198 210 1
199 210 1
200 210 1
201 210 1
202 210 1
203 210 1
204 210 1
205 210 1
206 210 1
207 210 1
208 209 1
209 209 1
210 209 1
211 209 1
212 209 1
213 209 1
214 209 1
215 209 1
216 209 1
217 209 1
218 209 1
219 209 1
220 209 1
221 209 1
222 209 1
223 209 1
224 209 1
225 209 1
226 209 1
227 209 1
228 209 1
229 209 1
230 209 1
231 209 1
232 209 1
233 209 1
234 209 1
235 209 1
.PEN_UP
