.PEN_DOWN
64 1 1
63 2 1
62 3 1
62 4 1
61 5 1
60 6 1
59 7 1
58 8 1
57 9 1
56 10 1
54 10 1
53 11 1
53 12 1
53 13 1
54 16 1
53 17 1
52 18 1
51 18 1
50 18 1
49 19 1
48 20 1
47 21 1
46 22 1
46 23 1
45 24 1
44 25 1
43 26 1
43 27 1
42 28 1
41 29 1
41 30 1
40 31 1
39 32 1
39 33 1
38 34 1
37 35 1
36 36 1
36 37 1
35 38 1
34 39 1
34 40 1
33 41 1
33 42 1
32 43 1
32 44 1
31 45 1
30 46 1
29 47 1
29 48 1
28 49 1
28 50 1
27 51 1
27 52 1
26 53 1
25 54 1
25 56 1
25 57 1
24 58 1
23 59 1
22 59 1
21 60 1
21 61 1
21 62 1
20 63 1
19 63 1
18 64 1
17 65 1
16 66 1
15 67 1
14 68 1
13 69 1
12 70 1
11 71 1
9 72 1
8 73 1
7 74 1
6 75 1
5 76 1
4 77 1
.PEN_UP
.PEN_DOWN
10 71 1
11 73 1
11 74 1
10 75 1
9 76 1
8 77 1
8 78 1
7 79 1
6 80 1
6 81 1
5 82 1
4 83 1
4 84 1
4 85 1
3 86 1
3 87 1
2 88 1
2 89 1
2 90 1
1 91 1
1 92 1
2 93 1
3 94 1
4 95 1
5 95 1
6 96 1
7 96 1
8 97 1
9 97 1
10 98 1
11 99 1
12 99 1
13 100 1
14 100 1
15 101 1
16 101 1
17 102 1
18 102 1
19 103 1
20 103 1
21 104 1
22 104 1
23 104 1
24 105 1
25 105 1
26 106 1
27 106 1
28 107 1
29 108 1
30 108 1
31 109 1
32 110 1
33 110 1
34 111 1
35 111 1
36 111 1
37 112 1
38 112 1
39 113 1
40 113 1
41 113 1
42 114 1
43 114 1
44 115 1
45 115 1
46 116 1
47 116 1
48 117 1
49 117 1
50 117 1
51 118 1
52 118 1
53 119 1
54 119 1
55 120 1
56 120 1
57 120 1
58 121 1
59 121 1
60 121 1
61 122 1
62 122 1
63 122 1
64 123 1
65 123 1
66 124 1
67 124 1
68 124 1
69 125 1
70 125 1
71 126 1
72 126 1
73 126 1
74 127 1
75 127 1
76 128 1
77 128 1
78 128 1
79 129 1
80 129 1
81 130 1
82 130 1
83 130 1
84 131 1
85 131 1
86 131 1
87 132 1
88 132 1
89 133 1
90 133 1
91 133 1
92 134 1
93 134 1
94 134 1
95 135 1
96 135 1
97 135 1
98 136 1
99 136 1
100 136 1
101 137 1
102 137 1
103 137 1
104 138 1
105 138 1
106 138 1
107 139 1
108 140 1
109 141 1
109 142 1
108 143 1
107 144 1
106 145 1
105 146 1
.PEN_UP
.PEN_DOWN
17 63 1
17 62 1
18 61 1
18 60 1
19 59 1
21 57 1
21 56 1
22 55 1
23 54 1
24 54 1
.PEN_UP
.PEN_DOWN
49 17 1
50 16 1
50 15 1
51 14 1
52 14 1
55 14 1
56 13 1
56 12 1
56 11 1
.PEN_UP
