.PEN_DOWN
1 22 1
2 23 1
2 24 1
3 25 1
4 26 1
4 27 1
4 28 1
4 29 1
4 30 1
4 31 1
4 32 1
3 33 1
3 34 1
3 35 1
3 36 1
3 37 1
3 38 1
3 39 1
3 40 1
3 41 1
3 42 1
3 43 1
3 44 1
3 45 1
.PEN_UP
.PEN_DOWN
27 1 1
28 1 1
29 2 1
30 2 1
31 3 1
32 2 1
33 2 1
34 2 1
35 2 1
36 2 1
37 2 1
38 3 1
39 3 1
40 3 1
41 3 1
42 4 1
43 4 1
44 4 1
45 5 1
46 5 1
47 5 1
48 6 1
49 6 1
50 7 1
51 7 1
52 7 1
53 8 1
54 8 1
55 9 1
56 9 1
57 10 1
58 10 1
59 11 1
60 11 1
61 12 1
62 12 1
63 13 1
64 13 1
65 14 1
66 15 1
67 15 1
68 16 1
69 17 1
70 17 1
71 18 1
72 19 1
73 19 1
74 20 1
75 21 1
76 21 1
77 22 1
78 23 1
79 24 1
79 25 1
80 26 1
81 27 1
81 28 1
82 29 1
83 30 1
83 31 1
84 32 1
85 33 1
85 34 1
85 35 1
86 36 1
86 37 1
86 38 1
86 39 1
87 40 1
87 41 1
87 42 1
87 43 1
87 44 1
88 45 1
88 46 1
88 47 1
88 48 1
88 49 1
88 50 1
88 51 1
88 52 1
88 53 1
88 54 1
88 55 1
88 56 1
88 57 1
88 58 1
88 59 1
88 60 1
88 61 1
88 62 1
87 63 1
87 64 1
87 65 1
87 66 1
86 67 1
86 68 1
86 69 1
85 70 1
85 71 1
84 72 1
84 73 1
83 74 1
83 75 1
82 76 1
82 77 1
81 78 1
81 79 1
80 80 1
79 81 1
78 82 1
77 83 1
76 84 1
75 85 1
74 86 1
73 87 1
72 88 1
71 89 1
70 90 1
69 91 1
68 92 1
67 93 1
66 94 1
65 94 1
64 95 1
63 95 1
62 96 1
61 97 1
60 97 1
59 98 1
58 98 1
57 99 1
56 99 1
55 99 1
54 100 1
53 100 1
52 100 1
51 100 1
50 100 1
49 100 1
48 100 1
47 100 1
46 100 1
45 100 1
44 100 1
43 100 1
42 100 1
.PEN_UP
