.PEN_DOWN
7 107 1
8 108 1
8 109 1
8 110 1
9 111 1
9 112 1
9 113 1
10 114 1
10 115 1
10 116 1
10 117 1
11 118 1
11 119 1
11 120 1
11 121 1
12 122 1
12 123 1
12 124 1
12 125 1
12 126 1
13 127 1
13 128 1
13 129 1
13 130 1
13 131 1
13 132 1
13 133 1
13 134 1
13 135 1
13 136 1
13 137 1
13 138 1
13 139 1
13 140 1
13 141 1
13 142 1
13 143 1
13 144 1
13 145 1
13 146 1
13 147 1
13 148 1
13 149 1
13 150 1
13 151 1
13 152 1
13 153 1
13 154 1
13 155 1
13 156 1
13 157 1
13 158 1
13 159 1
13 160 1
13 161 1
13 162 1
13 163 1
13 164 1
13 165 1
13 166 1
13 167 1
13 168 1
13 169 1
13 170 1
13 171 1
13 172 1
11 173 1
10 173 1
9 173 1
8 173 1
7 173 1
6 173 1
.PEN_UP
.PEN_DOWN
12 173 1
15 173 1
16 173 1
17 173 1
18 173 1
19 173 1
20 173 1
21 173 1
22 173 1
23 173 1
24 173 1
25 173 1
26 173 1
27 173 1
28 173 1
29 173 1
30 173 1
31 173 1
32 173 1
33 173 1
34 173 1
35 173 1
36 173 1
37 173 1
38 173 1
39 173 1
40 173 1
41 173 1
42 173 1
43 173 1
44 173 1
45 173 1
46 173 1
47 173 1
48 173 1
49 173 1
50 173 1
51 173 1
52 173 1
53 173 1
54 173 1
55 173 1
56 173 1
57 173 1
58 173 1
59 173 1
60 173 1
61 173 1
62 173 1
63 173 1
64 173 1
65 173 1
66 173 1
67 173 1
68 173 1
69 173 1
70 173 1
71 173 1
72 173 1
73 173 1
74 173 1
75 173 1
76 173 1
77 173 1
78 173 1
79 173 1
80 173 1
81 173 1
82 173 1
83 173 1
84 173 1
85 173 1
86 173 1
87 172 1
88 171 1
89 170 1
90 169 1
91 168 1
92 167 1
93 167 1
94 166 1
95 165 1
96 165 1
97 164 1
98 164 1
99 163 1
100 162 1
101 161 1
102 161 1
103 160 1
104 160 1
105 160 1
106 160 1
.PEN_UP
.PEN_DOWN
99 161 1
98 160 1
97 160 1
96 160 1
95 160 1
94 161 1
93 161 1
92 161 1
91 161 1
90 161 1
89 161 1
88 161 1
87 161 1
86 162 1
85 162 1
84 162 1
83 162 1
82 162 1
81 162 1
80 162 1
79 162 1
78 162 1
77 162 1
76 162 1
75 162 1
74 162 1
73 162 1
72 162 1
71 162 1
70 162 1
69 162 1
68 161 1
67 161 1
66 161 1
65 161 1
64 160 1
63 160 1
62 160 1
61 159 1
60 159 1
59 158 1
58 157 1
57 157 1
56 156 1
55 155 1
54 154 1
53 153 1
52 152 1
52 151 1
51 150 1
51 149 1
51 148 1
50 147 1
50 146 1
49 145 1
49 144 1
49 143 1
49 142 1
49 141 1
49 140 1
49 139 1
48 138 1
48 137 1
48 136 1
48 135 1
48 134 1
49 133 1
49 132 1
49 131 1
49 130 1
49 129 1
49 128 1
49 127 1
49 126 1
49 125 1
49 124 1
49 123 1
50 122 1
50 121 1
50 120 1
50 119 1
50 118 1
51 117 1
51 116 1
51 115 1
51 114 1
52 113 1
52 112 1
52 111 1
52 110 1
52 109 1
53 108 1
53 107 1
53 106 1
54 105 1
54 104 1
54 103 1
55 102 1
55 101 1
55 100 1
56 99 1
56 98 1
56 97 1
56 96 1
57 95 1
58 94 1
58 93 1
59 92 1
60 91 1
60 90 1
61 89 1
61 88 1
62 87 1
63 86 1
63 85 1
64 84 1
65 83 1
65 82 1
66 81 1
67 80 1
67 79 1
68 78 1
69 77 1
70 76 1
71 75 1
72 74 1
73 73 1
74 73 1
75 72 1
76 72 1
77 71 1
78 71 1
79 70 1
80 69 1
81 69 1
82 69 1
83 69 1
84 69 1
85 69 1
86 69 1
87 69 1
88 69 1
89 69 1
90 69 1
91 69 1
92 70 1
93 70 1
94 70 1
95 70 1
96 70 1
97 70 1
98 70 1
99 70 1
100 70 1
101 71 1
102 71 1
103 72 1
104 72 1
105 72 1
106 73 1
107 73 1
108 74 1
109 74 1
110 75 1
111 76 1
112 76 1
113 77 1
114 78 1
115 79 1
116 80 1
117 80 1
118 81 1
119 82 1
120 83 1
121 84 1
122 85 1
122 86 1
123 87 1
124 88 1
125 89 1
126 90 1
126 91 1
127 92 1
128 93 1
129 94 1
129 95 1
130 96 1
131 97 1
131 98 1
132 99 1
133 100 1
134 101 1
134 102 1
135 103 1
136 104 1
136 105 1
137 106 1
138 107 1
138 108 1
139 109 1
140 110 1
140 111 1
141 112 1
142 113 1
143 114 1
144 115 1
145 116 1
146 117 1
147 118 1
148 119 1
149 120 1
150 120 1
151 121 1
152 122 1
153 123 1
154 123 1
155 123 1
156 123 1
157 124 1
158 124 1
159 124 1
160 124 1
161 124 1
162 124 1
163 124 1
164 124 1
165 124 1
166 124 1
167 124 1
168 124 1
169 124 1
170 124 1
171 124 1
172 123 1
173 123 1
174 123 1
175 122 1
176 122 1
177 122 1
178 121 1
179 121 1
180 120 1
181 120 1
182 119 1
183 119 1
184 118 1
185 117 1
186 117 1
187 116 1
188 116 1
189 115 1
190 114 1
191 113 1
192 112 1
193 111 1
194 110 1
195 109 1
196 108 1
196 107 1
197 106 1
198 105 1
199 104 1
200 103 1
201 102 1
202 101 1
202 100 1
203 99 1
204 98 1
204 97 1
205 96 1
206 95 1
206 94 1
207 93 1
208 92 1
208 91 1
209 90 1
210 89 1
211 89 1
212 90 1
213 91 1
213 92 1
214 93 1
214 94 1
214 95 1
214 96 1
214 97 1
215 98 1
215 99 1
215 100 1
215 101 1
216 102 1
216 103 1
216 104 1
217 105 1
217 106 1
.PEN_UP
.PEN_DOWN
212 88 1
212 87 1
212 86 1
212 85 1
212 84 1
212 83 1
212 82 1
211 81 1
211 80 1
211 79 1
210 78 1
210 77 1
210 76 1
210 75 1
209 74 1
209 73 1
209 72 1
209 71 1
208 70 1
208 69 1
208 68 1
207 67 1
207 66 1
207 65 1
207 64 1
206 63 1
206 62 1
206 61 1
205 60 1
205 59 1
205 58 1
205 57 1
204 56 1
204 55 1
203 54 1
203 53 1
203 52 1
202 51 1
202 50 1
201 49 1
201 48 1
201 47 1
200 46 1
200 45 1
199 44 1
199 43 1
198 42 1
198 41 1
197 40 1
196 39 1
196 38 1
195 37 1
195 36 1
194 35 1
194 34 1
193 33 1
193 32 1
192 31 1
192 30 1
191 29 1
191 28 1
190 27 1
190 26 1
190 25 1
190 24 1
190 23 1
189 22 1
189 21 1
189 20 1
189 19 1
189 18 1
189 17 1
189 16 1
189 15 1
189 14 1
190 13 1
190 12 1
191 11 1
191 10 1
192 9 1
193 8 1
194 7 1
195 6 1
196 5 1
197 5 1
198 4 1
199 4 1
200 3 1
201 2 1
202 2 1
203 2 1
204 2 1
205 2 1
206 2 1
207 2 1
208 1 1
209 1 1
210 1 1
211 2 1
212 2 1
213 2 1
214 2 1
215 2 1
216 2 1
217 2 1
218 3 1
219 3 1
220 4 1
221 4 1
222 5 1
223 5 1
224 6 1
225 6 1
226 7 1
227 8 1
228 9 1
228 10 1
229 11 1
230 12 1
230 13 1
231 14 1
231 15 1
231 16 1
231 17 1
232 18 1
232 19 1
232 20 1
232 21 1
232 22 1
232 23 1
232 24 1
232 25 1
232 26 1
232 27 1
232 28 1
232 29 1
232 30 1
232 31 1
232 32 1
232 33 1
232 34 1
231 35 1
231 36 1
231 37 1
231 38 1
230 39 1
230 40 1
230 41 1
230 42 1
230 43 1
229 44 1
229 45 1
229 46 1
228 47 1
228 48 1
228 49 1
227 50 1
227 51 1
227 52 1
226 53 1
226 54 1
226 55 1
225 56 1
225 57 1
225 58 1
224 59 1
224 60 1
224 61 1
223 62 1
223 63 1
222 64 1
222 65 1
221 66 1
221 67 1
220 68 1
220 69 1
219 70 1
219 71 1
218 72 1
218 73 1
217 74 1
217 75 1
217 76 1
216 77 1
216 78 1
215 79 1
215 80 1
214 81 1
213 81 1
.PEN_UP
.PEN_DOWN
13 173 1
13 175 1
13 176 1
13 177 1
13 178 1
13 179 1
13 180 1
13 181 1
13 182 1
13 183 1
13 184 1
13 185 1
13 186 1
13 187 1
13 188 1
13 189 1
13 190 1
13 191 1
13 192 1
13 193 1
13 194 1
13 195 1
13 196 1
13 197 1
13 198 1
13 199 1
13 200 1
13 201 1
13 202 1
13 203 1
12 204 1
12 205 1
12 206 1
12 207 1
12 208 1
12 209 1
12 210 1
12 211 1
12 212 1
12 213 1
12 214 1
12 215 1
12 216 1
12 217 1
12 218 1
12 219 1
12 220 1
12 221 1
11 222 1
11 223 1
11 224 1
11 225 1
11 226 1
11 227 1
11 228 1
11 229 1
11 230 1
11 231 1
11 232 1
11 233 1
11 234 1
11 235 1
11 236 1
10 237 1
10 238 1
10 239 1
10 240 1
10 241 1
10 242 1
10 243 1
10 244 1
10 245 1
10 246 1
10 247 1
10 248 1
10 249 1
10 250 1
10 251 1
10 252 1
10 253 1
10 254 1
10 255 1
10 256 1
10 257 1
10 258 1
10 259 1
10 260 1
10 261 1
10 262 1
10 263 1
9 264 1
9 265 1
9 266 1
9 267 1
9 268 1
9 269 1
9 270 1
9 271 1
9 272 1
9 273 1
9 274 1
9 275 1
9 276 1
9 277 1
9 278 1
10 279 1
11 278 1
12 278 1
13 278 1
14 277 1
15 276 1
16 275 1
17 274 1
18 273 1
19 273 1
20 272 1
21 271 1
22 271 1
23 270 1
24 269 1
25 269 1
26 268 1
27 267 1
28 267 1
29 266 1
30 265 1
31 265 1
32 265 1
33 264 1
34 264 1
35 263 1
36 263 1
37 262 1
38 261 1
39 260 1
39 259 1
40 258 1
40 257 1
.PEN_UP
.PEN_DOWN
9 280 1
8 281 1
7 282 1
6 282 1
5 283 1
4 283 1
3 284 1
2 285 1
1 286 1
1 287 1
1 288 1
1 289 1
1 290 1
1 291 1
1 292 1
1 293 1
1 294 1
1 295 1
1 296 1
1 297 1
1 298 1
1 299 1
1 300 1
1 301 1
1 302 1
1 303 1
1 304 1
1 305 1
1 306 1
1 307 1
1 308 1
.PEN_UP
.PEN_DOWN
8 283 1
9 284 1
9 285 1
9 286 1
9 287 1
9 288 1
9 289 1
9 290 1
9 291 1
9 292 1
9 293 1
9 294 1
9 295 1
9 296 1
9 297 1
8 298 1
8 299 1
8 300 1
8 301 1
8 302 1
8 303 1
8 304 1
8 305 1
8 306 1
8 307 1
8 308 1
8 309 1
8 310 1
8 311 1
8 312 1
8 313 1
8 314 1
8 315 1
8 316 1
8 317 1
8 318 1
8 319 1
8 320 1
8 321 1
8 322 1
8 323 1
8 324 1
8 325 1
8 326 1
8 327 1
8 328 1
8 329 1
7 330 1
7 331 1
7 332 1
7 333 1
7 334 1
7 335 1
7 336 1
7 337 1
7 338 1
7 339 1
7 340 1
7 341 1
7 342 1
7 343 1
7 344 1
7 345 1
7 346 1
7 347 1
7 348 1
7 349 1
7 350 1
7 351 1
7 352 1
7 353 1
7 354 1
7 355 1
7 356 1
7 357 1
7 358 1
7 359 1
7 360 1
7 361 1
7 362 1
7 363 1
7 364 1
7 365 1
7 366 1
7 367 1
7 368 1
7 369 1
7 370 1
7 371 1
7 372 1
7 373 1
7 374 1
7 375 1
7 376 1
7 377 1
7 378 1
7 379 1
7 380 1
7 381 1
7 382 1
8 383 1
8 384 1
8 385 1
8 386 1
8 387 1
8 388 1
8 389 1
8 390 1
8 391 1
.PEN_UP
.PEN_DOWN
165 134 1
165 135 1
165 136 1
165 137 1
165 138 1
165 139 1
165 140 1
165 141 1
165 142 1
165 143 1
165 144 1
165 145 1
165 146 1
165 147 1
164 148 1
164 149 1
164 150 1
164 151 1
164 152 1
164 153 1
164 154 1
164 155 1
164 156 1
164 157 1
164 158 1
163 159 1
163 160 1
163 161 1
163 162 1
163 163 1
163 164 1
163 165 1
163 166 1
163 167 1
163 168 1
163 169 1
162 170 1
162 171 1
162 172 1
162 173 1
162 174 1
162 175 1
162 176 1
162 177 1
162 178 1
162 179 1
162 180 1
161 181 1
161 182 1
161 183 1
161 184 1
161 185 1
160 186 1
160 187 1
160 188 1
160 189 1
159 190 1
159 191 1
159 192 1
159 193 1
159 194 1
159 195 1
158 196 1
158 197 1
158 198 1
159 199 1
159 200 1
160 201 1
161 202 1
161 203 1
161 204 1
160 205 1
.PEN_UP
.PEN_DOWN
36 243 1
37 243 1
38 243 1
39 242 1
40 242 1
41 242 1
42 242 1
43 241 1
44 241 1
45 241 1
46 241 1
47 241 1
48 241 1
49 241 1
50 240 1
51 240 1
52 240 1
53 240 1
54 240 1
55 240 1
56 240 1
57 240 1
58 239 1
59 239 1
60 239 1
61 239 1
62 239 1
63 238 1
64 238 1
65 238 1
66 238 1
67 237 1
68 237 1
69 237 1
70 237 1
71 236 1
72 236 1
73 236 1
74 236 1
75 235 1
76 235 1
77 235 1
78 235 1
79 234 1
80 234 1
81 234 1
82 234 1
83 233 1
84 233 1
85 233 1
86 233 1
87 232 1
88 232 1
89 232 1
90 232 1
91 231 1
92 231 1
93 231 1
94 230 1
95 230 1
96 230 1
97 230 1
98 229 1
99 229 1
100 229 1
101 229 1
102 228 1
103 228 1
104 228 1
105 228 1
106 227 1
107 227 1
108 227 1
109 227 1
110 226 1
111 226 1
112 226 1
113 226 1
114 225 1
115 225 1
116 225 1
117 225 1
118 224 1
119 224 1
120 224 1
121 224 1
122 223 1
123 223 1
124 223 1
125 223 1
126 222 1
127 222 1
128 222 1
129 222 1
130 221 1
131 221 1
132 221 1
133 220 1
134 220 1
135 220 1
136 220 1
137 219 1
138 219 1
139 219 1
140 218 1
141 218 1
142 218 1
143 218 1
144 217 1
145 217 1
146 217 1
147 216 1
148 216 1
149 216 1
150 216 1
151 215 1
152 215 1
153 215 1
154 215 1
155 215 1
156 214 1
157 214 1
158 214 1
159 214 1
160 213 1
161 213 1
162 213 1
163 213 1
164 212 1
165 212 1
166 212 1
167 212 1
168 212 1
169 211 1
170 211 1
171 211 1
172 211 1
173 210 1
174 210 1
175 210 1
176 210 1
177 210 1
178 209 1
179 209 1
180 209 1
181 209 1
182 209 1
183 209 1
184 209 1
185 209 1
186 209 1
187 208 1
188 208 1
189 208 1
190 208 1
191 208 1
192 208 1
193 207 1
194 207 1
195 207 1
196 207 1
197 206 1
198 206 1
199 206 1
200 206 1
201 206 1
202 205 1
203 206 1
.PEN_UP
