.PEN_DOWN
45 1 1
45 2 1
45 3 1
45 4 1
45 5 1
44 6 1
44 7 1
44 8 1
44 9 1
44 10 1
44 11 1
44 12 1
43 13 1
43 14 1
43 15 1
43 16 1
43 17 1
43 18 1
43 19 1
42 20 1
42 21 1
42 22 1
42 23 1
42 24 1
42 25 1
42 26 1
42 27 1
42 28 1
42 29 1
41 30 1
41 31 1
41 32 1
41 33 1
41 34 1
41 35 1
41 36 1
41 37 1
41 38 1
41 39 1
40 40 1
40 41 1
40 42 1
40 43 1
40 44 1
40 45 1
40 46 1
39 47 1
39 48 1
39 49 1
39 50 1
39 51 1
39 52 1
38 53 1
38 54 1
38 55 1
38 56 1
38 57 1
38 58 1
37 59 1
37 60 1
37 61 1
37 62 1
37 63 1
37 64 1
36 65 1
36 66 1
36 67 1
36 68 1
36 69 1
35 70 1
35 71 1
35 72 1
35 73 1
35 74 1
34 75 1
34 76 1
34 77 1
34 78 1
34 79 1
33 80 1
33 81 1
33 82 1
33 83 1
33 84 1
33 85 1
32 86 1
32 87 1
32 88 1
32 89 1
32 90 1
31 91 1
31 92 1
31 93 1
31 94 1
31 95 1
30 96 1
30 97 1
30 98 1
30 99 1
29 100 1
29 101 1
29 102 1
29 103 1
29 104 1
28 105 1
28 106 1
28 107 1
28 108 1
27 109 1
27 110 1
27 111 1
27 112 1
27 113 1
26 114 1
26 115 1
26 116 1
26 117 1
25 118 1
25 119 1
25 120 1
25 121 1
25 122 1
25 123 1
24 124 1
24 125 1
24 126 1
24 127 1
24 128 1
24 129 1
24 130 1
23 131 1
23 132 1
23 133 1
23 134 1
23 135 1
23 136 1
23 137 1
22 138 1
22 139 1
22 140 1
22 141 1
22 142 1
22 143 1
22 144 1
21 145 1
21 146 1
21 147 1
21 148 1
21 149 1
21 150 1
21 151 1
20 152 1
20 153 1
20 154 1
20 155 1
20 156 1
20 157 1
20 158 1
20 159 1
19 160 1
19 161 1
19 162 1
19 163 1
19 164 1
19 165 1
19 166 1
19 167 1
18 168 1
18 169 1
18 170 1
18 171 1
18 172 1
18 173 1
18 174 1
18 175 1
17 176 1
17 177 1
17 178 1
17 179 1
17 180 1
17 181 1
17 182 1
17 183 1
16 184 1
16 185 1
16 186 1
16 187 1
16 188 1
16 189 1
16 190 1
16 191 1
15 192 1
15 193 1
15 194 1
15 195 1
15 196 1
15 197 1
15 198 1
15 199 1
15 200 1
15 201 1
14 202 1
14 203 1
14 204 1
14 205 1
14 206 1
14 207 1
14 208 1
14 209 1
14 210 1
14 211 1
14 212 1
13 213 1
14 214 1
13 215 1
13 216 1
13 217 1
13 218 1
13 219 1
13 220 1
13 221 1
13 222 1
13 223 1
12 224 1
12 225 1
12 226 1
12 227 1
12 228 1
12 229 1
12 230 1
12 231 1
12 232 1
12 233 1
12 234 1
11 235 1
11 236 1
11 237 1
11 238 1
11 239 1
11 240 1
11 241 1
11 242 1
11 243 1
11 244 1
11 245 1
11 246 1
10 247 1
10 248 1
10 249 1
10 250 1
10 251 1
10 252 1
10 253 1
10 254 1
10 255 1
10 256 1
10 257 1
10 258 1
10 259 1
9 260 1
9 261 1
9 262 1
9 263 1
9 264 1
9 265 1
9 266 1
9 267 1
9 268 1
9 269 1
9 270 1
9 271 1
9 272 1
8 273 1
8 274 1
8 275 1
8 276 1
8 277 1
8 278 1
8 279 1
8 280 1
8 281 1
8 282 1
8 283 1
8 284 1
7 285 1
7 286 1
7 287 1
7 288 1
7 289 1
7 290 1
7 291 1
7 292 1
7 293 1
7 294 1
7 295 1
6 296 1
6 297 1
6 298 1
6 299 1
6 300 1
6 301 1
6 302 1
6 303 1
6 304 1
6 305 1
6 306 1
5 307 1
5 308 1
5 309 1
5 310 1
5 311 1
5 312 1
5 313 1
5 314 1
5 315 1
5 316 1
5 317 1
5 318 1
5 319 1
4 320 1
4 321 1
4 322 1
4 323 1
4 324 1
4 325 1
4 326 1
4 327 1
4 328 1
4 329 1
4 330 1
4 331 1
3 332 1
3 333 1
3 334 1
3 335 1
3 336 1
3 337 1
3 338 1
3 339 1
3 340 1
3 341 1
2 342 1
2 343 1
2 344 1
2 345 1
2 346 1
2 347 1
2 348 1
2 349 1
2 350 1
2 351 1
1 352 1
1 353 1
1 354 1
1 355 1
1 356 1
1 357 1
1 358 1
1 359 1
1 360 1
1 361 1
1 362 1
1 363 1
1 364 1
1 365 1
1 366 1
1 367 1
1 368 1
1 369 1
1 370 1
2 371 1
2 372 1
2 373 1
2 374 1
2 375 1
2 376 1
2 377 1
3 378 1
3 379 1
3 380 1
3 381 1
4 382 1
4 383 1
4 384 1
5 385 1
5 386 1
5 387 1
5 388 1
6 389 1
6 390 1
6 391 1
7 392 1
7 393 1
.PEN_UP
.PEN_DOWN
15 214 1
16 214 1
17 214 1
18 214 1
19 214 1
20 214 1
21 214 1
22 214 1
23 214 1
24 214 1
25 214 1
26 214 1
27 214 1
28 214 1
29 214 1
30 214 1
31 214 1
32 214 1
33 214 1
34 214 1
35 214 1
36 214 1
37 214 1
38 214 1
39 214 1
40 214 1
41 214 1
42 214 1
43 214 1
44 213 1
45 213 1
46 213 1
47 213 1
48 213 1
49 213 1
50 213 1
51 213 1
52 213 1
53 213 1
54 213 1
55 213 1
56 213 1
57 213 1
58 213 1
59 213 1
60 213 1
61 213 1
62 213 1
63 213 1
64 213 1
65 213 1
66 213 1
67 213 1
68 213 1
69 213 1
70 213 1
71 213 1
72 213 1
73 213 1
74 213 1
75 213 1
76 213 1
77 213 1
78 213 1
79 213 1
80 213 1
81 213 1
82 213 1
83 213 1
84 213 1
85 213 1
86 213 1
87 214 1
88 214 1
89 214 1
90 214 1
91 214 1
92 214 1
93 214 1
94 214 1
95 214 1
96 214 1
97 214 1
98 214 1
99 214 1
100 214 1
101 214 1
102 214 1
103 214 1
104 214 1
105 214 1
106 214 1
107 214 1
108 214 1
109 214 1
110 214 1
111 214 1
112 214 1
113 214 1
114 214 1
115 214 1
116 214 1
117 214 1
118 214 1
119 214 1
120 214 1
121 214 1
122 214 1
123 215 1
126 215 1
127 215 1
128 215 1
129 215 1
130 215 1
131 215 1
132 215 1
133 215 1
134 215 1
135 215 1
136 215 1
137 215 1
138 215 1
139 215 1
140 215 1
141 215 1
142 215 1
143 215 1
144 215 1
145 215 1
146 215 1
147 215 1
148 215 1
149 215 1
150 215 1
151 215 1
152 215 1
153 214 1
154 214 1
155 213 1
156 213 1
157 212 1
158 212 1
159 211 1
160 211 1
161 210 1
162 210 1
163 209 1
164 209 1
165 208 1
166 207 1
167 207 1
168 207 1
169 207 1
170 206 1
171 206 1
172 206 1
173 205 1
174 205 1
175 205 1
176 205 1
177 204 1
178 204 1
179 204 1
180 203 1
181 203 1
182 203 1
183 203 1
184 203 1
185 203 1
186 202 1
187 202 1
188 201 1
189 201 1
190 201 1
191 200 1
192 200 1
193 201 1
194 201 1
195 201 1
196 201 1
197 201 1
198 201 1
199 201 1
200 201 1
201 201 1
202 201 1
203 201 1
204 201 1
205 201 1
206 201 1
207 202 1
208 202 1
209 202 1
210 202 1
211 202 1
212 202 1
213 203 1
214 203 1
215 203 1
.PEN_UP
.PEN_DOWN
187 200 1
186 199 1
185 199 1
184 198 1
183 198 1
182 198 1
181 198 1
180 198 1
179 197 1
178 197 1
177 197 1
176 197 1
175 196 1
174 196 1
173 195 1
172 195 1
171 194 1
170 194 1
169 193 1
169 192 1
168 191 1
167 190 1
166 189 1
166 188 1
165 187 1
165 186 1
164 185 1
163 184 1
163 183 1
162 182 1
162 181 1
162 180 1
162 179 1
161 178 1
161 177 1
161 176 1
161 175 1
160 174 1
160 173 1
160 172 1
160 171 1
160 170 1
160 169 1
160 168 1
159 167 1
159 166 1
159 165 1
159 164 1
159 163 1
159 162 1
159 161 1
159 160 1
159 159 1
159 158 1
159 157 1
159 156 1
160 155 1
160 154 1
160 153 1
160 152 1
160 151 1
160 150 1
161 149 1
162 148 1
162 147 1
163 146 1
163 145 1
164 144 1
164 143 1
165 142 1
165 141 1
166 140 1
166 139 1
167 138 1
167 137 1
168 136 1
168 135 1
169 134 1
169 133 1
170 132 1
171 131 1
172 130 1
173 129 1
174 128 1
175 127 1
176 126 1
177 125 1
178 125 1
179 124 1
180 123 1
181 123 1
182 122 1
183 121 1
184 120 1
185 119 1
186 119 1
187 118 1
188 117 1
189 116 1
190 116 1
191 115 1
192 114 1
193 114 1
194 113 1
195 112 1
196 112 1
197 111 1
198 110 1
199 110 1
200 110 1
201 109 1
202 109 1
203 108 1
204 108 1
205 107 1
206 107 1
207 107 1
208 107 1
209 107 1
210 107 1
211 106 1
212 106 1
213 106 1
214 106 1
215 106 1
216 106 1
217 106 1
218 106 1
219 106 1
220 106 1
221 106 1
222 106 1
223 106 1
224 106 1
.PEN_UP
.PEN_DOWN
124 214 1
124 213 1
125 212 1
125 211 1
125 210 1
126 209 1
127 208 1
127 207 1
128 206 1
129 205 1
129 204 1
130 203 1
130 202 1
131 201 1
131 200 1
132 199 1
133 198 1
134 197 1
135 196 1
136 195 1
137 194 1
138 193 1
139 192 1
140 191 1
141 190 1
142 189 1
143 188 1
.PEN_UP
.PEN_DOWN
124 215 1
124 217 1
124 218 1
124 219 1
123 220 1
123 221 1
123 222 1
123 223 1
123 224 1
123 225 1
123 226 1
123 227 1
123 228 1
122 229 1
122 230 1
122 231 1
122 232 1
122 233 1
122 234 1
123 235 1
123 236 1
123 237 1
123 238 1
123 239 1
123 240 1
123 241 1
123 242 1
123 243 1
123 244 1
123 245 1
124 246 1
124 247 1
124 248 1
124 249 1
124 250 1
124 251 1
125 252 1
125 253 1
125 254 1
125 255 1
125 256 1
126 257 1
126 258 1
126 259 1
127 260 1
127 261 1
127 262 1
128 263 1
128 264 1
129 265 1
129 266 1
129 267 1
130 268 1
130 269 1
131 270 1
131 271 1
132 272 1
132 273 1
133 274 1
133 275 1
134 276 1
134 277 1
135 278 1
135 279 1
136 280 1
136 281 1
137 282 1
138 283 1
138 284 1
139 285 1
139 286 1
140 287 1
140 288 1
141 289 1
142 290 1
142 291 1
143 292 1
144 293 1
144 294 1
145 295 1
146 296 1
147 297 1
148 298 1
149 299 1
150 300 1
151 301 1
152 301 1
153 302 1
154 303 1
155 303 1
156 304 1
157 305 1
158 305 1
159 306 1
160 306 1
161 307 1
162 307 1
163 308 1
164 308 1
165 309 1
166 309 1
167 309 1
168 310 1
169 310 1
170 311 1
171 311 1
172 311 1
173 312 1
174 312 1
175 312 1
176 313 1
177 313 1
178 313 1
179 314 1
180 314 1
181 314 1
182 314 1
183 315 1
184 315 1
185 315 1
186 315 1
187 315 1
188 315 1
189 315 1
190 315 1
191 315 1
192 315 1
193 315 1
194 315 1
195 315 1
196 315 1
197 314 1
198 314 1
199 314 1
200 314 1
201 314 1
202 314 1
203 314 1
204 314 1
205 313 1
206 313 1
207 313 1
208 313 1
209 312 1
210 312 1
211 311 1
212 311 1
213 310 1
214 310 1
215 310 1
.PEN_UP
.PEN_DOWN
143 28 1
143 29 1
143 30 1
143 31 1
143 32 1
143 33 1
142 34 1
142 35 1
142 36 1
142 37 1
142 38 1
142 39 1
142 40 1
142 41 1
142 42 1
142 43 1
142 44 1
141 45 1
141 46 1
141 47 1
141 48 1
141 49 1
141 50 1
141 51 1
141 52 1
141 53 1
140 54 1
140 55 1
140 56 1
140 57 1
140 58 1
140 59 1
140 60 1
139 61 1
139 62 1
139 63 1
139 64 1
139 65 1
139 66 1
139 67 1
139 68 1
138 69 1
138 70 1
138 71 1
138 72 1
138 73 1
138 74 1
138 75 1
137 76 1
137 77 1
137 78 1
137 79 1
137 80 1
137 81 1
137 82 1
137 83 1
136 84 1
136 85 1
136 86 1
136 87 1
136 88 1
136 89 1
136 90 1
135 91 1
135 92 1
135 93 1
135 94 1
135 95 1
135 96 1
135 97 1
134 98 1
134 99 1
134 100 1
134 101 1
134 102 1
134 103 1
134 104 1
133 105 1
133 106 1
133 107 1
133 108 1
133 109 1
133 110 1
133 111 1
133 112 1
133 113 1
132 114 1
132 115 1
132 116 1
132 117 1
132 118 1
132 119 1
132 120 1
132 121 1
132 122 1
132 123 1
132 124 1
132 125 1
132 126 1
132 127 1
132 128 1
132 129 1
132 130 1
132 131 1
132 132 1
132 133 1
132 134 1
132 135 1
132 136 1
132 137 1
133 138 1
133 139 1
133 140 1
.PEN_UP
