.PEN_DOWN
4 1 1
4 2 1
4 3 1
4 4 1
4 5 1
4 6 1
5 7 1
5 8 1
5 9 1
5 10 1
5 11 1
5 12 1
5 13 1
5 14 1
5 15 1
5 16 1
5 17 1
4 19 1
4 20 1
4 21 1
4 22 1
4 23 1
4 24 1
4 25 1
4 26 1
4 27 1
4 28 1
4 29 1
4 30 1
4 31 1
4 32 1
4 33 1
4 34 1
4 35 1
4 36 1
4 37 1
.PEN_UP
.PEN_DOWN
5 18 1
7 19 1
8 20 1
8 21 1
8 22 1
8 23 1
8 24 1
8 25 1
8 26 1
8 27 1
8 28 1
8 29 1
8 30 1
8 31 1
8 32 1
8 33 1
8 34 1
8 35 1
8 36 1
8 37 1
8 38 1
8 39 1
8 40 1
8 41 1
8 42 1
8 43 1
8 44 1
8 45 1
9 46 1
9 47 1
9 48 1
9 49 1
9 50 1
9 51 1
9 52 1
9 53 1
9 54 1
9 55 1
9 56 1
9 57 1
9 58 1
9 59 1
9 60 1
9 61 1
9 62 1
9 63 1
9 64 1
9 65 1
9 66 1
9 67 1
9 68 1
9 69 1
9 70 1
9 71 1
9 72 1
9 73 1
9 74 1
9 75 1
9 76 1
9 77 1
9 78 1
9 79 1
9 80 1
9 81 1
9 82 1
9 83 1
9 84 1
9 85 1
9 86 1
9 87 1
9 88 1
9 89 1
9 90 1
9 91 1
9 92 1
9 93 1
9 94 1
9 95 1
9 96 1
8 97 1
8 98 1
8 99 1
8 100 1
8 101 1
8 102 1
8 103 1
8 104 1
8 105 1
8 106 1
8 107 1
8 108 1
8 109 1
8 110 1
8 111 1
8 112 1
8 113 1
8 114 1
8 115 1
8 116 1
8 117 1
8 118 1
8 119 1
8 120 1
8 121 1
8 122 1
7 123 1
7 124 1
7 125 1
7 126 1
7 127 1
7 128 1
7 129 1
7 130 1
7 131 1
7 132 1
7 133 1
7 134 1
7 135 1
7 136 1
7 137 1
7 138 1
7 139 1
7 140 1
7 141 1
7 142 1
7 143 1
7 144 1
6 145 1
6 146 1
6 147 1
6 148 1
6 149 1
6 150 1
6 151 1
6 152 1
6 153 1
6 154 1
6 155 1
6 156 1
6 157 1
6 158 1
6 159 1
6 160 1
6 161 1
5 162 1
5 163 1
5 164 1
5 165 1
5 166 1
5 167 1
5 168 1
5 169 1
5 170 1
5 171 1
5 172 1
5 173 1
5 174 1
5 175 1
5 176 1
4 177 1
4 178 1
4 179 1
4 180 1
4 181 1
4 182 1
4 183 1
4 184 1
4 185 1
4 186 1
4 187 1
4 188 1
4 189 1
4 190 1
4 191 1
3 192 1
3 193 1
3 194 1
3 195 1
3 196 1
3 197 1
3 198 1
3 199 1
3 200 1
3 201 1
3 202 1
3 203 1
3 204 1
3 205 1
3 206 1
3 207 1
3 208 1
3 209 1
2 210 1
2 211 1
2 212 1
2 213 1
2 214 1
2 215 1
2 216 1
2 217 1
2 218 1
2 219 1
2 220 1
2 221 1
2 222 1
2 223 1
2 224 1
2 225 1
2 226 1
2 227 1
2 228 1
1 229 1
1 230 1
1 231 1
1 232 1
1 233 1
1 234 1
1 235 1
1 236 1
1 237 1
1 238 1
1 239 1
1 240 1
2 241 1
2 242 1
2 243 1
2 244 1
2 245 1
2 246 1
2 247 1
2 248 1
2 249 1
2 250 1
2 251 1
2 252 1
2 253 1
2 254 1
2 255 1
2 256 1
2 257 1
2 258 1
2 259 1
2 260 1
.PEN_UP
.PEN_DOWN
24 80 1
25 80 1
26 79 1
27 78 1
28 78 1
29 78 1
30 78 1
31 77 1
32 77 1
33 77 1
34 77 1
35 76 1
36 76 1
37 76 1
38 76 1
39 75 1
40 75 1
41 75 1
42 75 1
43 75 1
44 76 1
45 76 1
46 76 1
47 76 1
48 76 1
49 76 1
50 76 1
51 77 1
52 77 1
53 77 1
54 77 1
55 77 1
56 78 1
57 78 1
58 78 1
59 78 1
60 79 1
61 79 1
62 79 1
63 80 1
64 80 1
65 80 1
66 80 1
67 81 1
68 81 1
69 81 1
70 82 1
71 82 1
72 83 1
73 84 1
74 84 1
75 85 1
76 85 1
77 85 1
78 85 1
79 84 1
79 83 1
79 82 1
79 81 1
79 80 1
79 79 1
79 78 1
79 77 1
78 76 1
78 75 1
78 74 1
78 73 1
78 72 1
78 71 1
78 70 1
78 69 1
78 68 1
78 67 1
78 66 1
78 65 1
78 64 1
78 63 1
78 62 1
78 61 1
78 60 1
78 59 1
78 58 1
79 57 1
79 56 1
79 55 1
79 54 1
80 53 1
80 52 1
80 51 1
80 50 1
80 49 1
81 48 1
82 47 1
82 46 1
83 45 1
83 44 1
84 43 1
84 42 1
85 41 1
86 40 1
87 39 1
88 38 1
89 37 1
90 36 1
91 35 1
92 34 1
93 34 1
94 33 1
95 32 1
96 32 1
97 31 1
98 30 1
99 30 1
100 29 1
101 28 1
102 27 1
103 27 1
104 27 1
105 26 1
106 26 1
107 26 1
108 25 1
109 25 1
110 25 1
111 25 1
112 25 1
113 25 1
114 24 1
115 24 1
116 24 1
117 24 1
118 24 1
119 25 1
120 25 1
121 25 1
122 25 1
123 26 1
124 27 1
125 27 1
126 28 1
127 29 1
128 30 1
128 31 1
129 32 1
129 33 1
129 34 1
130 35 1
130 36 1
131 37 1
131 38 1
131 39 1
131 40 1
132 41 1
132 42 1
132 43 1
132 44 1
132 45 1
132 46 1
132 47 1
132 48 1
132 49 1
132 50 1
132 51 1
132 52 1
132 53 1
132 54 1
132 55 1
132 56 1
132 57 1
132 58 1
132 59 1
132 60 1
132 61 1
132 62 1
132 63 1
133 64 1
133 65 1
133 66 1
133 67 1
133 68 1
133 69 1
133 70 1
133 71 1
134 72 1
135 74 1
134 75 1
134 76 1
134 77 1
134 78 1
134 79 1
135 80 1
135 81 1
135 82 1
135 83 1
135 84 1
135 85 1
136 86 1
136 87 1
136 88 1
136 89 1
137 90 1
137 91 1
138 92 1
138 93 1
139 94 1
139 95 1
140 96 1
144 100 1
145 101 1
145 102 1
146 103 1
147 104 1
148 105 1
149 106 1
150 107 1
151 108 1
152 109 1
153 109 1
154 110 1
155 111 1
156 111 1
157 112 1
158 113 1
159 113 1
160 114 1
161 114 1
162 115 1
163 115 1
164 116 1
165 116 1
166 116 1
167 117 1
168 117 1
169 117 1
170 117 1
171 118 1
172 118 1
173 118 1
174 118 1
175 118 1
176 119 1
177 119 1
178 119 1
179 119 1
180 119 1
181 119 1
182 119 1
183 119 1
184 120 1
185 120 1
186 120 1
187 120 1
188 120 1
189 120 1
190 120 1
191 120 1
192 120 1
193 120 1
194 119 1
195 118 1
195 117 1
195 116 1
195 115 1
195 114 1
.PEN_UP
.PEN_DOWN
140 97 1
139 98 1
139 99 1
140 100 1
.PEN_UP
.PEN_DOWN
134 73 1
136 71 1
137 70 1
137 69 1
137 68 1
137 67 1
137 66 1
138 65 1
138 64 1
139 63 1
139 62 1
139 61 1
140 60 1
140 59 1
140 58 1
141 57 1
141 56 1
141 55 1
142 54 1
143 53 1
143 52 1
144 51 1
144 50 1
145 49 1
145 48 1
146 47 1
146 46 1
147 45 1
148 44 1
148 43 1
149 42 1
150 41 1
150 40 1
151 39 1
152 38 1
152 37 1
153 36 1
154 35 1
155 34 1
156 33 1
157 32 1
158 32 1
159 31 1
160 30 1
161 29 1
162 29 1
163 28 1
164 27 1
165 26 1
166 26 1
167 25 1
168 24 1
169 24 1
170 23 1
171 22 1
172 22 1
173 21 1
174 20 1
175 20 1
176 19 1
177 18 1
178 17 1
179 17 1
180 17 1
181 16 1
182 16 1
183 16 1
184 15 1
185 15 1
186 15 1
187 14 1
188 14 1
189 14 1
190 13 1
191 13 1
192 12 1
193 12 1
194 12 1
195 12 1
196 12 1
197 12 1
198 12 1
199 12 1
200 12 1
201 12 1
202 12 1
203 12 1
204 11 1
205 11 1
206 11 1
207 11 1
208 12 1
209 12 1
210 12 1
211 12 1
212 12 1
213 13 1
214 13 1
215 13 1
216 13 1
217 13 1
218 14 1
219 14 1
220 14 1
221 14 1
222 15 1
223 15 1
224 16 1
225 16 1
226 17 1
227 17 1
228 18 1
229 19 1
230 19 1
231 20 1
232 20 1
233 21 1
234 21 1
235 22 1
236 22 1
237 23 1
238 24 1
239 25 1
240 26 1
241 27 1
242 28 1
243 28 1
244 29 1
245 30 1
246 31 1
247 32 1
248 33 1
249 34 1
250 35 1
251 36 1
251 37 1
252 38 1
253 39 1
253 40 1
254 41 1
255 42 1
255 43 1
256 44 1
257 45 1
257 46 1
258 47 1
259 48 1
259 49 1
260 50 1
260 51 1
261 52 1
261 53 1
261 54 1
262 55 1
262 56 1
263 57 1
263 58 1
263 59 1
264 60 1
264 61 1
265 62 1
265 63 1
266 64 1
266 65 1
266 66 1
267 67 1
267 68 1
267 69 1
268 70 1
268 71 1
268 72 1
268 73 1
268 74 1
268 75 1
269 76 1
269 77 1
269 78 1
269 79 1
269 80 1
269 81 1
269 82 1
270 83 1
270 84 1
270 85 1
270 86 1
270 87 1
270 88 1
270 89 1
270 90 1
270 91 1
269 92 1
269 93 1
269 94 1
269 95 1
269 96 1
269 97 1
268 98 1
268 99 1
268 100 1
268 101 1
268 102 1
268 103 1
267 104 1
267 105 1
267 106 1
267 107 1
267 108 1
267 109 1
266 110 1
.PEN_UP
.PEN_DOWN
55 177 1
56 177 1
57 178 1
58 178 1
59 178 1
60 178 1
61 178 1
62 178 1
63 178 1
64 179 1
65 179 1
66 179 1
67 179 1
68 179 1
69 179 1
70 179 1
71 179 1
72 179 1
73 179 1
74 179 1
75 180 1
76 180 1
77 180 1
78 180 1
79 180 1
80 180 1
81 180 1
82 180 1
83 180 1
84 180 1
85 180 1
86 180 1
87 180 1
88 180 1
89 180 1
90 180 1
91 180 1
92 180 1
93 180 1
94 180 1
95 180 1
96 180 1
97 180 1
98 180 1
99 180 1
100 180 1
101 180 1
102 180 1
103 180 1
104 180 1
105 180 1
106 180 1
107 181 1
111 180 1
112 180 1
113 180 1
114 180 1
115 180 1
116 180 1
117 179 1
118 179 1
119 179 1
120 179 1
121 179 1
122 179 1
123 179 1
124 179 1
125 178 1
126 178 1
127 178 1
128 178 1
129 178 1
130 178 1
131 177 1
132 177 1
133 177 1
134 177 1
135 177 1
136 177 1
137 176 1
138 176 1
139 176 1
140 176 1
141 175 1
142 175 1
143 175 1
144 174 1
145 174 1
146 174 1
147 173 1
148 173 1
149 173 1
150 173 1
151 172 1
152 172 1
153 172 1
154 171 1
155 171 1
156 171 1
157 170 1
158 170 1
159 170 1
160 169 1
161 169 1
162 168 1
163 168 1
164 168 1
165 167 1
166 167 1
167 166 1
168 166 1
169 165 1
170 165 1
171 164 1
172 163 1
173 163 1
174 162 1
175 162 1
176 161 1
177 160 1
178 159 1
179 158 1
179 157 1
179 156 1
179 155 1
178 154 1
177 153 1
176 153 1
175 152 1
174 151 1
173 150 1
172 150 1
171 149 1
170 148 1
169 148 1
168 147 1
167 146 1
166 146 1
165 145 1
164 144 1
163 144 1
162 143 1
161 142 1
160 142 1
159 141 1
158 141 1
157 140 1
156 139 1
155 139 1
154 138 1
153 138 1
152 137 1
151 137 1
150 136 1
149 136 1
148 135 1
147 135 1
146 134 1
145 134 1
144 133 1
143 133 1
142 133 1
141 133 1
140 132 1
139 132 1
138 132 1
137 132 1
136 132 1
135 132 1
134 132 1
133 133 1
132 133 1
131 133 1
130 133 1
129 134 1
128 135 1
127 136 1
126 137 1
125 138 1
124 139 1
123 140 1
123 141 1
122 142 1
122 143 1
121 144 1
121 145 1
120 146 1
120 147 1
119 148 1
119 149 1
118 150 1
118 151 1
117 152 1
116 153 1
116 154 1
116 155 1
116 156 1
115 157 1
115 158 1
115 159 1
114 160 1
114 161 1
114 162 1
114 163 1
113 164 1
113 165 1
113 166 1
112 167 1
112 168 1
112 169 1
111 170 1
111 171 1
111 172 1
111 173 1
110 174 1
110 175 1
110 176 1
109 177 1
109 178 1
109 179 1
108 183 1
108 184 1
107 185 1
107 186 1
107 187 1
107 188 1
107 189 1
106 190 1
106 191 1
106 192 1
106 193 1
105 194 1
105 195 1
105 196 1
105 197 1
104 198 1
104 199 1
104 200 1
104 201 1
103 202 1
103 203 1
103 204 1
103 205 1
102 206 1
102 207 1
102 208 1
102 209 1
101 210 1
101 211 1
101 212 1
100 213 1
100 214 1
100 215 1
100 216 1
99 217 1
99 218 1
99 219 1
99 220 1
98 221 1
98 222 1
98 223 1
97 224 1
97 225 1
97 226 1
97 227 1
96 228 1
96 229 1
96 230 1
96 231 1
95 232 1
95 233 1
95 234 1
94 235 1
94 236 1
94 237 1
94 238 1
93 239 1
93 240 1
93 241 1
93 242 1
92 243 1
92 244 1
92 245 1
92 246 1
91 247 1
91 248 1
91 249 1
90 250 1
90 251 1
90 252 1
90 253 1
89 254 1
89 255 1
89 256 1
89 257 1
88 258 1
88 259 1
88 260 1
87 261 1
87 262 1
87 263 1
86 264 1
86 265 1
87 266 1
88 266 1
89 266 1
90 266 1
91 266 1
92 266 1
93 266 1
94 266 1
95 266 1
96 266 1
97 266 1
98 266 1
99 266 1
100 266 1
101 266 1
102 266 1
103 266 1
104 266 1
105 266 1
106 266 1
107 266 1
108 266 1
109 266 1
110 266 1
111 266 1
112 266 1
113 266 1
114 266 1
115 266 1
116 266 1
117 266 1
118 266 1
119 266 1
120 266 1
121 266 1
122 266 1
123 266 1
124 266 1
125 266 1
126 266 1
127 266 1
128 266 1
129 266 1
130 266 1
131 266 1
132 266 1
133 266 1
134 266 1
135 266 1
136 266 1
137 266 1
138 266 1
139 266 1
140 266 1
141 266 1
142 266 1
143 266 1
144 266 1
145 266 1
146 266 1
147 266 1
148 266 1
149 266 1
150 266 1
151 266 1
152 266 1
153 266 1
154 266 1
155 266 1
156 267 1
157 267 1
158 267 1
159 267 1
160 267 1
161 267 1
162 267 1
163 267 1
164 267 1
165 267 1
166 267 1
167 267 1
168 267 1
169 267 1
170 267 1
171 267 1
172 267 1
173 267 1
174 267 1
175 267 1
176 267 1
177 267 1
178 267 1
179 267 1
180 268 1
181 268 1
182 268 1
183 268 1
184 268 1
185 268 1
186 268 1
187 268 1
188 268 1
189 268 1
190 268 1
191 268 1
192 268 1
193 268 1
194 268 1
195 268 1
196 268 1
197 268 1
198 268 1
199 268 1
200 268 1
201 268 1
202 268 1
203 268 1
204 268 1
205 268 1
206 268 1
207 268 1
208 268 1
209 268 1
210 268 1
211 267 1
212 267 1
213 267 1
214 267 1
215 267 1
216 267 1
217 267 1
218 266 1
219 266 1
220 266 1
221 266 1
222 266 1
223 265 1
224 265 1
.PEN_UP
.PEN_DOWN
85 266 1
84 267 1
83 266 1
82 266 1
81 266 1
80 266 1
79 266 1
78 266 1
77 266 1
76 266 1
75 266 1
74 266 1
73 266 1
72 266 1
71 266 1
70 266 1
69 266 1
68 266 1
67 266 1
66 266 1
65 266 1
64 266 1
63 266 1
62 266 1
61 266 1
60 266 1
59 266 1
58 266 1
57 266 1
56 266 1
55 266 1
54 266 1
53 266 1
52 266 1
51 266 1
50 266 1
49 266 1
48 266 1
47 266 1
46 266 1
45 266 1
44 266 1
43 266 1
42 266 1
41 267 1
41 268 1
42 269 1
42 270 1
43 271 1
44 272 1
45 273 1
45 274 1
46 275 1
47 276 1
48 277 1
49 278 1
50 279 1
51 280 1
52 281 1
53 282 1
54 282 1
55 283 1
56 284 1
57 284 1
58 285 1
59 285 1
60 286 1
61 286 1
62 286 1
63 286 1
64 286 1
65 286 1
66 286 1
67 286 1
68 286 1
69 286 1
70 286 1
71 286 1
72 285 1
73 285 1
74 284 1
75 283 1
76 282 1
77 281 1
78 280 1
79 279 1
79 278 1
80 277 1
81 276 1
82 275 1
82 274 1
83 273 1
83 272 1
84 271 1
84 270 1
84 269 1
84 268 1
.PEN_UP
