.PEN_DOWN
27 24 1
27 25 1
27 26 1
27 27 1
28 28 1
28 29 1
28 30 1
28 31 1
28 32 1
28 33 1
28 34 1
28 35 1
28 36 1
28 37 1
28 38 1
28 39 1
28 40 1
27 41 1
27 42 1
27 43 1
27 44 1
27 45 1
27 46 1
27 47 1
27 48 1
27 49 1
27 50 1
27 51 1
26 52 1
26 53 1
26 54 1
26 55 1
26 56 1
26 57 1
26 58 1
26 59 1
26 60 1
26 61 1
26 62 1
25 63 1
25 64 1
25 65 1
25 66 1
25 67 1
25 68 1
25 69 1
25 70 1
25 71 1
25 72 1
25 73 1
24 74 1
24 75 1
24 76 1
24 77 1
24 78 1
24 79 1
24 80 1
24 81 1
24 82 1
24 83 1
24 84 1
23 85 1
23 86 1
23 87 1
23 88 1
23 89 1
23 90 1
23 91 1
23 92 1
23 93 1
23 94 1
23 95 1
22 96 1
22 97 1
22 98 1
22 99 1
22 100 1
22 101 1
22 102 1
22 103 1
22 104 1
21 105 1
21 106 1
21 107 1
21 108 1
21 109 1
21 110 1
21 111 1
21 112 1
21 113 1
20 114 1
20 115 1
20 116 1
20 117 1
20 118 1
20 119 1
20 120 1
20 121 1
20 122 1
20 123 1
19 124 1
19 125 1
19 126 1
19 127 1
19 128 1
19 129 1
19 130 1
19 131 1
19 132 1
18 133 1
18 134 1
18 135 1
18 136 1
18 137 1
18 138 1
18 139 1
18 140 1
18 141 1
17 142 1
17 143 1
17 144 1
17 145 1
17 146 1
17 147 1
17 148 1
17 149 1
17 150 1
17 151 1
16 152 1
16 153 1
16 154 1
16 155 1
16 156 1
16 157 1
16 158 1
16 159 1
16 160 1
15 161 1
15 162 1
15 163 1
15 164 1
15 165 1
15 166 1
15 167 1
15 168 1
15 169 1
15 170 1
14 171 1
14 172 1
14 173 1
14 174 1
14 175 1
14 176 1
14 177 1
14 178 1
13 179 1
13 180 1
13 181 1
13 182 1
13 183 1
13 184 1
13 185 1
13 186 1
12 187 1
12 188 1
12 189 1
12 190 1
12 191 1
12 192 1
12 193 1
12 194 1
11 195 1
11 196 1
11 197 1
11 198 1
11 199 1
11 200 1
11 201 1
11 202 1
10 203 1
10 204 1
10 205 1
10 206 1
10 207 1
10 208 1
10 209 1
10 210 1
10 211 1
10 212 1
10 213 1
9 214 1
9 215 1
9 216 1
9 217 1
9 218 1
9 219 1
9 220 1
9 221 1
9 222 1
9 223 1
9 224 1
9 225 1
8 226 1
8 227 1
8 228 1
8 229 1
8 230 1
8 231 1
8 232 1
7 233 1
7 234 1
7 235 1
7 236 1
7 237 1
6 238 1
6 239 1
6 240 1
6 241 1
6 242 1
5 243 1
5 244 1
5 245 1
5 246 1
5 247 1
5 248 1
5 249 1
4 250 1
4 251 1
4 252 1
4 253 1
4 254 1
3 255 1
2 256 1
1 256 1
.PEN_UP
.PEN_DOWN
149 1 1
148 2 1
148 3 1
148 4 1
147 5 1
147 6 1
147 7 1
147 8 1
146 9 1
146 10 1
146 11 1
146 12 1
145 13 1
145 14 1
145 15 1
144 16 1
144 17 1
144 18 1
144 19 1
144 20 1
143 21 1
143 22 1
143 23 1
143 24 1
142 25 1
142 26 1
142 27 1
142 28 1
142 29 1
141 30 1
141 31 1
141 32 1
141 33 1
141 34 1
141 35 1
140 36 1
140 37 1
140 38 1
140 39 1
140 40 1
140 41 1
139 42 1
139 43 1
139 44 1
139 45 1
139 46 1
139 47 1
139 48 1
138 49 1
138 50 1
138 51 1
138 52 1
138 53 1
137 54 1
137 55 1
137 56 1
137 57 1
136 58 1
136 59 1
136 60 1
136 61 1
136 62 1
135 64 1
135 65 1
134 66 1
133 67 1
133 68 1
133 69 1
133 70 1
132 71 1
132 72 1
132 73 1
131 74 1
130 75 1
129 76 1
129 77 1
129 78 1
128 79 1
128 80 1
127 81 1
127 82 1
127 83 1
127 84 1
127 85 1
126 86 1
126 87 1
126 88 1
126 89 1
126 90 1
125 91 1
125 92 1
125 93 1
125 94 1
125 95 1
125 96 1
125 97 1
125 98 1
125 99 1
125 100 1
124 101 1
124 102 1
124 103 1
124 104 1
124 105 1
124 106 1
124 107 1
124 108 1
123 109 1
123 110 1
123 111 1
123 112 1
123 113 1
123 114 1
122 115 1
122 116 1
122 117 1
122 118 1
122 119 1
122 120 1
122 121 1
122 122 1
122 123 1
121 124 1
121 125 1
121 126 1
121 127 1
121 128 1
121 129 1
122 130 1
122 131 1
122 132 1
122 133 1
123 134 1
125 133 1
126 132 1
126 131 1
126 130 1
126 129 1
126 128 1
126 127 1
126 126 1
127 125 1
127 124 1
127 123 1
127 122 1
127 121 1
127 120 1
127 119 1
128 118 1
128 117 1
128 116 1
128 115 1
128 114 1
128 113 1
128 112 1
129 111 1
129 110 1
129 109 1
129 108 1
129 107 1
129 106 1
129 105 1
130 104 1
130 103 1
130 102 1
130 101 1
130 100 1
130 99 1
130 98 1
130 97 1
131 96 1
131 95 1
131 94 1
131 93 1
131 92 1
131 91 1
131 90 1
131 89 1
131 88 1
132 87 1
132 86 1
132 85 1
132 84 1
132 83 1
132 82 1
132 81 1
132 80 1
133 79 1
133 78 1
133 77 1
133 76 1
132 75 1
.PEN_UP
.PEN_DOWN
124 134 1
123 136 1
123 137 1
123 138 1
123 139 1
123 140 1
123 141 1
123 142 1
123 143 1
123 144 1
123 145 1
123 146 1
123 147 1
123 148 1
123 149 1
123 150 1
123 151 1
123 152 1
124 153 1
124 154 1
124 155 1
125 156 1
126 157 1
126 158 1
126 159 1
127 160 1
127 161 1
127 162 1
127 163 1
128 164 1
128 165 1
129 166 1
130 167 1
130 168 1
131 169 1
131 170 1
132 171 1
132 172 1
133 173 1
133 174 1
134 175 1
134 176 1
135 177 1
136 178 1
137 178 1
138 179 1
139 180 1
140 181 1
141 181 1
142 182 1
143 182 1
.PEN_UP
.PEN_DOWN
123 156 1
122 157 1
122 158 1
122 159 1
122 160 1
122 161 1
122 162 1
122 163 1
122 164 1
121 165 1
121 166 1
121 167 1
121 168 1
121 169 1
121 170 1
121 171 1
121 172 1
120 173 1
120 174 1
120 175 1
120 176 1
120 177 1
119 178 1
119 179 1
119 180 1
118 181 1
118 182 1
118 183 1
118 184 1
117 185 1
117 186 1
117 187 1
116 188 1
116 189 1
116 190 1
115 191 1
115 192 1
115 193 1
115 194 1
114 195 1
114 196 1
114 197 1
113 198 1
.PEN_UP
.PEN_DOWN
136 63 1
138 62 1
139 62 1
140 62 1
141 62 1
142 62 1
143 62 1
144 61 1
145 61 1
146 61 1
147 61 1
148 61 1
149 61 1
150 61 1
151 61 1
152 61 1
153 61 1
154 61 1
155 61 1
156 61 1
157 61 1
158 62 1
159 62 1
160 62 1
161 62 1
162 62 1
163 63 1
164 63 1
165 63 1
166 63 1
167 63 1
168 64 1
169 64 1
170 64 1
171 64 1
172 64 1
173 65 1
174 65 1
175 65 1
176 65 1
177 65 1
178 66 1
179 66 1
180 66 1
181 67 1
182 67 1
183 67 1
184 68 1
185 68 1
186 68 1
187 69 1
188 69 1
189 69 1
190 70 1
191 70 1
192 71 1
193 72 1
194 72 1
195 73 1
196 74 1
197 74 1
198 75 1
199 75 1
200 76 1
201 77 1
202 77 1
203 78 1
204 79 1
205 79 1
206 80 1
207 81 1
208 82 1
209 82 1
210 83 1
211 84 1
212 85 1
213 85 1
214 86 1
215 87 1
216 88 1
217 88 1
218 89 1
219 90 1
220 91 1
221 92 1
222 92 1
223 93 1
224 94 1
225 95 1
226 95 1
227 96 1
228 97 1
229 98 1
230 99 1
231 99 1
232 100 1
233 101 1
234 102 1
235 103 1
236 104 1
237 105 1
238 105 1
239 106 1
240 107 1
241 108 1
242 109 1
243 110 1
244 111 1
245 112 1
246 113 1
247 114 1
248 115 1
249 116 1
249 117 1
250 118 1
251 119 1
252 120 1
253 121 1
254 122 1
255 123 1
256 124 1
256 125 1
257 126 1
258 127 1
259 128 1
260 129 1
261 130 1
261 131 1
262 132 1
263 133 1
264 134 1
264 135 1
265 136 1
266 137 1
266 138 1
267 139 1
268 140 1
268 141 1
269 142 1
269 143 1
270 144 1
271 145 1
271 146 1
272 147 1
272 148 1
273 149 1
273 150 1
274 151 1
274 152 1
275 153 1
275 154 1
276 155 1
276 156 1
277 157 1
278 158 1
278 159 1
279 160 1
279 161 1
279 162 1
.PEN_UP
