.PEN_DOWN
190 38 1
189 37 1
188 36 1
187 35 1
186 35 1
185 35 1
184 35 1
183 36 1
182 37 1
181 38 1
180 39 1
179 40 1
179 41 1
178 42 1
177 43 1
176 44 1
176 45 1
175 46 1
175 47 1
174 48 1
173 49 1
173 50 1
173 51 1
173 52 1
173 53 1
172 54 1
172 55 1
172 56 1
172 57 1
172 58 1
172 59 1
171 60 1
171 61 1
171 62 1
171 63 1
171 64 1
171 65 1
171 66 1
171 67 1
171 68 1
171 69 1
171 70 1
171 71 1
171 72 1
171 73 1
171 74 1
171 75 1
171 76 1
171 77 1
171 78 1
172 79 1
172 80 1
172 81 1
172 82 1
172 83 1
172 84 1
172 85 1
173 86 1
173 87 1
173 88 1
173 89 1
173 90 1
174 91 1
174 92 1
175 93 1
175 94 1
176 95 1
177 96 1
177 97 1
178 98 1
179 98 1
180 99 1
181 99 1
182 99 1
183 99 1
184 99 1
185 99 1
186 99 1
187 99 1
188 99 1
189 99 1
190 99 1
191 99 1
192 99 1
193 98 1
194 98 1
195 98 1
196 97 1
197 97 1
198 97 1
199 96 1
200 96 1
201 96 1
202 95 1
203 95 1
204 94 1
205 94 1
206 93 1
207 93 1
208 92 1
209 91 1
210 91 1
211 90 1
212 89 1
213 89 1
214 88 1
215 87 1
216 86 1
217 85 1
218 84 1
219 83 1
220 82 1
220 81 1
221 80 1
222 79 1
222 78 1
223 77 1
224 76 1
225 75 1
226 74 1
227 73 1
228 72 1
229 72 1
230 72 1
231 71 1
231 70 1
231 69 1
232 68 1
232 67 1
233 66 1
233 65 1
233 64 1
233 63 1
234 62 1
234 61 1
235 60 1
235 59 1
236 58 1
236 57 1
237 56 1
237 55 1
237 54 1
238 53 1
238 52 1
238 51 1
239 50 1
239 49 1
240 48 1
240 47 1
240 46 1
241 45 1
.PEN_UP
.PEN_DOWN
231 73 1
232 74 1
232 75 1
232 76 1
233 77 1
233 78 1
233 79 1
232 80 1
232 81 1
232 82 1
232 83 1
233 84 1
233 85 1
233 86 1
234 87 1
234 88 1
235 89 1
235 90 1
235 91 1
236 92 1
236 93 1
236 94 1
236 95 1
237 96 1
237 97 1
239 99 1
240 100 1
241 101 1
241 102 1
242 103 1
242 104 1
243 105 1
243 106 1
244 107 1
245 108 1
245 109 1
246 110 1
246 111 1
247 112 1
248 113 1
248 114 1
249 115 1
250 116 1
250 117 1
251 118 1
252 119 1
253 120 1
254 121 1
255 122 1
256 123 1
257 124 1
258 124 1
259 125 1
260 126 1
261 126 1
262 127 1
263 127 1
264 128 1
265 128 1
266 128 1
267 129 1
268 129 1
269 129 1
270 129 1
271 129 1
272 129 1
273 129 1
274 129 1
275 129 1
276 129 1
277 129 1
278 129 1
279 129 1
280 129 1
281 128 1
282 128 1
283 128 1
284 127 1
285 127 1
286 126 1
287 126 1
288 125 1
289 124 1
290 124 1
291 123 1
292 123 1
293 122 1
294 121 1
295 120 1
296 119 1
297 118 1
298 117 1
299 116 1
300 115 1
301 114 1
302 113 1
303 112 1
304 111 1
305 110 1
306 109 1
307 108 1
307 107 1
308 106 1
309 105 1
309 104 1
310 103 1
311 102 1
311 101 1
312 100 1
313 99 1
313 98 1
314 97 1
315 96 1
315 95 1
316 94 1
317 93 1
317 92 1
318 91 1
319 90 1
319 89 1
320 88 1
320 87 1
321 86 1
321 85 1
321 84 1
322 83 1
322 82 1
323 81 1
323 80 1
323 79 1
324 78 1
324 77 1
324 76 1
324 75 1
324 74 1
325 73 1
325 72 1
325 71 1
325 70 1
325 69 1
325 68 1
325 67 1
325 66 1
324 65 1
324 64 1
324 63 1
324 62 1
324 61 1
324 60 1
323 59 1
323 58 1
323 57 1
323 56 1
322 55 1
322 54 1
321 53 1
321 52 1
321 51 1
320 50 1
320 49 1
320 48 1
319 47 1
319 46 1
318 45 1
317 44 1
317 43 1
316 42 1
316 41 1
315 40 1
314 39 1
314 38 1
313 37 1
312 36 1
311 35 1
310 34 1
310 33 1
309 32 1
308 31 1
307 30 1
306 29 1
305 28 1
304 27 1
303 27 1
302 26 1
301 25 1
300 25 1
299 24 1
298 24 1
297 23 1
296 22 1
295 21 1
294 20 1
294 19 1
293 18 1
293 17 1
292 16 1
292 15 1
291 14 1
291 13 1
290 12 1
289 11 1
289 10 1
288 9 1
288 8 1
287 7 1
287 6 1
286 5 1
286 4 1
285 3 1
285 2 1
285 1 1
.PEN_UP
.PEN_DOWN
237 98 1
236 99 1
236 100 1
236 101 1
236 102 1
236 103 1
236 104 1
236 105 1
236 106 1
236 107 1
236 108 1
236 109 1
236 110 1
236 111 1
236 112 1
236 113 1
236 114 1
236 115 1
236 116 1
236 117 1
236 118 1
236 119 1
235 120 1
235 121 1
235 122 1
235 123 1
235 124 1
235 125 1
234 126 1
234 127 1
234 128 1
234 129 1
234 130 1
234 131 1
233 132 1
233 133 1
233 134 1
233 135 1
232 136 1
232 137 1
232 138 1
232 139 1
231 140 1
231 141 1
231 142 1
231 143 1
230 144 1
230 145 1
230 146 1
230 147 1
229 148 1
229 149 1
229 150 1
229 151 1
229 152 1
228 153 1
228 154 1
228 155 1
228 156 1
227 157 1
227 158 1
227 159 1
226 160 1
226 161 1
226 162 1
225 163 1
225 164 1
225 165 1
224 166 1
224 167 1
223 168 1
223 169 1
223 170 1
222 171 1
222 172 1
221 173 1
221 174 1
221 175 1
220 176 1
220 177 1
219 178 1
219 179 1
218 180 1
218 181 1
217 182 1
217 183 1
216 184 1
216 185 1
215 186 1
215 187 1
214 188 1
213 189 1
212 190 1
211 191 1
210 192 1
209 193 1
208 194 1
207 195 1
207 196 1
206 198 1
205 198 1
204 198 1
203 198 1
202 198 1
201 199 1
200 199 1
199 199 1
198 199 1
197 200 1
196 202 1
195 203 1
194 203 1
193 204 1
192 204 1
191 204 1
190 205 1
189 205 1
188 205 1
187 205 1
186 205 1
185 206 1
184 206 1
183 206 1
182 206 1
181 206 1
180 206 1
179 207 1
178 207 1
177 207 1
176 207 1
175 207 1
174 207 1
173 207 1
172 207 1
171 207 1
170 206 1
169 206 1
168 206 1
167 206 1
166 207 1
166 208 1
167 209 1
167 210 1
167 211 1
167 212 1
167 213 1
168 214 1
168 215 1
168 216 1
168 217 1
168 218 1
168 219 1
168 220 1
169 221 1
169 222 1
169 223 1
169 224 1
169 225 1
169 226 1
169 227 1
169 228 1
169 229 1
169 230 1
169 231 1
169 232 1
170 233 1
170 234 1
170 235 1
170 236 1
170 237 1
170 238 1
170 239 1
170 240 1
170 241 1
170 242 1
170 243 1
170 244 1
170 245 1
170 246 1
170 247 1
170 248 1
170 249 1
170 250 1
170 251 1
170 252 1
170 253 1
170 254 1
170 255 1
170 256 1
170 257 1
170 258 1
170 259 1
170 260 1
170 261 1
170 262 1
170 263 1
170 264 1
170 265 1
170 266 1
170 267 1
170 268 1
170 269 1
170 270 1
170 271 1
170 272 1
170 273 1
170 274 1
170 275 1
169 276 1
169 277 1
169 278 1
169 279 1
169 280 1
170 281 1
169 282 1
168 283 1
167 284 1
166 285 1
165 286 1
166 287 1
166 288 1
167 289 1
166 290 1
166 291 1
165 292 1
165 293 1
164 294 1
164 295 1
163 296 1
163 297 1
162 298 1
162 299 1
161 300 1
161 301 1
.PEN_UP
.PEN_DOWN
171 281 1
172 281 1
173 281 1
174 281 1
175 281 1
176 281 1
177 281 1
178 280 1
179 280 1
180 280 1
181 280 1
182 280 1
183 279 1
184 279 1
185 279 1
186 279 1
187 278 1
188 278 1
189 278 1
190 277 1
191 277 1
192 277 1
193 277 1
194 277 1
195 277 1
196 276 1
197 276 1
198 276 1
199 276 1
200 276 1
201 276 1
202 276 1
203 275 1
204 275 1
205 275 1
206 275 1
207 275 1
208 275 1
209 274 1
210 274 1
211 274 1
212 274 1
213 274 1
214 274 1
215 273 1
216 273 1
217 273 1
218 273 1
219 273 1
220 273 1
221 273 1
222 273 1
223 273 1
224 272 1
225 272 1
226 272 1
227 272 1
228 272 1
229 272 1
230 272 1
231 271 1
232 271 1
233 271 1
234 271 1
235 271 1
236 271 1
237 270 1
238 270 1
239 270 1
240 270 1
241 270 1
242 270 1
243 270 1
244 270 1
245 270 1
246 269 1
247 269 1
248 269 1
249 269 1
250 269 1
251 269 1
252 269 1
253 269 1
254 268 1
255 268 1
256 268 1
257 268 1
258 268 1
259 268 1
260 268 1
261 268 1
262 267 1
263 267 1
264 267 1
265 267 1
266 267 1
267 267 1
268 267 1
269 267 1
270 266 1
271 266 1
272 266 1
273 266 1
274 266 1
275 266 1
276 266 1
277 265 1
278 265 1
279 265 1
280 265 1
281 265 1
282 265 1
283 265 1
284 265 1
285 265 1
286 265 1
287 265 1
.PEN_UP
.PEN_DOWN
166 205 1
166 204 1
166 203 1
167 202 1
168 202 1
169 202 1
170 201 1
171 201 1
172 200 1
173 200 1
174 200 1
175 200 1
176 200 1
177 200 1
178 199 1
179 199 1
180 199 1
181 199 1
182 199 1
183 199 1
184 199 1
185 199 1
186 199 1
187 199 1
188 199 1
189 199 1
190 199 1
191 199 1
192 199 1
193 199 1
194 199 1
195 199 1
196 200 1
.PEN_UP
.PEN_DOWN
166 201 1
166 200 1
165 199 1
165 198 1
165 197 1
165 196 1
165 195 1
165 194 1
165 193 1
165 192 1
165 191 1
165 190 1
165 189 1
164 188 1
164 187 1
164 186 1
164 185 1
164 184 1
164 183 1
164 182 1
164 181 1
164 180 1
164 179 1
164 178 1
164 177 1
164 176 1
164 175 1
164 174 1
164 173 1
164 172 1
164 171 1
164 170 1
164 169 1
164 168 1
164 167 1
164 166 1
164 165 1
164 164 1
164 163 1
164 162 1
164 161 1
164 160 1
164 159 1
164 158 1
164 157 1
164 156 1
164 155 1
164 154 1
165 153 1
165 152 1
165 151 1
165 150 1
165 149 1
165 148 1
166 147 1
166 146 1
167 145 1
167 144 1
167 143 1
168 142 1
169 141 1
169 140 1
.PEN_UP
.PEN_DOWN
207 197 1
209 197 1
210 197 1
211 197 1
212 197 1
213 197 1
214 197 1
215 197 1
216 197 1
217 197 1
218 197 1
219 197 1
220 197 1
221 196 1
222 196 1
223 196 1
224 196 1
225 196 1
226 196 1
227 196 1
228 196 1
229 196 1
230 196 1
231 196 1
232 196 1
233 195 1
234 195 1
235 195 1
236 195 1
237 195 1
238 195 1
239 195 1
240 195 1
241 195 1
242 195 1
243 195 1
244 195 1
245 195 1
246 195 1
247 195 1
248 195 1
249 195 1
250 195 1
251 195 1
252 195 1
253 195 1
254 195 1
255 194 1
256 194 1
257 194 1
258 194 1
259 194 1
260 194 1
261 194 1
262 194 1
263 194 1
264 194 1
265 193 1
266 193 1
267 193 1
268 193 1
269 193 1
270 193 1
271 193 1
272 193 1
273 193 1
274 193 1
275 192 1
276 192 1
277 192 1
278 192 1
279 192 1
280 192 1
281 192 1
282 192 1
283 191 1
284 191 1
285 191 1
286 191 1
287 191 1
288 191 1
289 191 1
290 191 1
291 190 1
292 190 1
293 190 1
294 190 1
295 190 1
296 190 1
297 190 1
298 190 1
299 190 1
300 190 1
301 191 1
302 191 1
303 191 1
304 191 1
305 192 1
306 192 1
307 193 1
308 193 1
309 194 1
310 195 1
311 196 1
.PEN_UP
.PEN_DOWN
1 201 1
1 202 1
1 203 1
2 204 1
3 205 1
3 206 1
4 207 1
4 208 1
4 209 1
5 210 1
4 211 1
4 212 1
5 213 1
6 215 1
7 216 1
7 217 1
7 218 1
.PEN_UP
.PEN_DOWN
6 213 1
9 213 1
10 214 1
11 215 1
12 216 1
13 217 1
14 218 1
15 218 1
16 219 1
17 220 1
18 220 1
19 221 1
20 222 1
21 222 1
22 223 1
23 223 1
24 224 1
25 224 1
26 225 1
27 225 1
28 226 1
29 226 1
30 227 1
31 227 1
32 228 1
33 228 1
34 229 1
35 229 1
36 229 1
37 230 1
38 230 1
39 231 1
40 231 1
41 231 1
42 232 1
43 232 1
44 233 1
45 233 1
46 233 1
47 234 1
48 234 1
49 234 1
50 235 1
51 235 1
52 236 1
53 236 1
54 236 1
55 237 1
56 237 1
57 238 1
58 238 1
59 238 1
60 239 1
61 239 1
62 240 1
63 240 1
64 241 1
65 241 1
66 241 1
67 242 1
68 242 1
69 243 1
70 243 1
71 244 1
72 244 1
73 245 1
74 245 1
75 245 1
76 246 1
77 246 1
78 247 1
79 247 1
80 247 1
81 248 1
82 248 1
83 249 1
84 249 1
85 249 1
86 250 1
87 250 1
88 250 1
89 251 1
90 251 1
91 252 1
92 252 1
93 252 1
94 253 1
95 253 1
96 254 1
97 254 1
98 255 1
99 255 1
100 256 1
101 256 1
102 257 1
103 257 1
104 258 1
105 258 1
106 259 1
107 259 1
108 260 1
109 260 1
110 261 1
111 261 1
112 262 1
113 262 1
114 263 1
115 263 1
116 264 1
117 264 1
118 264 1
119 265 1
120 265 1
121 266 1
122 266 1
123 267 1
124 267 1
125 268 1
126 268 1
127 269 1
128 269 1
129 270 1
130 270 1
131 271 1
132 272 1
133 272 1
134 273 1
135 273 1
136 274 1
137 274 1
138 275 1
139 275 1
140 276 1
141 276 1
142 277 1
143 277 1
144 277 1
145 278 1
146 278 1
147 279 1
148 279 1
.PEN_UP
