.PEN_DOWN
8 75 1
8 76 1
8 77 1
8 78 1
8 79 1
8 80 1
8 81 1
7 82 1
7 83 1
7 84 1
6 85 1
6 86 1
6 87 1
5 88 1
5 89 1
5 90 1
5 91 1
5 92 1
5 93 1
5 94 1
5 95 1
5 96 1
5 97 1
5 98 1
5 99 1
4 100 1
4 101 1
4 102 1
4 103 1
4 104 1
4 105 1
4 106 1
4 107 1
4 108 1
4 109 1
4 110 1
4 111 1
4 112 1
4 113 1
4 114 1
4 115 1
4 116 1
4 117 1
4 118 1
4 119 1
4 120 1
3 121 1
3 122 1
3 123 1
3 124 1
3 125 1
3 126 1
3 127 1
3 128 1
3 129 1
3 130 1
3 131 1
3 132 1
3 133 1
3 134 1
3 135 1
3 136 1
3 137 1
3 138 1
3 139 1
3 140 1
3 141 1
3 142 1
3 143 1
3 144 1
3 145 1
3 146 1
3 147 1
3 148 1
3 149 1
3 150 1
3 151 1
3 152 1
3 153 1
3 154 1
3 155 1
3 156 1
3 157 1
3 158 1
3 159 1
3 160 1
3 161 1
3 162 1
3 163 1
3 164 1
3 165 1
3 166 1
3 167 1
3 168 1
3 169 1
3 170 1
3 171 1
3 172 1
3 173 1
3 174 1
3 175 1
2 176 1
2 177 1
2 178 1
2 179 1
2 180 1
2 181 1
2 182 1
2 183 1
2 184 1
2 185 1
2 186 1
2 187 1
2 188 1
2 189 1
2 190 1
2 191 1
2 192 1
2 193 1
2 194 1
2 195 1
2 196 1
2 197 1
2 198 1
2 199 1
2 200 1
2 201 1
2 202 1
2 203 1
2 204 1
2 205 1
2 206 1
2 207 1
2 208 1
2 209 1
2 210 1
2 211 1
2 212 1
2 213 1
2 214 1
2 215 1
2 216 1
2 217 1
2 218 1
2 219 1
2 220 1
2 221 1
2 222 1
2 223 1
2 224 1
2 225 1
2 226 1
2 227 1
2 228 1
2 229 1
2 230 1
2 231 1
2 232 1
2 233 1
2 234 1
2 235 1
2 236 1
2 237 1
2 238 1
2 239 1
2 240 1
2 241 1
2 242 1
2 243 1
2 244 1
2 245 1
2 246 1
2 247 1
2 248 1
2 249 1
2 250 1
2 251 1
2 252 1
2 253 1
2 254 1
2 255 1
2 256 1
2 257 1
2 258 1
2 259 1
2 260 1
2 261 1
2 262 1
2 263 1
2 264 1
2 265 1
2 266 1
2 267 1
1 268 1
1 269 1
1 270 1
1 271 1
.PEN_UP
.PEN_DOWN
82 1 1
83 2 1
83 3 1
83 4 1
84 5 1
84 6 1
84 7 1
85 8 1
85 9 1
85 10 1
86 11 1
86 12 1
87 13 1
87 14 1
87 15 1
86 16 1
86 17 1
85 18 1
85 19 1
85 20 1
84 21 1
84 22 1
83 23 1
83 24 1
83 25 1
83 26 1
83 27 1
83 28 1
82 29 1
82 30 1
82 31 1
82 32 1
82 33 1
82 34 1
82 35 1
82 36 1
81 37 1
81 38 1
81 39 1
81 40 1
81 41 1
81 42 1
81 43 1
80 44 1
80 45 1
80 46 1
81 47 1
81 48 1
81 49 1
81 50 1
81 51 1
81 52 1
81 53 1
81 54 1
81 55 1
80 56 1
80 57 1
80 58 1
80 59 1
80 60 1
80 61 1
80 62 1
80 63 1
79 64 1
79 65 1
79 66 1
79 67 1
79 68 1
79 69 1
79 70 1
78 71 1
78 72 1
78 73 1
78 74 1
78 75 1
78 76 1
78 77 1
77 78 1
77 79 1
77 80 1
77 81 1
77 82 1
77 83 1
76 84 1
76 85 1
76 86 1
75 87 1
75 88 1
76 89 1
75 91 1
74 92 1
74 93 1
74 94 1
74 95 1
74 96 1
74 97 1
74 98 1
73 99 1
73 100 1
73 101 1
73 102 1
73 103 1
73 104 1
74 105 1
75 106 1
75 107 1
76 108 1
77 109 1
77 110 1
78 111 1
79 112 1
80 113 1
81 114 1
82 115 1
83 116 1
84 117 1
85 118 1
85 119 1
85 120 1
86 121 1
86 122 1
87 123 1
87 124 1
88 125 1
89 126 1
89 127 1
90 128 1
91 129 1
92 130 1
92 131 1
93 132 1
94 133 1
95 133 1
96 134 1
97 134 1
98 134 1
99 135 1
100 135 1
101 136 1
102 136 1
103 137 1
104 137 1
105 138 1
106 138 1
107 139 1
108 139 1
109 139 1
110 140 1
111 140 1
112 141 1
113 141 1
114 141 1
115 142 1
116 142 1
117 143 1
118 144 1
119 144 1
120 145 1
121 145 1
122 146 1
123 146 1
124 147 1
125 147 1
126 147 1
127 148 1
128 148 1
129 148 1
130 148 1
131 148 1
132 148 1
133 148 1
134 148 1
135 148 1
136 148 1
137 148 1
138 148 1
139 148 1
140 148 1
141 148 1
142 148 1
143 148 1
144 149 1
145 149 1
146 149 1
147 149 1
148 149 1
149 149 1
150 150 1
151 150 1
152 150 1
153 150 1
154 150 1
155 151 1
156 151 1
157 151 1
158 152 1
159 153 1
160 153 1
161 153 1
162 153 1
163 153 1
164 153 1
165 153 1
166 153 1
167 153 1
168 153 1
169 154 1
170 154 1
171 155 1
172 156 1
173 156 1
174 157 1
175 157 1
176 157 1
177 157 1
178 157 1
179 158 1
180 158 1
181 158 1
182 158 1
183 158 1
184 158 1
185 159 1
186 159 1
187 159 1
188 159 1
189 159 1
190 159 1
191 159 1
192 159 1
193 159 1
194 159 1
195 159 1
196 159 1
197 159 1
198 159 1
199 159 1
200 159 1
201 159 1
202 159 1
203 159 1
204 159 1
205 159 1
206 159 1
207 159 1
208 159 1
209 159 1
.PEN_UP
.PEN_DOWN
171 157 1
170 157 1
169 157 1
168 157 1
167 157 1
166 157 1
165 158 1
164 158 1
163 158 1
162 158 1
161 158 1
160 158 1
159 158 1
158 158 1
157 158 1
156 158 1
155 158 1
154 158 1
153 158 1
152 158 1
151 158 1
150 158 1
149 158 1
148 158 1
147 158 1
146 158 1
145 158 1
144 158 1
143 158 1
142 158 1
141 158 1
140 158 1
139 158 1
138 158 1
137 158 1
136 158 1
135 158 1
134 158 1
133 158 1
132 158 1
131 158 1
130 158 1
129 158 1
128 158 1
127 159 1
126 159 1
125 159 1
124 159 1
123 159 1
122 159 1
121 159 1
120 159 1
119 159 1
118 159 1
117 159 1
116 159 1
115 159 1
114 159 1
113 159 1
112 159 1
111 159 1
110 159 1
109 159 1
108 159 1
107 159 1
106 159 1
105 159 1
104 159 1
103 159 1
102 159 1
101 159 1
100 159 1
99 159 1
98 159 1
97 159 1
96 159 1
95 159 1
94 159 1
93 159 1
92 159 1
91 159 1
90 159 1
89 159 1
88 159 1
87 159 1
86 159 1
85 159 1
84 159 1
83 159 1
82 159 1
81 159 1
80 159 1
79 159 1
78 159 1
77 159 1
76 159 1
75 159 1
74 159 1
73 159 1
72 159 1
71 159 1
70 160 1
69 160 1
68 160 1
67 160 1
66 160 1
65 160 1
64 160 1
63 160 1
62 160 1
61 160 1
60 160 1
59 160 1
58 160 1
57 160 1
56 160 1
55 160 1
54 160 1
53 160 1
52 160 1
51 160 1
50 160 1
49 160 1
48 160 1
47 160 1
46 161 1
45 161 1
44 161 1
43 161 1
42 161 1
41 162 1
40 162 1
39 162 1
38 162 1
37 162 1
36 162 1
35 162 1
34 162 1
33 162 1
32 162 1
31 162 1
30 162 1
29 163 1
28 163 1
27 163 1
26 163 1
25 163 1
.PEN_UP
.PEN_DOWN
77 89 1
78 88 1
79 87 1
80 86 1
80 85 1
81 84 1
82 83 1
83 83 1
84 82 1
85 81 1
86 81 1
87 80 1
88 79 1
89 78 1
90 77 1
91 76 1
92 75 1
93 74 1
94 74 1
95 73 1
96 73 1
97 72 1
98 72 1
99 71 1
100 71 1
101 70 1
102 69 1
103 69 1
104 68 1
105 68 1
106 67 1
107 66 1
108 66 1
109 65 1
110 64 1
111 64 1
112 64 1
113 64 1
114 64 1
115 64 1
116 63 1
117 63 1
118 63 1
119 62 1
120 62 1
121 61 1
122 61 1
123 61 1
124 61 1
125 61 1
126 60 1
127 60 1
128 60 1
129 60 1
130 60 1
131 59 1
132 59 1
133 59 1
134 59 1
135 59 1
136 59 1
137 59 1
138 59 1
139 59 1
140 58 1
141 58 1
142 58 1
143 58 1
144 58 1
145 58 1
146 57 1
147 57 1
148 57 1
149 57 1
150 56 1
151 56 1
152 56 1
153 56 1
154 55 1
155 55 1
156 55 1
157 54 1
158 54 1
159 53 1
160 53 1
161 52 1
162 52 1
163 51 1
164 50 1
165 50 1
166 50 1
167 50 1
168 49 1
169 49 1
170 49 1
171 48 1
172 48 1
173 48 1
174 48 1
175 48 1
176 48 1
177 47 1
178 47 1
179 47 1
180 47 1
181 47 1
182 47 1
183 47 1
184 48 1
185 48 1
186 48 1
187 49 1
188 49 1
189 49 1
190 49 1
191 49 1
192 49 1
193 49 1
194 49 1
195 49 1
196 48 1
197 48 1
198 48 1
199 48 1
200 48 1
201 48 1
202 48 1
203 48 1
204 48 1
205 48 1
206 48 1
207 48 1
208 48 1
209 48 1
210 48 1
211 49 1
212 49 1
213 49 1
214 49 1
215 49 1
216 50 1
217 50 1
218 50 1
219 50 1
220 50 1
221 51 1
222 51 1
223 51 1
224 51 1
225 51 1
226 51 1
227 52 1
228 52 1
229 53 1
228 54 1
227 55 1
226 56 1
225 57 1
224 58 1
223 59 1
222 60 1
221 61 1
.PEN_UP
.PEN_DOWN
99 167 1
98 168 1
97 168 1
96 169 1
96 170 1
95 171 1
95 172 1
94 173 1
93 174 1
92 175 1
91 176 1
91 177 1
90 178 1
90 179 1
89 180 1
88 181 1
88 182 1
88 183 1
87 184 1
87 185 1
86 186 1
86 187 1
86 188 1
86 189 1
85 190 1
85 191 1
85 192 1
84 193 1
84 194 1
84 195 1
84 196 1
83 197 1
83 198 1
83 199 1
82 200 1
82 201 1
82 202 1
81 203 1
81 204 1
80 205 1
79 206 1
79 207 1
79 208 1
79 209 1
79 210 1
79 211 1
78 212 1
78 213 1
78 214 1
78 215 1
77 216 1
77 217 1
77 218 1
76 219 1
76 220 1
76 221 1
76 222 1
76 223 1
76 224 1
76 225 1
76 226 1
76 227 1
76 228 1
76 229 1
76 230 1
75 231 1
75 232 1
75 233 1
74 234 1
74 235 1
74 236 1
74 237 1
74 238 1
74 239 1
73 240 1
73 241 1
73 242 1
73 243 1
73 244 1
73 245 1
73 246 1
73 247 1
72 248 1
72 249 1
72 250 1
72 251 1
72 252 1
73 253 1
73 254 1
73 255 1
73 256 1
73 257 1
73 258 1
73 259 1
73 260 1
74 261 1
74 262 1
74 263 1
74 264 1
74 265 1
74 266 1
75 267 1
75 268 1
75 269 1
75 270 1
76 271 1
76 272 1
76 273 1
76 274 1
76 275 1
76 276 1
76 277 1
76 278 1
77 279 1
78 279 1
79 280 1
80 281 1
81 282 1
81 283 1
82 284 1
83 285 1
83 286 1
83 287 1
84 288 1
85 289 1
86 290 1
87 291 1
88 291 1
89 291 1
90 291 1
91 291 1
92 291 1
93 292 1
94 292 1
95 292 1
96 292 1
97 292 1
98 292 1
99 292 1
100 292 1
101 293 1
102 293 1
103 293 1
104 294 1
105 294 1
106 294 1
107 294 1
108 294 1
109 294 1
110 294 1
111 294 1
112 294 1
113 294 1
114 294 1
115 294 1
116 294 1
117 293 1
118 294 1
119 294 1
120 294 1
121 294 1
122 294 1
123 294 1
124 294 1
125 294 1
126 294 1
127 293 1
128 293 1
129 293 1
130 293 1
131 293 1
132 294 1
133 294 1
134 294 1
135 294 1
136 294 1
137 294 1
138 294 1
139 294 1
140 294 1
141 294 1
142 293 1
143 293 1
144 292 1
145 292 1
146 291 1
147 290 1
148 289 1
149 289 1
150 289 1
151 289 1
152 288 1
153 287 1
154 286 1
155 285 1
156 285 1
157 284 1
158 283 1
159 282 1
160 281 1
161 280 1
162 279 1
163 279 1
164 278 1
165 277 1
166 276 1
166 275 1
167 274 1
167 273 1
168 272 1
169 271 1
170 270 1
170 269 1
171 268 1
171 267 1
171 266 1
171 265 1
172 264 1
171 263 1
171 262 1
170 261 1
169 261 1
168 261 1
167 261 1
166 262 1
165 262 1
164 262 1
163 263 1
162 263 1
161 263 1
.PEN_UP
