.PEN_DOWN
126 1 1
126 2 1
126 3 1
126 4 1
126 5 1
126 6 1
126 7 1
126 8 1
126 9 1
126 10 1
126 11 1
126 12 1
126 13 1
126 14 1
125 15 1
125 16 1
125 17 1
125 18 1
125 19 1
125 20 1
125 21 1
125 22 1
125 23 1
125 24 1
125 25 1
125 26 1
124 27 1
124 28 1
124 29 1
124 30 1
124 31 1
124 32 1
124 33 1
124 34 1
124 35 1
124 36 1
124 37 1
123 38 1
123 39 1
123 40 1
123 41 1
123 42 1
123 43 1
123 44 1
123 45 1
123 46 1
123 47 1
123 48 1
123 49 1
123 50 1
123 51 1
123 52 1
123 53 1
122 54 1
122 55 1
122 56 1
122 57 1
122 58 1
122 59 1
122 60 1
122 61 1
122 62 1
122 63 1
122 64 1
122 65 1
122 66 1
122 67 1
122 68 1
122 69 1
122 70 1
121 71 1
121 72 1
121 73 1
121 74 1
121 75 1
121 76 1
121 77 1
121 78 1
121 79 1
121 80 1
121 81 1
120 82 1
120 83 1
120 84 1
120 85 1
120 86 1
120 87 1
120 88 1
120 89 1
120 90 1
120 91 1
119 92 1
119 93 1
119 94 1
119 95 1
119 96 1
119 97 1
119 98 1
119 99 1
119 100 1
118 101 1
118 102 1
118 103 1
118 104 1
118 105 1
118 106 1
118 107 1
118 108 1
118 109 1
118 110 1
117 111 1
117 112 1
117 113 1
117 114 1
117 115 1
117 116 1
117 117 1
117 118 1
117 119 1
117 120 1
117 121 1
116 122 1
115 123 1
114 122 1
113 121 1
112 120 1
111 119 1
110 118 1
110 117 1
109 116 1
108 115 1
107 114 1
107 113 1
106 112 1
105 111 1
104 110 1
103 109 1
102 108 1
102 107 1
101 106 1
100 105 1
99 104 1
98 103 1
98 102 1
97 101 1
96 100 1
95 99 1
95 98 1
94 97 1
93 96 1
92 95 1
92 94 1
91 93 1
90 92 1
89 91 1
89 90 1
88 89 1
87 88 1
86 87 1
86 86 1
85 85 1
84 84 1
84 83 1
83 82 1
82 81 1
82 80 1
81 79 1
80 78 1
79 77 1
79 76 1
78 75 1
77 74 1
77 73 1
76 72 1
75 71 1
74 70 1
73 69 1
73 68 1
72 67 1
71 66 1
70 65 1
69 64 1
68 63 1
67 62 1
67 61 1
66 60 1
65 59 1
64 58 1
63 57 1
62 56 1
61 55 1
60 54 1
59 53 1
58 52 1
57 51 1
56 51 1
55 50 1
54 49 1
53 48 1
52 47 1
51 46 1
50 46 1
49 46 1
48 45 1
47 45 1
46 44 1
45 44 1
44 44 1
43 43 1
42 43 1
41 43 1
40 43 1
39 43 1
38 43 1
37 43 1
36 43 1
35 43 1
34 44 1
33 44 1
32 44 1
31 44 1
30 44 1
29 44 1
28 45 1
27 46 1
26 46 1
25 47 1
24 48 1
23 48 1
22 49 1
21 50 1
20 50 1
19 51 1
18 52 1
17 53 1
17 54 1
16 55 1
15 56 1
15 57 1
14 58 1
13 59 1
13 60 1
12 61 1
11 62 1
11 63 1
10 64 1
9 65 1
9 66 1
9 67 1
9 68 1
8 69 1
8 70 1
8 71 1
7 72 1
7 73 1
7 74 1
6 75 1
6 76 1
6 77 1
6 78 1
5 79 1
5 80 1
5 81 1
4 82 1
4 83 1
4 84 1
4 85 1
4 86 1
4 87 1
3 88 1
3 89 1
3 90 1
3 91 1
3 92 1
3 93 1
2 94 1
2 95 1
2 96 1
2 97 1
2 98 1
2 99 1
2 100 1
1 101 1
1 102 1
1 103 1
1 104 1
1 105 1
1 106 1
1 107 1
2 108 1
2 109 1
2 110 1
2 111 1
2 112 1
2 113 1
2 114 1
2 115 1
2 116 1
2 117 1
2 118 1
2 119 1
2 120 1
2 121 1
2 122 1
2 123 1
2 124 1
2 125 1
3 126 1
3 127 1
3 128 1
3 129 1
3 130 1
3 131 1
3 132 1
4 133 1
4 134 1
4 135 1
4 136 1
4 137 1
4 138 1
4 139 1
4 140 1
5 141 1
5 142 1
5 143 1
5 144 1
5 145 1
5 146 1
6 147 1
6 148 1
6 149 1
7 150 1
7 151 1
8 152 1
8 153 1
8 154 1
9 155 1
9 156 1
9 157 1
10 158 1
10 159 1
11 160 1
11 161 1
11 162 1
12 163 1
13 164 1
14 165 1
14 166 1
15 167 1
16 168 1
17 169 1
17 170 1
18 171 1
19 171 1
20 172 1
21 173 1
22 173 1
23 174 1
24 174 1
25 174 1
26 174 1
27 174 1
28 174 1
.PEN_UP
.PEN_DOWN
115 124 1
115 125 1
116 126 1
116 127 1
116 128 1
116 129 1
116 130 1
116 131 1
116 132 1
116 133 1
116 134 1
115 135 1
115 136 1
115 137 1
115 138 1
115 139 1
115 140 1
115 141 1
115 142 1
115 143 1
115 144 1
115 145 1
115 146 1
115 147 1
114 148 1
114 149 1
114 150 1
114 151 1
114 152 1
114 153 1
114 154 1
114 155 1
114 156 1
114 157 1
114 158 1
114 159 1
114 160 1
114 161 1
114 162 1
114 163 1
114 164 1
114 165 1
114 166 1
114 167 1
114 168 1
114 169 1
114 170 1
114 171 1
114 172 1
114 173 1
114 174 1
114 175 1
114 176 1
114 177 1
114 178 1
114 179 1
114 180 1
114 181 1
114 182 1
114 183 1
114 184 1
114 185 1
114 186 1
114 187 1
114 188 1
114 189 1
114 190 1
114 191 1
114 192 1
113 193 1
113 194 1
113 195 1
113 196 1
113 197 1
113 198 1
113 199 1
113 200 1
113 201 1
113 202 1
113 203 1
113 204 1
113 205 1
113 206 1
113 207 1
113 208 1
.PEN_UP
.PEN_DOWN
128 111 1
129 112 1
130 113 1
131 113 1
132 114 1
133 114 1
134 115 1
135 115 1
136 116 1
137 117 1
138 117 1
139 118 1
140 118 1
141 119 1
142 120 1
143 120 1
144 121 1
145 121 1
146 122 1
147 122 1
148 123 1
149 123 1
150 124 1
151 125 1
152 125 1
153 126 1
154 126 1
155 127 1
156 127 1
157 128 1
158 128 1
159 129 1
160 130 1
161 130 1
162 131 1
163 132 1
164 132 1
165 133 1
166 133 1
167 134 1
168 135 1
169 135 1
170 136 1
171 136 1
172 137 1
173 137 1
174 138 1
175 138 1
176 139 1
177 139 1
178 140 1
179 140 1
180 141 1
181 141 1
182 142 1
183 142 1
184 142 1
185 143 1
186 143 1
187 144 1
188 144 1
189 144 1
190 145 1
191 145 1
192 146 1
193 146 1
194 146 1
195 146 1
196 147 1
197 147 1
198 147 1
199 147 1
200 147 1
201 147 1
202 147 1
203 146 1
204 145 1
204 144 1
204 143 1
205 142 1
205 141 1
205 140 1
205 139 1
205 138 1
205 137 1
205 136 1
205 135 1
205 134 1
205 133 1
204 132 1
204 131 1
204 130 1
204 129 1
204 128 1
204 127 1
203 126 1
203 125 1
203 124 1
203 123 1
203 122 1
202 121 1
202 120 1
202 119 1
202 118 1
202 117 1
202 116 1
202 115 1
201 114 1
201 113 1
201 112 1
201 111 1
201 110 1
201 109 1
200 108 1
200 107 1
200 106 1
200 105 1
200 104 1
200 103 1
200 102 1
199 101 1
199 100 1
199 99 1
199 98 1
199 97 1
199 96 1
199 95 1
198 94 1
198 93 1
198 92 1
198 91 1
198 90 1
198 89 1
199 88 1
199 87 1
199 86 1
199 85 1
199 84 1
199 83 1
199 82 1
199 81 1
199 80 1
199 79 1
199 78 1
199 77 1
199 76 1
199 75 1
199 74 1
200 73 1
200 72 1
200 71 1
200 70 1
200 69 1
200 68 1
200 67 1
201 66 1
201 65 1
201 64 1
201 63 1
201 62 1
201 61 1
202 60 1
202 59 1
202 58 1
202 57 1
202 56 1
202 55 1
203 54 1
203 53 1
204 52 1
204 51 1
204 50 1
205 49 1
205 48 1
206 47 1
206 46 1
206 45 1
207 44 1
207 43 1
208 42 1
208 41 1
208 40 1
209 39 1
210 38 1
211 37 1
211 36 1
212 35 1
213 34 1
213 33 1
214 32 1
215 31 1
216 30 1
217 29 1
218 29 1
219 28 1
220 27 1
221 27 1
222 26 1
223 25 1
224 26 1
225 26 1
226 26 1
227 26 1
228 26 1
229 26 1
230 27 1
231 28 1
232 29 1
233 30 1
234 31 1
235 32 1
236 33 1
237 34 1
238 35 1
238 36 1
239 37 1
239 38 1
240 39 1
240 40 1
240 41 1
241 42 1
241 43 1
242 44 1
242 45 1
242 46 1
243 47 1
243 48 1
243 49 1
243 50 1
243 51 1
244 52 1
244 53 1
244 54 1
244 55 1
244 56 1
245 57 1
245 58 1
245 59 1
245 60 1
245 61 1
246 62 1
246 63 1
246 64 1
246 65 1
246 66 1
246 67 1
246 68 1
246 69 1
247 70 1
247 71 1
247 72 1
247 73 1
247 74 1
247 75 1
247 76 1
247 77 1
247 78 1
247 79 1
247 80 1
247 81 1
247 82 1
247 83 1
247 84 1
247 85 1
247 86 1
247 87 1
247 88 1
247 89 1
247 90 1
247 91 1
247 92 1
247 93 1
247 94 1
247 95 1
247 96 1
247 97 1
247 98 1
247 99 1
247 100 1
247 101 1
247 102 1
247 103 1
247 104 1
247 105 1
247 106 1
247 107 1
247 108 1
247 109 1
247 110 1
247 111 1
247 112 1
247 113 1
247 114 1
247 115 1
247 116 1
247 117 1
247 118 1
247 119 1
247 120 1
247 121 1
247 122 1
247 123 1
247 124 1
247 125 1
247 126 1
248 127 1
249 128 1
250 128 1
251 129 1
252 130 1
253 131 1
254 132 1
255 133 1
256 134 1
257 135 1
258 136 1
259 137 1
260 138 1
261 139 1
262 140 1
263 140 1
264 141 1
265 142 1
266 142 1
267 143 1
268 144 1
269 145 1
270 145 1
271 146 1
272 146 1
273 147 1
274 147 1
275 148 1
276 148 1
277 149 1
278 149 1
279 150 1
280 150 1
281 151 1
282 151 1
283 151 1
284 152 1
285 152 1
286 152 1
287 153 1
288 153 1
289 153 1
290 153 1
291 153 1
292 153 1
293 153 1
294 153 1
295 153 1
296 153 1
297 153 1
298 152 1
299 152 1
300 152 1
301 151 1
302 150 1
303 150 1
304 149 1
305 148 1
306 148 1
307 147 1
308 146 1
309 145 1
310 144 1
311 143 1
311 142 1
312 141 1
313 140 1
313 139 1
314 138 1
314 137 1
315 136 1
316 135 1
316 134 1
317 133 1
317 132 1
318 131 1
318 130 1
319 129 1
319 128 1
319 127 1
320 126 1
320 125 1
321 124 1
321 123 1
321 122 1
322 121 1
322 120 1
322 119 1
323 118 1
323 117 1
323 116 1
324 115 1
324 114 1
324 113 1
325 112 1
325 111 1
325 110 1
326 109 1
326 108 1
326 107 1
327 106 1
327 105 1
327 104 1
327 103 1
327 102 1
327 101 1
328 100 1
328 99 1
328 98 1
328 97 1
328 96 1
329 95 1
329 94 1
329 93 1
329 92 1
329 91 1
330 90 1
332 91 1
333 92 1
334 93 1
335 94 1
335 95 1
336 96 1
337 97 1
338 98 1
339 99 1
340 100 1
341 101 1
342 102 1
343 103 1
344 104 1
345 105 1
346 106 1
347 107 1
348 108 1
349 109 1
350 110 1
351 111 1
352 112 1
353 113 1
353 114 1
354 115 1
355 116 1
356 117 1
357 118 1
358 119 1
359 120 1
359 121 1
360 122 1
361 123 1
362 124 1
363 125 1
363 126 1
364 127 1
365 128 1
365 129 1
366 130 1
366 131 1
367 132 1
368 133 1
368 134 1
369 135 1
369 136 1
370 137 1
370 138 1
370 139 1
371 140 1
371 141 1
371 142 1
371 143 1
371 144 1
372 145 1
372 146 1
372 147 1
372 148 1
372 149 1
372 150 1
372 151 1
372 152 1
371 153 1
371 154 1
371 155 1
371 156 1
371 157 1
371 158 1
370 159 1
370 160 1
369 161 1
369 162 1
368 163 1
367 164 1
367 165 1
366 166 1
365 167 1
364 168 1
363 169 1
362 170 1
361 171 1
360 172 1
359 173 1
358 174 1
357 175 1
.PEN_UP
.PEN_DOWN
330 89 1
330 88 1
330 87 1
329 86 1
329 85 1
328 84 1
327 83 1
326 82 1
326 81 1
325 80 1
325 79 1
324 78 1
324 77 1
323 76 1
323 75 1
322 74 1
322 73 1
321 72 1
321 71 1
320 70 1
320 69 1
319 68 1
319 67 1
319 66 1
318 65 1
318 64 1
318 63 1
318 62 1
317 61 1
317 60 1
317 59 1
317 58 1
316 57 1
316 56 1
316 55 1
316 54 1
316 53 1
316 52 1
316 51 1
316 50 1
316 49 1
316 48 1
316 47 1
316 46 1
317 45 1
317 44 1
318 43 1
318 42 1
318 41 1
319 40 1
319 39 1
319 38 1
320 37 1
321 36 1
322 35 1
323 34 1
324 33 1
325 33 1
326 33 1
327 33 1
328 33 1
329 34 1
330 35 1
331 36 1
332 37 1
333 38 1
333 39 1
333 40 1
334 41 1
334 42 1
335 43 1
335 44 1
335 45 1
335 46 1
335 47 1
335 48 1
335 49 1
335 50 1
335 51 1
335 52 1
335 53 1
335 54 1
335 55 1
334 56 1
334 57 1
334 58 1
334 59 1
334 60 1
334 61 1
334 62 1
334 63 1
334 64 1
333 65 1
333 66 1
333 67 1
333 68 1
333 69 1
333 70 1
333 71 1
332 72 1
332 73 1
332 74 1
332 75 1
332 76 1
332 77 1
332 78 1
331 79 1
331 80 1
331 81 1
331 82 1
331 83 1
330 84 1
.PEN_UP
