.PEN_DOWN
25 1 1
25 2 1
25 3 1
25 4 1
25 5 1
24 6 1
24 7 1
24 8 1
24 9 1
24 10 1
23 11 1
23 12 1
23 13 1
23 14 1
22 15 1
22 16 1
22 17 1
22 18 1
21 19 1
21 20 1
21 21 1
21 22 1
21 23 1
20 24 1
20 25 1
20 26 1
20 27 1
19 28 1
19 29 1
19 30 1
19 31 1
19 32 1
18 33 1
18 34 1
18 35 1
18 36 1
17 37 1
17 38 1
17 39 1
17 40 1
17 41 1
16 42 1
16 43 1
16 44 1
16 45 1
15 46 1
15 47 1
15 48 1
15 49 1
15 50 1
14 51 1
14 52 1
14 53 1
14 54 1
14 55 1
13 56 1
13 57 1
13 58 1
13 59 1
12 60 1
12 61 1
12 62 1
12 63 1
12 64 1
11 65 1
11 66 1
11 67 1
11 68 1
11 69 1
10 70 1
10 71 1
10 72 1
10 73 1
10 74 1
10 75 1
9 76 1
9 77 1
9 78 1
9 79 1
9 80 1
9 81 1
9 82 1
8 83 1
8 84 1
8 85 1
8 86 1
8 87 1
8 88 1
8 89 1
7 90 1
7 91 1
7 92 1
7 93 1
7 94 1
7 95 1
6 96 1
6 97 1
6 98 1
6 99 1
6 100 1
6 101 1
6 102 1
6 103 1
6 104 1
6 105 1
6 106 1
6 107 1
6 108 1
5 109 1
5 110 1
5 111 1
5 112 1
5 113 1
5 114 1
5 115 1
5 116 1
5 117 1
5 118 1
5 119 1
5 120 1
5 121 1
5 122 1
4 123 1
4 124 1
4 125 1
4 126 1
4 127 1
4 128 1
4 129 1
4 130 1
4 131 1
4 132 1
4 133 1
4 134 1
4 135 1
3 136 1
3 137 1
3 138 1
3 139 1
3 140 1
3 141 1
3 142 1
3 143 1
3 144 1
3 145 1
3 146 1
3 147 1
2 148 1
2 149 1
2 150 1
2 151 1
2 152 1
2 153 1
2 154 1
2 155 1
2 156 1
2 157 1
2 158 1
2 159 1
2 160 1
2 161 1
2 162 1
2 163 1
2 164 1
2 165 1
2 166 1
1 167 1
1 168 1
1 169 1
1 170 1
1 171 1
1 172 1
1 173 1
1 174 1
1 175 1
1 176 1
1 177 1
1 178 1
1 179 1
1 180 1
1 181 1
1 182 1
1 183 1
1 184 1
1 185 1
1 186 1
1 187 1
1 188 1
1 189 1
1 190 1
1 191 1
1 192 1
1 193 1
1 194 1
1 195 1
1 196 1
1 197 1
1 198 1
1 199 1
1 200 1
1 201 1
1 202 1
1 203 1
2 204 1
2 205 1
2 206 1
2 207 1
2 208 1
2 209 1
2 210 1
2 211 1
3 212 1
3 213 1
3 214 1
4 215 1
.PEN_UP
.PEN_DOWN
22 104 1
23 104 1
24 103 1
25 102 1
26 102 1
27 102 1
28 102 1
29 102 1
30 102 1
31 101 1
32 101 1
33 101 1
34 101 1
35 101 1
36 101 1
37 101 1
38 100 1
39 100 1
40 100 1
41 100 1
42 100 1
43 100 1
44 100 1
45 100 1
46 100 1
47 100 1
48 100 1
49 100 1
50 100 1
51 100 1
52 100 1
53 100 1
54 100 1
55 100 1
56 100 1
57 100 1
58 100 1
59 100 1
60 100 1
61 100 1
62 100 1
63 100 1
64 100 1
65 100 1
66 100 1
67 100 1
68 100 1
69 99 1
70 99 1
71 99 1
72 99 1
73 99 1
74 99 1
75 99 1
76 99 1
77 99 1
78 99 1
79 99 1
80 98 1
81 98 1
82 98 1
83 98 1
84 98 1
85 98 1
86 98 1
87 98 1
88 98 1
89 98 1
90 98 1
91 98 1
92 98 1
93 98 1
94 98 1
95 98 1
96 98 1
97 98 1
98 98 1
99 98 1
100 97 1
101 97 1
102 97 1
103 97 1
104 97 1
105 97 1
106 97 1
107 97 1
108 96 1
109 96 1
110 96 1
111 96 1
112 96 1
113 96 1
114 96 1
115 96 1
116 96 1
117 96 1
118 96 1
119 95 1
120 94 1
120 93 1
.PEN_UP
.PEN_DOWN
119 97 1
120 98 1
120 99 1
120 100 1
121 101 1
121 102 1
121 103 1
122 104 1
122 105 1
122 106 1
122 107 1
122 108 1
123 109 1
124 110 1
125 111 1
126 112 1
127 113 1
128 114 1
129 115 1
130 116 1
131 116 1
132 117 1
133 118 1
134 119 1
135 120 1
136 120 1
137 121 1
138 122 1
139 123 1
140 123 1
141 124 1
142 125 1
143 126 1
144 126 1
145 127 1
146 128 1
147 128 1
148 129 1
149 130 1
150 130 1
151 131 1
152 131 1
153 132 1
154 132 1
155 133 1
156 133 1
157 134 1
158 134 1
159 134 1
160 135 1
161 135 1
162 135 1
163 136 1
164 136 1
165 136 1
166 136 1
167 136 1
168 137 1
169 137 1
170 137 1
171 137 1
172 137 1
173 137 1
174 137 1
175 137 1
176 136 1
177 136 1
178 135 1
179 134 1
180 133 1
180 132 1
181 131 1
181 130 1
181 129 1
182 128 1
182 127 1
182 126 1
183 125 1
183 124 1
183 123 1
184 122 1
184 121 1
184 120 1
185 119 1
185 118 1
185 117 1
185 116 1
186 115 1
186 114 1
186 113 1
186 112 1
187 111 1
187 110 1
188 109 1
188 108 1
188 107 1
189 106 1
189 105 1
190 104 1
190 103 1
190 102 1
191 101 1
191 100 1
191 99 1
192 98 1
192 97 1
192 96 1
192 95 1
192 94 1
193 93 1
193 92 1
193 91 1
193 90 1
193 89 1
194 88 1
194 87 1
194 86 1
194 85 1
194 84 1
195 83 1
195 82 1
195 81 1
195 80 1
196 79 1
196 78 1
196 77 1
196 76 1
196 75 1
197 74 1
197 73 1
197 72 1
197 71 1
198 70 1
200 71 1
201 72 1
201 73 1
202 74 1
203 75 1
204 76 1
204 77 1
205 78 1
206 79 1
207 80 1
207 81 1
208 82 1
209 83 1
210 84 1
211 85 1
211 86 1
212 87 1
213 88 1
214 89 1
215 90 1
216 91 1
216 92 1
217 93 1
218 94 1
219 95 1
219 96 1
220 97 1
221 98 1
222 99 1
222 100 1
223 101 1
224 102 1
224 103 1
225 104 1
226 105 1
227 106 1
228 107 1
228 108 1
229 109 1
230 110 1
231 111 1
232 112 1
232 113 1
233 114 1
234 115 1
234 116 1
235 117 1
236 118 1
236 119 1
237 120 1
238 121 1
238 122 1
239 123 1
240 124 1
240 125 1
241 126 1
241 127 1
242 128 1
242 129 1
243 130 1
243 131 1
243 132 1
244 133 1
244 134 1
245 135 1
245 136 1
246 137 1
246 138 1
247 139 1
247 140 1
248 141 1
248 142 1
249 143 1
249 144 1
250 145 1
250 146 1
250 147 1
249 148 1
249 149 1
248 150 1
248 151 1
247 152 1
247 153 1
246 154 1
246 155 1
246 156 1
246 157 1
246 158 1
247 159 1
247 160 1
248 161 1
249 162 1
249 163 1
250 164 1
.PEN_UP
.PEN_DOWN
198 69 1
198 68 1
198 67 1
198 66 1
198 65 1
196 63 1
195 62 1
195 61 1
194 60 1
194 59 1
194 58 1
193 57 1
193 56 1
192 55 1
192 54 1
192 53 1
192 52 1
191 51 1
191 50 1
191 49 1
191 48 1
191 47 1
190 46 1
190 45 1
190 44 1
190 43 1
190 42 1
190 41 1
190 40 1
190 39 1
190 38 1
190 37 1
190 36 1
191 35 1
192 34 1
192 33 1
193 32 1
194 32 1
195 31 1
196 31 1
197 31 1
198 32 1
199 32 1
200 32 1
201 33 1
202 33 1
203 33 1
204 34 1
204 35 1
205 36 1
205 37 1
205 38 1
205 39 1
204 40 1
204 41 1
204 42 1
204 43 1
203 44 1
203 45 1
203 46 1
203 47 1
202 48 1
202 49 1
202 50 1
202 51 1
202 52 1
201 53 1
201 54 1
201 55 1
201 56 1
201 57 1
201 58 1
200 59 1
200 60 1
200 61 1
200 62 1
199 63 1
198 64 1
.PEN_UP
.PEN_DOWN
123 103 1
124 103 1
125 102 1
126 101 1
127 100 1
128 100 1
129 99 1
130 98 1
131 98 1
132 97 1
133 97 1
134 96 1
135 95 1
136 95 1
137 94 1
138 94 1
139 93 1
140 92 1
141 92 1
142 91 1
143 90 1
143 89 1
143 88 1
143 87 1
143 86 1
143 85 1
143 84 1
143 83 1
143 82 1
143 81 1
143 80 1
143 79 1
143 78 1
143 77 1
143 76 1
143 75 1
143 74 1
143 73 1
143 72 1
143 71 1
143 70 1
143 69 1
.PEN_UP
