.PEN_DOWN
1 52 1
2 52 1
3 51 1
4 51 1
5 50 1
6 49 1
7 49 1
8 49 1
9 49 1
10 48 1
11 48 1
12 48 1
13 48 1
14 48 1
15 48 1
16 49 1
17 49 1
18 49 1
19 50 1
20 51 1
21 52 1
21 53 1
21 54 1
20 55 1
20 56 1
19 57 1
19 58 1
18 59 1
17 60 1
16 61 1
15 61 1
14 61 1
13 62 1
12 62 1
11 61 1
11 60 1
11 59 1
11 58 1
10 57 1
9 57 1
8 58 1
7 59 1
7 60 1
6 61 1
7 62 1
8 62 1
9 62 1
10 62 1
.PEN_UP
.PEN_DOWN
73 1 1
74 1 1
75 1 1
76 2 1
77 3 1
78 4 1
79 4 1
80 4 1
81 5 1
82 5 1
83 6 1
84 6 1
85 7 1
86 7 1
87 8 1
88 8 1
89 9 1
90 9 1
91 10 1
92 10 1
93 11 1
94 11 1
95 12 1
96 12 1
97 13 1
98 13 1
99 14 1
100 14 1
101 15 1
102 15 1
103 16 1
104 16 1
105 17 1
106 17 1
107 17 1
108 18 1
109 18 1
110 19 1
111 19 1
112 20 1
113 20 1
114 21 1
115 21 1
116 22 1
117 23 1
118 23 1
119 24 1
120 25 1
121 25 1
122 26 1
123 27 1
124 28 1
125 29 1
126 30 1
127 31 1
127 32 1
128 33 1
128 34 1
129 35 1
129 36 1
129 37 1
129 38 1
129 39 1
129 40 1
129 41 1
129 42 1
129 43 1
129 44 1
129 45 1
129 46 1
129 47 1
129 48 1
129 49 1
129 50 1
129 51 1
129 52 1
129 53 1
129 54 1
129 55 1
128 56 1
128 57 1
128 58 1
127 59 1
127 60 1
127 61 1
127 62 1
127 63 1
126 64 1
126 65 1
126 66 1
126 67 1
125 68 1
125 69 1
125 70 1
125 71 1
124 72 1
124 73 1
124 74 1
123 75 1
123 76 1
122 77 1
122 78 1
121 79 1
121 80 1
120 81 1
120 82 1
119 83 1
119 84 1
118 85 1
117 86 1
116 87 1
116 88 1
115 89 1
114 90 1
113 91 1
113 92 1
112 93 1
111 94 1
110 95 1
109 96 1
108 97 1
107 98 1
106 99 1
105 100 1
104 101 1
103 102 1
102 103 1
101 104 1
101 105 1
100 106 1
99 107 1
98 108 1
97 109 1
96 110 1
95 111 1
94 112 1
93 113 1
92 114 1
91 115 1
90 115 1
89 116 1
88 117 1
87 118 1
86 119 1
85 120 1
84 120 1
83 121 1
.PEN_UP
