.PEN_DOWN
76 1 1
75 2 1
74 2 1
73 3 1
72 4 1
71 5 1
71 6 1
71 7 1
70 8 1
70 9 1
69 10 1
68 11 1
68 12 1
67 13 1
66 14 1
66 15 1
65 16 1
64 17 1
63 18 1
63 19 1
62 20 1
61 21 1
61 22 1
60 23 1
59 24 1
59 25 1
58 26 1
57 27 1
57 28 1
56 29 1
55 30 1
55 31 1
54 32 1
54 33 1
53 34 1
52 35 1
52 36 1
51 37 1
51 38 1
50 39 1
49 40 1
49 41 1
48 42 1
48 43 1
47 44 1
46 45 1
45 46 1
45 47 1
44 48 1
43 49 1
43 50 1
42 51 1
41 52 1
40 53 1
40 54 1
39 55 1
38 56 1
38 57 1
37 58 1
36 59 1
35 60 1
34 61 1
33 62 1
32 63 1
32 64 1
31 65 1
30 66 1
29 67 1
28 68 1
27 69 1
26 70 1
25 71 1
24 72 1
23 73 1
22 74 1
21 75 1
20 76 1
19 77 1
18 78 1
17 79 1
16 80 1
15 80 1
14 81 1
13 81 1
12 82 1
11 82 1
10 83 1
9 83 1
8 83 1
7 84 1
6 84 1
5 85 1
4 85 1
3 85 1
2 85 1
1 85 1
.PEN_UP
.PEN_DOWN
9 93 1
10 93 1
11 94 1
12 94 1
13 95 1
14 95 1
15 95 1
16 96 1
17 96 1
18 97 1
19 97 1
20 98 1
21 98 1
22 99 1
23 99 1
24 100 1
25 100 1
26 101 1
27 102 1
28 102 1
29 103 1
30 104 1
31 104 1
32 105 1
33 106 1
34 106 1
35 107 1
36 108 1
37 108 1
38 109 1
39 110 1
40 110 1
41 111 1
42 112 1
43 112 1
44 113 1
45 114 1
46 115 1
47 116 1
48 116 1
49 117 1
50 118 1
51 119 1
52 120 1
53 121 1
54 122 1
54 123 1
55 124 1
56 125 1
56 126 1
57 127 1
58 128 1
59 129 1
59 130 1
60 131 1
61 132 1
62 133 1
62 134 1
63 135 1
64 136 1
65 137 1
66 138 1
67 139 1
67 140 1
68 141 1
69 142 1
69 143 1
69 144 1
70 145 1
70 146 1
71 147 1
71 148 1
71 149 1
.PEN_UP
