.PEN_DOWN
28 45 1
28 44 1
29 43 1
29 42 1
30 41 1
31 40 1
32 39 1
33 38 1
34 37 1
35 36 1
35 35 1
36 34 1
37 33 1
38 32 1
39 31 1
40 30 1
41 29 1
42 28 1
42 27 1
43 26 1
44 25 1
44 24 1
45 23 1
46 22 1
46 21 1
47 20 1
48 19 1
49 18 1
49 17 1
50 16 1
51 15 1
52 14 1
53 13 1
54 12 1
55 11 1
56 10 1
56 9 1
57 8 1
58 7 1
59 6 1
60 5 1
61 4 1
61 3 1
61 2 1
60 1 1
59 1 1
58 1 1
57 1 1
56 2 1
55 2 1
54 2 1
53 3 1
52 4 1
51 4 1
50 5 1
49 5 1
48 6 1
47 6 1
46 7 1
45 8 1
44 8 1
43 9 1
42 10 1
41 10 1
40 11 1
39 12 1
38 12 1
37 13 1
36 14 1
35 15 1
34 15 1
33 16 1
32 16 1
31 17 1
30 18 1
29 18 1
28 19 1
27 20 1
26 20 1
25 21 1
24 22 1
23 22 1
22 23 1
21 24 1
20 24 1
19 25 1
18 26 1
17 26 1
16 27 1
15 28 1
14 29 1
13 30 1
12 31 1
11 32 1
10 33 1
9 34 1
8 35 1
7 36 1
6 37 1
5 38 1
4 39 1
3 40 1
2 41 1
1 42 1
1 43 1
1 44 1
2 45 1
3 46 1
3 47 1
4 48 1
5 49 1
6 50 1
7 51 1
8 52 1
9 53 1
10 54 1
11 55 1
12 56 1
13 57 1
14 58 1
15 59 1
16 60 1
17 61 1
18 62 1
19 63 1
20 64 1
21 65 1
22 66 1
23 67 1
24 68 1
25 69 1
26 70 1
27 71 1
28 72 1
29 73 1
30 74 1
31 75 1
32 76 1
33 77 1
34 78 1
34 79 1
35 80 1
36 81 1
37 82 1
38 83 1
39 84 1
39 85 1
40 86 1
41 87 1
42 88 1
43 89 1
43 90 1
44 91 1
45 92 1
45 93 1
46 94 1
47 95 1
48 96 1
48 97 1
49 98 1
50 99 1
50 100 1
51 101 1
52 102 1
52 103 1
52 104 1
53 105 1
53 106 1
54 107 1
54 108 1
54 109 1
55 110 1
55 111 1
56 112 1
56 113 1
56 114 1
.PEN_UP
