.PEN_DOWN
5 60 1
4 61 1
3 62 1
2 62 1
1 63 1
1 64 1
2 65 1
3 66 1
4 66 1
5 67 1
6 67 1
7 68 1
8 68 1
9 68 1
10 69 1
11 69 1
13 70 1
14 71 1
15 71 1
16 72 1
17 72 1
18 73 1
19 73 1
20 74 1
21 74 1
22 75 1
23 75 1
24 76 1
25 76 1
26 77 1
27 77 1
28 78 1
29 78 1
30 79 1
31 80 1
32 80 1
33 81 1
34 81 1
35 82 1
36 83 1
37 83 1
38 84 1
39 84 1
40 85 1
41 86 1
42 86 1
43 87 1
44 87 1
45 88 1
46 88 1
47 89 1
48 89 1
49 90 1
50 90 1
51 91 1
52 91 1
53 92 1
54 92 1
55 93 1
56 93 1
57 94 1
58 94 1
59 95 1
60 95 1
61 96 1
62 96 1
63 97 1
64 97 1
65 98 1
66 98 1
67 99 1
68 99 1
69 100 1
70 100 1
71 101 1
72 101 1
73 102 1
74 102 1
75 103 1
76 103 1
77 104 1
78 104 1
79 105 1
80 105 1
81 105 1
82 106 1
83 106 1
84 106 1
85 107 1
86 107 1
87 107 1
88 108 1
89 108 1
90 109 1
91 109 1
92 109 1
93 110 1
94 110 1
95 110 1
96 111 1
97 111 1
98 111 1
99 112 1
100 112 1
101 112 1
102 113 1
103 113 1
104 113 1
105 114 1
106 114 1
107 114 1
108 115 1
109 115 1
110 115 1
111 115 1
112 116 1
113 116 1
114 116 1
115 116 1
116 116 1
117 117 1
118 117 1
119 117 1
120 117 1
.PEN_UP
.PEN_DOWN
12 68 1
13 67 1
14 66 1
14 65 1
15 64 1
16 63 1
16 62 1
17 61 1
18 60 1
19 59 1
20 58 1
20 57 1
21 56 1
22 55 1
23 54 1
24 53 1
25 52 1
25 51 1
26 50 1
27 49 1
28 48 1
29 47 1
30 46 1
31 45 1
32 44 1
33 43 1
34 42 1
35 41 1
35 40 1
36 39 1
37 38 1
38 37 1
39 36 1
40 35 1
41 34 1
42 33 1
43 32 1
44 31 1
45 30 1
46 29 1
47 28 1
48 27 1
49 26 1
50 25 1
51 24 1
52 23 1
53 22 1
54 21 1
55 20 1
56 19 1
57 18 1
58 17 1
59 16 1
60 15 1
61 14 1
62 13 1
63 12 1
64 11 1
65 10 1
66 9 1
67 9 1
68 8 1
69 7 1
70 6 1
71 5 1
72 4 1
73 4 1
74 3 1
75 2 1
76 1 1
77 1 1
78 1 1
79 2 1
79 3 1
79 4 1
79 5 1
79 6 1
78 7 1
77 8 1
77 9 1
77 10 1
77 11 1
77 12 1
77 13 1
77 14 1
76 15 1
76 16 1
76 17 1
76 18 1
76 19 1
76 20 1
76 21 1
76 22 1
75 23 1
75 24 1
75 25 1
75 26 1
75 27 1
75 28 1
75 29 1
75 30 1
74 31 1
74 32 1
.PEN_UP
.PEN_DOWN
12 70 1
11 71 1
10 72 1
9 73 1
9 74 1
9 75 1
8 76 1
8 77 1
7 78 1
7 79 1
6 80 1
6 81 1
5 82 1
5 83 1
4 84 1
4 85 1
4 86 1
4 87 1
3 88 1
3 89 1
3 90 1
2 91 1
2 92 1
2 93 1
1 94 1
.PEN_UP
