.PEN_DOWN
68 1 1
67 1 1
66 2 1
65 3 1
64 4 1
64 5 1
64 6 1
63 7 1
63 8 1
63 9 1
62 10 1
62 11 1
62 12 1
62 13 1
62 14 1
62 15 1
62 16 1
62 17 1
62 18 1
63 19 1
63 20 1
63 21 1
63 22 1
64 23 1
64 24 1
64 25 1
64 26 1
65 27 1
66 28 1
66 29 1
67 30 1
68 31 1
69 32 1
70 32 1
71 33 1
72 33 1
73 33 1
74 34 1
75 34 1
76 34 1
77 34 1
78 34 1
79 34 1
80 34 1
81 34 1
82 34 1
83 33 1
84 33 1
85 33 1
86 33 1
87 33 1
88 33 1
89 32 1
90 32 1
91 32 1
92 31 1
93 31 1
94 31 1
95 30 1
96 30 1
97 29 1
98 29 1
99 29 1
100 28 1
101 28 1
102 28 1
103 27 1
104 27 1
105 26 1
106 26 1
107 26 1
108 25 1
109 25 1
110 24 1
111 24 1
112 23 1
113 23 1
114 22 1
115 22 1
116 21 1
117 21 1
118 20 1
119 19 1
120 19 1
121 18 1
122 18 1
123 17 1
124 17 1
125 16 1
126 16 1
127 15 1
128 14 1
129 14 1
130 14 1
131 13 1
132 13 1
133 12 1
134 12 1
135 11 1
136 12 1
137 12 1
138 12 1
139 12 1
140 12 1
141 13 1
142 14 1
143 14 1
144 15 1
145 16 1
146 17 1
146 18 1
146 19 1
146 20 1
147 21 1
147 22 1
147 23 1
148 24 1
148 25 1
148 26 1
149 27 1
149 28 1
149 29 1
149 30 1
150 31 1
150 32 1
150 33 1
150 34 1
151 35 1
151 36 1
151 37 1
151 38 1
152 39 1
152 40 1
152 41 1
152 42 1
153 43 1
153 44 1
153 45 1
153 46 1
154 47 1
154 48 1
154 49 1
154 50 1
155 51 1
155 52 1
155 53 1
155 54 1
156 55 1
156 56 1
156 57 1
156 58 1
157 59 1
157 60 1
157 61 1
158 62 1
158 63 1
158 64 1
159 65 1
159 66 1
159 67 1
160 68 1
160 69 1
160 70 1
161 71 1
161 72 1
162 73 1
162 74 1
162 75 1
163 76 1
163 77 1
163 78 1
164 79 1
164 80 1
165 81 1
166 82 1
166 83 1
167 84 1
168 85 1
168 86 1
169 87 1
169 88 1
170 89 1
171 90 1
171 91 1
172 92 1
173 92 1
174 93 1
175 94 1
176 95 1
177 96 1
178 96 1
179 97 1
180 97 1
181 98 1
182 98 1
183 98 1
184 98 1
185 98 1
186 99 1
187 99 1
188 99 1
189 99 1
190 99 1
191 99 1
192 99 1
193 98 1
194 98 1
195 97 1
196 97 1
197 96 1
198 96 1
199 95 1
200 95 1
201 94 1
202 94 1
203 93 1
204 92 1
205 91 1
206 90 1
207 89 1
208 88 1
209 87 1
210 86 1
211 85 1
212 84 1
213 83 1
214 82 1
215 81 1
215 80 1
216 79 1
217 78 1
217 77 1
218 76 1
219 75 1
219 74 1
220 73 1
221 72 1
221 71 1
222 70 1
223 69 1
223 68 1
224 67 1
225 66 1
226 65 1
226 64 1
227 63 1
227 62 1
228 61 1
228 60 1
229 59 1
229 58 1
230 57 1
230 56 1
231 55 1
231 54 1
232 53 1
232 52 1
233 51 1
233 50 1
233 49 1
234 48 1
234 47 1
234 46 1
235 45 1
235 44 1
235 43 1
236 42 1
236 41 1
236 40 1
237 39 1
237 38 1
237 37 1
237 36 1
238 35 1
238 34 1
238 33 1
238 32 1
238 31 1
238 30 1
239 29 1
239 28 1
239 27 1
239 26 1
239 25 1
240 24 1
240 23 1
240 22 1
240 21 1
240 20 1
241 19 1
241 18 1
241 17 1
241 16 1
.PEN_UP
.PEN_DOWN
56 116 1
56 117 1
56 118 1
56 119 1
56 120 1
56 121 1
55 122 1
55 123 1
55 124 1
55 125 1
55 126 1
55 127 1
54 128 1
54 129 1
54 130 1
54 131 1
54 132 1
53 133 1
53 134 1
53 135 1
53 136 1
53 137 1
52 138 1
52 139 1
52 140 1
52 141 1
52 142 1
52 143 1
52 144 1
51 145 1
51 146 1
51 147 1
51 148 1
51 149 1
51 150 1
51 151 1
51 152 1
50 153 1
50 154 1
50 155 1
50 156 1
50 157 1
50 158 1
50 159 1
50 160 1
49 161 1
49 162 1
49 163 1
49 164 1
49 165 1
49 166 1
49 167 1
49 168 1
48 169 1
48 170 1
48 171 1
48 172 1
48 173 1
48 174 1
48 175 1
48 176 1
47 177 1
47 178 1
47 179 1
47 180 1
47 181 1
47 182 1
47 183 1
46 184 1
46 185 1
46 186 1
46 187 1
46 188 1
46 189 1
46 190 1
46 191 1
46 192 1
46 193 1
46 194 1
45 195 1
45 196 1
45 197 1
45 198 1
45 199 1
45 200 1
45 201 1
45 202 1
45 203 1
45 204 1
45 205 1
45 206 1
44 207 1
44 208 1
44 209 1
44 210 1
44 211 1
44 212 1
44 213 1
44 214 1
44 215 1
44 216 1
44 217 1
44 218 1
44 219 1
44 220 1
44 221 1
44 222 1
44 223 1
44 224 1
43 225 1
43 226 1
43 227 1
43 228 1
43 229 1
43 230 1
43 231 1
43 232 1
43 233 1
43 234 1
43 235 1
43 236 1
43 237 1
43 238 1
43 239 1
43 240 1
43 241 1
42 242 1
42 243 1
42 244 1
42 245 1
41 246 1
44 249 1
45 249 1
46 249 1
47 250 1
48 250 1
49 250 1
50 251 1
51 251 1
52 251 1
53 252 1
54 252 1
55 253 1
56 253 1
57 253 1
58 253 1
59 254 1
60 254 1
61 254 1
62 254 1
63 254 1
64 254 1
65 255 1
66 255 1
67 255 1
68 255 1
69 255 1
70 255 1
71 255 1
72 256 1
73 256 1
74 256 1
75 256 1
76 256 1
77 256 1
78 256 1
79 256 1
80 256 1
81 256 1
82 256 1
83 256 1
84 257 1
85 257 1
86 257 1
87 257 1
88 257 1
89 257 1
90 257 1
91 257 1
92 257 1
93 257 1
94 258 1
95 258 1
96 258 1
97 258 1
98 258 1
99 259 1
100 259 1
101 259 1
102 259 1
103 259 1
104 259 1
105 260 1
106 260 1
107 260 1
108 260 1
109 260 1
110 261 1
111 261 1
112 261 1
113 261 1
114 262 1
115 262 1
116 262 1
117 262 1
118 263 1
119 263 1
120 263 1
121 263 1
122 264 1
123 264 1
124 264 1
125 264 1
126 265 1
127 265 1
128 265 1
129 266 1
130 267 1
131 268 1
132 269 1
132 270 1
133 271 1
134 272 1
135 273 1
136 272 1
137 272 1
138 273 1
139 273 1
140 273 1
141 274 1
142 274 1
143 274 1
144 274 1
145 274 1
146 275 1
147 275 1
148 275 1
149 275 1
150 276 1
151 276 1
152 276 1
153 277 1
154 277 1
155 278 1
156 278 1
157 278 1
158 279 1
159 279 1
160 279 1
161 280 1
162 280 1
163 280 1
164 281 1
165 281 1
166 281 1
167 282 1
168 282 1
169 282 1
170 283 1
171 283 1
172 284 1
173 284 1
174 284 1
175 285 1
176 285 1
177 285 1
178 286 1
179 286 1
180 287 1
181 287 1
182 287 1
183 287 1
184 288 1
185 288 1
186 288 1
187 289 1
188 289 1
.PEN_UP
.PEN_DOWN
131 271 1
130 270 1
129 270 1
128 270 1
127 270 1
126 270 1
125 270 1
124 270 1
123 271 1
122 272 1
.PEN_UP
.PEN_DOWN
40 246 1
39 246 1
38 246 1
37 246 1
36 246 1
35 245 1
34 244 1
33 244 1
32 243 1
31 242 1
30 241 1
29 240 1
28 240 1
27 239 1
26 238 1
25 237 1
25 236 1
24 235 1
23 234 1
23 233 1
22 232 1
21 231 1
20 230 1
20 229 1
19 228 1
18 227 1
18 226 1
17 225 1
17 224 1
16 223 1
16 222 1
15 221 1
14 220 1
14 219 1
13 218 1
13 217 1
12 216 1
12 215 1
11 214 1
11 213 1
11 212 1
10 211 1
10 210 1
9 209 1
9 208 1
9 207 1
8 206 1
8 205 1
8 204 1
7 203 1
7 202 1
7 201 1
6 200 1
6 199 1
6 198 1
6 197 1
5 196 1
5 195 1
5 194 1
5 193 1
4 192 1
4 191 1
4 190 1
4 189 1
4 188 1
3 187 1
3 186 1
3 185 1
3 184 1
3 183 1
3 182 1
3 181 1
3 180 1
3 179 1
2 178 1
2 177 1
2 176 1
2 175 1
2 174 1
2 173 1
2 172 1
2 171 1
2 170 1
1 169 1
1 168 1
1 167 1
1 166 1
2 165 1
2 164 1
2 163 1
2 162 1
.PEN_UP
.PEN_DOWN
41 247 1
42 250 1
42 251 1
42 252 1
42 253 1
42 254 1
42 255 1
42 256 1
42 257 1
42 258 1
42 259 1
43 260 1
43 261 1
43 262 1
43 263 1
43 264 1
43 265 1
43 266 1
43 267 1
44 268 1
44 269 1
44 270 1
.PEN_UP
.PEN_DOWN
135 53 1
135 54 1
134 55 1
134 56 1
133 57 1
133 58 1
133 59 1
133 60 1
132 61 1
132 62 1
132 63 1
131 64 1
131 65 1
131 66 1
130 67 1
130 68 1
130 69 1
129 70 1
129 71 1
129 72 1
128 73 1
128 74 1
128 75 1
127 76 1
127 77 1
127 78 1
126 79 1
126 80 1
125 81 1
125 82 1
125 83 1
124 84 1
124 85 1
124 86 1
123 87 1
123 88 1
123 89 1
122 90 1
122 91 1
121 92 1
121 93 1
121 94 1
120 95 1
120 96 1
120 97 1
119 98 1
119 99 1
118 100 1
118 101 1
118 102 1
118 103 1
117 104 1
117 105 1
117 106 1
116 107 1
116 108 1
116 109 1
115 110 1
115 111 1
115 112 1
114 113 1
114 114 1
114 115 1
114 116 1
113 117 1
113 118 1
113 119 1
112 120 1
112 121 1
112 122 1
111 123 1
111 124 1
111 125 1
110 126 1
110 127 1
109 128 1
109 129 1
109 130 1
108 131 1
108 132 1
107 133 1
107 134 1
107 135 1
106 136 1
106 137 1
105 138 1
105 139 1
105 140 1
104 141 1
104 142 1
103 143 1
103 144 1
103 145 1
102 146 1
102 147 1
101 148 1
101 149 1
101 150 1
100 151 1
99 152 1
98 153 1
97 154 1
96 154 1
95 154 1
94 154 1
93 155 1
92 156 1
91 157 1
90 158 1
89 159 1
89 160 1
88 161 1
88 162 1
87 163 1
86 164 1
86 165 1
86 166 1
86 167 1
86 168 1
86 169 1
86 170 1
86 171 1
87 172 1
87 173 1
88 174 1
89 173 1
90 173 1
91 172 1
91 171 1
92 170 1
92 169 1
93 168 1
93 167 1
94 166 1
94 165 1
95 164 1
95 163 1
96 162 1
96 161 1
97 160 1
97 159 1
97 158 1
98 157 1
98 156 1
98 155 1
.PEN_UP
.PEN_DOWN
102 151 1
103 151 1
104 151 1
105 150 1
106 150 1
107 150 1
108 149 1
109 149 1
110 149 1
111 148 1
112 148 1
113 148 1
114 148 1
115 148 1
116 148 1
117 148 1
118 148 1
119 147 1
120 147 1
121 148 1
122 148 1
123 148 1
124 148 1
125 148 1
126 149 1
127 149 1
128 149 1
129 149 1
130 150 1
131 150 1
132 150 1
133 150 1
134 151 1
135 151 1
136 151 1
137 151 1
138 152 1
139 152 1
140 152 1
141 153 1
142 153 1
143 154 1
144 154 1
145 154 1
146 155 1
147 155 1
148 156 1
149 156 1
150 157 1
151 158 1
152 158 1
153 159 1
154 160 1
155 160 1
156 161 1
157 161 1
158 162 1
159 162 1
160 163 1
161 163 1
162 164 1
163 164 1
164 165 1
165 165 1
166 165 1
167 165 1
.PEN_UP
