.PEN_DOWN
49 1 1
49 2 1
48 3 1
47 4 1
47 5 1
46 6 1
46 7 1
45 8 1
44 9 1
43 10 1
43 11 1
42 12 1
41 12 1
40 13 1
39 14 1
38 15 1
37 16 1
36 17 1
35 18 1
34 19 1
33 20 1
32 21 1
31 22 1
30 23 1
29 24 1
28 25 1
27 26 1
26 27 1
25 28 1
24 29 1
23 30 1
22 31 1
21 32 1
20 33 1
19 34 1
18 35 1
17 36 1
16 37 1
15 38 1
15 39 1
14 40 1
13 41 1
12 42 1
11 43 1
10 44 1
9 45 1
8 46 1
8 47 1
7 48 1
6 49 1
6 50 1
5 51 1
5 52 1
4 53 1
3 54 1
3 55 1
3 56 1
2 57 1
1 58 1
1 59 1
1 60 1
2 61 1
3 62 1
4 61 1
5 60 1
6 60 1
7 59 1
8 58 1
9 58 1
10 57 1
11 57 1
12 56 1
13 55 1
14 54 1
15 53 1
16 52 1
17 51 1
18 50 1
19 49 1
20 48 1
21 47 1
21 46 1
22 45 1
23 44 1
24 43 1
25 42 1
26 41 1
27 40 1
28 39 1
29 38 1
30 37 1
30 36 1
31 35 1
32 34 1
32 33 1
33 32 1
34 31 1
35 30 1
35 29 1
36 28 1
37 27 1
37 26 1
38 25 1
38 24 1
39 23 1
39 22 1
40 21 1
40 20 1
41 19 1
41 18 1
42 17 1
42 16 1
43 15 1
43 14 1
43 13 1
.PEN_UP
.PEN_DOWN
4 63 1
5 64 1
6 64 1
7 65 1
8 65 1
9 66 1
10 67 1
11 67 1
12 68 1
13 69 1
14 69 1
15 70 1
16 71 1
17 72 1
18 72 1
19 73 1
20 74 1
21 74 1
22 75 1
23 76 1
24 77 1
25 78 1
26 79 1
27 80 1
28 81 1
29 82 1
30 82 1
31 83 1
32 84 1
33 85 1
34 85 1
35 86 1
36 87 1
37 88 1
38 88 1
39 89 1
40 90 1
41 90 1
42 91 1
43 92 1
43 93 1
44 94 1
.PEN_UP
