.PEN_DOWN
26 8 1
26 9 1
26 10 1
26 11 1
26 12 1
26 13 1
26 14 1
26 15 1
26 16 1
25 17 1
25 18 1
24 19 1
24 20 1
24 21 1
24 22 1
24 23 1
24 24 1
23 25 1
23 26 1
23 27 1
23 28 1
23 29 1
23 30 1
22 31 1
22 32 1
22 33 1
22 34 1
22 35 1
22 36 1
21 37 1
21 38 1
21 39 1
21 40 1
21 41 1
21 42 1
20 43 1
20 44 1
20 45 1
20 46 1
20 47 1
20 48 1
20 49 1
19 50 1
19 51 1
19 52 1
19 53 1
19 54 1
19 55 1
19 56 1
18 57 1
18 58 1
18 59 1
18 60 1
18 61 1
18 62 1
17 63 1
17 64 1
17 65 1
17 66 1
17 67 1
17 68 1
17 69 1
17 70 1
17 71 1
17 72 1
16 73 1
16 74 1
16 75 1
16 76 1
16 77 1
16 78 1
16 79 1
16 80 1
16 81 1
16 82 1
15 83 1
15 84 1
15 85 1
15 86 1
15 87 1
15 88 1
15 89 1
15 90 1
15 91 1
15 92 1
14 93 1
14 94 1
14 95 1
14 96 1
14 97 1
14 98 1
14 99 1
14 100 1
14 101 1
14 102 1
14 103 1
13 104 1
13 105 1
13 106 1
13 107 1
13 108 1
13 109 1
13 110 1
13 111 1
13 112 1
13 113 1
13 114 1
13 115 1
13 116 1
12 117 1
12 118 1
12 119 1
12 120 1
12 121 1
12 122 1
12 123 1
12 124 1
12 125 1
12 126 1
12 127 1
12 128 1
12 129 1
11 130 1
11 131 1
11 132 1
11 133 1
11 134 1
11 135 1
11 136 1
11 137 1
11 138 1
11 139 1
11 140 1
11 141 1
11 142 1
11 143 1
10 144 1
10 145 1
10 146 1
10 147 1
10 148 1
10 149 1
10 150 1
10 151 1
10 152 1
10 153 1
10 154 1
10 155 1
10 156 1
10 157 1
9 158 1
9 159 1
9 160 1
9 161 1
9 162 1
9 163 1
9 164 1
9 165 1
9 166 1
9 167 1
9 168 1
9 169 1
9 170 1
8 171 1
8 172 1
8 173 1
8 174 1
8 175 1
8 176 1
8 177 1
8 178 1
8 179 1
8 180 1
8 181 1
8 182 1
8 183 1
8 184 1
7 185 1
7 186 1
7 187 1
7 188 1
7 189 1
7 190 1
7 191 1
7 192 1
7 193 1
7 194 1
7 195 1
7 196 1
7 197 1
6 198 1
6 199 1
6 200 1
6 201 1
6 202 1
6 203 1
6 204 1
6 205 1
6 206 1
6 207 1
6 208 1
6 209 1
6 210 1
6 211 1
5 212 1
5 213 1
5 214 1
5 215 1
5 216 1
5 217 1
5 218 1
5 219 1
5 220 1
5 221 1
5 222 1
5 223 1
5 224 1
5 225 1
5 226 1
4 227 1
4 228 1
4 229 1
4 230 1
4 231 1
4 232 1
4 233 1
4 234 1
4 235 1
4 236 1
4 237 1
4 238 1
4 239 1
4 240 1
4 241 1
4 242 1
3 243 1
3 244 1
3 245 1
3 246 1
3 247 1
3 248 1
3 249 1
3 250 1
3 251 1
3 252 1
3 253 1
3 254 1
3 255 1
3 256 1
3 257 1
2 258 1
2 259 1
2 260 1
2 261 1
2 262 1
2 263 1
2 264 1
2 265 1
2 266 1
2 267 1
2 268 1
2 269 1
2 270 1
2 271 1
2 272 1
2 273 1
2 274 1
2 275 1
2 276 1
2 277 1
2 278 1
2 279 1
2 280 1
2 281 1
2 282 1
2 283 1
2 284 1
2 285 1
2 286 1
2 287 1
2 288 1
2 289 1
2 290 1
1 291 1
1 292 1
1 293 1
1 294 1
1 295 1
1 296 1
1 297 1
1 298 1
1 299 1
1 300 1
1 301 1
1 302 1
1 303 1
1 304 1
1 305 1
2 306 1
2 307 1
2 308 1
2 309 1
2 310 1
2 311 1
2 312 1
2 313 1
2 314 1
2 315 1
2 316 1
2 317 1
2 318 1
2 319 1
2 320 1
2 321 1
2 322 1
3 323 1
3 324 1
3 325 1
3 326 1
3 327 1
3 328 1
3 329 1
3 330 1
3 331 1
3 332 1
3 333 1
3 334 1
3 335 1
3 336 1
4 337 1
4 338 1
4 339 1
4 340 1
4 341 1
5 342 1
5 343 1
5 344 1
5 345 1
5 346 1
5 347 1
6 348 1
6 349 1
6 350 1
6 351 1
6 352 1
6 353 1
7 354 1
7 355 1
7 356 1
7 357 1
7 358 1
8 359 1
8 360 1
8 361 1
8 362 1
.PEN_UP
.PEN_DOWN
53 135 1
54 135 1
55 135 1
56 134 1
57 134 1
58 134 1
59 134 1
60 134 1
61 134 1
62 134 1
63 133 1
64 133 1
65 133 1
66 133 1
67 133 1
68 133 1
69 133 1
70 133 1
71 133 1
72 133 1
73 132 1
74 132 1
75 132 1
76 132 1
77 132 1
78 132 1
79 132 1
80 132 1
81 132 1
82 132 1
83 132 1
84 132 1
85 132 1
86 132 1
87 132 1
88 132 1
89 132 1
90 132 1
91 132 1
92 132 1
93 132 1
94 132 1
95 132 1
96 132 1
97 132 1
98 132 1
99 132 1
100 132 1
101 132 1
102 132 1
103 132 1
104 132 1
105 132 1
106 132 1
107 132 1
108 132 1
109 132 1
110 133 1
111 133 1
112 133 1
113 133 1
114 133 1
115 133 1
116 133 1
117 133 1
118 133 1
119 133 1
120 133 1
121 133 1
122 134 1
123 134 1
124 134 1
125 134 1
126 135 1
127 135 1
128 135 1
129 135 1
130 136 1
131 136 1
132 136 1
133 137 1
134 137 1
135 138 1
136 138 1
137 138 1
138 138 1
139 139 1
140 138 1
140 137 1
140 136 1
140 135 1
139 134 1
139 133 1
139 132 1
139 131 1
138 130 1
138 129 1
138 128 1
138 127 1
137 126 1
137 125 1
137 124 1
137 123 1
137 122 1
137 121 1
137 120 1
137 119 1
137 118 1
137 117 1
137 116 1
136 115 1
136 114 1
136 113 1
136 112 1
136 111 1
136 110 1
136 109 1
136 108 1
136 107 1
136 106 1
136 105 1
136 104 1
136 103 1
136 102 1
136 101 1
136 100 1
136 99 1
136 98 1
136 97 1
136 96 1
136 95 1
136 94 1
137 93 1
137 92 1
137 91 1
137 90 1
137 89 1
137 88 1
137 87 1
137 86 1
138 85 1
138 84 1
138 83 1
138 82 1
138 81 1
138 80 1
138 79 1
139 78 1
139 77 1
139 76 1
139 75 1
140 74 1
140 73 1
140 72 1
140 71 1
141 70 1
141 69 1
141 68 1
141 67 1
142 66 1
142 65 1
142 64 1
142 63 1
143 62 1
143 61 1
143 60 1
143 59 1
144 58 1
145 57 1
146 58 1
147 59 1
148 60 1
149 61 1
149 62 1
150 63 1
151 64 1
151 65 1
152 66 1
152 67 1
153 68 1
154 69 1
154 70 1
155 71 1
155 72 1
156 73 1
156 74 1
157 75 1
157 76 1
158 77 1
159 78 1
159 79 1
160 80 1
160 81 1
161 82 1
161 83 1
162 84 1
163 85 1
163 86 1
164 87 1
164 88 1
165 89 1
166 90 1
167 91 1
168 92 1
169 93 1
170 94 1
171 95 1
172 96 1
172 97 1
173 98 1
174 99 1
175 100 1
176 101 1
177 102 1
178 102 1
179 103 1
180 104 1
181 104 1
182 105 1
183 106 1
184 107 1
185 108 1
188 109 1
189 110 1
190 111 1
191 111 1
192 111 1
193 112 1
194 112 1
195 112 1
196 112 1
197 113 1
198 113 1
199 113 1
200 114 1
201 114 1
202 114 1
203 115 1
204 115 1
205 115 1
206 115 1
207 115 1
208 115 1
209 116 1
210 116 1
211 116 1
212 116 1
213 116 1
214 116 1
215 116 1
216 116 1
217 116 1
218 116 1
219 116 1
220 116 1
221 116 1
222 116 1
223 116 1
224 116 1
225 116 1
226 116 1
227 115 1
228 115 1
229 115 1
230 115 1
231 115 1
232 114 1
233 114 1
234 114 1
235 114 1
236 114 1
237 113 1
238 113 1
239 113 1
240 112 1
241 112 1
242 111 1
243 111 1
244 111 1
245 110 1
246 110 1
247 109 1
248 109 1
249 109 1
250 108 1
251 108 1
252 107 1
253 107 1
254 106 1
255 105 1
256 105 1
257 104 1
258 103 1
259 103 1
260 102 1
261 101 1
262 100 1
263 100 1
264 99 1
265 98 1
266 98 1
267 97 1
268 96 1
269 95 1
270 94 1
271 93 1
272 93 1
273 94 1
274 95 1
275 96 1
275 97 1
276 98 1
276 99 1
277 100 1
277 101 1
278 102 1
278 103 1
279 104 1
279 105 1
280 106 1
280 107 1
280 108 1
281 109 1
281 110 1
282 111 1
282 112 1
283 113 1
283 114 1
284 115 1
284 116 1
284 117 1
.PEN_UP
.PEN_DOWN
273 92 1
273 91 1
272 90 1
271 89 1
271 88 1
270 87 1
270 86 1
269 85 1
269 84 1
268 83 1
268 82 1
267 81 1
266 80 1
266 79 1
265 78 1
265 77 1
264 76 1
264 75 1
263 74 1
263 73 1
262 72 1
262 71 1
261 70 1
261 69 1
260 68 1
260 67 1
259 66 1
258 65 1
258 64 1
257 63 1
257 62 1
256 61 1
256 60 1
255 59 1
255 58 1
254 57 1
254 56 1
253 55 1
253 54 1
252 53 1
251 52 1
251 51 1
250 50 1
250 49 1
249 48 1
249 47 1
248 46 1
248 45 1
247 44 1
247 43 1
247 42 1
246 41 1
246 40 1
245 39 1
245 38 1
245 37 1
244 36 1
244 35 1
243 34 1
243 33 1
243 32 1
243 31 1
243 30 1
243 29 1
243 28 1
243 27 1
243 26 1
242 25 1
242 24 1
242 23 1
242 22 1
242 21 1
243 20 1
243 19 1
243 18 1
243 17 1
243 16 1
243 15 1
243 14 1
243 13 1
243 12 1
244 11 1
245 10 1
245 9 1
246 8 1
246 7 1
247 6 1
248 5 1
249 4 1
250 4 1
251 3 1
252 2 1
253 1 1
254 2 1
255 2 1
256 2 1
257 2 1
258 2 1
259 2 1
260 3 1
261 3 1
262 4 1
263 4 1
264 5 1
265 5 1
266 6 1
267 6 1
268 7 1
269 8 1
270 8 1
271 9 1
272 10 1
273 10 1
274 11 1
275 12 1
276 13 1
277 13 1
278 14 1
279 15 1
280 16 1
281 17 1
282 18 1
283 19 1
284 20 1
284 21 1
285 22 1
286 23 1
287 24 1
288 25 1
289 26 1
289 27 1
290 28 1
290 29 1
291 30 1
291 31 1
291 32 1
292 33 1
292 34 1
293 35 1
293 36 1
294 37 1
294 38 1
294 39 1
294 40 1
294 41 1
295 42 1
295 43 1
295 44 1
295 45 1
295 46 1
295 47 1
295 48 1
295 49 1
295 50 1
295 51 1
295 52 1
295 53 1
295 54 1
295 55 1
295 56 1
294 57 1
294 58 1
294 59 1
294 60 1
294 61 1
294 62 1
294 63 1
293 64 1
293 65 1
292 66 1
292 67 1
291 68 1
291 69 1
290 70 1
290 71 1
289 72 1
289 73 1
288 74 1
288 75 1
287 76 1
286 77 1
285 78 1
285 79 1
284 80 1
283 81 1
282 82 1
282 83 1
281 84 1
280 85 1
279 86 1
278 87 1
277 88 1
276 89 1
275 90 1
274 90 1
.PEN_UP
.PEN_DOWN
186 108 1
187 107 1
188 106 1
189 105 1
190 105 1
.PEN_UP
.PEN_DOWN
186 109 1
185 110 1
184 111 1
184 112 1
183 113 1
183 114 1
183 115 1
182 116 1
182 117 1
181 118 1
181 119 1
180 120 1
180 121 1
180 122 1
180 123 1
180 124 1
179 125 1
179 126 1
179 127 1
179 128 1
178 129 1
178 130 1
178 131 1
178 132 1
178 133 1
177 134 1
177 135 1
177 136 1
177 137 1
177 138 1
176 139 1
176 140 1
176 141 1
176 142 1
176 143 1
176 144 1
176 145 1
176 146 1
175 147 1
175 148 1
175 149 1
175 150 1
175 151 1
175 152 1
175 153 1
175 154 1
175 155 1
175 156 1
174 157 1
174 158 1
174 159 1
174 160 1
174 161 1
174 162 1
174 163 1
174 164 1
174 165 1
174 166 1
173 167 1
173 168 1
.PEN_UP
.PEN_DOWN
59 279 1
58 278 1
58 277 1
57 276 1
57 275 1
57 274 1
57 273 1
58 272 1
59 272 1
60 272 1
61 272 1
62 271 1
63 271 1
64 271 1
65 271 1
66 271 1
67 271 1
68 271 1
69 271 1
70 271 1
71 271 1
72 271 1
73 271 1
74 271 1
75 271 1
76 271 1
77 271 1
78 271 1
79 271 1
80 272 1
81 272 1
82 272 1
83 272 1
84 272 1
85 272 1
86 272 1
87 272 1
88 272 1
89 272 1
90 272 1
91 272 1
92 272 1
93 272 1
94 272 1
95 272 1
96 272 1
97 273 1
98 273 1
99 273 1
100 273 1
101 273 1
102 273 1
103 273 1
104 273 1
105 273 1
106 273 1
107 273 1
108 273 1
109 273 1
110 273 1
111 273 1
112 273 1
113 273 1
114 273 1
115 273 1
116 273 1
117 273 1
118 273 1
119 273 1
120 273 1
121 273 1
122 273 1
123 273 1
124 273 1
125 273 1
126 273 1
127 273 1
128 273 1
129 273 1
130 273 1
131 273 1
132 273 1
133 273 1
134 273 1
135 273 1
136 273 1
137 273 1
138 273 1
139 273 1
140 273 1
141 273 1
142 273 1
143 273 1
144 273 1
145 273 1
146 273 1
147 273 1
148 273 1
149 272 1
150 272 1
151 272 1
152 272 1
153 272 1
154 272 1
155 272 1
156 272 1
157 272 1
158 272 1
159 272 1
160 272 1
161 272 1
162 272 1
163 272 1
164 272 1
165 272 1
166 272 1
167 272 1
168 272 1
169 272 1
170 272 1
171 271 1
172 271 1
173 271 1
174 271 1
175 271 1
176 271 1
177 271 1
178 271 1
179 271 1
180 271 1
181 271 1
182 271 1
183 271 1
184 271 1
185 271 1
186 271 1
187 271 1
188 271 1
189 271 1
190 271 1
191 271 1
192 271 1
193 271 1
194 271 1
195 271 1
196 271 1
197 271 1
198 271 1
199 271 1
200 271 1
201 271 1
202 271 1
203 271 1
204 271 1
205 271 1
206 271 1
207 271 1
208 271 1
209 271 1
210 271 1
211 271 1
212 271 1
213 270 1
214 270 1
215 270 1
216 270 1
217 270 1
218 270 1
219 270 1
220 270 1
221 270 1
222 270 1
223 270 1
224 270 1
225 270 1
226 270 1
227 270 1
228 270 1
229 270 1
230 270 1
231 269 1
232 269 1
233 269 1
234 269 1
235 269 1
236 269 1
237 269 1
238 269 1
239 269 1
240 269 1
241 269 1
242 269 1
243 269 1
244 269 1
245 269 1
.PEN_UP
