.PEN_DOWN
9 9 1
9 8 1
9 7 1
9 6 1
9 5 1
9 4 1
10 3 1
10 2 1
11 1 1
12 2 1
13 3 1
14 4 1
14 5 1
14 6 1
15 7 1
15 8 1
15 9 1
15 10 1
15 11 1
15 12 1
16 13 1
16 14 1
16 15 1
16 16 1
16 17 1
16 18 1
16 19 1
16 20 1
16 21 1
16 22 1
16 23 1
16 24 1
16 25 1
16 26 1
16 27 1
16 28 1
16 29 1
16 30 1
16 31 1
16 32 1
16 33 1
16 34 1
16 35 1
16 36 1
16 37 1
16 38 1
16 39 1
16 40 1
16 41 1
16 42 1
16 43 1
16 44 1
16 45 1
16 46 1
16 47 1
16 48 1
16 49 1
16 50 1
16 51 1
16 52 1
16 53 1
16 54 1
16 55 1
16 56 1
16 57 1
16 58 1
16 59 1
16 60 1
16 61 1
16 62 1
16 63 1
16 64 1
16 65 1
16 66 1
16 67 1
16 68 1
16 69 1
16 70 1
16 71 1
16 72 1
16 73 1
16 74 1
16 75 1
15 76 1
15 77 1
15 78 1
15 79 1
15 80 1
15 81 1
15 82 1
15 83 1
15 84 1
15 85 1
15 86 1
15 87 1
15 88 1
15 89 1
15 90 1
14 91 1
14 92 1
14 93 1
14 94 1
14 95 1
14 96 1
14 97 1
14 98 1
14 99 1
14 100 1
14 101 1
14 102 1
14 103 1
14 104 1
13 105 1
13 106 1
13 107 1
13 108 1
13 109 1
13 110 1
13 111 1
13 112 1
13 113 1
13 114 1
13 115 1
13 116 1
13 117 1
12 118 1
12 119 1
12 120 1
12 121 1
12 122 1
12 123 1
12 124 1
12 125 1
12 126 1
12 127 1
12 128 1
12 129 1
12 130 1
11 131 1
11 132 1
11 133 1
11 134 1
11 135 1
11 136 1
11 137 1
11 138 1
11 139 1
11 140 1
11 141 1
11 142 1
11 143 1
11 144 1
10 145 1
10 146 1
10 147 1
10 148 1
10 149 1
10 150 1
10 151 1
10 152 1
10 153 1
10 154 1
10 155 1
10 156 1
10 157 1
10 158 1
10 159 1
9 160 1
9 161 1
9 162 1
9 163 1
9 164 1
9 165 1
9 166 1
9 167 1
9 168 1
9 169 1
9 170 1
9 171 1
9 172 1
9 173 1
9 174 1
8 175 1
8 176 1
8 177 1
8 178 1
8 179 1
8 180 1
8 181 1
8 182 1
8 183 1
8 184 1
8 185 1
8 186 1
8 187 1
8 188 1
8 189 1
7 190 1
7 191 1
7 192 1
7 193 1
7 194 1
7 195 1
7 196 1
7 197 1
7 198 1
7 199 1
7 200 1
7 201 1
7 202 1
7 203 1
6 204 1
6 205 1
6 206 1
6 207 1
6 208 1
6 209 1
6 210 1
6 211 1
6 212 1
6 213 1
6 214 1
6 215 1
6 216 1
6 217 1
5 218 1
5 219 1
5 220 1
5 221 1
5 222 1
5 223 1
5 224 1
5 225 1
5 226 1
5 227 1
5 228 1
5 229 1
5 230 1
5 231 1
5 232 1
5 233 1
4 234 1
4 235 1
4 236 1
4 237 1
4 238 1
4 239 1
4 240 1
4 241 1
4 242 1
4 243 1
4 244 1
4 245 1
4 246 1
4 247 1
4 248 1
4 249 1
4 250 1
4 251 1
3 252 1
3 253 1
3 254 1
3 255 1
3 256 1
3 257 1
3 258 1
3 259 1
3 260 1
3 261 1
3 262 1
3 263 1
3 264 1
3 265 1
3 266 1
3 267 1
3 268 1
3 269 1
3 270 1
3 271 1
3 272 1
3 273 1
3 274 1
3 275 1
2 276 1
2 277 1
2 278 1
2 279 1
2 280 1
2 281 1
2 282 1
2 283 1
2 284 1
2 285 1
2 286 1
2 287 1
2 288 1
2 289 1
2 290 1
2 291 1
2 292 1
2 293 1
2 294 1
1 295 1
1 296 1
1 297 1
1 298 1
1 299 1
1 300 1
1 301 1
1 302 1
1 303 1
1 304 1
1 305 1
1 306 1
1 307 1
1 308 1
1 309 1
1 310 1
2 311 1
2 312 1
3 313 1
4 313 1
5 313 1
.PEN_UP
.PEN_DOWN
31 128 1
32 128 1
33 128 1
34 128 1
35 128 1
36 128 1
37 128 1
38 128 1
39 128 1
40 129 1
41 129 1
42 129 1
43 129 1
44 129 1
45 129 1
46 129 1
47 129 1
48 129 1
49 129 1
50 129 1
51 129 1
52 129 1
53 129 1
54 129 1
55 129 1
56 129 1
57 129 1
58 129 1
59 129 1
60 129 1
61 130 1
62 130 1
63 130 1
64 130 1
65 130 1
66 130 1
67 130 1
68 130 1
69 130 1
70 130 1
71 130 1
72 130 1
73 130 1
74 130 1
75 131 1
76 131 1
77 131 1
78 131 1
79 131 1
80 131 1
81 131 1
82 131 1
83 131 1
84 131 1
85 131 1
86 131 1
87 131 1
88 131 1
89 131 1
90 131 1
91 131 1
92 131 1
93 131 1
94 131 1
95 131 1
96 131 1
97 131 1
98 131 1
99 131 1
100 131 1
101 131 1
102 131 1
103 131 1
104 131 1
105 131 1
106 131 1
107 131 1
108 131 1
109 131 1
110 131 1
111 131 1
112 131 1
113 131 1
114 131 1
115 131 1
116 131 1
117 131 1
118 131 1
119 131 1
120 131 1
121 131 1
122 131 1
123 131 1
124 131 1
125 132 1
126 132 1
127 133 1
131 132 1
132 132 1
133 133 1
.PEN_UP
.PEN_DOWN
128 133 1
129 130 1
129 129 1
129 128 1
129 127 1
129 126 1
129 125 1
129 124 1
129 123 1
130 122 1
130 121 1
130 120 1
130 119 1
130 118 1
131 117 1
131 116 1
131 115 1
131 114 1
131 113 1
131 112 1
132 111 1
132 110 1
132 109 1
132 108 1
132 107 1
132 106 1
132 105 1
132 104 1
133 103 1
133 102 1
133 101 1
134 100 1
134 99 1
134 98 1
134 97 1
135 96 1
136 95 1
136 94 1
137 93 1
138 92 1
138 91 1
139 90 1
140 89 1
141 88 1
142 88 1
143 87 1
144 86 1
145 85 1
146 84 1
147 84 1
.PEN_UP
.PEN_DOWN
129 132 1
128 135 1
128 136 1
128 137 1
128 138 1
128 139 1
128 140 1
128 141 1
128 142 1
128 143 1
128 144 1
128 145 1
128 146 1
128 147 1
128 148 1
128 149 1
128 150 1
128 151 1
128 152 1
128 153 1
128 154 1
128 155 1
129 156 1
129 157 1
129 158 1
129 159 1
130 160 1
130 161 1
130 162 1
130 163 1
131 164 1
131 165 1
131 166 1
131 167 1
132 168 1
132 169 1
132 170 1
132 171 1
133 172 1
133 173 1
134 174 1
134 175 1
134 176 1
135 177 1
135 178 1
136 179 1
137 180 1
137 181 1
138 182 1
139 183 1
139 184 1
140 185 1
141 186 1
142 187 1
143 188 1
144 188 1
145 189 1
146 190 1
147 190 1
148 190 1
149 190 1
150 190 1
151 190 1
152 190 1
153 190 1
154 190 1
155 190 1
156 190 1
157 190 1
158 189 1
159 189 1
160 189 1
161 188 1
162 188 1
163 187 1
164 187 1
165 186 1
166 186 1
167 185 1
168 184 1
169 184 1
170 183 1
171 182 1
172 182 1
173 181 1
174 180 1
175 179 1
176 178 1
177 177 1
178 176 1
179 175 1
180 174 1
181 173 1
182 173 1
183 172 1
184 171 1
185 170 1
186 169 1
187 168 1
188 167 1
189 166 1
190 165 1
191 164 1
192 163 1
192 162 1
193 161 1
194 160 1
195 159 1
196 158 1
196 157 1
197 156 1
198 155 1
199 154 1
200 153 1
201 152 1
201 151 1
202 150 1
203 149 1
204 148 1
205 147 1
205 146 1
206 145 1
207 144 1
208 143 1
209 142 1
209 141 1
210 140 1
211 139 1
212 138 1
212 137 1
213 136 1
214 135 1
215 134 1
216 133 1
216 132 1
217 131 1
217 130 1
218 129 1
219 128 1
219 127 1
220 126 1
220 125 1
221 124 1
221 123 1
222 122 1
222 121 1
222 120 1
223 119 1
223 118 1
223 117 1
224 116 1
224 115 1
224 114 1
225 113 1
225 112 1
225 111 1
226 110 1
227 109 1
228 108 1
229 109 1
230 110 1
231 111 1
231 112 1
232 113 1
233 114 1
234 115 1
234 116 1
235 117 1
236 118 1
237 119 1
237 120 1
238 121 1
239 122 1
240 123 1
240 124 1
241 125 1
242 126 1
242 127 1
243 128 1
244 129 1
245 130 1
245 131 1
246 132 1
247 133 1
248 134 1
249 135 1
250 136 1
251 137 1
251 138 1
252 139 1
253 140 1
254 141 1
255 142 1
256 143 1
257 144 1
258 145 1
259 146 1
260 147 1
260 148 1
261 149 1
262 150 1
263 151 1
264 152 1
265 153 1
266 154 1
267 155 1
268 156 1
269 157 1
269 158 1
270 159 1
271 160 1
272 161 1
273 162 1
274 163 1
275 164 1
275 165 1
276 166 1
277 167 1
278 168 1
279 169 1
279 170 1
280 171 1
281 172 1
282 173 1
283 174 1
284 175 1
285 176 1
285 177 1
286 178 1
287 179 1
288 180 1
289 181 1
290 182 1
290 183 1
291 184 1
292 185 1
293 186 1
293 187 1
294 188 1
295 189 1
295 190 1
296 191 1
297 192 1
297 193 1
298 194 1
299 195 1
299 196 1
300 197 1
300 198 1
301 199 1
301 200 1
301 201 1
302 202 1
302 203 1
303 204 1
303 205 1
303 206 1
304 207 1
304 208 1
304 209 1
304 210 1
304 211 1
305 212 1
305 213 1
305 214 1
305 215 1
305 216 1
305 217 1
305 218 1
305 219 1
305 220 1
305 221 1
305 222 1
305 223 1
305 224 1
305 225 1
305 226 1
305 227 1
305 228 1
304 229 1
304 230 1
304 231 1
304 232 1
304 233 1
304 234 1
303 235 1
303 236 1
303 237 1
303 238 1
302 239 1
302 240 1
302 241 1
302 242 1
301 243 1
301 244 1
301 245 1
301 246 1
300 247 1
.PEN_UP
.PEN_DOWN
227 107 1
227 106 1
227 105 1
227 104 1
227 103 1
227 102 1
226 101 1
226 100 1
226 99 1
226 98 1
225 97 1
225 96 1
225 95 1
224 94 1
.PEN_UP
