.PEN_DOWN
128 35 1
128 36 1
128 37 1
128 38 1
128 39 1
128 40 1
129 41 1
129 42 1
129 43 1
129 44 1
130 45 1
130 46 1
131 47 1
131 48 1
132 49 1
132 50 1
133 51 1
133 52 1
134 53 1
134 54 1
134 55 1
135 56 1
135 57 1
136 58 1
136 59 1
136 60 1
136 61 1
137 62 1
137 63 1
137 64 1
138 65 1
138 66 1
138 67 1
138 68 1
139 69 1
139 70 1
139 71 1
139 72 1
140 73 1
140 74 1
140 75 1
140 76 1
140 77 1
140 78 1
140 79 1
140 80 1
141 81 1
141 82 1
141 83 1
141 84 1
141 85 1
141 86 1
141 87 1
141 88 1
142 89 1
142 90 1
142 91 1
142 92 1
142 93 1
142 94 1
142 95 1
142 96 1
143 97 1
143 98 1
143 99 1
143 100 1
143 101 1
143 102 1
143 103 1
143 104 1
143 105 1
143 106 1
143 107 1
143 108 1
144 109 1
144 110 1
144 111 1
144 112 1
144 113 1
144 114 1
144 115 1
144 116 1
144 117 1
144 118 1
144 119 1
144 120 1
145 121 1
145 122 1
145 123 1
145 124 1
145 125 1
145 126 1
145 127 1
145 128 1
145 129 1
145 130 1
145 131 1
145 132 1
145 133 1
145 134 1
145 135 1
145 136 1
145 137 1
145 138 1
145 139 1
145 140 1
143 142 1
142 142 1
141 142 1
140 143 1
139 144 1
138 145 1
.PEN_UP
.PEN_DOWN
144 141 1
145 143 1
146 144 1
146 145 1
146 146 1
146 147 1
146 148 1
146 149 1
146 150 1
146 151 1
146 152 1
146 153 1
146 154 1
146 155 1
146 156 1
146 157 1
146 158 1
146 159 1
146 160 1
146 161 1
146 162 1
146 163 1
146 164 1
146 165 1
146 166 1
146 167 1
146 168 1
146 169 1
146 170 1
146 171 1
146 172 1
146 173 1
146 174 1
146 175 1
146 176 1
146 177 1
146 178 1
146 179 1
146 180 1
146 181 1
146 182 1
146 183 1
146 184 1
146 185 1
146 186 1
147 187 1
147 188 1
147 189 1
147 190 1
147 191 1
147 192 1
147 193 1
147 194 1
147 195 1
147 196 1
147 197 1
147 198 1
147 199 1
147 200 1
147 201 1
147 202 1
147 203 1
147 204 1
147 205 1
147 206 1
147 207 1
147 208 1
147 209 1
147 210 1
147 211 1
147 212 1
147 213 1
147 214 1
147 215 1
147 216 1
147 217 1
147 218 1
147 219 1
147 220 1
147 221 1
147 222 1
147 223 1
147 224 1
147 225 1
147 226 1
147 227 1
147 228 1
147 229 1
148 230 1
148 231 1
148 232 1
148 233 1
148 234 1
148 235 1
148 236 1
148 237 1
148 238 1
148 239 1
148 240 1
148 241 1
148 242 1
148 243 1
148 244 1
148 245 1
148 246 1
148 247 1
148 248 1
148 249 1
148 250 1
148 251 1
148 252 1
148 253 1
148 254 1
148 255 1
148 256 1
148 257 1
148 258 1
148 259 1
148 260 1
148 261 1
148 262 1
148 263 1
148 264 1
148 265 1
148 266 1
148 267 1
148 268 1
148 269 1
148 270 1
148 271 1
148 272 1
148 273 1
148 274 1
148 275 1
148 276 1
148 277 1
148 278 1
148 279 1
147 280 1
147 281 1
147 282 1
147 283 1
147 284 1
147 285 1
147 286 1
.PEN_UP
.PEN_DOWN
145 141 1
147 140 1
148 140 1
149 140 1
150 140 1
151 140 1
152 139 1
153 139 1
154 139 1
155 139 1
156 139 1
157 139 1
158 138 1
159 138 1
160 138 1
161 138 1
162 138 1
163 138 1
164 137 1
165 137 1
166 137 1
167 137 1
168 137 1
169 136 1
170 136 1
171 136 1
172 135 1
173 135 1
174 135 1
175 135 1
176 134 1
177 134 1
178 134 1
179 134 1
180 133 1
181 133 1
182 133 1
183 133 1
184 133 1
185 132 1
186 132 1
187 132 1
188 132 1
189 131 1
190 131 1
191 131 1
192 131 1
193 131 1
194 130 1
195 130 1
196 130 1
197 130 1
198 130 1
199 129 1
200 129 1
201 129 1
202 129 1
203 129 1
204 129 1
205 129 1
206 129 1
207 129 1
208 128 1
209 128 1
210 128 1
211 128 1
212 128 1
213 128 1
214 128 1
215 128 1
216 128 1
217 128 1
218 127 1
219 127 1
220 127 1
221 127 1
222 127 1
223 127 1
224 127 1
225 126 1
226 126 1
227 126 1
228 126 1
229 125 1
230 125 1
231 125 1
232 125 1
233 125 1
.PEN_UP
.PEN_DOWN
228 124 1
227 123 1
226 123 1
225 122 1
224 121 1
224 120 1
223 119 1
222 118 1
222 117 1
221 116 1
221 115 1
221 114 1
220 113 1
220 112 1
219 111 1
219 110 1
219 109 1
219 108 1
219 107 1
219 106 1
219 105 1
219 104 1
218 103 1
218 102 1
218 101 1
218 100 1
218 99 1
218 98 1
218 97 1
218 96 1
218 95 1
218 94 1
218 93 1
218 92 1
218 91 1
217 90 1
217 89 1
217 88 1
217 87 1
217 86 1
217 85 1
217 84 1
217 83 1
217 82 1
217 81 1
217 80 1
217 79 1
217 78 1
217 77 1
217 76 1
217 75 1
217 74 1
217 73 1
217 72 1
217 71 1
217 70 1
217 69 1
217 68 1
218 67 1
218 66 1
218 65 1
218 64 1
218 63 1
218 62 1
218 61 1
218 60 1
219 59 1
219 58 1
219 57 1
219 56 1
219 55 1
219 54 1
219 53 1
220 52 1
220 51 1
220 50 1
220 49 1
221 48 1
221 47 1
221 46 1
221 45 1
222 44 1
222 43 1
222 42 1
222 41 1
223 40 1
223 39 1
224 38 1
224 37 1
224 36 1
225 35 1
225 34 1
225 33 1
226 32 1
226 31 1
226 30 1
227 29 1
228 28 1
228 27 1
229 26 1
229 25 1
230 24 1
230 23 1
231 22 1
232 21 1
232 20 1
233 19 1
234 18 1
235 17 1
236 16 1
237 15 1
238 14 1
239 13 1
240 12 1
241 11 1
242 10 1
243 9 1
244 8 1
245 7 1
246 6 1
247 6 1
248 5 1
249 4 1
250 3 1
251 3 1
252 3 1
253 2 1
254 2 1
255 2 1
256 1 1
257 1 1
258 1 1
259 1 1
260 1 1
261 1 1
262 1 1
263 1 1
264 2 1
265 2 1
266 2 1
267 3 1
268 3 1
269 4 1
270 5 1
271 6 1
272 7 1
273 8 1
274 9 1
275 10 1
276 11 1
276 12 1
277 13 1
278 14 1
278 15 1
279 16 1
279 17 1
279 18 1
280 19 1
280 20 1
281 21 1
281 22 1
281 23 1
281 24 1
282 25 1
282 26 1
282 27 1
282 28 1
282 29 1
283 30 1
283 31 1
283 32 1
283 33 1
283 34 1
283 35 1
283 36 1
283 37 1
283 38 1
284 39 1
284 40 1
284 41 1
284 42 1
284 43 1
284 44 1
284 45 1
284 46 1
284 47 1
284 48 1
284 49 1
284 50 1
284 51 1
284 52 1
284 53 1
284 54 1
284 55 1
284 56 1
284 57 1
284 58 1
283 59 1
283 60 1
283 61 1
283 62 1
283 63 1
283 64 1
283 65 1
282 66 1
282 67 1
282 68 1
282 69 1
282 70 1
282 71 1
282 72 1
282 73 1
282 74 1
282 75 1
282 76 1
282 77 1
282 78 1
282 79 1
282 80 1
281 81 1
281 82 1
281 83 1
281 84 1
281 85 1
281 86 1
281 87 1
281 88 1
281 89 1
281 90 1
281 91 1
281 92 1
281 93 1
281 94 1
281 95 1
281 96 1
281 97 1
281 98 1
280 99 1
280 100 1
280 101 1
280 102 1
280 103 1
280 104 1
280 105 1
280 106 1
280 107 1
280 108 1
280 109 1
280 110 1
281 111 1
281 112 1
281 113 1
281 114 1
281 115 1
282 116 1
282 117 1
282 118 1
283 119 1
283 120 1
284 121 1
285 122 1
286 123 1
287 123 1
288 123 1
289 124 1
290 124 1
291 124 1
292 125 1
293 125 1
294 125 1
295 125 1
296 125 1
297 125 1
298 125 1
299 125 1
300 125 1
301 125 1
302 125 1
303 125 1
304 125 1
305 125 1
306 125 1
307 125 1
308 125 1
309 125 1
310 125 1
311 125 1
312 125 1
313 125 1
314 125 1
315 124 1
316 124 1
317 124 1
318 124 1
319 124 1
320 123 1
321 123 1
322 122 1
323 122 1
324 122 1
325 121 1
326 121 1
327 120 1
328 120 1
329 119 1
330 119 1
331 118 1
332 117 1
333 117 1
334 116 1
335 115 1
336 115 1
337 114 1
338 114 1
339 113 1
340 112 1
341 111 1
342 110 1
343 109 1
344 108 1
345 107 1
346 106 1
347 105 1
348 104 1
349 103 1
350 102 1
351 101 1
351 100 1
352 99 1
353 98 1
353 97 1
354 96 1
355 95 1
355 94 1
356 93 1
357 92 1
357 91 1
358 90 1
358 89 1
359 88 1
359 87 1
360 86 1
361 85 1
361 84 1
362 83 1
362 82 1
363 81 1
363 80 1
364 79 1
364 78 1
364 77 1
365 76 1
365 75 1
365 74 1
365 73 1
366 72 1
366 71 1
366 70 1
367 69 1
367 68 1
367 67 1
367 66 1
367 65 1
368 64 1
369 63 1
370 64 1
371 65 1
372 66 1
373 67 1
374 68 1
375 69 1
376 70 1
377 71 1
378 72 1
379 73 1
380 74 1
381 75 1
382 76 1
383 77 1
384 78 1
385 79 1
386 80 1
387 81 1
387 82 1
388 83 1
388 84 1
389 85 1
389 86 1
390 87 1
391 88 1
391 89 1
392 90 1
392 91 1
393 92 1
393 93 1
394 94 1
394 95 1
394 96 1
395 97 1
395 98 1
395 99 1
396 100 1
396 101 1
396 102 1
397 103 1
397 104 1
398 105 1
398 106 1
398 107 1
399 108 1
399 109 1
399 110 1
399 111 1
399 112 1
400 113 1
400 114 1
400 115 1
400 116 1
401 117 1
401 118 1
401 119 1
401 120 1
401 121 1
402 122 1
402 123 1
402 124 1
402 125 1
402 126 1
402 127 1
402 128 1
402 129 1
402 130 1
403 131 1
403 132 1
403 133 1
403 134 1
403 135 1
403 136 1
403 137 1
403 138 1
403 139 1
403 140 1
403 141 1
403 142 1
403 143 1
403 144 1
403 145 1
403 146 1
403 147 1
403 148 1
403 149 1
403 150 1
403 151 1
403 152 1
403 153 1
403 154 1
403 155 1
403 156 1
403 157 1
403 158 1
403 159 1
403 160 1
403 161 1
402 162 1
402 163 1
402 164 1
402 165 1
402 166 1
402 167 1
402 168 1
402 169 1
402 170 1
402 171 1
401 172 1
401 173 1
401 174 1
401 175 1
401 176 1
401 177 1
400 178 1
400 179 1
400 180 1
400 181 1
400 182 1
400 183 1
400 184 1
399 185 1
399 186 1
399 187 1
398 188 1
398 189 1
398 190 1
397 191 1
397 192 1
397 193 1
396 194 1
396 195 1
396 196 1
395 197 1
395 198 1
395 199 1
394 200 1
394 201 1
394 202 1
393 203 1
393 204 1
393 205 1
392 206 1
392 207 1
391 208 1
391 209 1
390 210 1
390 211 1
390 212 1
389 213 1
389 214 1
388 215 1
388 216 1
387 217 1
387 218 1
386 219 1
385 220 1
384 221 1
383 222 1
382 223 1
381 224 1
380 225 1
379 226 1
378 227 1
377 228 1
376 229 1
375 230 1
374 231 1
373 232 1
372 233 1
.PEN_UP
.PEN_DOWN
368 62 1
367 61 1
367 60 1
365 58 1
364 57 1
363 56 1
362 55 1
361 54 1
360 53 1
359 52 1
358 51 1
358 50 1
357 49 1
356 48 1
355 47 1
354 46 1
353 45 1
352 44 1
351 43 1
350 42 1
349 41 1
348 40 1
347 40 1
346 39 1
345 38 1
344 37 1
343 36 1
343 35 1
342 34 1
341 33 1
340 32 1
340 31 1
339 30 1
338 29 1
338 28 1
337 27 1
337 26 1
336 25 1
335 24 1
335 23 1
334 22 1
334 21 1
334 20 1
333 19 1
333 18 1
333 17 1
332 16 1
332 15 1
332 14 1
332 13 1
332 12 1
332 11 1
332 10 1
332 9 1
332 8 1
333 7 1
334 6 1
335 5 1
336 4 1
337 3 1
338 3 1
339 3 1
340 2 1
341 2 1
342 2 1
343 2 1
344 3 1
345 3 1
346 3 1
347 4 1
348 4 1
349 5 1
350 6 1
351 7 1
352 7 1
353 8 1
354 9 1
355 10 1
356 11 1
357 12 1
358 13 1
359 14 1
360 15 1
360 16 1
361 17 1
362 18 1
362 19 1
363 20 1
363 21 1
364 22 1
364 23 1
365 24 1
365 25 1
365 26 1
366 27 1
366 28 1
367 29 1
367 30 1
367 31 1
368 32 1
368 33 1
368 34 1
368 35 1
368 36 1
369 37 1
369 38 1
369 39 1
369 40 1
369 41 1
369 42 1
369 43 1
369 44 1
369 45 1
369 46 1
369 47 1
369 48 1
369 49 1
369 50 1
369 51 1
369 52 1
369 53 1
369 54 1
369 55 1
369 56 1
369 57 1
368 58 1
367 59 1
.PEN_UP
.PEN_DOWN
121 151 1
121 150 1
121 149 1
121 148 1
120 147 1
120 146 1
120 145 1
119 144 1
119 143 1
119 142 1
118 141 1
118 140 1
118 139 1
117 138 1
117 137 1
117 136 1
116 135 1
116 134 1
115 133 1
115 132 1
115 131 1
114 130 1
114 129 1
113 128 1
113 127 1
113 126 1
112 125 1
112 124 1
111 123 1
111 122 1
110 121 1
110 120 1
109 119 1
109 118 1
108 117 1
108 116 1
107 115 1
106 114 1
105 113 1
105 112 1
104 111 1
103 110 1
102 109 1
101 108 1
100 107 1
99 106 1
98 106 1
97 105 1
96 104 1
95 103 1
94 103 1
93 102 1
92 102 1
91 102 1
90 101 1
89 101 1
88 100 1
87 100 1
86 100 1
85 100 1
84 100 1
83 100 1
82 100 1
81 99 1
80 99 1
79 99 1
78 99 1
77 99 1
76 99 1
75 99 1
74 99 1
73 99 1
72 99 1
71 99 1
70 98 1
69 98 1
68 98 1
67 98 1
66 99 1
65 99 1
64 99 1
63 99 1
62 99 1
61 99 1
60 99 1
59 99 1
58 99 1
57 100 1
56 100 1
55 100 1
54 100 1
53 101 1
52 101 1
51 101 1
50 101 1
49 102 1
48 102 1
47 102 1
46 102 1
45 103 1
44 103 1
43 104 1
42 104 1
41 105 1
40 105 1
39 105 1
38 106 1
37 106 1
36 107 1
35 107 1
34 107 1
33 108 1
32 109 1
31 110 1
30 110 1
29 111 1
28 112 1
27 113 1
26 113 1
25 114 1
24 115 1
23 116 1
22 117 1
21 118 1
20 119 1
19 120 1
19 121 1
18 122 1
17 123 1
16 124 1
15 125 1
14 126 1
14 127 1
14 128 1
13 129 1
13 130 1
12 131 1
12 132 1
11 133 1
11 134 1
10 135 1
10 136 1
9 137 1
9 138 1
8 139 1
8 140 1
7 141 1
7 142 1
7 143 1
7 144 1
6 145 1
6 146 1
6 147 1
6 148 1
5 149 1
5 150 1
5 151 1
4 152 1
4 153 1
4 154 1
4 155 1
3 156 1
3 157 1
3 158 1
3 159 1
3 160 1
3 161 1
3 162 1
3 163 1
2 164 1
2 165 1
2 166 1
2 167 1
2 168 1
2 169 1
2 170 1
2 171 1
2 172 1
2 173 1
1 174 1
1 175 1
1 176 1
1 177 1
1 178 1
1 179 1
1 180 1
1 181 1
2 182 1
2 183 1
2 184 1
2 185 1
2 186 1
2 187 1
2 188 1
2 189 1
2 190 1
2 191 1
2 192 1
2 193 1
2 194 1
2 195 1
2 196 1
2 197 1
2 198 1
2 199 1
2 200 1
3 201 1
3 202 1
3 203 1
3 204 1
3 205 1
4 206 1
4 207 1
4 208 1
4 209 1
4 210 1
5 211 1
5 212 1
5 213 1
5 214 1
5 215 1
5 216 1
6 217 1
6 218 1
6 219 1
6 220 1
6 221 1
7 222 1
7 223 1
7 224 1
7 225 1
7 226 1
8 227 1
8 228 1
8 229 1
8 230 1
9 231 1
9 232 1
9 233 1
9 234 1
10 235 1
10 236 1
10 237 1
11 238 1
11 239 1
11 240 1
11 241 1
12 242 1
12 243 1
12 244 1
13 245 1
13 246 1
13 247 1
13 248 1
14 249 1
14 250 1
14 251 1
14 252 1
15 253 1
15 254 1
15 255 1
16 256 1
16 257 1
17 258 1
17 259 1
18 260 1
18 261 1
19 262 1
19 263 1
20 264 1
20 265 1
21 266 1
21 267 1
22 268 1
22 269 1
23 270 1
23 271 1
24 272 1
24 273 1
25 274 1
25 275 1
26 276 1
26 277 1
27 278 1
27 279 1
28 280 1
28 281 1
29 282 1
29 283 1
30 284 1
31 285 1
31 286 1
32 287 1
32 288 1
33 289 1
33 290 1
34 291 1
34 292 1
35 293 1
36 294 1
36 295 1
37 296 1
37 297 1
38 298 1
38 299 1
39 300 1
40 301 1
40 302 1
41 303 1
41 304 1
42 305 1
43 306 1
43 307 1
44 308 1
45 309 1
46 310 1
46 311 1
47 312 1
48 313 1
48 314 1
49 315 1
50 316 1
51 317 1
51 318 1
52 319 1
53 320 1
53 321 1
54 322 1
55 323 1
56 324 1
57 325 1
58 326 1
59 327 1
60 327 1
61 328 1
62 329 1
63 330 1
64 331 1
65 332 1
66 333 1
67 334 1
68 334 1
69 335 1
70 335 1
71 336 1
72 336 1
73 336 1
74 337 1
75 337 1
76 338 1
77 338 1
.PEN_UP
