.PEN_DOWN
19 127 1
19 128 1
19 129 1
19 130 1
19 131 1
18 132 1
18 133 1
17 134 1
17 135 1
17 136 1
17 137 1
17 138 1
16 139 1
16 140 1
16 141 1
16 142 1
15 143 1
15 144 1
15 145 1
15 146 1
15 147 1
14 148 1
14 149 1
14 150 1
14 151 1
14 152 1
13 153 1
13 154 1
13 155 1
13 156 1
13 157 1
12 158 1
12 159 1
12 160 1
12 161 1
12 162 1
12 163 1
11 164 1
11 165 1
11 166 1
11 167 1
11 168 1
11 169 1
10 170 1
10 171 1
10 172 1
10 173 1
10 174 1
10 175 1
10 176 1
9 177 1
9 178 1
9 179 1
9 180 1
9 181 1
9 182 1
9 183 1
8 184 1
8 185 1
8 186 1
8 187 1
8 188 1
8 189 1
8 190 1
7 191 1
7 192 1
7 193 1
7 194 1
7 195 1
7 196 1
7 197 1
7 198 1
6 199 1
6 200 1
6 201 1
6 202 1
6 203 1
6 204 1
6 205 1
5 206 1
5 207 1
5 208 1
5 209 1
5 210 1
5 211 1
5 212 1
5 213 1
5 214 1
5 215 1
4 216 1
4 217 1
4 218 1
4 219 1
4 220 1
4 221 1
4 222 1
4 223 1
4 224 1
4 225 1
4 226 1
3 227 1
3 228 1
3 229 1
3 230 1
3 231 1
3 232 1
3 233 1
3 234 1
3 235 1
3 236 1
3 237 1
2 238 1
2 239 1
2 240 1
2 241 1
2 242 1
2 243 1
2 244 1
2 245 1
2 246 1
2 247 1
2 248 1
1 249 1
1 250 1
.PEN_UP
.PEN_DOWN
24 128 1
25 128 1
26 129 1
27 129 1
28 129 1
29 129 1
30 129 1
31 129 1
32 130 1
33 130 1
34 130 1
35 130 1
36 130 1
37 130 1
38 130 1
39 130 1
40 130 1
41 130 1
42 130 1
43 130 1
44 130 1
45 130 1
46 130 1
47 130 1
48 130 1
49 130 1
50 130 1
51 130 1
52 130 1
53 130 1
54 130 1
55 130 1
56 130 1
57 130 1
58 130 1
59 130 1
60 130 1
61 130 1
62 130 1
63 130 1
64 130 1
65 130 1
66 130 1
67 130 1
68 130 1
69 130 1
70 131 1
71 131 1
72 131 1
73 131 1
74 131 1
75 131 1
76 131 1
77 131 1
78 131 1
79 131 1
80 131 1
81 131 1
82 131 1
83 131 1
84 131 1
85 131 1
86 131 1
87 131 1
88 130 1
88 129 1
87 128 1
86 127 1
86 126 1
85 125 1
85 124 1
85 123 1
84 122 1
84 121 1
83 120 1
83 119 1
83 118 1
82 117 1
82 116 1
82 115 1
82 114 1
82 113 1
81 112 1
81 111 1
81 110 1
81 109 1
81 108 1
80 107 1
80 106 1
80 105 1
80 104 1
80 103 1
80 102 1
80 101 1
80 100 1
80 99 1
80 98 1
80 97 1
80 96 1
80 95 1
80 94 1
80 93 1
80 92 1
80 91 1
80 90 1
81 89 1
81 88 1
81 87 1
81 86 1
81 85 1
81 84 1
81 83 1
81 82 1
81 81 1
81 80 1
82 79 1
82 78 1
82 77 1
82 76 1
82 75 1
82 74 1
83 73 1
83 72 1
83 71 1
83 70 1
83 69 1
83 68 1
84 67 1
84 66 1
85 65 1
85 64 1
85 63 1
86 62 1
86 61 1
86 60 1
87 59 1
87 58 1
87 57 1
88 56 1
88 55 1
88 54 1
89 53 1
89 52 1
89 51 1
90 50 1
90 49 1
90 48 1
91 47 1
92 46 1
93 45 1
93 44 1
94 43 1
95 42 1
95 41 1
96 40 1
97 39 1
97 38 1
98 37 1
99 36 1
100 35 1
101 34 1
102 33 1
103 32 1
104 31 1
105 30 1
106 29 1
107 28 1
108 27 1
109 26 1
110 25 1
111 25 1
112 24 1
113 24 1
114 23 1
115 23 1
116 22 1
117 21 1
118 21 1
119 21 1
120 21 1
121 22 1
122 23 1
123 24 1
124 24 1
125 25 1
126 26 1
127 27 1
127 28 1
128 29 1
128 30 1
129 31 1
129 32 1
130 33 1
130 34 1
131 35 1
131 36 1
131 37 1
131 38 1
131 39 1
132 40 1
132 41 1
132 42 1
132 43 1
133 44 1
133 45 1
133 46 1
133 47 1
133 48 1
134 49 1
134 50 1
134 51 1
134 52 1
134 53 1
135 54 1
135 55 1
135 56 1
135 57 1
135 58 1
136 59 1
136 60 1
136 61 1
136 62 1
136 63 1
136 64 1
136 65 1
137 66 1
137 67 1
137 68 1
137 69 1
137 70 1
137 71 1
137 72 1
137 73 1
137 74 1
138 75 1
138 76 1
138 77 1
138 78 1
138 79 1
138 80 1
138 81 1
138 82 1
139 83 1
139 84 1
139 85 1
139 86 1
140 87 1
140 88 1
140 89 1
140 90 1
140 91 1
141 92 1
141 93 1
141 94 1
141 95 1
142 96 1
142 97 1
142 98 1
143 99 1
144 100 1
145 102 1
145 103 1
145 104 1
146 105 1
146 106 1
146 107 1
147 108 1
147 109 1
147 110 1
147 111 1
149 113 1
150 114 1
151 114 1
152 115 1
153 116 1
154 117 1
155 118 1
156 119 1
157 120 1
158 121 1
159 121 1
160 122 1
.PEN_UP
.PEN_DOWN
147 112 1
146 113 1
145 114 1
145 115 1
145 116 1
145 117 1
145 118 1
145 119 1
145 120 1
145 121 1
144 122 1
144 123 1
144 124 1
144 125 1
144 126 1
144 127 1
144 128 1
144 129 1
144 130 1
143 131 1
143 132 1
143 133 1
143 134 1
143 135 1
143 136 1
143 137 1
143 138 1
142 139 1
142 140 1
142 141 1
142 142 1
142 143 1
142 144 1
142 145 1
142 146 1
142 147 1
141 148 1
141 149 1
141 150 1
141 151 1
141 152 1
141 153 1
141 154 1
141 155 1
141 156 1
140 157 1
140 158 1
140 159 1
140 160 1
140 161 1
140 162 1
140 163 1
140 164 1
140 165 1
139 166 1
139 167 1
139 168 1
139 169 1
139 170 1
139 171 1
139 172 1
139 173 1
138 174 1
138 175 1
138 176 1
138 177 1
138 178 1
138 179 1
138 180 1
138 181 1
138 182 1
140 183 1
141 183 1
142 183 1
143 183 1
144 183 1
145 182 1
146 182 1
147 182 1
148 182 1
149 182 1
150 182 1
151 181 1
152 181 1
153 181 1
154 181 1
155 181 1
156 181 1
157 180 1
158 180 1
159 180 1
160 180 1
161 180 1
162 179 1
163 179 1
164 179 1
165 179 1
166 178 1
167 178 1
168 178 1
169 178 1
170 178 1
171 177 1
172 177 1
173 177 1
174 177 1
175 176 1
176 176 1
177 176 1
178 176 1
179 176 1
180 175 1
181 175 1
182 175 1
183 175 1
184 174 1
185 174 1
186 174 1
187 174 1
188 173 1
189 173 1
190 173 1
191 173 1
192 173 1
193 172 1
194 172 1
195 172 1
196 172 1
197 171 1
198 171 1
199 171 1
200 171 1
201 170 1
202 170 1
203 170 1
204 169 1
205 169 1
206 168 1
207 168 1
208 168 1
209 167 1
210 167 1
211 166 1
212 166 1
213 166 1
214 165 1
215 165 1
216 164 1
217 164 1
218 163 1
219 163 1
220 162 1
221 162 1
222 161 1
223 161 1
224 160 1
225 160 1
226 159 1
227 158 1
228 158 1
229 157 1
230 156 1
231 155 1
232 154 1
232 153 1
233 152 1
233 151 1
233 150 1
233 149 1
233 148 1
233 147 1
232 146 1
232 145 1
232 144 1
231 143 1
231 142 1
230 141 1
230 140 1
229 139 1
229 138 1
228 137 1
227 136 1
227 135 1
226 134 1
225 133 1
224 132 1
224 131 1
223 130 1
222 129 1
221 128 1
220 127 1
219 126 1
218 126 1
217 125 1
216 124 1
215 124 1
214 123 1
213 122 1
212 121 1
211 121 1
210 120 1
209 119 1
208 118 1
207 117 1
206 117 1
205 116 1
204 115 1
203 114 1
202 113 1
201 112 1
200 112 1
199 111 1
198 110 1
197 109 1
196 108 1
195 108 1
194 107 1
193 106 1
192 105 1
191 105 1
190 104 1
189 103 1
188 102 1
187 101 1
186 101 1
185 100 1
184 99 1
183 98 1
182 97 1
181 97 1
180 96 1
179 95 1
178 94 1
177 93 1
176 93 1
175 92 1
174 91 1
173 90 1
172 89 1
171 88 1
170 87 1
169 87 1
168 86 1
167 85 1
166 84 1
165 83 1
164 83 1
163 82 1
162 81 1
161 81 1
160 80 1
159 79 1
158 79 1
157 79 1
156 79 1
155 78 1
154 79 1
153 79 1
152 80 1
152 81 1
151 82 1
150 83 1
150 84 1
150 85 1
150 86 1
149 87 1
149 88 1
148 89 1
148 90 1
147 91 1
147 92 1
147 93 1
147 94 1
146 95 1
146 96 1
146 97 1
146 98 1
146 99 1
145 100 1
.PEN_UP
.PEN_DOWN
155 77 1
156 76 1
156 75 1
157 74 1
157 73 1
158 72 1
159 71 1
159 70 1
160 69 1
160 68 1
161 67 1
162 66 1
162 65 1
163 64 1
164 63 1
164 62 1
165 61 1
166 60 1
167 59 1
167 58 1
168 57 1
169 56 1
170 55 1
170 54 1
171 53 1
172 52 1
173 51 1
174 50 1
174 49 1
175 48 1
176 47 1
177 46 1
178 45 1
179 44 1
180 43 1
181 42 1
182 41 1
183 40 1
184 39 1
185 38 1
186 37 1
187 37 1
188 36 1
189 35 1
190 34 1
191 33 1
192 32 1
193 32 1
194 31 1
195 30 1
196 29 1
197 28 1
198 28 1
199 27 1
200 26 1
201 26 1
202 25 1
203 24 1
204 24 1
205 23 1
206 23 1
207 22 1
208 21 1
209 21 1
210 20 1
211 19 1
212 19 1
213 19 1
214 18 1
215 18 1
216 17 1
217 17 1
218 16 1
219 16 1
220 16 1
221 15 1
222 15 1
223 14 1
224 14 1
225 13 1
226 13 1
227 13 1
228 12 1
229 12 1
230 12 1
231 11 1
232 11 1
233 11 1
234 10 1
235 10 1
236 10 1
237 9 1
238 9 1
239 9 1
240 8 1
241 8 1
242 8 1
243 7 1
244 7 1
245 7 1
246 6 1
247 6 1
248 6 1
249 5 1
250 5 1
251 5 1
252 4 1
253 4 1
254 4 1
255 3 1
256 3 1
257 3 1
258 3 1
259 3 1
260 3 1
261 2 1
262 2 1
263 2 1
264 2 1
265 2 1
266 2 1
267 1 1
268 1 1
269 1 1
270 1 1
271 1 1
272 1 1
273 1 1
274 1 1
275 1 1
276 1 1
277 1 1
278 1 1
279 2 1
280 2 1
281 2 1
282 2 1
283 3 1
284 3 1
285 3 1
286 3 1
287 4 1
288 4 1
289 4 1
290 5 1
291 5 1
292 6 1
293 7 1
294 7 1
295 8 1
296 8 1
297 9 1
298 10 1
299 10 1
300 11 1
301 12 1
302 13 1
303 14 1
304 15 1
305 16 1
306 17 1
306 18 1
307 19 1
308 20 1
309 21 1
310 22 1
310 23 1
311 24 1
312 25 1
312 26 1
313 27 1
313 28 1
314 29 1
314 30 1
315 31 1
316 32 1
316 33 1
317 34 1
317 35 1
317 36 1
318 37 1
318 38 1
318 39 1
319 40 1
319 41 1
319 42 1
320 43 1
320 44 1
320 45 1
321 46 1
321 47 1
321 48 1
321 49 1
322 50 1
322 51 1
322 52 1
322 53 1
322 54 1
322 55 1
322 56 1
322 57 1
322 58 1
323 59 1
323 60 1
323 61 1
323 62 1
323 63 1
323 64 1
323 65 1
323 66 1
323 67 1
323 68 1
323 69 1
324 70 1
324 71 1
324 72 1
324 73 1
324 74 1
324 75 1
324 76 1
324 77 1
324 78 1
324 79 1
324 80 1
324 81 1
324 82 1
324 83 1
324 84 1
324 85 1
324 86 1
324 87 1
324 88 1
324 89 1
324 90 1
324 91 1
324 92 1
324 93 1
324 94 1
324 95 1
324 96 1
324 97 1
324 98 1
324 99 1
324 100 1
324 101 1
324 102 1
324 103 1
324 104 1
324 105 1
324 106 1
324 107 1
323 108 1
323 109 1
323 110 1
323 111 1
323 112 1
323 113 1
323 114 1
323 115 1
323 116 1
323 117 1
322 118 1
322 119 1
.PEN_UP
.PEN_DOWN
137 184 1
136 185 1
135 184 1
134 184 1
133 185 1
132 185 1
131 185 1
130 185 1
129 185 1
128 186 1
127 186 1
126 186 1
125 186 1
124 187 1
123 187 1
122 187 1
121 187 1
120 187 1
119 188 1
118 188 1
117 188 1
116 188 1
115 189 1
114 189 1
113 189 1
112 189 1
111 189 1
110 190 1
109 190 1
108 190 1
107 190 1
106 190 1
105 190 1
104 191 1
103 191 1
102 191 1
101 191 1
100 191 1
99 192 1
98 192 1
97 192 1
96 192 1
95 192 1
94 193 1
93 193 1
92 193 1
91 193 1
90 193 1
89 193 1
88 194 1
87 194 1
86 194 1
85 194 1
84 194 1
83 194 1
82 194 1
81 195 1
80 195 1
79 195 1
78 195 1
77 195 1
76 195 1
75 195 1
74 195 1
73 195 1
72 195 1
71 196 1
70 196 1
69 196 1
68 196 1
67 196 1
66 196 1
65 197 1
64 197 1
63 197 1
62 197 1
61 197 1
60 198 1
59 199 1
58 200 1
58 201 1
58 202 1
.PEN_UP
.PEN_DOWN
136 186 1
137 187 1
137 188 1
137 189 1
137 190 1
136 191 1
136 192 1
136 193 1
136 194 1
136 195 1
136 196 1
135 197 1
135 198 1
135 199 1
135 200 1
135 201 1
135 202 1
134 203 1
134 204 1
134 205 1
134 206 1
134 207 1
134 208 1
133 209 1
133 210 1
133 211 1
133 212 1
133 213 1
132 214 1
132 215 1
132 216 1
132 217 1
132 218 1
131 219 1
131 220 1
131 221 1
131 222 1
131 223 1
131 224 1
130 225 1
130 226 1
130 227 1
129 228 1
129 229 1
129 230 1
128 231 1
128 232 1
128 233 1
127 234 1
127 235 1
127 236 1
126 237 1
126 238 1
126 239 1
125 240 1
125 241 1
124 242 1
124 243 1
124 244 1
123 245 1
123 246 1
122 247 1
122 248 1
121 249 1
121 250 1
120 251 1
119 252 1
119 253 1
118 254 1
117 255 1
116 256 1
115 257 1
114 258 1
113 259 1
112 260 1
111 261 1
110 262 1
109 263 1
108 264 1
107 264 1
106 265 1
105 266 1
104 267 1
103 268 1
102 269 1
101 270 1
100 271 1
99 272 1
98 272 1
97 273 1
96 274 1
95 275 1
94 276 1
93 276 1
92 277 1
91 278 1
90 279 1
89 280 1
88 280 1
87 281 1
86 282 1
85 283 1
84 285 1
83 285 1
82 286 1
81 286 1
80 287 1
79 287 1
78 287 1
77 287 1
76 288 1
75 288 1
74 288 1
73 289 1
72 289 1
71 290 1
70 290 1
69 290 1
68 291 1
67 291 1
.PEN_UP
.PEN_DOWN
85 284 1
87 284 1
88 284 1
89 284 1
90 284 1
91 283 1
92 283 1
93 283 1
94 282 1
95 282 1
96 281 1
97 281 1
98 281 1
99 280 1
100 280 1
101 279 1
102 279 1
103 279 1
104 278 1
105 278 1
106 277 1
107 277 1
108 277 1
109 276 1
110 276 1
111 275 1
112 275 1
113 275 1
114 275 1
115 274 1
116 274 1
117 274 1
118 273 1
119 273 1
120 273 1
121 272 1
122 272 1
123 272 1
124 272 1
125 271 1
126 271 1
127 271 1
128 270 1
129 270 1
130 270 1
131 269 1
132 269 1
133 269 1
134 269 1
135 268 1
136 268 1
137 268 1
138 268 1
139 267 1
140 267 1
141 267 1
142 266 1
143 266 1
144 266 1
145 266 1
146 265 1
147 265 1
148 265 1
149 265 1
150 264 1
151 264 1
152 264 1
153 263 1
154 263 1
155 263 1
156 263 1
157 263 1
158 262 1
159 262 1
160 262 1
161 262 1
162 262 1
163 262 1
164 261 1
165 261 1
166 261 1
167 261 1
168 261 1
169 260 1
170 260 1
171 260 1
172 260 1
173 260 1
174 259 1
175 259 1
176 259 1
177 259 1
178 259 1
179 259 1
180 258 1
181 258 1
182 258 1
183 258 1
184 258 1
185 257 1
186 257 1
187 257 1
188 257 1
189 257 1
190 256 1
191 256 1
192 256 1
193 256 1
194 255 1
195 255 1
196 255 1
197 255 1
198 255 1
199 254 1
200 254 1
201 254 1
202 254 1
203 254 1
204 253 1
205 253 1
206 253 1
207 253 1
208 253 1
209 252 1
210 252 1
211 252 1
212 252 1
213 251 1
214 251 1
215 251 1
216 251 1
217 250 1
218 250 1
219 250 1
220 249 1
221 249 1
222 249 1
223 249 1
224 248 1
225 248 1
226 248 1
227 248 1
228 247 1
229 247 1
230 247 1
231 246 1
232 246 1
233 246 1
234 246 1
235 245 1
236 245 1
237 245 1
238 244 1
239 244 1
240 244 1
241 243 1
242 243 1
243 243 1
244 242 1
245 242 1
246 242 1
247 241 1
248 241 1
249 241 1
250 240 1
251 240 1
252 240 1
253 239 1
254 239 1
255 238 1
256 238 1
257 238 1
258 237 1
259 237 1
260 236 1
261 236 1
262 235 1
263 235 1
264 234 1
265 234 1
266 233 1
.PEN_UP
