.PEN_DOWN
169 1 1
169 2 1
168 3 1
168 4 1
168 5 1
168 6 1
168 7 1
168 8 1
167 9 1
167 10 1
167 11 1
167 12 1
167 13 1
166 14 1
166 15 1
166 16 1
166 17 1
165 18 1
165 19 1
165 20 1
165 21 1
165 22 1
165 23 1
164 24 1
164 25 1
164 26 1
164 27 1
164 28 1
164 29 1
164 30 1
163 31 1
163 32 1
163 33 1
163 34 1
163 35 1
163 36 1
163 37 1
163 38 1
163 39 1
162 40 1
162 41 1
162 42 1
162 43 1
162 44 1
162 45 1
162 46 1
162 47 1
162 48 1
161 49 1
161 50 1
161 51 1
161 52 1
161 53 1
161 54 1
161 55 1
161 56 1
161 57 1
160 58 1
160 59 1
160 60 1
160 61 1
160 62 1
160 63 1
160 64 1
160 65 1
160 66 1
160 67 1
159 68 1
159 69 1
159 70 1
159 71 1
159 72 1
159 73 1
159 74 1
159 75 1
159 76 1
158 77 1
158 78 1
158 79 1
158 80 1
158 81 1
158 82 1
158 83 1
158 84 1
158 85 1
158 86 1
158 87 1
157 88 1
157 89 1
157 90 1
157 91 1
157 92 1
157 93 1
157 94 1
157 95 1
157 96 1
157 97 1
157 98 1
157 99 1
156 100 1
156 101 1
156 102 1
156 103 1
156 104 1
156 105 1
156 106 1
156 107 1
156 108 1
156 109 1
156 110 1
156 111 1
155 112 1
155 113 1
155 114 1
155 115 1
155 116 1
155 117 1
155 118 1
155 119 1
155 120 1
155 121 1
155 122 1
155 123 1
154 124 1
154 125 1
154 126 1
154 127 1
154 128 1
154 129 1
154 130 1
154 131 1
154 132 1
154 133 1
154 134 1
153 135 1
153 136 1
153 137 1
153 138 1
153 139 1
153 140 1
153 141 1
153 142 1
153 143 1
153 144 1
153 145 1
152 146 1
151 147 1
149 146 1
148 145 1
148 144 1
147 143 1
146 142 1
145 141 1
145 140 1
144 139 1
143 138 1
143 137 1
142 136 1
141 135 1
141 134 1
140 133 1
139 132 1
139 131 1
138 130 1
137 129 1
137 128 1
136 127 1
135 126 1
134 125 1
133 124 1
133 123 1
132 122 1
131 121 1
130 120 1
129 119 1
128 118 1
128 117 1
127 116 1
126 115 1
125 114 1
125 113 1
124 112 1
123 111 1
122 110 1
121 109 1
120 108 1
119 108 1
118 107 1
117 106 1
116 105 1
115 104 1
114 104 1
113 103 1
112 102 1
111 101 1
110 100 1
109 100 1
108 99 1
107 98 1
106 97 1
105 96 1
104 96 1
103 95 1
102 94 1
101 93 1
100 93 1
99 92 1
98 91 1
97 91 1
96 90 1
95 90 1
94 89 1
93 89 1
92 88 1
91 87 1
90 87 1
89 86 1
88 86 1
87 85 1
86 85 1
85 84 1
84 84 1
83 83 1
82 82 1
81 82 1
80 81 1
79 81 1
78 80 1
77 80 1
76 79 1
75 79 1
74 78 1
73 78 1
72 78 1
71 77 1
70 77 1
69 76 1
68 76 1
67 76 1
66 75 1
65 75 1
64 74 1
63 74 1
62 74 1
61 73 1
60 73 1
59 73 1
58 73 1
57 73 1
56 73 1
55 73 1
54 72 1
53 72 1
52 72 1
51 72 1
50 72 1
49 72 1
48 72 1
47 72 1
46 72 1
45 73 1
44 73 1
43 73 1
42 74 1
41 74 1
40 74 1
39 75 1
38 75 1
37 75 1
36 76 1
35 77 1
34 77 1
33 78 1
32 79 1
31 79 1
30 80 1
29 81 1
28 81 1
27 82 1
26 83 1
25 84 1
24 85 1
23 86 1
22 87 1
21 88 1
21 89 1
20 90 1
20 91 1
19 92 1
19 93 1
18 94 1
18 95 1
17 96 1
17 97 1
16 98 1
16 99 1
15 100 1
15 101 1
14 102 1
13 103 1
13 104 1
13 105 1
12 106 1
12 107 1
12 108 1
11 109 1
11 110 1
11 111 1
10 112 1
10 113 1
10 114 1
9 115 1
9 116 1
9 117 1
8 118 1
8 119 1
8 120 1
7 121 1
7 122 1
7 123 1
7 124 1
6 125 1
6 126 1
6 127 1
6 128 1
6 129 1
5 130 1
5 131 1
5 132 1
5 133 1
4 134 1
4 135 1
4 136 1
4 137 1
3 138 1
3 139 1
3 140 1
3 141 1
3 142 1
3 143 1
3 144 1
3 145 1
2 146 1
2 147 1
2 148 1
2 149 1
2 150 1
2 151 1
2 152 1
2 153 1
1 154 1
1 155 1
1 156 1
1 157 1
1 158 1
1 159 1
1 160 1
1 161 1
1 162 1
1 163 1
1 164 1
1 165 1
1 166 1
1 167 1
1 168 1
1 169 1
1 170 1
1 171 1
1 172 1
1 173 1
1 174 1
1 175 1
2 176 1
2 177 1
2 178 1
2 179 1
2 180 1
3 181 1
3 182 1
3 183 1
3 184 1
3 185 1
4 186 1
4 187 1
4 188 1
4 189 1
4 190 1
5 191 1
5 192 1
5 193 1
6 194 1
6 195 1
6 196 1
7 197 1
7 198 1
7 199 1
8 200 1
8 201 1
9 202 1
9 203 1
9 204 1
10 205 1
11 206 1
11 207 1
12 208 1
13 209 1
13 210 1
14 211 1
15 212 1
16 213 1
16 214 1
17 215 1
18 216 1
19 217 1
20 218 1
21 219 1
22 220 1
.PEN_UP
.PEN_DOWN
150 147 1
151 149 1
151 150 1
152 151 1
152 152 1
152 153 1
152 154 1
152 155 1
152 156 1
151 157 1
151 158 1
151 159 1
151 160 1
151 161 1
151 162 1
151 163 1
151 164 1
151 165 1
151 166 1
151 167 1
150 168 1
150 169 1
150 170 1
150 171 1
150 172 1
150 173 1
150 174 1
150 175 1
150 176 1
150 177 1
150 178 1
149 179 1
149 180 1
149 181 1
149 182 1
149 183 1
149 184 1
149 185 1
149 186 1
149 187 1
149 188 1
149 189 1
149 190 1
148 191 1
148 192 1
148 193 1
148 194 1
148 195 1
148 196 1
148 197 1
148 198 1
148 199 1
148 200 1
148 201 1
148 202 1
148 203 1
147 204 1
147 205 1
147 206 1
147 207 1
147 208 1
147 209 1
147 210 1
147 211 1
147 212 1
147 213 1
147 214 1
147 215 1
147 216 1
147 217 1
147 218 1
147 219 1
147 220 1
146 221 1
146 222 1
146 223 1
146 224 1
146 225 1
146 226 1
146 227 1
146 228 1
146 229 1
146 230 1
146 231 1
146 232 1
146 233 1
145 234 1
145 235 1
145 236 1
145 237 1
145 238 1
145 239 1
145 240 1
145 241 1
145 242 1
145 243 1
145 244 1
145 245 1
145 246 1
144 247 1
143 248 1
142 248 1
141 248 1
140 248 1
139 248 1
138 248 1
137 248 1
136 248 1
135 248 1
134 247 1
133 247 1
132 247 1
131 247 1
.PEN_UP
.PEN_DOWN
179 142 1
180 142 1
181 142 1
182 142 1
183 142 1
184 142 1
185 141 1
186 140 1
187 139 1
188 139 1
189 139 1
190 139 1
191 140 1
192 140 1
193 140 1
194 140 1
195 140 1
196 141 1
197 141 1
198 141 1
199 141 1
200 141 1
201 142 1
202 142 1
203 142 1
204 142 1
205 143 1
206 143 1
207 144 1
208 144 1
209 145 1
210 145 1
211 145 1
212 146 1
213 146 1
214 147 1
215 147 1
216 148 1
217 148 1
218 149 1
219 149 1
220 149 1
221 149 1
223 148 1
223 147 1
223 146 1
222 145 1
222 144 1
222 143 1
223 142 1
223 141 1
223 140 1
223 139 1
223 138 1
223 137 1
224 136 1
224 135 1
224 134 1
224 133 1
224 132 1
225 131 1
225 130 1
225 129 1
225 128 1
226 127 1
226 126 1
226 125 1
226 124 1
227 123 1
227 122 1
227 121 1
227 120 1
227 119 1
228 118 1
228 117 1
228 116 1
228 115 1
229 114 1
229 113 1
229 112 1
229 111 1
230 110 1
230 109 1
230 108 1
230 107 1
230 106 1
231 105 1
231 104 1
231 103 1
231 102 1
232 101 1
232 100 1
232 99 1
232 98 1
232 97 1
233 96 1
233 95 1
233 94 1
233 93 1
234 92 1
234 91 1
234 90 1
234 89 1
235 88 1
235 87 1
235 86 1
235 85 1
236 84 1
236 83 1
236 82 1
236 81 1
237 80 1
237 79 1
237 78 1
238 77 1
238 76 1
238 75 1
239 74 1
239 73 1
239 72 1
240 71 1
240 70 1
240 69 1
241 68 1
241 67 1
242 66 1
242 65 1
243 64 1
243 63 1
243 62 1
244 61 1
244 60 1
245 59 1
245 58 1
245 57 1
246 56 1
246 55 1
247 54 1
247 53 1
248 52 1
248 51 1
249 50 1
249 49 1
249 48 1
250 47 1
251 46 1
251 45 1
252 44 1
253 43 1
254 43 1
255 44 1
256 45 1
256 46 1
256 47 1
257 48 1
257 49 1
257 50 1
257 51 1
257 52 1
257 53 1
257 54 1
257 55 1
257 56 1
258 57 1
258 58 1
258 59 1
258 60 1
258 61 1
258 62 1
258 63 1
258 64 1
258 65 1
258 66 1
259 67 1
259 68 1
259 69 1
259 70 1
259 71 1
259 72 1
259 73 1
259 74 1
259 75 1
259 76 1
260 77 1
260 78 1
260 79 1
260 80 1
260 81 1
260 82 1
260 83 1
260 84 1
260 85 1
261 86 1
261 87 1
261 88 1
261 89 1
261 90 1
261 91 1
261 92 1
261 93 1
262 94 1
262 95 1
262 96 1
262 97 1
262 98 1
263 99 1
263 100 1
263 101 1
263 102 1
263 103 1
264 104 1
264 105 1
264 106 1
264 107 1
265 108 1
265 109 1
265 110 1
266 111 1
266 112 1
266 113 1
267 114 1
267 115 1
267 116 1
268 117 1
268 118 1
268 119 1
269 120 1
269 121 1
269 122 1
270 123 1
270 124 1
271 125 1
272 126 1
272 127 1
273 128 1
273 129 1
274 130 1
275 131 1
275 132 1
276 133 1
277 134 1
277 135 1
278 136 1
279 137 1
280 138 1
281 139 1
281 140 1
282 141 1
283 142 1
284 142 1
285 143 1
286 144 1
287 144 1
288 145 1
289 146 1
290 146 1
291 147 1
292 147 1
293 147 1
294 148 1
295 148 1
296 149 1
297 149 1
298 149 1
299 150 1
300 150 1
301 150 1
302 150 1
303 150 1
304 151 1
305 151 1
306 151 1
307 151 1
308 152 1
309 152 1
310 152 1
311 152 1
312 152 1
313 153 1
314 153 1
315 153 1
316 153 1
317 153 1
318 153 1
319 153 1
320 153 1
321 153 1
322 153 1
323 153 1
324 153 1
325 153 1
326 153 1
327 153 1
328 153 1
329 153 1
330 153 1
331 153 1
332 153 1
333 153 1
334 153 1
335 153 1
336 153 1
337 153 1
338 153 1
339 152 1
340 152 1
341 151 1
342 151 1
343 151 1
344 150 1
345 150 1
346 149 1
347 149 1
348 148 1
349 148 1
350 147 1
351 147 1
352 146 1
353 146 1
354 145 1
355 145 1
356 144 1
357 143 1
358 142 1
359 141 1
360 140 1
361 139 1
362 138 1
363 137 1
364 136 1
365 135 1
366 134 1
367 133 1
367 132 1
368 131 1
369 130 1
369 129 1
370 128 1
371 127 1
371 126 1
372 125 1
373 124 1
373 123 1
374 122 1
374 121 1
375 120 1
375 119 1
376 118 1
376 117 1
376 116 1
377 115 1
377 114 1
377 113 1
378 112 1
378 111 1
379 110 1
379 109 1
379 108 1
380 107 1
380 106 1
380 105 1
381 104 1
381 103 1
381 102 1
381 101 1
382 100 1
382 99 1
382 98 1
382 97 1
382 96 1
383 95 1
383 94 1
383 93 1
383 92 1
384 91 1
384 90 1
384 89 1
384 88 1
384 87 1
385 86 1
385 85 1
385 84 1
385 83 1
385 82 1
385 81 1
386 80 1
386 79 1
386 78 1
386 77 1
386 76 1
386 75 1
387 74 1
387 73 1
387 72 1
387 71 1
387 70 1
387 69 1
388 68 1
389 68 1
390 69 1
391 70 1
392 71 1
393 72 1
394 73 1
394 74 1
395 75 1
396 76 1
397 77 1
398 78 1
398 79 1
399 80 1
400 81 1
400 82 1
401 83 1
402 84 1
402 85 1
403 86 1
404 87 1
405 88 1
405 89 1
406 90 1
406 91 1
407 92 1
408 93 1
408 94 1
409 95 1
409 96 1
410 97 1
410 98 1
411 99 1
412 100 1
412 101 1
413 102 1
413 103 1
414 104 1
414 105 1
415 106 1
415 107 1
416 108 1
416 109 1
417 110 1
418 111 1
418 112 1
419 113 1
419 114 1
420 115 1
420 116 1
421 117 1
421 118 1
421 119 1
422 120 1
422 121 1
422 122 1
423 123 1
423 124 1
423 125 1
424 126 1
424 127 1
424 128 1
425 129 1
425 130 1
425 131 1
425 132 1
426 133 1
426 134 1
426 135 1
426 136 1
426 137 1
426 138 1
426 139 1
426 140 1
427 141 1
427 142 1
427 143 1
427 144 1
427 145 1
427 146 1
427 147 1
427 148 1
427 149 1
427 150 1
427 151 1
427 152 1
427 153 1
427 154 1
427 155 1
426 156 1
426 157 1
426 158 1
426 159 1
425 160 1
424 161 1
423 162 1
423 163 1
422 164 1
421 165 1
420 166 1
419 167 1
.PEN_UP
.PEN_DOWN
387 67 1
387 66 1
387 65 1
387 64 1
386 63 1
385 62 1
384 62 1
383 61 1
382 60 1
381 59 1
380 59 1
379 58 1
378 57 1
377 56 1
376 55 1
375 54 1
374 53 1
373 52 1
372 51 1
371 51 1
370 50 1
369 49 1
368 48 1
367 47 1
366 46 1
365 46 1
364 45 1
363 44 1
362 43 1
361 42 1
360 42 1
359 41 1
358 40 1
357 39 1
356 38 1
355 37 1
354 37 1
353 36 1
352 35 1
351 34 1
350 33 1
349 32 1
348 31 1
347 31 1
346 30 1
345 29 1
344 28 1
344 27 1
343 26 1
342 25 1
341 24 1
340 23 1
340 22 1
339 21 1
338 20 1
338 19 1
337 18 1
337 17 1
336 16 1
336 15 1
336 14 1
336 13 1
336 12 1
336 11 1
337 10 1
338 9 1
339 9 1
340 8 1
341 7 1
342 6 1
343 5 1
344 5 1
345 5 1
346 5 1
347 5 1
348 5 1
349 4 1
350 4 1
351 4 1
352 4 1
353 4 1
354 4 1
355 3 1
356 3 1
357 3 1
358 3 1
359 3 1
360 3 1
361 3 1
362 3 1
363 3 1
364 3 1
365 4 1
366 4 1
367 4 1
368 4 1
369 4 1
370 4 1
371 5 1
372 5 1
373 6 1
374 7 1
375 7 1
376 8 1
377 9 1
378 10 1
379 11 1
379 12 1
380 13 1
381 14 1
381 15 1
382 16 1
383 17 1
383 18 1
384 19 1
384 20 1
385 21 1
385 22 1
385 23 1
386 24 1
386 25 1
386 26 1
387 27 1
387 28 1
387 29 1
387 30 1
387 31 1
388 32 1
388 33 1
388 34 1
388 35 1
388 36 1
388 37 1
388 38 1
388 39 1
388 40 1
388 41 1
388 42 1
388 43 1
388 44 1
388 45 1
388 46 1
388 47 1
388 48 1
388 49 1
388 50 1
388 51 1
388 52 1
388 53 1
388 54 1
388 55 1
388 56 1
388 57 1
388 58 1
388 59 1
388 60 1
388 61 1
387 62 1
.PEN_UP
