.PEN_DOWN
10 14 1
10 13 1
10 12 1
10 11 1
11 10 1
11 9 1
11 8 1
11 7 1
10 6 1
10 5 1
11 4 1
12 3 1
13 2 1
14 2 1
15 1 1
16 1 1
17 1 1
18 1 1
19 1 1
20 1 1
21 1 1
22 1 1
23 1 1
24 1 1
25 1 1
26 1 1
27 1 1
28 1 1
29 2 1
30 2 1
31 2 1
32 2 1
33 2 1
34 2 1
35 3 1
36 3 1
37 3 1
38 3 1
39 4 1
40 4 1
41 4 1
42 5 1
43 5 1
44 5 1
45 6 1
46 6 1
47 6 1
48 7 1
49 7 1
50 8 1
51 8 1
52 9 1
53 9 1
54 10 1
55 11 1
56 12 1
57 13 1
58 14 1
59 15 1
60 16 1
60 17 1
61 18 1
62 19 1
62 20 1
62 21 1
62 22 1
62 23 1
62 24 1
62 25 1
62 26 1
62 27 1
62 28 1
62 29 1
62 30 1
62 31 1
62 32 1
62 33 1
62 34 1
62 35 1
62 36 1
62 37 1
62 38 1
61 39 1
61 40 1
61 41 1
61 42 1
61 43 1
61 44 1
60 45 1
60 46 1
60 47 1
59 48 1
59 49 1
59 50 1
58 51 1
58 52 1
58 53 1
57 54 1
57 55 1
57 56 1
56 57 1
56 58 1
55 59 1
55 60 1
55 61 1
54 62 1
54 63 1
53 64 1
53 65 1
53 66 1
52 67 1
52 68 1
51 69 1
51 70 1
51 71 1
50 72 1
50 73 1
50 74 1
49 75 1
49 76 1
49 77 1
48 78 1
48 79 1
48 80 1
47 81 1
47 82 1
47 83 1
46 84 1
46 85 1
46 86 1
45 87 1
45 88 1
45 89 1
44 90 1
44 91 1
43 92 1
43 93 1
43 94 1
42 95 1
42 96 1
41 97 1
41 98 1
41 99 1
40 100 1
40 101 1
39 102 1
39 103 1
38 104 1
38 105 1
38 106 1
37 107 1
37 108 1
36 109 1
36 110 1
36 111 1
35 112 1
35 113 1
34 114 1
34 115 1
33 116 1
33 117 1
33 118 1
32 119 1
32 120 1
31 121 1
30 122 1
29 123 1
28 124 1
27 125 1
26 125 1
25 126 1
24 126 1
23 126 1
22 126 1
21 126 1
20 126 1
19 126 1
18 126 1
17 125 1
16 124 1
15 123 1
15 122 1
14 121 1
13 120 1
13 119 1
12 118 1
11 117 1
11 116 1
11 115 1
11 114 1
10 113 1
10 112 1
10 111 1
10 110 1
10 109 1
10 108 1
9 107 1
9 106 1
9 105 1
9 104 1
9 103 1
9 102 1
9 101 1
9 100 1
9 99 1
9 98 1
.PEN_UP
