.PEN_DOWN
1 89 1
2 89 1
3 88 1
4 88 1
5 87 1
6 87 1
7 86 1
8 86 1
9 85 1
10 84 1
11 84 1
12 83 1
13 82 1
14 81 1
15 80 1
16 80 1
17 79 1
18 78 1
19 77 1
20 77 1
21 76 1
22 76 1
23 75 1
23 74 1
24 73 1
25 72 1
26 71 1
27 71 1
28 71 1
29 70 1
30 69 1
31 68 1
32 68 1
33 67 1
34 66 1
35 65 1
36 65 1
37 64 1
38 63 1
39 63 1
40 62 1
41 61 1
42 61 1
43 60 1
44 59 1
45 59 1
46 58 1
47 57 1
48 57 1
49 56 1
50 56 1
51 55 1
52 55 1
53 54 1
54 54 1
55 53 1
56 53 1
57 52 1
58 52 1
59 51 1
60 51 1
61 50 1
62 49 1
63 49 1
64 48 1
65 48 1
66 47 1
67 47 1
68 46 1
69 45 1
70 45 1
71 44 1
72 44 1
73 43 1
74 43 1
75 42 1
76 42 1
77 41 1
78 40 1
79 40 1
80 39 1
81 38 1
82 38 1
83 37 1
84 37 1
85 36 1
86 35 1
87 35 1
88 34 1
89 33 1
90 33 1
91 32 1
92 32 1
93 31 1
94 30 1
95 30 1
96 29 1
97 29 1
98 28 1
99 27 1
100 27 1
101 26 1
102 26 1
103 25 1
104 24 1
105 24 1
106 23 1
107 23 1
108 22 1
109 21 1
110 21 1
111 20 1
112 19 1
113 19 1
114 18 1
115 17 1
116 17 1
117 16 1
118 16 1
119 15 1
120 14 1
121 14 1
122 13 1
123 12 1
124 12 1
125 11 1
126 11 1
127 10 1
128 10 1
129 9 1
130 9 1
131 8 1
132 8 1
133 7 1
134 6 1
135 5 1
135 4 1
134 3 1
133 2 1
132 2 1
131 1 1
130 1 1
129 1 1
128 1 1
127 1 1
126 1 1
125 1 1
124 2 1
123 2 1
122 2 1
121 2 1
120 2 1
119 2 1
118 3 1
117 3 1
116 3 1
115 3 1
114 3 1
113 3 1
112 4 1
111 4 1
110 4 1
109 5 1
108 5 1
107 5 1
106 6 1
105 6 1
104 6 1
103 7 1
102 7 1
101 7 1
100 7 1
99 8 1
98 8 1
97 8 1
96 9 1
95 9 1
94 9 1
93 10 1
92 10 1
91 10 1
90 11 1
89 11 1
88 11 1
87 11 1
86 12 1
85 12 1
84 13 1
83 13 1
82 13 1
81 14 1
80 14 1
79 15 1
78 15 1
77 15 1
76 16 1
75 17 1
74 17 1
73 18 1
72 18 1
71 19 1
70 19 1
69 20 1
68 20 1
67 21 1
66 21 1
65 22 1
64 22 1
63 23 1
62 23 1
61 24 1
60 24 1
59 25 1
58 25 1
57 26 1
56 26 1
55 27 1
54 28 1
53 29 1
52 29 1
51 30 1
50 31 1
49 32 1
48 33 1
47 34 1
46 35 1
45 36 1
44 37 1
43 38 1
42 39 1
41 40 1
40 41 1
39 42 1
38 43 1
38 44 1
37 45 1
36 46 1
35 47 1
35 48 1
34 49 1
34 50 1
33 51 1
33 52 1
32 53 1
32 54 1
31 55 1
30 56 1
30 57 1
30 58 1
29 59 1
29 60 1
28 61 1
28 62 1
27 63 1
27 64 1
27 65 1
26 66 1
26 67 1
25 68 1
25 69 1
25 70 1
.PEN_UP
.PEN_DOWN
23 77 1
24 78 1
24 79 1
24 80 1
24 81 1
24 82 1
25 83 1
25 84 1
25 85 1
25 86 1
26 87 1
26 88 1
26 89 1
27 90 1
27 91 1
28 92 1
28 93 1
29 94 1
29 95 1
30 96 1
30 97 1
31 98 1
31 99 1
32 100 1
33 101 1
33 102 1
34 103 1
35 104 1
35 105 1
36 106 1
37 107 1
38 108 1
39 109 1
39 110 1
40 111 1
41 112 1
42 113 1
43 114 1
44 114 1
45 115 1
46 116 1
47 117 1
48 118 1
49 119 1
50 119 1
51 120 1
52 121 1
53 121 1
54 122 1
55 123 1
56 123 1
57 124 1
58 125 1
59 125 1
60 126 1
61 127 1
62 127 1
63 128 1
64 129 1
65 130 1
66 130 1
67 131 1
68 131 1
69 132 1
70 133 1
71 133 1
72 134 1
73 134 1
74 135 1
75 136 1
76 136 1
77 137 1
78 137 1
79 138 1
80 138 1
81 139 1
82 140 1
83 140 1
84 141 1
85 141 1
86 142 1
87 142 1
88 143 1
89 143 1
90 144 1
91 144 1
92 144 1
93 145 1
94 145 1
95 146 1
96 146 1
97 146 1
98 147 1
99 147 1
100 148 1
101 148 1
102 149 1
103 150 1
104 150 1
105 151 1
106 151 1
107 152 1
108 152 1
109 153 1
110 154 1
111 154 1
112 155 1
113 156 1
114 157 1
115 158 1
116 159 1
117 160 1
118 161 1
119 162 1
120 163 1
121 164 1
122 165 1
123 166 1
123 167 1
124 168 1
125 169 1
125 170 1
126 171 1
127 172 1
127 173 1
128 174 1
129 175 1
.PEN_UP
