.PEN_DOWN
13 1 1
13 2 1
13 3 1
13 4 1
13 5 1
13 6 1
13 7 1
13 8 1
13 9 1
13 10 1
13 11 1
13 12 1
13 13 1
13 14 1
13 15 1
13 16 1
13 17 1
13 18 1
12 19 1
12 20 1
12 21 1
12 22 1
12 23 1
12 24 1
12 25 1
12 26 1
11 27 1
11 28 1
11 29 1
11 30 1
11 31 1
11 32 1
11 33 1
10 34 1
10 35 1
10 36 1
10 37 1
10 38 1
10 39 1
9 40 1
9 41 1
9 42 1
9 43 1
9 44 1
9 45 1
9 46 1
8 47 1
8 48 1
8 49 1
8 50 1
8 51 1
8 52 1
8 53 1
8 54 1
8 55 1
8 56 1
8 57 1
8 58 1
7 59 1
7 60 1
7 61 1
7 62 1
7 63 1
7 64 1
7 65 1
7 66 1
7 67 1
7 68 1
7 69 1
6 70 1
6 71 1
6 72 1
6 73 1
6 74 1
6 75 1
6 76 1
6 77 1
6 78 1
6 79 1
5 80 1
5 81 1
5 82 1
5 83 1
5 84 1
5 85 1
5 86 1
5 87 1
5 88 1
5 89 1
4 90 1
4 91 1
4 92 1
4 93 1
4 94 1
4 95 1
4 96 1
4 97 1
4 98 1
4 99 1
3 100 1
3 101 1
3 102 1
3 103 1
3 104 1
3 105 1
3 106 1
3 107 1
3 108 1
3 109 1
3 110 1
3 111 1
2 112 1
2 113 1
2 114 1
2 115 1
2 116 1
2 117 1
2 118 1
2 119 1
2 120 1
2 121 1
2 122 1
2 123 1
2 124 1
2 125 1
2 126 1
2 127 1
2 128 1
1 129 1
1 130 1
1 131 1
2 132 1
2 133 1
2 134 1
2 135 1
2 136 1
2 137 1
2 138 1
2 139 1
2 140 1
3 141 1
3 142 1
3 143 1
3 144 1
.PEN_UP
.PEN_DOWN
112 8 1
113 9 1
113 10 1
113 11 1
113 12 1
113 13 1
113 14 1
113 15 1
113 16 1
113 17 1
113 18 1
113 19 1
113 20 1
113 21 1
113 22 1
113 23 1
113 24 1
113 25 1
113 26 1
112 27 1
112 28 1
112 29 1
112 30 1
112 31 1
112 32 1
111 33 1
111 34 1
111 35 1
111 36 1
111 37 1
110 38 1
110 39 1
110 40 1
110 41 1
110 42 1
110 43 1
110 44 1
110 45 1
110 46 1
110 47 1
110 48 1
109 49 1
109 50 1
109 51 1
109 52 1
109 53 1
109 54 1
109 55 1
109 56 1
108 57 1
108 58 1
108 59 1
108 60 1
108 61 1
108 62 1
107 63 1
107 64 1
107 65 1
107 66 1
107 67 1
107 68 1
106 69 1
106 70 1
106 71 1
106 72 1
106 73 1
106 74 1
106 75 1
106 76 1
106 77 1
106 78 1
106 79 1
106 80 1
106 81 1
106 82 1
106 83 1
106 84 1
105 85 1
105 86 1
105 87 1
105 88 1
105 89 1
105 90 1
105 91 1
105 92 1
105 93 1
105 94 1
105 95 1
105 96 1
105 97 1
105 98 1
105 99 1
105 100 1
105 101 1
105 102 1
105 103 1
104 104 1
104 105 1
104 106 1
104 107 1
104 108 1
104 109 1
104 110 1
104 111 1
104 112 1
104 113 1
104 114 1
104 115 1
104 116 1
104 117 1
104 118 1
104 119 1
104 120 1
104 121 1
104 122 1
104 123 1
104 124 1
104 125 1
104 126 1
104 127 1
104 128 1
104 129 1
104 130 1
104 131 1
103 132 1
103 133 1
103 134 1
103 135 1
103 136 1
103 137 1
103 138 1
103 139 1
103 140 1
103 141 1
103 142 1
103 143 1
103 144 1
103 145 1
103 146 1
103 147 1
103 148 1
103 149 1
103 150 1
103 151 1
103 152 1
103 153 1
103 154 1
103 155 1
103 156 1
103 157 1
103 158 1
102 159 1
102 160 1
102 161 1
102 162 1
102 163 1
102 164 1
102 165 1
102 166 1
102 167 1
102 168 1
102 169 1
102 170 1
102 171 1
102 172 1
102 173 1
102 174 1
102 175 1
102 176 1
102 177 1
102 178 1
102 179 1
102 180 1
102 181 1
102 182 1
102 183 1
102 184 1
102 185 1
102 186 1
102 187 1
101 188 1
101 189 1
101 190 1
101 191 1
100 192 1
100 193 1
100 194 1
100 195 1
100 196 1
100 197 1
100 198 1
100 199 1
99 200 1
99 201 1
99 202 1
99 203 1
98 204 1
98 205 1
98 206 1
97 207 1
97 208 1
97 209 1
97 210 1
96 211 1
96 212 1
96 213 1
96 214 1
96 215 1
96 216 1
96 217 1
96 218 1
96 219 1
96 220 1
96 221 1
96 222 1
96 223 1
96 224 1
96 225 1
96 226 1
96 227 1
95 228 1
95 229 1
95 230 1
95 231 1
94 232 1
94 233 1
94 234 1
93 235 1
.PEN_UP
.PEN_DOWN
111 85 1
112 84 1
112 83 1
112 82 1
113 81 1
113 80 1
113 79 1
113 78 1
114 77 1
114 76 1
114 75 1
114 74 1
114 73 1
115 72 1
115 71 1
116 70 1
116 69 1
116 68 1
117 67 1
117 66 1
117 65 1
117 64 1
118 63 1
118 62 1
118 61 1
118 60 1
118 59 1
119 58 1
120 58 1
121 58 1
122 57 1
123 57 1
124 57 1
125 57 1
126 56 1
127 55 1
128 55 1
129 55 1
130 55 1
131 55 1
132 56 1
133 56 1
134 56 1
135 56 1
136 56 1
137 56 1
138 56 1
139 56 1
140 56 1
141 56 1
142 56 1
143 56 1
144 56 1
145 56 1
146 56 1
147 56 1
148 56 1
149 56 1
150 56 1
151 56 1
152 55 1
153 55 1
154 55 1
155 55 1
156 56 1
157 56 1
158 56 1
159 56 1
160 56 1
161 56 1
162 56 1
163 56 1
164 56 1
165 56 1
166 56 1
167 56 1
168 56 1
169 56 1
170 56 1
171 56 1
172 56 1
173 56 1
174 56 1
175 56 1
176 56 1
177 56 1
178 56 1
179 56 1
180 56 1
181 56 1
182 56 1
183 57 1
184 57 1
185 57 1
186 57 1
187 57 1
188 57 1
189 57 1
190 57 1
191 57 1
192 57 1
193 57 1
194 57 1
195 57 1
196 57 1
197 57 1
198 57 1
199 57 1
200 57 1
201 58 1
202 58 1
203 58 1
204 58 1
205 58 1
206 58 1
207 58 1
208 58 1
209 58 1
210 58 1
211 58 1
212 58 1
213 58 1
214 58 1
215 58 1
216 59 1
217 59 1
218 59 1
219 59 1
220 59 1
221 59 1
222 59 1
223 59 1
224 59 1
225 60 1
226 60 1
227 60 1
228 60 1
229 60 1
230 60 1
231 60 1
232 60 1
233 60 1
234 60 1
235 61 1
236 61 1
237 61 1
238 61 1
239 61 1
240 61 1
241 61 1
242 61 1
243 61 1
.PEN_UP
