.PEN_DOWN
43 28 1
43 27 1
43 26 1
43 25 1
43 24 1
43 23 1
43 22 1
43 21 1
42 20 1
42 19 1
42 18 1
42 17 1
42 16 1
42 15 1
42 14 1
42 13 1
42 12 1
42 11 1
42 10 1
41 9 1
41 8 1
41 7 1
41 6 1
41 5 1
41 4 1
41 3 1
40 2 1
39 1 1
38 1 1
37 2 1
37 3 1
37 4 1
37 5 1
37 6 1
36 7 1
36 8 1
36 9 1
36 10 1
36 11 1
35 12 1
35 13 1
35 14 1
35 15 1
35 16 1
35 17 1
34 18 1
34 19 1
34 20 1
34 21 1
34 22 1
34 23 1
34 24 1
33 25 1
33 26 1
33 27 1
33 28 1
33 29 1
33 30 1
33 31 1
33 32 1
32 33 1
32 34 1
32 35 1
32 36 1
32 37 1
32 38 1
32 39 1
32 40 1
31 41 1
31 42 1
31 43 1
31 44 1
31 45 1
31 46 1
31 47 1
31 48 1
30 49 1
30 50 1
30 51 1
30 52 1
30 53 1
30 54 1
30 55 1
30 56 1
30 57 1
30 58 1
30 59 1
30 60 1
29 61 1
29 62 1
29 63 1
29 64 1
29 65 1
29 66 1
29 67 1
29 68 1
29 69 1
29 70 1
29 71 1
29 72 1
29 73 1
28 74 1
28 75 1
28 76 1
28 77 1
28 78 1
28 79 1
28 80 1
28 81 1
28 82 1
28 83 1
28 84 1
28 85 1
27 86 1
27 87 1
27 88 1
27 89 1
27 90 1
27 91 1
26 92 1
25 93 1
24 92 1
23 92 1
22 92 1
21 91 1
20 90 1
19 90 1
18 89 1
17 88 1
16 88 1
15 88 1
14 87 1
13 87 1
12 87 1
11 86 1
10 86 1
9 86 1
.PEN_UP
.PEN_DOWN
26 94 1
27 95 1
28 96 1
29 97 1
30 97 1
31 98 1
32 99 1
33 100 1
34 101 1
35 101 1
36 102 1
37 103 1
38 104 1
39 105 1
40 106 1
41 107 1
42 108 1
43 109 1
44 110 1
45 111 1
46 112 1
47 113 1
48 114 1
49 115 1
50 116 1
51 117 1
52 118 1
53 119 1
54 120 1
55 121 1
56 122 1
57 123 1
58 124 1
59 125 1
60 126 1
61 127 1
62 128 1
63 129 1
64 130 1
65 131 1
66 132 1
67 133 1
68 134 1
69 135 1
70 136 1
71 137 1
72 138 1
73 139 1
73 140 1
74 141 1
75 142 1
76 143 1
77 144 1
78 145 1
79 146 1
80 147 1
81 148 1
82 149 1
83 150 1
84 151 1
85 152 1
85 153 1
86 154 1
87 155 1
88 156 1
89 157 1
90 158 1
91 159 1
92 160 1
92 161 1
93 162 1
94 163 1
95 164 1
96 165 1
96 166 1
97 167 1
98 168 1
99 169 1
100 170 1
100 171 1
101 172 1
102 173 1
103 173 1
104 173 1
105 173 1
106 173 1
107 172 1
107 171 1
107 170 1
108 169 1
108 168 1
108 167 1
108 166 1
108 165 1
108 164 1
108 163 1
108 162 1
109 161 1
109 160 1
109 159 1
109 158 1
109 157 1
109 156 1
109 155 1
109 154 1
109 153 1
109 152 1
110 151 1
110 150 1
110 149 1
110 148 1
110 147 1
110 146 1
110 145 1
110 144 1
110 143 1
110 142 1
110 141 1
110 140 1
110 139 1
110 138 1
111 137 1
111 136 1
111 135 1
111 134 1
111 133 1
111 132 1
111 131 1
111 130 1
111 129 1
111 128 1
111 127 1
111 126 1
111 125 1
111 124 1
111 123 1
111 122 1
111 121 1
111 120 1
111 119 1
111 118 1
111 117 1
111 116 1
111 115 1
111 114 1
111 113 1
111 112 1
111 111 1
111 110 1
112 109 1
112 108 1
112 107 1
112 106 1
112 105 1
112 104 1
112 103 1
112 102 1
112 101 1
112 100 1
112 99 1
112 98 1
112 97 1
112 96 1
112 95 1
112 94 1
112 93 1
112 92 1
112 91 1
112 90 1
112 89 1
112 88 1
112 87 1
112 86 1
112 85 1
113 84 1
113 83 1
113 82 1
113 81 1
113 80 1
113 79 1
113 78 1
113 77 1
113 76 1
113 75 1
113 74 1
113 73 1
114 72 1
114 71 1
114 70 1
114 69 1
114 68 1
114 67 1
114 66 1
114 65 1
114 64 1
114 63 1
114 62 1
115 61 1
115 60 1
115 59 1
115 58 1
115 57 1
115 56 1
115 55 1
116 54 1
116 53 1
116 52 1
116 51 1
116 50 1
116 49 1
117 48 1
117 47 1
117 46 1
117 45 1
117 44 1
117 43 1
118 42 1
118 41 1
118 40 1
119 39 1
119 38 1
119 37 1
119 36 1
120 35 1
120 34 1
120 33 1
121 32 1
121 31 1
121 30 1
121 29 1
122 28 1
122 27 1
123 26 1
123 25 1
124 24 1
124 23 1
125 22 1
125 21 1
125 20 1
126 19 1
127 18 1
128 17 1
129 16 1
130 16 1
131 16 1
132 16 1
133 16 1
134 16 1
135 17 1
136 18 1
137 18 1
138 19 1
139 20 1
140 20 1
141 21 1
142 22 1
143 22 1
144 23 1
145 24 1
146 25 1
147 26 1
148 27 1
149 28 1
150 29 1
151 30 1
152 31 1
153 32 1
154 33 1
155 34 1
156 35 1
157 36 1
158 37 1
158 38 1
159 39 1
160 40 1
161 41 1
162 42 1
162 43 1
163 44 1
164 45 1
165 46 1
166 47 1
166 48 1
167 49 1
168 50 1
169 51 1
169 52 1
170 53 1
171 54 1
171 55 1
172 56 1
173 57 1
173 58 1
174 59 1
175 60 1
175 61 1
176 62 1
177 63 1
177 64 1
178 65 1
179 66 1
179 67 1
180 68 1
181 69 1
181 70 1
182 71 1
183 72 1
183 73 1
184 74 1
184 75 1
185 76 1
186 77 1
186 78 1
187 79 1
188 80 1
188 81 1
189 82 1
190 83 1
190 84 1
191 85 1
191 86 1
192 87 1
193 88 1
193 89 1
194 90 1
195 91 1
195 92 1
196 93 1
197 94 1
197 95 1
198 96 1
199 97 1
200 98 1
201 99 1
201 100 1
202 101 1
203 102 1
204 103 1
205 104 1
206 105 1
207 106 1
207 107 1
208 108 1
209 109 1
210 110 1
211 111 1
212 112 1
213 113 1
213 114 1
214 115 1
215 116 1
216 117 1
217 118 1
218 119 1
219 120 1
220 121 1
221 122 1
222 122 1
223 123 1
224 124 1
225 125 1
226 126 1
227 127 1
228 128 1
229 129 1
230 130 1
231 131 1
232 131 1
233 132 1
234 132 1
235 133 1
236 133 1
237 134 1
238 134 1
239 134 1
240 135 1
241 135 1
242 136 1
243 136 1
244 137 1
245 137 1
246 137 1
247 137 1
248 137 1
249 137 1
250 137 1
251 137 1
252 137 1
253 137 1
254 137 1
255 137 1
256 136 1
257 136 1
258 136 1
259 136 1
260 135 1
261 134 1
262 134 1
263 133 1
264 132 1
265 132 1
266 131 1
267 130 1
268 129 1
269 128 1
270 127 1
270 126 1
271 125 1
271 124 1
272 123 1
272 122 1
273 121 1
273 120 1
274 119 1
274 118 1
275 117 1
275 116 1
276 115 1
276 114 1
276 113 1
276 112 1
277 111 1
277 110 1
277 109 1
277 108 1
277 107 1
278 106 1
278 105 1
278 104 1
278 103 1
279 102 1
279 101 1
279 100 1
279 99 1
279 98 1
279 97 1
280 96 1
280 95 1
280 94 1
280 93 1
280 92 1
280 91 1
280 90 1
280 89 1
280 88 1
280 87 1
281 86 1
281 85 1
281 84 1
281 83 1
281 82 1
281 81 1
281 80 1
281 79 1
281 78 1
281 77 1
282 76 1
282 75 1
282 74 1
282 73 1
282 72 1
282 71 1
282 70 1
282 69 1
282 68 1
282 67 1
283 66 1
283 65 1
283 64 1
283 63 1
283 62 1
283 61 1
283 60 1
283 59 1
283 58 1
283 57 1
283 56 1
283 55 1
284 54 1
284 53 1
284 52 1
284 51 1
284 50 1
284 49 1
284 48 1
284 47 1
284 46 1
284 45 1
284 44 1
284 43 1
284 42 1
284 41 1
284 40 1
284 39 1
284 38 1
285 37 1
285 36 1
285 35 1
285 34 1
285 33 1
285 32 1
285 31 1
285 30 1
285 29 1
285 28 1
286 27 1
286 26 1
286 25 1
286 24 1
286 23 1
286 22 1
287 21 1
288 20 1
289 20 1
290 20 1
291 20 1
292 21 1
293 22 1
294 23 1
295 24 1
296 25 1
297 26 1
298 27 1
299 28 1
300 28 1
301 29 1
302 30 1
303 31 1
304 32 1
305 33 1
306 34 1
307 35 1
308 36 1
309 37 1
310 38 1
311 39 1
312 40 1
313 41 1
314 42 1
315 43 1
316 44 1
317 45 1
318 46 1
318 47 1
319 48 1
320 49 1
321 50 1
322 51 1
323 52 1
324 53 1
325 54 1
326 55 1
327 56 1
327 57 1
328 58 1
329 59 1
330 60 1
331 61 1
332 62 1
333 63 1
333 64 1
334 65 1
335 66 1
335 67 1
336 68 1
337 69 1
338 70 1
338 71 1
339 72 1
340 73 1
341 74 1
342 75 1
343 76 1
344 77 1
345 78 1
346 79 1
347 80 1
347 81 1
348 82 1
349 83 1
349 84 1
350 85 1
350 86 1
351 87 1
351 88 1
351 89 1
351 90 1
351 91 1
350 92 1
350 93 1
350 94 1
350 95 1
350 96 1
350 97 1
350 98 1
350 99 1
350 100 1
.PEN_UP
.PEN_DOWN
27 97 1
27 98 1
26 99 1
26 100 1
26 101 1
26 102 1
26 103 1
26 104 1
26 105 1
26 106 1
26 107 1
26 108 1
26 109 1
26 110 1
26 111 1
26 112 1
26 113 1
26 114 1
26 115 1
25 116 1
25 117 1
25 118 1
25 119 1
25 120 1
25 121 1
25 122 1
25 123 1
25 124 1
25 125 1
25 126 1
25 127 1
25 128 1
25 129 1
25 130 1
25 131 1
25 132 1
25 133 1
25 134 1
24 135 1
24 136 1
24 137 1
24 138 1
24 139 1
24 140 1
24 141 1
24 142 1
24 143 1
24 144 1
24 145 1
24 146 1
24 147 1
24 148 1
24 149 1
24 150 1
24 151 1
24 152 1
24 153 1
23 154 1
23 155 1
23 156 1
23 157 1
23 158 1
23 159 1
23 160 1
23 161 1
23 162 1
23 163 1
23 164 1
23 165 1
23 166 1
23 167 1
23 168 1
23 169 1
23 170 1
23 171 1
23 172 1
23 173 1
23 174 1
23 175 1
23 176 1
23 177 1
23 178 1
22 179 1
22 180 1
22 181 1
22 182 1
22 183 1
22 184 1
22 185 1
22 186 1
22 187 1
22 188 1
22 189 1
22 190 1
22 191 1
22 192 1
22 193 1
22 194 1
22 195 1
22 196 1
22 197 1
22 198 1
22 199 1
22 200 1
22 201 1
22 202 1
22 203 1
22 204 1
21 205 1
21 206 1
21 207 1
21 208 1
21 209 1
21 210 1
21 211 1
21 212 1
21 213 1
21 214 1
21 215 1
21 216 1
21 217 1
21 218 1
21 219 1
21 220 1
21 221 1
21 222 1
21 223 1
21 224 1
21 225 1
21 226 1
21 227 1
21 228 1
21 229 1
20 230 1
20 231 1
20 232 1
20 233 1
20 234 1
20 235 1
20 236 1
20 237 1
20 238 1
20 239 1
20 240 1
20 241 1
20 242 1
20 243 1
20 244 1
20 245 1
20 246 1
20 247 1
20 248 1
20 249 1
20 250 1
20 251 1
20 252 1
20 253 1
20 254 1
20 255 1
19 256 1
19 257 1
19 258 1
19 259 1
19 260 1
19 261 1
19 262 1
19 263 1
19 264 1
19 265 1
19 266 1
19 267 1
19 268 1
19 269 1
19 270 1
18 271 1
18 272 1
18 273 1
18 274 1
18 275 1
18 276 1
18 277 1
18 278 1
18 279 1
18 280 1
18 281 1
18 282 1
17 283 1
17 284 1
17 285 1
17 286 1
17 287 1
17 288 1
17 289 1
17 290 1
17 291 1
17 292 1
17 293 1
17 294 1
16 295 1
16 296 1
16 297 1
16 298 1
16 299 1
16 300 1
16 301 1
16 302 1
16 303 1
16 304 1
16 305 1
15 306 1
15 307 1
15 308 1
15 309 1
15 310 1
15 311 1
15 312 1
15 313 1
15 314 1
14 315 1
14 316 1
14 317 1
14 318 1
14 319 1
14 320 1
14 321 1
14 322 1
14 323 1
13 324 1
13 325 1
13 326 1
13 327 1
13 328 1
13 329 1
13 330 1
13 331 1
12 332 1
12 333 1
12 334 1
12 335 1
12 336 1
12 337 1
12 338 1
12 339 1
12 340 1
11 341 1
11 342 1
11 343 1
11 344 1
11 345 1
11 346 1
11 347 1
11 348 1
10 349 1
10 350 1
10 351 1
10 352 1
10 353 1
10 354 1
10 355 1
10 356 1
9 357 1
9 358 1
9 359 1
9 360 1
9 361 1
9 362 1
9 363 1
9 364 1
8 365 1
8 366 1
8 367 1
8 368 1
8 369 1
8 370 1
8 371 1
7 372 1
7 373 1
7 374 1
7 375 1
7 376 1
7 377 1
7 378 1
7 379 1
6 380 1
6 381 1
6 382 1
6 383 1
6 384 1
6 385 1
6 386 1
5 387 1
5 388 1
5 389 1
5 390 1
5 391 1
5 392 1
5 393 1
4 394 1
4 395 1
4 396 1
4 397 1
4 398 1
4 399 1
4 400 1
3 401 1
3 402 1
3 403 1
3 404 1
3 405 1
2 406 1
2 407 1
2 408 1
2 409 1
2 410 1
1 411 1
1 412 1
1 413 1
2 414 1
3 414 1
4 414 1
5 414 1
6 415 1
7 416 1
8 417 1
9 418 1
10 419 1
11 420 1
12 421 1
.PEN_UP
.PEN_DOWN
187 156 1
187 157 1
187 158 1
187 159 1
188 160 1
188 161 1
189 162 1
190 163 1
190 164 1
190 165 1
190 166 1
190 167 1
191 168 1
191 169 1
191 170 1
191 171 1
191 172 1
191 173 1
191 174 1
191 175 1
191 176 1
191 177 1
191 178 1
191 179 1
191 180 1
192 181 1
192 182 1
192 183 1
192 184 1
192 185 1
192 186 1
192 187 1
192 188 1
192 189 1
192 190 1
192 191 1
192 192 1
192 193 1
192 194 1
192 195 1
192 196 1
192 197 1
192 198 1
192 199 1
192 200 1
192 201 1
192 202 1
192 203 1
192 204 1
192 205 1
192 206 1
192 207 1
192 208 1
192 209 1
192 210 1
192 211 1
192 212 1
191 213 1
191 214 1
191 215 1
191 216 1
191 217 1
191 218 1
191 219 1
190 220 1
190 221 1
190 222 1
190 223 1
189 224 1
189 225 1
189 226 1
188 227 1
188 228 1
188 229 1
187 230 1
187 231 1
187 232 1
186 233 1
186 234 1
185 235 1
185 236 1
184 237 1
184 238 1
183 239 1
182 240 1
182 241 1
181 242 1
180 243 1
180 244 1
179 245 1
178 246 1
178 247 1
177 248 1
177 249 1
176 250 1
175 251 1
174 252 1
173 253 1
172 254 1
172 255 1
171 256 1
170 257 1
169 258 1
168 259 1
168 260 1
167 261 1
166 261 1
165 262 1
164 262 1
163 264 1
162 265 1
161 265 1
160 266 1
159 267 1
158 268 1
157 268 1
156 269 1
155 270 1
154 271 1
153 271 1
152 272 1
151 272 1
150 273 1
149 273 1
148 274 1
147 274 1
146 274 1
145 275 1
144 275 1
143 276 1
142 276 1
141 276 1
140 277 1
139 277 1
138 278 1
137 278 1
136 278 1
135 279 1
134 279 1
133 279 1
132 280 1
131 280 1
130 280 1
129 280 1
128 281 1
127 281 1
126 281 1
125 282 1
124 282 1
123 282 1
122 282 1
121 283 1
120 283 1
119 283 1
118 284 1
117 284 1
116 284 1
115 284 1
114 285 1
113 285 1
112 285 1
111 285 1
110 285 1
109 285 1
108 285 1
107 286 1
106 286 1
105 286 1
104 286 1
103 286 1
102 286 1
101 286 1
100 287 1
99 287 1
98 287 1
97 287 1
96 287 1
95 287 1
94 287 1
93 287 1
92 287 1
91 287 1
90 288 1
89 288 1
88 288 1
87 288 1
86 288 1
85 288 1
84 288 1
83 288 1
82 288 1
81 288 1
80 288 1
79 288 1
78 288 1
77 288 1
76 288 1
75 288 1
74 288 1
73 288 1
72 288 1
71 288 1
70 288 1
69 288 1
68 288 1
67 288 1
66 287 1
65 287 1
64 287 1
63 287 1
62 287 1
61 287 1
60 287 1
59 287 1
58 287 1
57 287 1
56 286 1
55 286 1
54 286 1
53 286 1
52 286 1
51 285 1
50 285 1
49 285 1
48 284 1
47 284 1
46 284 1
45 283 1
44 283 1
43 283 1
42 282 1
41 282 1
40 282 1
39 281 1
38 280 1
37 280 1
36 279 1
35 278 1
34 278 1
33 277 1
32 276 1
31 275 1
31 274 1
32 273 1
33 272 1
34 272 1
35 272 1
36 271 1
37 271 1
38 271 1
39 270 1
40 270 1
41 270 1
42 270 1
43 269 1
44 269 1
45 269 1
46 268 1
47 268 1
48 268 1
49 268 1
50 267 1
51 267 1
52 267 1
53 266 1
54 266 1
55 266 1
56 266 1
57 266 1
58 265 1
59 265 1
60 265 1
61 265 1
62 265 1
63 264 1
64 264 1
65 264 1
66 264 1
67 264 1
68 263 1
69 263 1
70 263 1
71 263 1
72 263 1
73 262 1
74 262 1
75 262 1
76 262 1
77 262 1
78 262 1
79 262 1
80 262 1
81 262 1
82 262 1
83 261 1
84 261 1
85 261 1
86 261 1
87 261 1
88 261 1
89 261 1
90 261 1
91 261 1
92 261 1
93 261 1
94 261 1
95 260 1
96 260 1
97 260 1
98 260 1
99 260 1
100 260 1
101 260 1
102 260 1
103 260 1
104 260 1
105 260 1
106 260 1
107 260 1
108 260 1
109 260 1
110 260 1
111 260 1
112 260 1
113 260 1
114 260 1
115 259 1
116 259 1
117 259 1
118 259 1
119 259 1
120 259 1
121 259 1
122 259 1
123 259 1
124 259 1
125 259 1
126 259 1
127 259 1
128 259 1
129 259 1
130 259 1
131 259 1
132 259 1
133 259 1
134 259 1
135 259 1
136 259 1
137 259 1
138 259 1
139 259 1
140 259 1
141 259 1
142 259 1
143 259 1
144 259 1
145 259 1
146 259 1
147 259 1
148 260 1
149 260 1
150 260 1
151 260 1
152 260 1
153 260 1
154 260 1
155 260 1
156 260 1
157 260 1
158 260 1
159 260 1
160 260 1
161 261 1
162 261 1
163 262 1
.PEN_UP
.PEN_DOWN
169 261 1
170 261 1
171 261 1
172 261 1
173 261 1
174 261 1
175 261 1
176 261 1
177 261 1
178 261 1
179 262 1
180 262 1
181 262 1
182 262 1
183 262 1
184 262 1
185 262 1
186 262 1
187 262 1
188 262 1
189 262 1
190 262 1
191 262 1
192 262 1
193 262 1
194 262 1
195 262 1
196 262 1
197 262 1
198 262 1
199 262 1
200 262 1
201 262 1
202 262 1
203 262 1
204 263 1
205 263 1
206 263 1
207 263 1
208 263 1
209 263 1
210 263 1
211 263 1
212 263 1
213 263 1
214 263 1
215 263 1
216 263 1
217 263 1
218 264 1
219 264 1
220 264 1
221 264 1
222 264 1
223 264 1
224 264 1
225 264 1
226 264 1
227 264 1
228 264 1
229 264 1
230 264 1
231 264 1
232 264 1
233 264 1
234 264 1
235 264 1
236 265 1
237 265 1
238 265 1
239 265 1
240 265 1
241 265 1
242 265 1
243 265 1
244 265 1
245 265 1
246 265 1
247 265 1
248 265 1
249 265 1
250 265 1
251 265 1
252 265 1
253 265 1
254 265 1
255 265 1
256 265 1
257 265 1
258 265 1
259 265 1
260 266 1
261 266 1
262 266 1
263 266 1
264 266 1
265 266 1
266 266 1
267 266 1
268 266 1
269 266 1
270 266 1
271 266 1
272 266 1
273 266 1
274 266 1
275 266 1
276 266 1
277 266 1
278 266 1
279 266 1
280 266 1
281 266 1
282 266 1
283 266 1
284 266 1
285 266 1
286 266 1
287 266 1
288 266 1
289 266 1
290 266 1
291 266 1
292 266 1
293 266 1
294 266 1
295 266 1
.PEN_UP
