.PEN_DOWN
76 17 1
77 16 1
77 15 1
77 14 1
77 13 1
77 12 1
77 11 1
77 10 1
77 9 1
78 8 1
80 9 1
81 10 1
81 11 1
81 12 1
81 13 1
82 14 1
82 15 1
82 16 1
82 17 1
82 18 1
82 19 1
82 20 1
82 21 1
82 22 1
82 23 1
82 24 1
82 25 1
82 26 1
82 27 1
82 28 1
82 29 1
82 30 1
82 31 1
82 32 1
82 33 1
82 34 1
82 35 1
82 36 1
82 37 1
82 38 1
82 39 1
82 40 1
82 41 1
82 42 1
82 43 1
82 44 1
81 45 1
81 46 1
81 47 1
81 48 1
81 49 1
81 50 1
81 51 1
80 52 1
80 53 1
80 54 1
80 55 1
80 56 1
80 57 1
79 58 1
79 59 1
79 60 1
79 61 1
79 62 1
79 63 1
79 64 1
79 65 1
79 66 1
79 67 1
78 68 1
78 69 1
78 70 1
78 71 1
78 72 1
78 73 1
78 74 1
78 75 1
78 76 1
78 77 1
78 78 1
78 79 1
77 80 1
77 81 1
77 82 1
77 83 1
77 84 1
77 85 1
77 86 1
77 87 1
76 88 1
76 89 1
76 90 1
76 91 1
76 92 1
76 93 1
76 94 1
75 95 1
75 96 1
75 97 1
75 98 1
75 99 1
75 100 1
75 101 1
75 102 1
75 103 1
75 104 1
75 105 1
75 106 1
74 107 1
74 108 1
74 109 1
74 110 1
74 111 1
74 112 1
74 113 1
74 114 1
74 115 1
74 116 1
74 117 1
74 118 1
74 119 1
73 120 1
73 121 1
73 122 1
73 123 1
73 124 1
73 125 1
73 126 1
73 127 1
73 128 1
73 129 1
73 130 1
73 131 1
73 132 1
72 133 1
72 134 1
72 135 1
72 136 1
72 137 1
72 138 1
72 139 1
72 140 1
72 141 1
72 142 1
72 143 1
71 144 1
71 145 1
71 146 1
71 147 1
71 148 1
71 149 1
71 150 1
71 151 1
71 152 1
71 153 1
71 154 1
70 155 1
70 156 1
70 157 1
70 158 1
70 159 1
70 160 1
70 161 1
70 162 1
70 163 1
69 164 1
69 165 1
69 166 1
69 167 1
69 168 1
69 169 1
69 170 1
69 171 1
68 172 1
68 173 1
68 174 1
68 175 1
68 176 1
68 177 1
67 178 1
67 179 1
67 180 1
67 181 1
67 182 1
66 183 1
65 184 1
64 184 1
63 184 1
62 184 1
61 183 1
60 183 1
59 183 1
.PEN_UP
.PEN_DOWN
79 7 1
79 6 1
79 5 1
79 4 1
78 3 1
78 2 1
78 1 1
.PEN_UP
.PEN_DOWN
86 100 1
87 100 1
88 100 1
89 100 1
90 100 1
91 100 1
92 100 1
93 100 1
94 100 1
95 100 1
96 100 1
97 100 1
98 100 1
99 100 1
100 100 1
101 100 1
102 100 1
103 100 1
104 100 1
105 100 1
106 100 1
107 100 1
108 100 1
109 100 1
110 100 1
111 100 1
112 100 1
113 100 1
114 100 1
115 100 1
116 100 1
117 100 1
118 100 1
119 100 1
120 100 1
121 100 1
122 100 1
123 100 1
124 100 1
125 100 1
126 100 1
127 100 1
128 100 1
129 100 1
130 100 1
131 100 1
132 99 1
133 100 1
134 100 1
135 100 1
136 101 1
137 101 1
138 101 1
139 100 1
140 100 1
141 100 1
142 100 1
143 100 1
144 100 1
.PEN_UP
.PEN_DOWN
132 98 1
132 97 1
132 96 1
132 95 1
131 94 1
131 93 1
131 92 1
131 91 1
131 90 1
131 89 1
131 88 1
132 87 1
132 86 1
132 85 1
132 84 1
132 83 1
133 82 1
133 81 1
134 80 1
134 79 1
134 78 1
135 77 1
135 76 1
135 75 1
136 74 1
137 73 1
138 72 1
139 71 1
139 70 1
140 69 1
141 68 1
142 67 1
143 66 1
144 65 1
145 64 1
146 63 1
147 62 1
148 61 1
149 60 1
150 59 1
151 58 1
152 57 1
153 56 1
154 55 1
155 55 1
156 54 1
157 53 1
158 52 1
159 52 1
160 51 1
161 50 1
162 50 1
163 49 1
164 48 1
165 48 1
166 47 1
167 46 1
168 45 1
169 45 1
170 45 1
171 44 1
172 44 1
173 43 1
174 43 1
175 43 1
176 43 1
177 42 1
178 42 1
179 42 1
180 42 1
181 43 1
182 43 1
183 43 1
184 44 1
185 45 1
186 45 1
187 46 1
188 47 1
188 48 1
189 49 1
190 50 1
190 51 1
191 52 1
191 53 1
191 54 1
191 55 1
191 56 1
192 57 1
192 58 1
192 59 1
192 60 1
192 61 1
192 62 1
192 63 1
192 64 1
192 65 1
192 66 1
192 67 1
192 68 1
192 69 1
192 70 1
192 71 1
192 72 1
192 73 1
192 74 1
192 75 1
192 76 1
192 77 1
193 78 1
193 79 1
193 80 1
193 81 1
193 82 1
194 83 1
194 84 1
194 85 1
194 86 1
195 87 1
195 88 1
195 89 1
196 90 1
196 91 1
197 92 1
197 93 1
198 94 1
198 95 1
199 96 1
199 97 1
200 98 1
200 99 1
201 100 1
202 101 1
202 102 1
203 103 1
203 104 1
204 105 1
204 106 1
205 107 1
206 108 1
207 109 1
208 110 1
209 110 1
210 111 1
211 112 1
212 112 1
213 112 1
214 113 1
215 113 1
216 113 1
217 113 1
218 114 1
219 114 1
220 114 1
221 114 1
222 114 1
223 114 1
224 114 1
225 114 1
226 114 1
227 114 1
228 114 1
229 114 1
230 114 1
231 114 1
232 114 1
233 114 1
234 114 1
235 114 1
236 114 1
237 114 1
238 114 1
239 114 1
240 113 1
241 113 1
242 113 1
243 112 1
244 112 1
245 112 1
246 111 1
247 111 1
248 110 1
249 110 1
250 109 1
251 109 1
252 108 1
253 108 1
254 107 1
255 107 1
256 106 1
257 106 1
258 105 1
259 104 1
260 103 1
261 102 1
262 101 1
263 100 1
264 99 1
264 98 1
265 97 1
266 96 1
267 95 1
268 94 1
269 93 1
269 92 1
270 91 1
271 90 1
272 89 1
272 88 1
273 87 1
273 86 1
274 85 1
274 84 1
274 83 1
275 82 1
276 81 1
277 82 1
278 83 1
279 84 1
280 84 1
281 85 1
282 86 1
283 87 1
284 88 1
285 89 1
286 90 1
287 91 1
288 92 1
289 93 1
289 94 1
290 95 1
290 96 1
290 97 1
290 98 1
290 99 1
290 100 1
291 101 1
291 102 1
292 103 1
292 104 1
293 105 1
293 106 1
294 107 1
294 108 1
294 109 1
295 110 1
295 111 1
295 112 1
295 113 1
295 114 1
295 115 1
295 116 1
295 117 1
295 118 1
295 119 1
295 120 1
294 121 1
294 122 1
294 123 1
294 124 1
293 125 1
293 126 1
292 127 1
291 128 1
290 129 1
289 130 1
288 130 1
287 130 1
286 130 1
285 130 1
.PEN_UP
.PEN_DOWN
275 80 1
274 79 1
273 78 1
272 78 1
271 78 1
270 77 1
269 77 1
268 76 1
267 76 1
266 75 1
265 75 1
264 74 1
263 74 1
262 73 1
261 73 1
260 72 1
259 72 1
258 71 1
257 70 1
256 70 1
255 69 1
254 69 1
253 68 1
252 68 1
251 68 1
250 67 1
249 66 1
248 65 1
248 64 1
247 63 1
246 62 1
246 61 1
246 60 1
246 59 1
245 58 1
245 57 1
245 56 1
245 55 1
245 54 1
245 53 1
246 52 1
247 51 1
247 50 1
248 49 1
249 48 1
250 47 1
251 47 1
252 47 1
253 46 1
254 46 1
255 46 1
256 46 1
257 47 1
258 47 1
259 47 1
260 47 1
261 48 1
262 48 1
263 48 1
264 49 1
265 49 1
266 49 1
267 50 1
268 51 1
269 51 1
270 52 1
271 53 1
272 54 1
272 55 1
273 56 1
273 57 1
273 58 1
274 59 1
274 60 1
275 61 1
275 62 1
276 63 1
277 64 1
277 65 1
277 66 1
278 67 1
278 68 1
278 69 1
278 70 1
278 71 1
278 72 1
277 73 1
277 74 1
276 75 1
276 76 1
276 77 1
275 78 1
.PEN_UP
.PEN_DOWN
56 133 1
56 132 1
57 131 1
57 130 1
58 129 1
58 128 1
59 127 1
60 126 1
60 125 1
61 124 1
61 123 1
62 122 1
62 121 1
63 120 1
63 119 1
63 118 1
63 117 1
63 116 1
63 115 1
62 114 1
62 113 1
62 112 1
62 111 1
62 110 1
62 109 1
62 108 1
62 107 1
62 106 1
62 105 1
62 104 1
62 103 1
62 102 1
62 101 1
62 100 1
62 99 1
62 98 1
62 97 1
62 96 1
62 95 1
62 94 1
61 93 1
61 92 1
61 91 1
60 90 1
60 89 1
59 88 1
59 87 1
58 86 1
58 85 1
57 84 1
56 83 1
55 82 1
54 82 1
53 82 1
52 82 1
51 82 1
50 82 1
49 82 1
48 82 1
47 82 1
46 81 1
45 81 1
44 81 1
43 81 1
42 80 1
41 80 1
40 80 1
39 80 1
38 80 1
37 81 1
36 81 1
35 81 1
34 82 1
33 82 1
32 82 1
31 83 1
30 84 1
29 85 1
28 85 1
27 86 1
26 86 1
25 87 1
24 87 1
23 88 1
22 89 1
21 90 1
20 90 1
19 91 1
18 92 1
17 93 1
16 94 1
15 95 1
14 96 1
14 97 1
13 98 1
12 99 1
12 100 1
11 101 1
11 102 1
10 103 1
9 104 1
8 105 1
7 106 1
7 107 1
6 108 1
6 109 1
5 110 1
4 111 1
4 112 1
4 113 1
3 114 1
3 115 1
2 116 1
2 117 1
2 118 1
2 119 1
1 120 1
1 121 1
1 122 1
1 123 1
1 124 1
1 125 1
1 126 1
1 127 1
1 128 1
1 129 1
1 130 1
1 131 1
1 132 1
1 133 1
1 134 1
1 135 1
1 136 1
1 137 1
1 138 1
1 139 1
1 140 1
1 141 1
1 142 1
1 143 1
1 144 1
1 145 1
.PEN_UP
