.PEN_DOWN
41 1 1
42 1 1
43 1 1
44 1 1
45 1 1
46 2 1
47 2 1
48 3 1
49 3 1
50 3 1
51 4 1
52 4 1
53 4 1
54 5 1
55 5 1
56 5 1
57 6 1
58 6 1
59 6 1
60 7 1
61 7 1
62 7 1
63 7 1
64 8 1
65 8 1
66 8 1
67 9 1
68 9 1
69 9 1
70 10 1
71 10 1
72 10 1
73 11 1
74 11 1
75 12 1
76 12 1
77 12 1
78 13 1
79 13 1
80 14 1
81 14 1
82 15 1
83 15 1
84 16 1
85 17 1
86 17 1
87 18 1
88 18 1
89 19 1
90 20 1
91 20 1
92 21 1
93 22 1
94 22 1
95 23 1
96 24 1
97 25 1
98 25 1
99 26 1
100 27 1
101 28 1
102 29 1
102 30 1
103 31 1
104 32 1
105 33 1
106 34 1
106 35 1
107 36 1
108 37 1
108 38 1
109 39 1
109 40 1
109 41 1
110 42 1
110 43 1
111 44 1
111 45 1
111 46 1
112 47 1
112 48 1
112 49 1
112 50 1
112 51 1
112 52 1
112 53 1
112 54 1
112 55 1
112 56 1
112 57 1
112 58 1
112 59 1
112 60 1
112 61 1
112 62 1
112 63 1
112 64 1
112 65 1
112 66 1
112 67 1
111 68 1
111 69 1
111 70 1
111 71 1
110 72 1
110 73 1
110 74 1
110 75 1
110 76 1
109 77 1
109 78 1
109 79 1
109 80 1
109 81 1
108 82 1
108 83 1
108 84 1
107 85 1
107 86 1
106 87 1
106 88 1
105 89 1
105 90 1
105 91 1
104 92 1
104 93 1
103 94 1
103 95 1
102 96 1
102 97 1
101 98 1
101 99 1
100 100 1
99 101 1
98 102 1
97 103 1
96 104 1
96 105 1
95 106 1
94 107 1
93 108 1
92 109 1
91 110 1
90 111 1
89 112 1
88 113 1
87 114 1
86 115 1
85 115 1
84 116 1
83 117 1
82 118 1
81 119 1
80 119 1
79 120 1
78 121 1
77 122 1
76 122 1
75 123 1
74 123 1
73 124 1
72 124 1
71 125 1
70 125 1
69 126 1
68 126 1
67 127 1
66 127 1
65 128 1
64 128 1
63 129 1
62 129 1
61 130 1
60 130 1
59 130 1
58 131 1
57 131 1
56 131 1
55 132 1
54 132 1
53 132 1
52 133 1
51 133 1
50 133 1
49 134 1
48 134 1
47 134 1
46 135 1
45 135 1
44 135 1
43 135 1
42 134 1
41 135 1
40 136 1
39 136 1
38 137 1
37 137 1
36 137 1
35 137 1
34 138 1
33 138 1
32 138 1
31 138 1
30 139 1
29 139 1
28 139 1
27 139 1
26 139 1
25 139 1
.PEN_UP
.PEN_DOWN
42 133 1
43 132 1
44 132 1
45 131 1
46 130 1
47 130 1
48 129 1
49 128 1
50 127 1
51 126 1
52 125 1
52 124 1
.PEN_UP
.PEN_DOWN
2 60 1
2 61 1
1 62 1
1 63 1
1 64 1
1 65 1
1 66 1
1 67 1
1 68 1
1 69 1
1 70 1
1 71 1
1 72 1
2 73 1
2 74 1
2 75 1
2 76 1
3 77 1
3 78 1
3 79 1
3 80 1
3 81 1
4 82 1
4 83 1
4 84 1
4 85 1
4 86 1
5 87 1
5 88 1
5 89 1
.PEN_UP
