.PEN_DOWN
19 67 1
18 67 1
17 67 1
16 67 1
15 67 1
14 67 1
13 67 1
12 67 1
11 67 1
10 67 1
9 67 1
8 67 1
7 68 1
6 68 1
5 68 1
4 68 1
3 68 1
2 68 1
1 69 1
1 70 1
1 71 1
2 72 1
3 73 1
4 73 1
5 74 1
6 74 1
7 75 1
8 75 1
9 76 1
10 77 1
11 77 1
12 78 1
13 79 1
14 79 1
15 80 1
17 81 1
18 82 1
19 83 1
20 83 1
21 84 1
22 85 1
23 86 1
24 87 1
25 88 1
25 89 1
26 90 1
27 91 1
28 92 1
29 93 1
30 93 1
31 94 1
32 95 1
33 96 1
34 97 1
35 98 1
36 99 1
37 100 1
38 101 1
39 102 1
40 103 1
41 104 1
42 105 1
43 106 1
44 107 1
45 108 1
46 108 1
47 109 1
48 110 1
49 111 1
50 112 1
51 113 1
52 114 1
53 115 1
54 116 1
55 116 1
56 117 1
57 118 1
58 119 1
59 120 1
60 121 1
61 121 1
62 122 1
63 123 1
64 123 1
65 124 1
66 125 1
67 125 1
68 126 1
69 127 1
70 127 1
71 128 1
72 129 1
73 130 1
74 130 1
75 131 1
76 132 1
77 132 1
78 133 1
79 134 1
80 134 1
81 135 1
82 135 1
83 136 1
84 136 1
85 137 1
86 137 1
87 138 1
88 138 1
89 139 1
90 139 1
91 140 1
92 140 1
93 141 1
94 141 1
95 142 1
96 143 1
96 144 1
97 145 1
98 146 1
.PEN_UP
.PEN_DOWN
16 80 1
17 79 1
18 78 1
19 77 1
20 76 1
21 75 1
22 74 1
23 73 1
24 73 1
25 72 1
26 71 1
27 70 1
28 69 1
29 68 1
30 67 1
30 66 1
31 65 1
32 64 1
33 63 1
34 62 1
35 61 1
36 60 1
36 59 1
37 58 1
38 57 1
38 56 1
39 55 1
40 54 1
40 53 1
41 52 1
42 51 1
42 50 1
43 49 1
44 48 1
45 47 1
46 46 1
47 45 1
48 44 1
49 43 1
50 42 1
50 41 1
51 40 1
52 39 1
53 38 1
54 37 1
55 36 1
56 35 1
57 34 1
58 33 1
59 32 1
60 31 1
61 31 1
62 30 1
63 29 1
64 28 1
65 28 1
66 27 1
67 26 1
68 25 1
69 24 1
70 23 1
71 22 1
72 21 1
73 21 1
74 20 1
75 19 1
76 19 1
77 18 1
78 17 1
79 17 1
80 16 1
81 15 1
82 15 1
83 14 1
84 13 1
85 12 1
86 12 1
87 11 1
88 10 1
89 10 1
90 9 1
91 8 1
92 8 1
93 7 1
94 7 1
95 6 1
96 6 1
97 5 1
98 4 1
99 4 1
100 3 1
101 2 1
102 2 1
103 2 1
104 2 1
105 1 1
106 1 1
.PEN_UP
.PEN_DOWN
15 81 1
14 82 1
13 83 1
12 84 1
11 85 1
11 86 1
11 87 1
10 88 1
10 89 1
10 90 1
10 91 1
.PEN_UP
