.PEN_DOWN
13 1 1
12 2 1
12 3 1
12 4 1
11 5 1
11 6 1
11 7 1
11 8 1
11 9 1
11 10 1
10 11 1
10 12 1
10 13 1
10 14 1
10 15 1
10 16 1
10 17 1
10 18 1
10 19 1
10 20 1
10 21 1
9 22 1
9 23 1
9 24 1
9 25 1
9 26 1
9 27 1
9 28 1
9 29 1
9 30 1
9 31 1
9 32 1
9 33 1
9 34 1
9 35 1
8 36 1
8 37 1
8 38 1
8 39 1
8 40 1
8 41 1
8 42 1
8 43 1
8 44 1
8 45 1
8 46 1
8 47 1
8 48 1
8 49 1
8 50 1
8 51 1
8 52 1
8 53 1
8 54 1
7 55 1
7 56 1
7 57 1
7 58 1
7 59 1
7 60 1
7 61 1
7 62 1
7 63 1
7 64 1
7 65 1
7 66 1
7 67 1
7 68 1
7 69 1
6 70 1
6 71 1
6 72 1
6 73 1
6 74 1
6 75 1
6 76 1
6 77 1
6 78 1
6 79 1
6 80 1
6 81 1
5 82 1
5 83 1
5 84 1
5 85 1
5 86 1
5 87 1
5 88 1
5 89 1
5 90 1
5 91 1
5 92 1
5 93 1
5 94 1
5 95 1
5 96 1
5 97 1
5 98 1
5 99 1
5 100 1
5 101 1
5 102 1
5 103 1
5 104 1
5 105 1
5 106 1
4 107 1
4 108 1
4 109 1
4 110 1
4 111 1
4 112 1
4 113 1
4 114 1
4 115 1
4 116 1
4 117 1
4 118 1
4 119 1
4 120 1
4 121 1
4 122 1
4 123 1
3 124 1
3 125 1
3 126 1
3 127 1
3 128 1
3 129 1
3 130 1
3 131 1
3 132 1
3 133 1
3 134 1
3 135 1
2 136 1
2 137 1
2 138 1
2 139 1
2 140 1
2 141 1
2 142 1
2 143 1
2 144 1
2 145 1
2 146 1
2 147 1
2 148 1
2 149 1
2 150 1
2 151 1
2 152 1
2 153 1
2 154 1
1 155 1
1 156 1
1 157 1
1 158 1
1 159 1
1 160 1
1 161 1
1 162 1
1 163 1
1 164 1
1 165 1
1 166 1
1 167 1
1 168 1
1 169 1
1 170 1
1 171 1
1 172 1
1 173 1
1 174 1
1 175 1
1 176 1
1 177 1
1 178 1
1 179 1
1 180 1
1 181 1
1 182 1
1 183 1
1 184 1
1 185 1
1 186 1
2 187 1
2 188 1
2 189 1
3 190 1
4 190 1
5 190 1
6 190 1
7 190 1
8 190 1
9 189 1
10 189 1
11 188 1
12 187 1
.PEN_UP
.PEN_DOWN
132 21 1
131 20 1
130 20 1
129 19 1
128 18 1
127 18 1
126 18 1
125 19 1
124 20 1
123 21 1
123 22 1
123 23 1
123 24 1
123 25 1
122 26 1
122 27 1
122 28 1
122 29 1
122 30 1
122 31 1
121 32 1
121 33 1
121 34 1
121 35 1
121 36 1
120 37 1
120 38 1
120 39 1
120 40 1
120 41 1
120 42 1
120 43 1
119 44 1
119 45 1
119 46 1
119 47 1
119 48 1
119 49 1
119 50 1
118 51 1
118 52 1
118 53 1
118 54 1
118 55 1
118 56 1
118 57 1
118 58 1
118 59 1
118 60 1
118 61 1
118 62 1
118 63 1
118 64 1
118 65 1
118 66 1
117 67 1
117 68 1
117 69 1
117 70 1
117 71 1
117 72 1
117 73 1
117 74 1
117 75 1
117 76 1
117 77 1
117 78 1
117 79 1
117 80 1
117 81 1
117 82 1
117 83 1
117 84 1
117 85 1
117 86 1
117 87 1
117 88 1
117 89 1
117 90 1
117 91 1
117 92 1
117 93 1
117 94 1
117 95 1
117 96 1
117 97 1
117 98 1
117 99 1
117 100 1
117 101 1
117 102 1
117 103 1
117 104 1
117 105 1
117 106 1
117 107 1
117 108 1
117 109 1
117 110 1
117 111 1
117 112 1
117 113 1
117 114 1
118 115 1
120 114 1
121 113 1
122 112 1
122 111 1
123 110 1
123 109 1
123 108 1
124 107 1
125 106 1
126 105 1
126 104 1
127 103 1
128 102 1
128 101 1
129 100 1
130 99 1
131 98 1
131 97 1
132 96 1
133 95 1
134 94 1
135 93 1
136 92 1
137 91 1
138 90 1
139 89 1
140 88 1
141 87 1
142 86 1
143 86 1
144 85 1
145 84 1
146 83 1
147 83 1
148 82 1
149 81 1
150 81 1
151 80 1
152 80 1
153 79 1
154 79 1
155 78 1
156 77 1
157 77 1
158 77 1
159 77 1
160 77 1
161 76 1
162 76 1
163 76 1
164 76 1
165 76 1
166 75 1
167 75 1
168 75 1
169 75 1
170 75 1
171 75 1
172 75 1
173 75 1
174 75 1
175 75 1
176 75 1
177 76 1
178 76 1
179 76 1
180 76 1
181 76 1
182 76 1
183 76 1
184 77 1
185 77 1
186 77 1
187 77 1
188 77 1
189 78 1
190 78 1
191 78 1
192 78 1
193 78 1
194 79 1
195 79 1
196 79 1
197 79 1
198 79 1
199 80 1
200 80 1
201 80 1
202 80 1
203 80 1
204 81 1
205 81 1
206 81 1
207 81 1
208 81 1
209 82 1
210 82 1
211 82 1
212 82 1
213 83 1
214 83 1
215 83 1
216 83 1
217 84 1
218 84 1
219 84 1
220 84 1
221 84 1
222 85 1
223 85 1
224 85 1
225 85 1
226 85 1
227 85 1
228 85 1
229 85 1
230 86 1
231 86 1
232 86 1
233 86 1
234 86 1
235 86 1
236 86 1
237 86 1
238 86 1
239 86 1
240 85 1
241 85 1
242 85 1
.PEN_UP
.PEN_DOWN
119 115 1
118 117 1
118 118 1
118 119 1
118 120 1
118 121 1
118 122 1
118 123 1
118 124 1
116 126 1
116 127 1
115 128 1
115 129 1
115 130 1
114 131 1
114 132 1
114 133 1
114 134 1
114 135 1
114 136 1
114 137 1
113 138 1
113 139 1
113 140 1
113 141 1
113 142 1
113 143 1
113 144 1
112 145 1
112 146 1
112 147 1
112 148 1
112 149 1
112 150 1
112 151 1
112 152 1
112 153 1
112 154 1
112 155 1
111 156 1
111 157 1
111 158 1
111 159 1
111 160 1
111 161 1
112 162 1
112 163 1
112 164 1
112 165 1
112 166 1
112 167 1
112 168 1
113 169 1
113 170 1
113 171 1
113 172 1
114 173 1
114 174 1
114 175 1
114 176 1
115 177 1
115 178 1
116 179 1
117 180 1
117 181 1
118 182 1
119 183 1
120 184 1
121 184 1
122 184 1
123 185 1
124 185 1
125 185 1
126 185 1
127 185 1
128 185 1
129 185 1
130 185 1
131 185 1
.PEN_UP
.PEN_DOWN
117 125 1
119 126 1
120 127 1
120 128 1
120 129 1
120 130 1
120 131 1
120 132 1
120 133 1
120 134 1
120 135 1
120 136 1
.PEN_UP
