.PEN_DOWN
9 128 1
8 128 1
7 128 1
6 127 1
5 127 1
4 127 1
3 127 1
2 126 1
1 127 1
1 128 1
1 129 1
1 130 1
1 131 1
2 132 1
3 133 1
4 134 1
4 135 1
5 136 1
6 137 1
7 138 1
7 139 1
8 140 1
9 141 1
10 142 1
10 143 1
11 144 1
12 145 1
13 146 1
14 147 1
14 148 1
15 149 1
16 150 1
17 151 1
17 152 1
18 153 1
19 154 1
20 155 1
21 156 1
22 157 1
23 158 1
24 159 1
25 160 1
26 161 1
27 162 1
28 163 1
29 164 1
30 165 1
31 166 1
32 167 1
33 168 1
34 169 1
35 170 1
36 171 1
37 172 1
38 173 1
39 174 1
40 175 1
41 176 1
42 177 1
43 178 1
44 179 1
45 180 1
46 181 1
47 182 1
48 183 1
49 184 1
50 185 1
51 186 1
52 187 1
53 188 1
54 188 1
55 189 1
56 190 1
57 191 1
58 192 1
59 193 1
60 194 1
61 194 1
62 195 1
63 196 1
64 197 1
65 198 1
66 199 1
67 199 1
68 200 1
69 201 1
70 202 1
71 203 1
72 204 1
73 205 1
74 205 1
75 206 1
76 207 1
77 208 1
78 209 1
79 210 1
80 211 1
81 212 1
82 213 1
83 213 1
84 214 1
85 215 1
86 216 1
87 217 1
88 218 1
89 219 1
90 219 1
91 220 1
92 221 1
93 221 1
94 222 1
95 223 1
96 223 1
97 224 1
98 225 1
99 225 1
100 226 1
101 227 1
102 227 1
103 228 1
104 229 1
105 229 1
106 230 1
107 231 1
108 232 1
109 232 1
110 233 1
111 233 1
112 234 1
113 235 1
114 235 1
115 236 1
116 237 1
117 237 1
118 237 1
119 238 1
120 239 1
121 240 1
121 241 1
121 242 1
121 243 1
121 244 1
121 245 1
121 246 1
121 247 1
121 248 1
121 249 1
121 250 1
121 251 1
121 252 1
121 253 1
120 254 1
120 255 1
120 256 1
120 257 1
120 258 1
120 259 1
120 260 1
120 261 1
120 262 1
120 263 1
120 264 1
120 265 1
120 266 1
120 267 1
120 268 1
120 269 1
120 270 1
120 271 1
120 272 1
119 273 1
119 274 1
119 275 1
119 276 1
119 277 1
119 278 1
119 279 1
119 280 1
119 281 1
119 282 1
119 283 1
119 284 1
119 285 1
119 286 1
119 287 1
118 288 1
118 289 1
118 290 1
118 291 1
118 292 1
118 293 1
118 294 1
118 295 1
118 296 1
118 297 1
118 298 1
118 299 1
117 300 1
117 301 1
117 302 1
117 303 1
117 304 1
117 305 1
117 306 1
117 307 1
117 308 1
117 309 1
117 310 1
116 311 1
116 312 1
116 313 1
116 314 1
116 315 1
116 316 1
116 317 1
116 318 1
116 319 1
116 320 1
116 321 1
115 322 1
115 323 1
115 324 1
.PEN_UP
.PEN_DOWN
120 237 1
121 236 1
121 235 1
121 234 1
121 233 1
121 232 1
121 231 1
121 230 1
121 229 1
121 228 1
121 227 1
121 226 1
121 225 1
121 224 1
121 223 1
121 222 1
121 221 1
121 220 1
121 219 1
121 218 1
121 217 1
121 216 1
121 215 1
121 214 1
121 213 1
121 212 1
121 211 1
121 210 1
121 209 1
121 208 1
121 207 1
121 206 1
121 205 1
120 204 1
120 203 1
120 202 1
120 201 1
120 200 1
120 199 1
120 198 1
120 197 1
120 196 1
120 195 1
120 194 1
120 193 1
120 192 1
120 191 1
120 190 1
120 189 1
120 188 1
120 187 1
120 186 1
120 185 1
120 184 1
120 183 1
120 182 1
120 181 1
120 180 1
120 179 1
120 178 1
120 177 1
120 176 1
120 175 1
120 174 1
120 173 1
120 172 1
120 171 1
120 170 1
120 169 1
120 168 1
120 167 1
120 166 1
120 165 1
120 164 1
120 163 1
120 162 1
120 161 1
120 160 1
120 159 1
120 158 1
120 157 1
120 156 1
120 155 1
120 154 1
120 153 1
120 152 1
120 151 1
120 150 1
120 149 1
120 148 1
119 147 1
119 146 1
119 145 1
119 144 1
119 143 1
119 142 1
119 141 1
119 140 1
119 139 1
119 138 1
119 137 1
119 136 1
119 135 1
119 134 1
119 133 1
118 132 1
118 131 1
118 130 1
118 129 1
118 128 1
118 127 1
118 126 1
117 125 1
117 124 1
.PEN_UP
.PEN_DOWN
156 1 1
156 2 1
156 3 1
156 4 1
156 5 1
156 6 1
156 7 1
156 8 1
156 9 1
156 10 1
156 11 1
155 12 1
155 13 1
155 14 1
155 15 1
155 16 1
155 17 1
155 18 1
155 19 1
155 20 1
155 21 1
155 22 1
155 23 1
155 24 1
155 25 1
156 26 1
156 27 1
156 28 1
156 29 1
156 30 1
156 31 1
156 32 1
156 33 1
156 34 1
157 35 1
157 36 1
157 37 1
157 38 1
158 39 1
158 40 1
158 41 1
158 42 1
159 43 1
159 44 1
159 45 1
159 46 1
160 47 1
160 48 1
160 49 1
160 50 1
160 51 1
161 52 1
161 53 1
161 54 1
161 55 1
162 56 1
162 57 1
162 58 1
162 59 1
163 60 1
163 61 1
163 62 1
164 63 1
164 64 1
164 65 1
164 66 1
165 67 1
165 68 1
165 69 1
166 70 1
166 71 1
166 72 1
167 73 1
167 74 1
168 75 1
168 76 1
169 77 1
169 78 1
170 79 1
170 80 1
171 81 1
171 82 1
172 83 1
173 84 1
174 85 1
174 86 1
175 87 1
176 88 1
177 88 1
178 89 1
179 89 1
180 89 1
181 90 1
182 90 1
183 90 1
184 90 1
185 90 1
186 90 1
187 89 1
188 89 1
189 89 1
190 89 1
191 88 1
192 88 1
193 87 1
194 86 1
195 86 1
196 85 1
197 84 1
198 83 1
199 82 1
200 81 1
201 80 1
202 79 1
203 78 1
204 77 1
205 76 1
206 75 1
207 74 1
208 73 1
208 72 1
209 71 1
210 70 1
211 69 1
212 68 1
212 67 1
213 66 1
214 65 1
215 64 1
216 63 1
216 62 1
217 61 1
218 60 1
219 60 1
220 59 1
220 58 1
220 57 1
220 56 1
221 55 1
222 54 1
222 53 1
222 52 1
222 51 1
223 50 1
222 49 1
222 48 1
222 47 1
223 46 1
224 45 1
225 45 1
226 46 1
226 47 1
226 48 1
225 49 1
224 49 1
.PEN_UP
.PEN_DOWN
227 45 1
228 45 1
229 44 1
230 43 1
231 43 1
232 44 1
233 45 1
234 46 1
235 47 1
235 48 1
236 49 1
236 50 1
237 51 1
238 52 1
238 53 1
239 54 1
239 55 1
239 56 1
240 57 1
240 58 1
240 59 1
241 60 1
241 61 1
241 62 1
242 63 1
242 64 1
242 65 1
243 66 1
243 67 1
244 68 1
244 69 1
244 70 1
245 71 1
245 72 1
246 73 1
246 74 1
247 75 1
247 76 1
248 77 1
249 78 1
249 79 1
250 80 1
250 81 1
251 82 1
251 83 1
252 84 1
253 85 1
253 86 1
254 87 1
255 88 1
255 89 1
256 90 1
257 91 1
257 92 1
258 93 1
259 94 1
260 95 1
261 96 1
262 97 1
263 98 1
264 99 1
265 99 1
266 100 1
267 101 1
268 101 1
269 102 1
270 102 1
271 102 1
272 103 1
273 103 1
274 103 1
275 103 1
276 103 1
277 103 1
278 103 1
279 103 1
280 103 1
281 103 1
282 102 1
283 102 1
284 102 1
285 101 1
286 101 1
287 100 1
288 99 1
289 99 1
290 98 1
291 97 1
292 96 1
293 95 1
294 94 1
295 93 1
296 92 1
296 91 1
297 90 1
298 89 1
298 88 1
299 87 1
300 86 1
300 85 1
301 84 1
301 83 1
302 82 1
302 81 1
303 80 1
303 79 1
304 78 1
304 77 1
304 76 1
305 75 1
305 74 1
305 73 1
305 72 1
306 71 1
306 70 1
306 69 1
306 68 1
307 67 1
307 66 1
307 65 1
307 64 1
308 63 1
308 62 1
308 61 1
308 60 1
308 59 1
308 58 1
309 57 1
309 56 1
309 55 1
309 54 1
309 53 1
309 52 1
309 51 1
309 50 1
309 49 1
309 48 1
309 47 1
309 46 1
309 45 1
309 44 1
309 43 1
309 42 1
309 41 1
309 40 1
309 39 1
309 38 1
309 37 1
308 36 1
308 35 1
308 34 1
308 33 1
308 32 1
307 31 1
307 30 1
307 29 1
306 28 1
306 27 1
306 26 1
305 25 1
305 24 1
304 23 1
304 22 1
304 21 1
303 20 1
303 19 1
302 18 1
.PEN_UP
.PEN_DOWN
220 61 1
220 62 1
220 63 1
220 64 1
220 65 1
220 66 1
220 67 1
220 68 1
219 69 1
219 70 1
219 71 1
219 72 1
219 73 1
219 74 1
219 75 1
219 76 1
219 77 1
219 78 1
219 79 1
219 80 1
219 81 1
219 82 1
219 83 1
219 84 1
218 85 1
218 86 1
218 87 1
218 88 1
218 89 1
218 90 1
218 91 1
218 92 1
218 93 1
218 94 1
218 95 1
218 96 1
218 97 1
218 98 1
217 99 1
217 100 1
217 101 1
217 102 1
217 103 1
217 104 1
217 105 1
217 106 1
217 107 1
217 108 1
217 109 1
216 110 1
216 111 1
216 112 1
216 113 1
216 114 1
216 115 1
216 116 1
216 117 1
216 118 1
216 119 1
216 120 1
216 121 1
216 122 1
215 123 1
215 124 1
215 125 1
215 126 1
215 127 1
215 128 1
215 129 1
215 130 1
215 131 1
215 132 1
215 133 1
215 134 1
214 135 1
214 136 1
214 137 1
214 138 1
214 139 1
214 140 1
214 141 1
214 142 1
214 143 1
213 144 1
213 145 1
213 146 1
213 147 1
213 148 1
213 149 1
213 150 1
213 151 1
212 152 1
212 153 1
212 154 1
212 155 1
212 156 1
212 157 1
212 158 1
212 159 1
211 160 1
211 161 1
211 162 1
211 163 1
211 164 1
211 165 1
211 166 1
211 167 1
210 168 1
210 169 1
210 170 1
210 171 1
210 172 1
210 173 1
210 174 1
209 175 1
209 176 1
209 177 1
209 178 1
209 179 1
209 180 1
209 181 1
208 182 1
208 183 1
208 184 1
208 185 1
208 186 1
207 187 1
207 188 1
207 189 1
207 190 1
207 191 1
206 192 1
206 193 1
206 194 1
206 195 1
205 196 1
205 197 1
205 198 1
205 199 1
204 200 1
206 201 1
207 201 1
208 201 1
209 200 1
210 200 1
211 200 1
212 200 1
213 200 1
214 200 1
215 200 1
216 200 1
217 199 1
218 199 1
219 199 1
220 199 1
221 199 1
222 199 1
223 199 1
224 199 1
225 198 1
226 198 1
227 198 1
228 198 1
229 198 1
230 198 1
231 197 1
232 197 1
233 197 1
234 197 1
235 197 1
236 196 1
237 196 1
238 196 1
239 196 1
240 196 1
241 196 1
242 195 1
243 195 1
244 195 1
245 195 1
246 195 1
247 195 1
248 195 1
249 194 1
250 194 1
251 194 1
252 194 1
253 194 1
254 194 1
255 194 1
256 193 1
257 193 1
258 193 1
259 193 1
260 193 1
261 193 1
262 193 1
263 193 1
264 193 1
265 193 1
266 193 1
267 193 1
268 192 1
269 192 1
270 192 1
271 192 1
272 192 1
273 192 1
274 192 1
275 192 1
276 192 1
277 192 1
278 192 1
279 192 1
280 191 1
.PEN_UP
.PEN_DOWN
203 202 1
202 203 1
201 202 1
200 202 1
199 202 1
198 202 1
197 202 1
196 202 1
195 202 1
194 202 1
193 203 1
192 203 1
191 203 1
190 203 1
189 203 1
188 203 1
187 203 1
186 203 1
185 203 1
184 203 1
183 203 1
182 203 1
181 203 1
180 204 1
179 204 1
178 204 1
177 204 1
176 204 1
175 204 1
174 204 1
173 204 1
172 204 1
171 204 1
170 204 1
169 204 1
168 204 1
167 204 1
166 204 1
165 204 1
164 204 1
163 204 1
162 204 1
161 204 1
160 204 1
159 204 1
158 204 1
157 205 1
157 206 1
157 207 1
158 208 1
159 209 1
160 210 1
161 211 1
162 212 1
163 212 1
164 213 1
165 214 1
166 214 1
167 215 1
168 215 1
169 216 1
170 216 1
171 216 1
172 217 1
173 217 1
174 217 1
175 218 1
176 218 1
177 218 1
178 218 1
179 219 1
180 219 1
181 219 1
182 219 1
183 219 1
184 219 1
185 219 1
186 219 1
187 219 1
188 219 1
189 218 1
190 218 1
191 218 1
192 218 1
193 217 1
194 217 1
195 216 1
196 215 1
197 214 1
198 213 1
199 212 1
199 211 1
200 210 1
200 209 1
201 208 1
201 207 1
202 206 1
202 205 1
202 204 1
.PEN_UP
.PEN_DOWN
155 262 1
154 263 1
153 264 1
152 265 1
152 266 1
153 267 1
154 267 1
155 267 1
156 267 1
157 267 1
158 267 1
159 267 1
160 266 1
161 266 1
162 266 1
163 266 1
164 266 1
165 266 1
166 266 1
167 266 1
168 266 1
169 266 1
170 266 1
171 266 1
172 266 1
173 266 1
174 266 1
175 266 1
176 266 1
177 266 1
178 266 1
179 266 1
180 266 1
181 266 1
182 266 1
183 266 1
184 266 1
185 266 1
186 266 1
187 266 1
188 266 1
189 266 1
190 266 1
191 266 1
192 266 1
193 266 1
194 266 1
195 266 1
196 266 1
197 266 1
198 266 1
199 265 1
200 265 1
201 265 1
202 265 1
203 265 1
204 265 1
205 265 1
206 265 1
207 265 1
208 265 1
209 265 1
210 265 1
211 265 1
212 265 1
213 265 1
214 265 1
215 265 1
216 265 1
217 265 1
218 265 1
219 265 1
220 265 1
221 265 1
222 265 1
223 265 1
224 265 1
225 265 1
226 265 1
227 265 1
228 265 1
229 265 1
230 265 1
231 265 1
232 265 1
233 265 1
234 265 1
235 265 1
236 265 1
237 265 1
238 265 1
239 266 1
240 266 1
241 266 1
242 266 1
243 266 1
244 266 1
245 266 1
246 266 1
247 266 1
248 267 1
249 267 1
250 267 1
251 267 1
252 267 1
253 267 1
254 267 1
255 268 1
256 268 1
257 268 1
258 268 1
259 269 1
260 269 1
261 269 1
262 269 1
263 270 1
264 270 1
265 270 1
266 270 1
267 270 1
268 270 1
269 271 1
270 271 1
271 271 1
272 271 1
273 271 1
.PEN_UP
