.PEN_DOWN
124 61 1
123 62 1
122 62 1
121 62 1
120 63 1
119 62 1
118 61 1
118 60 1
117 59 1
116 58 1
116 57 1
116 56 1
115 55 1
115 54 1
114 53 1
113 52 1
113 51 1
112 50 1
112 49 1
111 48 1
111 47 1
111 46 1
111 45 1
110 44 1
110 43 1
109 42 1
109 41 1
108 40 1
108 39 1
108 38 1
108 37 1
107 36 1
107 35 1
107 34 1
107 33 1
107 32 1
107 31 1
106 30 1
106 29 1
106 28 1
105 27 1
104 26 1
104 25 1
103 24 1
102 23 1
102 22 1
101 21 1
100 20 1
99 19 1
98 18 1
97 18 1
96 17 1
95 16 1
94 15 1
93 14 1
92 13 1
91 12 1
90 12 1
89 11 1
88 10 1
87 10 1
86 9 1
85 9 1
84 8 1
83 8 1
82 7 1
81 7 1
80 7 1
79 6 1
78 6 1
77 6 1
76 5 1
75 5 1
74 5 1
73 4 1
72 4 1
71 4 1
70 3 1
69 3 1
68 3 1
67 3 1
66 3 1
65 3 1
64 2 1
63 2 1
62 2 1
61 2 1
60 2 1
59 1 1
58 1 1
57 1 1
56 1 1
55 1 1
54 1 1
53 2 1
52 3 1
51 3 1
50 4 1
49 4 1
48 4 1
47 5 1
46 6 1
45 6 1
44 7 1
43 7 1
42 8 1
41 8 1
40 9 1
39 10 1
38 11 1
37 12 1
36 13 1
35 14 1
34 15 1
33 16 1
32 17 1
31 18 1
30 19 1
30 20 1
29 21 1
28 22 1
27 23 1
26 24 1
25 25 1
25 26 1
24 27 1
23 28 1
23 29 1
22 30 1
21 31 1
21 32 1
20 33 1
20 34 1
19 35 1
18 36 1
18 37 1
17 38 1
17 39 1
16 40 1
16 41 1
15 42 1
15 43 1
14 44 1
13 45 1
13 46 1
13 47 1
12 48 1
12 49 1
11 50 1
11 51 1
11 52 1
10 53 1
10 54 1
9 55 1
9 56 1
8 57 1
8 58 1
8 59 1
8 60 1
7 61 1
7 62 1
7 63 1
7 64 1
6 65 1
6 66 1
6 67 1
6 68 1
5 69 1
5 70 1
5 71 1
5 72 1
4 73 1
4 74 1
4 75 1
4 76 1
3 77 1
3 78 1
3 79 1
3 80 1
2 81 1
2 82 1
2 83 1
2 84 1
2 85 1
2 86 1
2 87 1
2 88 1
2 89 1
1 90 1
1 91 1
1 92 1
1 93 1
1 94 1
1 95 1
2 96 1
2 97 1
2 98 1
2 99 1
2 100 1
2 101 1
2 102 1
2 103 1
3 104 1
3 105 1
4 106 1
5 107 1
5 108 1
6 109 1
7 110 1
7 111 1
8 112 1
9 113 1
10 114 1
11 115 1
12 116 1
13 117 1
14 118 1
15 118 1
16 119 1
17 120 1
18 120 1
19 121 1
20 121 1
21 122 1
22 123 1
23 123 1
24 124 1
25 124 1
26 124 1
27 125 1
28 125 1
29 126 1
30 126 1
31 126 1
32 127 1
33 127 1
34 128 1
35 128 1
36 128 1
37 129 1
38 129 1
39 130 1
40 130 1
41 130 1
42 131 1
43 131 1
44 132 1
45 132 1
46 133 1
47 133 1
48 133 1
49 134 1
50 134 1
51 135 1
52 135 1
53 135 1
54 136 1
55 136 1
56 137 1
57 137 1
58 137 1
59 138 1
60 138 1
61 138 1
62 139 1
63 139 1
64 140 1
65 140 1
66 140 1
67 141 1
68 141 1
69 142 1
70 142 1
71 142 1
72 143 1
73 143 1
74 144 1
75 144 1
76 145 1
77 145 1
78 145 1
79 146 1
80 146 1
81 147 1
82 147 1
83 148 1
84 148 1
85 149 1
86 149 1
87 150 1
88 150 1
89 151 1
90 151 1
91 152 1
92 152 1
93 153 1
94 154 1
95 154 1
96 155 1
97 156 1
98 157 1
99 158 1
100 158 1
101 159 1
102 160 1
103 161 1
104 161 1
105 162 1
106 163 1
107 163 1
108 164 1
109 165 1
110 165 1
111 166 1
112 167 1
113 168 1
113 169 1
114 170 1
115 171 1
116 172 1
116 173 1
.PEN_UP
.PEN_DOWN
127 69 1
127 68 1
126 67 1
126 66 1
127 65 1
128 64 1
129 63 1
130 62 1
131 61 1
132 61 1
133 61 1
134 60 1
135 60 1
136 60 1
137 60 1
138 60 1
139 59 1
140 59 1
141 59 1
142 59 1
143 58 1
144 58 1
145 58 1
146 57 1
147 57 1
148 57 1
149 57 1
150 57 1
151 56 1
152 56 1
153 56 1
154 56 1
155 55 1
156 55 1
157 55 1
158 55 1
159 55 1
160 54 1
161 54 1
162 54 1
163 54 1
164 54 1
165 53 1
166 53 1
167 53 1
168 53 1
169 53 1
170 53 1
171 52 1
172 52 1
173 52 1
174 52 1
175 52 1
176 52 1
177 51 1
178 51 1
179 51 1
180 51 1
181 51 1
182 51 1
183 51 1
184 50 1
185 50 1
186 50 1
187 50 1
188 50 1
189 50 1
190 50 1
191 49 1
192 49 1
193 49 1
194 49 1
195 49 1
196 49 1
197 49 1
198 48 1
199 48 1
200 48 1
201 48 1
202 48 1
203 48 1
204 47 1
205 47 1
206 47 1
207 47 1
208 47 1
209 47 1
210 46 1
211 46 1
212 46 1
213 46 1
214 46 1
215 46 1
216 46 1
217 46 1
218 45 1
219 45 1
220 45 1
221 45 1
222 45 1
223 45 1
224 45 1
225 45 1
226 45 1
227 44 1
228 44 1
229 44 1
230 44 1
231 44 1
232 44 1
233 44 1
234 44 1
235 44 1
236 43 1
237 43 1
238 43 1
239 43 1
240 43 1
241 43 1
242 43 1
243 43 1
244 43 1
245 43 1
246 42 1
247 42 1
248 42 1
249 42 1
250 42 1
251 42 1
252 42 1
253 42 1
254 42 1
255 41 1
256 41 1
257 41 1
258 41 1
259 41 1
260 41 1
261 41 1
262 41 1
263 40 1
264 40 1
265 40 1
266 40 1
267 40 1
268 40 1
269 40 1
270 40 1
271 40 1
272 40 1
273 40 1
274 40 1
275 40 1
276 40 1
277 39 1
278 39 1
279 39 1
280 39 1
281 39 1
282 39 1
283 39 1
284 39 1
285 39 1
286 39 1
287 39 1
288 39 1
289 39 1
290 39 1
291 39 1
292 38 1
293 38 1
294 38 1
295 38 1
296 38 1
297 38 1
298 38 1
299 38 1
300 38 1
301 38 1
302 38 1
303 37 1
304 37 1
305 37 1
306 37 1
307 37 1
308 37 1
309 37 1
310 37 1
311 37 1
312 37 1
313 37 1
314 37 1
315 37 1
316 37 1
317 37 1
318 37 1
319 37 1
320 37 1
321 37 1
322 37 1
323 37 1
324 37 1
325 37 1
326 37 1
327 37 1
328 37 1
329 36 1
330 35 1
330 34 1
329 33 1
328 33 1
327 32 1
326 32 1
325 31 1
324 31 1
323 30 1
.PEN_UP
