.PEN_DOWN
1 164 1
2 164 1
3 165 1
4 167 1
5 168 1
6 168 1
7 169 1
8 170 1
9 170 1
10 171 1
11 172 1
12 172 1
13 173 1
14 174 1
15 174 1
16 175 1
17 176 1
18 177 1
19 177 1
20 178 1
21 179 1
22 180 1
23 180 1
24 181 1
25 182 1
26 183 1
27 183 1
28 184 1
29 185 1
30 185 1
31 186 1
32 187 1
33 187 1
34 188 1
35 188 1
36 189 1
37 190 1
38 190 1
39 191 1
40 191 1
41 192 1
42 193 1
43 193 1
44 194 1
45 194 1
46 195 1
47 196 1
48 196 1
49 197 1
50 197 1
51 198 1
52 199 1
53 199 1
54 200 1
55 200 1
56 201 1
57 201 1
58 202 1
59 202 1
60 203 1
61 203 1
62 204 1
63 204 1
64 205 1
65 205 1
66 206 1
67 206 1
68 207 1
69 207 1
70 208 1
71 208 1
72 208 1
73 209 1
74 209 1
75 210 1
76 210 1
77 211 1
78 211 1
79 212 1
80 212 1
81 213 1
82 213 1
83 214 1
84 214 1
85 215 1
86 215 1
87 216 1
88 216 1
89 216 1
90 217 1
91 217 1
92 218 1
93 218 1
94 218 1
95 219 1
96 219 1
97 220 1
98 220 1
99 220 1
100 221 1
101 221 1
102 222 1
103 222 1
104 222 1
105 223 1
106 223 1
107 224 1
108 224 1
109 224 1
110 225 1
111 225 1
112 226 1
113 226 1
114 226 1
115 227 1
116 227 1
117 228 1
118 228 1
119 228 1
120 229 1
121 229 1
122 229 1
123 230 1
124 230 1
125 231 1
126 231 1
127 231 1
128 232 1
129 232 1
130 232 1
131 233 1
132 233 1
133 234 1
134 234 1
135 234 1
136 235 1
137 235 1
138 235 1
139 236 1
140 236 1
141 236 1
142 237 1
143 237 1
144 237 1
145 238 1
146 238 1
147 239 1
148 239 1
149 239 1
150 240 1
151 240 1
152 240 1
153 241 1
154 241 1
155 241 1
156 242 1
157 242 1
158 243 1
159 243 1
160 243 1
161 244 1
162 244 1
163 244 1
164 245 1
165 245 1
166 245 1
167 246 1
168 246 1
169 246 1
170 247 1
171 247 1
172 247 1
176 248 1
177 249 1
178 249 1
179 249 1
180 250 1
181 250 1
182 250 1
183 251 1
184 251 1
185 251 1
186 252 1
187 252 1
188 252 1
189 253 1
190 253 1
191 253 1
192 254 1
193 254 1
194 254 1
195 255 1
196 255 1
197 255 1
198 255 1
199 256 1
200 256 1
201 256 1
202 256 1
203 257 1
204 257 1
205 257 1
206 257 1
207 258 1
208 258 1
209 258 1
210 258 1
211 259 1
212 259 1
213 259 1
214 259 1
215 260 1
216 260 1
217 260 1
218 260 1
219 261 1
220 261 1
221 261 1
222 261 1
223 262 1
224 262 1
225 262 1
226 262 1
227 263 1
228 263 1
229 263 1
230 263 1
231 263 1
232 264 1
233 264 1
234 264 1
235 264 1
236 265 1
237 265 1
238 265 1
239 265 1
240 266 1
241 266 1
242 266 1
243 266 1
244 266 1
245 267 1
246 267 1
247 267 1
248 267 1
249 268 1
250 268 1
251 268 1
252 268 1
253 268 1
254 269 1
255 269 1
256 269 1
257 269 1
258 270 1
259 270 1
260 270 1
261 270 1
262 270 1
263 271 1
264 271 1
265 271 1
266 271 1
267 272 1
268 272 1
269 272 1
270 272 1
271 272 1
272 273 1
273 273 1
274 273 1
275 273 1
276 273 1
277 274 1
278 274 1
279 274 1
280 274 1
281 274 1
282 274 1
283 275 1
284 275 1
285 275 1
286 275 1
287 275 1
288 275 1
289 275 1
290 276 1
291 276 1
292 276 1
293 276 1
294 276 1
295 275 1
296 275 1
297 275 1
298 275 1
299 276 1
300 276 1
301 276 1
302 276 1
303 276 1
304 277 1
305 277 1
306 277 1
307 277 1
308 278 1
309 278 1
310 278 1
311 278 1
312 278 1
313 278 1
314 279 1
315 279 1
316 279 1
317 279 1
318 279 1
319 279 1
320 279 1
321 279 1
.PEN_UP
.PEN_DOWN
294 274 1
293 273 1
292 273 1
291 272 1
290 273 1
289 272 1
288 272 1
287 271 1
286 271 1
285 271 1
284 271 1
283 271 1
282 270 1
281 270 1
280 270 1
279 270 1
278 269 1
277 269 1
276 269 1
275 269 1
274 268 1
273 268 1
272 268 1
271 268 1
270 268 1
269 267 1
268 267 1
267 267 1
266 266 1
265 266 1
264 266 1
263 265 1
262 265 1
261 265 1
260 264 1
259 264 1
258 264 1
257 263 1
256 263 1
255 263 1
254 263 1
253 262 1
252 262 1
251 262 1
250 262 1
249 262 1
248 261 1
247 261 1
246 261 1
245 261 1
244 261 1
243 261 1
.PEN_UP
.PEN_DOWN
173 246 1
174 245 1
174 244 1
174 243 1
174 242 1
174 241 1
174 240 1
174 239 1
174 238 1
174 237 1
174 236 1
174 235 1
175 234 1
175 233 1
175 232 1
175 231 1
175 230 1
175 229 1
175 228 1
175 227 1
175 226 1
175 225 1
175 224 1
175 223 1
175 222 1
175 221 1
175 220 1
176 219 1
176 218 1
176 217 1
176 216 1
176 215 1
176 214 1
176 213 1
176 212 1
177 211 1
177 210 1
177 209 1
177 208 1
177 207 1
177 206 1
177 205 1
177 204 1
177 203 1
178 202 1
178 201 1
178 200 1
178 199 1
178 198 1
178 197 1
178 196 1
178 195 1
178 194 1
178 193 1
178 192 1
178 191 1
178 190 1
178 189 1
178 188 1
178 187 1
178 186 1
178 185 1
178 184 1
178 183 1
178 182 1
178 181 1
178 180 1
178 179 1
178 178 1
178 177 1
179 176 1
179 175 1
179 174 1
179 173 1
179 172 1
179 171 1
179 170 1
179 169 1
179 168 1
.PEN_UP
.PEN_DOWN
173 247 1
174 250 1
174 251 1
173 252 1
173 253 1
173 254 1
173 255 1
173 256 1
173 257 1
173 258 1
173 259 1
173 260 1
173 261 1
173 262 1
173 263 1
173 264 1
173 265 1
173 266 1
173 267 1
173 268 1
173 269 1
173 270 1
173 271 1
173 272 1
173 273 1
173 274 1
173 275 1
173 276 1
173 277 1
173 278 1
173 279 1
173 280 1
173 281 1
173 282 1
173 283 1
173 284 1
173 285 1
173 286 1
173 287 1
173 288 1
174 289 1
174 290 1
174 291 1
174 292 1
174 293 1
174 294 1
174 295 1
174 296 1
174 297 1
174 298 1
174 299 1
.PEN_UP
.PEN_DOWN
4 165 1
5 164 1
6 164 1
7 164 1
8 164 1
9 164 1
10 164 1
11 164 1
12 164 1
13 164 1
14 164 1
.PEN_UP
.PEN_DOWN
190 14 1
189 15 1
188 16 1
187 16 1
186 17 1
185 17 1
184 18 1
183 18 1
182 19 1
181 20 1
180 21 1
180 22 1
179 23 1
179 24 1
178 25 1
177 26 1
177 27 1
176 28 1
175 29 1
175 30 1
175 31 1
174 32 1
174 33 1
173 34 1
173 35 1
173 36 1
172 37 1
172 38 1
171 39 1
171 40 1
171 41 1
171 42 1
171 43 1
171 44 1
171 45 1
171 46 1
171 47 1
170 48 1
170 49 1
170 50 1
170 51 1
170 52 1
171 53 1
171 54 1
171 55 1
171 56 1
171 57 1
171 58 1
171 59 1
171 60 1
172 61 1
172 62 1
172 63 1
172 64 1
173 65 1
173 66 1
173 67 1
174 68 1
174 69 1
174 70 1
175 71 1
176 72 1
176 73 1
177 74 1
178 75 1
179 76 1
179 77 1
180 78 1
181 79 1
182 79 1
183 80 1
184 81 1
185 81 1
186 82 1
187 83 1
188 83 1
189 83 1
190 83 1
191 83 1
192 84 1
193 84 1
194 84 1
195 84 1
196 84 1
197 84 1
198 84 1
199 84 1
200 84 1
201 84 1
202 83 1
203 83 1
204 83 1
205 83 1
206 83 1
207 83 1
208 83 1
209 82 1
210 82 1
211 82 1
212 81 1
213 81 1
214 80 1
215 80 1
216 79 1
217 79 1
218 78 1
219 78 1
220 77 1
221 77 1
222 76 1
223 76 1
224 75 1
225 74 1
226 74 1
227 73 1
228 72 1
229 72 1
230 71 1
231 71 1
232 70 1
233 69 1
234 69 1
235 68 1
236 68 1
237 67 1
238 66 1
239 66 1
240 65 1
241 65 1
242 64 1
243 63 1
244 63 1
245 62 1
246 62 1
247 61 1
248 60 1
249 60 1
250 60 1
251 59 1
252 59 1
253 58 1
254 58 1
255 57 1
256 57 1
257 56 1
258 56 1
259 55 1
260 55 1
261 55 1
262 55 1
263 54 1
264 54 1
265 54 1
266 54 1
267 53 1
268 53 1
269 53 1
270 52 1
271 52 1
272 53 1
273 53 1
274 53 1
275 53 1
276 53 1
277 53 1
278 53 1
279 53 1
280 54 1
281 54 1
282 54 1
283 55 1
284 55 1
285 55 1
286 56 1
287 56 1
288 56 1
289 57 1
290 57 1
291 58 1
292 58 1
293 58 1
294 59 1
295 59 1
296 60 1
297 60 1
298 61 1
299 62 1
300 63 1
301 63 1
302 64 1
303 65 1
304 66 1
305 67 1
306 67 1
307 68 1
308 69 1
309 70 1
310 71 1
311 72 1
312 72 1
313 73 1
314 74 1
315 75 1
316 76 1
317 77 1
318 78 1
319 78 1
320 79 1
321 80 1
322 81 1
323 81 1
324 82 1
325 83 1
326 83 1
327 83 1
328 84 1
329 84 1
330 85 1
331 85 1
332 85 1
333 86 1
334 86 1
335 87 1
336 87 1
337 87 1
338 87 1
339 88 1
340 88 1
341 88 1
342 88 1
343 88 1
344 88 1
345 88 1
346 88 1
347 87 1
348 87 1
349 87 1
350 87 1
351 86 1
352 86 1
353 86 1
354 85 1
355 85 1
356 85 1
357 84 1
358 84 1
359 83 1
360 83 1
361 82 1
362 81 1
363 80 1
364 79 1
365 78 1
366 77 1
367 76 1
368 75 1
369 74 1
370 73 1
371 72 1
371 71 1
372 70 1
373 69 1
374 68 1
375 67 1
375 66 1
376 65 1
376 64 1
377 63 1
377 62 1
378 61 1
378 60 1
379 59 1
379 58 1
380 57 1
380 56 1
380 55 1
380 54 1
381 53 1
381 52 1
381 51 1
381 50 1
381 49 1
382 48 1
382 47 1
382 46 1
382 45 1
382 44 1
382 43 1
382 42 1
382 41 1
382 40 1
382 39 1
382 38 1
382 37 1
382 36 1
382 35 1
382 34 1
382 33 1
382 32 1
382 31 1
382 30 1
382 29 1
382 28 1
382 27 1
381 26 1
381 25 1
381 24 1
381 23 1
381 22 1
381 21 1
380 20 1
380 19 1
380 18 1
380 17 1
380 16 1
379 15 1
379 14 1
379 13 1
378 12 1
378 11 1
378 10 1
377 9 1
377 8 1
377 7 1
376 6 1
375 5 1
374 4 1
373 3 1
372 2 1
371 1 1
.PEN_UP
.PEN_DOWN
270 68 1
271 69 1
271 70 1
271 71 1
271 72 1
272 73 1
272 74 1
272 75 1
273 76 1
273 77 1
274 78 1
274 79 1
274 80 1
275 81 1
275 82 1
275 83 1
275 84 1
276 85 1
276 86 1
276 87 1
276 88 1
276 89 1
276 90 1
276 91 1
276 92 1
276 93 1
277 94 1
277 95 1
277 96 1
277 97 1
277 98 1
277 99 1
277 100 1
277 101 1
277 102 1
277 103 1
277 104 1
277 105 1
278 106 1
278 107 1
278 108 1
278 109 1
278 110 1
278 111 1
278 112 1
278 113 1
278 114 1
278 115 1
278 116 1
278 117 1
278 118 1
278 119 1
278 120 1
278 121 1
278 122 1
278 123 1
278 124 1
278 125 1
278 126 1
278 127 1
278 128 1
278 129 1
278 130 1
278 131 1
278 132 1
278 133 1
278 134 1
278 135 1
278 136 1
278 137 1
278 138 1
278 139 1
277 140 1
277 141 1
277 142 1
277 143 1
277 144 1
277 145 1
277 146 1
277 147 1
277 148 1
277 149 1
277 150 1
276 151 1
276 152 1
276 153 1
276 154 1
276 155 1
276 156 1
276 157 1
275 158 1
275 159 1
275 160 1
275 161 1
275 162 1
275 163 1
275 164 1
274 165 1
274 166 1
274 167 1
274 168 1
273 169 1
273 170 1
273 171 1
272 172 1
272 173 1
271 174 1
271 175 1
271 176 1
270 177 1
270 178 1
270 179 1
269 180 1
269 181 1
268 182 1
268 183 1
267 184 1
266 185 1
266 186 1
265 187 1
264 188 1
264 189 1
263 190 1
262 191 1
261 192 1
260 193 1
260 194 1
259 195 1
258 196 1
257 196 1
256 196 1
255 196 1
254 196 1
253 196 1
252 197 1
251 197 1
250 197 1
249 197 1
248 197 1
247 197 1
246 197 1
245 197 1
244 197 1
243 197 1
242 197 1
241 197 1
240 197 1
239 197 1
238 197 1
237 197 1
236 197 1
235 197 1
234 197 1
233 197 1
232 197 1
231 197 1
230 197 1
229 197 1
228 197 1
227 197 1
226 197 1
225 197 1
224 197 1
223 197 1
222 197 1
221 197 1
220 197 1
219 197 1
218 197 1
217 197 1
216 197 1
215 197 1
214 197 1
213 197 1
212 197 1
.PEN_UP
.PEN_DOWN
260 196 1
261 196 1
262 196 1
263 196 1
264 196 1
265 196 1
266 196 1
267 196 1
268 197 1
269 197 1
270 197 1
271 197 1
272 197 1
273 197 1
274 197 1
275 197 1
276 197 1
277 197 1
278 197 1
279 197 1
280 197 1
281 198 1
282 198 1
283 198 1
284 198 1
285 198 1
286 198 1
287 198 1
288 199 1
289 199 1
290 199 1
291 199 1
292 199 1
293 199 1
294 199 1
295 200 1
296 200 1
297 200 1
298 200 1
299 200 1
300 200 1
301 201 1
302 201 1
303 201 1
304 201 1
305 201 1
306 201 1
307 201 1
308 202 1
309 202 1
310 202 1
311 202 1
312 202 1
313 203 1
314 203 1
315 203 1
316 203 1
317 204 1
318 204 1
319 205 1
320 205 1
321 205 1
322 206 1
323 206 1
324 207 1
325 207 1
.PEN_UP
