.PEN_DOWN
23 211 1
22 210 1
21 209 1
20 208 1
20 207 1
19 206 1
18 205 1
18 204 1
17 203 1
16 202 1
15 201 1
14 201 1
13 201 1
12 201 1
11 202 1
10 203 1
9 203 1
8 204 1
7 205 1
7 206 1
6 207 1
5 208 1
5 209 1
5 210 1
4 211 1
4 212 1
4 213 1
3 214 1
3 215 1
3 216 1
2 217 1
2 218 1
1 219 1
1 220 1
1 221 1
1 222 1
1 223 1
1 224 1
1 225 1
1 226 1
2 227 1
2 228 1
2 229 1
2 230 1
2 231 1
3 232 1
3 233 1
4 234 1
4 235 1
5 236 1
5 237 1
6 238 1
7 239 1
7 240 1
8 241 1
9 242 1
9 243 1
10 244 1
11 245 1
12 246 1
12 247 1
13 248 1
14 249 1
14 250 1
15 251 1
16 252 1
17 253 1
17 254 1
18 255 1
19 256 1
20 257 1
21 258 1
22 258 1
23 259 1
24 260 1
25 261 1
26 262 1
27 263 1
28 264 1
29 264 1
30 265 1
31 266 1
32 266 1
33 267 1
34 268 1
35 268 1
36 269 1
37 270 1
38 271 1
39 271 1
40 272 1
41 272 1
42 273 1
43 273 1
44 274 1
45 274 1
46 275 1
47 275 1
48 275 1
49 276 1
50 276 1
51 277 1
52 277 1
53 278 1
54 278 1
55 279 1
56 279 1
57 279 1
58 280 1
59 280 1
60 280 1
61 281 1
62 281 1
63 281 1
64 282 1
65 282 1
66 282 1
67 283 1
68 283 1
69 284 1
70 284 1
71 284 1
72 285 1
73 285 1
74 285 1
75 286 1
76 286 1
77 286 1
78 286 1
79 286 1
80 287 1
81 287 1
82 287 1
83 287 1
84 288 1
85 288 1
86 288 1
87 288 1
88 289 1
89 289 1
90 289 1
91 289 1
92 290 1
93 290 1
94 290 1
95 290 1
96 290 1
97 291 1
98 291 1
99 291 1
100 291 1
101 291 1
102 291 1
103 291 1
104 292 1
105 292 1
106 292 1
107 292 1
108 292 1
109 292 1
110 293 1
111 293 1
112 293 1
113 293 1
114 293 1
115 293 1
116 293 1
117 293 1
118 293 1
119 293 1
120 294 1
121 294 1
122 294 1
123 294 1
124 294 1
125 294 1
126 294 1
127 294 1
128 294 1
129 294 1
130 294 1
131 294 1
132 294 1
133 294 1
134 294 1
135 294 1
136 294 1
137 294 1
138 293 1
139 293 1
140 293 1
141 292 1
142 292 1
143 292 1
144 291 1
145 291 1
146 291 1
147 290 1
148 290 1
149 290 1
150 289 1
.PEN_UP
.PEN_DOWN
212 31 1
211 30 1
211 29 1
210 28 1
210 27 1
209 26 1
209 25 1
208 24 1
208 23 1
207 22 1
207 21 1
206 20 1
206 19 1
205 18 1
205 17 1
204 16 1
204 15 1
203 14 1
203 13 1
202 12 1
201 11 1
201 10 1
200 9 1
200 8 1
199 7 1
198 6 1
198 5 1
197 4 1
196 3 1
195 2 1
194 1 1
193 1 1
192 2 1
191 3 1
191 4 1
190 5 1
190 6 1
189 7 1
189 8 1
189 9 1
189 10 1
189 11 1
189 12 1
188 13 1
188 14 1
188 15 1
188 16 1
188 17 1
188 18 1
188 19 1
187 20 1
187 21 1
187 22 1
187 23 1
187 24 1
187 25 1
187 26 1
187 27 1
187 28 1
187 29 1
187 30 1
187 31 1
187 32 1
187 33 1
187 34 1
187 35 1
187 36 1
187 37 1
187 38 1
187 39 1
187 40 1
187 41 1
187 42 1
187 43 1
187 44 1
187 45 1
187 46 1
187 47 1
187 48 1
187 49 1
187 50 1
188 51 1
188 52 1
188 53 1
188 54 1
188 55 1
188 56 1
188 57 1
188 58 1
188 59 1
188 60 1
188 61 1
188 62 1
188 63 1
188 64 1
188 65 1
188 66 1
188 67 1
188 68 1
188 69 1
188 70 1
188 71 1
188 72 1
189 73 1
189 74 1
189 75 1
189 76 1
189 77 1
189 78 1
189 79 1
189 80 1
189 81 1
189 82 1
189 83 1
190 84 1
190 85 1
190 86 1
190 87 1
190 88 1
190 89 1
190 90 1
190 91 1
190 92 1
190 93 1
191 94 1
191 95 1
191 96 1
191 97 1
192 98 1
192 99 1
192 100 1
192 101 1
192 102 1
193 103 1
193 104 1
193 105 1
193 106 1
193 107 1
194 108 1
194 109 1
194 110 1
194 111 1
195 112 1
195 113 1
195 114 1
196 115 1
196 116 1
197 117 1
197 118 1
197 119 1
198 120 1
198 121 1
199 122 1
199 123 1
199 124 1
200 125 1
201 126 1
202 127 1
202 128 1
203 129 1
204 129 1
205 130 1
206 130 1
207 130 1
208 130 1
209 130 1
210 130 1
211 130 1
212 129 1
213 129 1
214 128 1
215 128 1
216 127 1
217 127 1
218 126 1
219 125 1
220 124 1
221 123 1
222 122 1
223 121 1
224 120 1
225 119 1
225 118 1
226 117 1
227 116 1
228 115 1
228 114 1
229 113 1
230 112 1
231 111 1
231 110 1
232 109 1
233 108 1
234 107 1
234 106 1
235 105 1
236 104 1
236 103 1
237 102 1
238 101 1
238 100 1
239 99 1
240 98 1
241 97 1
241 96 1
242 95 1
243 94 1
244 93 1
245 92 1
246 91 1
247 90 1
248 89 1
249 88 1
250 87 1
251 87 1
252 87 1
253 87 1
254 88 1
255 88 1
256 89 1
257 90 1
258 91 1
258 92 1
259 93 1
260 94 1
260 95 1
261 96 1
261 97 1
261 98 1
261 99 1
262 100 1
262 101 1
262 102 1
262 103 1
263 104 1
263 105 1
263 106 1
263 107 1
264 108 1
264 109 1
264 110 1
264 111 1
264 112 1
265 113 1
265 114 1
265 115 1
265 116 1
265 117 1
266 118 1
266 119 1
266 120 1
266 121 1
266 122 1
267 123 1
267 124 1
267 125 1
267 126 1
267 127 1
268 128 1
268 129 1
268 130 1
268 131 1
269 132 1
269 133 1
269 134 1
269 135 1
269 136 1
270 137 1
270 138 1
270 139 1
270 140 1
270 141 1
271 142 1
271 143 1
271 144 1
271 145 1
272 146 1
273 147 1
274 147 1
275 147 1
276 146 1
277 146 1
278 145 1
279 145 1
280 144 1
281 144 1
282 144 1
283 143 1
284 143 1
285 142 1
286 142 1
287 141 1
288 141 1
289 140 1
290 140 1
291 139 1
292 139 1
293 139 1
294 139 1
295 139 1
296 138 1
297 138 1
298 138 1
299 138 1
300 138 1
301 137 1
302 137 1
303 137 1
304 137 1
305 137 1
306 136 1
307 137 1
308 137 1
309 137 1
310 137 1
311 137 1
312 138 1
313 138 1
314 138 1
315 138 1
316 139 1
317 140 1
318 141 1
319 142 1
320 143 1
321 144 1
321 145 1
322 146 1
322 147 1
322 148 1
322 149 1
322 150 1
322 151 1
322 152 1
322 153 1
322 154 1
321 155 1
321 156 1
321 157 1
321 158 1
321 159 1
320 160 1
320 161 1
320 162 1
319 163 1
319 164 1
318 165 1
318 166 1
317 167 1
317 168 1
316 169 1
316 170 1
315 171 1
314 172 1
313 173 1
312 174 1
312 175 1
311 176 1
310 177 1
309 178 1
308 179 1
307 180 1
306 181 1
305 182 1
304 182 1
303 183 1
302 184 1
301 184 1
300 184 1
299 185 1
298 185 1
297 185 1
296 185 1
295 185 1
294 185 1
293 185 1
292 185 1
291 184 1
290 184 1
289 183 1
288 182 1
287 182 1
286 181 1
286 180 1
285 179 1
284 178 1
283 177 1
283 176 1
282 175 1
281 174 1
280 173 1
280 172 1
279 171 1
279 170 1
279 169 1
278 168 1
278 167 1
277 166 1
277 165 1
276 164 1
276 163 1
276 162 1
275 161 1
275 160 1
274 159 1
274 158 1
274 157 1
274 156 1
273 155 1
273 154 1
273 153 1
273 152 1
272 151 1
271 150 1
269 150 1
268 151 1
267 152 1
266 153 1
265 154 1
264 155 1
263 156 1
262 157 1
261 158 1
260 158 1
259 159 1
258 160 1
257 161 1
256 162 1
255 163 1
254 164 1
253 165 1
252 166 1
251 167 1
250 168 1
249 169 1
248 170 1
247 171 1
246 172 1
245 173 1
244 174 1
244 175 1
243 176 1
242 177 1
241 178 1
240 179 1
239 180 1
238 181 1
237 182 1
236 183 1
235 184 1
235 185 1
234 186 1
233 187 1
232 188 1
232 189 1
231 190 1
230 191 1
229 192 1
229 193 1
228 194 1
227 195 1
226 196 1
226 197 1
225 198 1
224 199 1
223 200 1
223 201 1
222 202 1
221 203 1
221 204 1
220 205 1
219 206 1
218 207 1
218 208 1
217 209 1
216 210 1
215 211 1
215 212 1
214 213 1
213 214 1
212 215 1
212 216 1
211 217 1
210 218 1
209 219 1
209 220 1
208 221 1
207 222 1
207 223 1
206 224 1
205 225 1
204 226 1
204 227 1
203 228 1
202 229 1
201 230 1
201 231 1
200 232 1
199 233 1
198 234 1
198 235 1
197 236 1
196 237 1
195 238 1
195 239 1
194 240 1
193 241 1
193 242 1
192 243 1
191 244 1
190 245 1
189 245 1
188 246 1
188 247 1
187 248 1
187 249 1
187 250 1
187 251 1
186 252 1
185 253 1
184 254 1
183 255 1
183 256 1
182 257 1
182 258 1
181 259 1
180 260 1
180 261 1
180 262 1
180 263 1
179 264 1
180 265 1
181 265 1
182 266 1
183 266 1
184 267 1
185 267 1
186 267 1
190 268 1
191 268 1
192 268 1
193 268 1
194 269 1
195 269 1
196 269 1
197 269 1
198 269 1
199 269 1
200 269 1
201 270 1
202 270 1
203 270 1
204 270 1
205 270 1
206 270 1
207 270 1
208 270 1
209 271 1
210 271 1
211 271 1
212 271 1
213 271 1
214 271 1
215 271 1
216 272 1
217 272 1
218 272 1
219 272 1
220 272 1
221 272 1
222 272 1
223 272 1
224 273 1
225 273 1
226 273 1
227 273 1
228 273 1
229 273 1
230 273 1
231 273 1
232 273 1
233 273 1
234 273 1
235 273 1
236 273 1
237 273 1
238 273 1
239 273 1
240 273 1
241 273 1
242 273 1
243 273 1
244 273 1
245 273 1
246 273 1
247 273 1
248 273 1
249 273 1
250 273 1
251 273 1
252 273 1
253 273 1
254 273 1
255 273 1
256 273 1
257 273 1
258 273 1
259 273 1
260 273 1
261 273 1
262 273 1
263 273 1
264 273 1
265 273 1
266 273 1
267 273 1
268 273 1
269 273 1
270 273 1
271 273 1
272 273 1
273 273 1
274 273 1
275 273 1
276 273 1
277 273 1
278 273 1
279 273 1
280 273 1
281 273 1
282 273 1
283 273 1
284 273 1
285 273 1
286 273 1
287 273 1
288 273 1
289 273 1
290 273 1
291 273 1
292 273 1
293 273 1
294 273 1
295 273 1
296 274 1
297 274 1
298 274 1
299 274 1
300 274 1
301 274 1
302 274 1
303 274 1
304 274 1
305 274 1
306 274 1
307 275 1
308 275 1
309 276 1
310 276 1
311 276 1
312 277 1
313 277 1
314 278 1
315 278 1
316 278 1
317 279 1
318 279 1
319 280 1
320 281 1
321 282 1
322 283 1
323 284 1
324 285 1
324 286 1
325 287 1
326 288 1
326 289 1
326 290 1
326 291 1
325 292 1
325 293 1
325 294 1
325 295 1
325 296 1
324 297 1
.PEN_UP
.PEN_DOWN
187 266 1
188 265 1
188 264 1
188 263 1
188 262 1
188 261 1
188 260 1
188 259 1
188 258 1
188 257 1
188 256 1
188 255 1
188 254 1
187 253 1
.PEN_UP
.PEN_DOWN
187 267 1
188 270 1
188 271 1
188 272 1
188 273 1
188 274 1
188 275 1
188 276 1
188 277 1
188 278 1
188 279 1
188 280 1
188 281 1
188 282 1
188 283 1
188 284 1
188 285 1
188 286 1
188 287 1
188 288 1
188 289 1
188 290 1
188 291 1
188 292 1
188 293 1
188 294 1
188 295 1
188 296 1
188 297 1
188 298 1
188 299 1
188 300 1
188 301 1
188 302 1
188 303 1
188 304 1
188 305 1
188 306 1
188 307 1
188 308 1
188 309 1
188 310 1
188 311 1
188 312 1
188 313 1
188 314 1
188 315 1
188 316 1
188 317 1
188 318 1
188 319 1
188 320 1
188 321 1
188 322 1
188 323 1
188 324 1
188 325 1
188 326 1
188 327 1
188 328 1
188 329 1
.PEN_UP
.PEN_DOWN
187 245 1
187 244 1
187 243 1
187 242 1
187 241 1
187 240 1
187 239 1
187 238 1
187 237 1
187 236 1
187 235 1
187 234 1
187 233 1
187 232 1
187 231 1
187 230 1
187 229 1
187 228 1
186 227 1
186 226 1
186 225 1
186 224 1
186 223 1
186 222 1
186 221 1
186 220 1
186 219 1
186 218 1
186 217 1
186 216 1
186 215 1
186 214 1
186 213 1
186 212 1
186 211 1
185 210 1
185 209 1
185 208 1
185 207 1
185 206 1
185 205 1
185 204 1
185 203 1
185 202 1
184 201 1
184 200 1
184 199 1
184 198 1
184 197 1
184 196 1
184 195 1
184 194 1
183 193 1
183 192 1
183 191 1
183 190 1
183 189 1
183 188 1
183 187 1
183 186 1
183 185 1
183 184 1
183 183 1
.PEN_UP
.PEN_DOWN
198 360 1
199 360 1
200 360 1
201 360 1
202 360 1
203 360 1
204 360 1
205 360 1
206 360 1
207 360 1
208 360 1
209 360 1
210 360 1
211 360 1
212 360 1
213 360 1
214 360 1
215 360 1
216 360 1
217 360 1
218 360 1
219 360 1
220 360 1
221 360 1
222 360 1
223 360 1
224 360 1
225 360 1
226 360 1
227 360 1
228 360 1
229 360 1
230 360 1
231 360 1
232 360 1
233 360 1
234 360 1
235 360 1
236 360 1
237 360 1
238 360 1
239 360 1
240 360 1
241 360 1
242 360 1
243 360 1
244 360 1
245 360 1
246 360 1
247 360 1
248 360 1
249 360 1
250 360 1
251 360 1
252 360 1
253 360 1
254 360 1
255 360 1
256 360 1
257 360 1
258 360 1
259 360 1
260 360 1
261 360 1
262 359 1
263 359 1
264 359 1
265 359 1
266 359 1
267 359 1
268 359 1
269 359 1
270 359 1
271 359 1
272 359 1
273 359 1
274 359 1
275 358 1
276 358 1
277 358 1
278 358 1
279 358 1
280 357 1
281 357 1
282 357 1
283 356 1
284 356 1
285 355 1
286 355 1
287 355 1
288 354 1
289 354 1
290 353 1
291 352 1
292 351 1
293 350 1
294 349 1
.PEN_UP
