.PEN_DOWN
169 11 1
168 12 1
167 13 1
167 14 1
166 15 1
165 16 1
165 17 1
164 18 1
163 19 1
163 20 1
163 21 1
162 22 1
162 23 1
162 24 1
161 25 1
161 26 1
160 27 1
160 28 1
160 29 1
160 30 1
160 31 1
159 32 1
159 33 1
159 34 1
159 35 1
159 36 1
158 37 1
158 38 1
158 39 1
158 40 1
158 41 1
158 42 1
158 43 1
158 44 1
158 45 1
158 46 1
157 47 1
157 48 1
157 49 1
157 50 1
157 51 1
157 52 1
157 53 1
157 54 1
157 55 1
157 56 1
157 57 1
156 58 1
156 59 1
156 60 1
156 61 1
156 62 1
156 63 1
156 64 1
156 65 1
155 66 1
155 67 1
155 68 1
155 69 1
155 70 1
155 71 1
154 72 1
154 73 1
154 74 1
154 75 1
154 76 1
154 77 1
154 78 1
153 79 1
153 80 1
153 81 1
153 82 1
153 83 1
153 84 1
153 85 1
152 86 1
152 87 1
152 88 1
152 89 1
152 90 1
152 91 1
152 92 1
152 93 1
152 94 1
151 95 1
151 96 1
151 97 1
151 98 1
151 99 1
151 100 1
151 101 1
151 102 1
150 103 1
150 104 1
150 105 1
150 106 1
150 107 1
150 108 1
149 109 1
149 110 1
149 111 1
149 112 1
149 113 1
149 114 1
148 115 1
148 116 1
148 117 1
148 118 1
148 119 1
147 120 1
147 121 1
147 122 1
147 123 1
147 124 1
147 125 1
146 126 1
146 127 1
145 128 1
144 129 1
143 129 1
142 128 1
141 128 1
140 127 1
139 126 1
138 126 1
137 125 1
136 124 1
135 124 1
134 124 1
133 123 1
132 123 1
131 123 1
130 123 1
129 122 1
128 122 1
127 122 1
126 122 1
125 122 1
124 122 1
123 121 1
122 121 1
121 121 1
120 121 1
119 121 1
118 121 1
117 121 1
116 120 1
115 120 1
114 120 1
113 120 1
112 120 1
111 120 1
110 120 1
109 120 1
108 119 1
107 119 1
106 119 1
105 120 1
104 120 1
103 120 1
102 120 1
101 120 1
100 120 1
99 120 1
98 120 1
97 120 1
96 121 1
95 121 1
94 121 1
93 122 1
92 122 1
91 122 1
90 123 1
89 123 1
88 123 1
87 124 1
86 124 1
85 124 1
84 124 1
83 125 1
82 125 1
81 126 1
80 126 1
79 127 1
78 127 1
77 127 1
76 128 1
75 128 1
74 129 1
73 129 1
72 129 1
71 130 1
70 131 1
69 131 1
68 132 1
67 132 1
66 133 1
65 133 1
64 134 1
63 134 1
62 135 1
61 136 1
60 136 1
59 137 1
58 138 1
57 139 1
56 140 1
55 140 1
54 141 1
53 142 1
52 143 1
51 144 1
50 145 1
49 146 1
48 147 1
47 148 1
46 149 1
45 150 1
44 151 1
43 152 1
42 153 1
41 154 1
40 155 1
39 156 1
38 157 1
37 158 1
36 159 1
35 160 1
34 161 1
34 162 1
33 163 1
32 164 1
31 165 1
30 166 1
30 167 1
29 168 1
28 169 1
27 170 1
26 171 1
26 172 1
25 173 1
24 174 1
23 175 1
22 176 1
22 177 1
21 178 1
20 179 1
19 180 1
18 181 1
17 182 1
17 183 1
17 184 1
16 185 1
16 186 1
15 187 1
15 188 1
14 189 1
14 190 1
13 191 1
13 192 1
12 193 1
12 194 1
11 195 1
11 196 1
11 197 1
11 198 1
10 199 1
10 200 1
10 201 1
10 202 1
10 203 1
9 204 1
9 205 1
9 206 1
9 207 1
8 208 1
8 209 1
8 210 1
8 211 1
7 212 1
7 213 1
7 214 1
7 215 1
6 216 1
6 217 1
6 218 1
5 219 1
5 220 1
5 221 1
5 222 1
4 223 1
4 224 1
4 225 1
4 226 1
4 227 1
4 228 1
4 229 1
3 230 1
3 231 1
3 232 1
3 233 1
3 234 1
3 235 1
3 236 1
2 237 1
2 238 1
2 239 1
2 240 1
2 241 1
2 242 1
2 243 1
2 244 1
2 245 1
2 246 1
2 247 1
2 248 1
1 249 1
1 250 1
1 251 1
1 252 1
1 253 1
1 254 1
2 255 1
2 256 1
2 257 1
2 258 1
2 259 1
2 260 1
2 261 1
2 262 1
2 263 1
3 264 1
3 265 1
3 266 1
3 267 1
3 268 1
3 269 1
3 270 1
4 271 1
4 272 1
4 273 1
5 274 1
5 275 1
6 276 1
6 277 1
6 278 1
7 279 1
8 280 1
8 281 1
9 282 1
10 283 1
11 284 1
12 285 1
13 285 1
14 286 1
15 286 1
16 286 1
17 286 1
18 286 1
19 286 1
.PEN_UP
.PEN_DOWN
145 130 1
146 131 1
146 132 1
145 133 1
145 134 1
145 135 1
145 136 1
145 137 1
145 138 1
145 139 1
145 140 1
144 141 1
144 142 1
144 143 1
144 144 1
144 145 1
144 146 1
144 147 1
144 148 1
143 149 1
143 150 1
143 151 1
143 152 1
143 153 1
143 154 1
143 155 1
143 156 1
143 157 1
142 158 1
142 159 1
142 160 1
142 161 1
142 162 1
142 163 1
142 164 1
142 165 1
141 166 1
141 167 1
141 168 1
141 169 1
141 170 1
141 171 1
141 172 1
141 173 1
141 174 1
140 175 1
140 176 1
140 177 1
140 178 1
140 179 1
140 180 1
140 181 1
140 182 1
140 183 1
139 184 1
139 185 1
139 186 1
139 187 1
139 188 1
139 189 1
139 190 1
139 191 1
139 192 1
138 193 1
138 194 1
138 195 1
138 196 1
138 197 1
138 198 1
138 199 1
138 200 1
138 201 1
137 202 1
137 203 1
137 204 1
137 205 1
137 206 1
137 207 1
137 208 1
137 209 1
137 210 1
137 211 1
137 212 1
136 213 1
136 214 1
136 215 1
136 216 1
136 217 1
136 218 1
136 219 1
136 220 1
136 221 1
136 222 1
136 223 1
136 224 1
135 225 1
135 226 1
135 227 1
135 228 1
135 229 1
135 230 1
135 231 1
135 232 1
135 233 1
135 234 1
135 235 1
135 236 1
135 237 1
135 238 1
135 239 1
135 240 1
135 241 1
134 242 1
134 243 1
134 244 1
134 245 1
134 246 1
134 247 1
134 248 1
134 249 1
134 250 1
134 251 1
134 252 1
134 253 1
134 254 1
134 255 1
134 256 1
133 257 1
133 258 1
133 259 1
133 260 1
133 261 1
133 262 1
133 263 1
133 264 1
133 265 1
133 266 1
133 267 1
132 268 1
132 269 1
132 270 1
132 271 1
132 272 1
132 273 1
132 274 1
132 275 1
132 276 1
132 277 1
.PEN_UP
.PEN_DOWN
175 118 1
176 118 1
177 118 1
178 118 1
179 117 1
180 117 1
181 117 1
182 117 1
183 117 1
184 117 1
185 117 1
186 117 1
187 117 1
188 117 1
189 117 1
190 117 1
191 116 1
192 116 1
193 116 1
194 116 1
195 116 1
196 116 1
197 116 1
198 116 1
199 116 1
200 116 1
201 116 1
202 116 1
203 116 1
204 116 1
205 116 1
206 116 1
207 116 1
208 116 1
209 116 1
210 116 1
211 116 1
212 116 1
213 116 1
214 116 1
215 116 1
216 116 1
217 116 1
218 116 1
219 116 1
220 116 1
221 116 1
222 116 1
223 116 1
224 116 1
225 116 1
226 116 1
227 116 1
228 116 1
229 116 1
230 116 1
231 116 1
232 116 1
233 116 1
234 116 1
235 116 1
236 116 1
237 116 1
238 116 1
239 116 1
240 116 1
241 116 1
242 116 1
243 116 1
244 116 1
245 116 1
246 116 1
247 116 1
248 116 1
249 116 1
250 116 1
251 116 1
252 116 1
253 116 1
254 116 1
255 116 1
256 116 1
257 116 1
258 116 1
259 116 1
260 116 1
261 116 1
262 116 1
263 116 1
264 116 1
265 116 1
266 116 1
267 116 1
268 116 1
269 116 1
270 116 1
271 116 1
272 116 1
273 116 1
274 116 1
275 116 1
276 116 1
277 116 1
278 116 1
279 116 1
280 116 1
281 116 1
282 116 1
283 116 1
284 116 1
285 117 1
286 117 1
287 117 1
288 117 1
289 117 1
290 117 1
291 117 1
292 117 1
293 117 1
294 117 1
295 117 1
296 117 1
297 118 1
298 118 1
299 118 1
300 118 1
301 118 1
302 118 1
303 118 1
304 118 1
305 118 1
306 118 1
307 119 1
308 118 1
309 119 1
310 119 1
311 119 1
312 120 1
313 120 1
314 121 1
315 121 1
316 122 1
317 122 1
.PEN_UP
.PEN_DOWN
308 117 1
307 116 1
306 115 1
306 114 1
305 113 1
304 112 1
304 111 1
304 110 1
304 109 1
303 108 1
303 107 1
303 106 1
304 105 1
304 104 1
304 103 1
304 102 1
304 101 1
304 100 1
304 99 1
305 98 1
305 97 1
305 96 1
305 95 1
305 94 1
305 93 1
306 92 1
306 91 1
306 90 1
307 89 1
307 88 1
307 87 1
308 86 1
309 85 1
310 84 1
310 83 1
311 82 1
312 81 1
313 80 1
314 79 1
315 78 1
316 78 1
317 78 1
318 78 1
319 77 1
320 77 1
321 77 1
322 76 1
323 76 1
324 76 1
325 76 1
326 76 1
327 77 1
328 77 1
329 77 1
330 77 1
331 78 1
332 78 1
333 78 1
334 78 1
335 79 1
336 79 1
337 79 1
338 79 1
339 80 1
340 81 1
341 81 1
342 82 1
343 83 1
344 83 1
345 84 1
346 85 1
347 85 1
348 86 1
349 87 1
350 88 1
351 89 1
352 90 1
353 91 1
354 92 1
355 93 1
356 94 1
356 95 1
357 96 1
358 97 1
359 98 1
360 99 1
361 100 1
362 101 1
363 102 1
364 103 1
365 104 1
365 105 1
366 106 1
367 107 1
368 108 1
369 109 1
370 110 1
371 111 1
372 112 1
373 113 1
374 114 1
375 114 1
376 115 1
377 116 1
378 116 1
379 117 1
380 118 1
381 119 1
382 119 1
383 120 1
384 121 1
385 121 1
386 122 1
387 123 1
388 123 1
389 123 1
390 124 1
391 124 1
392 125 1
393 125 1
394 125 1
395 125 1
396 125 1
397 126 1
398 126 1
399 126 1
400 126 1
401 126 1
402 126 1
403 126 1
404 126 1
405 126 1
406 126 1
407 126 1
408 126 1
409 126 1
410 126 1
411 126 1
412 126 1
413 126 1
414 126 1
415 126 1
416 126 1
417 126 1
418 125 1
419 125 1
420 125 1
421 124 1
422 124 1
423 124 1
424 123 1
425 123 1
426 123 1
427 123 1
428 122 1
429 122 1
430 122 1
431 121 1
432 121 1
433 121 1
434 120 1
435 120 1
436 120 1
437 120 1
438 119 1
439 119 1
440 119 1
441 119 1
442 118 1
443 118 1
444 118 1
445 118 1
446 117 1
447 117 1
448 117 1
449 117 1
450 116 1
451 116 1
452 116 1
453 115 1
454 115 1
455 115 1
456 114 1
457 114 1
458 114 1
459 114 1
460 113 1
461 113 1
462 113 1
463 113 1
464 112 1
465 112 1
466 112 1
467 112 1
468 111 1
469 111 1
470 110 1
471 110 1
472 109 1
473 109 1
474 108 1
475 108 1
476 107 1
477 107 1
478 106 1
479 106 1
480 105 1
481 104 1
482 103 1
483 102 1
484 101 1
485 100 1
486 99 1
487 98 1
488 97 1
489 96 1
490 95 1
491 94 1
492 93 1
493 92 1
494 91 1
495 90 1
496 89 1
497 88 1
498 88 1
499 87 1
500 86 1
501 85 1
502 84 1
500 82 1
499 82 1
498 82 1
497 81 1
496 81 1
495 80 1
494 80 1
493 80 1
492 79 1
491 79 1
490 78 1
489 78 1
488 77 1
487 77 1
486 76 1
485 76 1
484 76 1
483 75 1
482 75 1
481 74 1
480 74 1
479 73 1
478 73 1
477 72 1
476 72 1
475 72 1
474 71 1
473 71 1
472 70 1
471 70 1
470 70 1
469 69 1
468 69 1
467 69 1
466 68 1
465 68 1
464 68 1
463 67 1
462 67 1
461 67 1
460 66 1
459 66 1
458 66 1
457 65 1
456 65 1
455 64 1
454 64 1
453 63 1
452 63 1
451 62 1
450 62 1
449 62 1
448 61 1
447 61 1
446 60 1
445 60 1
444 59 1
443 59 1
442 58 1
441 58 1
440 57 1
439 57 1
438 56 1
437 56 1
436 55 1
435 55 1
434 55 1
433 54 1
432 54 1
431 53 1
430 53 1
429 52 1
428 51 1
427 51 1
426 50 1
425 49 1
424 48 1
423 47 1
422 47 1
421 46 1
420 45 1
419 44 1
418 43 1
417 42 1
416 41 1
415 40 1
414 39 1
414 38 1
414 37 1
413 36 1
413 35 1
412 34 1
412 33 1
412 32 1
411 31 1
411 30 1
411 29 1
411 28 1
411 27 1
411 26 1
411 25 1
411 24 1
411 23 1
412 22 1
412 21 1
412 20 1
412 19 1
412 18 1
413 17 1
414 16 1
414 15 1
415 14 1
416 13 1
417 12 1
418 11 1
419 10 1
420 9 1
421 9 1
422 8 1
423 8 1
424 7 1
425 6 1
426 6 1
427 6 1
428 5 1
429 5 1
430 5 1
431 4 1
432 4 1
433 3 1
434 3 1
435 3 1
436 3 1
437 3 1
438 2 1
439 2 1
440 2 1
441 2 1
442 1 1
443 1 1
444 1 1
445 1 1
446 1 1
447 1 1
448 1 1
449 1 1
450 1 1
451 1 1
452 2 1
453 2 1
454 2 1
455 2 1
456 2 1
457 2 1
458 2 1
459 2 1
460 3 1
461 3 1
462 3 1
463 4 1
464 4 1
465 4 1
466 5 1
467 5 1
468 5 1
469 6 1
470 6 1
471 7 1
472 8 1
473 8 1
474 9 1
475 10 1
476 10 1
477 11 1
478 12 1
479 13 1
480 14 1
481 15 1
482 16 1
483 17 1
484 18 1
485 19 1
486 20 1
487 21 1
488 22 1
489 23 1
490 24 1
491 25 1
491 26 1
492 27 1
493 28 1
494 29 1
495 30 1
496 31 1
497 32 1
497 33 1
498 34 1
499 35 1
500 36 1
500 37 1
501 38 1
502 39 1
502 40 1
502 41 1
503 42 1
503 43 1
504 44 1
504 45 1
504 46 1
505 47 1
505 48 1
505 49 1
506 50 1
506 51 1
506 52 1
506 53 1
506 54 1
507 55 1
507 56 1
507 57 1
507 58 1
507 59 1
507 60 1
507 61 1
507 62 1
507 63 1
507 64 1
507 65 1
507 66 1
507 67 1
507 68 1
507 69 1
507 70 1
507 71 1
506 72 1
506 73 1
506 74 1
506 75 1
506 76 1
505 77 1
505 78 1
505 79 1
504 80 1
504 81 1
503 82 1
502 83 1
504 84 1
505 84 1
506 85 1
507 85 1
508 86 1
509 86 1
510 86 1
511 87 1
512 88 1
513 88 1
514 89 1
515 90 1
516 90 1
517 91 1
518 92 1
519 93 1
520 94 1
521 95 1
522 96 1
523 97 1
523 98 1
524 99 1
524 100 1
524 101 1
524 102 1
524 103 1
524 104 1
524 105 1
524 106 1
524 107 1
523 108 1
523 109 1
522 110 1
521 111 1
520 112 1
520 113 1
519 114 1
518 115 1
517 116 1
.PEN_UP
