.PEN_DOWN
2 7 1
1 6 1
1 5 1
1 4 1
2 3 1
3 2 1
4 2 1
5 2 1
6 2 1
7 1 1
8 1 1
9 1 1
10 1 1
11 1 1
12 1 1
13 1 1
14 1 1
15 1 1
16 1 1
17 1 1
18 1 1
19 1 1
20 1 1
21 1 1
22 1 1
23 1 1
24 1 1
25 1 1
26 1 1
27 1 1
28 1 1
29 1 1
30 1 1
31 1 1
32 1 1
33 1 1
34 1 1
35 1 1
36 2 1
37 2 1
38 2 1
39 2 1
40 2 1
41 2 1
42 3 1
43 3 1
44 3 1
45 3 1
46 3 1
47 3 1
48 4 1
49 4 1
50 4 1
51 4 1
52 4 1
53 4 1
54 5 1
55 5 1
56 5 1
57 5 1
58 6 1
59 6 1
60 6 1
61 7 1
62 7 1
63 7 1
64 7 1
65 8 1
66 8 1
67 8 1
68 9 1
69 9 1
70 9 1
71 9 1
72 10 1
73 10 1
74 10 1
75 11 1
76 11 1
77 12 1
78 12 1
79 13 1
80 13 1
81 14 1
82 14 1
83 15 1
84 16 1
85 16 1
86 17 1
87 18 1
88 19 1
89 20 1
90 21 1
91 22 1
91 23 1
92 24 1
93 25 1
93 26 1
93 27 1
94 28 1
94 29 1
94 30 1
95 31 1
95 32 1
95 33 1
95 34 1
95 35 1
95 36 1
95 37 1
95 38 1
95 39 1
95 40 1
95 41 1
95 42 1
95 43 1
95 44 1
95 45 1
95 46 1
94 47 1
94 48 1
94 49 1
94 50 1
93 51 1
93 52 1
93 53 1
92 54 1
92 55 1
92 56 1
91 57 1
91 58 1
91 59 1
90 60 1
90 61 1
89 62 1
89 63 1
89 64 1
88 65 1
88 66 1
87 67 1
87 68 1
86 69 1
86 70 1
85 71 1
85 72 1
84 73 1
83 74 1
83 75 1
82 76 1
82 77 1
81 78 1
80 79 1
80 80 1
79 81 1
79 82 1
78 83 1
77 84 1
77 85 1
76 86 1
75 87 1
75 88 1
74 89 1
73 90 1
73 91 1
72 92 1
71 93 1
70 94 1
69 95 1
68 96 1
67 97 1
66 98 1
66 99 1
65 100 1
64 101 1
63 102 1
62 103 1
61 104 1
60 105 1
59 106 1
58 107 1
57 108 1
56 108 1
55 109 1
54 110 1
53 111 1
52 111 1
51 112 1
50 113 1
49 114 1
48 115 1
47 115 1
46 116 1
45 117 1
44 117 1
43 118 1
42 119 1
41 120 1
40 120 1
39 121 1
38 122 1
37 123 1
36 123 1
35 124 1
34 124 1
33 124 1
32 123 1
31 122 1
30 121 1
30 120 1
30 119 1
29 118 1
29 117 1
29 116 1
29 115 1
28 114 1
.PEN_UP
.PEN_DOWN
33 47 1
33 46 1
33 45 1
33 44 1
33 43 1
33 42 1
34 41 1
35 41 1
36 42 1
37 43 1
38 44 1
38 45 1
39 46 1
39 47 1
39 48 1
39 49 1
38 50 1
38 51 1
37 52 1
38 54 1
39 55 1
39 56 1
39 57 1
39 58 1
39 59 1
38 60 1
37 60 1
36 61 1
35 60 1
35 59 1
35 58 1
35 57 1
35 56 1
35 55 1
35 54 1
36 53 1
.PEN_UP
