.PEN_DOWN
13 1 1
13 2 1
12 3 1
12 4 1
12 5 1
12 6 1
12 7 1
13 8 1
13 9 1
13 10 1
12 11 1
12 12 1
12 13 1
12 14 1
12 15 1
12 16 1
12 17 1
12 18 1
12 19 1
12 20 1
12 21 1
11 22 1
11 23 1
11 24 1
11 25 1
11 26 1
11 27 1
11 28 1
11 29 1
11 30 1
10 31 1
10 32 1
10 33 1
10 34 1
10 35 1
10 36 1
10 37 1
10 38 1
9 39 1
9 40 1
9 41 1
9 42 1
9 43 1
9 44 1
9 45 1
9 46 1
9 47 1
9 48 1
8 49 1
8 50 1
8 51 1
8 52 1
8 53 1
8 54 1
8 55 1
8 56 1
8 57 1
8 58 1
8 59 1
7 60 1
7 61 1
7 62 1
7 63 1
7 64 1
7 65 1
7 66 1
7 67 1
7 68 1
7 69 1
7 70 1
7 71 1
7 72 1
7 73 1
6 74 1
6 75 1
6 76 1
6 77 1
6 78 1
6 79 1
6 80 1
6 81 1
6 82 1
6 83 1
6 84 1
6 85 1
6 86 1
6 87 1
5 88 1
5 89 1
5 90 1
5 91 1
5 92 1
5 93 1
5 94 1
5 95 1
5 96 1
5 97 1
5 98 1
5 99 1
5 100 1
5 101 1
5 102 1
5 103 1
5 104 1
5 105 1
5 106 1
5 107 1
5 108 1
5 109 1
5 110 1
4 111 1
4 112 1
4 113 1
4 114 1
4 115 1
4 116 1
4 117 1
4 118 1
4 119 1
4 120 1
4 121 1
4 122 1
4 123 1
4 124 1
4 125 1
4 126 1
4 127 1
4 128 1
4 129 1
4 130 1
4 131 1
4 132 1
4 133 1
4 134 1
4 135 1
3 136 1
3 137 1
3 138 1
3 139 1
3 140 1
3 141 1
3 142 1
3 143 1
3 144 1
3 145 1
3 146 1
3 147 1
3 148 1
3 149 1
3 150 1
3 151 1
3 152 1
3 153 1
3 154 1
3 155 1
3 156 1
3 157 1
3 158 1
3 159 1
3 160 1
3 161 1
3 162 1
3 163 1
3 164 1
3 165 1
3 166 1
3 167 1
3 168 1
2 169 1
2 170 1
2 171 1
2 172 1
2 173 1
2 174 1
2 175 1
2 176 1
1 177 1
1 178 1
1 179 1
1 180 1
1 181 1
1 182 1
1 183 1
1 184 1
1 185 1
1 186 1
1 187 1
1 188 1
1 189 1
1 190 1
1 191 1
2 192 1
2 193 1
2 194 1
2 195 1
2 196 1
2 197 1
2 198 1
2 199 1
2 200 1
2 201 1
3 202 1
3 203 1
3 204 1
3 205 1
3 206 1
3 207 1
4 208 1
4 209 1
4 210 1
4 211 1
4 212 1
4 213 1
4 214 1
5 215 1
5 216 1
5 217 1
5 218 1
5 219 1
5 220 1
6 221 1
6 222 1
6 223 1
6 224 1
6 225 1
6 226 1
6 227 1
7 228 1
7 229 1
7 230 1
7 231 1
.PEN_UP
.PEN_DOWN
159 17 1
158 18 1
157 19 1
157 20 1
156 21 1
156 22 1
155 23 1
155 24 1
155 25 1
155 26 1
155 27 1
154 28 1
154 29 1
154 30 1
154 31 1
154 32 1
154 33 1
153 34 1
153 35 1
153 36 1
153 37 1
153 38 1
153 39 1
153 40 1
152 41 1
152 42 1
152 43 1
152 44 1
152 45 1
152 46 1
152 47 1
152 48 1
151 49 1
151 50 1
151 51 1
151 52 1
151 53 1
151 54 1
151 55 1
151 56 1
151 57 1
151 58 1
150 59 1
150 60 1
150 61 1
150 62 1
150 63 1
150 64 1
150 65 1
150 66 1
150 67 1
150 68 1
150 69 1
149 70 1
149 71 1
149 72 1
149 73 1
149 74 1
149 75 1
149 76 1
149 77 1
149 78 1
149 79 1
149 80 1
149 81 1
149 82 1
149 83 1
149 84 1
149 85 1
149 86 1
149 87 1
149 88 1
149 89 1
148 90 1
148 91 1
148 92 1
148 93 1
148 94 1
148 95 1
148 96 1
148 97 1
148 98 1
148 99 1
148 100 1
148 101 1
148 102 1
148 103 1
148 104 1
148 105 1
148 106 1
148 107 1
148 108 1
148 109 1
148 110 1
148 111 1
148 112 1
148 113 1
148 114 1
148 115 1
148 116 1
147 117 1
147 118 1
147 119 1
147 120 1
147 121 1
148 122 1
148 124 1
148 125 1
148 126 1
148 127 1
148 128 1
148 129 1
148 130 1
148 131 1
147 132 1
147 133 1
147 134 1
147 135 1
147 136 1
147 137 1
147 138 1
147 139 1
147 140 1
147 141 1
147 142 1
147 143 1
148 144 1
147 145 1
147 146 1
146 147 1
146 148 1
146 149 1
146 150 1
146 151 1
146 152 1
146 153 1
146 154 1
146 155 1
146 156 1
146 157 1
146 158 1
145 159 1
145 160 1
145 161 1
145 162 1
145 163 1
145 164 1
145 165 1
145 166 1
145 167 1
145 168 1
145 169 1
145 170 1
144 171 1
144 172 1
144 173 1
144 174 1
144 175 1
144 176 1
144 177 1
144 178 1
144 179 1
144 180 1
144 181 1
144 182 1
144 183 1
144 184 1
144 185 1
144 186 1
144 187 1
143 188 1
143 189 1
143 190 1
143 191 1
143 192 1
143 193 1
143 194 1
143 195 1
143 196 1
143 197 1
143 198 1
143 199 1
143 200 1
142 201 1
142 202 1
142 203 1
142 204 1
142 205 1
142 206 1
142 207 1
142 208 1
142 209 1
142 210 1
141 211 1
141 212 1
141 213 1
141 214 1
141 215 1
141 216 1
140 217 1
140 218 1
140 219 1
140 220 1
.PEN_UP
.PEN_DOWN
148 123 1
150 121 1
151 120 1
151 119 1
152 118 1
152 117 1
152 116 1
153 115 1
153 114 1
153 113 1
154 112 1
154 111 1
154 110 1
154 109 1
155 108 1
155 107 1
155 106 1
155 105 1
156 104 1
156 103 1
157 102 1
157 101 1
158 100 1
158 99 1
158 98 1
159 97 1
160 96 1
161 95 1
162 94 1
163 93 1
163 92 1
164 91 1
165 90 1
166 89 1
167 88 1
167 87 1
168 86 1
169 85 1
170 84 1
171 83 1
172 82 1
173 81 1
174 80 1
175 79 1
176 78 1
177 78 1
178 77 1
179 76 1
180 75 1
181 74 1
182 73 1
183 73 1
184 73 1
185 72 1
186 72 1
187 71 1
188 71 1
189 70 1
190 70 1
191 70 1
192 69 1
193 69 1
194 69 1
195 68 1
196 68 1
197 68 1
198 67 1
199 67 1
200 67 1
201 67 1
202 66 1
203 66 1
204 66 1
205 65 1
206 65 1
207 65 1
208 64 1
209 64 1
210 64 1
211 64 1
212 63 1
213 63 1
214 63 1
215 63 1
216 62 1
217 62 1
218 62 1
219 62 1
220 62 1
221 62 1
222 61 1
223 61 1
224 61 1
225 61 1
226 61 1
227 61 1
228 61 1
229 61 1
230 60 1
231 60 1
232 60 1
233 60 1
234 60 1
235 60 1
236 60 1
237 60 1
238 60 1
239 60 1
240 60 1
241 60 1
242 60 1
243 60 1
244 60 1
245 60 1
246 60 1
247 60 1
248 60 1
249 60 1
250 61 1
251 61 1
252 61 1
253 62 1
254 62 1
255 63 1
256 63 1
257 63 1
258 63 1
259 64 1
260 65 1
261 65 1
262 66 1
263 67 1
264 67 1
265 68 1
266 69 1
267 69 1
268 70 1
269 71 1
270 72 1
270 73 1
271 74 1
272 74 1
273 75 1
.PEN_UP
