.PEN_DOWN
82 1 1
82 2 1
82 3 1
82 4 1
81 5 1
81 6 1
82 7 1
82 8 1
82 9 1
80 11 1
80 12 1
80 13 1
80 14 1
80 15 1
79 16 1
79 17 1
79 18 1
79 19 1
79 20 1
79 21 1
79 22 1
79 23 1
79 24 1
79 25 1
79 26 1
79 27 1
79 28 1
79 29 1
79 30 1
79 31 1
79 32 1
79 33 1
79 34 1
79 35 1
79 36 1
79 37 1
79 38 1
79 39 1
79 40 1
79 41 1
79 42 1
79 43 1
79 44 1
79 45 1
79 46 1
79 47 1
79 48 1
79 49 1
79 50 1
79 51 1
79 52 1
79 53 1
79 54 1
79 55 1
78 56 1
78 57 1
78 58 1
78 59 1
78 60 1
78 61 1
78 62 1
78 63 1
78 64 1
78 65 1
78 66 1
78 67 1
78 68 1
78 69 1
78 70 1
78 71 1
78 72 1
78 73 1
78 74 1
78 75 1
78 76 1
78 77 1
78 78 1
78 79 1
78 80 1
78 81 1
78 82 1
78 83 1
78 84 1
78 85 1
78 86 1
78 87 1
78 88 1
78 89 1
78 90 1
78 91 1
78 92 1
78 93 1
79 94 1
79 95 1
79 96 1
79 97 1
79 98 1
79 99 1
79 100 1
79 101 1
79 102 1
79 103 1
79 104 1
79 105 1
79 106 1
79 107 1
79 108 1
79 109 1
79 110 1
79 111 1
79 112 1
79 113 1
79 114 1
79 115 1
79 116 1
79 117 1
79 118 1
79 119 1
79 120 1
79 121 1
79 122 1
79 123 1
79 124 1
79 125 1
79 126 1
79 127 1
79 128 1
79 129 1
79 130 1
79 131 1
79 132 1
79 133 1
79 134 1
79 135 1
79 136 1
78 137 1
78 138 1
78 139 1
78 140 1
78 141 1
78 142 1
78 143 1
78 144 1
78 145 1
78 146 1
78 147 1
78 148 1
78 149 1
78 150 1
78 151 1
78 152 1
78 153 1
78 154 1
78 155 1
78 156 1
78 157 1
78 158 1
78 159 1
78 160 1
78 161 1
80 162 1
81 162 1
82 162 1
83 162 1
84 162 1
85 162 1
86 162 1
87 162 1
88 162 1
89 162 1
90 162 1
91 162 1
92 162 1
93 162 1
94 162 1
95 161 1
96 161 1
97 161 1
98 161 1
99 161 1
100 161 1
101 161 1
102 161 1
103 161 1
104 160 1
105 161 1
106 161 1
107 161 1
108 161 1
109 161 1
110 161 1
111 161 1
112 162 1
113 162 1
114 162 1
115 162 1
116 162 1
117 162 1
118 162 1
119 162 1
120 162 1
121 162 1
122 163 1
123 163 1
124 163 1
125 163 1
126 163 1
127 163 1
128 163 1
129 163 1
130 163 1
131 163 1
132 163 1
133 163 1
134 163 1
135 163 1
136 162 1
137 161 1
138 161 1
139 161 1
140 161 1
141 161 1
142 161 1
143 161 1
144 161 1
145 161 1
146 161 1
147 161 1
148 161 1
149 161 1
150 161 1
151 161 1
152 161 1
153 161 1
154 161 1
155 161 1
156 161 1
157 161 1
158 160 1
159 160 1
160 160 1
161 160 1
162 160 1
163 160 1
164 160 1
165 160 1
166 160 1
167 160 1
168 160 1
169 160 1
170 160 1
171 160 1
172 160 1
173 160 1
174 160 1
175 160 1
176 160 1
177 160 1
178 160 1
179 160 1
180 160 1
181 159 1
182 159 1
183 159 1
184 159 1
185 159 1
186 159 1
187 159 1
188 159 1
189 159 1
190 159 1
191 159 1
192 159 1
193 159 1
194 159 1
195 159 1
196 159 1
197 159 1
198 159 1
199 159 1
200 159 1
201 158 1
202 158 1
203 158 1
204 158 1
205 158 1
206 158 1
207 158 1
208 158 1
209 158 1
210 158 1
211 158 1
212 158 1
213 158 1
214 158 1
215 158 1
216 158 1
217 157 1
218 157 1
219 157 1
220 157 1
221 157 1
222 157 1
223 157 1
224 157 1
225 157 1
226 157 1
227 157 1
228 157 1
229 157 1
230 156 1
231 156 1
232 156 1
233 156 1
234 156 1
235 155 1
237 154 1
238 154 1
239 154 1
240 154 1
.PEN_UP
.PEN_DOWN
235 154 1
234 153 1
233 152 1
232 151 1
231 150 1
.PEN_UP
.PEN_DOWN
136 164 1
137 165 1
138 165 1
139 165 1
140 165 1
141 166 1
142 166 1
143 166 1
144 166 1
145 166 1
.PEN_UP
.PEN_DOWN
104 159 1
104 158 1
103 157 1
103 156 1
102 155 1
102 154 1
102 153 1
102 152 1
101 151 1
101 150 1
101 149 1
101 148 1
100 147 1
100 146 1
100 145 1
100 144 1
100 143 1
99 142 1
99 141 1
99 140 1
99 139 1
99 138 1
99 137 1
98 136 1
98 135 1
98 134 1
98 133 1
98 132 1
98 131 1
98 130 1
98 129 1
98 128 1
98 127 1
98 126 1
98 125 1
98 124 1
98 123 1
98 122 1
99 121 1
99 120 1
99 119 1
99 118 1
99 117 1
99 116 1
99 115 1
99 114 1
100 113 1
100 112 1
100 111 1
101 110 1
101 109 1
101 108 1
101 107 1
102 106 1
102 105 1
102 104 1
102 103 1
103 102 1
103 101 1
103 100 1
103 99 1
104 98 1
105 97 1
105 96 1
106 95 1
106 94 1
107 93 1
108 92 1
109 91 1
110 90 1
111 90 1
112 89 1
113 88 1
114 88 1
115 87 1
116 87 1
117 86 1
118 85 1
119 85 1
120 85 1
121 84 1
122 84 1
123 83 1
124 83 1
125 83 1
126 82 1
127 82 1
128 81 1
129 81 1
130 81 1
131 81 1
132 81 1
133 80 1
134 80 1
135 80 1
136 80 1
137 80 1
138 79 1
139 79 1
140 79 1
141 79 1
142 79 1
143 78 1
144 78 1
145 78 1
146 78 1
147 77 1
148 77 1
149 77 1
150 77 1
151 76 1
152 76 1
153 76 1
154 75 1
155 75 1
156 75 1
157 75 1
158 74 1
159 74 1
160 74 1
161 74 1
162 74 1
163 73 1
164 73 1
165 73 1
166 73 1
167 72 1
168 72 1
169 72 1
170 72 1
171 72 1
172 71 1
173 71 1
174 71 1
175 71 1
176 71 1
177 71 1
178 71 1
179 71 1
180 70 1
181 70 1
182 70 1
183 70 1
184 70 1
185 70 1
186 70 1
187 70 1
188 70 1
189 69 1
190 69 1
191 69 1
192 69 1
193 69 1
194 69 1
195 69 1
196 69 1
197 69 1
198 68 1
199 68 1
200 68 1
201 68 1
202 68 1
203 68 1
204 68 1
205 68 1
206 67 1
207 67 1
208 67 1
209 67 1
210 67 1
211 67 1
212 67 1
213 67 1
214 67 1
215 67 1
216 67 1
217 67 1
218 67 1
219 67 1
220 67 1
221 66 1
222 66 1
223 66 1
224 66 1
225 66 1
226 66 1
227 67 1
228 67 1
229 67 1
230 67 1
231 67 1
232 67 1
233 67 1
234 67 1
235 67 1
236 67 1
237 67 1
238 67 1
239 67 1
240 67 1
241 68 1
242 68 1
243 68 1
244 68 1
245 68 1
246 68 1
247 68 1
248 68 1
249 69 1
250 69 1
251 69 1
252 69 1
253 69 1
254 69 1
255 70 1
256 70 1
257 70 1
258 70 1
259 70 1
260 71 1
261 71 1
262 71 1
263 71 1
264 72 1
265 72 1
266 72 1
267 72 1
268 73 1
269 73 1
270 73 1
271 74 1
272 74 1
273 74 1
274 75 1
275 75 1
276 75 1
277 76 1
278 76 1
279 77 1
280 77 1
281 77 1
282 77 1
283 78 1
.PEN_UP
.PEN_DOWN
77 163 1
76 164 1
75 163 1
74 163 1
73 163 1
72 163 1
71 163 1
70 163 1
69 163 1
68 163 1
67 164 1
66 164 1
65 164 1
64 164 1
63 164 1
62 164 1
61 164 1
60 164 1
59 164 1
58 165 1
57 165 1
56 165 1
55 165 1
54 165 1
53 165 1
52 165 1
51 165 1
50 166 1
49 166 1
48 166 1
47 166 1
46 166 1
45 166 1
44 167 1
43 167 1
42 167 1
41 167 1
40 167 1
39 168 1
38 168 1
37 168 1
36 168 1
35 169 1
34 169 1
33 169 1
32 170 1
31 171 1
30 172 1
30 173 1
29 174 1
29 175 1
29 176 1
29 177 1
28 178 1
28 179 1
28 180 1
27 181 1
26 182 1
26 183 1
26 184 1
25 185 1
25 186 1
24 187 1
24 188 1
24 189 1
23 190 1
23 191 1
23 192 1
22 193 1
22 194 1
22 195 1
21 196 1
21 197 1
20 198 1
20 199 1
19 200 1
19 201 1
19 202 1
18 203 1
18 204 1
17 205 1
17 206 1
16 207 1
16 208 1
16 209 1
15 210 1
15 211 1
15 212 1
14 213 1
14 214 1
14 215 1
13 216 1
13 217 1
14 218 1
15 218 1
16 218 1
17 219 1
18 219 1
19 219 1
20 219 1
21 219 1
22 220 1
23 220 1
24 220 1
.PEN_UP
.PEN_DOWN
76 165 1
77 166 1
77 167 1
77 168 1
77 169 1
.PEN_UP
.PEN_DOWN
81 10 1
83 11 1
84 12 1
84 13 1
84 14 1
.PEN_UP
.PEN_DOWN
5 94 1
5 95 1
5 96 1
5 97 1
6 98 1
6 99 1
5 100 1
5 101 1
5 102 1
5 103 1
5 104 1
5 105 1
5 106 1
5 107 1
5 108 1
5 109 1
5 110 1
5 111 1
5 112 1
5 113 1
5 114 1
5 115 1
5 116 1
5 117 1
5 118 1
5 119 1
5 120 1
5 121 1
5 122 1
5 123 1
5 124 1
5 125 1
5 126 1
5 127 1
5 128 1
5 129 1
5 130 1
5 131 1
5 132 1
5 133 1
5 134 1
5 135 1
5 136 1
5 137 1
4 138 1
4 139 1
4 140 1
4 141 1
4 142 1
4 143 1
4 144 1
4 145 1
4 146 1
4 147 1
4 148 1
4 149 1
4 150 1
4 151 1
4 152 1
4 153 1
4 154 1
4 155 1
4 156 1
4 157 1
4 158 1
4 159 1
4 160 1
4 161 1
4 162 1
4 163 1
4 164 1
4 165 1
4 166 1
4 167 1
4 168 1
4 169 1
4 170 1
4 171 1
4 172 1
4 173 1
4 174 1
4 175 1
4 176 1
4 177 1
4 178 1
4 179 1
4 180 1
3 181 1
3 182 1
3 183 1
3 184 1
3 185 1
3 186 1
3 187 1
3 188 1
3 189 1
3 190 1
3 191 1
3 192 1
3 193 1
3 194 1
3 195 1
3 196 1
3 197 1
3 198 1
3 199 1
3 200 1
3 201 1
3 202 1
3 203 1
3 204 1
3 205 1
3 206 1
3 207 1
3 208 1
3 209 1
3 210 1
3 211 1
3 212 1
3 213 1
3 214 1
3 215 1
3 216 1
3 217 1
3 218 1
3 219 1
3 220 1
3 221 1
3 222 1
3 223 1
3 224 1
3 225 1
3 226 1
3 227 1
3 228 1
3 229 1
3 230 1
2 231 1
2 232 1
2 233 1
2 234 1
2 235 1
2 236 1
2 237 1
2 238 1
2 239 1
2 240 1
2 241 1
2 242 1
2 243 1
2 244 1
2 245 1
2 246 1
2 247 1
2 248 1
2 249 1
2 250 1
2 251 1
2 252 1
2 253 1
2 254 1
2 255 1
2 256 1
2 257 1
2 258 1
2 259 1
2 260 1
2 261 1
2 262 1
2 263 1
2 264 1
2 265 1
2 266 1
2 267 1
2 268 1
2 269 1
2 270 1
2 271 1
2 272 1
2 273 1
2 274 1
2 275 1
2 276 1
2 277 1
2 278 1
2 279 1
2 280 1
2 281 1
2 282 1
2 283 1
2 284 1
2 285 1
2 286 1
2 287 1
2 288 1
2 289 1
2 290 1
2 291 1
2 292 1
2 293 1
2 294 1
2 295 1
2 296 1
2 297 1
2 298 1
2 299 1
2 300 1
2 301 1
2 302 1
2 303 1
2 304 1
2 305 1
2 306 1
1 307 1
1 308 1
1 309 1
1 310 1
1 311 1
1 312 1
1 313 1
.PEN_UP
.PEN_DOWN
106 178 1
107 177 1
107 176 1
107 175 1
107 174 1
108 173 1
108 172 1
108 171 1
108 170 1
108 169 1
108 168 1
107 167 1
106 166 1
105 165 1
104 165 1
103 166 1
102 166 1
101 166 1
100 167 1
99 168 1
98 168 1
97 168 1
96 169 1
95 169 1
94 169 1
93 170 1
92 171 1
91 172 1
90 173 1
89 173 1
88 174 1
87 175 1
86 176 1
85 177 1
85 178 1
85 179 1
84 180 1
84 181 1
84 182 1
83 183 1
83 184 1
83 185 1
83 186 1
82 187 1
82 188 1
82 189 1
82 190 1
81 191 1
81 192 1
81 193 1
80 194 1
80 195 1
80 196 1
80 197 1
80 198 1
80 199 1
79 200 1
79 201 1
79 202 1
79 203 1
79 204 1
79 205 1
79 206 1
78 207 1
78 208 1
78 209 1
78 210 1
78 211 1
78 212 1
78 213 1
77 214 1
77 215 1
77 216 1
77 217 1
77 218 1
77 219 1
77 220 1
77 221 1
77 222 1
77 223 1
77 224 1
77 225 1
77 226 1
77 227 1
76 228 1
76 229 1
76 230 1
76 231 1
76 232 1
75 233 1
75 234 1
75 235 1
75 236 1
76 237 1
76 238 1
76 239 1
76 240 1
76 241 1
76 242 1
76 243 1
76 244 1
76 245 1
76 246 1
76 247 1
76 248 1
76 249 1
76 250 1
76 251 1
77 252 1
77 253 1
77 254 1
77 255 1
78 256 1
78 257 1
78 258 1
79 259 1
80 260 1
80 261 1
81 262 1
82 263 1
83 264 1
84 265 1
85 266 1
85 267 1
86 268 1
87 269 1
88 270 1
89 271 1
90 272 1
91 272 1
92 273 1
93 274 1
94 275 1
95 276 1
96 277 1
97 278 1
98 279 1
99 279 1
100 280 1
101 281 1
102 282 1
103 283 1
104 283 1
105 284 1
106 285 1
107 285 1
108 286 1
109 286 1
110 287 1
111 288 1
112 288 1
113 289 1
114 289 1
115 290 1
116 290 1
117 290 1
118 291 1
119 291 1
120 291 1
121 291 1
122 291 1
123 291 1
124 292 1
125 292 1
126 292 1
127 292 1
128 292 1
129 292 1
130 293 1
131 293 1
132 293 1
133 293 1
134 293 1
135 293 1
136 293 1
137 294 1
138 294 1
139 294 1
140 294 1
141 294 1
142 294 1
143 294 1
144 294 1
145 294 1
146 294 1
147 295 1
148 295 1
149 295 1
150 295 1
151 295 1
152 295 1
153 295 1
154 295 1
155 295 1
156 295 1
157 295 1
158 295 1
159 295 1
160 295 1
161 296 1
162 296 1
163 296 1
164 296 1
165 296 1
166 296 1
167 296 1
168 296 1
169 296 1
170 296 1
171 296 1
172 296 1
173 296 1
174 296 1
175 296 1
176 296 1
177 296 1
178 296 1
179 296 1
180 296 1
181 296 1
182 296 1
183 296 1
184 296 1
185 296 1
186 296 1
187 296 1
188 296 1
189 295 1
190 295 1
191 295 1
192 295 1
193 295 1
194 295 1
195 295 1
196 295 1
197 295 1
198 295 1
199 295 1
200 294 1
201 294 1
202 294 1
203 294 1
204 294 1
205 294 1
206 294 1
207 294 1
208 294 1
209 293 1
210 293 1
211 293 1
212 293 1
213 293 1
214 293 1
215 293 1
216 292 1
217 292 1
218 292 1
219 292 1
220 292 1
221 292 1
222 292 1
223 291 1
224 291 1
225 291 1
226 291 1
227 290 1
228 290 1
229 290 1
230 289 1
231 289 1
232 289 1
233 288 1
234 288 1
235 287 1
236 287 1
237 287 1
238 286 1
239 286 1
240 286 1
241 285 1
242 285 1
243 284 1
244 284 1
245 284 1
246 283 1
247 283 1
248 282 1
249 282 1
250 282 1
251 281 1
252 281 1
253 280 1
254 280 1
255 280 1
256 279 1
257 279 1
258 278 1
259 278 1
260 277 1
261 277 1
262 276 1
263 276 1
264 275 1
265 275 1
266 274 1
267 274 1
268 273 1
269 273 1
270 272 1
271 271 1
272 271 1
273 270 1
274 270 1
275 269 1
276 269 1
277 269 1
278 268 1
279 267 1
.PEN_UP
