.PEN_DOWN
192 20 1
191 20 1
190 21 1
189 22 1
188 23 1
187 24 1
186 25 1
185 26 1
184 27 1
183 28 1
182 29 1
182 30 1
181 31 1
180 32 1
179 33 1
179 34 1
178 35 1
177 36 1
177 37 1
176 38 1
176 39 1
175 40 1
174 41 1
174 42 1
173 43 1
173 44 1
172 45 1
171 46 1
171 47 1
171 48 1
170 49 1
170 50 1
170 51 1
169 52 1
169 53 1
169 54 1
168 55 1
168 56 1
167 57 1
167 58 1
167 59 1
167 60 1
166 61 1
166 62 1
166 63 1
166 64 1
165 65 1
165 66 1
165 67 1
164 68 1
164 69 1
164 70 1
164 71 1
164 72 1
164 73 1
164 74 1
164 75 1
164 76 1
164 77 1
164 78 1
164 79 1
164 80 1
164 81 1
164 82 1
165 83 1
165 84 1
165 85 1
166 86 1
166 87 1
166 88 1
167 89 1
167 90 1
168 91 1
168 92 1
168 93 1
169 94 1
170 95 1
170 96 1
171 97 1
172 98 1
173 99 1
173 100 1
174 101 1
175 102 1
176 102 1
177 103 1
178 104 1
179 105 1
180 105 1
181 106 1
182 107 1
183 107 1
184 107 1
185 108 1
186 108 1
187 109 1
188 109 1
189 109 1
190 110 1
191 110 1
192 110 1
193 110 1
194 110 1
195 110 1
196 110 1
197 110 1
198 110 1
199 110 1
200 110 1
201 110 1
202 110 1
203 110 1
204 110 1
205 110 1
206 110 1
207 109 1
208 109 1
209 109 1
210 109 1
211 108 1
212 108 1
213 108 1
214 107 1
215 107 1
216 106 1
217 106 1
218 105 1
219 104 1
220 104 1
221 103 1
222 102 1
223 102 1
224 101 1
225 100 1
226 100 1
227 99 1
228 98 1
229 97 1
230 96 1
231 95 1
232 95 1
233 94 1
234 93 1
235 92 1
236 91 1
237 90 1
238 89 1
239 88 1
240 87 1
240 86 1
241 85 1
242 84 1
242 83 1
243 82 1
244 81 1
244 80 1
245 79 1
246 79 1
247 78 1
247 77 1
247 76 1
248 75 1
248 74 1
248 73 1
248 72 1
249 71 1
249 70 1
250 69 1
250 68 1
251 67 1
251 66 1
251 65 1
252 64 1
253 63 1
253 62 1
253 61 1
254 60 1
254 59 1
254 58 1
255 57 1
.PEN_UP
.PEN_DOWN
247 80 1
248 81 1
248 82 1
248 83 1
248 84 1
248 85 1
249 86 1
249 87 1
249 88 1
249 89 1
249 90 1
249 91 1
249 92 1
250 93 1
250 94 1
251 95 1
251 96 1
252 97 1
252 98 1
253 99 1
253 100 1
254 101 1
255 102 1
256 103 1
257 104 1
258 105 1
259 106 1
260 107 1
261 108 1
262 108 1
263 109 1
264 110 1
265 110 1
266 111 1
267 112 1
268 112 1
269 112 1
270 113 1
271 113 1
272 114 1
273 114 1
274 114 1
275 114 1
276 114 1
277 114 1
278 114 1
279 114 1
280 114 1
281 114 1
282 114 1
283 114 1
284 113 1
285 113 1
286 113 1
287 113 1
288 112 1
289 112 1
290 111 1
291 111 1
292 110 1
293 110 1
294 109 1
295 109 1
296 108 1
297 108 1
298 107 1
299 106 1
300 105 1
301 104 1
302 104 1
303 103 1
304 102 1
305 101 1
306 100 1
307 99 1
308 98 1
309 97 1
310 96 1
311 95 1
312 94 1
313 93 1
314 92 1
315 91 1
316 90 1
317 89 1
318 88 1
318 87 1
319 86 1
319 85 1
320 84 1
320 83 1
321 82 1
322 81 1
322 80 1
323 79 1
323 78 1
324 77 1
324 76 1
325 75 1
325 74 1
326 73 1
326 72 1
327 71 1
327 70 1
328 69 1
328 68 1
328 67 1
329 66 1
329 65 1
330 64 1
330 63 1
330 62 1
331 61 1
331 60 1
331 59 1
331 58 1
331 57 1
332 56 1
332 55 1
332 54 1
332 53 1
333 52 1
333 51 1
333 50 1
333 49 1
333 48 1
333 47 1
333 46 1
333 45 1
333 44 1
333 43 1
333 42 1
333 41 1
333 40 1
333 39 1
332 38 1
332 37 1
332 36 1
332 35 1
332 34 1
332 33 1
331 32 1
331 31 1
330 30 1
330 29 1
330 28 1
329 27 1
329 26 1
329 25 1
328 24 1
328 23 1
328 22 1
327 21 1
326 20 1
326 19 1
325 18 1
324 17 1
324 16 1
323 15 1
322 14 1
321 13 1
321 12 1
320 11 1
319 10 1
318 9 1
317 9 1
316 8 1
315 7 1
314 7 1
313 6 1
312 5 1
311 5 1
310 4 1
309 3 1
308 3 1
307 2 1
306 2 1
305 2 1
304 2 1
303 2 1
302 2 1
301 1 1
300 1 1
299 1 1
298 1 1
297 1 1
296 1 1
295 1 1
.PEN_UP
.PEN_DOWN
1 214 1
1 213 1
1 212 1
1 211 1
1 210 1
1 209 1
1 208 1
1 207 1
1 206 1
2 205 1
3 205 1
4 206 1
5 206 1
6 207 1
7 207 1
8 208 1
9 208 1
10 209 1
11 209 1
12 210 1
13 211 1
14 211 1
15 212 1
16 212 1
17 213 1
18 214 1
19 214 1
20 215 1
21 216 1
22 216 1
23 217 1
24 218 1
25 218 1
26 219 1
27 220 1
28 221 1
29 221 1
30 222 1
31 223 1
32 223 1
33 224 1
34 225 1
35 226 1
36 226 1
37 227 1
38 228 1
39 228 1
40 229 1
41 230 1
42 230 1
43 231 1
44 232 1
45 232 1
46 233 1
47 234 1
48 234 1
49 235 1
50 236 1
51 236 1
52 237 1
53 238 1
54 238 1
55 239 1
56 240 1
57 241 1
58 241 1
59 242 1
60 243 1
61 244 1
62 244 1
63 245 1
64 246 1
65 247 1
66 247 1
67 248 1
68 249 1
69 250 1
70 250 1
71 251 1
72 252 1
73 253 1
74 253 1
75 254 1
76 255 1
77 256 1
78 256 1
79 257 1
80 258 1
81 258 1
82 259 1
83 260 1
84 261 1
85 261 1
86 262 1
87 263 1
88 264 1
89 264 1
90 265 1
91 266 1
92 266 1
93 267 1
94 268 1
95 269 1
96 269 1
97 270 1
98 271 1
99 272 1
100 272 1
101 273 1
102 274 1
103 274 1
104 275 1
105 276 1
106 277 1
107 277 1
108 278 1
109 279 1
110 280 1
111 280 1
112 281 1
113 282 1
114 282 1
115 283 1
.PEN_UP
.PEN_DOWN
175 184 1
175 185 1
174 186 1
174 187 1
174 188 1
173 189 1
173 190 1
172 191 1
172 192 1
172 193 1
172 194 1
171 195 1
171 196 1
171 197 1
170 198 1
170 199 1
170 200 1
170 201 1
169 202 1
169 203 1
169 204 1
168 205 1
168 206 1
168 207 1
168 208 1
168 209 1
167 210 1
167 211 1
167 212 1
167 213 1
167 214 1
166 215 1
166 216 1
166 217 1
166 218 1
166 219 1
165 220 1
165 221 1
165 222 1
165 223 1
165 224 1
164 225 1
164 226 1
164 227 1
164 228 1
164 229 1
163 230 1
163 231 1
163 232 1
163 233 1
163 234 1
162 235 1
162 236 1
162 237 1
162 238 1
162 239 1
161 240 1
161 241 1
161 242 1
161 243 1
161 244 1
160 245 1
160 246 1
160 247 1
160 248 1
160 249 1
159 250 1
159 251 1
159 252 1
159 253 1
159 254 1
158 255 1
158 256 1
158 257 1
158 258 1
158 259 1
158 260 1
157 261 1
157 262 1
157 263 1
157 264 1
157 265 1
157 266 1
156 267 1
156 268 1
157 269 1
156 270 1
156 271 1
156 272 1
155 273 1
155 274 1
155 275 1
155 276 1
155 277 1
155 278 1
155 279 1
154 280 1
154 281 1
154 282 1
154 283 1
154 284 1
154 285 1
154 286 1
153 287 1
153 288 1
153 289 1
153 290 1
153 291 1
153 292 1
153 293 1
152 294 1
152 295 1
152 296 1
152 297 1
152 298 1
152 299 1
152 300 1
152 301 1
152 302 1
151 303 1
151 304 1
151 305 1
151 306 1
151 307 1
151 308 1
151 309 1
151 310 1
150 311 1
150 312 1
150 313 1
150 314 1
150 315 1
150 316 1
150 317 1
150 318 1
150 319 1
150 320 1
150 321 1
150 322 1
150 323 1
149 324 1
149 325 1
149 326 1
149 327 1
149 328 1
149 329 1
149 330 1
149 331 1
149 332 1
149 333 1
148 334 1
148 335 1
148 336 1
148 337 1
148 338 1
148 339 1
148 340 1
148 341 1
147 342 1
147 343 1
147 344 1
147 345 1
147 346 1
148 347 1
148 348 1
148 349 1
148 350 1
148 351 1
148 352 1
148 353 1
148 354 1
.PEN_UP
.PEN_DOWN
158 269 1
159 269 1
160 270 1
161 271 1
162 271 1
163 272 1
164 272 1
165 272 1
166 273 1
167 273 1
168 273 1
169 273 1
170 273 1
171 273 1
172 273 1
173 273 1
174 273 1
175 273 1
176 273 1
177 273 1
178 273 1
179 273 1
180 273 1
181 273 1
182 273 1
183 272 1
184 272 1
185 272 1
186 272 1
187 271 1
188 271 1
189 271 1
190 270 1
191 270 1
192 269 1
193 269 1
194 268 1
195 267 1
196 267 1
197 266 1
198 266 1
199 265 1
200 264 1
201 264 1
202 263 1
203 263 1
204 262 1
205 261 1
206 260 1
207 259 1
208 258 1
209 257 1
209 256 1
210 254 1
211 254 1
212 254 1
213 253 1
214 253 1
215 252 1
215 251 1
216 250 1
216 249 1
217 248 1
218 247 1
218 246 1
219 245 1
220 244 1
220 243 1
221 242 1
222 241 1
222 240 1
223 239 1
224 238 1
224 237 1
225 236 1
226 235 1
226 234 1
227 233 1
227 232 1
228 231 1
228 230 1
228 229 1
229 228 1
229 227 1
230 226 1
230 225 1
230 224 1
231 223 1
231 222 1
232 221 1
232 220 1
232 219 1
233 218 1
233 217 1
234 216 1
234 215 1
234 214 1
235 213 1
235 212 1
235 211 1
236 210 1
236 209 1
236 208 1
237 207 1
237 206 1
237 205 1
237 204 1
238 203 1
238 202 1
238 201 1
239 200 1
239 199 1
239 198 1
240 197 1
240 196 1
240 195 1
241 194 1
241 193 1
241 192 1
241 191 1
242 190 1
242 189 1
242 188 1
242 187 1
242 186 1
243 185 1
243 184 1
243 183 1
243 182 1
243 181 1
243 180 1
244 179 1
244 178 1
244 177 1
244 176 1
244 175 1
245 174 1
245 173 1
245 172 1
245 171 1
245 170 1
245 169 1
245 168 1
245 167 1
246 166 1
246 165 1
246 164 1
246 163 1
246 162 1
246 161 1
246 160 1
246 159 1
246 158 1
246 157 1
246 156 1
246 155 1
246 154 1
246 153 1
246 152 1
246 151 1
246 150 1
246 149 1
246 148 1
246 147 1
246 146 1
246 145 1
245 144 1
245 143 1
245 142 1
245 141 1
245 140 1
244 139 1
244 138 1
244 137 1
244 136 1
243 135 1
242 134 1
242 133 1
241 132 1
240 131 1
239 130 1
238 130 1
237 130 1
236 129 1
235 129 1
234 129 1
233 130 1
232 131 1
.PEN_UP
.PEN_DOWN
216 253 1
217 253 1
218 253 1
219 253 1
220 252 1
221 252 1
222 252 1
223 252 1
224 252 1
225 252 1
226 251 1
227 251 1
228 251 1
229 251 1
230 251 1
231 250 1
232 250 1
233 250 1
234 250 1
235 250 1
236 250 1
237 249 1
238 249 1
239 249 1
240 249 1
241 249 1
242 249 1
243 248 1
244 248 1
245 248 1
246 248 1
247 248 1
248 248 1
249 248 1
250 247 1
251 247 1
252 247 1
253 247 1
254 247 1
255 247 1
256 247 1
257 246 1
258 246 1
259 246 1
260 246 1
261 246 1
262 246 1
263 246 1
264 246 1
265 246 1
266 246 1
267 246 1
268 246 1
269 246 1
270 246 1
271 246 1
272 245 1
273 245 1
274 245 1
275 245 1
276 245 1
277 245 1
278 245 1
279 245 1
280 245 1
281 245 1
282 245 1
283 245 1
284 245 1
285 245 1
286 245 1
287 245 1
288 245 1
289 244 1
290 244 1
291 244 1
292 244 1
293 244 1
294 244 1
295 245 1
296 245 1
297 245 1
298 245 1
299 245 1
300 245 1
301 245 1
302 245 1
303 245 1
304 245 1
305 245 1
306 245 1
307 245 1
308 245 1
309 245 1
310 246 1
311 246 1
312 246 1
313 246 1
314 246 1
315 246 1
316 246 1
317 246 1
318 246 1
319 246 1
320 246 1
321 246 1
322 246 1
323 247 1
324 247 1
325 247 1
326 247 1
327 247 1
328 247 1
329 247 1
330 247 1
331 247 1
332 247 1
333 248 1
334 248 1
335 249 1
336 250 1
335 251 1
334 251 1
333 251 1
332 251 1
331 251 1
330 251 1
.PEN_UP
.PEN_DOWN
208 255 1
207 255 1
206 255 1
205 255 1
204 255 1
203 255 1
202 255 1
201 256 1
200 256 1
199 256 1
198 256 1
197 256 1
196 256 1
195 257 1
194 257 1
193 257 1
192 257 1
191 257 1
190 257 1
189 258 1
188 258 1
187 258 1
186 258 1
185 258 1
184 259 1
183 259 1
182 259 1
181 259 1
180 260 1
179 260 1
178 260 1
177 260 1
176 260 1
175 261 1
174 261 1
173 261 1
172 262 1
171 262 1
170 262 1
169 263 1
168 263 1
167 263 1
166 263 1
165 264 1
164 265 1
163 265 1
162 266 1
161 266 1
160 267 1
160 268 1
.PEN_UP
.PEN_DOWN
185 301 1
186 301 1
187 301 1
188 301 1
189 301 1
190 301 1
191 301 1
192 301 1
193 301 1
194 301 1
195 301 1
196 301 1
197 301 1
198 301 1
199 301 1
200 301 1
201 302 1
202 302 1
203 302 1
204 302 1
205 302 1
206 302 1
207 302 1
208 302 1
209 302 1
210 302 1
211 302 1
212 303 1
213 303 1
214 303 1
215 303 1
216 303 1
217 303 1
218 303 1
219 303 1
220 303 1
221 303 1
222 303 1
223 303 1
224 303 1
225 304 1
226 304 1
227 304 1
228 304 1
229 304 1
230 304 1
231 304 1
232 304 1
233 304 1
234 304 1
235 304 1
236 304 1
237 304 1
238 305 1
239 305 1
240 305 1
241 305 1
242 305 1
243 305 1
244 305 1
245 305 1
246 305 1
247 305 1
248 305 1
249 305 1
250 305 1
251 305 1
252 305 1
253 305 1
254 305 1
255 305 1
256 305 1
257 305 1
258 305 1
259 305 1
260 305 1
261 305 1
262 305 1
263 305 1
264 305 1
265 306 1
266 306 1
267 306 1
268 306 1
269 306 1
270 306 1
271 306 1
272 306 1
273 306 1
274 306 1
275 306 1
276 306 1
277 306 1
278 307 1
279 307 1
280 307 1
281 307 1
282 307 1
283 307 1
284 307 1
285 307 1
286 308 1
287 308 1
288 308 1
289 308 1
290 308 1
291 308 1
292 308 1
293 308 1
294 309 1
295 309 1
296 309 1
297 309 1
298 309 1
299 309 1
300 310 1
301 310 1
302 310 1
303 310 1
304 310 1
305 310 1
306 310 1
307 310 1
308 311 1
309 311 1
310 311 1
311 311 1
312 311 1
313 311 1
314 311 1
315 311 1
316 311 1
317 312 1
318 312 1
319 312 1
320 312 1
.PEN_UP
