.PEN_DOWN
1 87 1
1 86 1
1 85 1
1 84 1
1 83 1
1 82 1
1 81 1
2 80 1
3 79 1
4 80 1
5 81 1
6 82 1
7 83 1
8 84 1
8 85 1
9 86 1
10 87 1
10 88 1
11 89 1
12 90 1
12 91 1
13 92 1
14 93 1
14 94 1
15 95 1
16 96 1
17 97 1
17 98 1
18 99 1
19 100 1
20 101 1
20 102 1
21 103 1
22 104 1
23 105 1
24 106 1
24 107 1
25 108 1
26 109 1
27 110 1
27 111 1
28 112 1
29 113 1
29 114 1
30 115 1
31 116 1
31 117 1
32 118 1
33 119 1
33 120 1
34 121 1
35 122 1
35 123 1
36 124 1
36 125 1
37 126 1
37 127 1
38 128 1
39 129 1
39 130 1
40 131 1
40 132 1
41 133 1
41 134 1
42 135 1
42 136 1
43 137 1
43 138 1
43 139 1
44 140 1
44 141 1
45 142 1
45 143 1
46 144 1
46 145 1
46 146 1
47 147 1
47 148 1
48 149 1
48 150 1
48 151 1
48 152 1
49 153 1
49 154 1
49 155 1
49 156 1
50 157 1
50 158 1
50 159 1
50 160 1
51 161 1
51 162 1
51 163 1
51 164 1
51 165 1
51 166 1
51 167 1
51 168 1
51 169 1
50 170 1
50 171 1
50 172 1
50 173 1
50 174 1
50 175 1
50 176 1
50 177 1
49 178 1
49 179 1
49 180 1
49 181 1
49 182 1
49 183 1
49 184 1
49 185 1
49 186 1
49 187 1
49 188 1
49 189 1
49 190 1
49 191 1
49 192 1
49 193 1
.PEN_UP
.PEN_DOWN
4 78 1
4 77 1
3 76 1
2 75 1
2 74 1
1 73 1
1 72 1
1 71 1
1 70 1
1 69 1
1 68 1
1 67 1
1 66 1
2 65 1
2 64 1
2 63 1
2 62 1
3 61 1
3 60 1
4 59 1
4 58 1
4 57 1
5 56 1
5 55 1
6 54 1
6 53 1
6 52 1
7 51 1
8 50 1
8 49 1
9 48 1
9 47 1
10 46 1
10 45 1
11 44 1
12 43 1
12 42 1
13 41 1
14 40 1
15 39 1
15 38 1
16 37 1
17 36 1
18 35 1
18 34 1
19 33 1
20 32 1
21 31 1
22 30 1
23 29 1
24 28 1
25 27 1
26 26 1
27 25 1
28 24 1
29 23 1
30 22 1
31 21 1
32 20 1
33 19 1
34 18 1
35 17 1
36 16 1
37 16 1
38 15 1
39 14 1
40 13 1
41 12 1
42 11 1
43 11 1
44 11 1
45 10 1
46 10 1
47 9 1
48 9 1
49 9 1
50 8 1
51 8 1
52 7 1
53 7 1
54 6 1
55 6 1
56 6 1
57 5 1
58 5 1
59 4 1
60 4 1
61 3 1
62 2 1
63 2 1
64 2 1
65 2 1
66 1 1
67 1 1
68 1 1
69 2 1
69 3 1
69 4 1
68 5 1
67 6 1
67 7 1
66 8 1
65 9 1
64 10 1
63 11 1
62 12 1
61 13 1
61 14 1
60 15 1
59 16 1
58 17 1
57 18 1
57 19 1
56 20 1
55 21 1
54 22 1
53 23 1
53 24 1
52 25 1
51 26 1
50 27 1
49 28 1
48 29 1
47 30 1
46 31 1
45 32 1
44 33 1
43 34 1
43 35 1
42 36 1
41 37 1
40 38 1
39 39 1
39 40 1
38 41 1
37 42 1
36 43 1
36 44 1
35 45 1
34 46 1
33 47 1
33 48 1
32 49 1
31 50 1
30 51 1
29 52 1
28 53 1
28 54 1
27 55 1
26 56 1
25 57 1
24 58 1
23 59 1
23 60 1
22 61 1
21 62 1
20 63 1
19 64 1
18 65 1
17 66 1
16 67 1
15 68 1
14 69 1
13 70 1
12 71 1
11 72 1
10 73 1
9 74 1
8 75 1
7 75 1
6 76 1
5 76 1
.PEN_UP
