.PEN_DOWN
1 1 1
1 2 1
1 3 1
1 4 1
1 5 1
1 6 1
1 7 1
1 8 1
1 9 1
1 10 1
1 11 1
2 12 1
2 13 1
2 14 1
2 15 1
2 16 1
2 17 1
2 18 1
2 19 1
3 20 1
3 21 1
3 22 1
3 23 1
3 24 1
4 25 1
4 26 1
4 27 1
4 28 1
4 29 1
4 30 1
4 31 1
4 32 1
5 33 1
5 34 1
5 35 1
5 36 1
5 37 1
5 38 1
5 39 1
5 40 1
5 41 1
5 42 1
5 43 1
5 44 1
5 45 1
5 46 1
5 47 1
5 48 1
5 49 1
6 50 1
6 51 1
6 52 1
6 53 1
6 54 1
6 55 1
6 56 1
6 57 1
6 58 1
6 59 1
6 60 1
6 61 1
6 62 1
6 63 1
6 64 1
6 65 1
6 66 1
6 67 1
6 68 1
6 69 1
6 70 1
6 71 1
6 72 1
6 73 1
6 74 1
6 75 1
6 76 1
6 77 1
6 78 1
6 79 1
6 80 1
6 81 1
6 82 1
6 83 1
6 84 1
6 85 1
6 86 1
6 87 1
6 88 1
6 89 1
6 90 1
6 91 1
6 92 1
6 93 1
6 94 1
6 95 1
6 96 1
6 97 1
6 98 1
6 99 1
6 100 1
6 101 1
6 102 1
6 103 1
6 104 1
6 105 1
6 106 1
6 107 1
6 108 1
6 109 1
6 110 1
6 111 1
6 112 1
6 113 1
6 114 1
6 115 1
6 116 1
6 117 1
6 118 1
6 119 1
6 120 1
6 121 1
6 122 1
6 123 1
6 124 1
6 125 1
6 126 1
6 127 1
6 128 1
6 129 1
6 130 1
6 131 1
6 132 1
7 133 1
7 134 1
7 135 1
7 136 1
7 137 1
7 138 1
7 139 1
7 140 1
7 141 1
7 142 1
7 143 1
7 144 1
7 145 1
7 146 1
7 147 1
7 148 1
7 149 1
8 150 1
8 151 1
8 152 1
8 153 1
8 154 1
8 155 1
8 156 1
8 157 1
8 158 1
8 159 1
8 160 1
8 161 1
9 162 1
9 163 1
9 164 1
9 165 1
9 166 1
10 167 1
10 168 1
10 169 1
10 170 1
10 171 1
10 172 1
10 173 1
10 174 1
10 175 1
10 176 1
10 177 1
10 178 1
.PEN_UP
.PEN_DOWN
66 6 1
66 7 1
66 8 1
66 9 1
67 10 1
67 11 1
67 12 1
67 13 1
67 14 1
67 15 1
67 16 1
67 17 1
67 18 1
68 19 1
68 20 1
68 21 1
68 22 1
68 23 1
68 24 1
68 25 1
68 26 1
68 27 1
68 28 1
68 29 1
68 30 1
68 31 1
68 32 1
68 33 1
68 34 1
68 35 1
68 36 1
68 37 1
68 38 1
68 39 1
68 40 1
68 41 1
68 42 1
68 43 1
68 44 1
68 45 1
68 46 1
68 47 1
68 48 1
68 49 1
68 50 1
68 51 1
68 52 1
68 53 1
68 54 1
68 55 1
68 56 1
68 57 1
68 58 1
68 59 1
68 60 1
68 61 1
68 62 1
68 63 1
68 64 1
68 65 1
68 66 1
68 67 1
68 68 1
68 69 1
68 70 1
68 71 1
68 72 1
68 73 1
68 74 1
68 75 1
68 76 1
68 77 1
68 78 1
68 79 1
68 80 1
69 81 1
69 82 1
69 83 1
69 84 1
69 85 1
69 86 1
69 87 1
69 88 1
69 89 1
69 90 1
69 91 1
69 92 1
69 93 1
69 94 1
69 95 1
69 96 1
69 97 1
69 98 1
69 99 1
70 100 1
70 101 1
70 102 1
70 103 1
70 104 1
70 105 1
70 106 1
70 107 1
70 108 1
70 109 1
70 110 1
70 111 1
70 112 1
70 113 1
70 114 1
70 115 1
70 116 1
70 117 1
70 118 1
70 119 1
70 120 1
70 121 1
70 122 1
70 123 1
70 124 1
70 125 1
70 126 1
70 127 1
70 128 1
70 129 1
69 130 1
69 131 1
69 132 1
69 133 1
69 134 1
69 135 1
69 136 1
69 137 1
69 138 1
69 139 1
69 140 1
69 141 1
69 142 1
69 143 1
69 144 1
69 145 1
69 146 1
69 147 1
69 148 1
68 149 1
68 150 1
68 151 1
68 152 1
68 153 1
68 154 1
68 155 1
68 156 1
68 157 1
68 158 1
68 159 1
68 160 1
68 161 1
68 162 1
68 163 1
67 164 1
67 165 1
67 166 1
67 167 1
67 168 1
67 169 1
67 170 1
67 171 1
67 172 1
67 173 1
67 174 1
67 175 1
66 176 1
66 177 1
66 178 1
66 179 1
66 180 1
66 181 1
66 182 1
66 183 1
66 184 1
66 185 1
66 186 1
66 187 1
66 188 1
66 189 1
66 190 1
66 191 1
66 192 1
66 193 1
66 194 1
66 195 1
66 196 1
66 197 1
66 198 1
66 199 1
66 200 1
66 201 1
66 202 1
.PEN_UP
.PEN_DOWN
88 118 1
87 118 1
86 117 1
85 116 1
85 115 1
85 114 1
85 113 1
85 112 1
85 111 1
86 110 1
86 109 1
86 108 1
87 107 1
87 106 1
87 105 1
88 104 1
89 103 1
89 102 1
90 101 1
90 100 1
91 99 1
91 98 1
92 97 1
92 96 1
93 95 1
94 94 1
95 93 1
95 92 1
96 91 1
97 90 1
98 89 1
99 88 1
99 87 1
100 86 1
100 85 1
101 84 1
102 83 1
102 82 1
103 81 1
104 80 1
104 79 1
105 78 1
106 77 1
106 76 1
107 75 1
108 74 1
108 73 1
109 72 1
110 71 1
110 70 1
111 69 1
112 68 1
113 67 1
114 66 1
115 65 1
116 64 1
117 63 1
118 62 1
119 61 1
120 61 1
121 60 1
122 59 1
123 58 1
124 57 1
125 57 1
126 56 1
127 55 1
128 54 1
129 53 1
130 53 1
131 52 1
132 51 1
133 50 1
134 50 1
135 49 1
136 48 1
137 47 1
138 46 1
139 46 1
140 46 1
141 45 1
142 45 1
143 45 1
144 44 1
145 44 1
146 44 1
147 43 1
148 43 1
149 42 1
150 42 1
151 42 1
152 42 1
153 42 1
154 42 1
155 41 1
156 41 1
157 41 1
158 41 1
159 41 1
160 41 1
161 41 1
162 40 1
163 40 1
164 40 1
165 40 1
166 40 1
167 40 1
168 40 1
169 40 1
170 40 1
171 40 1
172 40 1
173 40 1
174 40 1
175 40 1
176 40 1
177 41 1
178 41 1
179 41 1
180 41 1
181 42 1
182 42 1
183 42 1
184 42 1
185 42 1
186 43 1
187 43 1
188 43 1
189 43 1
190 44 1
191 44 1
192 45 1
193 45 1
194 46 1
195 46 1
196 46 1
197 47 1
198 47 1
199 48 1
200 48 1
201 49 1
202 50 1
203 50 1
204 51 1
205 52 1
206 52 1
207 53 1
208 54 1
209 54 1
210 55 1
211 56 1
212 57 1
213 58 1
214 58 1
215 59 1
216 60 1
217 61 1
218 62 1
219 63 1
220 64 1
220 65 1
221 66 1
222 67 1
223 68 1
223 69 1
224 70 1
225 71 1
225 72 1
226 73 1
226 74 1
227 75 1
227 76 1
228 77 1
228 78 1
227 79 1
227 80 1
226 81 1
225 82 1
225 83 1
224 84 1
223 85 1
222 86 1
222 87 1
222 88 1
222 89 1
221 90 1
221 91 1
221 92 1
221 93 1
220 94 1
220 95 1
220 96 1
219 97 1
.PEN_UP
