.PEN_DOWN
1 76 1
2 76 1
3 77 1
4 78 1
5 79 1
6 80 1
7 81 1
8 82 1
9 83 1
10 83 1
11 84 1
12 85 1
13 86 1
14 86 1
15 87 1
16 88 1
17 89 1
18 90 1
19 91 1
20 92 1
21 93 1
22 94 1
23 95 1
24 96 1
24 97 1
25 98 1
26 99 1
27 100 1
28 101 1
29 102 1
30 103 1
30 104 1
31 105 1
32 106 1
33 107 1
33 108 1
34 109 1
35 110 1
36 111 1
36 112 1
37 113 1
38 114 1
39 115 1
39 116 1
40 117 1
41 118 1
42 119 1
42 120 1
43 121 1
44 122 1
44 123 1
45 124 1
46 125 1
46 126 1
47 127 1
47 128 1
48 129 1
48 130 1
49 131 1
50 132 1
50 133 1
51 134 1
51 135 1
52 136 1
53 137 1
53 138 1
54 139 1
54 140 1
55 141 1
55 142 1
56 143 1
57 144 1
57 145 1
58 146 1
58 147 1
59 148 1
59 149 1
60 150 1
61 151 1
61 152 1
62 153 1
62 154 1
63 155 1
64 156 1
64 157 1
65 158 1
65 159 1
66 160 1
67 161 1
67 162 1
68 163 1
69 164 1
69 165 1
70 166 1
70 167 1
71 168 1
72 169 1
72 170 1
73 171 1
73 172 1
74 173 1
75 174 1
75 175 1
76 176 1
76 177 1
77 178 1
78 179 1
78 180 1
79 181 1
79 182 1
80 183 1
81 184 1
81 185 1
82 186 1
83 187 1
83 188 1
84 189 1
84 190 1
85 191 1
86 192 1
86 193 1
87 194 1
88 195 1
88 196 1
89 197 1
90 198 1
90 199 1
91 200 1
92 201 1
92 202 1
93 203 1
94 204 1
94 205 1
95 206 1
96 207 1
96 208 1
97 209 1
98 210 1
98 211 1
99 212 1
100 213 1
100 214 1
101 215 1
102 216 1
102 217 1
103 218 1
104 219 1
104 220 1
105 221 1
106 222 1
106 223 1
107 224 1
108 225 1
109 226 1
109 227 1
110 228 1
111 229 1
111 230 1
112 231 1
113 232 1
114 233 1
114 234 1
115 235 1
116 236 1
116 237 1
117 238 1
118 239 1
119 240 1
119 241 1
120 242 1
121 243 1
121 244 1
122 245 1
123 246 1
123 247 1
124 248 1
124 249 1
125 250 1
125 251 1
125 252 1
126 253 1
126 254 1
127 255 1
127 256 1
128 257 1
128 258 1
129 259 1
129 260 1
129 261 1
130 262 1
130 263 1
131 264 1
131 265 1
132 266 1
132 267 1
133 268 1
133 269 1
134 270 1
134 271 1
134 272 1
135 273 1
135 274 1
136 275 1
136 276 1
137 277 1
137 278 1
138 279 1
138 280 1
138 281 1
139 282 1
139 283 1
.PEN_UP
.PEN_DOWN
182 2 1
182 3 1
182 4 1
182 5 1
182 6 1
182 7 1
182 8 1
182 9 1
182 10 1
182 11 1
181 12 1
181 13 1
181 14 1
181 15 1
181 16 1
181 17 1
181 18 1
180 19 1
180 20 1
180 21 1
180 22 1
180 23 1
180 24 1
180 25 1
179 26 1
179 27 1
179 28 1
179 29 1
179 30 1
179 31 1
179 32 1
180 33 1
179 34 1
178 35 1
178 36 1
177 37 1
177 38 1
177 39 1
176 40 1
176 41 1
176 42 1
176 43 1
176 44 1
176 45 1
175 46 1
175 47 1
175 48 1
175 49 1
175 50 1
175 51 1
175 52 1
175 53 1
175 54 1
175 55 1
175 56 1
175 57 1
175 58 1
175 59 1
175 60 1
175 61 1
174 62 1
174 63 1
173 64 1
173 65 1
173 66 1
173 67 1
173 68 1
173 69 1
172 70 1
172 71 1
172 72 1
172 73 1
172 74 1
172 75 1
172 76 1
172 77 1
172 78 1
171 79 1
171 80 1
171 81 1
171 82 1
171 83 1
171 84 1
171 85 1
171 86 1
171 87 1
171 88 1
171 89 1
170 90 1
170 91 1
170 92 1
170 93 1
170 94 1
170 95 1
170 96 1
170 97 1
170 98 1
170 99 1
170 100 1
169 101 1
169 102 1
169 103 1
169 104 1
169 105 1
169 106 1
169 107 1
169 108 1
169 109 1
169 110 1
169 111 1
168 112 1
168 113 1
168 114 1
168 115 1
168 116 1
168 117 1
168 118 1
168 119 1
168 120 1
168 121 1
168 122 1
168 123 1
168 124 1
168 125 1
168 126 1
167 127 1
167 128 1
167 129 1
167 130 1
167 131 1
167 132 1
167 133 1
167 134 1
167 135 1
167 136 1
167 137 1
167 138 1
167 139 1
167 140 1
167 141 1
167 142 1
166 143 1
166 144 1
166 145 1
166 146 1
166 147 1
166 148 1
166 149 1
166 150 1
166 151 1
166 152 1
166 153 1
166 154 1
166 155 1
166 156 1
166 157 1
166 158 1
165 159 1
165 160 1
165 161 1
165 162 1
165 163 1
165 164 1
165 165 1
165 166 1
165 167 1
165 168 1
165 169 1
165 170 1
165 171 1
165 172 1
165 173 1
164 174 1
164 175 1
164 176 1
164 177 1
164 178 1
164 179 1
164 180 1
164 181 1
164 182 1
164 183 1
164 184 1
164 185 1
164 186 1
164 187 1
164 188 1
164 189 1
164 190 1
164 191 1
164 192 1
164 193 1
163 194 1
163 195 1
163 196 1
163 197 1
163 198 1
163 199 1
163 200 1
163 201 1
163 202 1
163 203 1
163 204 1
163 205 1
163 206 1
163 207 1
163 208 1
163 209 1
163 210 1
163 211 1
163 212 1
163 213 1
162 214 1
162 215 1
162 216 1
162 217 1
162 218 1
162 219 1
162 220 1
162 221 1
162 222 1
162 223 1
162 224 1
162 225 1
162 226 1
162 227 1
162 228 1
162 229 1
162 230 1
162 231 1
162 232 1
162 233 1
162 234 1
161 235 1
161 236 1
161 237 1
161 238 1
161 239 1
161 240 1
161 241 1
161 242 1
161 243 1
161 244 1
161 245 1
161 246 1
161 247 1
161 248 1
161 249 1
161 250 1
161 251 1
160 252 1
160 253 1
160 254 1
160 255 1
160 256 1
160 257 1
160 258 1
160 259 1
160 260 1
160 261 1
160 262 1
160 263 1
160 264 1
160 265 1
160 266 1
160 267 1
159 268 1
159 269 1
159 270 1
159 271 1
159 272 1
159 273 1
159 274 1
159 275 1
159 276 1
159 277 1
159 278 1
159 279 1
159 280 1
159 281 1
159 282 1
159 283 1
158 284 1
158 285 1
158 286 1
158 287 1
158 288 1
158 289 1
158 290 1
157 291 1
157 292 1
157 293 1
157 294 1
156 295 1
156 296 1
156 297 1
156 298 1
155 299 1
155 300 1
155 301 1
155 302 1
155 303 1
154 304 1
154 305 1
154 306 1
154 307 1
153 308 1
153 309 1
153 310 1
153 311 1
152 312 1
152 313 1
152 314 1
152 315 1
151 316 1
151 317 1
151 318 1
151 319 1
150 320 1
150 321 1
150 322 1
150 323 1
150 324 1
150 325 1
150 326 1
150 327 1
150 328 1
150 329 1
150 330 1
150 331 1
150 332 1
150 333 1
150 334 1
150 335 1
150 336 1
150 337 1
150 338 1
150 339 1
150 340 1
150 341 1
.PEN_UP
.PEN_DOWN
176 62 1
177 63 1
178 64 1
178 65 1
179 66 1
179 67 1
180 68 1
180 69 1
181 70 1
181 71 1
182 72 1
183 73 1
183 74 1
184 75 1
185 76 1
186 77 1
186 78 1
187 79 1
188 80 1
189 81 1
190 82 1
191 82 1
192 83 1
193 84 1
194 85 1
195 86 1
196 87 1
197 87 1
198 88 1
199 89 1
200 90 1
201 90 1
202 91 1
203 92 1
204 92 1
205 93 1
206 93 1
207 93 1
208 94 1
209 94 1
210 95 1
211 95 1
212 95 1
213 96 1
214 96 1
215 96 1
216 96 1
217 96 1
218 97 1
219 97 1
220 97 1
221 97 1
222 97 1
223 97 1
224 97 1
225 97 1
226 97 1
227 97 1
228 97 1
229 97 1
230 97 1
231 96 1
232 96 1
233 96 1
234 96 1
235 96 1
236 96 1
237 95 1
238 95 1
239 95 1
240 95 1
241 95 1
242 95 1
243 94 1
244 94 1
245 94 1
246 93 1
247 93 1
248 93 1
249 92 1
250 92 1
251 92 1
252 91 1
253 91 1
254 90 1
255 90 1
256 90 1
257 89 1
258 89 1
259 88 1
260 88 1
261 87 1
262 87 1
263 86 1
264 86 1
265 85 1
266 85 1
267 84 1
268 83 1
269 82 1
270 82 1
271 81 1
272 80 1
273 79 1
274 79 1
275 78 1
276 77 1
277 76 1
278 75 1
279 74 1
280 73 1
280 72 1
281 71 1
282 70 1
283 69 1
283 68 1
284 67 1
285 66 1
286 65 1
286 64 1
287 63 1
287 62 1
288 61 1
288 60 1
289 59 1
289 58 1
290 57 1
290 56 1
291 55 1
292 54 1
293 55 1
294 56 1
294 57 1
294 58 1
294 59 1
295 60 1
295 61 1
295 62 1
295 63 1
296 64 1
296 65 1
296 66 1
297 67 1
297 68 1
297 69 1
298 70 1
299 71 1
299 72 1
300 73 1
301 74 1
301 75 1
302 76 1
303 77 1
303 78 1
304 79 1
305 80 1
306 80 1
307 81 1
308 82 1
309 83 1
310 84 1
311 84 1
312 85 1
313 85 1
314 85 1
315 86 1
316 86 1
317 87 1
318 87 1
319 88 1
320 88 1
321 88 1
322 89 1
323 89 1
324 89 1
325 90 1
326 90 1
327 90 1
328 90 1
329 90 1
330 91 1
331 91 1
332 91 1
333 91 1
334 91 1
335 91 1
336 91 1
337 91 1
338 91 1
339 91 1
340 91 1
341 90 1
342 90 1
343 90 1
344 90 1
345 89 1
346 89 1
347 88 1
348 87 1
349 86 1
350 85 1
351 84 1
352 83 1
353 82 1
354 81 1
355 80 1
356 79 1
356 78 1
357 77 1
358 76 1
358 75 1
359 74 1
360 73 1
360 72 1
361 71 1
361 70 1
361 69 1
361 68 1
361 67 1
362 66 1
362 65 1
362 64 1
362 63 1
363 62 1
363 61 1
363 60 1
363 59 1
363 58 1
363 57 1
363 56 1
363 55 1
364 54 1
364 53 1
364 52 1
364 51 1
364 50 1
364 49 1
364 48 1
364 47 1
364 46 1
364 45 1
364 44 1
364 43 1
364 42 1
364 41 1
364 40 1
364 39 1
364 38 1
364 37 1
363 36 1
363 35 1
363 34 1
363 33 1
363 32 1
363 31 1
362 30 1
362 29 1
362 28 1
362 27 1
362 26 1
362 25 1
361 24 1
361 23 1
361 22 1
360 21 1
360 20 1
359 19 1
359 18 1
358 17 1
358 16 1
358 15 1
357 14 1
357 13 1
356 12 1
356 11 1
355 10 1
355 9 1
354 8 1
353 7 1
352 6 1
352 5 1
351 4 1
350 3 1
349 2 1
348 1 1
.PEN_UP
.PEN_DOWN
293 53 1
293 52 1
293 51 1
293 50 1
293 49 1
293 48 1
293 47 1
293 46 1
293 45 1
293 44 1
293 43 1
294 42 1
294 41 1
294 40 1
294 39 1
295 38 1
295 37 1
295 36 1
295 35 1
295 34 1
295 33 1
296 32 1
296 31 1
296 30 1
296 29 1
296 28 1
296 27 1
296 26 1
296 25 1
296 24 1
296 23 1
297 22 1
297 21 1
297 20 1
297 19 1
297 18 1
297 17 1
297 16 1
297 15 1
297 14 1
297 13 1
297 12 1
298 11 1
298 10 1
.PEN_UP
.PEN_DOWN
271 83 1
271 84 1
271 85 1
271 86 1
271 87 1
270 88 1
270 89 1
271 90 1
271 91 1
271 92 1
271 93 1
272 94 1
272 95 1
272 96 1
272 97 1
273 98 1
273 99 1
273 100 1
274 101 1
274 102 1
274 103 1
274 104 1
274 105 1
275 106 1
275 107 1
275 108 1
275 109 1
276 110 1
276 111 1
276 112 1
276 113 1
276 114 1
277 115 1
277 116 1
277 117 1
277 118 1
277 119 1
277 120 1
278 121 1
278 122 1
278 123 1
278 124 1
278 125 1
278 126 1
278 127 1
278 128 1
278 129 1
278 130 1
278 131 1
278 132 1
278 133 1
278 134 1
278 135 1
278 136 1
278 137 1
278 138 1
278 139 1
278 140 1
278 141 1
278 142 1
278 143 1
278 144 1
278 145 1
277 146 1
277 147 1
276 148 1
276 149 1
275 150 1
275 151 1
274 152 1
274 153 1
273 154 1
272 155 1
271 156 1
270 157 1
269 158 1
268 158 1
267 159 1
266 159 1
265 160 1
264 160 1
263 161 1
262 161 1
261 161 1
260 162 1
259 162 1
258 163 1
257 164 1
256 164 1
255 164 1
254 164 1
253 164 1
252 164 1
251 164 1
250 164 1
249 164 1
248 164 1
247 164 1
246 165 1
245 165 1
244 165 1
243 165 1
242 165 1
241 165 1
240 165 1
239 165 1
238 165 1
237 165 1
236 165 1
235 165 1
234 165 1
233 165 1
232 165 1
231 165 1
230 165 1
229 165 1
228 165 1
227 165 1
226 165 1
225 165 1
224 165 1
223 165 1
222 165 1
221 165 1
220 165 1
219 165 1
218 165 1
217 165 1
216 165 1
215 165 1
214 165 1
213 165 1
212 165 1
211 165 1
210 165 1
209 165 1
208 165 1
207 165 1
206 165 1
205 165 1
204 165 1
203 165 1
202 165 1
201 165 1
200 165 1
199 165 1
198 165 1
197 165 1
196 165 1
195 165 1
194 165 1
193 165 1
192 165 1
191 165 1
190 164 1
189 164 1
188 164 1
187 164 1
186 164 1
185 164 1
184 164 1
183 164 1
.PEN_UP
.PEN_DOWN
258 165 1
259 165 1
260 165 1
261 165 1
262 165 1
263 165 1
264 165 1
265 164 1
266 164 1
267 164 1
268 164 1
269 164 1
270 164 1
271 164 1
272 164 1
273 164 1
274 164 1
275 164 1
276 164 1
277 164 1
278 164 1
279 164 1
280 163 1
281 163 1
282 163 1
283 163 1
284 163 1
285 163 1
286 163 1
287 163 1
288 163 1
289 163 1
290 163 1
291 163 1
292 163 1
293 162 1
294 162 1
295 162 1
296 163 1
297 163 1
298 163 1
299 163 1
300 163 1
301 163 1
302 163 1
303 162 1
304 161 1
304 160 1
304 159 1
304 158 1
304 157 1
304 156 1
305 155 1
305 154 1
305 153 1
305 152 1
305 151 1
305 150 1
306 149 1
306 148 1
306 147 1
306 146 1
306 145 1
306 144 1
307 143 1
307 142 1
307 141 1
307 140 1
307 139 1
307 138 1
307 137 1
308 136 1
308 135 1
308 134 1
308 133 1
308 132 1
308 131 1
309 130 1
309 129 1
309 128 1
309 127 1
309 126 1
.PEN_UP
.PEN_DOWN
181 32 1
182 32 1
183 31 1
184 30 1
185 29 1
186 29 1
187 29 1
188 29 1
189 28 1
190 28 1
191 28 1
192 27 1
193 27 1
194 27 1
195 27 1
196 27 1
197 27 1
198 26 1
199 26 1
200 26 1
201 26 1
202 26 1
203 26 1
204 26 1
205 27 1
206 27 1
207 27 1
208 27 1
209 27 1
210 27 1
211 28 1
212 28 1
213 29 1
214 29 1
215 30 1
.PEN_UP
.PEN_DOWN
173 255 1
174 255 1
175 255 1
176 256 1
177 256 1
178 256 1
179 257 1
180 257 1
181 257 1
182 257 1
183 257 1
184 258 1
185 258 1
186 258 1
187 258 1
188 258 1
189 259 1
190 259 1
191 259 1
192 259 1
193 259 1
194 260 1
195 260 1
196 260 1
197 260 1
198 260 1
199 261 1
200 261 1
201 261 1
202 261 1
203 261 1
204 261 1
205 262 1
206 262 1
207 262 1
208 262 1
209 262 1
210 262 1
211 263 1
212 263 1
213 263 1
214 263 1
215 263 1
216 263 1
217 264 1
218 264 1
219 264 1
220 264 1
221 264 1
222 264 1
223 264 1
224 264 1
225 264 1
226 265 1
227 265 1
228 265 1
229 265 1
230 265 1
231 265 1
232 265 1
233 265 1
234 265 1
235 265 1
236 266 1
237 266 1
238 266 1
239 266 1
240 266 1
241 266 1
242 266 1
243 266 1
244 266 1
245 266 1
246 266 1
247 266 1
248 266 1
249 266 1
250 266 1
251 266 1
252 266 1
253 266 1
254 266 1
255 266 1
256 266 1
257 266 1
258 266 1
259 266 1
260 266 1
261 266 1
262 266 1
263 266 1
264 266 1
265 267 1
266 267 1
267 267 1
268 267 1
269 267 1
270 267 1
271 267 1
272 267 1
273 267 1
274 268 1
275 268 1
276 268 1
277 268 1
278 269 1
279 269 1
280 269 1
281 269 1
282 270 1
283 270 1
.PEN_UP
