.PEN_DOWN
83 77 1
82 77 1
81 77 1
80 77 1
79 77 1
78 77 1
77 77 1
76 77 1
75 77 1
74 77 1
73 77 1
72 77 1
71 77 1
70 76 1
69 76 1
68 76 1
67 76 1
66 76 1
65 76 1
64 75 1
63 75 1
62 75 1
61 75 1
60 75 1
59 75 1
58 74 1
57 74 1
56 74 1
55 74 1
54 74 1
53 74 1
52 74 1
51 73 1
50 73 1
49 73 1
48 73 1
47 73 1
46 73 1
45 73 1
44 73 1
43 73 1
42 73 1
41 73 1
40 73 1
39 73 1
38 73 1
37 73 1
36 73 1
35 73 1
34 73 1
33 73 1
32 73 1
31 74 1
30 74 1
29 74 1
28 74 1
27 74 1
26 74 1
25 75 1
24 75 1
23 76 1
22 76 1
21 76 1
20 77 1
19 77 1
18 78 1
17 78 1
16 78 1
15 79 1
14 80 1
13 80 1
12 81 1
11 81 1
10 82 1
9 83 1
8 84 1
7 85 1
6 86 1
6 87 1
5 88 1
5 89 1
4 90 1
4 91 1
3 92 1
2 93 1
2 94 1
2 95 1
2 96 1
2 97 1
2 98 1
2 99 1
2 100 1
2 101 1
1 102 1
1 103 1
1 104 1
1 105 1
1 106 1
1 107 1
1 108 1
1 109 1
1 110 1
1 111 1
1 112 1
1 113 1
1 114 1
1 115 1
1 116 1
1 117 1
2 118 1
2 119 1
2 120 1
2 121 1
2 122 1
2 123 1
2 124 1
2 125 1
2 126 1
2 127 1
2 128 1
3 129 1
3 130 1
3 131 1
3 132 1
3 133 1
3 134 1
4 135 1
4 136 1
4 137 1
4 138 1
4 139 1
4 140 1
4 141 1
4 142 1
4 143 1
4 144 1
4 145 1
4 146 1
4 147 1
3 148 1
3 149 1
3 150 1
3 151 1
4 152 1
4 153 1
5 154 1
6 155 1
6 156 1
7 157 1
7 158 1
8 159 1
9 160 1
.PEN_UP
.PEN_DOWN
119 17 1
120 17 1
121 17 1
122 17 1
123 17 1
124 17 1
125 18 1
126 19 1
127 20 1
128 21 1
128 22 1
128 23 1
129 24 1
129 25 1
129 26 1
130 27 1
130 28 1
130 29 1
130 30 1
130 31 1
130 32 1
131 33 1
131 34 1
131 35 1
131 36 1
131 37 1
131 38 1
131 39 1
131 40 1
131 41 1
131 42 1
131 43 1
130 44 1
130 45 1
130 46 1
130 47 1
130 48 1
130 49 1
130 50 1
130 51 1
129 52 1
129 53 1
129 54 1
129 55 1
130 56 1
129 57 1
128 58 1
128 59 1
128 60 1
128 61 1
128 62 1
127 63 1
127 64 1
127 65 1
127 66 1
127 67 1
127 68 1
126 69 1
126 70 1
126 71 1
126 72 1
126 73 1
125 74 1
125 75 1
125 76 1
125 77 1
125 78 1
125 79 1
124 80 1
124 81 1
124 82 1
124 83 1
124 84 1
124 85 1
123 86 1
123 87 1
123 88 1
123 89 1
123 90 1
123 91 1
122 92 1
122 93 1
122 94 1
122 95 1
121 96 1
121 97 1
121 98 1
121 99 1
120 100 1
120 101 1
120 102 1
120 103 1
120 104 1
119 105 1
119 106 1
119 107 1
119 108 1
118 109 1
118 110 1
118 111 1
118 112 1
117 113 1
117 114 1
117 115 1
117 116 1
116 117 1
116 118 1
116 119 1
116 120 1
115 121 1
115 122 1
115 123 1
114 124 1
114 125 1
114 126 1
114 127 1
113 128 1
113 129 1
113 130 1
112 131 1
112 132 1
112 133 1
112 134 1
111 135 1
111 136 1
111 137 1
110 138 1
110 139 1
110 140 1
110 141 1
109 142 1
109 143 1
109 144 1
108 145 1
108 146 1
108 147 1
107 148 1
107 149 1
107 150 1
107 151 1
106 152 1
106 153 1
106 154 1
105 155 1
105 156 1
105 157 1
105 158 1
104 159 1
104 160 1
104 161 1
104 162 1
103 163 1
103 164 1
103 165 1
102 166 1
102 167 1
102 168 1
102 169 1
101 170 1
101 171 1
101 172 1
101 173 1
101 174 1
100 175 1
100 176 1
100 177 1
100 178 1
100 179 1
99 180 1
99 181 1
99 182 1
99 183 1
99 184 1
98 185 1
98 186 1
98 187 1
97 188 1
.PEN_UP
.PEN_DOWN
131 56 1
132 56 1
133 56 1
134 56 1
135 56 1
136 57 1
137 58 1
138 59 1
139 59 1
140 59 1
141 59 1
142 60 1
143 60 1
144 60 1
145 61 1
146 61 1
147 61 1
148 61 1
149 62 1
150 62 1
151 62 1
152 63 1
153 63 1
154 63 1
155 64 1
156 64 1
157 64 1
158 64 1
159 65 1
160 65 1
161 65 1
162 65 1
163 66 1
164 66 1
165 66 1
166 67 1
167 67 1
168 67 1
169 67 1
170 68 1
171 68 1
172 68 1
173 68 1
174 69 1
175 69 1
176 69 1
177 69 1
178 70 1
179 70 1
180 70 1
181 70 1
182 70 1
183 71 1
184 71 1
185 71 1
186 71 1
187 72 1
188 72 1
189 72 1
190 73 1
191 73 1
192 73 1
193 74 1
194 74 1
195 74 1
196 75 1
197 75 1
198 75 1
199 76 1
200 76 1
201 77 1
202 77 1
203 77 1
204 77 1
205 78 1
206 78 1
207 78 1
208 78 1
209 78 1
210 79 1
211 79 1
212 79 1
213 78 1
214 77 1
214 76 1
214 75 1
215 74 1
215 73 1
215 72 1
215 71 1
215 70 1
215 69 1
216 68 1
217 67 1
218 66 1
218 65 1
219 64 1
220 63 1
220 62 1
221 61 1
221 60 1
222 59 1
222 58 1
223 57 1
224 56 1
224 55 1
225 54 1
226 53 1
226 52 1
227 51 1
228 50 1
228 49 1
229 48 1
229 47 1
230 46 1
230 45 1
231 44 1
231 43 1
232 42 1
232 41 1
233 40 1
234 39 1
235 38 1
236 38 1
237 39 1
238 40 1
238 41 1
239 42 1
239 43 1
239 44 1
240 45 1
240 46 1
240 47 1
241 48 1
241 49 1
241 50 1
241 51 1
241 52 1
241 53 1
241 54 1
242 55 1
242 56 1
242 57 1
242 58 1
242 59 1
243 60 1
243 61 1
243 62 1
243 63 1
243 64 1
244 65 1
244 66 1
245 67 1
245 68 1
245 69 1
246 70 1
246 71 1
247 72 1
247 73 1
248 74 1
248 75 1
249 76 1
249 77 1
250 78 1
250 79 1
251 80 1
251 81 1
252 82 1
252 83 1
253 84 1
253 85 1
254 86 1
254 87 1
255 88 1
255 89 1
256 90 1
257 91 1
258 92 1
258 93 1
259 94 1
260 95 1
261 96 1
262 97 1
262 98 1
263 99 1
264 100 1
264 101 1
265 102 1
266 103 1
267 103 1
268 104 1
269 105 1
270 105 1
271 105 1
272 106 1
273 106 1
274 106 1
275 106 1
276 106 1
277 106 1
278 106 1
279 106 1
280 106 1
281 106 1
282 106 1
283 106 1
284 106 1
285 106 1
286 105 1
287 105 1
288 105 1
289 104 1
290 104 1
291 104 1
292 104 1
293 103 1
294 103 1
295 103 1
296 102 1
297 102 1
298 101 1
299 101 1
300 100 1
301 100 1
302 99 1
303 99 1
304 98 1
305 97 1
306 96 1
307 95 1
308 94 1
309 94 1
310 93 1
311 92 1
312 91 1
313 90 1
314 89 1
315 89 1
317 90 1
318 91 1
318 92 1
318 93 1
318 94 1
319 95 1
319 96 1
319 97 1
319 98 1
319 99 1
319 100 1
319 101 1
319 102 1
319 103 1
319 104 1
319 105 1
319 106 1
319 107 1
319 108 1
319 109 1
319 110 1
319 111 1
319 112 1
319 113 1
319 114 1
318 115 1
318 116 1
318 117 1
318 118 1
318 119 1
318 120 1
318 121 1
317 122 1
317 123 1
317 124 1
316 125 1
316 126 1
316 127 1
316 128 1
315 129 1
315 130 1
315 131 1
314 132 1
314 133 1
314 134 1
314 135 1
314 136 1
314 137 1
314 138 1
314 139 1
314 140 1
314 141 1
314 142 1
314 143 1
314 144 1
314 145 1
314 146 1
.PEN_UP
.PEN_DOWN
316 88 1
316 87 1
316 86 1
316 85 1
315 83 1
315 82 1
314 81 1
314 80 1
313 79 1
313 78 1
313 77 1
312 76 1
312 75 1
311 74 1
311 73 1
311 72 1
310 71 1
310 70 1
309 69 1
308 68 1
308 67 1
307 66 1
306 65 1
306 64 1
305 63 1
304 62 1
304 61 1
303 60 1
302 59 1
301 58 1
301 57 1
300 56 1
299 55 1
298 54 1
298 53 1
297 52 1
296 51 1
295 50 1
295 49 1
294 48 1
293 47 1
292 46 1
292 45 1
291 44 1
290 43 1
290 42 1
289 41 1
288 40 1
288 39 1
287 38 1
287 37 1
286 36 1
285 35 1
285 34 1
284 33 1
284 32 1
283 31 1
283 30 1
282 29 1
281 28 1
281 27 1
280 26 1
280 25 1
279 24 1
279 23 1
279 22 1
278 21 1
278 20 1
278 19 1
278 18 1
278 17 1
278 16 1
278 15 1
278 14 1
279 13 1
279 12 1
279 11 1
279 10 1
280 9 1
281 8 1
282 7 1
283 6 1
284 5 1
285 4 1
286 3 1
287 3 1
288 3 1
289 2 1
290 2 1
291 1 1
292 1 1
293 1 1
294 1 1
295 1 1
296 1 1
297 1 1
298 1 1
299 2 1
300 2 1
301 3 1
302 4 1
303 4 1
304 5 1
305 6 1
306 7 1
307 8 1
308 9 1
309 10 1
310 11 1
311 12 1
312 13 1
312 14 1
313 15 1
314 16 1
314 17 1
315 18 1
315 19 1
316 20 1
316 21 1
316 22 1
317 23 1
317 24 1
318 25 1
318 26 1
318 27 1
319 28 1
319 29 1
319 30 1
320 31 1
320 32 1
320 33 1
321 34 1
321 35 1
321 36 1
322 37 1
322 38 1
322 39 1
323 40 1
323 41 1
323 42 1
323 43 1
323 44 1
324 45 1
324 46 1
324 47 1
324 48 1
324 49 1
324 50 1
324 51 1
324 52 1
324 53 1
324 54 1
324 55 1
324 56 1
324 57 1
324 58 1
324 59 1
324 60 1
324 61 1
324 62 1
324 63 1
324 64 1
323 65 1
323 66 1
323 67 1
323 68 1
323 69 1
323 70 1
323 71 1
323 72 1
323 73 1
322 74 1
322 75 1
322 76 1
322 77 1
321 78 1
321 79 1
320 80 1
320 81 1
319 82 1
318 83 1
317 84 1
.PEN_UP
