.PEN_DOWN
1 10 1
2 10 1
3 10 1
4 10 1
5 10 1
6 11 1
7 12 1
7 13 1
8 14 1
8 15 1
9 16 1
9 17 1
9 18 1
9 19 1
10 20 1
10 21 1
10 22 1
10 23 1
10 24 1
10 25 1
10 26 1
10 27 1
10 28 1
10 29 1
10 30 1
10 31 1
10 32 1
10 33 1
10 34 1
10 35 1
10 36 1
10 37 1
10 38 1
10 39 1
10 40 1
10 41 1
10 42 1
10 43 1
10 44 1
10 45 1
10 46 1
10 47 1
10 48 1
10 49 1
10 50 1
10 51 1
10 52 1
10 53 1
10 54 1
10 55 1
9 56 1
9 57 1
9 58 1
9 59 1
9 60 1
9 61 1
9 62 1
9 63 1
9 64 1
9 65 1
9 66 1
9 67 1
9 68 1
9 69 1
9 70 1
9 71 1
9 72 1
9 73 1
9 74 1
9 75 1
9 76 1
9 77 1
8 78 1
8 79 1
8 80 1
8 81 1
8 82 1
8 83 1
8 84 1
8 85 1
8 86 1
8 87 1
8 88 1
8 89 1
8 90 1
8 91 1
8 92 1
8 93 1
8 94 1
8 95 1
8 96 1
8 97 1
8 98 1
8 99 1
8 100 1
8 101 1
8 102 1
8 103 1
8 104 1
8 105 1
8 106 1
8 107 1
8 108 1
8 109 1
8 110 1
8 111 1
8 112 1
8 113 1
8 114 1
8 115 1
8 116 1
8 117 1
8 118 1
8 119 1
8 120 1
8 121 1
8 122 1
8 123 1
8 124 1
8 125 1
8 126 1
8 127 1
8 128 1
8 129 1
8 130 1
8 131 1
8 132 1
8 133 1
8 134 1
8 135 1
8 136 1
8 137 1
8 138 1
8 139 1
8 140 1
8 141 1
8 142 1
8 143 1
8 144 1
8 145 1
8 146 1
7 147 1
7 148 1
7 149 1
8 150 1
8 151 1
8 152 1
8 153 1
9 154 1
9 155 1
9 156 1
9 157 1
8 158 1
8 159 1
8 160 1
8 161 1
8 162 1
.PEN_UP
.PEN_DOWN
134 1 1
134 2 1
134 3 1
134 4 1
134 5 1
134 6 1
134 7 1
134 8 1
134 9 1
134 10 1
134 11 1
134 12 1
134 13 1
134 14 1
134 15 1
134 16 1
134 17 1
134 18 1
134 19 1
134 20 1
134 21 1
134 22 1
134 23 1
134 24 1
134 25 1
134 26 1
134 27 1
134 28 1
135 29 1
135 30 1
135 31 1
135 32 1
135 33 1
135 34 1
135 35 1
135 36 1
135 37 1
135 38 1
135 39 1
135 40 1
135 41 1
135 42 1
135 43 1
135 44 1
135 45 1
135 46 1
135 47 1
135 48 1
135 49 1
135 50 1
135 51 1
135 52 1
135 53 1
135 54 1
135 55 1
135 56 1
135 57 1
135 58 1
136 59 1
138 58 1
139 57 1
139 56 1
140 55 1
140 54 1
140 53 1
141 52 1
142 51 1
142 50 1
143 49 1
143 48 1
144 47 1
144 46 1
145 45 1
145 44 1
146 43 1
147 42 1
147 41 1
148 40 1
149 39 1
149 38 1
150 37 1
151 36 1
152 35 1
153 34 1
154 33 1
155 32 1
156 31 1
157 30 1
158 29 1
159 28 1
160 27 1
161 26 1
161 25 1
162 24 1
163 23 1
164 22 1
165 21 1
166 20 1
167 19 1
168 18 1
169 18 1
170 17 1
171 16 1
172 16 1
173 15 1
174 15 1
175 14 1
176 13 1
177 13 1
178 12 1
179 12 1
180 11 1
181 10 1
182 10 1
183 10 1
184 9 1
185 9 1
186 9 1
187 8 1
188 8 1
189 8 1
190 8 1
191 8 1
192 7 1
193 8 1
194 8 1
195 8 1
196 8 1
197 9 1
198 10 1
199 11 1
200 12 1
201 13 1
201 14 1
201 15 1
202 16 1
202 17 1
202 18 1
203 19 1
203 20 1
203 21 1
203 22 1
203 23 1
203 24 1
203 25 1
202 26 1
202 27 1
202 28 1
202 29 1
202 30 1
201 31 1
201 32 1
202 33 1
202 34 1
.PEN_UP
.PEN_DOWN
136 60 1
136 61 1
136 62 1
136 63 1
136 64 1
136 65 1
136 66 1
136 67 1
136 68 1
135 69 1
135 70 1
134 72 1
134 73 1
134 74 1
134 75 1
134 76 1
134 77 1
134 78 1
134 79 1
134 80 1
134 81 1
134 82 1
134 83 1
133 84 1
133 85 1
133 86 1
133 87 1
133 88 1
133 89 1
133 90 1
133 91 1
133 92 1
133 93 1
133 94 1
133 95 1
133 96 1
133 97 1
133 98 1
133 99 1
132 100 1
132 101 1
132 102 1
132 103 1
132 104 1
132 105 1
132 106 1
132 107 1
132 108 1
132 109 1
132 110 1
132 111 1
132 112 1
132 113 1
132 114 1
132 115 1
132 116 1
132 117 1
132 118 1
132 119 1
132 120 1
132 121 1
132 122 1
132 123 1
132 124 1
132 125 1
.PEN_UP
.PEN_DOWN
135 71 1
137 72 1
138 73 1
138 74 1
138 75 1
138 76 1
139 77 1
139 78 1
139 79 1
139 80 1
140 81 1
141 82 1
141 83 1
142 84 1
142 85 1
142 86 1
142 87 1
143 88 1
143 89 1
143 90 1
144 91 1
144 92 1
144 93 1
145 94 1
145 95 1
145 96 1
146 97 1
146 98 1
146 99 1
.PEN_UP
