.PEN_DOWN
124 1 1
124 2 1
124 3 1
124 4 1
124 5 1
125 6 1
125 7 1
125 8 1
125 9 1
125 10 1
125 11 1
125 12 1
125 13 1
125 14 1
124 15 1
124 16 1
124 17 1
124 18 1
124 19 1
124 20 1
124 21 1
123 22 1
123 23 1
123 24 1
123 25 1
123 26 1
123 27 1
122 28 1
122 29 1
122 30 1
121 31 1
121 32 1
121 33 1
120 34 1
120 35 1
120 36 1
119 37 1
119 38 1
119 39 1
118 40 1
118 41 1
118 42 1
117 43 1
117 44 1
117 45 1
116 46 1
116 47 1
116 48 1
115 49 1
115 50 1
115 51 1
114 52 1
114 53 1
114 54 1
113 55 1
113 56 1
113 57 1
112 58 1
111 59 1
110 60 1
109 59 1
108 59 1
107 58 1
106 58 1
105 57 1
104 56 1
103 55 1
102 55 1
101 54 1
100 54 1
99 53 1
98 53 1
97 52 1
96 52 1
95 51 1
94 51 1
93 50 1
92 50 1
91 50 1
90 49 1
89 49 1
88 48 1
87 48 1
86 48 1
85 47 1
84 47 1
83 47 1
82 46 1
81 46 1
80 46 1
79 46 1
78 46 1
77 45 1
76 45 1
75 45 1
74 45 1
73 45 1
72 44 1
71 44 1
70 44 1
69 44 1
68 44 1
67 44 1
66 43 1
65 43 1
64 43 1
63 43 1
62 43 1
61 42 1
60 42 1
59 42 1
58 42 1
57 42 1
56 42 1
55 42 1
54 42 1
53 42 1
52 41 1
51 41 1
50 41 1
49 42 1
48 42 1
47 42 1
46 42 1
45 42 1
44 42 1
43 42 1
42 42 1
41 42 1
40 43 1
39 43 1
38 43 1
37 44 1
36 44 1
35 44 1
34 44 1
33 45 1
32 45 1
31 45 1
30 45 1
29 46 1
28 47 1
27 48 1
26 48 1
25 49 1
24 50 1
23 50 1
22 51 1
21 52 1
20 53 1
19 54 1
18 55 1
17 56 1
16 57 1
15 58 1
15 59 1
14 60 1
13 61 1
13 62 1
12 63 1
12 64 1
11 65 1
10 66 1
10 67 1
9 68 1
8 69 1
8 70 1
8 71 1
7 72 1
7 73 1
7 74 1
6 75 1
6 76 1
5 77 1
5 78 1
5 79 1
4 80 1
4 81 1
3 82 1
3 83 1
3 84 1
3 85 1
3 86 1
3 87 1
2 88 1
2 89 1
2 90 1
2 91 1
2 92 1
2 93 1
2 94 1
1 95 1
1 96 1
1 97 1
1 98 1
1 99 1
1 100 1
1 101 1
1 102 1
1 103 1
1 104 1
1 105 1
1 106 1
1 107 1
1 108 1
1 109 1
1 110 1
1 111 1
2 112 1
2 113 1
2 114 1
2 115 1
2 116 1
2 117 1
2 118 1
2 119 1
2 120 1
3 121 1
3 122 1
3 123 1
3 124 1
4 125 1
4 126 1
4 127 1
4 128 1
5 129 1
5 130 1
5 131 1
6 132 1
6 133 1
6 134 1
7 135 1
8 136 1
8 137 1
9 138 1
10 139 1
11 139 1
12 140 1
13 140 1
14 141 1
15 141 1
16 141 1
17 141 1
18 141 1
19 141 1
20 140 1
21 140 1
22 139 1
23 139 1
24 138 1
.PEN_UP
.PEN_DOWN
111 61 1
111 62 1
111 63 1
110 65 1
110 66 1
109 67 1
109 68 1
109 69 1
108 70 1
108 71 1
107 72 1
107 73 1
107 74 1
107 75 1
106 76 1
106 77 1
106 78 1
106 79 1
105 80 1
105 81 1
105 82 1
105 83 1
104 84 1
104 85 1
104 86 1
104 87 1
103 88 1
103 89 1
103 90 1
103 91 1
102 92 1
102 93 1
102 94 1
102 95 1
101 96 1
101 97 1
101 98 1
100 99 1
100 100 1
101 101 1
101 103 1
100 104 1
99 105 1
99 106 1
98 107 1
98 108 1
98 109 1
97 110 1
96 111 1
96 112 1
95 113 1
95 114 1
94 115 1
95 116 1
95 117 1
95 118 1
95 119 1
94 120 1
94 121 1
94 122 1
93 123 1
93 124 1
93 125 1
93 126 1
92 127 1
92 128 1
92 129 1
91 130 1
91 131 1
91 132 1
90 133 1
90 134 1
90 135 1
90 136 1
89 137 1
89 138 1
89 139 1
88 140 1
88 141 1
88 142 1
88 143 1
87 144 1
87 145 1
87 146 1
86 147 1
86 148 1
86 149 1
85 150 1
85 151 1
85 152 1
84 153 1
84 154 1
84 155 1
84 156 1
84 157 1
.PEN_UP
.PEN_DOWN
101 102 1
103 100 1
104 99 1
105 98 1
105 97 1
106 96 1
106 95 1
107 94 1
107 93 1
108 92 1
108 91 1
109 90 1
109 89 1
110 88 1
110 87 1
111 86 1
111 85 1
111 84 1
112 83 1
112 82 1
112 81 1
113 80 1
113 79 1
113 78 1
114 77 1
114 76 1
114 75 1
115 74 1
115 73 1
115 72 1
115 71 1
115 70 1
115 69 1
115 68 1
115 67 1
114 66 1
113 65 1
112 64 1
.PEN_UP
.PEN_DOWN
131 75 1
132 75 1
133 75 1
134 75 1
135 75 1
136 75 1
137 75 1
138 75 1
139 75 1
140 74 1
141 74 1
142 74 1
143 74 1
144 74 1
145 74 1
146 74 1
147 74 1
148 74 1
149 74 1
150 74 1
151 74 1
152 75 1
153 75 1
154 75 1
155 75 1
156 75 1
157 75 1
158 75 1
159 75 1
160 75 1
161 76 1
162 76 1
163 76 1
164 76 1
165 76 1
166 75 1
167 76 1
168 76 1
169 76 1
170 77 1
171 77 1
172 78 1
173 78 1
174 78 1
175 78 1
176 79 1
177 80 1
178 81 1
179 82 1
180 82 1
181 83 1
182 83 1
183 83 1
184 83 1
185 84 1
186 84 1
187 84 1
188 84 1
189 84 1
190 84 1
191 83 1
190 82 1
189 81 1
188 81 1
187 80 1
186 80 1
185 80 1
184 79 1
183 79 1
182 79 1
181 79 1
180 78 1
179 78 1
178 79 1
.PEN_UP
.PEN_DOWN
166 74 1
165 73 1
164 72 1
164 71 1
163 70 1
163 69 1
163 68 1
162 67 1
162 66 1
162 65 1
162 64 1
162 63 1
162 62 1
162 61 1
162 60 1
162 59 1
162 58 1
163 57 1
163 56 1
163 55 1
163 54 1
164 53 1
164 52 1
164 51 1
164 50 1
165 49 1
166 48 1
166 47 1
167 46 1
167 45 1
168 44 1
168 43 1
169 42 1
169 41 1
170 40 1
171 39 1
172 38 1
173 37 1
174 36 1
175 35 1
176 34 1
177 33 1
178 32 1
179 31 1
180 30 1
181 29 1
182 28 1
183 27 1
184 26 1
185 25 1
186 24 1
187 23 1
188 23 1
189 22 1
190 21 1
191 20 1
192 20 1
193 20 1
194 19 1
195 19 1
196 18 1
197 18 1
198 17 1
199 17 1
200 17 1
201 17 1
202 16 1
203 16 1
204 16 1
205 15 1
206 15 1
207 15 1
208 15 1
209 15 1
210 15 1
211 14 1
212 15 1
213 15 1
214 15 1
215 15 1
216 15 1
217 16 1
218 17 1
219 17 1
220 18 1
221 19 1
222 20 1
223 21 1
223 22 1
224 23 1
225 24 1
225 25 1
225 26 1
226 27 1
226 28 1
226 29 1
226 30 1
226 31 1
226 32 1
226 33 1
226 34 1
226 35 1
226 36 1
226 37 1
226 38 1
226 39 1
226 40 1
226 41 1
226 42 1
226 43 1
226 44 1
226 45 1
226 46 1
226 47 1
226 48 1
226 49 1
226 50 1
226 51 1
226 52 1
226 53 1
226 54 1
226 55 1
226 56 1
226 57 1
226 58 1
226 59 1
226 60 1
226 61 1
225 62 1
225 63 1
225 64 1
225 65 1
225 66 1
225 67 1
225 68 1
225 69 1
225 70 1
225 71 1
225 72 1
225 73 1
226 74 1
226 75 1
226 76 1
226 77 1
227 78 1
227 79 1
227 80 1
227 81 1
228 82 1
229 83 1
229 84 1
230 85 1
231 86 1
231 87 1
232 88 1
233 88 1
234 89 1
235 90 1
236 90 1
237 91 1
238 91 1
239 91 1
240 92 1
241 92 1
242 93 1
243 93 1
244 93 1
245 93 1
246 93 1
247 94 1
248 94 1
249 94 1
250 94 1
251 94 1
252 94 1
253 94 1
254 94 1
255 94 1
256 94 1
257 94 1
258 94 1
259 94 1
260 94 1
261 94 1
262 93 1
263 93 1
264 93 1
265 93 1
266 93 1
267 93 1
268 92 1
269 92 1
270 92 1
271 92 1
272 92 1
273 91 1
274 91 1
275 91 1
276 90 1
277 90 1
278 89 1
279 89 1
280 89 1
281 88 1
282 88 1
283 87 1
284 87 1
285 86 1
286 85 1
287 85 1
288 84 1
289 83 1
290 82 1
291 82 1
292 81 1
293 80 1
294 79 1
295 78 1
296 78 1
297 77 1
298 76 1
299 75 1
300 75 1
301 74 1
302 73 1
303 72 1
304 71 1
305 70 1
306 69 1
307 68 1
308 67 1
308 66 1
309 65 1
310 64 1
310 63 1
311 62 1
312 61 1
312 60 1
313 59 1
313 58 1
314 57 1
314 56 1
314 55 1
315 54 1
315 53 1
315 52 1
316 51 1
316 50 1
316 49 1
316 48 1
316 47 1
317 46 1
317 45 1
317 44 1
317 43 1
317 42 1
317 41 1
317 40 1
317 39 1
317 38 1
317 37 1
317 36 1
317 35 1
317 34 1
317 33 1
316 32 1
316 31 1
316 30 1
316 29 1
315 28 1
315 27 1
314 26 1
314 25 1
313 24 1
312 23 1
312 22 1
311 21 1
310 20 1
309 19 1
308 18 1
307 18 1
306 17 1
305 17 1
304 17 1
303 16 1
302 16 1
301 15 1
300 15 1
299 15 1
298 14 1
297 14 1
296 14 1
295 13 1
294 13 1
293 13 1
292 13 1
291 13 1
290 14 1
289 14 1
288 15 1
287 15 1
286 15 1
285 16 1
284 17 1
283 18 1
282 19 1
281 20 1
281 21 1
280 22 1
279 23 1
279 24 1
279 25 1
279 26 1
279 27 1
279 28 1
279 29 1
279 30 1
279 31 1
279 32 1
280 33 1
280 34 1
280 35 1
280 36 1
280 37 1
280 38 1
281 39 1
281 40 1
282 41 1
282 42 1
282 43 1
283 44 1
283 45 1
284 46 1
285 47 1
286 48 1
287 49 1
288 50 1
289 51 1
290 52 1
291 53 1
292 54 1
293 55 1
293 56 1
294 57 1
295 58 1
296 59 1
296 60 1
297 61 1
298 62 1
299 63 1
300 64 1
301 65 1
302 66 1
302 67 1
303 68 1
304 69 1
.PEN_UP
.PEN_DOWN
306 71 1
307 72 1
308 73 1
309 74 1
310 75 1
311 76 1
312 77 1
313 78 1
314 79 1
315 80 1
316 81 1
317 82 1
317 83 1
318 84 1
319 85 1
320 86 1
321 87 1
321 88 1
322 89 1
323 90 1
324 91 1
324 92 1
325 93 1
326 94 1
327 95 1
327 96 1
328 97 1
329 98 1
329 99 1
330 100 1
331 101 1
331 102 1
332 103 1
332 104 1
332 105 1
332 106 1
333 107 1
333 108 1
333 109 1
333 110 1
334 111 1
334 112 1
334 113 1
334 114 1
334 115 1
335 116 1
335 117 1
335 118 1
335 119 1
335 120 1
335 121 1
335 122 1
335 123 1
335 124 1
335 125 1
335 126 1
335 127 1
335 128 1
335 129 1
335 130 1
335 131 1
335 132 1
335 133 1
335 134 1
335 135 1
335 136 1
335 137 1
335 138 1
335 139 1
334 140 1
334 141 1
334 142 1
334 143 1
334 144 1
334 145 1
333 146 1
332 147 1
331 147 1
330 148 1
329 148 1
328 149 1
327 149 1
.PEN_UP
