.PEN_DOWN
2 31 1
3 31 1
4 30 1
5 30 1
6 30 1
7 29 1
8 29 1
9 29 1
10 29 1
11 29 1
12 30 1
12 31 1
12 32 1
12 33 1
11 34 1
10 35 1
9 36 1
8 37 1
7 37 1
6 37 1
5 37 1
4 37 1
3 37 1
2 36 1
1 36 1
.PEN_UP
.PEN_DOWN
32 1 1
33 1 1
34 1 1
35 2 1
36 2 1
37 2 1
38 2 1
39 3 1
40 3 1
41 3 1
42 4 1
43 4 1
44 4 1
45 5 1
46 5 1
47 6 1
48 6 1
49 6 1
50 7 1
51 7 1
52 8 1
53 8 1
54 8 1
55 8 1
56 9 1
57 9 1
58 9 1
59 9 1
60 10 1
61 10 1
62 10 1
63 11 1
64 11 1
65 12 1
66 12 1
67 12 1
68 13 1
69 13 1
70 14 1
71 14 1
72 15 1
73 15 1
74 16 1
75 16 1
76 17 1
77 18 1
78 18 1
79 19 1
80 20 1
81 21 1
82 22 1
83 23 1
83 24 1
84 25 1
85 26 1
85 27 1
86 28 1
86 29 1
86 30 1
87 31 1
87 32 1
87 33 1
87 34 1
87 35 1
87 36 1
87 37 1
87 38 1
87 39 1
87 40 1
87 41 1
87 42 1
86 43 1
86 44 1
86 45 1
86 46 1
85 47 1
85 48 1
84 49 1
83 50 1
82 51 1
81 52 1
80 53 1
79 54 1
78 55 1
77 55 1
76 56 1
75 57 1
74 58 1
73 59 1
72 60 1
71 60 1
70 61 1
69 62 1
68 63 1
67 64 1
66 65 1
65 65 1
64 66 1
63 66 1
62 67 1
61 67 1
60 68 1
59 68 1
58 69 1
57 69 1
56 70 1
55 70 1
54 71 1
53 71 1
52 72 1
51 73 1
50 73 1
49 74 1
48 74 1
47 75 1
46 75 1
45 75 1
44 76 1
43 76 1
42 76 1
41 77 1
40 77 1
39 77 1
38 78 1
37 78 1
36 78 1
35 79 1
34 79 1
33 79 1
32 79 1
31 80 1
30 80 1
29 81 1
28 81 1
27 81 1
26 82 1
25 82 1
24 83 1
23 83 1
22 83 1
21 84 1
20 84 1
19 84 1
18 83 1
17 82 1
17 81 1
17 80 1
16 79 1
.PEN_UP
