.PEN_DOWN
88 83 1
89 84 1
89 85 1
89 86 1
89 87 1
90 88 1
90 89 1
90 90 1
91 91 1
91 92 1
91 93 1
92 94 1
92 95 1
92 96 1
92 97 1
93 98 1
93 99 1
93 100 1
94 101 1
94 102 1
94 103 1
95 104 1
95 105 1
95 106 1
95 107 1
96 108 1
96 109 1
96 110 1
97 111 1
97 112 1
97 113 1
98 114 1
98 115 1
98 116 1
98 117 1
99 118 1
99 119 1
99 120 1
99 121 1
100 122 1
100 123 1
100 124 1
100 125 1
101 126 1
101 127 1
101 128 1
101 129 1
102 130 1
102 131 1
102 132 1
102 133 1
102 134 1
103 135 1
103 136 1
103 137 1
103 138 1
103 139 1
103 140 1
103 141 1
103 142 1
104 143 1
104 144 1
104 145 1
104 146 1
104 147 1
104 148 1
104 149 1
104 150 1
105 151 1
105 152 1
105 153 1
105 154 1
105 155 1
105 156 1
105 157 1
105 158 1
106 159 1
106 160 1
106 161 1
106 162 1
106 163 1
106 164 1
106 165 1
107 166 1
107 167 1
107 168 1
107 169 1
107 170 1
107 171 1
107 172 1
107 173 1
107 174 1
108 175 1
108 176 1
108 177 1
108 178 1
108 179 1
108 180 1
108 181 1
108 182 1
109 183 1
109 184 1
109 185 1
109 186 1
109 187 1
109 188 1
109 189 1
109 190 1
109 191 1
110 192 1
110 193 1
110 194 1
110 195 1
110 196 1
110 197 1
110 198 1
110 199 1
111 200 1
111 201 1
111 202 1
111 203 1
111 204 1
111 205 1
111 206 1
111 207 1
111 208 1
112 209 1
112 210 1
112 211 1
112 212 1
112 213 1
112 214 1
112 215 1
112 216 1
112 217 1
112 218 1
112 219 1
112 220 1
112 221 1
113 222 1
113 223 1
113 224 1
113 225 1
113 226 1
113 227 1
113 228 1
113 229 1
113 230 1
113 231 1
113 232 1
113 233 1
114 234 1
114 235 1
114 236 1
114 237 1
114 238 1
114 239 1
114 240 1
114 241 1
114 242 1
114 243 1
114 244 1
114 245 1
114 246 1
115 247 1
115 248 1
115 249 1
115 250 1
115 251 1
115 252 1
115 253 1
115 254 1
115 255 1
115 256 1
115 257 1
115 258 1
116 259 1
116 260 1
116 261 1
116 262 1
116 263 1
116 264 1
116 265 1
116 266 1
116 267 1
116 268 1
116 269 1
117 270 1
117 271 1
117 272 1
117 273 1
117 274 1
117 275 1
117 276 1
117 277 1
117 278 1
117 279 1
118 280 1
118 281 1
118 282 1
118 283 1
118 284 1
118 285 1
118 286 1
118 287 1
118 288 1
118 289 1
118 290 1
119 291 1
119 292 1
119 293 1
119 294 1
119 295 1
119 296 1
119 297 1
119 298 1
119 299 1
119 300 1
120 301 1
120 302 1
120 303 1
120 304 1
120 305 1
120 306 1
120 307 1
120 308 1
120 309 1
120 310 1
120 311 1
120 312 1
121 313 1
121 314 1
121 315 1
121 316 1
122 317 1
123 317 1
124 317 1
125 317 1
126 317 1
127 317 1
128 317 1
129 317 1
130 317 1
131 317 1
132 317 1
133 317 1
134 317 1
135 317 1
136 317 1
137 317 1
138 317 1
139 317 1
140 317 1
141 317 1
142 317 1
143 317 1
144 317 1
145 317 1
146 316 1
147 316 1
148 316 1
149 316 1
150 316 1
151 315 1
152 315 1
153 315 1
154 315 1
155 315 1
156 314 1
157 314 1
158 314 1
159 314 1
160 313 1
161 313 1
162 313 1
163 312 1
164 312 1
165 312 1
166 312 1
167 311 1
168 310 1
169 309 1
170 309 1
171 309 1
172 308 1
173 308 1
174 307 1
175 307 1
176 306 1
177 306 1
178 305 1
179 305 1
180 304 1
181 304 1
182 303 1
183 303 1
184 302 1
185 301 1
186 300 1
187 300 1
188 299 1
189 298 1
190 297 1
191 296 1
192 295 1
193 294 1
194 293 1
195 292 1
196 291 1
197 290 1
197 289 1
198 288 1
199 287 1
200 286 1
200 285 1
201 284 1
201 283 1
202 282 1
202 281 1
203 280 1
203 279 1
204 278 1
204 277 1
205 276 1
205 275 1
206 274 1
206 273 1
206 272 1
207 271 1
207 270 1
207 269 1
207 268 1
208 267 1
208 266 1
208 265 1
209 264 1
209 263 1
209 262 1
209 261 1
210 260 1
210 259 1
210 258 1
210 257 1
210 256 1
211 255 1
211 254 1
211 253 1
211 252 1
211 251 1
211 250 1
211 249 1
211 248 1
212 247 1
212 246 1
212 245 1
212 244 1
212 243 1
212 242 1
212 241 1
212 240 1
212 239 1
212 238 1
213 237 1
213 236 1
213 235 1
213 234 1
213 233 1
213 232 1
213 231 1
213 230 1
213 229 1
213 228 1
213 227 1
213 226 1
213 225 1
213 224 1
213 223 1
213 222 1
213 221 1
213 220 1
213 219 1
214 218 1
214 217 1
214 216 1
214 215 1
214 214 1
214 213 1
214 212 1
214 211 1
214 210 1
214 209 1
214 208 1
214 207 1
214 206 1
214 205 1
214 204 1
214 203 1
214 202 1
214 201 1
214 200 1
214 199 1
214 198 1
215 197 1
215 196 1
215 195 1
215 194 1
215 193 1
215 192 1
215 191 1
215 190 1
215 189 1
215 188 1
215 187 1
215 186 1
215 185 1
215 184 1
215 183 1
215 182 1
215 181 1
215 180 1
215 179 1
215 178 1
215 177 1
215 176 1
215 175 1
215 174 1
215 173 1
215 172 1
215 171 1
215 170 1
215 169 1
215 168 1
215 167 1
215 166 1
215 165 1
215 164 1
215 163 1
215 162 1
215 161 1
215 160 1
214 159 1
214 158 1
214 157 1
214 156 1
214 155 1
214 154 1
214 153 1
214 152 1
214 151 1
214 150 1
213 149 1
213 148 1
213 147 1
213 146 1
213 145 1
213 144 1
213 143 1
213 142 1
213 141 1
213 140 1
213 139 1
213 138 1
213 137 1
213 136 1
213 135 1
213 134 1
213 133 1
214 132 1
214 131 1
214 130 1
214 129 1
214 128 1
214 127 1
214 126 1
.PEN_UP
.PEN_DOWN
168 312 1
169 312 1
170 312 1
171 312 1
172 312 1
173 312 1
174 312 1
175 311 1
176 311 1
177 311 1
178 310 1
179 310 1
180 310 1
181 310 1
182 309 1
183 309 1
184 309 1
185 308 1
186 308 1
187 308 1
188 307 1
189 307 1
190 307 1
191 306 1
192 306 1
193 306 1
194 305 1
195 305 1
196 305 1
197 304 1
198 304 1
199 303 1
200 303 1
201 303 1
202 302 1
203 302 1
204 301 1
205 301 1
206 301 1
207 300 1
208 300 1
209 299 1
210 299 1
211 298 1
212 298 1
213 298 1
214 297 1
215 297 1
216 297 1
217 296 1
218 296 1
219 295 1
220 295 1
221 295 1
222 294 1
223 294 1
224 294 1
225 293 1
226 293 1
227 292 1
228 292 1
229 292 1
230 291 1
231 291 1
232 291 1
233 290 1
234 290 1
235 289 1
236 289 1
237 289 1
238 288 1
239 288 1
240 287 1
241 287 1
242 287 1
243 286 1
244 286 1
245 286 1
246 285 1
247 285 1
248 285 1
249 284 1
250 284 1
251 283 1
252 283 1
253 283 1
254 283 1
255 282 1
256 282 1
257 282 1
258 282 1
259 281 1
260 281 1
261 281 1
262 281 1
263 281 1
264 281 1
265 282 1
266 282 1
267 282 1
268 283 1
269 283 1
270 284 1
271 285 1
272 285 1
273 286 1
.PEN_UP
.PEN_DOWN
121 318 1
121 319 1
121 320 1
121 321 1
121 322 1
121 323 1
121 324 1
121 325 1
121 326 1
121 327 1
121 328 1
121 329 1
122 330 1
122 331 1
122 332 1
122 333 1
122 334 1
122 335 1
122 336 1
122 337 1
122 338 1
122 339 1
122 340 1
122 341 1
122 342 1
122 343 1
122 344 1
122 345 1
122 346 1
123 347 1
123 348 1
123 349 1
123 350 1
123 351 1
123 352 1
123 353 1
123 354 1
123 355 1
123 356 1
123 357 1
123 358 1
123 359 1
123 360 1
123 361 1
123 362 1
123 363 1
124 364 1
124 365 1
124 366 1
124 367 1
124 368 1
124 369 1
124 370 1
124 371 1
124 372 1
124 373 1
124 374 1
124 375 1
124 376 1
124 377 1
124 378 1
124 379 1
124 380 1
125 381 1
125 382 1
127 383 1
128 383 1
129 383 1
130 383 1
131 383 1
132 383 1
133 383 1
134 383 1
135 383 1
136 383 1
137 383 1
138 383 1
139 383 1
140 383 1
141 383 1
142 383 1
143 383 1
144 383 1
145 383 1
146 383 1
147 382 1
148 382 1
149 382 1
150 382 1
151 382 1
152 382 1
153 382 1
154 382 1
155 381 1
156 381 1
157 381 1
158 381 1
159 381 1
160 381 1
161 381 1
162 380 1
163 380 1
164 380 1
165 380 1
166 380 1
167 380 1
168 380 1
169 380 1
170 380 1
171 380 1
172 380 1
173 380 1
174 380 1
175 379 1
176 379 1
177 379 1
178 379 1
179 379 1
180 379 1
181 379 1
182 379 1
183 379 1
184 379 1
185 379 1
186 379 1
187 379 1
188 379 1
189 379 1
190 379 1
191 378 1
192 378 1
193 378 1
194 378 1
195 378 1
196 378 1
197 378 1
198 378 1
199 378 1
200 378 1
201 378 1
202 377 1
203 377 1
204 377 1
205 377 1
206 377 1
207 377 1
208 377 1
209 377 1
210 377 1
211 376 1
212 376 1
213 376 1
214 376 1
215 376 1
216 376 1
217 376 1
218 376 1
219 375 1
220 375 1
221 375 1
222 375 1
223 375 1
224 375 1
225 375 1
226 375 1
227 374 1
228 374 1
229 374 1
230 374 1
231 374 1
232 374 1
233 374 1
234 374 1
235 374 1
236 374 1
237 374 1
238 374 1
239 374 1
240 373 1
241 373 1
242 373 1
243 373 1
244 373 1
245 373 1
246 373 1
247 373 1
248 373 1
249 373 1
250 373 1
251 373 1
252 372 1
253 372 1
254 372 1
255 372 1
256 372 1
257 372 1
258 372 1
259 372 1
260 372 1
261 372 1
262 372 1
263 372 1
264 372 1
265 372 1
266 372 1
267 372 1
268 372 1
269 372 1
270 372 1
271 373 1
272 373 1
273 373 1
.PEN_UP
.PEN_DOWN
124 383 1
123 383 1
122 383 1
121 383 1
120 384 1
119 384 1
118 384 1
117 384 1
116 385 1
115 386 1
113 385 1
112 385 1
111 384 1
110 384 1
109 383 1
108 382 1
107 381 1
106 380 1
105 379 1
104 378 1
103 377 1
102 376 1
101 375 1
100 375 1
99 374 1
98 373 1
97 372 1
96 371 1
95 370 1
94 369 1
93 368 1
92 368 1
91 367 1
90 366 1
89 365 1
88 365 1
87 364 1
86 363 1
85 362 1
84 362 1
83 361 1
82 360 1
81 359 1
80 359 1
79 358 1
78 357 1
77 356 1
76 355 1
75 354 1
74 353 1
73 352 1
72 351 1
71 350 1
70 350 1
69 349 1
68 348 1
67 347 1
66 346 1
65 345 1
64 344 1
63 343 1
62 342 1
61 341 1
60 340 1
59 339 1
58 338 1
57 337 1
56 336 1
55 335 1
54 334 1
53 333 1
52 332 1
51 331 1
50 330 1
49 329 1
49 328 1
48 327 1
47 326 1
46 325 1
45 324 1
44 323 1
44 322 1
43 321 1
42 320 1
41 319 1
40 318 1
40 317 1
39 316 1
38 315 1
37 314 1
37 313 1
36 312 1
35 311 1
35 310 1
34 309 1
33 308 1
33 307 1
32 306 1
32 305 1
31 304 1
30 303 1
30 302 1
29 301 1
28 300 1
28 299 1
27 298 1
27 297 1
26 296 1
25 295 1
25 294 1
24 293 1
23 292 1
23 291 1
22 290 1
21 289 1
21 288 1
20 287 1
20 286 1
19 285 1
18 284 1
18 283 1
17 282 1
16 281 1
16 280 1
15 279 1
15 278 1
14 277 1
14 276 1
13 275 1
12 274 1
12 273 1
11 272 1
11 271 1
10 270 1
10 269 1
9 268 1
8 267 1
8 266 1
7 265 1
7 264 1
6 263 1
6 262 1
6 261 1
5 260 1
5 259 1
4 258 1
4 257 1
4 256 1
3 255 1
3 254 1
2 253 1
1 252 1
1 251 1
1 250 1
.PEN_UP
.PEN_DOWN
114 386 1
115 388 1
116 389 1
117 389 1
118 390 1
119 391 1
120 392 1
121 393 1
122 393 1
123 394 1
124 395 1
124 396 1
125 397 1
126 398 1
126 399 1
127 400 1
128 400 1
129 401 1
130 402 1
131 403 1
131 404 1
132 405 1
.PEN_UP
.PEN_DOWN
126 401 1
126 402 1
126 403 1
126 404 1
126 405 1
126 406 1
126 407 1
126 408 1
126 409 1
126 410 1
126 411 1
126 412 1
126 413 1
126 414 1
126 415 1
126 416 1
126 417 1
127 418 1
127 419 1
127 420 1
127 421 1
127 422 1
127 423 1
127 424 1
127 425 1
127 426 1
127 427 1
127 428 1
127 429 1
127 430 1
127 431 1
127 432 1
127 433 1
127 434 1
127 435 1
127 436 1
127 437 1
127 438 1
127 439 1
127 440 1
127 441 1
127 442 1
127 443 1
127 444 1
128 445 1
128 446 1
128 447 1
128 448 1
128 449 1
128 450 1
128 451 1
128 452 1
128 453 1
128 454 1
128 455 1
128 456 1
128 457 1
128 458 1
128 459 1
128 460 1
128 461 1
128 462 1
128 463 1
128 464 1
128 465 1
128 466 1
128 467 1
128 468 1
128 469 1
128 470 1
128 471 1
128 472 1
128 473 1
128 474 1
128 475 1
128 476 1
128 477 1
128 478 1
128 479 1
128 480 1
128 481 1
127 482 1
127 483 1
127 484 1
127 485 1
127 486 1
127 487 1
127 488 1
127 489 1
127 490 1
127 491 1
127 492 1
127 493 1
127 494 1
127 495 1
127 496 1
127 497 1
127 498 1
127 499 1
127 500 1
127 501 1
127 502 1
127 503 1
126 504 1
126 505 1
126 506 1
126 507 1
126 508 1
.PEN_UP
.PEN_DOWN
124 393 1
125 392 1
125 391 1
125 390 1
125 389 1
125 388 1
125 387 1
125 386 1
125 385 1
125 384 1
.PEN_UP
.PEN_DOWN
120 57 1
119 56 1
118 56 1
117 57 1
116 58 1
115 59 1
115 60 1
114 61 1
113 62 1
113 63 1
113 64 1
112 65 1
112 66 1
111 67 1
111 68 1
111 69 1
111 70 1
111 71 1
110 72 1
110 73 1
110 74 1
110 75 1
109 76 1
109 77 1
109 78 1
109 79 1
109 80 1
108 81 1
108 82 1
108 83 1
108 84 1
108 85 1
108 86 1
107 87 1
107 88 1
107 89 1
107 90 1
108 91 1
108 92 1
108 93 1
108 94 1
108 95 1
108 96 1
108 97 1
108 98 1
108 99 1
109 100 1
109 101 1
109 102 1
109 103 1
110 104 1
110 105 1
110 106 1
111 107 1
111 108 1
111 109 1
112 110 1
112 111 1
112 112 1
113 113 1
113 114 1
114 115 1
114 116 1
114 117 1
115 118 1
115 119 1
116 120 1
116 121 1
117 122 1
118 123 1
118 124 1
119 125 1
120 126 1
120 127 1
121 128 1
122 128 1
123 129 1
124 130 1
125 130 1
126 131 1
127 132 1
128 132 1
129 133 1
130 133 1
131 133 1
132 134 1
133 134 1
134 134 1
135 135 1
136 135 1
137 136 1
138 136 1
139 136 1
140 136 1
141 137 1
142 137 1
143 137 1
144 137 1
145 137 1
146 137 1
147 138 1
148 138 1
149 138 1
150 138 1
151 138 1
152 138 1
153 138 1
154 138 1
155 138 1
156 138 1
157 138 1
158 138 1
159 137 1
160 137 1
161 137 1
162 137 1
163 137 1
164 137 1
165 137 1
166 136 1
167 136 1
168 136 1
169 135 1
170 135 1
171 134 1
172 134 1
173 133 1
174 133 1
175 132 1
176 132 1
177 131 1
178 131 1
179 130 1
180 129 1
181 128 1
182 128 1
183 127 1
184 126 1
185 125 1
186 125 1
187 124 1
188 123 1
189 122 1
190 121 1
191 120 1
192 119 1
193 118 1
193 117 1
194 116 1
195 115 1
196 114 1
196 113 1
197 112 1
198 111 1
199 110 1
199 109 1
200 108 1
200 107 1
201 106 1
201 105 1
202 104 1
202 103 1
203 102 1
203 101 1
204 100 1
204 99 1
205 98 1
205 97 1
206 96 1
206 95 1
207 94 1
207 93 1
207 92 1
208 91 1
210 92 1
211 93 1
211 94 1
211 95 1
212 96 1
212 97 1
213 98 1
213 99 1
214 100 1
214 101 1
215 102 1
215 103 1
216 104 1
217 105 1
217 106 1
218 107 1
219 108 1
219 109 1
220 110 1
221 111 1
222 112 1
223 112 1
224 113 1
225 114 1
226 115 1
227 116 1
228 117 1
229 118 1
230 118 1
231 119 1
232 120 1
233 121 1
234 122 1
235 122 1
236 123 1
237 124 1
238 124 1
239 125 1
240 125 1
241 126 1
242 126 1
243 126 1
244 126 1
245 127 1
246 127 1
247 127 1
248 127 1
249 127 1
250 127 1
251 127 1
252 127 1
253 127 1
254 127 1
255 127 1
256 127 1
257 126 1
258 126 1
259 125 1
260 125 1
261 124 1
262 124 1
263 123 1
264 122 1
265 121 1
266 120 1
267 119 1
268 118 1
269 117 1
270 116 1
270 115 1
271 114 1
271 113 1
272 112 1
272 111 1
272 110 1
273 109 1
273 108 1
273 107 1
274 106 1
274 105 1
274 104 1
275 103 1
275 102 1
275 101 1
275 100 1
275 99 1
275 98 1
275 97 1
276 96 1
276 95 1
276 94 1
276 93 1
276 92 1
276 91 1
276 90 1
276 89 1
276 88 1
277 87 1
277 86 1
277 85 1
277 84 1
277 83 1
277 82 1
277 81 1
277 80 1
277 79 1
277 78 1
277 77 1
277 76 1
277 75 1
277 74 1
277 73 1
277 72 1
277 71 1
277 70 1
277 69 1
277 68 1
277 67 1
277 66 1
277 65 1
277 64 1
276 63 1
276 62 1
276 61 1
276 60 1
276 59 1
276 58 1
276 57 1
276 56 1
276 55 1
276 54 1
276 53 1
275 52 1
275 51 1
275 50 1
275 49 1
275 48 1
275 47 1
275 46 1
275 45 1
275 44 1
274 43 1
274 42 1
274 41 1
274 40 1
274 39 1
274 38 1
273 37 1
273 36 1
273 35 1
273 34 1
273 33 1
272 32 1
272 31 1
272 30 1
272 29 1
272 28 1
271 27 1
271 26 1
271 25 1
271 24 1
271 23 1
270 22 1
270 21 1
270 20 1
270 19 1
269 18 1
269 17 1
269 16 1
269 15 1
269 14 1
268 13 1
268 12 1
268 11 1
268 10 1
267 9 1
267 8 1
267 7 1
267 6 1
267 5 1
266 4 1
266 3 1
265 2 1
264 1 1
263 1 1
262 1 1
261 1 1
260 1 1
.PEN_UP
.PEN_DOWN
209 90 1
209 89 1
209 88 1
209 87 1
209 86 1
209 85 1
209 84 1
209 83 1
209 82 1
209 81 1
210 80 1
210 79 1
210 78 1
210 77 1
210 76 1
210 75 1
210 74 1
210 73 1
210 72 1
210 71 1
211 70 1
211 69 1
211 68 1
211 67 1
211 66 1
.PEN_UP
