.PEN_DOWN
138 44 1
138 45 1
138 46 1
137 47 1
137 48 1
137 49 1
137 50 1
136 51 1
136 52 1
136 53 1
136 54 1
135 55 1
135 56 1
135 57 1
135 58 1
135 59 1
134 60 1
134 61 1
134 62 1
134 63 1
134 64 1
133 65 1
133 66 1
133 67 1
133 68 1
133 69 1
133 70 1
132 71 1
132 72 1
132 73 1
132 74 1
132 75 1
132 76 1
132 77 1
132 78 1
132 79 1
132 80 1
131 81 1
131 82 1
131 83 1
131 84 1
131 85 1
131 86 1
131 87 1
131 88 1
131 89 1
131 90 1
131 91 1
130 92 1
130 93 1
130 94 1
130 95 1
130 96 1
130 97 1
130 98 1
130 99 1
130 100 1
130 101 1
129 102 1
129 103 1
129 104 1
129 105 1
129 106 1
129 107 1
129 108 1
129 109 1
129 110 1
129 111 1
128 112 1
128 113 1
128 114 1
128 115 1
128 116 1
128 117 1
128 118 1
128 119 1
128 120 1
127 121 1
127 122 1
127 123 1
127 124 1
127 125 1
127 126 1
127 127 1
127 128 1
127 129 1
127 130 1
127 131 1
127 132 1
127 133 1
126 134 1
126 135 1
126 136 1
126 137 1
126 138 1
126 141 1
126 142 1
126 143 1
126 144 1
126 145 1
126 146 1
126 147 1
126 148 1
125 149 1
125 150 1
125 151 1
125 152 1
125 153 1
125 154 1
125 155 1
125 156 1
125 157 1
125 158 1
124 159 1
124 160 1
125 161 1
125 162 1
125 163 1
125 164 1
125 165 1
125 166 1
125 167 1
125 168 1
125 169 1
125 170 1
125 171 1
125 172 1
125 173 1
125 174 1
125 175 1
125 176 1
125 177 1
124 178 1
124 179 1
124 180 1
124 181 1
124 182 1
124 183 1
124 184 1
124 185 1
124 186 1
124 187 1
124 188 1
123 189 1
123 190 1
123 191 1
123 192 1
123 193 1
122 194 1
122 195 1
122 196 1
122 197 1
121 198 1
121 199 1
121 200 1
121 201 1
121 202 1
120 203 1
120 204 1
120 205 1
120 206 1
119 207 1
119 208 1
119 209 1
119 210 1
118 211 1
118 212 1
118 213 1
118 214 1
118 215 1
117 216 1
117 217 1
117 218 1
117 219 1
116 220 1
.PEN_UP
.PEN_DOWN
125 139 1
128 139 1
129 140 1
130 140 1
131 140 1
132 140 1
133 140 1
134 140 1
135 140 1
136 140 1
137 140 1
138 140 1
139 141 1
140 141 1
141 141 1
142 141 1
143 141 1
144 141 1
145 141 1
146 141 1
147 141 1
148 141 1
149 142 1
150 142 1
151 142 1
152 142 1
153 142 1
154 142 1
155 142 1
156 142 1
157 142 1
158 142 1
159 142 1
160 142 1
161 142 1
162 142 1
163 142 1
164 142 1
165 142 1
166 142 1
167 142 1
168 142 1
169 142 1
170 142 1
171 142 1
172 142 1
173 142 1
174 142 1
175 142 1
176 142 1
177 142 1
178 142 1
179 142 1
180 142 1
181 142 1
182 142 1
183 142 1
184 142 1
185 141 1
186 141 1
187 140 1
187 139 1
187 138 1
186 137 1
185 136 1
185 135 1
184 134 1
183 133 1
182 132 1
182 131 1
182 130 1
182 129 1
181 128 1
181 127 1
181 126 1
181 125 1
180 124 1
180 123 1
180 122 1
180 121 1
180 120 1
180 119 1
180 118 1
180 117 1
180 116 1
180 115 1
180 114 1
180 113 1
181 112 1
181 111 1
181 110 1
181 109 1
181 108 1
181 107 1
182 106 1
182 105 1
182 104 1
182 103 1
182 102 1
182 101 1
183 100 1
183 99 1
183 98 1
183 97 1
184 96 1
184 95 1
184 94 1
184 93 1
185 92 1
185 91 1
185 90 1
185 89 1
186 88 1
186 87 1
186 86 1
187 85 1
187 84 1
187 83 1
187 82 1
188 81 1
188 80 1
188 79 1
188 78 1
189 77 1
189 76 1
190 75 1
190 74 1
191 73 1
191 72 1
192 71 1
192 70 1
192 69 1
193 68 1
194 67 1
195 66 1
196 65 1
197 64 1
198 63 1
199 62 1
200 62 1
201 61 1
202 60 1
203 60 1
204 60 1
205 60 1
206 60 1
207 60 1
208 59 1
209 59 1
210 59 1
211 59 1
212 59 1
213 59 1
214 60 1
215 61 1
216 61 1
217 62 1
218 63 1
219 64 1
220 65 1
221 66 1
221 67 1
222 68 1
223 69 1
223 70 1
223 71 1
224 72 1
224 73 1
225 74 1
225 75 1
225 76 1
225 77 1
225 78 1
226 79 1
226 80 1
226 81 1
226 82 1
226 83 1
226 84 1
226 85 1
226 86 1
226 87 1
226 88 1
226 89 1
226 90 1
226 91 1
226 92 1
226 93 1
226 94 1
226 95 1
226 96 1
226 97 1
226 98 1
226 99 1
226 100 1
226 101 1
226 102 1
226 103 1
226 104 1
226 105 1
226 106 1
226 107 1
226 108 1
226 109 1
226 110 1
226 111 1
226 112 1
226 113 1
226 114 1
226 115 1
227 116 1
227 117 1
227 118 1
227 119 1
227 120 1
227 121 1
227 122 1
227 123 1
227 124 1
227 125 1
227 126 1
227 127 1
228 128 1
228 129 1
228 130 1
228 131 1
228 132 1
228 133 1
229 134 1
229 135 1
229 136 1
229 137 1
229 138 1
230 139 1
230 140 1
230 141 1
231 142 1
231 143 1
231 144 1
232 145 1
232 146 1
232 147 1
233 148 1
234 149 1
235 150 1
236 151 1
236 152 1
237 153 1
238 154 1
239 154 1
240 155 1
241 155 1
242 156 1
243 156 1
244 157 1
245 157 1
246 157 1
247 158 1
248 158 1
249 158 1
250 158 1
251 158 1
252 159 1
253 159 1
254 159 1
255 159 1
256 159 1
257 159 1
258 159 1
259 159 1
260 159 1
261 159 1
262 159 1
263 159 1
264 159 1
265 159 1
266 159 1
267 159 1
268 159 1
269 159 1
270 159 1
271 159 1
272 158 1
273 158 1
274 158 1
275 158 1
276 158 1
277 158 1
278 157 1
279 157 1
280 156 1
281 156 1
282 155 1
283 155 1
284 154 1
285 154 1
286 153 1
287 152 1
288 152 1
289 151 1
290 151 1
291 150 1
292 149 1
293 148 1
294 147 1
295 146 1
296 145 1
297 144 1
298 143 1
299 142 1
300 141 1
301 140 1
302 139 1
303 138 1
304 137 1
304 136 1
305 135 1
305 134 1
306 133 1
306 132 1
307 131 1
307 130 1
308 129 1
309 128 1
309 127 1
310 126 1
310 125 1
311 124 1
313 125 1
314 126 1
315 127 1
316 128 1
317 129 1
317 130 1
318 131 1
319 132 1
320 133 1
321 134 1
322 135 1
323 136 1
324 137 1
325 137 1
326 138 1
327 139 1
328 140 1
329 141 1
330 142 1
331 143 1
332 144 1
333 145 1
334 146 1
335 147 1
336 148 1
337 149 1
338 149 1
339 150 1
340 151 1
341 152 1
342 153 1
343 154 1
344 155 1
345 156 1
346 157 1
347 158 1
348 159 1
349 160 1
349 161 1
350 162 1
351 163 1
352 164 1
353 165 1
354 166 1
354 167 1
355 168 1
356 169 1
357 170 1
357 171 1
357 172 1
358 173 1
358 174 1
358 175 1
357 176 1
357 177 1
357 178 1
356 179 1
356 180 1
356 181 1
355 182 1
355 183 1
354 184 1
353 185 1
352 186 1
351 186 1
350 187 1
349 187 1
348 188 1
347 188 1
346 189 1
345 189 1
344 190 1
343 190 1
.PEN_UP
.PEN_DOWN
312 122 1
311 121 1
310 120 1
309 119 1
308 118 1
308 117 1
307 116 1
306 115 1
306 114 1
305 113 1
304 112 1
304 111 1
303 110 1
303 109 1
302 108 1
301 107 1
301 106 1
300 105 1
300 104 1
299 103 1
298 102 1
298 101 1
297 100 1
296 99 1
296 98 1
295 97 1
295 96 1
294 95 1
294 94 1
293 93 1
293 92 1
293 91 1
292 90 1
292 89 1
291 88 1
291 87 1
290 86 1
290 85 1
289 84 1
289 83 1
289 82 1
288 81 1
288 80 1
287 79 1
287 78 1
286 77 1
286 76 1
286 75 1
286 74 1
286 73 1
285 72 1
285 71 1
285 70 1
285 69 1
285 68 1
284 67 1
284 66 1
284 65 1
284 64 1
284 63 1
283 62 1
283 61 1
283 60 1
283 59 1
283 58 1
282 57 1
282 56 1
282 55 1
282 54 1
282 53 1
282 52 1
282 51 1
282 50 1
282 49 1
282 48 1
282 47 1
282 46 1
282 45 1
282 44 1
282 43 1
282 42 1
282 41 1
282 40 1
282 39 1
282 38 1
282 37 1
282 36 1
282 35 1
283 34 1
283 33 1
283 32 1
283 31 1
283 30 1
284 29 1
284 28 1
284 27 1
284 26 1
284 25 1
285 24 1
285 23 1
285 22 1
285 21 1
285 20 1
286 19 1
287 18 1
287 17 1
288 16 1
288 15 1
289 14 1
289 13 1
290 12 1
290 11 1
291 10 1
291 9 1
292 8 1
293 7 1
294 6 1
295 6 1
296 5 1
297 4 1
298 3 1
299 2 1
300 2 1
301 2 1
302 2 1
303 2 1
304 2 1
305 2 1
306 2 1
307 1 1
308 2 1
309 2 1
310 2 1
311 3 1
312 3 1
313 4 1
314 4 1
315 4 1
316 5 1
317 6 1
318 7 1
319 8 1
320 9 1
321 10 1
322 11 1
323 12 1
324 13 1
324 14 1
324 15 1
325 16 1
325 17 1
325 18 1
326 19 1
326 20 1
326 21 1
327 22 1
327 23 1
327 24 1
327 25 1
328 26 1
328 27 1
328 28 1
328 29 1
328 30 1
328 31 1
328 32 1
328 33 1
329 34 1
329 35 1
329 36 1
329 37 1
329 38 1
329 39 1
329 40 1
329 41 1
329 42 1
329 43 1
329 44 1
329 45 1
329 46 1
329 47 1
329 48 1
329 49 1
329 50 1
329 51 1
329 52 1
329 53 1
329 54 1
329 55 1
329 56 1
329 57 1
329 58 1
329 59 1
329 60 1
329 61 1
329 62 1
329 63 1
329 64 1
328 65 1
328 66 1
328 67 1
328 68 1
328 69 1
328 70 1
328 71 1
327 72 1
327 73 1
327 74 1
327 75 1
327 76 1
327 77 1
327 78 1
326 79 1
326 80 1
326 81 1
326 82 1
326 83 1
325 84 1
325 85 1
325 86 1
325 87 1
324 88 1
324 89 1
324 90 1
323 91 1
323 92 1
323 93 1
323 94 1
322 95 1
322 96 1
322 97 1
322 98 1
321 99 1
321 100 1
321 101 1
320 102 1
320 103 1
320 104 1
319 105 1
319 106 1
318 107 1
318 108 1
318 109 1
317 110 1
317 111 1
316 112 1
316 113 1
315 114 1
315 115 1
315 116 1
314 117 1
314 118 1
313 119 1
312 120 1
.PEN_UP
.PEN_DOWN
124 139 1
123 139 1
122 139 1
121 139 1
120 139 1
119 139 1
.PEN_UP
.PEN_DOWN
120 159 1
119 159 1
118 159 1
117 159 1
116 159 1
115 159 1
114 159 1
113 159 1
112 159 1
111 159 1
110 159 1
109 159 1
108 159 1
107 158 1
106 158 1
105 158 1
104 158 1
103 157 1
102 157 1
101 157 1
100 157 1
99 157 1
98 156 1
97 156 1
96 156 1
95 156 1
94 156 1
93 156 1
92 156 1
91 156 1
90 155 1
89 155 1
88 155 1
87 155 1
86 155 1
85 155 1
84 155 1
83 155 1
82 154 1
81 154 1
80 154 1
79 154 1
78 154 1
77 154 1
76 154 1
75 154 1
74 154 1
73 154 1
72 154 1
71 154 1
70 154 1
69 154 1
68 154 1
67 154 1
66 154 1
65 154 1
64 154 1
63 154 1
62 154 1
61 154 1
60 154 1
59 155 1
58 155 1
57 155 1
56 155 1
55 155 1
54 156 1
53 156 1
52 156 1
51 156 1
50 156 1
49 157 1
48 157 1
47 157 1
46 157 1
45 157 1
44 158 1
43 158 1
42 159 1
41 159 1
40 159 1
39 160 1
38 160 1
37 161 1
36 161 1
35 161 1
34 162 1
33 162 1
32 162 1
31 163 1
30 164 1
29 164 1
28 165 1
27 165 1
26 166 1
25 166 1
24 167 1
23 167 1
22 168 1
21 169 1
20 169 1
19 170 1
18 171 1
17 172 1
16 173 1
15 174 1
14 175 1
13 176 1
12 177 1
11 178 1
10 179 1
10 180 1
9 181 1
9 182 1
8 183 1
8 184 1
7 185 1
7 186 1
6 187 1
6 188 1
5 189 1
4 190 1
4 191 1
4 192 1
4 193 1
4 194 1
4 195 1
3 196 1
3 197 1
3 198 1
3 199 1
3 200 1
3 201 1
2 202 1
2 203 1
2 204 1
2 205 1
2 206 1
2 207 1
2 208 1
1 209 1
1 210 1
1 211 1
1 212 1
1 213 1
1 214 1
1 215 1
1 216 1
1 217 1
1 218 1
1 219 1
1 220 1
1 221 1
1 222 1
1 223 1
1 224 1
1 225 1
1 226 1
1 227 1
1 228 1
1 229 1
1 230 1
1 231 1
1 232 1
1 233 1
1 234 1
1 235 1
1 236 1
1 237 1
2 238 1
2 239 1
2 240 1
2 241 1
2 242 1
2 243 1
2 244 1
2 245 1
2 246 1
2 247 1
2 248 1
2 249 1
2 250 1
2 251 1
3 252 1
3 253 1
3 254 1
3 255 1
3 256 1
3 257 1
3 258 1
3 259 1
3 260 1
3 261 1
3 262 1
.PEN_UP
