.PEN_DOWN
108 1 1
109 2 1
110 3 1
111 4 1
111 5 1
112 6 1
112 7 1
113 8 1
113 9 1
113 10 1
113 11 1
113 12 1
113 13 1
113 14 1
113 15 1
113 16 1
114 17 1
114 18 1
114 19 1
114 20 1
114 21 1
114 22 1
114 23 1
114 24 1
114 25 1
115 26 1
115 27 1
115 28 1
115 29 1
115 30 1
115 31 1
115 32 1
115 33 1
115 34 1
116 35 1
116 36 1
116 37 1
116 38 1
116 39 1
117 40 1
117 41 1
117 42 1
117 43 1
117 44 1
118 45 1
118 46 1
118 47 1
118 48 1
118 49 1
119 50 1
119 51 1
119 52 1
119 53 1
119 54 1
119 55 1
120 56 1
120 57 1
120 58 1
120 59 1
120 60 1
120 61 1
120 62 1
121 63 1
121 64 1
121 65 1
121 66 1
121 67 1
121 68 1
121 69 1
121 70 1
122 71 1
122 72 1
122 73 1
122 74 1
122 75 1
122 76 1
122 77 1
122 78 1
122 79 1
123 80 1
123 81 1
123 82 1
123 83 1
123 86 1
123 87 1
123 88 1
124 89 1
124 90 1
124 91 1
124 92 1
124 93 1
124 94 1
124 95 1
124 96 1
124 97 1
124 98 1
124 99 1
125 100 1
125 101 1
125 102 1
125 103 1
125 104 1
125 105 1
125 106 1
125 107 1
125 108 1
125 109 1
125 110 1
125 111 1
125 112 1
125 113 1
125 114 1
125 115 1
126 116 1
126 117 1
126 118 1
126 119 1
126 120 1
126 121 1
126 122 1
126 123 1
126 124 1
126 125 1
126 126 1
126 127 1
126 128 1
126 129 1
126 130 1
126 131 1
126 132 1
126 133 1
126 134 1
126 135 1
126 136 1
126 137 1
126 138 1
126 139 1
126 140 1
126 141 1
126 142 1
126 143 1
126 144 1
126 145 1
126 146 1
126 147 1
126 148 1
126 149 1
126 150 1
126 151 1
126 152 1
126 153 1
126 154 1
126 155 1
126 156 1
126 157 1
126 158 1
126 159 1
126 160 1
126 161 1
126 162 1
126 163 1
126 164 1
126 165 1
126 166 1
126 167 1
126 168 1
126 169 1
126 170 1
126 171 1
126 172 1
126 173 1
126 174 1
126 175 1
126 176 1
126 177 1
126 178 1
126 179 1
126 180 1
126 181 1
126 182 1
126 183 1
126 184 1
126 185 1
126 186 1
126 187 1
126 188 1
126 189 1
126 190 1
126 191 1
126 192 1
126 193 1
126 194 1
126 195 1
126 196 1
126 197 1
126 198 1
126 199 1
126 200 1
126 201 1
126 202 1
126 203 1
126 204 1
126 205 1
126 206 1
126 207 1
126 208 1
126 209 1
126 210 1
126 211 1
126 212 1
126 213 1
126 214 1
126 215 1
126 216 1
126 217 1
126 218 1
126 219 1
126 220 1
126 221 1
126 222 1
126 223 1
126 224 1
126 225 1
126 226 1
126 227 1
126 228 1
126 229 1
126 230 1
126 231 1
126 232 1
126 233 1
126 234 1
126 235 1
126 236 1
126 237 1
126 238 1
126 239 1
126 240 1
126 241 1
126 242 1
126 243 1
126 244 1
126 245 1
126 246 1
126 247 1
126 248 1
125 249 1
125 250 1
125 251 1
125 252 1
125 253 1
125 254 1
125 255 1
125 256 1
125 257 1
125 258 1
125 259 1
125 260 1
125 261 1
125 262 1
125 263 1
125 264 1
125 265 1
125 266 1
125 267 1
124 268 1
124 269 1
124 270 1
124 271 1
124 272 1
124 273 1
124 274 1
124 275 1
124 276 1
124 277 1
124 278 1
123 279 1
123 280 1
123 281 1
123 282 1
124 283 1
125 283 1
126 283 1
.PEN_UP
.PEN_DOWN
122 84 1
125 84 1
126 84 1
127 84 1
128 84 1
129 84 1
130 84 1
131 84 1
132 84 1
133 83 1
134 83 1
135 83 1
136 83 1
137 83 1
138 83 1
139 83 1
140 83 1
141 83 1
142 83 1
143 83 1
144 82 1
145 82 1
146 82 1
147 82 1
148 82 1
149 82 1
150 83 1
151 83 1
152 83 1
153 83 1
154 83 1
155 83 1
156 83 1
157 83 1
158 82 1
159 82 1
160 82 1
161 82 1
162 82 1
163 82 1
164 82 1
165 82 1
166 82 1
167 82 1
168 82 1
169 81 1
170 81 1
171 81 1
172 81 1
173 81 1
174 82 1
175 82 1
176 82 1
177 82 1
178 82 1
179 82 1
180 82 1
181 83 1
182 83 1
183 83 1
184 83 1
185 83 1
186 83 1
187 84 1
188 84 1
189 84 1
190 84 1
191 84 1
192 84 1
193 84 1
194 84 1
195 85 1
196 84 1
197 85 1
198 86 1
199 87 1
200 88 1
201 88 1
202 89 1
.PEN_UP
.PEN_DOWN
196 83 1
196 82 1
195 81 1
195 80 1
195 79 1
194 78 1
194 77 1
194 76 1
194 75 1
194 74 1
194 73 1
194 72 1
193 71 1
193 70 1
193 69 1
193 68 1
193 67 1
193 66 1
193 65 1
193 64 1
193 63 1
193 62 1
193 61 1
193 60 1
193 59 1
193 58 1
193 57 1
194 56 1
194 55 1
194 54 1
194 53 1
194 52 1
194 51 1
194 50 1
194 49 1
194 48 1
195 47 1
195 46 1
195 45 1
195 44 1
196 43 1
196 42 1
196 41 1
196 40 1
197 39 1
197 38 1
197 37 1
198 36 1
198 35 1
198 34 1
198 33 1
199 32 1
200 31 1
201 30 1
202 29 1
203 28 1
204 27 1
205 26 1
206 25 1
207 24 1
208 23 1
209 22 1
210 21 1
211 20 1
212 19 1
213 19 1
214 19 1
215 18 1
216 18 1
217 17 1
218 17 1
219 17 1
220 17 1
221 17 1
222 17 1
223 16 1
224 16 1
225 16 1
226 16 1
227 16 1
228 16 1
229 16 1
230 16 1
231 16 1
232 17 1
233 17 1
234 17 1
235 17 1
236 17 1
237 18 1
238 18 1
239 19 1
240 19 1
241 19 1
242 20 1
243 20 1
244 21 1
245 22 1
246 22 1
247 23 1
248 24 1
249 24 1
250 25 1
251 26 1
252 27 1
253 28 1
254 29 1
255 30 1
256 31 1
257 32 1
258 33 1
258 34 1
259 35 1
260 36 1
260 37 1
261 38 1
262 39 1
262 40 1
263 41 1
264 42 1
264 43 1
265 44 1
265 45 1
266 46 1
266 47 1
266 48 1
267 49 1
267 50 1
268 51 1
268 52 1
268 53 1
269 54 1
269 55 1
270 56 1
270 57 1
270 58 1
270 59 1
271 60 1
271 61 1
271 62 1
271 63 1
272 64 1
272 65 1
272 66 1
273 67 1
273 68 1
273 69 1
273 70 1
273 71 1
274 72 1
274 73 1
274 74 1
274 75 1
275 76 1
275 77 1
275 78 1
275 79 1
276 80 1
276 81 1
276 82 1
277 83 1
277 84 1
277 85 1
278 86 1
278 87 1
278 88 1
279 89 1
279 90 1
279 91 1
280 92 1
280 93 1
280 94 1
280 95 1
281 96 1
281 97 1
281 98 1
282 99 1
282 100 1
282 101 1
282 102 1
283 103 1
283 104 1
283 105 1
284 106 1
284 107 1
285 108 1
285 109 1
286 110 1
286 111 1
286 112 1
287 113 1
287 114 1
288 115 1
288 116 1
289 117 1
290 118 1
290 119 1
291 120 1
292 121 1
293 122 1
293 123 1
294 124 1
295 125 1
296 126 1
297 126 1
298 127 1
299 128 1
300 129 1
301 129 1
302 129 1
303 129 1
304 130 1
305 130 1
306 130 1
307 130 1
308 130 1
309 130 1
310 130 1
311 130 1
312 130 1
313 130 1
314 130 1
315 130 1
316 130 1
317 130 1
318 130 1
319 129 1
320 129 1
321 129 1
322 128 1
323 128 1
324 128 1
325 127 1
326 127 1
327 126 1
328 126 1
329 125 1
330 124 1
331 124 1
332 123 1
333 122 1
334 122 1
335 121 1
336 120 1
337 120 1
338 119 1
339 118 1
340 118 1
341 117 1
342 116 1
343 115 1
344 114 1
345 113 1
346 112 1
347 111 1
348 110 1
349 109 1
350 108 1
351 107 1
352 106 1
352 105 1
353 104 1
354 103 1
355 102 1
355 101 1
356 100 1
357 99 1
358 98 1
359 97 1
359 96 1
360 95 1
361 94 1
361 93 1
362 92 1
363 91 1
363 90 1
364 89 1
365 88 1
365 87 1
366 86 1
367 85 1
367 84 1
368 83 1
368 82 1
369 81 1
369 80 1
370 79 1
370 78 1
371 77 1
371 76 1
372 75 1
372 74 1
372 73 1
373 72 1
373 71 1
373 70 1
374 69 1
374 68 1
374 67 1
375 66 1
375 65 1
375 64 1
376 63 1
376 62 1
376 61 1
377 60 1
377 59 1
377 58 1
377 57 1
378 56 1
378 55 1
378 54 1
379 53 1
380 53 1
381 54 1
382 55 1
383 56 1
384 57 1
385 57 1
386 58 1
387 59 1
388 59 1
389 60 1
390 61 1
391 62 1
392 63 1
393 64 1
394 65 1
395 65 1
396 66 1
397 66 1
398 67 1
399 67 1
400 68 1
401 69 1
402 69 1
403 70 1
404 71 1
405 71 1
406 72 1
407 73 1
408 74 1
409 74 1
410 75 1
411 76 1
412 77 1
413 78 1
414 79 1
415 80 1
416 81 1
417 82 1
418 83 1
419 84 1
420 85 1
420 86 1
421 87 1
421 88 1
420 89 1
419 90 1
418 90 1
417 91 1
416 91 1
.PEN_UP
.PEN_DOWN
378 52 1
378 51 1
377 50 1
376 49 1
375 49 1
374 49 1
373 48 1
372 47 1
371 47 1
370 46 1
369 45 1
368 45 1
367 44 1
366 43 1
365 43 1
364 42 1
363 41 1
362 41 1
361 40 1
360 39 1
359 38 1
358 37 1
357 36 1
356 35 1
355 34 1
355 33 1
354 32 1
354 31 1
353 30 1
352 29 1
352 28 1
351 27 1
351 26 1
350 25 1
350 24 1
349 23 1
349 22 1
349 21 1
349 20 1
349 19 1
350 18 1
351 17 1
351 16 1
352 15 1
353 14 1
354 13 1
355 13 1
356 13 1
357 13 1
358 12 1
359 12 1
360 12 1
361 12 1
362 13 1
363 13 1
364 13 1
365 13 1
366 14 1
367 14 1
368 15 1
369 16 1
370 16 1
371 17 1
372 18 1
373 19 1
374 20 1
375 21 1
376 22 1
376 23 1
376 24 1
377 25 1
377 26 1
377 27 1
377 28 1
378 29 1
378 30 1
378 31 1
378 32 1
378 33 1
378 34 1
378 35 1
378 36 1
379 37 1
379 38 1
379 39 1
379 40 1
379 41 1
379 42 1
379 43 1
379 44 1
379 45 1
379 46 1
379 47 1
379 48 1
378 49 1
.PEN_UP
.PEN_DOWN
121 84 1
120 85 1
119 85 1
118 85 1
117 85 1
116 85 1
115 85 1
114 85 1
113 85 1
112 85 1
111 85 1
110 85 1
109 85 1
108 86 1
107 86 1
106 86 1
105 86 1
104 86 1
103 86 1
102 86 1
101 86 1
100 86 1
99 86 1
98 86 1
97 86 1
96 86 1
95 86 1
94 87 1
93 87 1
92 87 1
91 87 1
90 87 1
89 87 1
88 87 1
87 87 1
86 87 1
85 87 1
84 87 1
83 87 1
82 88 1
81 88 1
80 88 1
79 88 1
78 88 1
77 88 1
76 88 1
75 89 1
74 89 1
73 89 1
72 89 1
71 89 1
70 89 1
69 90 1
68 90 1
67 90 1
66 91 1
65 91 1
64 91 1
63 91 1
62 92 1
61 92 1
60 92 1
59 92 1
58 93 1
57 93 1
56 94 1
55 94 1
54 95 1
53 95 1
52 96 1
51 96 1
50 97 1
49 97 1
48 97 1
47 98 1
46 99 1
45 100 1
44 100 1
43 101 1
42 102 1
41 102 1
40 103 1
39 104 1
38 105 1
37 105 1
36 106 1
35 107 1
34 108 1
33 108 1
32 109 1
31 110 1
30 111 1
29 112 1
28 113 1
27 114 1
26 115 1
25 116 1
24 117 1
23 118 1
22 119 1
22 120 1
21 121 1
20 122 1
20 123 1
19 124 1
18 125 1
18 126 1
17 127 1
16 128 1
16 129 1
15 130 1
14 131 1
13 132 1
13 133 1
13 134 1
12 135 1
12 136 1
11 137 1
11 138 1
11 139 1
10 140 1
10 141 1
9 142 1
9 143 1
9 144 1
8 145 1
8 146 1
7 147 1
7 148 1
7 149 1
6 150 1
6 151 1
6 152 1
5 153 1
5 154 1
5 155 1
4 156 1
4 157 1
4 158 1
3 159 1
3 160 1
3 161 1
3 162 1
3 163 1
3 164 1
3 165 1
2 166 1
2 167 1
2 168 1
2 169 1
2 170 1
2 171 1
2 172 1
1 173 1
1 174 1
1 175 1
1 176 1
1 177 1
1 178 1
1 179 1
1 180 1
1 181 1
1 182 1
1 183 1
1 184 1
1 185 1
1 186 1
1 187 1
2 188 1
2 189 1
2 190 1
2 191 1
2 192 1
2 193 1
2 194 1
3 195 1
3 196 1
3 197 1
4 198 1
4 199 1
5 200 1
6 201 1
7 202 1
8 203 1
9 204 1
10 204 1
11 205 1
12 206 1
13 206 1
14 207 1
15 207 1
16 208 1
17 209 1
18 209 1
19 210 1
20 210 1
.PEN_UP
