.PEN_DOWN
20 57 1
19 58 1
18 58 1
17 59 1
16 59 1
15 59 1
14 60 1
13 60 1
12 60 1
11 60 1
10 60 1
9 60 1
8 59 1
7 59 1
6 59 1
5 58 1
4 57 1
3 56 1
3 55 1
3 54 1
3 53 1
2 52 1
2 51 1
2 50 1
2 49 1
2 48 1
1 47 1
1 46 1
1 45 1
2 44 1
2 43 1
2 42 1
2 41 1
2 40 1
3 39 1
3 38 1
3 37 1
3 36 1
4 35 1
4 34 1
4 33 1
5 32 1
6 31 1
6 30 1
7 29 1
7 28 1
8 27 1
8 26 1
9 25 1
9 24 1
9 23 1
10 22 1
10 21 1
11 20 1
11 19 1
11 18 1
12 17 1
13 16 1
13 15 1
14 14 1
14 13 1
15 12 1
16 11 1
17 10 1
18 10 1
19 9 1
20 8 1
21 7 1
22 7 1
23 6 1
24 6 1
25 5 1
26 4 1
27 4 1
28 4 1
29 4 1
30 4 1
31 3 1
32 3 1
33 3 1
34 3 1
35 3 1
36 3 1
37 2 1
38 2 1
39 2 1
40 2 1
41 2 1
42 2 1
43 1 1
44 2 1
45 2 1
46 2 1
47 2 1
48 2 1
49 3 1
50 3 1
51 3 1
52 3 1
53 4 1
54 4 1
55 4 1
56 4 1
57 5 1
58 5 1
59 5 1
60 5 1
61 5 1
62 5 1
63 6 1
64 6 1
65 7 1
66 7 1
67 8 1
68 8 1
69 9 1
70 9 1
71 10 1
72 11 1
73 11 1
74 12 1
75 12 1
76 13 1
77 13 1
78 14 1
79 14 1
80 15 1
81 15 1
82 16 1
83 17 1
84 18 1
85 19 1
86 20 1
87 21 1
88 22 1
89 23 1
90 24 1
91 25 1
92 26 1
93 27 1
94 28 1
94 29 1
95 30 1
96 31 1
96 32 1
97 33 1
98 34 1
98 35 1
99 36 1
100 37 1
100 38 1
101 39 1
101 40 1
102 41 1
103 42 1
103 43 1
103 44 1
104 45 1
104 46 1
104 47 1
104 48 1
104 49 1
104 50 1
104 51 1
104 52 1
104 53 1
104 54 1
104 55 1
103 56 1
103 57 1
103 58 1
103 59 1
103 60 1
103 61 1
103 62 1
103 63 1
103 64 1
103 65 1
102 66 1
102 67 1
102 68 1
102 69 1
102 70 1
102 71 1
102 72 1
102 73 1
102 74 1
102 75 1
102 76 1
101 77 1
101 78 1
101 79 1
101 80 1
101 81 1
101 82 1
101 83 1
100 84 1
100 85 1
100 86 1
100 87 1
100 88 1
99 89 1
99 90 1
99 91 1
99 92 1
99 93 1
98 94 1
98 95 1
98 96 1
98 97 1
98 98 1
97 99 1
97 100 1
97 101 1
97 102 1
97 103 1
96 104 1
96 105 1
96 106 1
96 107 1
96 108 1
96 109 1
95 110 1
95 111 1
95 112 1
95 113 1
95 114 1
94 115 1
94 116 1
94 117 1
94 118 1
94 119 1
93 120 1
93 121 1
93 122 1
93 123 1
93 124 1
93 125 1
92 126 1
92 127 1
92 128 1
92 129 1
91 130 1
91 131 1
91 132 1
91 133 1
90 134 1
90 135 1
90 136 1
90 137 1
89 138 1
89 139 1
89 140 1
89 141 1
88 142 1
88 143 1
88 144 1
88 145 1
87 146 1
87 147 1
87 148 1
86 149 1
86 150 1
86 151 1
85 152 1
85 153 1
85 154 1
84 155 1
84 156 1
84 157 1
83 158 1
83 159 1
83 160 1
82 161 1
82 162 1
82 163 1
81 164 1
81 165 1
80 166 1
80 167 1
80 168 1
79 169 1
79 170 1
79 171 1
78 172 1
78 173 1
78 174 1
77 175 1
77 176 1
76 177 1
76 178 1
75 179 1
74 180 1
.PEN_UP
