.PEN_DOWN
20 36 1
19 36 1
18 36 1
17 36 1
16 36 1
15 36 1
14 36 1
13 36 1
12 37 1
11 37 1
10 37 1
9 38 1
8 38 1
7 38 1
6 39 1
5 39 1
4 39 1
3 40 1
2 40 1
1 41 1
1 42 1
1 43 1
1 44 1
.PEN_UP
.PEN_DOWN
46 2 1
47 2 1
48 2 1
50 1 1
51 1 1
52 1 1
53 1 1
54 1 1
55 1 1
56 1 1
57 1 1
58 1 1
59 1 1
60 1 1
61 1 1
62 1 1
63 1 1
64 1 1
65 1 1
66 1 1
67 1 1
68 1 1
69 1 1
70 1 1
71 2 1
72 2 1
73 2 1
74 2 1
75 2 1
76 2 1
77 2 1
78 3 1
79 3 1
80 4 1
81 4 1
82 5 1
83 5 1
84 6 1
85 7 1
86 8 1
87 8 1
88 9 1
89 10 1
90 11 1
91 12 1
92 13 1
92 14 1
93 15 1
93 16 1
93 17 1
93 18 1
93 19 1
93 20 1
93 21 1
93 22 1
93 23 1
93 24 1
92 25 1
92 26 1
91 27 1
91 28 1
90 29 1
90 30 1
89 31 1
88 32 1
88 33 1
88 34 1
87 35 1
87 36 1
86 37 1
86 38 1
85 39 1
85 40 1
85 41 1
84 42 1
84 43 1
83 44 1
83 45 1
82 46 1
82 47 1
81 48 1
81 49 1
80 50 1
79 51 1
79 52 1
78 53 1
77 54 1
77 55 1
76 56 1
75 57 1
75 58 1
74 59 1
74 60 1
73 61 1
72 62 1
71 63 1
70 64 1
69 65 1
69 66 1
68 67 1
67 68 1
66 69 1
65 70 1
64 71 1
64 72 1
63 73 1
62 74 1
61 75 1
60 76 1
59 77 1
58 78 1
57 79 1
56 80 1
55 81 1
54 82 1
53 83 1
52 84 1
51 85 1
50 86 1
49 87 1
48 87 1
47 88 1
46 89 1
45 90 1
44 91 1
43 91 1
42 92 1
41 92 1
40 93 1
39 93 1
38 94 1
37 94 1
36 95 1
35 95 1
34 95 1
33 95 1
32 95 1
31 95 1
30 95 1
29 94 1
29 93 1
29 92 1
30 91 1
30 90 1
30 89 1
30 88 1
30 87 1
30 86 1
.PEN_UP
