.PEN_DOWN
9 1 1
9 2 1
9 3 1
9 4 1
9 5 1
9 6 1
9 7 1
9 8 1
9 9 1
9 10 1
9 11 1
9 12 1
9 13 1
9 14 1
9 15 1
9 16 1
9 17 1
9 18 1
9 19 1
9 20 1
9 21 1
9 22 1
9 23 1
9 24 1
9 25 1
9 26 1
9 27 1
9 28 1
9 29 1
9 30 1
9 31 1
9 32 1
9 33 1
9 34 1
8 35 1
8 36 1
8 37 1
8 38 1
8 39 1
8 40 1
8 41 1
8 42 1
8 43 1
8 44 1
8 45 1
8 46 1
8 47 1
8 48 1
8 49 1
7 50 1
7 51 1
7 52 1
7 53 1
7 54 1
7 55 1
7 56 1
7 57 1
6 58 1
6 59 1
7 60 1
7 62 1
6 63 1
6 64 1
6 65 1
6 66 1
6 67 1
6 68 1
6 69 1
6 70 1
6 71 1
6 72 1
6 73 1
6 74 1
6 75 1
6 76 1
5 77 1
5 78 1
5 79 1
5 80 1
5 81 1
5 82 1
5 83 1
5 84 1
5 85 1
5 86 1
5 87 1
5 88 1
5 89 1
5 90 1
5 91 1
4 92 1
4 93 1
4 94 1
4 95 1
4 96 1
4 97 1
4 98 1
4 99 1
4 100 1
4 101 1
4 102 1
4 103 1
4 104 1
3 105 1
3 106 1
3 107 1
3 108 1
3 109 1
3 110 1
3 111 1
3 112 1
3 113 1
3 114 1
3 115 1
3 116 1
3 117 1
3 118 1
2 119 1
2 120 1
2 121 1
2 122 1
2 123 1
2 124 1
2 125 1
2 126 1
2 127 1
2 128 1
2 129 1
2 130 1
2 131 1
2 132 1
2 133 1
2 134 1
2 135 1
2 136 1
2 137 1
2 138 1
2 139 1
2 140 1
1 141 1
1 142 1
1 143 1
1 144 1
1 145 1
1 146 1
.PEN_UP
.PEN_DOWN
8 60 1
9 60 1
10 60 1
11 60 1
12 60 1
13 60 1
14 60 1
15 60 1
16 60 1
17 60 1
18 60 1
19 60 1
20 60 1
21 60 1
22 60 1
23 60 1
24 60 1
25 60 1
26 60 1
27 61 1
28 61 1
29 61 1
30 61 1
31 61 1
32 62 1
33 62 1
34 62 1
35 63 1
36 63 1
37 63 1
38 64 1
39 65 1
40 65 1
41 66 1
42 67 1
43 68 1
44 68 1
45 69 1
46 69 1
47 69 1
48 69 1
49 70 1
49 71 1
50 72 1
49 73 1
49 74 1
49 75 1
48 76 1
48 77 1
48 78 1
47 79 1
47 80 1
47 81 1
46 82 1
46 83 1
46 84 1
46 85 1
46 86 1
46 87 1
46 88 1
46 89 1
47 90 1
47 91 1
47 92 1
47 93 1
48 94 1
49 95 1
49 96 1
50 97 1
50 98 1
50 99 1
51 100 1
51 101 1
52 102 1
52 103 1
53 104 1
54 105 1
54 106 1
55 107 1
55 108 1
56 109 1
57 110 1
57 111 1
58 112 1
59 113 1
59 114 1
60 115 1
61 115 1
62 115 1
63 116 1
64 116 1
65 116 1
66 117 1
67 117 1
68 117 1
69 117 1
70 117 1
71 117 1
72 117 1
73 117 1
74 117 1
75 117 1
76 116 1
77 116 1
78 116 1
79 115 1
80 115 1
81 115 1
82 114 1
83 114 1
84 114 1
85 113 1
86 113 1
87 113 1
88 112 1
89 112 1
90 111 1
91 111 1
92 110 1
93 110 1
94 109 1
95 109 1
96 108 1
97 107 1
98 107 1
99 106 1
100 106 1
101 105 1
102 105 1
103 104 1
104 104 1
105 103 1
106 103 1
107 102 1
108 101 1
109 101 1
110 100 1
111 99 1
112 99 1
113 98 1
114 98 1
115 97 1
116 96 1
117 96 1
118 95 1
119 95 1
120 94 1
121 93 1
122 92 1
123 92 1
124 91 1
125 90 1
126 89 1
127 89 1
128 88 1
129 87 1
130 86 1
131 86 1
132 85 1
133 84 1
134 84 1
135 83 1
135 82 1
136 81 1
137 80 1
138 79 1
139 78 1
140 78 1
141 77 1
142 76 1
143 75 1
144 74 1
145 73 1
146 73 1
147 73 1
148 72 1
149 71 1
150 70 1
151 70 1
152 69 1
153 68 1
154 67 1
155 66 1
156 65 1
157 64 1
158 63 1
158 62 1
159 61 1
160 60 1
160 59 1
159 58 1
159 57 1
158 56 1
157 55 1
156 54 1
155 53 1
154 52 1
153 51 1
152 50 1
151 49 1
150 49 1
149 48 1
148 47 1
147 47 1
146 47 1
145 46 1
144 46 1
143 46 1
142 46 1
141 45 1
140 45 1
139 45 1
138 46 1
137 47 1
136 48 1
135 48 1
134 49 1
133 49 1
132 50 1
131 50 1
130 51 1
130 52 1
131 53 1
132 54 1
133 55 1
134 55 1
135 56 1
136 57 1
137 57 1
138 58 1
139 59 1
140 60 1
141 61 1
142 62 1
142 63 1
143 64 1
143 65 1
144 66 1
144 67 1
144 68 1
144 69 1
144 70 1
144 71 1
144 72 1
.PEN_UP
.PEN_DOWN
135 85 1
136 86 1
137 87 1
137 88 1
138 89 1
139 90 1
139 91 1
140 92 1
141 93 1
142 94 1
143 95 1
144 96 1
145 97 1
146 98 1
147 99 1
147 100 1
148 101 1
149 102 1
150 103 1
151 104 1
152 105 1
153 106 1
153 107 1
154 108 1
155 109 1
156 110 1
157 111 1
158 112 1
159 113 1
160 114 1
161 115 1
162 116 1
163 117 1
164 118 1
165 119 1
166 120 1
167 121 1
168 122 1
169 123 1
170 124 1
171 125 1
172 126 1
172 127 1
173 128 1
174 129 1
175 130 1
176 131 1
177 132 1
178 133 1
179 134 1
179 135 1
180 136 1
180 137 1
181 138 1
182 139 1
.PEN_UP
