.PEN_DOWN
2 95 1
1 94 1
1 93 1
1 92 1
1 91 1
2 90 1
3 89 1
4 88 1
5 87 1
6 86 1
7 85 1
8 85 1
9 84 1
10 83 1
11 82 1
12 81 1
13 80 1
14 80 1
15 79 1
16 78 1
17 77 1
18 76 1
19 76 1
20 75 1
21 74 1
22 73 1
23 72 1
24 72 1
25 71 1
26 70 1
27 69 1
28 68 1
29 68 1
30 67 1
31 66 1
32 65 1
33 64 1
34 64 1
35 63 1
36 62 1
37 61 1
38 61 1
39 60 1
40 59 1
41 59 1
42 58 1
43 57 1
44 56 1
45 56 1
46 55 1
47 54 1
48 53 1
49 53 1
50 52 1
51 51 1
52 51 1
53 50 1
54 49 1
55 48 1
56 48 1
57 47 1
58 46 1
59 46 1
60 45 1
61 44 1
62 44 1
63 43 1
64 42 1
65 41 1
66 41 1
67 40 1
68 39 1
69 39 1
70 38 1
71 37 1
72 37 1
73 36 1
74 35 1
75 35 1
76 34 1
77 34 1
78 33 1
79 32 1
80 32 1
81 31 1
82 31 1
83 30 1
84 29 1
85 29 1
86 28 1
87 28 1
88 27 1
89 26 1
90 26 1
91 25 1
92 25 1
93 24 1
94 24 1
95 23 1
96 22 1
97 22 1
98 21 1
99 20 1
100 20 1
101 19 1
102 18 1
103 18 1
104 17 1
105 16 1
106 16 1
107 15 1
108 14 1
109 14 1
110 13 1
111 13 1
112 12 1
113 11 1
114 11 1
115 10 1
116 10 1
117 9 1
118 9 1
119 8 1
120 8 1
121 7 1
122 7 1
123 6 1
124 6 1
125 5 1
126 4 1
127 3 1
128 2 1
129 1 1
.PEN_UP
.PEN_DOWN
2 120 1
3 121 1
4 122 1
5 122 1
6 123 1
7 124 1
8 124 1
9 125 1
10 125 1
11 125 1
12 126 1
13 126 1
14 127 1
15 127 1
16 127 1
17 128 1
18 128 1
19 129 1
20 129 1
21 129 1
22 130 1
23 130 1
24 131 1
25 131 1
26 131 1
27 132 1
28 132 1
29 133 1
30 133 1
31 133 1
32 134 1
33 134 1
34 134 1
35 135 1
36 135 1
37 135 1
38 136 1
39 136 1
40 136 1
41 137 1
42 137 1
43 137 1
44 138 1
45 138 1
46 138 1
47 138 1
48 139 1
49 139 1
50 139 1
51 140 1
52 140 1
53 140 1
54 140 1
55 141 1
56 141 1
57 141 1
58 141 1
59 142 1
60 142 1
61 142 1
62 143 1
63 143 1
64 143 1
65 143 1
66 144 1
67 144 1
68 144 1
69 144 1
70 145 1
71 145 1
72 145 1
73 146 1
74 146 1
75 146 1
76 146 1
77 147 1
78 147 1
79 147 1
80 147 1
81 148 1
82 148 1
83 148 1
84 149 1
85 149 1
86 149 1
87 149 1
88 149 1
89 150 1
90 150 1
91 150 1
92 150 1
93 151 1
94 151 1
95 151 1
96 151 1
97 152 1
98 152 1
99 152 1
100 152 1
101 153 1
102 153 1
103 153 1
.PEN_UP
