.PEN_DOWN
133 47 1
132 47 1
131 46 1
130 46 1
129 46 1
128 47 1
127 47 1
126 47 1
125 48 1
124 48 1
123 48 1
122 49 1
121 50 1
120 51 1
119 52 1
119 53 1
118 54 1
117 55 1
117 56 1
117 57 1
117 58 1
117 59 1
117 60 1
117 61 1
117 62 1
116 63 1
116 64 1
116 65 1
116 66 1
117 67 1
117 68 1
117 69 1
117 70 1
117 71 1
117 72 1
117 73 1
118 74 1
118 75 1
119 76 1
119 77 1
120 78 1
120 79 1
121 80 1
121 81 1
122 82 1
123 83 1
124 84 1
125 85 1
126 86 1
127 87 1
128 87 1
129 88 1
130 89 1
131 89 1
132 90 1
133 91 1
134 91 1
135 92 1
136 92 1
137 92 1
138 92 1
139 93 1
140 93 1
141 93 1
142 93 1
143 94 1
144 94 1
145 94 1
146 94 1
147 94 1
148 94 1
149 94 1
150 94 1
151 94 1
152 94 1
153 94 1
154 94 1
155 94 1
156 94 1
157 94 1
158 94 1
159 94 1
160 94 1
161 94 1
162 94 1
163 94 1
164 93 1
165 93 1
166 93 1
167 92 1
168 92 1
169 92 1
170 92 1
171 91 1
172 91 1
173 91 1
174 90 1
175 90 1
176 90 1
177 89 1
178 89 1
179 88 1
180 88 1
181 88 1
182 87 1
183 87 1
184 86 1
185 86 1
186 86 1
187 85 1
188 85 1
189 84 1
190 84 1
191 83 1
192 83 1
193 82 1
194 81 1
195 81 1
196 80 1
197 79 1
198 79 1
199 78 1
200 77 1
201 77 1
202 76 1
203 75 1
204 74 1
205 74 1
206 73 1
207 72 1
208 72 1
209 71 1
210 70 1
211 70 1
212 69 1
213 68 1
214 67 1
215 66 1
216 65 1
217 64 1
218 64 1
219 63 1
220 65 1
221 66 1
221 67 1
220 68 1
220 69 1
220 70 1
220 71 1
220 72 1
220 73 1
219 74 1
219 75 1
219 76 1
219 77 1
219 78 1
219 79 1
218 80 1
218 81 1
218 82 1
218 83 1
218 84 1
218 85 1
218 86 1
218 87 1
218 88 1
218 89 1
218 90 1
218 91 1
218 92 1
217 93 1
217 94 1
217 95 1
217 96 1
217 97 1
217 98 1
217 99 1
217 100 1
217 101 1
218 102 1
218 103 1
218 104 1
218 105 1
218 106 1
218 107 1
218 108 1
218 109 1
218 110 1
218 111 1
218 112 1
218 113 1
218 114 1
218 115 1
218 116 1
219 117 1
219 118 1
219 119 1
219 120 1
219 121 1
220 122 1
220 123 1
220 124 1
220 125 1
220 126 1
221 127 1
221 128 1
221 129 1
221 130 1
222 131 1
222 132 1
223 133 1
224 134 1
224 135 1
225 136 1
225 137 1
226 138 1
227 139 1
227 140 1
228 141 1
229 142 1
230 143 1
231 144 1
232 145 1
233 146 1
234 147 1
235 147 1
236 148 1
237 148 1
238 148 1
239 149 1
240 149 1
241 149 1
242 149 1
243 149 1
244 149 1
245 149 1
246 148 1
247 148 1
248 148 1
249 148 1
250 147 1
251 147 1
252 146 1
253 145 1
254 145 1
255 144 1
256 143 1
257 143 1
258 142 1
259 141 1
260 140 1
261 139 1
262 138 1
263 137 1
264 136 1
265 135 1
266 134 1
267 133 1
268 132 1
269 131 1
270 130 1
271 129 1
271 128 1
272 127 1
272 126 1
273 125 1
273 124 1
274 123 1
274 122 1
275 121 1
276 120 1
276 119 1
277 118 1
277 117 1
278 116 1
278 115 1
279 114 1
279 113 1
280 112 1
280 111 1
281 110 1
281 109 1
281 108 1
281 107 1
282 106 1
282 105 1
282 104 1
282 103 1
283 102 1
283 101 1
283 100 1
284 99 1
284 98 1
284 97 1
284 96 1
285 95 1
285 94 1
285 93 1
285 92 1
286 91 1
286 90 1
286 89 1
286 88 1
287 87 1
287 86 1
287 85 1
287 84 1
288 83 1
288 82 1
288 81 1
288 80 1
288 79 1
289 78 1
289 77 1
289 76 1
289 75 1
289 74 1
290 73 1
290 72 1
290 71 1
290 70 1
290 69 1
291 68 1
291 67 1
291 66 1
291 65 1
291 64 1
292 63 1
292 62 1
292 61 1
292 60 1
292 59 1
292 58 1
292 57 1
292 56 1
292 55 1
292 54 1
293 53 1
293 52 1
293 51 1
293 50 1
293 49 1
293 48 1
293 47 1
293 46 1
293 45 1
293 44 1
293 43 1
293 42 1
293 41 1
293 40 1
293 39 1
293 38 1
293 37 1
293 36 1
293 35 1
293 34 1
293 33 1
293 32 1
293 31 1
293 30 1
293 29 1
293 28 1
293 27 1
293 26 1
293 25 1
292 24 1
292 23 1
292 22 1
292 21 1
292 20 1
291 19 1
291 18 1
290 17 1
290 16 1
290 15 1
289 14 1
289 13 1
288 12 1
288 11 1
287 10 1
286 9 1
285 8 1
285 7 1
284 6 1
283 5 1
282 4 1
281 3 1
280 2 1
279 2 1
278 2 1
277 1 1
276 1 1
275 1 1
274 1 1
273 1 1
272 2 1
271 2 1
270 3 1
269 3 1
268 4 1
267 4 1
266 5 1
265 6 1
264 7 1
263 8 1
262 9 1
261 10 1
260 11 1
259 12 1
258 13 1
257 14 1
.PEN_UP
.PEN_DOWN
1 194 1
2 195 1
3 195 1
4 196 1
5 197 1
6 197 1
7 198 1
8 199 1
9 200 1
10 201 1
11 202 1
12 203 1
13 204 1
14 205 1
15 206 1
16 207 1
17 208 1
17 209 1
18 210 1
19 211 1
20 212 1
21 213 1
21 214 1
22 215 1
23 216 1
24 217 1
25 218 1
25 219 1
26 220 1
27 221 1
28 222 1
29 223 1
30 224 1
30 225 1
31 226 1
32 227 1
33 228 1
34 229 1
34 230 1
35 231 1
36 232 1
37 233 1
38 234 1
39 235 1
39 236 1
40 237 1
41 238 1
42 239 1
43 240 1
44 241 1
45 242 1
46 243 1
47 244 1
47 245 1
48 246 1
49 247 1
50 248 1
51 249 1
52 250 1
53 251 1
54 251 1
55 252 1
56 253 1
57 254 1
58 255 1
59 255 1
60 256 1
61 257 1
62 258 1
63 259 1
64 259 1
65 260 1
66 261 1
67 261 1
68 262 1
69 263 1
70 263 1
71 264 1
72 265 1
73 266 1
74 266 1
75 267 1
76 268 1
77 268 1
78 269 1
79 270 1
80 271 1
81 271 1
82 272 1
83 273 1
84 274 1
85 274 1
86 275 1
87 276 1
88 277 1
89 278 1
90 278 1
91 279 1
92 280 1
93 281 1
94 282 1
95 282 1
96 283 1
97 284 1
98 285 1
99 286 1
100 287 1
101 288 1
102 289 1
103 289 1
104 290 1
105 291 1
105 292 1
106 293 1
106 294 1
107 295 1
108 295 1
109 296 1
110 297 1
111 298 1
112 299 1
113 300 1
114 301 1
115 302 1
116 303 1
117 304 1
117 305 1
118 306 1
119 307 1
120 308 1
121 309 1
.PEN_UP
.PEN_DOWN
106 296 1
106 297 1
106 298 1
106 299 1
106 300 1
106 301 1
106 302 1
106 303 1
106 304 1
106 305 1
106 306 1
105 307 1
105 308 1
105 309 1
105 310 1
105 311 1
105 312 1
105 313 1
105 314 1
105 315 1
105 316 1
105 317 1
105 318 1
105 319 1
105 320 1
105 321 1
105 322 1
105 323 1
105 324 1
105 325 1
105 326 1
105 327 1
105 328 1
105 329 1
105 330 1
105 331 1
105 332 1
105 333 1
105 334 1
105 335 1
104 336 1
104 337 1
104 338 1
104 339 1
104 340 1
104 341 1
104 342 1
104 343 1
104 344 1
103 345 1
103 346 1
102 347 1
102 348 1
101 349 1
101 350 1
100 351 1
100 352 1
99 353 1
99 354 1
98 355 1
98 356 1
98 357 1
97 358 1
97 359 1
96 360 1
96 361 1
95 362 1
95 363 1
94 364 1
94 365 1
93 366 1
93 367 1
92 368 1
92 369 1
92 370 1
92 371 1
92 372 1
92 373 1
92 374 1
92 375 1
92 376 1
92 377 1
92 378 1
92 379 1
92 380 1
92 381 1
92 382 1
92 383 1
92 384 1
92 385 1
92 386 1
92 387 1
92 388 1
92 389 1
92 390 1
92 391 1
.PEN_UP
.PEN_DOWN
105 289 1
106 288 1
106 287 1
106 286 1
106 285 1
106 284 1
106 283 1
106 282 1
107 281 1
107 280 1
107 279 1
107 278 1
107 277 1
107 276 1
107 275 1
107 274 1
107 273 1
107 272 1
107 271 1
107 270 1
108 269 1
108 268 1
108 267 1
108 266 1
108 265 1
108 264 1
108 263 1
108 262 1
108 261 1
108 260 1
108 259 1
108 258 1
109 257 1
109 256 1
109 255 1
109 254 1
109 253 1
109 252 1
109 251 1
109 250 1
109 249 1
109 248 1
109 247 1
110 246 1
110 245 1
110 244 1
110 243 1
110 242 1
110 241 1
110 240 1
110 239 1
110 238 1
110 237 1
110 236 1
110 235 1
111 234 1
111 233 1
111 232 1
111 231 1
111 230 1
111 229 1
111 228 1
111 227 1
111 226 1
111 225 1
111 224 1
111 223 1
111 222 1
112 221 1
111 218 1
112 217 1
112 216 1
112 215 1
112 214 1
112 213 1
112 212 1
112 211 1
112 210 1
112 209 1
112 208 1
112 207 1
112 206 1
112 205 1
112 204 1
113 203 1
113 202 1
113 201 1
113 200 1
113 199 1
113 198 1
113 197 1
113 196 1
113 195 1
113 194 1
113 193 1
113 192 1
113 191 1
113 190 1
113 189 1
113 188 1
113 187 1
114 186 1
114 185 1
.PEN_UP
.PEN_DOWN
111 220 1
113 221 1
114 221 1
115 221 1
116 221 1
117 221 1
118 221 1
119 221 1
120 221 1
121 222 1
122 222 1
123 222 1
124 222 1
125 222 1
126 222 1
127 222 1
128 222 1
129 222 1
130 222 1
131 222 1
132 222 1
133 221 1
134 221 1
135 221 1
136 221 1
137 221 1
138 221 1
139 221 1
140 221 1
141 221 1
142 221 1
143 220 1
144 220 1
145 220 1
146 220 1
147 220 1
148 220 1
149 220 1
150 220 1
151 219 1
152 220 1
153 220 1
154 220 1
155 220 1
156 220 1
157 220 1
158 220 1
159 220 1
160 220 1
161 220 1
162 220 1
163 220 1
164 221 1
165 221 1
166 221 1
167 221 1
168 221 1
169 221 1
170 221 1
171 221 1
172 221 1
173 221 1
174 221 1
175 221 1
176 221 1
177 221 1
178 221 1
179 221 1
180 221 1
181 221 1
182 221 1
183 221 1
184 221 1
185 221 1
186 221 1
187 221 1
188 221 1
189 221 1
190 222 1
191 222 1
192 222 1
193 222 1
194 222 1
195 222 1
196 222 1
197 222 1
198 222 1
199 222 1
200 222 1
201 222 1
202 222 1
203 222 1
204 222 1
205 222 1
206 222 1
207 222 1
208 222 1
209 222 1
210 222 1
211 223 1
212 223 1
213 223 1
214 223 1
215 223 1
216 223 1
217 223 1
218 223 1
219 223 1
220 223 1
221 223 1
222 223 1
223 224 1
224 224 1
225 224 1
226 224 1
227 224 1
228 224 1
229 224 1
230 224 1
231 224 1
232 224 1
233 224 1
234 225 1
235 225 1
236 225 1
237 225 1
238 225 1
239 225 1
240 225 1
241 225 1
242 226 1
243 226 1
244 226 1
245 226 1
246 226 1
247 226 1
248 226 1
249 226 1
250 227 1
251 227 1
252 227 1
253 227 1
254 227 1
255 227 1
256 227 1
257 227 1
258 227 1
259 227 1
260 227 1
261 228 1
262 228 1
263 228 1
264 228 1
265 228 1
266 228 1
267 228 1
268 228 1
269 228 1
270 228 1
271 228 1
272 228 1
273 228 1
274 228 1
275 228 1
276 228 1
277 228 1
278 228 1
279 228 1
280 228 1
281 229 1
282 229 1
283 229 1
284 229 1
285 229 1
286 229 1
287 229 1
288 229 1
289 229 1
290 229 1
291 229 1
292 229 1
293 229 1
294 229 1
295 229 1
296 229 1
297 229 1
298 230 1
299 230 1
300 230 1
301 230 1
302 230 1
303 230 1
304 230 1
305 230 1
306 230 1
307 230 1
308 230 1
309 230 1
310 230 1
311 230 1
312 230 1
313 230 1
314 230 1
315 231 1
316 231 1
317 231 1
318 231 1
319 231 1
320 231 1
321 231 1
322 231 1
323 231 1
324 231 1
325 231 1
326 231 1
327 232 1
328 233 1
329 233 1
330 232 1
331 232 1
332 232 1
333 232 1
334 232 1
335 232 1
336 232 1
337 232 1
338 232 1
339 232 1
340 232 1
341 232 1
.PEN_UP
.PEN_DOWN
327 234 1
326 235 1
325 235 1
324 235 1
323 236 1
322 236 1
321 236 1
320 236 1
319 237 1
318 237 1
317 237 1
316 238 1
315 238 1
314 238 1
313 239 1
312 239 1
311 239 1
.PEN_UP
.PEN_DOWN
152 218 1
153 217 1
154 216 1
155 216 1
156 215 1
157 215 1
158 214 1
159 214 1
160 213 1
161 213 1
162 212 1
163 211 1
164 210 1
165 209 1
166 208 1
167 207 1
168 206 1
169 205 1
170 204 1
171 203 1
172 202 1
173 201 1
173 200 1
174 199 1
175 198 1
175 197 1
176 196 1
177 195 1
177 194 1
178 193 1
179 192 1
179 191 1
180 190 1
180 189 1
181 188 1
181 187 1
182 186 1
182 185 1
182 184 1
183 183 1
183 182 1
183 181 1
184 180 1
184 179 1
184 178 1
185 177 1
185 176 1
185 175 1
186 174 1
186 173 1
186 172 1
187 171 1
187 170 1
187 169 1
187 168 1
187 167 1
188 166 1
188 165 1
188 164 1
188 163 1
188 162 1
189 161 1
189 160 1
189 159 1
189 158 1
189 157 1
190 156 1
190 155 1
190 154 1
190 153 1
190 152 1
191 151 1
191 150 1
191 149 1
191 148 1
191 147 1
191 146 1
191 145 1
192 144 1
192 143 1
192 142 1
192 141 1
192 140 1
192 139 1
193 138 1
193 137 1
193 136 1
193 135 1
193 134 1
193 133 1
193 132 1
193 131 1
193 130 1
193 129 1
193 128 1
193 127 1
193 126 1
193 125 1
193 124 1
193 123 1
193 122 1
192 121 1
192 120 1
192 119 1
192 118 1
192 117 1
192 116 1
192 115 1
192 114 1
192 113 1
192 112 1
192 111 1
192 110 1
192 109 1
191 108 1
191 107 1
191 106 1
191 105 1
191 104 1
191 103 1
191 102 1
190 101 1
190 100 1
190 99 1
190 98 1
189 97 1
188 96 1
188 95 1
187 94 1
187 93 1
.PEN_UP
.PEN_DOWN
111 219 1
109 220 1
108 220 1
107 220 1
106 220 1
105 220 1
104 220 1
103 220 1
102 220 1
101 220 1
.PEN_UP
.PEN_DOWN
112 282 1
113 282 1
114 282 1
115 282 1
116 282 1
117 282 1
118 282 1
119 282 1
120 282 1
121 282 1
122 282 1
123 281 1
124 281 1
125 281 1
126 281 1
127 281 1
128 281 1
129 281 1
130 281 1
131 281 1
132 281 1
133 281 1
134 281 1
135 281 1
136 281 1
137 282 1
138 282 1
139 282 1
140 282 1
141 282 1
142 282 1
143 282 1
144 282 1
145 282 1
146 282 1
147 282 1
148 282 1
149 282 1
150 282 1
151 282 1
152 282 1
153 282 1
154 282 1
155 282 1
156 282 1
157 283 1
158 283 1
159 283 1
160 283 1
161 283 1
162 283 1
163 283 1
164 283 1
165 283 1
166 283 1
167 283 1
168 283 1
169 283 1
170 283 1
171 283 1
172 283 1
173 283 1
174 283 1
175 283 1
176 283 1
177 283 1
178 284 1
179 284 1
180 284 1
181 284 1
182 284 1
183 284 1
184 284 1
185 284 1
186 284 1
187 284 1
188 284 1
189 284 1
190 284 1
191 284 1
192 284 1
193 284 1
194 284 1
195 284 1
196 284 1
197 284 1
198 284 1
199 284 1
200 284 1
201 284 1
202 285 1
203 285 1
204 285 1
205 285 1
206 285 1
207 285 1
208 285 1
209 285 1
210 285 1
211 285 1
212 285 1
213 285 1
214 285 1
215 285 1
216 285 1
217 285 1
218 285 1
219 285 1
220 285 1
221 286 1
222 286 1
223 286 1
224 286 1
225 286 1
226 286 1
227 286 1
228 286 1
229 286 1
230 286 1
231 287 1
232 287 1
233 287 1
234 287 1
235 287 1
236 287 1
237 287 1
238 287 1
239 287 1
240 288 1
241 288 1
242 288 1
243 288 1
244 288 1
245 288 1
246 288 1
247 288 1
248 288 1
249 289 1
250 289 1
251 289 1
252 289 1
253 289 1
254 289 1
255 289 1
256 289 1
257 289 1
258 289 1
259 290 1
260 290 1
261 290 1
262 290 1
263 290 1
264 290 1
265 290 1
266 290 1
267 290 1
268 290 1
269 290 1
270 290 1
271 290 1
272 291 1
273 291 1
274 291 1
275 291 1
276 291 1
277 291 1
278 291 1
279 291 1
280 291 1
281 291 1
282 292 1
283 292 1
284 292 1
285 292 1
286 292 1
287 293 1
288 293 1
289 293 1
290 293 1
291 293 1
292 294 1
293 294 1
294 294 1
295 295 1
296 295 1
297 295 1
298 295 1
299 295 1
300 295 1
301 295 1
.PEN_UP
