.PEN_DOWN
119 37 1
119 36 1
119 35 1
119 34 1
119 33 1
119 32 1
118 31 1
118 30 1
118 29 1
117 28 1
117 27 1
116 26 1
116 25 1
116 24 1
115 23 1
115 22 1
114 21 1
114 20 1
113 19 1
113 18 1
112 17 1
112 16 1
111 15 1
110 14 1
110 13 1
109 12 1
108 11 1
107 10 1
106 10 1
105 9 1
104 8 1
103 7 1
102 7 1
101 7 1
100 6 1
99 6 1
98 5 1
97 5 1
96 5 1
95 4 1
94 4 1
93 4 1
92 4 1
91 3 1
90 3 1
89 3 1
88 3 1
87 3 1
86 2 1
85 2 1
84 2 1
83 2 1
82 2 1
81 2 1
80 2 1
79 2 1
78 1 1
77 1 1
76 1 1
75 1 1
74 1 1
73 1 1
72 1 1
71 1 1
70 1 1
69 1 1
68 1 1
67 1 1
66 1 1
65 1 1
64 1 1
63 1 1
62 2 1
61 2 1
60 2 1
59 2 1
58 2 1
57 2 1
56 2 1
55 3 1
54 3 1
53 3 1
52 3 1
51 3 1
50 3 1
49 4 1
48 4 1
47 4 1
46 4 1
45 4 1
44 5 1
43 5 1
42 5 1
41 5 1
40 6 1
39 6 1
38 6 1
37 6 1
36 6 1
35 7 1
34 7 1
33 8 1
32 8 1
31 9 1
30 9 1
29 10 1
28 10 1
27 11 1
26 11 1
25 11 1
24 12 1
23 12 1
22 13 1
21 13 1
20 14 1
19 14 1
18 15 1
17 15 1
16 15 1
15 16 1
14 17 1
13 18 1
12 19 1
11 20 1
10 21 1
9 22 1
8 23 1
7 24 1
6 25 1
6 26 1
5 27 1
5 28 1
4 29 1
4 30 1
3 31 1
2 32 1
2 33 1
2 34 1
2 35 1
2 36 1
2 37 1
1 38 1
1 39 1
1 40 1
1 41 1
1 42 1
2 43 1
2 44 1
2 45 1
2 46 1
2 47 1
2 48 1
2 49 1
3 50 1
3 51 1
3 52 1
4 53 1
4 54 1
5 55 1
5 56 1
5 57 1
6 58 1
6 59 1
7 60 1
7 61 1
7 62 1
8 63 1
8 64 1
9 65 1
9 66 1
10 67 1
10 68 1
11 69 1
12 70 1
12 71 1
13 72 1
13 73 1
14 74 1
14 75 1
15 76 1
15 77 1
16 78 1
17 79 1
18 80 1
18 81 1
19 82 1
20 83 1
21 84 1
21 85 1
22 86 1
23 87 1
24 88 1
25 89 1
25 90 1
26 91 1
27 92 1
28 93 1
29 94 1
30 95 1
31 96 1
32 96 1
33 97 1
34 98 1
35 99 1
36 100 1
37 101 1
38 102 1
39 103 1
40 103 1
41 104 1
42 105 1
43 105 1
44 106 1
45 106 1
46 107 1
47 108 1
48 108 1
49 109 1
50 109 1
51 110 1
52 111 1
53 111 1
54 112 1
55 112 1
56 113 1
57 113 1
58 114 1
59 114 1
60 115 1
61 116 1
62 116 1
63 117 1
64 117 1
65 118 1
66 118 1
67 119 1
68 119 1
69 120 1
70 120 1
71 121 1
72 121 1
73 121 1
74 122 1
75 122 1
76 123 1
77 123 1
78 124 1
79 124 1
80 124 1
81 125 1
82 125 1
83 126 1
84 126 1
85 127 1
86 127 1
87 127 1
88 128 1
89 128 1
90 129 1
91 129 1
92 129 1
93 130 1
94 130 1
95 131 1
96 131 1
97 131 1
98 132 1
99 132 1
100 132 1
101 133 1
102 133 1
103 133 1
104 134 1
105 134 1
106 135 1
107 136 1
108 137 1
109 138 1
110 138 1
111 138 1
.PEN_UP
.PEN_DOWN
155 30 1
156 30 1
157 30 1
158 30 1
159 30 1
160 30 1
161 30 1
162 30 1
163 30 1
164 30 1
165 30 1
166 30 1
167 30 1
168 30 1
169 30 1
170 30 1
171 30 1
172 30 1
173 30 1
174 30 1
175 30 1
176 30 1
177 30 1
178 30 1
179 30 1
180 30 1
181 30 1
182 30 1
183 30 1
184 30 1
185 30 1
186 30 1
187 30 1
188 30 1
189 30 1
190 30 1
191 30 1
192 30 1
193 30 1
194 30 1
195 30 1
196 30 1
197 30 1
198 30 1
199 30 1
200 30 1
201 30 1
202 30 1
203 30 1
204 30 1
205 30 1
206 30 1
207 30 1
208 30 1
209 30 1
210 30 1
211 30 1
212 30 1
213 30 1
214 30 1
215 30 1
216 30 1
217 30 1
218 30 1
219 30 1
220 30 1
221 30 1
222 30 1
223 30 1
224 30 1
225 30 1
226 30 1
227 30 1
228 30 1
229 30 1
230 30 1
231 29 1
232 29 1
233 29 1
234 29 1
235 29 1
236 29 1
237 29 1
238 29 1
239 29 1
240 29 1
241 29 1
242 29 1
243 29 1
244 29 1
245 29 1
246 29 1
247 29 1
248 29 1
249 29 1
250 29 1
251 29 1
252 29 1
253 29 1
254 29 1
255 29 1
256 29 1
257 29 1
258 29 1
259 28 1
260 28 1
261 28 1
262 28 1
263 28 1
264 28 1
265 28 1
266 28 1
267 28 1
268 28 1
269 28 1
270 28 1
271 28 1
272 28 1
273 28 1
274 28 1
275 28 1
276 28 1
277 28 1
278 28 1
279 28 1
280 28 1
281 28 1
282 28 1
283 28 1
284 28 1
285 28 1
286 28 1
287 28 1
288 28 1
289 28 1
290 28 1
291 28 1
292 28 1
293 28 1
294 28 1
295 28 1
296 28 1
297 28 1
298 28 1
299 28 1
300 28 1
301 28 1
302 27 1
303 27 1
304 27 1
305 27 1
306 27 1
307 27 1
308 27 1
309 27 1
310 27 1
311 27 1
312 27 1
313 27 1
314 27 1
315 27 1
316 27 1
317 27 1
318 27 1
319 27 1
320 27 1
321 27 1
322 27 1
323 27 1
324 27 1
325 27 1
326 27 1
327 27 1
328 27 1
329 27 1
330 27 1
331 27 1
332 27 1
333 27 1
334 28 1
335 28 1
336 28 1
337 28 1
338 28 1
339 28 1
340 28 1
341 28 1
342 28 1
343 28 1
344 28 1
345 28 1
.PEN_UP
