.PEN_DOWN
17 36 1
18 37 1
18 38 1
18 39 1
18 40 1
19 41 1
19 42 1
19 43 1
19 44 1
19 45 1
19 46 1
20 47 1
20 48 1
20 49 1
20 50 1
20 51 1
20 52 1
20 53 1
20 54 1
20 55 1
20 56 1
20 57 1
20 58 1
20 59 1
20 60 1
20 61 1
20 62 1
20 63 1
20 64 1
20 65 1
20 66 1
20 67 1
20 68 1
20 69 1
20 70 1
20 71 1
20 72 1
20 73 1
20 74 1
20 75 1
20 76 1
20 77 1
20 78 1
20 79 1
20 80 1
20 81 1
20 82 1
20 83 1
20 84 1
20 85 1
20 86 1
20 87 1
20 88 1
20 89 1
20 90 1
20 91 1
20 92 1
20 93 1
20 94 1
19 95 1
19 96 1
19 97 1
19 98 1
19 99 1
19 100 1
19 101 1
19 102 1
19 103 1
19 104 1
19 105 1
19 106 1
19 107 1
19 108 1
19 109 1
18 110 1
18 111 1
18 112 1
18 113 1
18 114 1
18 115 1
18 116 1
18 117 1
18 118 1
18 119 1
18 120 1
18 121 1
17 122 1
17 123 1
17 124 1
17 125 1
17 126 1
17 127 1
17 128 1
17 129 1
17 130 1
17 131 1
17 132 1
17 133 1
17 134 1
17 135 1
16 136 1
16 137 1
16 138 1
16 139 1
16 140 1
16 141 1
16 142 1
16 143 1
16 144 1
16 145 1
16 146 1
16 147 1
16 148 1
16 149 1
15 150 1
15 151 1
15 152 1
15 153 1
15 154 1
15 155 1
15 156 1
15 157 1
15 158 1
15 159 1
15 160 1
14 161 1
14 162 1
14 163 1
14 164 1
14 165 1
14 166 1
14 167 1
14 168 1
14 169 1
14 170 1
14 171 1
13 172 1
13 173 1
13 174 1
13 175 1
13 176 1
13 177 1
13 178 1
13 179 1
13 180 1
13 181 1
13 182 1
12 183 1
12 184 1
12 185 1
12 186 1
12 187 1
12 188 1
12 189 1
12 190 1
12 191 1
12 192 1
12 193 1
11 194 1
11 195 1
11 196 1
11 197 1
11 198 1
11 199 1
11 200 1
11 201 1
11 202 1
11 203 1
11 204 1
10 205 1
10 206 1
10 207 1
10 208 1
10 209 1
10 210 1
10 211 1
10 212 1
10 213 1
10 214 1
10 215 1
9 216 1
9 217 1
9 218 1
9 219 1
9 220 1
9 221 1
9 222 1
9 223 1
9 224 1
9 225 1
9 226 1
9 227 1
9 228 1
9 229 1
9 230 1
8 231 1
8 232 1
8 233 1
8 234 1
8 235 1
8 236 1
8 237 1
8 238 1
8 239 1
8 240 1
8 241 1
8 242 1
8 243 1
8 244 1
8 245 1
8 246 1
7 247 1
7 248 1
7 249 1
7 250 1
7 251 1
7 252 1
7 253 1
7 254 1
7 255 1
7 256 1
7 257 1
7 258 1
7 259 1
7 260 1
6 261 1
6 262 1
6 263 1
6 264 1
6 265 1
6 266 1
6 267 1
6 268 1
6 269 1
6 270 1
6 271 1
6 272 1
6 273 1
5 274 1
5 275 1
5 276 1
5 277 1
5 278 1
5 279 1
5 280 1
5 281 1
5 282 1
5 283 1
5 284 1
5 285 1
5 286 1
5 287 1
5 288 1
5 289 1
5 290 1
4 291 1
4 292 1
4 293 1
4 294 1
4 295 1
4 296 1
4 297 1
4 298 1
4 299 1
4 300 1
4 301 1
4 302 1
4 303 1
3 304 1
3 305 1
3 306 1
3 307 1
3 308 1
3 309 1
3 310 1
3 311 1
3 312 1
3 313 1
2 314 1
2 315 1
2 316 1
2 317 1
2 318 1
2 319 1
2 320 1
1 321 1
.PEN_UP
.PEN_DOWN
106 1 1
106 2 1
106 3 1
107 4 1
108 5 1
108 6 1
109 7 1
109 8 1
110 9 1
110 10 1
110 11 1
111 12 1
111 13 1
111 14 1
111 15 1
112 16 1
112 17 1
112 18 1
112 19 1
112 20 1
112 21 1
112 22 1
112 23 1
112 24 1
112 25 1
113 26 1
113 27 1
113 28 1
113 29 1
113 30 1
113 31 1
113 32 1
113 33 1
113 34 1
113 35 1
113 36 1
113 37 1
113 38 1
113 39 1
113 40 1
113 41 1
113 42 1
113 43 1
113 44 1
113 45 1
113 46 1
113 47 1
113 48 1
113 49 1
113 50 1
113 51 1
113 52 1
113 53 1
113 54 1
113 55 1
113 56 1
113 57 1
113 58 1
112 59 1
112 60 1
112 61 1
112 62 1
112 63 1
112 64 1
112 65 1
112 66 1
112 67 1
112 68 1
112 69 1
112 70 1
112 71 1
112 72 1
111 73 1
111 74 1
111 75 1
111 76 1
111 77 1
111 78 1
111 79 1
111 80 1
110 81 1
110 82 1
110 83 1
110 84 1
110 85 1
110 86 1
109 87 1
109 88 1
109 89 1
109 90 1
109 91 1
109 92 1
108 93 1
108 94 1
108 95 1
108 96 1
108 97 1
108 98 1
107 99 1
.PEN_UP
.PEN_DOWN
20 146 1
21 146 1
22 146 1
23 146 1
24 146 1
25 146 1
26 146 1
27 146 1
28 146 1
29 146 1
30 146 1
31 146 1
32 146 1
33 146 1
34 146 1
35 146 1
36 145 1
37 145 1
38 145 1
39 145 1
40 145 1
41 145 1
42 145 1
43 145 1
44 145 1
45 145 1
46 145 1
47 145 1
48 145 1
49 145 1
50 145 1
51 145 1
52 145 1
53 145 1
54 145 1
55 145 1
56 145 1
57 145 1
58 145 1
59 145 1
60 145 1
61 145 1
62 145 1
63 145 1
64 144 1
65 144 1
66 144 1
67 144 1
68 144 1
69 144 1
70 144 1
71 144 1
72 144 1
73 144 1
74 144 1
75 144 1
76 144 1
77 144 1
78 144 1
79 144 1
80 144 1
81 144 1
82 143 1
83 143 1
84 143 1
85 143 1
86 143 1
87 143 1
88 143 1
89 143 1
90 143 1
91 143 1
92 143 1
93 143 1
94 143 1
95 143 1
96 143 1
97 143 1
98 143 1
99 143 1
100 143 1
101 143 1
102 143 1
103 143 1
104 143 1
105 143 1
106 143 1
107 143 1
108 143 1
109 143 1
110 143 1
111 143 1
112 143 1
113 143 1
114 143 1
115 142 1
116 143 1
117 143 1
118 143 1
119 143 1
120 143 1
121 143 1
122 143 1
123 143 1
124 143 1
125 143 1
126 143 1
127 143 1
128 143 1
129 143 1
130 143 1
131 143 1
132 143 1
133 143 1
134 144 1
135 145 1
136 145 1
137 145 1
138 145 1
139 145 1
140 145 1
141 145 1
142 145 1
143 144 1
144 144 1
145 144 1
146 144 1
147 144 1
148 144 1
149 144 1
150 144 1
151 144 1
152 144 1
153 144 1
154 144 1
155 144 1
156 144 1
157 144 1
158 144 1
159 144 1
160 144 1
161 144 1
162 144 1
163 144 1
164 145 1
165 145 1
166 145 1
167 145 1
168 145 1
169 145 1
170 145 1
171 145 1
172 145 1
173 145 1
174 145 1
175 145 1
176 145 1
177 145 1
178 145 1
179 145 1
180 144 1
181 144 1
182 144 1
183 144 1
184 144 1
185 144 1
.PEN_UP
.PEN_DOWN
134 146 1
133 147 1
132 147 1
131 147 1
130 147 1
129 147 1
128 147 1
127 147 1
126 148 1
125 148 1
124 148 1
123 148 1
122 148 1
121 148 1
120 149 1
119 149 1
118 150 1
117 150 1
116 151 1
115 151 1
114 151 1
113 152 1
112 152 1
111 153 1
110 153 1
109 153 1
108 154 1
107 155 1
106 155 1
105 156 1
104 157 1
103 157 1
102 158 1
101 159 1
100 159 1
99 160 1
98 161 1
97 162 1
96 163 1
95 164 1
94 165 1
93 166 1
92 167 1
91 168 1
90 169 1
89 170 1
89 171 1
88 172 1
88 173 1
87 174 1
87 175 1
86 176 1
86 177 1
85 178 1
85 179 1
84 180 1
84 181 1
84 182 1
84 183 1
84 184 1
84 185 1
83 186 1
83 187 1
83 188 1
83 189 1
83 190 1
83 191 1
83 192 1
82 193 1
82 194 1
82 195 1
83 196 1
83 197 1
83 198 1
83 199 1
83 200 1
83 201 1
83 202 1
84 203 1
84 204 1
84 205 1
84 206 1
84 207 1
84 208 1
85 209 1
85 210 1
85 211 1
86 212 1
86 213 1
86 214 1
87 215 1
87 216 1
87 217 1
88 218 1
88 219 1
88 220 1
89 221 1
89 222 1
89 223 1
90 224 1
90 225 1
91 226 1
92 227 1
92 228 1
93 229 1
93 230 1
94 231 1
95 232 1
95 233 1
96 234 1
96 235 1
97 236 1
98 237 1
98 238 1
99 239 1
100 240 1
101 241 1
102 242 1
103 243 1
104 243 1
105 244 1
106 245 1
107 246 1
108 247 1
109 248 1
110 249 1
111 250 1
112 251 1
113 251 1
114 252 1
115 253 1
116 253 1
117 254 1
118 255 1
119 255 1
120 256 1
121 257 1
122 258 1
123 258 1
124 259 1
125 259 1
126 259 1
127 260 1
128 260 1
129 260 1
130 261 1
131 261 1
132 261 1
133 262 1
134 262 1
135 263 1
136 263 1
137 263 1
138 263 1
139 264 1
140 264 1
141 264 1
142 264 1
143 265 1
144 265 1
145 265 1
146 265 1
147 265 1
148 266 1
149 266 1
150 266 1
151 266 1
152 266 1
153 266 1
154 266 1
155 266 1
156 266 1
157 266 1
158 266 1
159 266 1
160 266 1
161 266 1
162 266 1
163 266 1
164 266 1
165 266 1
166 266 1
167 266 1
168 266 1
169 266 1
170 266 1
171 266 1
172 265 1
173 265 1
174 265 1
175 265 1
176 264 1
177 264 1
178 264 1
179 263 1
180 263 1
181 263 1
182 262 1
183 262 1
184 261 1
185 261 1
186 260 1
187 260 1
188 259 1
189 259 1
190 258 1
191 257 1
192 256 1
193 255 1
194 254 1
195 253 1
196 252 1
196 251 1
197 250 1
198 249 1
199 248 1
199 247 1
200 246 1
201 245 1
201 244 1
202 243 1
202 242 1
202 241 1
203 240 1
203 239 1
203 238 1
204 237 1
204 236 1
204 235 1
204 234 1
205 233 1
205 232 1
205 231 1
206 230 1
206 229 1
206 228 1
207 227 1
207 226 1
.PEN_UP
.PEN_DOWN
114 141 1
113 140 1
112 139 1
111 138 1
111 137 1
110 136 1
109 135 1
108 134 1
108 133 1
107 132 1
106 131 1
106 130 1
105 129 1
105 128 1
105 127 1
105 126 1
105 125 1
105 124 1
104 123 1
104 122 1
104 121 1
105 120 1
105 119 1
106 118 1
106 117 1
106 116 1
107 115 1
107 114 1
108 113 1
108 112 1
108 111 1
109 110 1
110 109 1
111 108 1
112 107 1
113 106 1
113 105 1
114 104 1
115 103 1
116 102 1
117 101 1
117 100 1
118 99 1
119 98 1
120 97 1
121 96 1
122 95 1
122 94 1
123 93 1
124 92 1
125 91 1
126 90 1
127 89 1
128 88 1
129 87 1
130 86 1
131 85 1
132 85 1
133 84 1
134 83 1
135 82 1
136 82 1
137 81 1
138 80 1
139 79 1
140 79 1
141 78 1
142 77 1
143 77 1
144 76 1
145 76 1
146 75 1
147 75 1
148 74 1
149 73 1
150 73 1
151 72 1
152 72 1
153 71 1
154 70 1
155 70 1
156 70 1
157 69 1
158 69 1
159 68 1
160 68 1
161 67 1
162 67 1
163 67 1
164 66 1
165 66 1
166 65 1
167 65 1
168 64 1
169 64 1
170 64 1
171 64 1
172 63 1
173 63 1
174 63 1
175 63 1
176 63 1
177 62 1
178 62 1
179 62 1
180 62 1
181 61 1
182 61 1
183 61 1
184 61 1
185 61 1
186 61 1
187 61 1
188 61 1
189 61 1
190 61 1
191 61 1
192 61 1
193 62 1
194 62 1
195 62 1
196 62 1
197 62 1
198 63 1
199 63 1
200 63 1
201 63 1
202 64 1
203 65 1
204 65 1
205 66 1
206 67 1
207 67 1
208 68 1
209 69 1
210 70 1
211 71 1
211 72 1
212 73 1
213 74 1
213 75 1
214 76 1
215 77 1
215 78 1
216 79 1
216 80 1
216 81 1
217 82 1
217 83 1
218 84 1
218 85 1
218 86 1
219 87 1
219 88 1
219 89 1
219 90 1
219 91 1
220 92 1
220 93 1
220 94 1
220 95 1
220 96 1
220 97 1
220 98 1
220 99 1
220 100 1
220 101 1
220 102 1
220 103 1
220 104 1
220 105 1
220 106 1
220 107 1
220 108 1
219 109 1
219 110 1
219 111 1
219 112 1
219 113 1
219 114 1
218 115 1
218 116 1
217 117 1
217 118 1
216 119 1
216 120 1
215 121 1
215 122 1
214 123 1
214 124 1
213 125 1
212 126 1
211 127 1
210 128 1
209 129 1
208 130 1
.PEN_UP
