.PEN_DOWN
13 43 1
14 44 1
15 45 1
16 45 1
17 46 1
18 46 1
19 47 1
20 47 1
21 47 1
22 48 1
23 49 1
24 50 1
25 51 1
26 51 1
27 51 1
28 52 1
29 53 1
30 53 1
31 53 1
32 53 1
33 54 1
34 55 1
35 55 1
36 56 1
37 57 1
38 57 1
39 58 1
40 59 1
41 59 1
42 60 1
43 61 1
44 61 1
45 62 1
46 63 1
47 63 1
48 64 1
49 65 1
50 65 1
51 66 1
52 67 1
53 67 1
54 68 1
55 69 1
56 70 1
57 70 1
58 71 1
59 71 1
60 72 1
61 73 1
62 73 1
63 74 1
64 75 1
65 75 1
66 76 1
67 77 1
68 77 1
69 78 1
70 78 1
71 79 1
72 79 1
73 80 1
74 80 1
75 81 1
76 81 1
77 82 1
78 82 1
79 83 1
80 83 1
81 83 1
82 83 1
83 83 1
84 84 1
85 84 1
86 84 1
87 84 1
88 84 1
89 84 1
90 84 1
91 84 1
92 84 1
93 84 1
94 83 1
95 83 1
96 83 1
97 83 1
98 82 1
99 82 1
100 81 1
101 81 1
102 80 1
103 79 1
104 78 1
104 77 1
105 76 1
105 75 1
106 74 1
106 73 1
107 72 1
107 71 1
108 70 1
108 69 1
108 68 1
109 67 1
109 66 1
109 65 1
109 64 1
110 63 1
110 62 1
110 61 1
110 60 1
110 59 1
110 58 1
110 57 1
110 56 1
110 55 1
110 54 1
110 53 1
110 52 1
110 51 1
110 50 1
110 49 1
110 48 1
110 47 1
110 46 1
110 45 1
110 44 1
110 43 1
110 42 1
110 41 1
110 40 1
110 39 1
110 38 1
110 37 1
110 36 1
110 35 1
110 34 1
111 33 1
111 32 1
111 31 1
111 30 1
111 29 1
111 28 1
111 27 1
111 26 1
111 25 1
112 24 1
112 23 1
112 22 1
112 21 1
112 20 1
112 19 1
113 18 1
113 17 1
113 16 1
113 15 1
114 14 1
115 13 1
116 12 1
117 11 1
118 10 1
119 9 1
120 9 1
121 8 1
122 8 1
123 7 1
124 6 1
125 6 1
126 6 1
127 5 1
128 5 1
129 5 1
130 4 1
131 4 1
132 4 1
133 3 1
134 3 1
135 3 1
136 3 1
137 3 1
138 2 1
139 2 1
140 2 1
141 2 1
142 1 1
143 1 1
144 1 1
145 1 1
146 1 1
147 1 1
148 1 1
149 1 1
150 1 1
151 2 1
152 2 1
153 3 1
154 3 1
155 3 1
156 4 1
157 4 1
158 5 1
159 5 1
160 6 1
161 6 1
162 7 1
163 7 1
164 8 1
165 9 1
166 10 1
167 11 1
168 12 1
168 13 1
169 14 1
169 15 1
169 16 1
169 17 1
169 18 1
169 19 1
169 20 1
169 21 1
169 22 1
168 23 1
168 24 1
168 25 1
167 26 1
167 27 1
167 28 1
166 29 1
166 30 1
166 31 1
165 32 1
165 33 1
165 34 1
164 35 1
164 36 1
164 37 1
163 38 1
163 39 1
162 40 1
162 41 1
162 42 1
161 43 1
160 44 1
160 45 1
160 46 1
160 47 1
159 48 1
159 49 1
160 50 1
160 51 1
160 52 1
161 53 1
162 54 1
163 55 1
164 56 1
165 57 1
166 58 1
167 58 1
168 59 1
169 60 1
170 60 1
171 61 1
172 61 1
173 62 1
174 62 1
175 62 1
176 61 1
177 60 1
177 59 1
.PEN_UP
.PEN_DOWN
176 63 1
177 64 1
179 64 1
180 65 1
181 65 1
182 65 1
183 66 1
184 66 1
185 66 1
186 67 1
187 67 1
188 67 1
189 67 1
190 67 1
191 68 1
192 68 1
193 68 1
194 68 1
195 68 1
196 69 1
197 69 1
198 69 1
199 69 1
200 69 1
201 70 1
202 70 1
203 70 1
204 70 1
205 70 1
206 70 1
207 70 1
208 70 1
209 70 1
210 70 1
211 70 1
212 70 1
213 70 1
214 70 1
215 70 1
216 70 1
217 70 1
218 70 1
219 70 1
220 69 1
221 69 1
222 69 1
223 69 1
224 68 1
225 68 1
226 68 1
227 67 1
228 67 1
229 66 1
230 66 1
231 65 1
232 64 1
233 63 1
234 62 1
235 61 1
236 60 1
236 59 1
237 58 1
237 57 1
237 56 1
238 55 1
238 54 1
238 53 1
239 52 1
240 52 1
241 53 1
242 54 1
243 54 1
244 55 1
245 55 1
246 56 1
247 56 1
248 57 1
249 57 1
250 58 1
251 58 1
252 59 1
253 59 1
254 60 1
255 60 1
256 61 1
257 61 1
258 62 1
259 63 1
260 63 1
261 64 1
262 64 1
263 65 1
264 66 1
265 66 1
266 67 1
267 68 1
268 68 1
269 69 1
270 69 1
271 70 1
272 71 1
273 72 1
273 73 1
.PEN_UP
.PEN_DOWN
238 51 1
237 50 1
237 49 1
236 48 1
234 47 1
233 47 1
232 47 1
231 46 1
230 45 1
229 44 1
228 44 1
227 43 1
226 42 1
225 41 1
224 40 1
223 39 1
222 38 1
221 37 1
220 36 1
220 35 1
219 34 1
219 33 1
218 32 1
217 31 1
217 30 1
216 29 1
216 28 1
216 27 1
216 26 1
216 25 1
216 24 1
216 23 1
216 22 1
217 21 1
217 20 1
218 19 1
219 19 1
220 19 1
221 20 1
222 20 1
223 21 1
224 22 1
225 23 1
226 24 1
227 25 1
228 26 1
228 27 1
229 28 1
230 29 1
230 30 1
231 31 1
231 32 1
232 33 1
232 34 1
233 35 1
233 36 1
234 37 1
234 38 1
235 39 1
235 40 1
235 41 1
236 42 1
236 43 1
237 44 1
237 45 1
237 46 1
236 47 1
.PEN_UP
.PEN_DOWN
177 65 1
177 66 1
177 67 1
177 68 1
177 69 1
177 70 1
177 71 1
177 72 1
177 73 1
177 74 1
177 75 1
177 76 1
177 77 1
177 78 1
177 79 1
177 80 1
177 81 1
177 82 1
177 83 1
177 84 1
177 85 1
177 86 1
177 87 1
177 88 1
177 89 1
177 90 1
177 91 1
177 92 1
177 93 1
177 94 1
177 95 1
177 96 1
177 97 1
177 98 1
177 99 1
177 100 1
177 101 1
177 102 1
177 103 1
177 104 1
176 105 1
176 106 1
176 107 1
176 108 1
176 109 1
176 110 1
176 111 1
176 112 1
176 113 1
176 114 1
176 115 1
175 116 1
175 117 1
175 118 1
175 119 1
175 120 1
175 121 1
175 122 1
175 123 1
175 124 1
174 125 1
174 126 1
174 127 1
174 128 1
174 129 1
174 130 1
174 131 1
174 132 1
173 133 1
173 134 1
173 135 1
173 136 1
173 137 1
173 138 1
173 139 1
172 140 1
172 141 1
172 142 1
172 143 1
172 144 1
172 145 1
172 146 1
171 147 1
171 148 1
171 149 1
171 150 1
171 151 1
171 152 1
170 153 1
170 154 1
170 155 1
170 156 1
170 157 1
170 158 1
170 159 1
169 160 1
169 161 1
169 162 1
169 163 1
168 164 1
168 165 1
168 166 1
168 167 1
167 168 1
167 169 1
167 170 1
166 171 1
166 172 1
166 173 1
166 174 1
165 175 1
165 176 1
165 177 1
165 178 1
164 179 1
164 180 1
164 181 1
163 182 1
163 183 1
163 184 1
162 185 1
162 186 1
161 187 1
161 188 1
160 189 1
160 190 1
159 191 1
159 192 1
158 193 1
158 194 1
157 195 1
157 196 1
156 197 1
156 198 1
155 199 1
155 200 1
154 201 1
153 202 1
152 203 1
152 204 1
151 205 1
150 205 1
149 205 1
148 207 1
147 208 1
146 209 1
145 210 1
144 211 1
143 211 1
142 212 1
141 212 1
140 213 1
139 213 1
138 214 1
137 214 1
136 215 1
135 215 1
134 215 1
133 215 1
132 215 1
131 216 1
130 216 1
129 216 1
128 216 1
127 216 1
126 216 1
125 216 1
124 216 1
123 216 1
122 216 1
121 216 1
120 216 1
119 216 1
118 216 1
117 216 1
116 216 1
115 216 1
114 215 1
113 215 1
112 215 1
111 215 1
110 215 1
109 215 1
108 215 1
107 215 1
106 214 1
105 214 1
104 214 1
103 213 1
102 213 1
101 213 1
100 212 1
99 212 1
98 211 1
97 211 1
96 210 1
95 210 1
94 210 1
93 209 1
92 209 1
91 208 1
90 208 1
89 207 1
88 207 1
87 206 1
86 206 1
85 205 1
84 204 1
83 204 1
82 203 1
81 203 1
80 202 1
79 202 1
78 201 1
77 200 1
76 200 1
75 199 1
74 198 1
73 197 1
72 196 1
71 196 1
70 195 1
69 194 1
68 193 1
67 193 1
66 192 1
66 191 1
66 190 1
67 189 1
68 188 1
69 188 1
70 188 1
71 188 1
72 188 1
73 188 1
74 188 1
75 188 1
76 188 1
77 188 1
78 189 1
79 189 1
80 189 1
81 189 1
82 189 1
83 189 1
84 189 1
85 190 1
86 190 1
87 190 1
88 190 1
89 190 1
90 190 1
91 191 1
92 191 1
93 191 1
94 191 1
95 192 1
96 192 1
97 192 1
98 193 1
99 193 1
100 193 1
101 193 1
102 194 1
103 194 1
104 194 1
105 194 1
106 195 1
107 195 1
108 195 1
109 196 1
110 196 1
111 196 1
112 196 1
113 197 1
114 197 1
115 197 1
116 197 1
117 198 1
118 198 1
119 198 1
120 198 1
121 199 1
122 199 1
123 199 1
124 199 1
125 200 1
126 200 1
127 200 1
128 200 1
129 200 1
130 201 1
131 201 1
132 201 1
133 201 1
134 202 1
135 202 1
136 202 1
137 202 1
138 202 1
139 203 1
140 203 1
141 203 1
142 203 1
143 203 1
144 204 1
145 204 1
146 204 1
147 204 1
148 205 1
.PEN_UP
.PEN_DOWN
153 205 1
154 205 1
155 206 1
156 206 1
157 206 1
158 206 1
159 206 1
160 206 1
161 206 1
162 207 1
163 207 1
164 207 1
165 207 1
166 207 1
167 207 1
168 208 1
169 208 1
170 208 1
171 208 1
172 208 1
173 208 1
174 208 1
175 208 1
176 208 1
177 209 1
178 209 1
179 209 1
180 209 1
181 209 1
182 209 1
183 209 1
184 209 1
185 209 1
186 209 1
187 210 1
188 210 1
189 210 1
190 210 1
191 210 1
192 210 1
193 210 1
194 210 1
195 210 1
196 210 1
197 210 1
198 210 1
199 210 1
200 210 1
201 210 1
202 210 1
203 210 1
204 210 1
205 209 1
206 209 1
207 209 1
208 209 1
209 209 1
210 209 1
211 209 1
212 208 1
213 208 1
214 208 1
215 208 1
216 207 1
217 207 1
218 206 1
219 206 1
220 205 1
221 205 1
222 204 1
223 204 1
224 203 1
225 203 1
226 202 1
227 201 1
228 200 1
229 200 1
230 199 1
231 198 1
232 197 1
233 196 1
234 195 1
234 194 1
.PEN_UP
.PEN_DOWN
23 51 1
22 52 1
21 53 1
21 54 1
20 55 1
20 56 1
20 57 1
19 58 1
19 59 1
19 60 1
19 61 1
18 62 1
18 63 1
18 64 1
18 65 1
17 66 1
17 67 1
17 68 1
17 69 1
16 70 1
16 71 1
16 72 1
16 73 1
16 74 1
16 75 1
16 76 1
16 77 1
16 78 1
15 79 1
15 80 1
15 81 1
15 82 1
15 83 1
15 84 1
15 85 1
15 86 1
15 87 1
15 88 1
14 89 1
14 90 1
14 91 1
14 92 1
14 93 1
14 94 1
14 95 1
14 96 1
14 97 1
14 98 1
14 99 1
14 100 1
14 101 1
14 102 1
14 103 1
14 104 1
14 105 1
14 106 1
14 107 1
14 108 1
14 109 1
14 110 1
14 111 1
14 112 1
13 113 1
13 114 1
13 115 1
13 116 1
13 117 1
13 118 1
13 119 1
13 120 1
13 121 1
13 122 1
13 123 1
13 124 1
13 125 1
13 126 1
13 127 1
13 128 1
13 129 1
13 130 1
13 131 1
13 132 1
13 133 1
12 134 1
12 135 1
12 136 1
12 137 1
12 138 1
12 139 1
12 140 1
12 141 1
12 142 1
12 143 1
12 144 1
12 145 1
12 146 1
12 147 1
12 148 1
12 149 1
12 150 1
12 151 1
11 152 1
11 153 1
11 154 1
11 155 1
11 156 1
11 157 1
11 158 1
11 159 1
11 160 1
11 161 1
11 162 1
11 163 1
11 164 1
11 165 1
11 166 1
11 167 1
11 168 1
11 169 1
11 170 1
11 171 1
11 172 1
11 173 1
11 174 1
11 175 1
11 176 1
11 177 1
11 178 1
11 179 1
11 180 1
11 181 1
11 182 1
10 183 1
10 184 1
10 185 1
10 186 1
10 187 1
10 188 1
10 189 1
10 190 1
10 191 1
10 192 1
10 193 1
10 194 1
10 195 1
10 196 1
10 197 1
10 198 1
10 199 1
10 200 1
10 201 1
10 202 1
10 203 1
10 204 1
10 205 1
10 206 1
10 207 1
10 208 1
10 209 1
10 210 1
10 211 1
10 212 1
10 213 1
10 214 1
10 215 1
10 216 1
10 217 1
10 218 1
10 219 1
10 220 1
10 221 1
10 222 1
10 223 1
10 224 1
10 225 1
10 226 1
10 227 1
10 228 1
10 229 1
10 230 1
10 231 1
10 232 1
10 233 1
10 234 1
10 235 1
10 236 1
10 237 1
10 238 1
10 239 1
10 240 1
10 241 1
10 242 1
10 243 1
10 244 1
10 245 1
10 246 1
10 247 1
10 248 1
10 249 1
10 250 1
10 251 1
10 252 1
10 253 1
10 254 1
10 255 1
10 256 1
10 257 1
10 258 1
10 259 1
10 260 1
10 261 1
10 262 1
10 263 1
10 264 1
10 265 1
9 266 1
9 267 1
9 268 1
9 269 1
9 270 1
9 271 1
9 272 1
9 273 1
9 274 1
9 275 1
9 276 1
9 277 1
9 278 1
9 279 1
9 280 1
9 281 1
8 282 1
8 283 1
8 284 1
8 285 1
8 286 1
8 287 1
8 288 1
8 289 1
8 290 1
7 291 1
7 292 1
7 293 1
7 294 1
7 295 1
6 296 1
5 297 1
4 297 1
3 298 1
2 298 1
1 298 1
.PEN_UP
