.PEN_DOWN
28 1 1
27 2 1
27 3 1
26 4 1
25 5 1
25 6 1
25 7 1
25 8 1
25 9 1
25 10 1
25 11 1
25 12 1
24 13 1
24 14 1
24 15 1
24 16 1
24 17 1
24 18 1
24 19 1
24 20 1
24 21 1
24 22 1
24 23 1
24 24 1
24 25 1
23 26 1
23 27 1
23 28 1
23 29 1
23 30 1
23 31 1
23 32 1
23 33 1
23 34 1
23 35 1
23 36 1
23 37 1
23 38 1
23 39 1
23 40 1
23 41 1
23 42 1
22 43 1
22 44 1
22 45 1
22 46 1
22 47 1
22 48 1
22 49 1
22 50 1
22 51 1
22 52 1
22 53 1
22 54 1
22 55 1
22 56 1
22 57 1
22 58 1
22 59 1
22 60 1
22 61 1
22 62 1
22 63 1
22 64 1
21 65 1
21 66 1
21 67 1
21 68 1
21 69 1
21 70 1
21 71 1
21 72 1
21 73 1
21 74 1
21 75 1
21 76 1
21 77 1
21 78 1
21 79 1
21 80 1
21 81 1
21 82 1
21 83 1
21 84 1
21 85 1
21 86 1
21 87 1
21 88 1
21 89 1
20 90 1
20 91 1
20 92 1
20 93 1
20 94 1
20 95 1
20 96 1
20 97 1
20 98 1
20 99 1
20 100 1
20 101 1
20 102 1
20 103 1
20 104 1
20 105 1
20 106 1
20 107 1
20 108 1
20 109 1
20 110 1
20 111 1
20 112 1
19 113 1
19 114 1
19 115 1
19 116 1
19 117 1
19 118 1
19 119 1
19 120 1
19 121 1
19 122 1
19 123 1
19 124 1
19 125 1
19 126 1
19 127 1
19 128 1
18 129 1
18 130 1
18 131 1
18 132 1
18 133 1
18 134 1
18 135 1
18 136 1
18 137 1
18 138 1
18 139 1
18 140 1
18 141 1
18 142 1
17 143 1
17 144 1
17 145 1
17 146 1
17 147 1
17 148 1
17 149 1
17 150 1
17 151 1
17 152 1
17 153 1
17 154 1
17 155 1
17 156 1
17 157 1
17 158 1
17 159 1
17 160 1
17 161 1
17 162 1
17 163 1
17 164 1
17 165 1
17 166 1
18 167 1
19 167 1
20 167 1
21 167 1
22 167 1
23 167 1
24 167 1
25 167 1
26 167 1
27 167 1
28 167 1
29 168 1
30 168 1
31 168 1
32 168 1
33 168 1
34 168 1
35 169 1
36 169 1
37 169 1
38 169 1
39 169 1
40 169 1
41 170 1
42 170 1
43 170 1
44 170 1
45 170 1
46 170 1
47 170 1
48 171 1
49 171 1
50 171 1
51 171 1
52 171 1
53 172 1
54 172 1
55 173 1
56 173 1
57 174 1
58 174 1
59 174 1
60 175 1
61 175 1
62 175 1
63 174 1
64 173 1
64 172 1
64 171 1
64 170 1
64 169 1
65 168 1
65 167 1
65 166 1
65 165 1
66 164 1
66 163 1
66 162 1
66 161 1
67 160 1
67 159 1
67 158 1
67 157 1
68 156 1
68 155 1
68 154 1
68 153 1
68 152 1
68 151 1
69 150 1
69 149 1
69 148 1
69 147 1
69 146 1
69 145 1
70 144 1
70 143 1
70 142 1
70 141 1
70 140 1
71 139 1
71 138 1
71 137 1
71 136 1
72 135 1
72 134 1
72 133 1
73 132 1
73 131 1
73 130 1
73 129 1
74 128 1
74 127 1
74 126 1
74 125 1
75 124 1
75 123 1
75 122 1
75 121 1
76 120 1
76 119 1
76 118 1
76 117 1
76 116 1
77 115 1
77 114 1
77 113 1
77 112 1
78 111 1
78 110 1
78 109 1
79 108 1
79 107 1
79 106 1
80 105 1
80 104 1
80 103 1
81 102 1
81 101 1
81 100 1
82 99 1
82 98 1
83 97 1
83 96 1
83 95 1
84 94 1
84 93 1
84 92 1
85 91 1
85 90 1
85 89 1
86 88 1
87 87 1
87 86 1
88 85 1
88 84 1
89 83 1
90 82 1
90 81 1
91 80 1
91 79 1
92 78 1
93 78 1
94 78 1
95 78 1
96 78 1
97 78 1
98 79 1
98 80 1
99 81 1
100 82 1
101 83 1
101 84 1
102 85 1
102 86 1
102 87 1
103 88 1
103 89 1
103 90 1
104 91 1
104 92 1
104 93 1
105 94 1
105 95 1
105 96 1
106 97 1
106 98 1
106 99 1
106 100 1
107 101 1
107 102 1
107 103 1
108 104 1
108 105 1
108 106 1
108 107 1
108 108 1
109 109 1
109 110 1
109 111 1
109 112 1
110 113 1
110 114 1
110 115 1
110 116 1
110 117 1
111 118 1
111 119 1
111 120 1
111 121 1
111 122 1
111 123 1
112 124 1
112 125 1
112 126 1
112 127 1
112 128 1
112 129 1
112 130 1
112 131 1
112 132 1
112 133 1
113 134 1
113 135 1
113 136 1
113 137 1
113 138 1
113 139 1
113 140 1
113 141 1
113 142 1
113 143 1
113 144 1
113 145 1
114 146 1
114 147 1
114 148 1
114 149 1
114 150 1
114 151 1
114 152 1
114 153 1
114 154 1
114 155 1
114 156 1
114 157 1
114 158 1
114 159 1
114 160 1
114 161 1
115 162 1
115 163 1
115 164 1
115 165 1
115 166 1
115 167 1
115 168 1
115 169 1
115 170 1
115 171 1
115 172 1
115 173 1
115 174 1
115 175 1
115 176 1
115 177 1
116 178 1
118 177 1
119 176 1
119 175 1
120 174 1
120 173 1
120 172 1
121 171 1
121 170 1
122 169 1
122 168 1
123 167 1
123 166 1
123 165 1
124 164 1
124 163 1
125 162 1
125 161 1
126 160 1
126 159 1
126 158 1
127 157 1
127 156 1
128 155 1
128 154 1
129 153 1
129 152 1
129 151 1
130 150 1
131 149 1
132 148 1
133 147 1
134 146 1
135 145 1
136 144 1
137 143 1
138 142 1
139 141 1
140 140 1
141 139 1
142 138 1
143 137 1
144 136 1
145 135 1
146 135 1
147 134 1
148 133 1
149 132 1
150 131 1
151 131 1
152 130 1
153 129 1
154 128 1
155 128 1
156 127 1
157 126 1
158 125 1
159 125 1
160 124 1
161 123 1
162 123 1
163 122 1
164 121 1
165 121 1
166 120 1
167 120 1
168 119 1
169 118 1
170 118 1
171 117 1
172 117 1
173 116 1
174 116 1
175 115 1
176 114 1
177 114 1
178 113 1
179 113 1
180 112 1
181 111 1
182 111 1
183 110 1
184 109 1
185 109 1
186 109 1
187 108 1
188 108 1
189 107 1
190 107 1
191 106 1
192 106 1
193 105 1
194 105 1
195 105 1
196 104 1
197 104 1
198 103 1
199 103 1
200 103 1
201 102 1
202 102 1
203 101 1
204 101 1
205 101 1
206 101 1
207 101 1
208 100 1
209 100 1
210 100 1
211 100 1
212 99 1
213 99 1
214 99 1
215 99 1
216 99 1
217 99 1
218 98 1
219 98 1
220 99 1
221 99 1
222 99 1
223 99 1
224 99 1
225 99 1
226 99 1
227 100 1
228 100 1
229 100 1
230 100 1
231 101 1
232 101 1
233 101 1
.PEN_UP
.PEN_DOWN
117 178 1
116 180 1
116 181 1
116 182 1
115 183 1
115 184 1
115 185 1
115 186 1
115 187 1
115 188 1
114 189 1
114 190 1
114 191 1
114 192 1
114 193 1
114 194 1
114 195 1
114 196 1
114 197 1
113 198 1
113 199 1
113 200 1
113 201 1
113 202 1
113 203 1
113 204 1
113 205 1
113 206 1
113 207 1
113 208 1
113 209 1
113 210 1
113 211 1
113 212 1
113 213 1
112 214 1
112 215 1
112 216 1
112 217 1
112 218 1
112 219 1
112 220 1
112 221 1
112 222 1
112 223 1
112 224 1
112 225 1
112 226 1
112 227 1
112 228 1
113 229 1
113 230 1
113 231 1
113 232 1
113 233 1
113 234 1
113 235 1
113 236 1
113 237 1
113 238 1
114 239 1
114 240 1
.PEN_UP
.PEN_DOWN
17 168 1
16 169 1
16 170 1
16 171 1
16 172 1
16 173 1
16 174 1
16 175 1
16 176 1
16 177 1
16 178 1
16 179 1
16 180 1
16 181 1
16 182 1
16 183 1
16 184 1
16 185 1
16 186 1
16 187 1
16 188 1
16 189 1
16 190 1
16 191 1
16 192 1
16 193 1
16 194 1
16 195 1
16 196 1
16 197 1
16 198 1
16 199 1
16 200 1
16 201 1
16 202 1
15 203 1
15 204 1
15 205 1
15 206 1
15 207 1
15 208 1
15 209 1
15 210 1
15 211 1
15 212 1
15 213 1
15 214 1
15 215 1
15 216 1
15 217 1
15 218 1
15 219 1
15 220 1
15 221 1
15 222 1
15 223 1
14 224 1
14 225 1
14 226 1
14 227 1
14 228 1
14 229 1
14 230 1
14 231 1
14 232 1
14 233 1
14 234 1
14 235 1
14 236 1
14 237 1
14 238 1
14 239 1
14 240 1
14 241 1
13 242 1
13 243 1
13 244 1
13 245 1
13 246 1
13 247 1
13 248 1
13 249 1
13 250 1
13 251 1
13 252 1
13 253 1
13 254 1
13 255 1
13 256 1
13 257 1
13 258 1
13 259 1
13 260 1
13 261 1
13 262 1
13 263 1
13 264 1
13 265 1
13 266 1
13 267 1
13 268 1
13 269 1
12 270 1
12 271 1
12 272 1
12 273 1
12 274 1
12 275 1
12 276 1
12 277 1
12 278 1
12 279 1
12 280 1
12 281 1
12 282 1
12 283 1
12 284 1
12 285 1
12 286 1
12 287 1
12 288 1
12 289 1
12 290 1
12 291 1
12 292 1
12 293 1
12 294 1
12 295 1
12 296 1
12 297 1
12 298 1
11 299 1
11 300 1
11 301 1
11 302 1
11 303 1
11 304 1
11 305 1
11 306 1
11 307 1
11 308 1
11 309 1
11 310 1
11 311 1
11 312 1
11 313 1
11 314 1
12 315 1
13 315 1
14 315 1
15 315 1
16 315 1
17 315 1
18 315 1
19 315 1
20 315 1
21 315 1
22 315 1
23 315 1
24 315 1
25 315 1
26 314 1
27 314 1
28 314 1
29 314 1
30 314 1
31 314 1
32 313 1
33 313 1
34 313 1
35 313 1
36 313 1
37 312 1
38 312 1
39 312 1
40 312 1
41 311 1
42 311 1
43 311 1
44 311 1
45 310 1
46 310 1
47 310 1
48 309 1
49 309 1
50 309 1
51 308 1
52 308 1
53 308 1
54 307 1
55 307 1
56 307 1
57 307 1
58 306 1
59 306 1
60 306 1
61 306 1
62 305 1
63 305 1
64 305 1
65 305 1
66 304 1
67 304 1
68 304 1
69 303 1
70 303 1
71 303 1
72 302 1
73 302 1
74 302 1
75 301 1
76 301 1
77 300 1
78 300 1
79 300 1
80 299 1
81 299 1
82 298 1
84 297 1
85 296 1
86 296 1
87 295 1
88 295 1
89 295 1
90 294 1
91 294 1
92 293 1
93 293 1
94 292 1
95 291 1
96 291 1
97 290 1
98 290 1
99 289 1
100 288 1
101 287 1
102 286 1
103 285 1
104 285 1
105 284 1
106 283 1
107 282 1
108 281 1
109 280 1
110 279 1
110 278 1
111 277 1
111 276 1
111 275 1
111 274 1
111 273 1
111 272 1
111 271 1
111 270 1
111 269 1
111 268 1
111 267 1
111 266 1
111 265 1
111 264 1
111 263 1
111 262 1
111 261 1
111 260 1
111 259 1
111 258 1
111 257 1
111 256 1
111 255 1
110 254 1
110 253 1
110 252 1
110 251 1
110 250 1
110 249 1
109 248 1
109 247 1
109 246 1
109 245 1
108 244 1
108 243 1
108 242 1
107 241 1
107 240 1
107 239 1
106 238 1
105 237 1
104 237 1
103 238 1
102 239 1
102 240 1
102 241 1
101 242 1
101 243 1
101 244 1
100 245 1
100 246 1
100 247 1
99 248 1
99 249 1
99 250 1
98 251 1
98 252 1
98 253 1
97 254 1
97 255 1
97 256 1
96 257 1
96 258 1
96 259 1
96 260 1
95 261 1
95 262 1
95 263 1
94 264 1
94 265 1
94 266 1
93 267 1
93 268 1
93 269 1
92 270 1
92 271 1
92 272 1
91 273 1
91 274 1
91 275 1
90 276 1
90 277 1
90 278 1
90 279 1
89 280 1
89 281 1
89 282 1
89 283 1
88 284 1
88 285 1
88 286 1
88 287 1
87 288 1
87 289 1
87 290 1
86 291 1
86 292 1
86 293 1
86 294 1
.PEN_UP
.PEN_DOWN
83 298 1
83 300 1
84 301 1
84 302 1
83 303 1
83 304 1
83 305 1
83 306 1
82 307 1
82 308 1
82 309 1
82 310 1
81 311 1
81 312 1
81 313 1
81 314 1
80 315 1
80 316 1
80 317 1
80 318 1
79 319 1
79 320 1
79 321 1
79 322 1
78 323 1
78 324 1
78 325 1
78 326 1
77 327 1
77 328 1
77 329 1
77 330 1
76 331 1
76 332 1
76 333 1
75 334 1
75 335 1
75 336 1
75 337 1
74 338 1
74 339 1
74 340 1
74 341 1
73 342 1
73 343 1
73 344 1
72 345 1
72 346 1
72 347 1
71 348 1
71 349 1
71 350 1
70 351 1
70 352 1
70 353 1
69 354 1
69 355 1
69 356 1
68 357 1
68 358 1
68 359 1
67 360 1
67 361 1
67 362 1
66 363 1
66 364 1
65 365 1
65 366 1
64 367 1
64 368 1
63 369 1
63 370 1
62 371 1
62 372 1
61 373 1
61 374 1
60 375 1
59 375 1
58 375 1
57 375 1
56 375 1
55 375 1
54 375 1
53 375 1
52 375 1
51 375 1
50 375 1
49 375 1
48 375 1
47 375 1
46 375 1
45 375 1
44 375 1
43 375 1
42 375 1
41 375 1
40 375 1
39 375 1
38 375 1
37 375 1
36 375 1
35 375 1
34 375 1
33 375 1
32 375 1
31 375 1
30 375 1
29 375 1
28 375 1
27 375 1
26 375 1
25 375 1
24 375 1
23 375 1
22 375 1
21 375 1
20 375 1
19 375 1
18 375 1
17 375 1
16 374 1
15 374 1
14 374 1
13 374 1
12 374 1
11 374 1
10 374 1
9 374 1
8 374 1
7 374 1
6 374 1
.PEN_UP
.PEN_DOWN
62 375 1
63 375 1
64 375 1
65 375 1
66 375 1
67 375 1
68 375 1
69 375 1
70 375 1
71 375 1
72 375 1
73 375 1
74 375 1
75 375 1
76 374 1
77 374 1
78 374 1
79 374 1
80 374 1
81 374 1
82 374 1
83 374 1
84 374 1
85 374 1
86 374 1
87 374 1
88 374 1
89 374 1
90 374 1
91 374 1
92 374 1
93 374 1
94 374 1
95 374 1
96 374 1
97 375 1
98 375 1
99 375 1
100 375 1
101 375 1
102 375 1
103 375 1
104 375 1
105 375 1
106 375 1
107 375 1
108 375 1
109 375 1
110 375 1
111 375 1
112 375 1
113 375 1
114 375 1
115 375 1
116 375 1
117 375 1
118 375 1
119 375 1
120 375 1
121 375 1
122 375 1
123 375 1
124 375 1
125 375 1
126 375 1
127 375 1
128 375 1
129 375 1
130 375 1
131 375 1
132 375 1
133 375 1
134 375 1
135 375 1
136 375 1
137 375 1
138 375 1
139 375 1
140 375 1
141 375 1
142 375 1
143 375 1
144 375 1
145 375 1
146 375 1
147 375 1
148 376 1
149 376 1
150 376 1
151 376 1
152 376 1
153 376 1
154 376 1
155 376 1
156 376 1
157 376 1
158 376 1
159 376 1
160 376 1
161 376 1
162 376 1
163 376 1
164 376 1
165 376 1
166 376 1
167 376 1
168 376 1
169 376 1
170 377 1
171 377 1
172 377 1
173 377 1
174 377 1
175 377 1
176 377 1
177 377 1
178 378 1
179 378 1
180 378 1
181 378 1
182 379 1
183 379 1
.PEN_UP
.PEN_DOWN
11 316 1
10 317 1
9 316 1
8 316 1
7 316 1
6 316 1
5 317 1
4 317 1
3 317 1
2 318 1
1 318 1
.PEN_UP
.PEN_DOWN
10 318 1
11 319 1
11 320 1
11 321 1
11 322 1
11 323 1
11 324 1
11 325 1
11 326 1
11 327 1
11 328 1
11 329 1
11 330 1
12 331 1
12 332 1
12 333 1
12 334 1
12 335 1
12 336 1
12 337 1
12 338 1
12 339 1
12 340 1
13 341 1
13 342 1
13 343 1
14 344 1
15 344 1
16 344 1
17 344 1
18 343 1
19 342 1
19 341 1
.PEN_UP
