.PEN_DOWN
20 69 1
20 70 1
19 71 1
18 72 1
18 73 1
18 74 1
18 75 1
17 76 1
17 77 1
17 78 1
16 79 1
16 80 1
16 81 1
15 82 1
15 83 1
15 84 1
15 85 1
15 86 1
15 87 1
14 88 1
14 89 1
14 90 1
14 91 1
13 95 1
13 96 1
13 97 1
13 98 1
13 99 1
13 100 1
13 101 1
12 102 1
12 103 1
12 104 1
12 105 1
12 106 1
12 107 1
12 108 1
12 109 1
12 110 1
12 111 1
12 112 1
12 113 1
12 114 1
12 115 1
12 116 1
12 117 1
12 118 1
12 119 1
12 120 1
12 121 1
12 122 1
12 123 1
12 124 1
12 125 1
12 126 1
12 127 1
12 128 1
12 129 1
11 130 1
11 131 1
11 132 1
11 133 1
11 134 1
11 135 1
11 136 1
11 137 1
11 138 1
11 139 1
11 140 1
11 141 1
11 142 1
11 143 1
11 144 1
11 145 1
11 146 1
11 147 1
11 148 1
11 149 1
11 150 1
11 151 1
11 152 1
11 153 1
11 154 1
11 155 1
11 156 1
11 157 1
11 158 1
11 159 1
11 160 1
11 161 1
11 162 1
11 163 1
11 164 1
11 165 1
11 166 1
11 167 1
11 168 1
11 169 1
11 170 1
10 171 1
10 172 1
10 173 1
10 174 1
10 175 1
10 176 1
10 177 1
10 178 1
10 179 1
10 180 1
10 181 1
10 182 1
10 183 1
10 184 1
10 185 1
10 186 1
10 187 1
10 188 1
10 189 1
10 190 1
10 191 1
10 192 1
10 193 1
10 194 1
10 195 1
10 196 1
10 197 1
10 198 1
10 199 1
10 200 1
10 201 1
10 202 1
10 203 1
10 204 1
10 205 1
10 206 1
10 207 1
10 208 1
10 209 1
10 210 1
10 211 1
10 212 1
10 213 1
10 214 1
10 215 1
9 216 1
9 217 1
9 218 1
9 219 1
9 220 1
9 221 1
9 222 1
9 223 1
9 224 1
9 225 1
9 226 1
9 227 1
9 228 1
9 229 1
9 230 1
9 231 1
9 232 1
9 233 1
9 234 1
9 235 1
8 236 1
8 237 1
8 238 1
8 239 1
8 240 1
8 241 1
8 242 1
8 243 1
8 244 1
8 245 1
8 246 1
8 247 1
7 248 1
7 249 1
7 250 1
7 251 1
7 252 1
7 253 1
7 254 1
7 255 1
7 256 1
7 257 1
7 258 1
7 259 1
6 260 1
6 261 1
6 262 1
6 263 1
6 264 1
6 265 1
6 266 1
6 267 1
6 268 1
6 269 1
6 270 1
6 271 1
5 272 1
5 273 1
5 274 1
5 275 1
5 276 1
5 277 1
5 278 1
5 279 1
5 280 1
5 281 1
5 282 1
5 283 1
5 284 1
5 285 1
4 286 1
4 287 1
4 288 1
4 289 1
4 290 1
4 291 1
4 292 1
4 293 1
4 294 1
4 295 1
4 296 1
4 297 1
4 298 1
4 299 1
4 300 1
3 301 1
3 302 1
3 303 1
3 304 1
3 305 1
3 306 1
3 307 1
3 308 1
3 309 1
3 310 1
3 311 1
3 312 1
3 313 1
3 314 1
3 315 1
2 316 1
2 317 1
2 318 1
.PEN_UP
.PEN_DOWN
14 92 1
11 93 1
10 93 1
9 93 1
8 93 1
7 94 1
6 94 1
5 94 1
4 93 1
3 94 1
2 94 1
1 95 1
.PEN_UP
.PEN_DOWN
15 92 1
16 91 1
17 91 1
18 91 1
19 91 1
20 91 1
21 91 1
22 91 1
23 91 1
24 90 1
25 90 1
26 90 1
27 90 1
28 90 1
29 90 1
30 89 1
31 89 1
32 89 1
33 89 1
34 89 1
35 89 1
36 88 1
36 87 1
36 86 1
36 85 1
36 84 1
36 83 1
36 82 1
36 81 1
36 80 1
36 79 1
37 78 1
37 77 1
37 76 1
37 75 1
38 74 1
39 73 1
40 73 1
41 73 1
42 74 1
43 74 1
44 75 1
45 75 1
46 76 1
47 77 1
48 78 1
49 78 1
50 79 1
51 80 1
52 81 1
53 82 1
54 83 1
55 84 1
56 85 1
57 86 1
58 87 1
59 88 1
60 88 1
61 89 1
62 90 1
63 91 1
64 92 1
65 92 1
66 93 1
67 94 1
68 95 1
69 95 1
70 96 1
71 97 1
72 97 1
73 98 1
74 99 1
75 99 1
76 100 1
77 100 1
78 100 1
79 101 1
80 101 1
81 102 1
82 102 1
83 102 1
84 103 1
85 103 1
86 103 1
87 103 1
88 104 1
89 104 1
90 104 1
91 104 1
92 104 1
93 104 1
94 104 1
95 104 1
96 104 1
97 104 1
98 104 1
99 104 1
100 104 1
101 104 1
102 104 1
103 104 1
104 104 1
105 104 1
106 104 1
107 104 1
108 104 1
109 104 1
110 104 1
111 104 1
112 104 1
113 104 1
114 104 1
115 104 1
116 104 1
117 103 1
118 103 1
119 103 1
120 103 1
121 103 1
122 103 1
123 103 1
124 102 1
125 102 1
126 102 1
127 102 1
128 102 1
129 101 1
130 101 1
131 100 1
132 100 1
133 99 1
134 98 1
135 98 1
136 97 1
137 96 1
138 96 1
139 95 1
140 94 1
141 93 1
142 92 1
143 91 1
144 90 1
145 89 1
146 88 1
147 87 1
147 86 1
148 85 1
148 84 1
149 83 1
149 82 1
150 81 1
150 80 1
151 79 1
151 78 1
151 77 1
151 76 1
152 75 1
152 74 1
152 73 1
152 72 1
152 71 1
152 70 1
152 69 1
153 68 1
155 68 1
156 69 1
157 70 1
158 71 1
159 71 1
160 72 1
161 73 1
162 74 1
163 75 1
164 76 1
165 77 1
166 78 1
166 79 1
167 80 1
168 81 1
169 82 1
170 83 1
171 84 1
171 85 1
172 86 1
173 87 1
173 88 1
174 89 1
174 90 1
175 91 1
175 92 1
176 93 1
177 94 1
177 95 1
177 96 1
178 97 1
178 98 1
178 99 1
178 100 1
178 101 1
178 102 1
179 103 1
179 104 1
179 105 1
179 106 1
179 107 1
179 108 1
179 109 1
179 110 1
179 111 1
179 112 1
179 113 1
179 114 1
179 115 1
179 116 1
179 117 1
179 118 1
178 119 1
178 120 1
178 121 1
178 122 1
.PEN_UP
.PEN_DOWN
152 66 1
151 65 1
150 64 1
149 64 1
148 63 1
147 62 1
146 61 1
145 60 1
144 60 1
143 59 1
142 58 1
141 57 1
140 56 1
139 55 1
138 54 1
137 54 1
136 53 1
135 52 1
134 51 1
133 50 1
132 50 1
131 49 1
130 48 1
129 47 1
128 46 1
127 45 1
126 44 1
125 43 1
124 42 1
123 41 1
122 40 1
121 39 1
121 38 1
120 37 1
119 36 1
118 35 1
117 34 1
117 33 1
116 32 1
115 31 1
115 30 1
114 29 1
114 28 1
114 27 1
114 26 1
113 25 1
113 24 1
113 23 1
114 22 1
114 21 1
115 20 1
115 19 1
115 18 1
116 17 1
116 16 1
117 15 1
117 14 1
118 13 1
118 12 1
119 11 1
120 10 1
121 9 1
122 8 1
123 7 1
124 6 1
125 5 1
126 4 1
127 4 1
128 3 1
129 3 1
130 2 1
131 1 1
132 1 1
133 1 1
134 1 1
135 1 1
136 1 1
137 1 1
138 1 1
139 2 1
140 2 1
141 3 1
142 3 1
143 4 1
144 5 1
145 6 1
146 7 1
147 8 1
148 9 1
149 10 1
149 11 1
149 12 1
149 13 1
150 14 1
150 15 1
150 16 1
151 17 1
151 18 1
151 19 1
151 20 1
152 21 1
152 22 1
152 23 1
152 24 1
152 25 1
152 26 1
152 27 1
152 28 1
153 29 1
153 30 1
153 31 1
153 32 1
153 33 1
153 34 1
153 35 1
153 36 1
153 37 1
154 38 1
154 39 1
154 40 1
154 41 1
154 42 1
154 43 1
154 44 1
154 45 1
154 46 1
154 47 1
154 48 1
154 49 1
154 50 1
154 51 1
154 52 1
154 53 1
154 54 1
154 55 1
154 56 1
154 57 1
154 58 1
154 59 1
153 60 1
153 61 1
153 62 1
153 63 1
152 64 1
.PEN_UP
.PEN_DOWN
100 110 1
100 111 1
100 112 1
99 113 1
99 114 1
99 115 1
98 116 1
98 117 1
98 118 1
98 119 1
98 120 1
98 121 1
98 122 1
98 123 1
98 124 1
98 125 1
98 126 1
98 127 1
97 128 1
97 129 1
97 130 1
97 131 1
97 132 1
97 133 1
97 134 1
97 135 1
97 136 1
97 137 1
97 138 1
97 139 1
97 140 1
97 141 1
97 142 1
97 143 1
97 144 1
97 145 1
97 146 1
96 147 1
96 148 1
96 149 1
96 150 1
96 151 1
96 152 1
96 153 1
96 154 1
96 155 1
96 156 1
96 157 1
96 158 1
96 159 1
96 160 1
96 161 1
96 162 1
96 163 1
96 164 1
96 165 1
95 166 1
95 167 1
95 168 1
95 169 1
95 170 1
95 171 1
95 172 1
95 173 1
95 174 1
95 175 1
95 176 1
95 177 1
95 178 1
95 179 1
95 180 1
95 181 1
95 182 1
95 183 1
95 184 1
95 185 1
95 186 1
95 187 1
95 188 1
95 189 1
95 190 1
95 191 1
95 192 1
95 193 1
95 194 1
95 195 1
95 196 1
95 197 1
95 198 1
95 199 1
95 200 1
95 201 1
95 202 1
95 203 1
95 204 1
94 205 1
94 206 1
94 207 1
94 208 1
93 209 1
93 210 1
93 211 1
95 212 1
96 212 1
97 212 1
98 212 1
99 212 1
100 212 1
101 212 1
102 212 1
103 212 1
104 212 1
105 212 1
106 212 1
107 211 1
108 211 1
109 211 1
110 211 1
111 211 1
112 211 1
113 211 1
114 211 1
115 211 1
116 211 1
117 210 1
118 210 1
119 210 1
120 210 1
121 210 1
122 210 1
123 210 1
124 210 1
125 209 1
126 209 1
127 209 1
128 209 1
129 209 1
130 209 1
131 209 1
132 209 1
133 208 1
134 208 1
135 208 1
136 208 1
137 208 1
138 208 1
139 208 1
140 207 1
141 207 1
142 207 1
143 207 1
144 208 1
145 208 1
146 209 1
147 209 1
148 209 1
149 209 1
150 209 1
151 208 1
152 208 1
153 208 1
154 208 1
155 208 1
156 208 1
157 208 1
158 208 1
159 208 1
160 208 1
161 207 1
.PEN_UP
.PEN_DOWN
92 213 1
91 214 1
90 216 1
89 217 1
88 218 1
87 218 1
86 219 1
85 219 1
84 219 1
83 219 1
82 219 1
81 219 1
80 219 1
79 219 1
78 219 1
77 219 1
76 219 1
75 219 1
74 219 1
73 219 1
72 219 1
71 219 1
70 219 1
69 219 1
68 219 1
67 219 1
66 218 1
65 217 1
64 216 1
63 216 1
62 216 1
61 215 1
60 215 1
59 215 1
.PEN_UP
.PEN_DOWN
66 216 1
67 215 1
68 215 1
69 215 1
70 215 1
71 215 1
72 215 1
73 215 1
74 215 1
75 215 1
76 215 1
77 215 1
78 215 1
79 214 1
80 214 1
81 214 1
82 214 1
83 214 1
84 214 1
85 214 1
86 214 1
87 213 1
88 213 1
89 213 1
90 214 1
.PEN_UP
