.PEN_DOWN
13 39 1
13 40 1
13 41 1
13 42 1
13 43 1
13 44 1
13 45 1
13 46 1
12 47 1
12 48 1
12 49 1
12 50 1
12 51 1
12 52 1
12 53 1
12 54 1
12 55 1
12 56 1
12 57 1
12 58 1
12 59 1
12 60 1
12 61 1
11 62 1
10 63 1
10 64 1
10 65 1
10 66 1
10 67 1
10 68 1
10 69 1
9 70 1
9 71 1
9 72 1
9 73 1
9 74 1
9 75 1
9 76 1
9 77 1
9 78 1
9 79 1
9 80 1
9 81 1
9 82 1
8 83 1
8 84 1
8 85 1
8 86 1
8 87 1
8 88 1
8 89 1
8 90 1
8 91 1
8 92 1
8 93 1
8 94 1
8 95 1
8 96 1
8 97 1
7 98 1
7 99 1
7 100 1
7 101 1
7 102 1
7 103 1
7 104 1
7 105 1
7 106 1
7 107 1
7 108 1
7 109 1
7 110 1
6 111 1
6 112 1
6 113 1
6 114 1
6 115 1
6 116 1
6 117 1
6 118 1
6 119 1
6 120 1
6 121 1
6 122 1
6 123 1
5 124 1
5 125 1
5 126 1
5 127 1
5 128 1
5 129 1
5 130 1
5 131 1
5 132 1
5 133 1
5 134 1
5 135 1
4 136 1
4 137 1
4 138 1
4 139 1
4 140 1
4 141 1
4 142 1
4 143 1
4 144 1
4 145 1
4 146 1
4 147 1
4 148 1
4 149 1
4 150 1
4 151 1
4 152 1
3 153 1
3 154 1
3 155 1
3 156 1
3 157 1
3 158 1
3 159 1
3 160 1
3 161 1
3 162 1
3 163 1
3 164 1
3 165 1
3 166 1
3 167 1
3 168 1
3 169 1
3 170 1
3 171 1
2 172 1
2 173 1
2 174 1
2 175 1
2 176 1
2 177 1
2 178 1
2 179 1
2 180 1
2 181 1
2 182 1
2 183 1
2 184 1
2 185 1
2 186 1
2 187 1
2 188 1
2 189 1
2 190 1
2 191 1
2 192 1
2 193 1
2 194 1
2 195 1
2 196 1
2 197 1
2 198 1
2 199 1
2 200 1
2 201 1
2 202 1
1 203 1
1 204 1
1 205 1
1 206 1
1 207 1
1 208 1
1 209 1
1 210 1
1 211 1
1 212 1
1 213 1
1 214 1
1 215 1
1 216 1
1 217 1
1 218 1
1 219 1
1 220 1
1 221 1
1 222 1
1 223 1
1 224 1
1 225 1
1 226 1
1 227 1
1 228 1
1 229 1
1 230 1
1 231 1
1 232 1
1 233 1
1 234 1
1 235 1
1 236 1
1 237 1
1 238 1
1 239 1
1 240 1
1 241 1
1 242 1
1 243 1
1 244 1
1 245 1
1 246 1
1 247 1
1 248 1
1 249 1
1 250 1
1 251 1
1 252 1
1 253 1
1 254 1
1 255 1
1 256 1
1 257 1
1 258 1
1 259 1
1 260 1
1 261 1
1 262 1
1 263 1
1 264 1
2 265 1
4 264 1
5 263 1
5 262 1
5 261 1
6 260 1
6 259 1
.PEN_UP
.PEN_DOWN
20 88 1
21 88 1
22 88 1
23 87 1
24 87 1
25 87 1
26 87 1
27 87 1
28 87 1
29 87 1
30 87 1
32 88 1
33 89 1
34 89 1
35 90 1
36 90 1
37 91 1
.PEN_UP
.PEN_DOWN
31 86 1
31 85 1
31 84 1
30 83 1
30 82 1
30 81 1
30 80 1
30 79 1
30 78 1
30 77 1
30 76 1
30 75 1
30 74 1
31 73 1
31 72 1
31 71 1
31 70 1
32 69 1
32 68 1
32 67 1
32 66 1
32 65 1
33 64 1
33 63 1
33 62 1
34 61 1
34 60 1
34 59 1
35 58 1
35 57 1
35 56 1
36 55 1
36 54 1
37 53 1
37 52 1
38 51 1
38 50 1
39 49 1
39 48 1
39 47 1
40 46 1
40 45 1
41 44 1
41 43 1
42 42 1
42 41 1
43 40 1
43 39 1
43 38 1
44 37 1
45 36 1
45 35 1
46 34 1
46 33 1
47 32 1
47 31 1
48 30 1
49 29 1
49 28 1
50 27 1
50 26 1
51 25 1
52 24 1
52 23 1
53 22 1
54 21 1
54 20 1
55 19 1
56 18 1
57 17 1
58 16 1
59 15 1
60 14 1
61 14 1
62 13 1
63 12 1
64 12 1
65 11 1
66 11 1
67 10 1
68 10 1
69 9 1
70 8 1
71 8 1
72 8 1
73 7 1
74 7 1
75 6 1
76 6 1
77 5 1
78 5 1
79 5 1
80 4 1
81 4 1
82 3 1
83 2 1
84 2 1
85 2 1
86 2 1
87 2 1
88 1 1
89 1 1
90 2 1
91 3 1
92 4 1
92 5 1
92 6 1
92 7 1
92 8 1
92 9 1
92 10 1
92 11 1
92 12 1
92 13 1
92 14 1
91 15 1
91 16 1
91 17 1
91 18 1
91 19 1
91 20 1
91 21 1
91 22 1
91 23 1
90 24 1
90 25 1
90 26 1
90 27 1
90 28 1
90 29 1
90 30 1
90 31 1
90 32 1
90 33 1
90 34 1
90 35 1
90 36 1
90 37 1
90 38 1
90 39 1
89 40 1
89 41 1
89 42 1
89 43 1
89 44 1
89 45 1
89 46 1
89 47 1
89 48 1
89 49 1
89 50 1
89 51 1
89 52 1
90 53 1
90 54 1
90 55 1
90 56 1
90 57 1
90 58 1
91 59 1
91 60 1
91 61 1
91 62 1
91 63 1
92 64 1
92 65 1
92 66 1
93 67 1
93 68 1
94 69 1
94 70 1
95 71 1
96 72 1
96 73 1
97 74 1
98 75 1
99 76 1
99 77 1
100 78 1
101 79 1
102 80 1
103 81 1
104 82 1
105 82 1
106 83 1
107 84 1
108 84 1
109 85 1
110 85 1
111 86 1
112 86 1
113 87 1
114 87 1
115 87 1
116 88 1
117 88 1
118 88 1
119 88 1
120 88 1
121 89 1
122 90 1
123 90 1
124 90 1
125 90 1
126 90 1
127 90 1
128 90 1
129 90 1
130 90 1
131 91 1
132 92 1
133 92 1
134 93 1
135 94 1
136 94 1
137 95 1
138 96 1
139 97 1
140 97 1
141 98 1
142 99 1
143 100 1
144 101 1
145 102 1
146 102 1
147 103 1
148 104 1
149 105 1
150 106 1
151 107 1
152 108 1
152 109 1
153 110 1
154 111 1
155 112 1
155 113 1
156 114 1
157 115 1
157 116 1
157 117 1
157 118 1
157 119 1
157 120 1
156 121 1
155 122 1
154 122 1
153 122 1
152 122 1
151 122 1
150 122 1
149 122 1
148 122 1
147 122 1
146 122 1
145 122 1
144 122 1
143 122 1
142 122 1
141 122 1
140 122 1
139 122 1
138 122 1
137 122 1
136 122 1
135 122 1
134 123 1
133 123 1
132 123 1
131 123 1
130 123 1
129 123 1
128 123 1
127 123 1
126 123 1
125 124 1
124 124 1
123 124 1
122 124 1
121 124 1
120 124 1
119 125 1
118 125 1
117 125 1
116 125 1
115 125 1
114 125 1
113 125 1
112 125 1
111 126 1
110 126 1
109 126 1
108 126 1
107 126 1
106 126 1
105 126 1
104 126 1
103 126 1
102 126 1
101 126 1
100 127 1
99 127 1
98 127 1
97 125 1
98 124 1
98 123 1
98 122 1
99 121 1
99 120 1
100 119 1
100 118 1
100 117 1
101 116 1
101 115 1
101 114 1
102 113 1
103 112 1
103 111 1
104 110 1
105 109 1
105 108 1
106 107 1
106 106 1
107 105 1
108 104 1
108 103 1
109 102 1
110 101 1
111 100 1
111 99 1
112 98 1
113 97 1
114 96 1
115 95 1
116 94 1
117 93 1
118 92 1
119 92 1
120 92 1
121 91 1
.PEN_UP
.PEN_DOWN
96 128 1
95 129 1
94 128 1
93 128 1
92 128 1
91 128 1
90 128 1
89 128 1
88 128 1
87 128 1
86 129 1
85 129 1
84 129 1
83 129 1
82 129 1
81 129 1
80 129 1
79 130 1
78 130 1
77 130 1
76 130 1
75 130 1
74 130 1
73 130 1
72 130 1
71 131 1
70 131 1
69 131 1
68 131 1
67 131 1
66 131 1
65 131 1
64 131 1
63 131 1
62 131 1
61 131 1
60 131 1
59 132 1
58 132 1
57 132 1
56 132 1
55 132 1
54 132 1
53 133 1
52 133 1
51 133 1
50 133 1
49 133 1
48 134 1
47 134 1
46 134 1
45 135 1
44 136 1
43 136 1
42 137 1
41 137 1
40 137 1
39 138 1
38 138 1
37 138 1
.PEN_UP
.PEN_DOWN
95 130 1
95 131 1
95 132 1
94 133 1
94 134 1
94 135 1
93 136 1
93 137 1
93 138 1
92 139 1
92 140 1
92 141 1
91 142 1
91 143 1
91 144 1
91 145 1
91 146 1
90 147 1
90 148 1
90 149 1
90 150 1
89 151 1
89 152 1
89 153 1
89 154 1
89 155 1
88 156 1
88 157 1
88 158 1
88 159 1
87 160 1
87 161 1
87 162 1
87 163 1
87 164 1
86 165 1
86 166 1
86 167 1
86 168 1
85 169 1
85 170 1
85 171 1
85 172 1
85 173 1
84 174 1
84 175 1
84 176 1
84 177 1
83 178 1
83 179 1
83 180 1
83 181 1
83 182 1
82 183 1
82 184 1
82 185 1
82 186 1
82 187 1
81 188 1
81 189 1
81 190 1
81 191 1
81 192 1
81 193 1
80 194 1
80 195 1
80 196 1
80 197 1
79 198 1
79 199 1
79 200 1
79 201 1
78 202 1
78 203 1
78 204 1
77 205 1
77 206 1
77 207 1
76 208 1
76 209 1
76 210 1
75 211 1
75 212 1
74 213 1
74 214 1
73 215 1
72 215 1
71 216 1
71 217 1
71 218 1
70 219 1
69 220 1
68 221 1
67 221 1
66 222 1
65 222 1
64 222 1
63 223 1
62 223 1
61 223 1
60 223 1
59 223 1
58 223 1
57 223 1
56 223 1
55 223 1
54 223 1
53 223 1
52 223 1
51 223 1
50 223 1
49 223 1
48 223 1
47 223 1
46 223 1
45 223 1
44 223 1
43 222 1
42 222 1
41 222 1
40 222 1
39 222 1
38 221 1
37 221 1
36 221 1
35 221 1
34 220 1
33 220 1
32 220 1
31 220 1
30 219 1
29 219 1
28 219 1
27 218 1
26 218 1
25 217 1
25 216 1
25 215 1
25 214 1
26 213 1
27 213 1
28 213 1
29 213 1
30 212 1
31 212 1
32 213 1
33 213 1
34 213 1
35 213 1
36 213 1
37 213 1
38 213 1
39 213 1
40 213 1
41 213 1
42 214 1
43 214 1
44 214 1
45 214 1
46 214 1
47 214 1
48 214 1
49 214 1
50 214 1
51 214 1
52 214 1
53 214 1
54 214 1
55 215 1
56 215 1
57 215 1
58 215 1
59 215 1
60 215 1
61 215 1
62 215 1
63 215 1
64 215 1
65 215 1
66 215 1
67 215 1
68 215 1
69 215 1
70 215 1
.PEN_UP
.PEN_DOWN
75 215 1
76 215 1
77 215 1
78 215 1
79 215 1
80 214 1
81 214 1
82 214 1
83 214 1
84 214 1
85 214 1
86 214 1
87 214 1
88 214 1
89 214 1
90 214 1
91 214 1
92 214 1
93 214 1
94 214 1
95 214 1
96 214 1
97 214 1
98 214 1
99 214 1
100 214 1
101 214 1
102 214 1
103 214 1
104 214 1
105 214 1
106 214 1
107 214 1
108 214 1
109 214 1
110 214 1
111 214 1
112 214 1
113 214 1
114 214 1
115 214 1
116 214 1
117 213 1
118 213 1
119 213 1
120 213 1
121 213 1
122 213 1
123 213 1
124 213 1
125 213 1
126 213 1
127 212 1
128 212 1
129 212 1
130 212 1
131 212 1
132 212 1
133 212 1
134 211 1
135 211 1
136 211 1
137 211 1
138 211 1
139 211 1
140 211 1
141 210 1
142 210 1
143 210 1
144 210 1
145 210 1
146 209 1
147 209 1
148 209 1
149 209 1
150 209 1
151 208 1
152 208 1
153 208 1
154 208 1
155 208 1
156 208 1
157 207 1
158 207 1
159 207 1
160 207 1
161 207 1
162 207 1
163 206 1
164 206 1
165 206 1
166 206 1
167 206 1
168 206 1
169 206 1
170 205 1
171 205 1
172 205 1
173 205 1
174 205 1
175 205 1
176 205 1
177 205 1
178 205 1
.PEN_UP
.PEN_DOWN
131 89 1
132 88 1
133 88 1
134 87 1
135 86 1
136 85 1
136 84 1
136 83 1
136 82 1
135 81 1
134 80 1
133 79 1
132 78 1
131 77 1
130 76 1
129 75 1
128 74 1
127 73 1
127 72 1
126 71 1
125 70 1
125 69 1
124 68 1
124 67 1
123 66 1
122 65 1
122 64 1
121 63 1
120 62 1
120 61 1
120 60 1
120 59 1
119 58 1
119 57 1
119 56 1
119 55 1
118 54 1
118 53 1
118 52 1
118 51 1
118 50 1
119 49 1
119 48 1
119 47 1
119 46 1
119 45 1
120 44 1
121 43 1
121 42 1
122 41 1
123 40 1
123 39 1
124 38 1
125 37 1
126 36 1
127 35 1
128 34 1
128 33 1
129 32 1
130 31 1
131 30 1
131 29 1
132 28 1
133 27 1
134 26 1
135 25 1
136 24 1
137 24 1
138 23 1
139 22 1
140 22 1
141 21 1
142 20 1
143 20 1
144 19 1
145 18 1
146 18 1
147 17 1
148 17 1
149 16 1
150 16 1
151 15 1
152 15 1
153 14 1
154 13 1
155 13 1
156 13 1
157 12 1
158 12 1
159 12 1
160 11 1
161 11 1
162 11 1
163 10 1
164 10 1
165 10 1
166 9 1
167 9 1
168 9 1
169 9 1
170 9 1
171 9 1
172 8 1
173 8 1
174 8 1
175 8 1
176 8 1
177 8 1
178 8 1
179 7 1
180 7 1
181 7 1
182 8 1
183 8 1
184 8 1
185 8 1
186 8 1
187 8 1
188 8 1
189 8 1
190 8 1
191 8 1
192 9 1
193 9 1
194 9 1
195 10 1
196 10 1
197 10 1
198 11 1
199 11 1
200 11 1
201 12 1
202 12 1
203 12 1
204 13 1
205 14 1
206 14 1
207 15 1
208 16 1
209 17 1
210 18 1
211 18 1
212 19 1
213 20 1
214 21 1
214 22 1
215 23 1
215 24 1
216 25 1
216 26 1
216 27 1
217 28 1
217 29 1
218 30 1
218 31 1
219 32 1
219 33 1
219 34 1
220 35 1
220 36 1
220 37 1
220 38 1
220 39 1
220 40 1
220 41 1
221 42 1
221 43 1
221 44 1
221 45 1
221 46 1
221 47 1
221 48 1
221 49 1
221 50 1
221 51 1
221 52 1
221 53 1
221 54 1
221 55 1
221 56 1
221 57 1
221 58 1
221 59 1
221 60 1
221 61 1
221 62 1
221 63 1
221 64 1
221 65 1
221 66 1
220 67 1
220 68 1
220 69 1
220 70 1
220 71 1
219 72 1
219 73 1
219 74 1
219 75 1
219 76 1
219 77 1
218 78 1
.PEN_UP
