.PEN_DOWN
6 115 1
6 114 1
5 113 1
5 112 1
5 111 1
4 110 1
4 109 1
4 108 1
3 107 1
3 106 1
3 105 1
3 104 1
2 103 1
2 102 1
2 101 1
2 100 1
1 99 1
1 98 1
1 97 1
2 96 1
3 95 1
3 94 1
4 93 1
5 92 1
6 91 1
7 90 1
8 90 1
9 89 1
10 88 1
11 87 1
12 86 1
13 86 1
14 86 1
15 85 1
16 85 1
17 85 1
18 84 1
19 84 1
20 83 1
21 83 1
22 83 1
23 82 1
24 82 1
25 82 1
26 81 1
27 81 1
28 80 1
29 80 1
30 80 1
31 79 1
32 79 1
33 78 1
34 78 1
35 77 1
36 77 1
37 77 1
38 76 1
39 76 1
40 75 1
41 75 1
42 74 1
43 74 1
44 73 1
45 73 1
46 73 1
47 72 1
48 72 1
49 72 1
50 71 1
51 71 1
52 71 1
53 70 1
54 70 1
55 70 1
56 69 1
57 69 1
58 69 1
59 68 1
60 68 1
61 68 1
62 68 1
63 68 1
64 67 1
65 67 1
66 67 1
67 67 1
68 66 1
69 66 1
70 66 1
71 66 1
72 66 1
73 65 1
74 65 1
75 65 1
76 65 1
77 65 1
78 65 1
79 64 1
80 64 1
81 64 1
82 64 1
83 64 1
84 64 1
85 64 1
86 63 1
87 63 1
88 64 1
89 64 1
90 64 1
91 64 1
92 64 1
93 64 1
94 64 1
95 64 1
96 65 1
97 65 1
98 66 1
99 67 1
100 67 1
101 67 1
105 66 1
106 67 1
107 67 1
108 68 1
109 69 1
110 70 1
111 70 1
112 71 1
113 72 1
114 73 1
115 74 1
116 75 1
117 76 1
118 77 1
119 78 1
120 79 1
121 80 1
122 81 1
123 82 1
124 82 1
125 83 1
126 84 1
127 85 1
128 86 1
129 87 1
130 88 1
131 89 1
132 89 1
133 90 1
134 91 1
135 92 1
136 93 1
137 94 1
138 95 1
139 96 1
140 97 1
141 98 1
142 99 1
143 100 1
144 101 1
145 102 1
146 103 1
146 104 1
147 105 1
148 106 1
149 106 1
150 107 1
151 106 1
152 105 1
152 104 1
152 103 1
152 102 1
152 101 1
152 100 1
151 99 1
151 98 1
151 97 1
151 96 1
151 95 1
151 94 1
151 93 1
151 92 1
151 91 1
151 90 1
151 89 1
151 88 1
151 87 1
151 86 1
151 85 1
151 84 1
151 83 1
151 82 1
152 81 1
152 80 1
152 79 1
152 78 1
152 77 1
152 76 1
152 75 1
152 74 1
152 73 1
152 72 1
152 71 1
152 70 1
152 69 1
152 68 1
152 67 1
153 66 1
153 65 1
153 64 1
153 63 1
153 62 1
153 61 1
153 60 1
153 59 1
153 58 1
153 57 1
153 56 1
153 55 1
153 54 1
153 53 1
154 52 1
154 51 1
154 50 1
154 49 1
154 48 1
154 47 1
154 46 1
154 45 1
154 44 1
154 43 1
155 42 1
155 41 1
155 40 1
156 39 1
156 38 1
156 37 1
156 36 1
157 35 1
158 34 1
159 33 1
160 32 1
161 32 1
162 32 1
163 32 1
164 32 1
165 32 1
166 32 1
167 33 1
168 34 1
169 35 1
170 36 1
170 37 1
171 38 1
172 39 1
173 40 1
173 41 1
174 42 1
175 43 1
175 44 1
176 45 1
176 46 1
177 47 1
178 48 1
178 49 1
179 50 1
179 51 1
180 52 1
180 53 1
180 54 1
181 55 1
181 56 1
182 57 1
182 58 1
182 59 1
183 60 1
183 61 1
184 62 1
184 63 1
185 64 1
185 65 1
186 66 1
186 67 1
186 68 1
187 69 1
187 70 1
188 71 1
188 72 1
189 73 1
189 74 1
190 75 1
190 76 1
191 77 1
191 78 1
192 79 1
192 80 1
193 81 1
193 82 1
194 83 1
194 84 1
195 85 1
195 86 1
196 87 1
196 88 1
197 89 1
198 90 1
198 91 1
199 92 1
200 93 1
200 94 1
201 95 1
202 96 1
202 97 1
203 98 1
204 99 1
204 100 1
205 101 1
206 102 1
207 103 1
208 104 1
209 105 1
209 106 1
210 107 1
211 108 1
212 109 1
213 110 1
214 110 1
215 111 1
216 112 1
217 112 1
218 113 1
219 113 1
220 114 1
221 114 1
222 114 1
223 114 1
224 114 1
225 114 1
226 114 1
227 114 1
228 114 1
229 113 1
230 113 1
231 112 1
232 112 1
233 111 1
234 110 1
235 109 1
236 108 1
237 107 1
238 106 1
239 105 1
240 104 1
241 103 1
242 102 1
242 101 1
243 100 1
243 99 1
244 98 1
244 97 1
245 96 1
245 95 1
246 94 1
246 93 1
247 92 1
247 91 1
248 90 1
248 89 1
249 88 1
249 87 1
249 86 1
250 85 1
250 84 1
250 83 1
250 82 1
251 81 1
251 80 1
251 79 1
251 78 1
251 77 1
252 76 1
252 75 1
252 74 1
252 73 1
253 72 1
253 71 1
253 70 1
253 69 1
253 68 1
253 67 1
254 66 1
254 65 1
254 64 1
254 63 1
254 62 1
254 61 1
254 60 1
254 59 1
254 58 1
254 57 1
255 56 1
255 55 1
255 54 1
256 53 1
257 54 1
258 54 1
259 55 1
260 56 1
261 57 1
262 58 1
263 59 1
264 60 1
265 60 1
266 61 1
267 62 1
268 63 1
269 64 1
270 65 1
271 65 1
272 66 1
273 67 1
274 68 1
275 69 1
276 69 1
277 70 1
278 71 1
279 72 1
280 73 1
281 73 1
282 74 1
283 75 1
284 76 1
285 77 1
285 78 1
284 79 1
284 80 1
283 81 1
283 82 1
284 83 1
285 84 1
286 85 1
.PEN_UP
.PEN_DOWN
255 52 1
254 51 1
254 50 1
253 49 1
252 48 1
251 48 1
250 47 1
249 46 1
248 45 1
247 44 1
246 43 1
245 42 1
245 41 1
244 40 1
244 39 1
243 38 1
242 37 1
242 36 1
241 35 1
241 34 1
240 33 1
240 32 1
239 31 1
239 30 1
239 29 1
238 28 1
238 27 1
237 26 1
237 25 1
237 24 1
236 23 1
236 22 1
236 21 1
236 20 1
236 19 1
236 18 1
236 17 1
235 16 1
235 15 1
235 14 1
235 13 1
235 12 1
236 11 1
236 10 1
236 9 1
236 8 1
236 7 1
236 6 1
236 5 1
237 4 1
238 3 1
238 2 1
239 1 1
240 1 1
241 1 1
242 2 1
243 2 1
244 3 1
245 4 1
245 5 1
246 6 1
246 7 1
247 8 1
247 9 1
248 10 1
248 11 1
249 12 1
249 13 1
249 14 1
250 15 1
250 16 1
251 17 1
251 18 1
251 19 1
252 20 1
252 21 1
252 22 1
252 23 1
252 24 1
253 25 1
253 26 1
253 27 1
253 28 1
253 29 1
254 30 1
254 31 1
254 32 1
254 33 1
254 34 1
254 35 1
254 36 1
254 37 1
255 38 1
255 39 1
255 40 1
255 41 1
255 42 1
255 43 1
255 44 1
255 45 1
255 46 1
255 47 1
254 48 1
.PEN_UP
.PEN_DOWN
102 67 1
102 69 1
102 70 1
103 71 1
104 72 1
105 73 1
106 74 1
106 75 1
107 76 1
107 77 1
107 78 1
107 79 1
108 80 1
108 81 1
108 82 1
108 83 1
108 84 1
108 85 1
108 86 1
108 87 1
108 88 1
108 89 1
108 90 1
108 91 1
108 92 1
108 93 1
108 94 1
108 95 1
108 96 1
108 97 1
108 98 1
108 99 1
108 100 1
108 101 1
108 102 1
108 103 1
108 104 1
108 105 1
108 106 1
108 107 1
108 108 1
107 109 1
107 110 1
107 111 1
107 112 1
107 113 1
107 114 1
107 115 1
106 116 1
.PEN_UP
.PEN_DOWN
102 72 1
102 73 1
101 74 1
101 75 1
101 76 1
101 77 1
101 78 1
101 79 1
101 80 1
100 81 1
100 82 1
100 83 1
100 84 1
100 85 1
100 86 1
100 87 1
99 88 1
99 89 1
99 90 1
99 91 1
99 92 1
99 93 1
99 94 1
98 95 1
98 96 1
98 97 1
98 98 1
98 99 1
98 100 1
98 101 1
97 102 1
97 103 1
97 104 1
97 105 1
97 106 1
97 107 1
97 108 1
97 109 1
97 110 1
96 111 1
96 112 1
96 113 1
96 114 1
96 115 1
96 116 1
96 117 1
96 118 1
96 119 1
95 120 1
95 121 1
95 122 1
95 123 1
95 124 1
95 125 1
95 126 1
95 127 1
95 128 1
94 129 1
94 130 1
94 131 1
94 132 1
94 133 1
94 134 1
94 135 1
94 136 1
94 137 1
94 138 1
93 139 1
93 140 1
93 141 1
93 142 1
93 143 1
93 144 1
93 145 1
93 146 1
93 147 1
93 148 1
93 149 1
92 150 1
92 151 1
92 152 1
92 153 1
92 154 1
92 155 1
92 156 1
92 157 1
92 158 1
92 159 1
92 160 1
92 161 1
92 162 1
92 163 1
91 164 1
91 165 1
91 166 1
91 167 1
91 168 1
92 169 1
92 170 1
92 171 1
92 172 1
92 173 1
92 174 1
92 175 1
92 176 1
93 177 1
94 176 1
95 176 1
96 176 1
97 175 1
98 174 1
99 173 1
100 172 1
100 171 1
101 170 1
101 169 1
102 168 1
102 167 1
103 166 1
103 165 1
104 164 1
104 163 1
.PEN_UP
.PEN_DOWN
103 66 1
103 64 1
103 63 1
103 62 1
103 61 1
104 60 1
104 59 1
104 58 1
104 57 1
104 56 1
104 55 1
104 54 1
105 53 1
105 52 1
105 51 1
105 50 1
105 49 1
105 48 1
106 47 1
106 46 1
106 45 1
106 44 1
107 43 1
107 42 1
107 41 1
107 40 1
107 39 1
108 38 1
108 37 1
108 36 1
108 35 1
109 34 1
109 33 1
109 32 1
109 31 1
109 30 1
110 29 1
110 28 1
110 27 1
110 26 1
111 25 1
111 24 1
111 23 1
112 22 1
113 21 1
113 20 1
114 19 1
114 18 1
114 17 1
115 16 1
115 15 1
115 14 1
115 13 1
116 12 1
116 11 1
116 10 1
116 9 1
117 8 1
117 7 1
.PEN_UP
