.PEN_DOWN
132 29 1
131 29 1
130 29 1
129 29 1
128 29 1
127 30 1
126 30 1
125 30 1
124 31 1
123 32 1
122 33 1
121 34 1
121 35 1
120 36 1
119 37 1
119 38 1
118 39 1
117 40 1
117 41 1
117 42 1
116 43 1
116 44 1
115 45 1
115 46 1
115 47 1
115 48 1
115 49 1
115 50 1
114 51 1
114 52 1
114 53 1
115 54 1
115 55 1
115 56 1
115 57 1
115 58 1
115 59 1
116 60 1
116 61 1
117 62 1
117 63 1
118 64 1
118 65 1
119 66 1
119 67 1
120 68 1
120 69 1
121 70 1
121 71 1
122 72 1
123 72 1
124 73 1
125 74 1
126 74 1
127 75 1
128 75 1
129 76 1
130 77 1
131 77 1
132 78 1
133 78 1
134 79 1
135 79 1
136 79 1
137 79 1
138 80 1
139 80 1
140 80 1
141 80 1
142 80 1
143 80 1
144 80 1
145 80 1
146 80 1
147 80 1
148 80 1
149 80 1
150 80 1
151 79 1
152 79 1
153 79 1
154 78 1
155 78 1
156 78 1
157 77 1
158 77 1
159 76 1
160 75 1
161 74 1
162 73 1
163 72 1
164 71 1
165 70 1
166 69 1
167 68 1
168 67 1
169 66 1
169 65 1
170 64 1
171 63 1
172 62 1
172 61 1
173 60 1
174 59 1
175 58 1
175 57 1
176 56 1
176 55 1
177 54 1
177 53 1
178 52 1
179 51 1
181 52 1
182 53 1
182 54 1
182 55 1
182 56 1
183 57 1
183 58 1
183 59 1
183 60 1
184 61 1
184 62 1
184 63 1
185 64 1
185 65 1
186 66 1
186 67 1
186 68 1
187 69 1
187 70 1
188 71 1
188 72 1
189 73 1
189 74 1
189 75 1
190 76 1
190 77 1
191 78 1
191 79 1
192 80 1
192 81 1
193 82 1
194 83 1
194 84 1
195 85 1
196 86 1
196 87 1
197 88 1
198 89 1
199 90 1
199 91 1
200 92 1
201 93 1
202 94 1
203 95 1
204 95 1
205 96 1
206 97 1
207 97 1
208 97 1
209 98 1
210 98 1
211 98 1
212 98 1
213 98 1
214 98 1
215 98 1
216 98 1
217 98 1
218 97 1
219 96 1
220 95 1
221 94 1
221 93 1
222 92 1
222 91 1
222 90 1
222 89 1
223 88 1
223 87 1
223 86 1
223 85 1
224 84 1
224 83 1
224 82 1
224 81 1
224 80 1
225 79 1
225 78 1
225 77 1
225 76 1
225 75 1
225 74 1
226 73 1
226 72 1
226 71 1
226 70 1
226 69 1
226 68 1
226 67 1
227 66 1
227 65 1
227 64 1
227 63 1
227 62 1
227 61 1
227 60 1
228 59 1
228 58 1
228 57 1
228 56 1
228 55 1
228 54 1
228 53 1
228 52 1
229 51 1
229 50 1
229 49 1
229 48 1
229 47 1
229 46 1
229 45 1
229 44 1
229 43 1
229 42 1
229 41 1
230 40 1
230 39 1
230 38 1
230 37 1
230 36 1
230 35 1
230 34 1
230 33 1
230 32 1
230 31 1
230 30 1
230 29 1
230 28 1
230 27 1
230 26 1
231 25 1
231 24 1
231 23 1
231 22 1
231 21 1
231 20 1
231 19 1
231 18 1
231 17 1
231 16 1
231 15 1
231 14 1
231 13 1
231 12 1
231 11 1
231 10 1
231 9 1
231 8 1
231 7 1
231 6 1
231 5 1
230 4 1
229 3 1
228 2 1
227 2 1
226 2 1
225 1 1
224 1 1
.PEN_UP
.PEN_DOWN
180 50 1
180 49 1
180 48 1
181 47 1
181 46 1
181 45 1
181 44 1
183 42 1
184 41 1
184 40 1
185 39 1
185 38 1
185 37 1
186 36 1
186 35 1
187 34 1
187 33 1
187 32 1
188 31 1
188 30 1
188 29 1
189 28 1
189 27 1
189 26 1
190 25 1
190 24 1
190 23 1
190 22 1
190 21 1
191 20 1
191 19 1
191 18 1
191 17 1
191 16 1
190 15 1
189 14 1
188 14 1
187 15 1
186 16 1
185 17 1
185 18 1
185 19 1
185 20 1
184 21 1
184 22 1
184 23 1
183 24 1
183 25 1
183 26 1
183 27 1
182 28 1
182 29 1
182 30 1
182 31 1
181 32 1
181 33 1
181 34 1
181 35 1
181 36 1
181 37 1
181 38 1
181 39 1
180 40 1
180 41 1
180 42 1
181 43 1
.PEN_UP
.PEN_DOWN
1 177 1
2 178 1
2 179 1
2 180 1
3 181 1
3 182 1
3 183 1
4 184 1
4 185 1
4 186 1
5 187 1
5 188 1
6 189 1
6 190 1
7 191 1
8 192 1
8 193 1
9 194 1
9 195 1
10 196 1
10 197 1
11 198 1
11 199 1
12 200 1
13 201 1
13 202 1
14 203 1
14 204 1
15 205 1
15 206 1
16 207 1
17 208 1
17 209 1
18 210 1
18 211 1
19 212 1
20 213 1
21 214 1
22 215 1
23 216 1
23 217 1
24 218 1
25 219 1
26 220 1
27 221 1
28 222 1
29 223 1
30 223 1
31 224 1
32 225 1
33 226 1
34 227 1
35 228 1
36 228 1
37 229 1
38 229 1
39 230 1
40 230 1
41 231 1
42 231 1
43 232 1
44 232 1
45 233 1
46 233 1
47 233 1
48 234 1
49 234 1
50 235 1
51 235 1
52 235 1
53 236 1
54 236 1
55 237 1
56 237 1
57 237 1
58 238 1
59 238 1
60 238 1
61 238 1
62 238 1
63 239 1
64 239 1
65 239 1
66 239 1
67 240 1
68 240 1
69 240 1
70 240 1
71 240 1
72 241 1
73 241 1
74 241 1
75 241 1
76 241 1
77 241 1
78 241 1
79 242 1
80 242 1
81 242 1
82 242 1
83 242 1
84 242 1
85 242 1
86 242 1
87 243 1
88 243 1
89 243 1
90 243 1
91 243 1
92 243 1
93 243 1
94 243 1
95 243 1
96 243 1
97 243 1
98 243 1
101 243 1
102 243 1
103 243 1
104 243 1
105 243 1
106 243 1
107 243 1
108 243 1
109 243 1
110 243 1
111 243 1
112 243 1
113 243 1
114 243 1
115 243 1
116 243 1
.PEN_UP
.PEN_DOWN
99 242 1
99 245 1
99 246 1
99 247 1
99 248 1
99 249 1
99 250 1
99 251 1
99 252 1
99 253 1
99 254 1
99 255 1
99 256 1
99 257 1
99 258 1
99 259 1
99 260 1
99 261 1
99 262 1
99 263 1
99 264 1
99 265 1
98 266 1
98 267 1
98 268 1
98 269 1
98 270 1
98 271 1
98 272 1
98 273 1
98 274 1
98 275 1
98 276 1
98 277 1
98 278 1
98 279 1
98 280 1
98 281 1
98 282 1
98 283 1
98 284 1
98 285 1
98 286 1
98 287 1
98 288 1
98 289 1
98 290 1
98 291 1
98 292 1
98 293 1
98 294 1
98 295 1
98 296 1
98 297 1
98 298 1
98 299 1
98 300 1
98 301 1
98 302 1
98 303 1
98 304 1
98 305 1
98 306 1
98 307 1
98 308 1
98 309 1
98 310 1
98 311 1
98 312 1
98 313 1
98 314 1
98 315 1
98 316 1
98 317 1
98 318 1
98 319 1
98 320 1
98 321 1
98 322 1
98 323 1
98 324 1
98 325 1
98 326 1
98 327 1
98 328 1
98 329 1
98 330 1
98 331 1
98 332 1
98 333 1
98 334 1
98 335 1
98 336 1
98 337 1
98 338 1
98 339 1
98 340 1
98 341 1
98 342 1
98 343 1
98 344 1
98 345 1
98 346 1
98 347 1
98 348 1
98 349 1
98 350 1
98 351 1
98 352 1
98 353 1
98 354 1
98 355 1
98 356 1
98 357 1
98 358 1
98 359 1
98 360 1
98 361 1
98 362 1
98 363 1
98 364 1
98 365 1
98 366 1
98 367 1
98 368 1
99 369 1
99 370 1
99 371 1
99 372 1
99 373 1
98 374 1
98 375 1
98 376 1
98 377 1
98 378 1
.PEN_UP
.PEN_DOWN
99 241 1
99 240 1
99 239 1
99 238 1
99 237 1
99 236 1
99 235 1
99 234 1
99 233 1
99 232 1
99 231 1
99 230 1
99 229 1
99 228 1
99 227 1
99 226 1
99 225 1
99 224 1
99 223 1
99 222 1
99 221 1
99 220 1
99 219 1
99 218 1
99 217 1
99 216 1
99 215 1
99 214 1
99 213 1
99 212 1
99 211 1
99 210 1
99 209 1
99 208 1
99 207 1
99 206 1
99 205 1
99 204 1
99 203 1
99 202 1
99 201 1
99 200 1
99 199 1
99 198 1
99 197 1
99 196 1
99 195 1
99 194 1
99 193 1
99 192 1
99 191 1
99 190 1
98 189 1
98 188 1
98 187 1
98 186 1
98 185 1
97 184 1
97 183 1
97 182 1
96 181 1
96 180 1
96 179 1
95 178 1
94 177 1
94 176 1
93 175 1
93 174 1
.PEN_UP
.PEN_DOWN
185 88 1
185 89 1
185 90 1
185 91 1
185 92 1
185 93 1
185 94 1
185 95 1
186 96 1
186 97 1
186 98 1
186 99 1
186 100 1
186 101 1
186 102 1
186 103 1
186 104 1
186 105 1
186 106 1
186 107 1
186 108 1
186 109 1
186 110 1
186 111 1
186 112 1
186 113 1
186 114 1
186 115 1
186 116 1
186 117 1
186 118 1
186 119 1
186 120 1
186 121 1
186 122 1
186 123 1
186 124 1
186 125 1
186 126 1
186 127 1
186 128 1
186 129 1
186 130 1
186 131 1
186 132 1
186 133 1
185 134 1
185 135 1
185 136 1
185 137 1
185 138 1
185 139 1
185 140 1
184 141 1
184 142 1
184 143 1
184 144 1
184 145 1
183 146 1
183 147 1
183 148 1
183 149 1
182 150 1
182 151 1
182 152 1
181 153 1
181 154 1
180 155 1
180 156 1
179 157 1
178 158 1
177 159 1
176 160 1
175 161 1
174 162 1
173 163 1
172 164 1
171 165 1
170 166 1
169 166 1
168 167 1
167 167 1
166 168 1
166 169 1
165 170 1
164 170 1
163 170 1
162 170 1
161 170 1
160 170 1
159 170 1
158 170 1
157 171 1
156 171 1
155 171 1
154 171 1
153 171 1
152 172 1
151 173 1
150 174 1
149 174 1
148 174 1
147 174 1
146 175 1
145 175 1
144 175 1
143 175 1
142 175 1
141 176 1
140 176 1
139 176 1
138 176 1
137 177 1
136 177 1
135 177 1
134 177 1
133 177 1
132 178 1
131 178 1
130 178 1
129 178 1
128 178 1
127 178 1
126 179 1
125 179 1
124 179 1
123 179 1
122 179 1
121 179 1
120 179 1
119 179 1
118 179 1
117 179 1
116 179 1
115 179 1
114 179 1
113 179 1
112 178 1
112 177 1
113 176 1
114 175 1
115 175 1
116 174 1
117 173 1
118 173 1
119 173 1
120 173 1
121 172 1
122 172 1
123 172 1
124 171 1
125 171 1
126 171 1
127 171 1
128 171 1
129 171 1
130 171 1
131 171 1
132 171 1
133 170 1
134 170 1
135 170 1
136 170 1
137 170 1
138 170 1
139 170 1
140 170 1
141 170 1
142 170 1
143 170 1
144 170 1
145 170 1
146 170 1
147 170 1
148 170 1
149 170 1
150 170 1
151 171 1
.PEN_UP
.PEN_DOWN
167 170 1
168 170 1
169 170 1
170 170 1
171 170 1
172 170 1
173 170 1
174 170 1
175 170 1
176 170 1
177 170 1
178 170 1
179 170 1
180 170 1
181 170 1
182 170 1
183 170 1
184 170 1
185 170 1
186 171 1
187 171 1
188 171 1
189 171 1
190 171 1
191 171 1
192 171 1
193 171 1
194 171 1
195 171 1
196 171 1
197 171 1
198 171 1
199 171 1
200 171 1
201 171 1
202 172 1
203 172 1
204 172 1
205 172 1
206 172 1
207 172 1
208 172 1
209 172 1
210 172 1
211 172 1
212 172 1
213 172 1
214 172 1
215 172 1
216 173 1
217 173 1
218 173 1
219 173 1
220 173 1
221 173 1
222 173 1
223 173 1
224 173 1
225 173 1
226 173 1
227 173 1
228 174 1
229 174 1
230 174 1
231 174 1
232 174 1
233 174 1
234 174 1
235 174 1
236 174 1
237 174 1
238 175 1
239 175 1
240 175 1
241 175 1
242 175 1
243 175 1
244 175 1
245 175 1
246 175 1
247 175 1
248 175 1
.PEN_UP
.PEN_DOWN
129 254 1
130 254 1
131 254 1
132 254 1
133 255 1
134 255 1
135 255 1
136 255 1
137 255 1
138 255 1
139 256 1
140 256 1
141 256 1
142 256 1
143 256 1
144 256 1
145 256 1
146 256 1
147 256 1
148 257 1
149 257 1
150 257 1
151 257 1
152 257 1
153 257 1
154 257 1
155 257 1
156 257 1
157 257 1
158 258 1
159 258 1
160 258 1
161 258 1
162 258 1
163 258 1
164 258 1
165 258 1
166 258 1
167 258 1
168 258 1
169 258 1
170 259 1
171 259 1
172 259 1
173 259 1
174 259 1
175 259 1
176 259 1
177 259 1
178 259 1
179 259 1
180 259 1
181 259 1
182 259 1
183 260 1
184 260 1
185 260 1
186 260 1
187 260 1
188 260 1
189 260 1
190 260 1
191 260 1
192 260 1
193 260 1
194 260 1
195 260 1
196 260 1
197 260 1
198 260 1
199 260 1
200 260 1
201 260 1
202 260 1
203 260 1
204 260 1
205 260 1
206 260 1
207 260 1
208 260 1
209 260 1
210 260 1
211 260 1
212 260 1
213 260 1
214 260 1
215 261 1
216 261 1
217 261 1
218 261 1
219 261 1
220 261 1
221 261 1
222 261 1
223 261 1
224 261 1
225 261 1
226 261 1
227 260 1
228 260 1
.PEN_UP
