.PEN_DOWN
17 23 1
16 24 1
16 25 1
16 26 1
16 27 1
15 28 1
15 29 1
15 30 1
14 31 1
14 32 1
14 33 1
14 34 1
14 35 1
13 36 1
13 37 1
13 38 1
13 39 1
13 40 1
13 41 1
12 42 1
12 43 1
12 44 1
12 45 1
12 46 1
12 47 1
11 48 1
11 49 1
11 50 1
11 51 1
11 52 1
11 53 1
11 54 1
11 55 1
11 56 1
11 57 1
11 58 1
11 59 1
10 60 1
10 61 1
10 62 1
10 63 1
10 64 1
10 65 1
10 66 1
10 67 1
10 68 1
10 69 1
10 70 1
10 71 1
10 72 1
10 73 1
9 74 1
9 75 1
9 76 1
9 77 1
9 78 1
9 79 1
9 80 1
9 81 1
9 82 1
9 83 1
9 84 1
9 85 1
8 86 1
8 87 1
8 88 1
8 89 1
8 90 1
8 91 1
8 92 1
8 93 1
8 94 1
8 95 1
8 96 1
8 97 1
7 98 1
7 99 1
7 100 1
7 101 1
7 102 1
7 103 1
7 104 1
7 105 1
7 106 1
7 107 1
7 108 1
7 109 1
6 110 1
6 111 1
6 112 1
6 113 1
6 114 1
6 115 1
6 116 1
6 117 1
6 118 1
6 119 1
6 120 1
6 121 1
6 122 1
6 123 1
6 124 1
5 125 1
5 126 1
5 127 1
5 128 1
5 129 1
5 130 1
5 131 1
5 132 1
5 133 1
5 134 1
5 135 1
5 136 1
5 137 1
5 138 1
5 139 1
4 140 1
4 141 1
4 142 1
4 143 1
4 144 1
4 145 1
4 146 1
4 147 1
4 148 1
4 149 1
4 150 1
4 151 1
4 152 1
4 153 1
3 154 1
3 155 1
3 156 1
3 157 1
3 158 1
3 159 1
3 160 1
3 161 1
3 162 1
3 163 1
3 164 1
3 165 1
2 166 1
2 167 1
2 168 1
2 169 1
2 170 1
2 171 1
2 172 1
2 173 1
2 174 1
2 175 1
2 176 1
2 177 1
2 178 1
2 179 1
2 180 1
2 181 1
2 182 1
1 183 1
1 184 1
1 185 1
1 186 1
1 187 1
1 188 1
1 189 1
1 190 1
1 191 1
1 192 1
1 193 1
1 194 1
1 195 1
1 196 1
1 197 1
1 198 1
2 199 1
2 200 1
.PEN_UP
.PEN_DOWN
92 1 1
92 2 1
92 3 1
91 4 1
91 5 1
91 6 1
91 7 1
91 8 1
91 9 1
91 10 1
91 11 1
91 12 1
91 13 1
91 14 1
92 15 1
92 16 1
92 17 1
92 18 1
92 19 1
92 20 1
92 21 1
92 22 1
92 23 1
92 24 1
92 25 1
92 26 1
92 27 1
92 28 1
92 29 1
92 30 1
92 31 1
92 32 1
92 33 1
92 34 1
92 35 1
92 36 1
92 37 1
92 38 1
92 39 1
92 40 1
92 41 1
92 42 1
92 43 1
92 44 1
92 45 1
92 46 1
92 47 1
92 48 1
92 49 1
92 50 1
92 51 1
92 52 1
92 53 1
92 54 1
92 55 1
92 56 1
92 57 1
92 58 1
92 59 1
92 60 1
92 61 1
92 62 1
92 63 1
92 64 1
92 65 1
92 66 1
92 67 1
92 68 1
92 69 1
92 70 1
92 71 1
92 72 1
92 73 1
92 74 1
92 75 1
91 76 1
91 77 1
91 78 1
91 79 1
91 80 1
91 81 1
91 82 1
91 83 1
91 84 1
91 85 1
91 86 1
91 87 1
91 88 1
91 89 1
92 90 1
94 89 1
95 88 1
96 87 1
96 86 1
97 85 1
97 84 1
98 83 1
99 82 1
99 81 1
100 80 1
100 79 1
101 78 1
102 77 1
102 76 1
103 75 1
104 74 1
105 73 1
106 72 1
107 71 1
108 70 1
109 69 1
110 68 1
110 67 1
111 66 1
112 65 1
113 64 1
114 63 1
115 62 1
116 61 1
117 60 1
118 59 1
119 58 1
120 57 1
121 56 1
122 55 1
123 54 1
124 53 1
125 52 1
126 52 1
127 51 1
128 50 1
129 49 1
130 49 1
131 48 1
132 47 1
133 47 1
134 46 1
135 45 1
136 44 1
137 44 1
138 44 1
139 43 1
140 43 1
141 42 1
142 42 1
143 42 1
144 41 1
145 41 1
146 40 1
147 40 1
148 40 1
149 40 1
150 40 1
151 39 1
152 39 1
153 39 1
154 39 1
155 39 1
156 38 1
157 38 1
158 38 1
159 38 1
160 38 1
161 38 1
162 38 1
163 38 1
164 38 1
165 38 1
166 39 1
167 39 1
168 39 1
169 39 1
170 39 1
171 40 1
172 40 1
173 40 1
174 40 1
175 41 1
176 41 1
177 41 1
178 42 1
179 42 1
180 43 1
181 43 1
182 43 1
183 44 1
184 44 1
185 45 1
186 46 1
187 46 1
188 47 1
189 47 1
190 48 1
191 49 1
192 50 1
193 50 1
194 51 1
195 52 1
196 53 1
197 54 1
198 55 1
199 55 1
200 56 1
201 57 1
202 58 1
203 59 1
204 60 1
205 61 1
206 61 1
207 62 1
208 63 1
209 63 1
210 64 1
211 65 1
211 66 1
212 67 1
.PEN_UP
.PEN_DOWN
92 91 1
92 92 1
92 93 1
91 94 1
91 95 1
91 96 1
90 97 1
90 98 1
90 99 1
90 100 1
90 101 1
90 102 1
90 103 1
90 104 1
89 105 1
89 106 1
89 107 1
89 108 1
89 109 1
88 110 1
88 111 1
88 112 1
88 113 1
88 114 1
88 115 1
88 116 1
88 117 1
88 118 1
88 119 1
88 120 1
88 121 1
87 122 1
87 123 1
87 124 1
87 125 1
87 126 1
87 127 1
87 128 1
87 129 1
87 130 1
87 131 1
87 132 1
87 133 1
87 134 1
87 135 1
87 136 1
87 137 1
87 138 1
88 139 1
88 140 1
88 141 1
88 142 1
88 143 1
88 144 1
88 145 1
88 146 1
88 147 1
88 148 1
88 149 1
88 150 1
88 151 1
88 152 1
88 153 1
88 154 1
88 155 1
89 156 1
89 157 1
89 158 1
89 159 1
89 160 1
89 161 1
89 162 1
89 163 1
90 164 1
90 165 1
90 166 1
90 167 1
91 168 1
91 169 1
92 170 1
92 171 1
93 172 1
94 173 1
.PEN_UP
