.PEN_DOWN
41 10 1
41 11 1
41 12 1
41 13 1
41 14 1
41 15 1
40 16 1
40 17 1
40 18 1
40 19 1
39 20 1
39 21 1
39 22 1
38 23 1
38 24 1
38 25 1
38 26 1
38 27 1
37 28 1
37 29 1
37 30 1
37 31 1
36 32 1
36 33 1
36 34 1
36 35 1
36 36 1
35 37 1
35 38 1
35 39 1
35 40 1
34 41 1
34 42 1
34 43 1
34 44 1
34 45 1
33 46 1
33 47 1
33 48 1
33 49 1
33 50 1
32 51 1
32 52 1
32 53 1
32 54 1
31 55 1
31 56 1
31 57 1
31 58 1
31 59 1
30 60 1
30 61 1
30 62 1
30 63 1
30 64 1
29 65 1
29 66 1
29 67 1
29 68 1
29 69 1
28 70 1
28 71 1
28 72 1
28 73 1
28 74 1
27 75 1
27 76 1
27 77 1
27 78 1
26 79 1
26 80 1
26 81 1
26 82 1
26 83 1
25 84 1
25 85 1
25 86 1
25 87 1
25 88 1
24 89 1
24 90 1
24 91 1
24 92 1
24 93 1
23 94 1
23 95 1
23 96 1
23 97 1
22 98 1
22 99 1
22 100 1
22 101 1
21 102 1
21 103 1
21 104 1
21 105 1
20 106 1
20 107 1
20 108 1
20 109 1
19 110 1
19 111 1
19 112 1
19 113 1
18 114 1
18 115 1
18 116 1
18 117 1
17 118 1
17 119 1
17 120 1
17 121 1
16 122 1
16 123 1
16 124 1
16 125 1
16 126 1
15 127 1
15 128 1
15 129 1
15 130 1
15 131 1
14 132 1
14 133 1
14 134 1
14 135 1
13 136 1
13 137 1
13 138 1
13 139 1
13 140 1
12 141 1
12 142 1
12 143 1
12 144 1
12 145 1
11 146 1
11 147 1
11 148 1
11 149 1
11 150 1
10 151 1
10 152 1
10 153 1
10 154 1
10 155 1
10 156 1
10 157 1
9 158 1
9 159 1
9 160 1
9 161 1
9 162 1
9 163 1
9 164 1
8 165 1
8 166 1
8 167 1
8 168 1
8 169 1
8 170 1
8 171 1
8 172 1
7 173 1
7 174 1
7 175 1
7 176 1
7 177 1
7 178 1
7 179 1
6 180 1
6 181 1
6 182 1
6 183 1
6 184 1
6 185 1
6 186 1
6 187 1
6 188 1
6 189 1
5 190 1
5 191 1
5 192 1
5 193 1
5 194 1
5 195 1
5 196 1
5 197 1
5 198 1
5 199 1
4 200 1
4 201 1
4 202 1
4 203 1
4 204 1
4 205 1
4 206 1
4 207 1
4 208 1
4 209 1
3 210 1
3 211 1
3 212 1
3 213 1
3 214 1
3 215 1
3 216 1
3 217 1
3 218 1
3 219 1
3 220 1
3 221 1
2 222 1
2 223 1
2 224 1
2 225 1
2 226 1
2 227 1
2 228 1
2 229 1
2 230 1
2 231 1
2 232 1
2 233 1
2 234 1
1 235 1
1 236 1
1 237 1
1 238 1
1 239 1
1 240 1
1 241 1
1 242 1
1 243 1
1 244 1
1 245 1
1 246 1
1 247 1
1 248 1
1 249 1
1 250 1
1 251 1
1 252 1
1 253 1
1 254 1
1 255 1
1 256 1
1 257 1
1 258 1
1 259 1
1 260 1
1 261 1
1 262 1
1 263 1
1 264 1
1 265 1
1 266 1
1 267 1
1 268 1
1 269 1
1 270 1
1 271 1
1 272 1
1 273 1
1 274 1
1 275 1
1 276 1
1 277 1
1 278 1
1 279 1
1 280 1
1 281 1
1 282 1
1 283 1
2 284 1
3 284 1
4 284 1
5 284 1
6 283 1
.PEN_UP
.PEN_DOWN
156 1 1
156 2 1
156 3 1
156 4 1
156 5 1
156 6 1
156 7 1
156 8 1
156 9 1
156 10 1
156 11 1
156 12 1
156 13 1
156 14 1
156 15 1
156 16 1
157 17 1
157 18 1
157 19 1
157 20 1
157 21 1
157 22 1
157 23 1
157 24 1
157 25 1
157 26 1
157 27 1
157 28 1
157 29 1
157 30 1
157 31 1
157 32 1
157 33 1
157 34 1
157 35 1
157 36 1
157 37 1
157 38 1
157 39 1
157 40 1
157 41 1
157 42 1
157 43 1
157 44 1
157 45 1
157 46 1
157 47 1
157 48 1
157 49 1
157 50 1
157 51 1
157 52 1
157 53 1
157 54 1
157 55 1
157 56 1
157 57 1
157 58 1
157 59 1
157 60 1
157 61 1
157 62 1
157 63 1
157 64 1
157 65 1
157 66 1
157 67 1
157 68 1
157 69 1
157 70 1
157 71 1
157 72 1
157 73 1
157 74 1
157 75 1
157 76 1
157 77 1
157 78 1
157 79 1
157 80 1
157 81 1
157 82 1
157 83 1
156 84 1
156 85 1
156 86 1
156 87 1
156 88 1
156 89 1
156 90 1
156 91 1
156 92 1
156 93 1
156 94 1
156 95 1
156 96 1
156 97 1
156 98 1
156 99 1
156 100 1
156 101 1
156 102 1
156 103 1
156 104 1
155 105 1
155 106 1
155 107 1
155 108 1
155 109 1
155 110 1
155 111 1
155 112 1
155 113 1
155 114 1
155 115 1
154 116 1
154 117 1
154 118 1
155 119 1
155 121 1
155 122 1
155 123 1
155 124 1
154 125 1
154 126 1
154 127 1
154 128 1
154 129 1
154 130 1
153 131 1
152 132 1
152 133 1
152 134 1
152 135 1
152 136 1
152 137 1
153 138 1
152 140 1
152 141 1
152 142 1
152 143 1
152 144 1
151 145 1
150 146 1
150 147 1
150 148 1
150 149 1
150 150 1
150 151 1
150 152 1
150 153 1
150 154 1
150 155 1
150 156 1
150 157 1
150 158 1
150 159 1
150 160 1
150 161 1
150 162 1
150 163 1
150 164 1
150 165 1
150 166 1
149 167 1
149 168 1
149 169 1
149 170 1
149 171 1
149 172 1
149 173 1
149 174 1
149 175 1
149 176 1
148 177 1
148 178 1
148 179 1
148 180 1
148 181 1
148 182 1
148 183 1
148 184 1
148 185 1
148 186 1
148 187 1
148 188 1
147 189 1
147 190 1
147 191 1
147 192 1
147 193 1
147 194 1
147 195 1
146 196 1
146 197 1
146 198 1
146 199 1
146 200 1
146 201 1
146 202 1
146 203 1
146 204 1
146 205 1
146 206 1
146 207 1
145 208 1
144 209 1
144 210 1
144 211 1
144 212 1
144 213 1
144 214 1
144 215 1
145 216 1
145 218 1
144 219 1
144 220 1
144 221 1
144 222 1
.PEN_UP
.PEN_DOWN
146 216 1
147 215 1
148 214 1
148 213 1
148 212 1
148 211 1
148 210 1
148 209 1
147 208 1
.PEN_UP
.PEN_DOWN
153 139 1
155 137 1
156 136 1
156 135 1
156 134 1
156 133 1
156 132 1
155 131 1
.PEN_UP
.PEN_DOWN
155 120 1
157 118 1
158 117 1
158 116 1
158 115 1
159 114 1
159 113 1
159 112 1
159 111 1
159 110 1
159 109 1
159 108 1
159 107 1
159 106 1
160 105 1
160 104 1
160 103 1
161 102 1
161 101 1
161 100 1
162 99 1
162 98 1
162 97 1
163 96 1
163 95 1
163 94 1
164 93 1
164 92 1
164 91 1
164 90 1
164 89 1
164 88 1
165 87 1
165 86 1
165 85 1
165 84 1
165 83 1
165 82 1
165 81 1
165 80 1
165 79 1
165 78 1
165 77 1
165 76 1
166 75 1
166 74 1
166 73 1
166 72 1
166 71 1
166 70 1
166 69 1
166 68 1
166 67 1
166 66 1
167 65 1
167 64 1
167 63 1
168 62 1
169 61 1
170 60 1
170 59 1
171 58 1
171 57 1
172 56 1
173 55 1
173 54 1
174 53 1
174 52 1
175 51 1
176 50 1
177 49 1
178 48 1
179 47 1
180 46 1
181 45 1
182 45 1
183 44 1
184 43 1
185 43 1
186 42 1
187 41 1
188 41 1
189 40 1
190 40 1
191 39 1
192 38 1
193 38 1
194 37 1
195 37 1
196 36 1
197 36 1
198 35 1
199 35 1
200 34 1
201 33 1
202 33 1
203 33 1
204 32 1
205 32 1
206 32 1
207 31 1
208 31 1
209 31 1
210 31 1
211 31 1
212 31 1
213 30 1
214 30 1
215 30 1
216 30 1
217 30 1
218 30 1
219 31 1
220 31 1
221 31 1
222 31 1
223 31 1
224 31 1
225 31 1
226 31 1
227 32 1
228 32 1
229 32 1
230 32 1
231 32 1
232 33 1
233 33 1
234 33 1
235 33 1
236 34 1
237 34 1
238 34 1
239 35 1
240 35 1
241 35 1
242 35 1
243 36 1
244 36 1
245 36 1
246 36 1
247 36 1
248 36 1
249 37 1
250 37 1
251 37 1
252 37 1
253 38 1
254 38 1
255 38 1
256 38 1
257 39 1
258 39 1
259 39 1
260 39 1
261 40 1
262 40 1
263 40 1
264 40 1
265 41 1
266 41 1
267 41 1
268 41 1
269 41 1
270 42 1
271 42 1
272 42 1
273 43 1
274 43 1
275 44 1
276 44 1
277 45 1
278 45 1
279 46 1
280 46 1
281 46 1
282 47 1
283 47 1
284 48 1
285 48 1
286 49 1
287 49 1
288 50 1
289 50 1
290 50 1
291 51 1
292 51 1
293 52 1
294 52 1
295 53 1
296 53 1
297 54 1
298 55 1
299 55 1
300 56 1
301 57 1
302 58 1
302 59 1
303 60 1
304 61 1
304 62 1
305 63 1
306 64 1
306 65 1
307 66 1
307 67 1
.PEN_UP
