.PEN_DOWN
8 38 1
8 39 1
8 40 1
8 41 1
8 42 1
8 43 1
7 44 1
7 45 1
7 46 1
7 47 1
7 48 1
7 49 1
6 50 1
6 51 1
6 52 1
6 53 1
6 54 1
6 55 1
6 56 1
6 57 1
6 58 1
6 59 1
6 60 1
6 61 1
5 62 1
5 63 1
5 64 1
5 65 1
5 66 1
5 67 1
5 68 1
5 69 1
5 70 1
5 71 1
5 72 1
5 73 1
5 74 1
5 75 1
5 76 1
5 77 1
5 78 1
5 79 1
6 80 1
6 81 1
6 82 1
5 83 1
5 84 1
5 85 1
5 86 1
5 87 1
5 88 1
5 89 1
5 90 1
5 91 1
5 92 1
5 93 1
5 94 1
5 95 1
5 96 1
5 97 1
5 98 1
5 99 1
5 100 1
4 101 1
4 102 1
4 103 1
4 104 1
4 105 1
4 106 1
4 107 1
4 108 1
4 109 1
4 110 1
4 111 1
4 112 1
4 113 1
4 114 1
4 115 1
3 116 1
3 117 1
3 118 1
3 119 1
3 120 1
3 121 1
3 122 1
3 123 1
3 124 1
3 125 1
3 126 1
3 127 1
3 128 1
3 129 1
3 130 1
3 131 1
3 132 1
3 133 1
3 134 1
3 135 1
3 136 1
3 137 1
3 138 1
3 139 1
3 140 1
3 141 1
3 142 1
3 143 1
3 144 1
3 145 1
3 146 1
2 147 1
2 148 1
2 149 1
2 150 1
2 151 1
2 152 1
2 153 1
2 154 1
2 155 1
2 156 1
2 157 1
2 158 1
2 159 1
2 160 1
2 161 1
2 162 1
2 163 1
2 164 1
2 165 1
2 166 1
2 167 1
2 168 1
2 169 1
2 170 1
2 171 1
2 172 1
2 173 1
2 174 1
2 175 1
2 176 1
2 177 1
2 178 1
2 179 1
1 180 1
1 181 1
1 182 1
1 183 1
1 184 1
1 185 1
1 186 1
1 187 1
1 188 1
1 189 1
1 190 1
1 191 1
1 192 1
1 193 1
1 194 1
1 195 1
1 196 1
1 197 1
1 198 1
1 199 1
1 200 1
1 201 1
1 202 1
1 203 1
1 204 1
1 205 1
1 206 1
1 207 1
1 208 1
1 209 1
1 210 1
1 211 1
1 212 1
1 213 1
1 214 1
1 215 1
2 216 1
2 217 1
2 218 1
2 219 1
2 220 1
2 221 1
2 222 1
2 223 1
2 224 1
3 225 1
3 226 1
3 227 1
3 228 1
3 229 1
3 230 1
3 231 1
3 232 1
4 233 1
4 234 1
4 235 1
4 236 1
4 237 1
5 238 1
5 239 1
5 240 1
5 241 1
5 242 1
6 243 1
6 244 1
6 245 1
6 246 1
.PEN_UP
.PEN_DOWN
125 15 1
125 14 1
125 13 1
125 12 1
125 11 1
125 10 1
125 9 1
124 8 1
124 7 1
123 6 1
122 6 1
121 6 1
120 5 1
119 5 1
118 5 1
117 5 1
116 4 1
115 4 1
114 4 1
113 4 1
112 3 1
111 3 1
110 3 1
109 2 1
108 2 1
107 2 1
106 1 1
105 1 1
104 2 1
103 3 1
103 4 1
103 5 1
102 6 1
102 7 1
102 8 1
102 9 1
102 10 1
102 11 1
102 12 1
102 13 1
102 14 1
101 15 1
101 16 1
101 17 1
101 18 1
101 19 1
101 20 1
101 21 1
101 22 1
101 23 1
101 24 1
101 25 1
101 26 1
100 27 1
100 28 1
100 29 1
100 30 1
100 31 1
100 32 1
100 33 1
100 34 1
100 35 1
100 36 1
100 37 1
100 38 1
100 39 1
100 40 1
100 41 1
100 42 1
99 43 1
99 44 1
99 45 1
99 46 1
99 47 1
99 48 1
99 49 1
99 50 1
99 51 1
99 52 1
99 53 1
99 54 1
99 55 1
99 56 1
99 57 1
99 58 1
99 59 1
99 60 1
99 61 1
99 62 1
99 63 1
98 64 1
98 65 1
98 66 1
98 67 1
98 68 1
98 69 1
98 70 1
98 71 1
98 72 1
98 73 1
98 74 1
98 75 1
98 76 1
98 77 1
98 78 1
97 79 1
97 80 1
97 81 1
97 82 1
97 83 1
97 84 1
97 85 1
97 86 1
97 87 1
97 88 1
97 89 1
97 90 1
96 91 1
96 92 1
96 93 1
96 94 1
96 95 1
96 96 1
96 97 1
96 98 1
96 99 1
96 100 1
96 101 1
96 102 1
97 103 1
99 102 1
100 101 1
100 100 1
100 99 1
100 98 1
100 97 1
101 96 1
101 95 1
101 94 1
101 93 1
102 92 1
102 91 1
102 90 1
103 89 1
103 88 1
103 87 1
103 86 1
104 85 1
104 84 1
104 83 1
105 82 1
105 81 1
105 80 1
105 79 1
106 78 1
106 77 1
107 76 1
107 75 1
107 74 1
108 73 1
108 72 1
108 71 1
109 70 1
109 69 1
109 68 1
110 67 1
110 66 1
110 65 1
111 64 1
112 63 1
112 62 1
113 61 1
113 60 1
114 59 1
114 58 1
115 57 1
115 56 1
116 55 1
116 54 1
117 53 1
118 52 1
119 51 1
119 50 1
120 49 1
121 48 1
122 47 1
123 46 1
124 45 1
125 45 1
126 44 1
127 43 1
128 43 1
129 42 1
130 41 1
131 41 1
132 40 1
133 39 1
134 39 1
135 39 1
136 38 1
137 38 1
138 38 1
139 37 1
140 37 1
141 37 1
142 37 1
143 37 1
144 37 1
145 37 1
146 38 1
147 38 1
148 38 1
149 38 1
150 38 1
151 39 1
152 39 1
153 40 1
154 40 1
155 41 1
156 41 1
157 42 1
158 43 1
159 43 1
160 44 1
161 45 1
162 45 1
163 46 1
164 47 1
165 48 1
166 49 1
167 50 1
168 51 1
169 52 1
170 53 1
171 54 1
172 55 1
173 56 1
174 57 1
175 58 1
175 59 1
176 60 1
176 61 1
177 62 1
177 63 1
178 64 1
178 65 1
178 66 1
179 67 1
179 68 1
180 69 1
180 70 1
180 71 1
181 72 1
181 73 1
182 74 1
182 75 1
182 76 1
182 77 1
182 78 1
183 79 1
183 80 1
183 81 1
183 82 1
183 83 1
183 84 1
183 85 1
183 86 1
183 87 1
183 88 1
183 89 1
183 90 1
183 91 1
.PEN_UP
.PEN_DOWN
98 103 1
97 105 1
96 106 1
96 107 1
96 108 1
96 109 1
96 110 1
96 111 1
96 112 1
96 113 1
96 114 1
95 115 1
95 116 1
95 117 1
95 118 1
94 119 1
94 120 1
94 121 1
94 122 1
94 123 1
94 124 1
94 125 1
94 126 1
94 127 1
93 128 1
93 129 1
93 130 1
92 131 1
92 132 1
92 133 1
92 134 1
92 135 1
92 136 1
92 137 1
92 138 1
92 139 1
92 140 1
92 141 1
93 142 1
94 142 1
95 142 1
96 142 1
97 142 1
98 142 1
99 142 1
100 142 1
101 142 1
102 143 1
103 143 1
104 143 1
105 143 1
106 143 1
107 143 1
108 143 1
109 143 1
110 143 1
111 143 1
112 143 1
113 143 1
114 143 1
115 143 1
116 143 1
117 143 1
118 143 1
119 143 1
120 143 1
121 143 1
122 143 1
123 143 1
124 143 1
125 143 1
126 143 1
127 143 1
128 143 1
129 143 1
130 142 1
131 142 1
132 142 1
133 142 1
134 142 1
135 142 1
136 142 1
137 142 1
138 142 1
139 142 1
140 142 1
141 142 1
142 142 1
143 142 1
144 142 1
145 142 1
146 142 1
147 142 1
148 142 1
149 142 1
150 142 1
151 142 1
152 142 1
153 142 1
154 142 1
155 142 1
156 142 1
157 143 1
158 143 1
159 143 1
160 143 1
161 143 1
162 144 1
163 144 1
164 144 1
.PEN_UP
.PEN_DOWN
91 142 1
90 143 1
89 145 1
88 146 1
88 147 1
87 148 1
87 149 1
86 150 1
85 151 1
84 152 1
83 153 1
82 154 1
81 155 1
80 156 1
79 157 1
78 157 1
77 158 1
76 158 1
75 159 1
74 159 1
73 160 1
72 160 1
71 160 1
70 160 1
69 161 1
68 161 1
67 161 1
66 161 1
65 161 1
64 162 1
63 162 1
62 162 1
61 162 1
60 162 1
59 162 1
58 162 1
57 162 1
56 162 1
55 162 1
54 162 1
53 162 1
52 162 1
51 161 1
50 161 1
49 161 1
48 161 1
47 161 1
46 160 1
45 160 1
44 160 1
43 160 1
42 159 1
41 159 1
40 158 1
39 158 1
38 158 1
37 157 1
36 157 1
35 156 1
34 156 1
33 155 1
32 154 1
31 154 1
30 153 1
29 152 1
28 151 1
28 150 1
27 149 1
27 148 1
28 147 1
29 146 1
30 146 1
31 145 1
32 144 1
33 144 1
34 144 1
35 144 1
36 144 1
37 143 1
38 143 1
39 143 1
40 143 1
41 143 1
42 143 1
43 142 1
44 142 1
45 142 1
46 142 1
47 142 1
48 142 1
49 142 1
50 142 1
51 142 1
52 142 1
53 142 1
54 142 1
55 142 1
56 142 1
57 142 1
58 142 1
59 142 1
60 142 1
61 142 1
62 142 1
63 142 1
64 142 1
65 142 1
66 142 1
67 142 1
68 142 1
69 142 1
70 142 1
71 142 1
72 142 1
73 142 1
74 142 1
75 142 1
76 142 1
77 142 1
78 142 1
79 142 1
80 142 1
81 142 1
82 142 1
83 142 1
84 142 1
85 142 1
86 142 1
87 142 1
88 143 1
89 143 1
91 145 1
92 146 1
92 147 1
92 148 1
92 149 1
92 150 1
92 151 1
92 152 1
92 153 1
91 154 1
91 155 1
91 156 1
91 157 1
91 158 1
91 159 1
91 160 1
91 161 1
91 162 1
91 163 1
90 164 1
90 165 1
90 166 1
90 167 1
91 168 1
90 169 1
90 170 1
90 171 1
90 172 1
90 173 1
90 174 1
90 175 1
90 176 1
90 177 1
90 178 1
89 179 1
89 180 1
89 181 1
89 182 1
89 183 1
88 184 1
88 185 1
87 186 1
87 187 1
87 188 1
87 189 1
.PEN_UP
.PEN_DOWN
92 167 1
93 167 1
94 166 1
95 165 1
.PEN_UP
.PEN_DOWN
129 164 1
128 164 1
127 164 1
126 163 1
125 163 1
124 163 1
123 163 1
122 162 1
121 162 1
120 162 1
119 162 1
118 161 1
117 161 1
116 160 1
115 160 1
114 160 1
113 159 1
112 159 1
111 158 1
110 158 1
109 158 1
108 158 1
107 157 1
106 157 1
105 157 1
104 158 1
103 159 1
102 160 1
101 161 1
100 162 1
100 163 1
100 164 1
100 165 1
99 166 1
99 167 1
99 168 1
99 169 1
98 170 1
98 171 1
98 172 1
98 173 1
98 174 1
98 175 1
98 176 1
98 177 1
98 178 1
98 179 1
97 180 1
97 181 1
97 182 1
97 183 1
97 184 1
98 185 1
98 186 1
98 187 1
98 188 1
98 189 1
99 190 1
99 191 1
99 192 1
99 193 1
99 194 1
100 195 1
100 196 1
100 197 1
100 198 1
101 199 1
101 200 1
101 201 1
102 202 1
102 203 1
102 204 1
102 205 1
103 206 1
103 207 1
103 208 1
104 209 1
104 210 1
104 211 1
105 212 1
105 213 1
105 214 1
106 215 1
106 216 1
107 217 1
107 218 1
108 219 1
108 220 1
109 221 1
109 222 1
109 223 1
110 224 1
110 225 1
111 226 1
111 227 1
112 228 1
112 229 1
113 230 1
114 231 1
115 232 1
115 233 1
116 234 1
117 235 1
118 236 1
119 237 1
120 238 1
120 239 1
121 240 1
122 241 1
123 241 1
124 242 1
125 243 1
126 243 1
127 244 1
128 245 1
129 245 1
130 246 1
131 246 1
132 247 1
133 248 1
134 248 1
135 249 1
136 249 1
137 249 1
138 250 1
139 250 1
140 250 1
141 250 1
142 251 1
143 251 1
144 251 1
145 252 1
146 252 1
147 252 1
148 252 1
149 252 1
150 252 1
151 252 1
152 252 1
153 252 1
154 252 1
155 252 1
156 252 1
157 252 1
158 252 1
159 252 1
160 251 1
161 251 1
162 251 1
163 251 1
164 250 1
165 250 1
166 249 1
167 249 1
168 248 1
169 248 1
170 247 1
171 246 1
172 246 1
173 245 1
174 245 1
175 244 1
.PEN_UP
