.PEN_DOWN
94 52 1
93 51 1
92 51 1
91 50 1
90 49 1
89 49 1
88 48 1
87 48 1
86 47 1
85 47 1
84 47 1
83 47 1
82 47 1
81 48 1
80 48 1
79 49 1
78 49 1
77 50 1
76 50 1
75 51 1
74 52 1
74 53 1
73 54 1
73 55 1
72 56 1
72 57 1
71 58 1
71 59 1
71 60 1
71 61 1
70 62 1
70 63 1
70 64 1
70 65 1
69 66 1
69 67 1
69 68 1
68 69 1
68 70 1
68 71 1
68 72 1
68 73 1
68 74 1
68 75 1
68 76 1
68 77 1
68 78 1
68 79 1
68 80 1
68 81 1
68 82 1
68 83 1
68 84 1
68 85 1
69 86 1
69 87 1
69 88 1
69 89 1
69 90 1
70 91 1
70 92 1
70 93 1
70 94 1
71 95 1
71 96 1
71 97 1
71 98 1
72 99 1
72 100 1
72 101 1
72 102 1
73 103 1
73 104 1
74 105 1
75 106 1
75 107 1
76 108 1
76 109 1
77 110 1
77 111 1
78 112 1
79 113 1
79 114 1
80 115 1
80 116 1
81 117 1
82 118 1
83 118 1
84 119 1
85 120 1
86 121 1
87 122 1
88 123 1
89 123 1
90 124 1
91 125 1
92 126 1
93 126 1
94 126 1
95 127 1
96 127 1
97 127 1
98 127 1
99 128 1
100 128 1
101 128 1
102 129 1
103 129 1
104 129 1
105 130 1
106 130 1
107 130 1
108 130 1
109 130 1
110 130 1
111 130 1
112 130 1
113 130 1
114 130 1
115 130 1
116 129 1
117 129 1
118 129 1
119 129 1
120 129 1
121 129 1
122 129 1
123 129 1
124 129 1
125 129 1
126 128 1
127 128 1
128 128 1
129 128 1
130 127 1
131 127 1
132 126 1
133 126 1
134 125 1
135 125 1
136 124 1
137 124 1
138 123 1
139 123 1
140 122 1
141 122 1
142 121 1
143 121 1
144 120 1
145 120 1
146 119 1
147 119 1
148 118 1
149 118 1
150 117 1
151 117 1
152 116 1
153 116 1
154 115 1
155 114 1
156 114 1
157 113 1
158 113 1
159 112 1
160 112 1
161 111 1
162 110 1
163 110 1
164 109 1
165 109 1
166 108 1
167 108 1
168 107 1
169 106 1
170 105 1
171 104 1
172 103 1
173 102 1
174 101 1
175 100 1
176 99 1
177 98 1
178 97 1
179 96 1
180 95 1
181 94 1
182 93 1
183 92 1
184 91 1
185 90 1
186 89 1
187 88 1
188 87 1
189 86 1
190 85 1
191 84 1
192 83 1
193 82 1
194 81 1
195 81 1
196 80 1
197 79 1
197 78 1
198 77 1
199 76 1
200 75 1
200 74 1
201 73 1
202 72 1
203 71 1
203 70 1
204 69 1
205 68 1
206 67 1
207 66 1
207 65 1
208 64 1
208 63 1
209 62 1
210 61 1
210 60 1
211 59 1
212 58 1
213 57 1
214 58 1
215 59 1
216 60 1
216 61 1
216 62 1
217 63 1
217 64 1
218 65 1
218 66 1
219 67 1
220 68 1
220 69 1
221 70 1
221 71 1
222 72 1
222 73 1
223 74 1
223 75 1
224 76 1
224 77 1
225 78 1
225 79 1
226 80 1
226 81 1
227 82 1
227 83 1
228 84 1
228 85 1
228 86 1
229 87 1
229 88 1
229 89 1
230 90 1
230 91 1
231 92 1
231 93 1
231 94 1
232 95 1
232 96 1
233 97 1
234 98 1
234 99 1
235 100 1
236 101 1
236 102 1
237 103 1
238 104 1
239 105 1
240 106 1
241 107 1
242 108 1
243 109 1
244 109 1
245 110 1
246 110 1
247 110 1
248 111 1
249 111 1
250 111 1
251 111 1
252 111 1
253 111 1
254 111 1
255 111 1
256 111 1
257 111 1
258 111 1
259 111 1
260 111 1
261 111 1
262 110 1
263 110 1
264 109 1
265 109 1
266 108 1
267 108 1
268 107 1
269 107 1
270 106 1
271 105 1
272 105 1
273 104 1
274 103 1
275 103 1
276 102 1
277 101 1
278 101 1
279 100 1
280 99 1
281 98 1
282 97 1
283 96 1
284 95 1
285 94 1
286 93 1
287 92 1
288 91 1
288 90 1
289 89 1
290 88 1
291 87 1
292 86 1
293 85 1
294 84 1
295 83 1
296 82 1
297 81 1
298 80 1
298 79 1
299 78 1
299 77 1
300 76 1
300 75 1
301 74 1
301 73 1
302 72 1
302 71 1
303 70 1
303 69 1
304 68 1
304 67 1
305 66 1
305 65 1
306 64 1
306 63 1
307 62 1
307 61 1
308 60 1
308 59 1
308 58 1
309 57 1
309 56 1
309 55 1
310 54 1
310 53 1
311 52 1
311 51 1
311 50 1
312 49 1
312 48 1
312 47 1
313 46 1
313 45 1
313 44 1
313 43 1
313 42 1
314 41 1
314 40 1
314 39 1
314 38 1
314 37 1
315 36 1
315 35 1
315 34 1
315 33 1
315 32 1
315 31 1
315 30 1
315 29 1
315 28 1
315 27 1
315 26 1
315 25 1
315 24 1
315 23 1
315 22 1
315 21 1
315 20 1
315 19 1
315 18 1
314 17 1
314 16 1
313 15 1
313 14 1
312 13 1
312 12 1
311 11 1
311 10 1
310 9 1
309 8 1
308 8 1
307 7 1
306 7 1
305 6 1
304 5 1
303 5 1
302 4 1
301 4 1
300 3 1
299 3 1
298 3 1
297 3 1
296 2 1
295 2 1
294 2 1
293 2 1
292 2 1
291 1 1
290 1 1
289 1 1
.PEN_UP
.PEN_DOWN
211 104 1
211 105 1
211 106 1
210 107 1
210 108 1
210 109 1
210 110 1
209 111 1
209 112 1
209 113 1
208 114 1
208 115 1
208 116 1
207 117 1
207 118 1
206 119 1
206 120 1
205 121 1
205 122 1
204 123 1
204 124 1
203 125 1
203 126 1
202 127 1
202 128 1
201 129 1
201 130 1
200 131 1
200 132 1
199 133 1
199 134 1
198 135 1
197 136 1
197 137 1
196 138 1
196 139 1
195 140 1
195 141 1
194 142 1
193 143 1
193 144 1
192 145 1
192 146 1
191 147 1
191 148 1
190 149 1
190 150 1
189 151 1
188 152 1
188 153 1
187 154 1
187 155 1
186 156 1
186 157 1
185 158 1
185 159 1
184 160 1
184 161 1
183 162 1
183 163 1
182 164 1
182 165 1
181 166 1
181 167 1
180 168 1
180 169 1
179 170 1
179 171 1
178 172 1
177 173 1
177 174 1
176 175 1
175 176 1
175 177 1
174 178 1
173 179 1
173 180 1
172 181 1
171 182 1
171 183 1
170 184 1
169 185 1
169 186 1
168 187 1
167 188 1
167 189 1
166 190 1
166 191 1
165 192 1
164 193 1
163 194 1
162 195 1
162 196 1
161 197 1
160 198 1
159 199 1
158 200 1
158 201 1
157 202 1
156 203 1
155 204 1
154 205 1
154 206 1
153 207 1
152 208 1
151 209 1
150 210 1
150 211 1
149 212 1
148 213 1
147 214 1
147 215 1
146 216 1
145 217 1
144 218 1
144 219 1
143 221 1
142 221 1
141 222 1
140 222 1
139 222 1
138 223 1
137 223 1
136 224 1
135 224 1
134 224 1
133 225 1
132 225 1
131 226 1
130 226 1
129 227 1
128 227 1
127 227 1
126 228 1
125 228 1
124 228 1
123 229 1
122 229 1
121 229 1
120 230 1
119 230 1
118 230 1
117 230 1
116 230 1
115 231 1
114 231 1
113 231 1
112 231 1
111 231 1
110 232 1
109 232 1
108 232 1
107 232 1
106 232 1
105 232 1
104 232 1
103 232 1
102 233 1
101 233 1
100 233 1
99 233 1
98 233 1
97 233 1
.PEN_UP
.PEN_DOWN
144 220 1
146 220 1
147 220 1
148 220 1
149 219 1
150 219 1
151 219 1
152 218 1
153 218 1
154 217 1
155 217 1
156 217 1
157 216 1
158 216 1
159 215 1
160 215 1
161 214 1
162 214 1
163 214 1
164 213 1
165 213 1
166 212 1
167 212 1
168 212 1
169 211 1
170 211 1
171 210 1
172 210 1
173 209 1
174 209 1
175 209 1
176 208 1
177 208 1
178 207 1
179 207 1
180 206 1
181 206 1
182 205 1
183 205 1
184 204 1
185 204 1
186 203 1
187 203 1
188 202 1
189 202 1
190 201 1
191 201 1
192 200 1
193 200 1
194 199 1
195 199 1
196 198 1
197 198 1
198 197 1
199 197 1
200 196 1
201 196 1
202 195 1
203 195 1
204 194 1
205 194 1
206 193 1
207 193 1
208 192 1
209 192 1
210 191 1
211 191 1
212 190 1
213 190 1
214 189 1
215 189 1
216 188 1
217 188 1
218 187 1
219 187 1
220 186 1
221 186 1
222 185 1
223 184 1
224 184 1
225 183 1
226 182 1
227 182 1
228 181 1
229 181 1
230 180 1
231 179 1
232 179 1
233 178 1
234 178 1
235 177 1
236 176 1
237 176 1
238 175 1
239 175 1
240 174 1
241 174 1
242 173 1
243 173 1
244 172 1
245 172 1
246 171 1
247 171 1
248 170 1
249 170 1
250 169 1
251 169 1
252 168 1
253 168 1
254 167 1
255 166 1
256 166 1
257 165 1
258 165 1
259 164 1
260 163 1
261 163 1
262 162 1
263 162 1
264 161 1
265 161 1
266 160 1
267 160 1
268 159 1
269 159 1
270 158 1
271 158 1
272 157 1
273 156 1
274 156 1
275 156 1
276 157 1
276 158 1
276 159 1
275 160 1
275 161 1
274 162 1
274 163 1
.PEN_UP
.PEN_DOWN
1 267 1
2 268 1
3 269 1
4 270 1
5 271 1
6 272 1
7 273 1
8 274 1
9 275 1
10 276 1
11 277 1
13 278 1
14 278 1
15 279 1
16 280 1
17 280 1
18 281 1
19 281 1
20 282 1
21 282 1
22 283 1
23 283 1
24 283 1
25 284 1
26 284 1
27 285 1
28 285 1
29 286 1
30 286 1
31 287 1
32 287 1
33 287 1
34 288 1
35 288 1
36 288 1
37 289 1
38 289 1
39 289 1
40 290 1
41 290 1
42 290 1
43 291 1
44 291 1
45 291 1
46 292 1
47 292 1
48 292 1
49 292 1
50 293 1
51 293 1
52 293 1
53 293 1
54 293 1
55 294 1
56 294 1
57 294 1
58 294 1
59 294 1
60 295 1
61 295 1
62 295 1
63 295 1
64 295 1
65 296 1
66 296 1
67 296 1
68 296 1
69 296 1
70 296 1
71 297 1
72 297 1
73 297 1
74 297 1
75 297 1
76 297 1
77 297 1
78 297 1
79 297 1
80 298 1
81 298 1
82 298 1
83 298 1
84 298 1
85 298 1
86 298 1
87 298 1
88 298 1
89 299 1
90 299 1
91 299 1
92 299 1
93 299 1
94 299 1
95 299 1
96 299 1
97 299 1
98 299 1
99 299 1
100 299 1
101 299 1
102 299 1
103 299 1
104 299 1
105 299 1
106 299 1
107 299 1
108 299 1
109 299 1
110 299 1
111 299 1
112 299 1
113 299 1
114 299 1
115 299 1
116 299 1
117 299 1
118 299 1
119 299 1
120 299 1
121 299 1
122 299 1
123 299 1
124 299 1
125 299 1
126 299 1
127 299 1
128 299 1
129 299 1
130 299 1
131 299 1
132 299 1
133 299 1
134 299 1
135 299 1
136 299 1
137 299 1
138 299 1
139 299 1
140 299 1
141 299 1
142 299 1
143 299 1
144 299 1
145 299 1
146 299 1
147 299 1
148 299 1
149 299 1
150 299 1
151 299 1
152 299 1
153 299 1
154 299 1
155 299 1
156 299 1
157 299 1
158 300 1
159 301 1
160 301 1
161 301 1
162 300 1
163 300 1
164 300 1
165 300 1
166 300 1
167 300 1
168 300 1
169 300 1
170 300 1
171 300 1
172 300 1
173 300 1
174 299 1
175 299 1
176 299 1
177 299 1
178 299 1
179 299 1
180 298 1
181 298 1
182 298 1
183 298 1
184 298 1
185 298 1
186 298 1
187 298 1
188 297 1
189 297 1
190 297 1
191 297 1
192 297 1
193 297 1
194 297 1
195 297 1
196 297 1
197 296 1
198 296 1
199 296 1
200 296 1
201 296 1
202 296 1
203 296 1
204 295 1
205 295 1
206 295 1
207 295 1
208 295 1
209 295 1
210 295 1
211 294 1
212 294 1
213 294 1
214 294 1
215 294 1
216 294 1
217 294 1
218 293 1
219 293 1
220 293 1
221 293 1
222 293 1
223 292 1
224 292 1
225 292 1
226 292 1
227 291 1
228 291 1
229 291 1
230 291 1
231 290 1
232 290 1
233 290 1
234 290 1
235 289 1
236 289 1
237 289 1
238 289 1
239 288 1
240 288 1
241 287 1
242 287 1
243 287 1
244 286 1
245 286 1
246 286 1
247 286 1
248 285 1
249 285 1
250 285 1
251 285 1
252 284 1
253 284 1
254 284 1
.PEN_UP
.PEN_DOWN
158 302 1
157 303 1
156 303 1
155 303 1
154 303 1
153 303 1
152 303 1
151 303 1
150 304 1
149 304 1
148 304 1
147 304 1
146 304 1
145 304 1
144 304 1
143 304 1
142 305 1
141 305 1
140 305 1
139 305 1
138 305 1
137 305 1
136 305 1
.PEN_UP
.PEN_DOWN
12 277 1
11 279 1
11 280 1
11 281 1
12 282 1
12 283 1
13 284 1
13 285 1
13 286 1
.PEN_UP
