.PEN_DOWN
18 1 1
17 2 1
17 3 1
17 4 1
17 5 1
17 6 1
16 7 1
16 8 1
16 9 1
16 10 1
16 11 1
16 12 1
16 13 1
16 14 1
15 15 1
15 16 1
15 17 1
15 18 1
15 19 1
15 20 1
15 21 1
15 22 1
15 23 1
15 24 1
15 25 1
15 26 1
15 27 1
15 28 1
15 29 1
15 30 1
15 31 1
15 32 1
15 33 1
15 34 1
14 35 1
14 36 1
14 37 1
14 38 1
14 39 1
14 40 1
14 41 1
14 42 1
14 43 1
14 44 1
14 45 1
14 46 1
14 47 1
14 48 1
14 49 1
14 50 1
14 51 1
14 52 1
14 53 1
14 54 1
14 55 1
14 56 1
14 57 1
14 58 1
14 59 1
14 60 1
14 61 1
13 62 1
13 63 1
13 64 1
13 65 1
13 66 1
13 67 1
13 68 1
13 69 1
13 70 1
13 71 1
13 72 1
13 73 1
13 74 1
13 75 1
13 76 1
13 77 1
13 78 1
13 79 1
12 80 1
12 81 1
12 82 1
12 83 1
12 84 1
12 85 1
12 86 1
12 87 1
12 88 1
12 89 1
12 90 1
12 91 1
12 92 1
12 93 1
12 94 1
12 95 1
13 96 1
14 98 1
15 99 1
16 100 1
17 101 1
18 102 1
19 102 1
20 103 1
21 104 1
22 104 1
23 105 1
24 106 1
25 106 1
26 107 1
27 108 1
28 109 1
29 109 1
30 110 1
31 111 1
32 111 1
33 112 1
34 112 1
35 112 1
36 113 1
37 113 1
38 114 1
39 114 1
40 114 1
41 115 1
42 115 1
43 115 1
44 116 1
45 116 1
46 116 1
47 117 1
48 117 1
49 117 1
50 118 1
51 118 1
52 119 1
53 119 1
54 119 1
55 120 1
56 120 1
57 120 1
58 121 1
59 121 1
60 121 1
61 122 1
62 122 1
63 122 1
64 123 1
65 123 1
66 124 1
67 124 1
68 124 1
69 124 1
70 125 1
72 126 1
73 126 1
74 127 1
75 128 1
76 128 1
77 129 1
78 130 1
79 131 1
80 131 1
81 132 1
82 133 1
82 134 1
83 135 1
84 136 1
85 137 1
86 137 1
87 137 1
88 138 1
89 138 1
90 138 1
91 138 1
92 138 1
93 137 1
92 136 1
91 135 1
90 135 1
89 134 1
88 134 1
87 133 1
86 133 1
85 132 1
84 132 1
83 132 1
.PEN_UP
.PEN_DOWN
71 124 1
71 123 1
71 122 1
71 121 1
70 120 1
70 119 1
70 118 1
70 117 1
70 116 1
70 115 1
69 114 1
69 113 1
69 112 1
69 111 1
70 110 1
70 109 1
70 108 1
70 107 1
70 106 1
70 105 1
70 104 1
70 103 1
70 102 1
71 101 1
71 100 1
71 99 1
71 98 1
71 97 1
71 96 1
71 95 1
71 94 1
71 93 1
71 92 1
71 91 1
71 90 1
71 89 1
71 88 1
71 87 1
71 86 1
71 85 1
71 84 1
71 83 1
71 82 1
71 81 1
71 80 1
71 79 1
71 78 1
71 77 1
72 76 1
72 75 1
72 74 1
73 73 1
73 72 1
73 71 1
73 70 1
74 69 1
75 68 1
75 67 1
76 66 1
76 65 1
77 64 1
77 63 1
77 62 1
78 61 1
78 60 1
79 59 1
79 58 1
79 57 1
80 56 1
80 55 1
81 54 1
81 53 1
81 52 1
82 51 1
83 50 1
83 49 1
84 48 1
84 47 1
85 46 1
85 45 1
86 44 1
86 43 1
87 42 1
87 41 1
88 40 1
88 39 1
89 38 1
90 37 1
90 36 1
91 35 1
92 34 1
92 33 1
93 32 1
94 31 1
94 30 1
95 29 1
96 28 1
97 27 1
98 26 1
99 25 1
100 24 1
101 23 1
101 22 1
102 21 1
103 20 1
104 20 1
105 19 1
106 19 1
107 19 1
108 19 1
109 19 1
110 18 1
111 18 1
112 18 1
113 18 1
114 18 1
115 17 1
116 17 1
117 17 1
118 17 1
119 16 1
120 16 1
121 16 1
122 16 1
123 15 1
124 15 1
125 15 1
126 15 1
127 15 1
128 16 1
129 16 1
130 16 1
131 16 1
132 16 1
133 17 1
134 17 1
135 17 1
136 17 1
137 17 1
138 18 1
139 18 1
140 18 1
141 18 1
142 19 1
143 19 1
144 19 1
145 19 1
146 20 1
147 20 1
148 20 1
149 20 1
150 21 1
151 22 1
152 22 1
153 23 1
154 24 1
155 24 1
156 25 1
157 26 1
158 26 1
159 27 1
160 28 1
161 29 1
161 30 1
162 31 1
163 32 1
164 33 1
165 34 1
166 35 1
166 36 1
167 37 1
168 38 1
168 39 1
169 40 1
169 41 1
169 42 1
170 43 1
170 44 1
171 45 1
171 46 1
172 47 1
172 48 1
173 49 1
173 50 1
174 51 1
174 52 1
175 53 1
175 54 1
175 55 1
176 56 1
176 57 1
176 58 1
176 59 1
176 60 1
176 61 1
177 62 1
177 63 1
177 64 1
177 65 1
177 66 1
177 67 1
177 68 1
178 69 1
178 70 1
178 71 1
178 72 1
178 73 1
178 74 1
178 75 1
179 76 1
179 77 1
179 78 1
179 79 1
180 80 1
180 81 1
180 82 1
180 83 1
181 84 1
181 85 1
181 86 1
182 87 1
182 88 1
182 89 1
183 90 1
183 91 1
183 92 1
183 93 1
184 94 1
184 95 1
184 96 1
185 97 1
186 98 1
186 99 1
187 100 1
187 101 1
188 102 1
188 103 1
189 104 1
189 105 1
190 106 1
191 107 1
191 108 1
192 109 1
192 110 1
193 111 1
194 112 1
194 113 1
195 114 1
195 115 1
196 116 1
197 117 1
197 118 1
198 119 1
198 120 1
199 121 1
199 122 1
200 123 1
200 124 1
201 125 1
202 126 1
202 127 1
203 128 1
204 129 1
205 130 1
206 131 1
207 132 1
207 133 1
208 134 1
209 135 1
210 135 1
211 136 1
212 136 1
213 136 1
214 136 1
215 137 1
216 137 1
217 137 1
218 137 1
219 137 1
220 137 1
221 137 1
222 137 1
223 137 1
224 137 1
225 137 1
226 137 1
227 137 1
228 137 1
229 137 1
230 136 1
231 136 1
232 136 1
233 136 1
234 135 1
235 135 1
236 134 1
237 133 1
238 132 1
239 131 1
240 130 1
241 129 1
241 128 1
242 127 1
243 126 1
243 125 1
244 124 1
244 123 1
245 122 1
245 121 1
246 120 1
246 119 1
246 118 1
247 117 1
247 116 1
248 115 1
250 116 1
251 117 1
252 118 1
253 119 1
254 120 1
255 121 1
256 122 1
256 123 1
257 124 1
258 125 1
258 126 1
259 127 1
260 128 1
260 129 1
261 130 1
262 131 1
262 132 1
263 133 1
264 134 1
265 135 1
265 136 1
266 137 1
267 138 1
268 139 1
269 140 1
269 141 1
270 142 1
271 143 1
271 144 1
272 145 1
272 146 1
273 147 1
273 148 1
274 149 1
275 150 1
275 151 1
276 152 1
277 153 1
278 154 1
278 155 1
277 156 1
276 157 1
275 158 1
274 158 1
273 158 1
.PEN_UP
.PEN_DOWN
248 114 1
248 113 1
248 112 1
248 111 1
248 110 1
246 108 1
245 107 1
245 106 1
244 105 1
244 104 1
243 103 1
242 102 1
242 101 1
241 100 1
240 99 1
240 98 1
239 97 1
238 96 1
238 95 1
237 94 1
236 93 1
236 92 1
235 91 1
234 90 1
234 89 1
234 88 1
233 87 1
233 86 1
233 85 1
233 84 1
232 83 1
232 82 1
232 81 1
232 80 1
232 79 1
232 78 1
232 77 1
232 76 1
231 75 1
231 74 1
231 73 1
231 72 1
231 71 1
231 70 1
231 69 1
231 68 1
231 67 1
231 66 1
231 65 1
231 64 1
231 63 1
231 62 1
231 61 1
231 60 1
231 59 1
231 58 1
231 57 1
231 56 1
231 55 1
231 54 1
231 53 1
231 52 1
231 51 1
231 50 1
231 49 1
231 48 1
231 47 1
231 46 1
231 45 1
231 44 1
231 43 1
231 42 1
231 41 1
231 40 1
231 39 1
231 38 1
231 37 1
231 36 1
231 35 1
231 34 1
231 33 1
232 32 1
232 31 1
232 30 1
232 29 1
232 28 1
233 27 1
233 26 1
233 25 1
234 24 1
235 23 1
236 22 1
237 21 1
238 21 1
239 20 1
240 19 1
241 19 1
242 18 1
243 18 1
244 17 1
245 16 1
246 16 1
247 16 1
248 16 1
249 16 1
250 16 1
251 17 1
252 17 1
253 17 1
254 18 1
255 18 1
256 19 1
257 20 1
258 21 1
258 22 1
259 23 1
259 24 1
259 25 1
260 26 1
260 27 1
260 28 1
260 29 1
261 30 1
261 31 1
261 32 1
261 33 1
262 34 1
262 35 1
262 36 1
262 37 1
262 38 1
262 39 1
262 40 1
262 41 1
262 42 1
262 43 1
262 44 1
262 45 1
262 46 1
262 47 1
262 48 1
262 49 1
262 50 1
262 51 1
262 52 1
262 53 1
261 54 1
261 55 1
261 56 1
261 57 1
261 58 1
261 59 1
260 60 1
260 61 1
260 62 1
260 63 1
260 64 1
260 65 1
259 66 1
259 67 1
259 68 1
259 69 1
259 70 1
259 71 1
259 72 1
258 73 1
258 74 1
258 75 1
258 76 1
258 77 1
257 78 1
257 79 1
257 80 1
257 81 1
256 82 1
256 83 1
256 84 1
256 85 1
256 86 1
256 87 1
256 88 1
255 89 1
255 90 1
255 91 1
255 92 1
255 93 1
254 94 1
254 95 1
254 96 1
253 97 1
253 98 1
253 99 1
252 100 1
252 101 1
252 102 1
251 103 1
251 104 1
250 105 1
250 106 1
250 107 1
249 108 1
248 109 1
.PEN_UP
.PEN_DOWN
208 136 1
208 137 1
208 138 1
208 139 1
208 140 1
208 141 1
208 142 1
208 143 1
208 144 1
208 145 1
208 146 1
208 147 1
208 148 1
208 149 1
208 150 1
208 151 1
208 152 1
208 153 1
208 154 1
208 155 1
208 156 1
208 157 1
208 158 1
208 159 1
208 160 1
208 161 1
208 162 1
208 163 1
208 164 1
208 165 1
208 166 1
208 167 1
208 168 1
208 169 1
208 170 1
208 171 1
208 172 1
208 173 1
208 174 1
208 175 1
208 176 1
208 177 1
208 178 1
208 179 1
208 180 1
208 181 1
208 182 1
208 183 1
208 184 1
208 185 1
208 186 1
208 187 1
208 188 1
208 189 1
208 190 1
208 191 1
208 192 1
208 193 1
208 194 1
208 195 1
208 196 1
208 197 1
208 198 1
208 199 1
208 200 1
208 201 1
208 202 1
208 203 1
208 204 1
208 205 1
208 206 1
208 207 1
208 208 1
208 209 1
208 210 1
208 211 1
208 212 1
208 213 1
208 214 1
208 215 1
208 216 1
208 217 1
208 218 1
207 219 1
206 219 1
205 219 1
204 219 1
203 219 1
202 219 1
201 218 1
200 218 1
.PEN_UP
.PEN_DOWN
207 130 1
208 129 1
208 128 1
208 127 1
208 126 1
.PEN_UP
.PEN_DOWN
14 96 1
15 96 1
16 96 1
17 96 1
18 96 1
19 97 1
20 98 1
21 98 1
22 99 1
.PEN_UP
.PEN_DOWN
13 97 1
11 98 1
11 99 1
11 100 1
11 101 1
11 102 1
11 103 1
11 104 1
11 105 1
11 106 1
11 107 1
11 108 1
11 109 1
11 110 1
11 111 1
10 112 1
10 113 1
10 114 1
10 115 1
10 116 1
10 117 1
10 118 1
10 119 1
10 120 1
10 121 1
10 122 1
10 123 1
10 124 1
10 125 1
10 126 1
10 127 1
9 128 1
9 129 1
9 130 1
9 131 1
9 132 1
9 133 1
9 134 1
9 135 1
9 136 1
9 137 1
9 138 1
9 139 1
9 140 1
9 141 1
8 142 1
8 143 1
8 144 1
8 145 1
8 146 1
8 147 1
8 148 1
8 149 1
7 150 1
7 151 1
7 152 1
7 153 1
7 154 1
7 155 1
6 156 1
6 157 1
6 158 1
6 159 1
6 160 1
6 161 1
6 162 1
5 163 1
5 164 1
5 165 1
5 166 1
5 167 1
5 168 1
5 169 1
4 170 1
4 171 1
4 172 1
4 173 1
4 174 1
4 175 1
3 176 1
3 177 1
3 178 1
3 179 1
2 180 1
2 181 1
2 182 1
1 183 1
.PEN_UP
