.PEN_DOWN
1 1 1
1 2 1
1 3 1
2 4 1
2 5 1
3 6 1
3 7 1
3 8 1
3 9 1
3 10 1
3 11 1
3 12 1
3 13 1
3 14 1
3 15 1
3 16 1
3 17 1
3 18 1
4 19 1
4 20 1
4 21 1
4 22 1
4 23 1
4 24 1
4 25 1
4 26 1
4 27 1
4 28 1
4 29 1
4 30 1
4 31 1
4 32 1
4 33 1
4 34 1
4 35 1
4 36 1
5 37 1
5 38 1
5 39 1
5 40 1
5 41 1
5 42 1
5 43 1
5 44 1
5 45 1
5 46 1
6 47 1
6 48 1
6 49 1
6 50 1
6 51 1
6 52 1
6 53 1
6 54 1
6 55 1
6 56 1
7 57 1
7 58 1
7 59 1
7 60 1
7 61 1
7 62 1
7 63 1
7 64 1
7 65 1
7 66 1
7 67 1
8 68 1
8 69 1
8 70 1
8 71 1
8 72 1
8 73 1
8 74 1
8 75 1
8 76 1
8 77 1
8 78 1
8 79 1
8 80 1
8 81 1
9 82 1
9 83 1
9 84 1
9 85 1
9 86 1
9 87 1
9 88 1
9 89 1
9 90 1
9 91 1
9 92 1
9 93 1
9 94 1
9 95 1
9 96 1
10 97 1
10 98 1
10 99 1
10 100 1
10 101 1
10 102 1
10 103 1
10 104 1
10 105 1
10 106 1
10 107 1
10 108 1
10 109 1
10 110 1
10 111 1
10 112 1
10 113 1
10 114 1
10 115 1
10 116 1
10 117 1
10 118 1
10 119 1
10 120 1
10 121 1
11 122 1
11 123 1
11 124 1
11 125 1
11 126 1
11 127 1
11 128 1
11 129 1
11 130 1
11 131 1
11 132 1
11 133 1
11 134 1
11 135 1
11 136 1
11 137 1
11 138 1
11 139 1
11 140 1
11 141 1
11 142 1
11 143 1
11 144 1
11 145 1
11 146 1
11 147 1
11 148 1
11 149 1
11 150 1
11 151 1
11 152 1
11 153 1
11 154 1
11 155 1
11 156 1
11 157 1
11 158 1
11 159 1
11 160 1
11 161 1
11 162 1
11 163 1
11 164 1
11 165 1
11 166 1
11 167 1
11 168 1
11 169 1
11 170 1
11 171 1
11 172 1
11 173 1
11 174 1
11 175 1
11 176 1
11 177 1
12 178 1
12 179 1
12 180 1
12 181 1
12 182 1
12 183 1
12 184 1
12 185 1
12 186 1
12 187 1
12 188 1
12 189 1
12 190 1
12 191 1
12 192 1
12 193 1
12 194 1
12 195 1
12 196 1
12 197 1
12 198 1
12 199 1
12 200 1
12 201 1
12 202 1
12 203 1
12 204 1
12 205 1
12 206 1
12 207 1
12 208 1
12 209 1
12 210 1
12 211 1
12 212 1
12 213 1
12 214 1
12 215 1
12 216 1
12 217 1
12 218 1
12 219 1
12 220 1
12 221 1
12 222 1
12 223 1
12 224 1
12 225 1
12 226 1
12 227 1
12 228 1
12 229 1
12 230 1
12 231 1
12 232 1
12 233 1
12 234 1
12 235 1
12 236 1
12 237 1
12 238 1
12 239 1
12 240 1
12 241 1
12 242 1
12 243 1
12 244 1
12 245 1
12 246 1
12 247 1
12 248 1
12 249 1
12 250 1
12 251 1
12 252 1
12 253 1
12 254 1
12 255 1
12 256 1
12 257 1
12 258 1
12 259 1
12 260 1
12 261 1
12 262 1
12 263 1
12 264 1
12 265 1
12 266 1
12 267 1
12 268 1
12 269 1
12 270 1
12 271 1
12 272 1
12 273 1
12 274 1
12 275 1
12 276 1
12 277 1
12 278 1
12 279 1
12 280 1
12 281 1
12 282 1
12 283 1
12 284 1
12 285 1
12 286 1
12 287 1
12 288 1
12 289 1
12 290 1
12 291 1
12 292 1
12 293 1
12 294 1
12 295 1
12 296 1
12 297 1
12 298 1
12 299 1
12 300 1
12 301 1
12 302 1
12 303 1
12 304 1
12 305 1
12 306 1
.PEN_UP
.PEN_DOWN
44 99 1
45 99 1
46 99 1
47 99 1
48 98 1
49 98 1
50 97 1
51 97 1
52 97 1
53 97 1
54 97 1
55 98 1
56 98 1
57 98 1
58 98 1
59 98 1
60 98 1
61 98 1
62 98 1
63 99 1
64 99 1
65 99 1
66 99 1
67 99 1
68 99 1
69 99 1
70 99 1
71 100 1
72 100 1
73 100 1
74 100 1
75 100 1
76 100 1
77 100 1
78 101 1
79 101 1
80 101 1
81 101 1
82 102 1
83 102 1
84 102 1
85 101 1
86 100 1
86 99 1
86 98 1
86 97 1
86 96 1
86 95 1
86 94 1
86 93 1
86 92 1
86 91 1
86 90 1
86 89 1
85 88 1
85 87 1
85 86 1
85 85 1
85 84 1
85 83 1
85 82 1
85 81 1
85 80 1
85 79 1
85 78 1
85 77 1
85 76 1
85 75 1
85 74 1
85 73 1
85 72 1
86 71 1
86 70 1
86 69 1
86 68 1
86 67 1
86 66 1
86 65 1
87 64 1
87 63 1
87 62 1
87 61 1
87 60 1
87 59 1
87 58 1
88 57 1
88 56 1
88 55 1
88 54 1
88 53 1
88 52 1
88 51 1
89 50 1
89 49 1
89 48 1
89 47 1
89 46 1
89 45 1
90 44 1
90 43 1
90 42 1
90 41 1
90 40 1
90 39 1
91 38 1
91 37 1
91 36 1
91 35 1
91 34 1
91 33 1
92 32 1
92 31 1
93 30 1
93 29 1
93 28 1
94 27 1
94 26 1
94 25 1
95 24 1
95 23 1
95 22 1
96 21 1
97 20 1
97 19 1
98 18 1
98 17 1
99 16 1
99 15 1
100 14 1
101 13 1
102 12 1
103 11 1
104 10 1
105 10 1
106 10 1
107 10 1
108 11 1
109 12 1
110 13 1
111 14 1
112 15 1
113 16 1
114 17 1
114 18 1
115 19 1
116 20 1
116 21 1
117 22 1
118 23 1
118 24 1
119 25 1
119 26 1
119 27 1
120 28 1
120 29 1
121 30 1
121 31 1
121 32 1
122 33 1
122 34 1
123 35 1
123 36 1
123 37 1
123 38 1
124 39 1
124 40 1
124 41 1
124 42 1
125 43 1
125 44 1
125 45 1
125 46 1
126 47 1
126 48 1
126 49 1
127 50 1
127 51 1
127 52 1
128 53 1
128 54 1
128 55 1
129 56 1
129 57 1
129 58 1
130 59 1
130 60 1
131 61 1
131 62 1
131 63 1
132 64 1
133 65 1
133 66 1
134 67 1
135 68 1
136 69 1
136 70 1
137 71 1
138 72 1
139 73 1
139 74 1
140 75 1
141 76 1
142 77 1
143 78 1
144 79 1
145 80 1
146 80 1
147 81 1
148 82 1
149 83 1
150 84 1
151 85 1
152 86 1
153 87 1
154 87 1
155 88 1
156 89 1
157 89 1
158 90 1
159 91 1
160 91 1
161 92 1
162 93 1
163 93 1
164 94 1
165 94 1
166 94 1
167 95 1
168 95 1
169 95 1
170 95 1
171 96 1
172 96 1
173 96 1
174 97 1
175 97 1
176 97 1
177 97 1
178 97 1
179 97 1
182 97 1
183 97 1
184 97 1
185 97 1
186 97 1
187 97 1
188 97 1
189 97 1
190 97 1
191 97 1
192 97 1
193 97 1
194 97 1
195 97 1
196 97 1
197 97 1
198 97 1
199 97 1
200 97 1
201 97 1
202 96 1
203 96 1
204 96 1
205 96 1
206 96 1
207 95 1
208 95 1
209 95 1
210 94 1
211 94 1
212 94 1
213 93 1
214 93 1
215 93 1
216 92 1
217 92 1
218 92 1
219 91 1
220 91 1
221 90 1
222 90 1
223 89 1
224 89 1
225 88 1
226 88 1
227 87 1
228 87 1
229 86 1
230 86 1
231 85 1
232 85 1
233 84 1
234 83 1
235 83 1
236 82 1
237 82 1
238 81 1
239 80 1
240 80 1
241 79 1
242 79 1
243 78 1
246 76 1
247 75 1
248 74 1
249 73 1
250 72 1
251 71 1
252 70 1
253 69 1
254 68 1
255 67 1
256 66 1
257 65 1
258 64 1
258 63 1
259 62 1
260 61 1
260 60 1
261 59 1
262 58 1
262 57 1
263 56 1
263 55 1
263 54 1
264 53 1
264 52 1
264 51 1
264 50 1
265 49 1
265 48 1
265 47 1
265 46 1
265 45 1
265 44 1
265 43 1
265 42 1
265 41 1
265 40 1
265 39 1
265 38 1
265 37 1
265 36 1
264 35 1
264 34 1
263 33 1
262 32 1
262 31 1
261 30 1
260 29 1
259 29 1
258 28 1
257 27 1
256 27 1
255 26 1
254 25 1
253 25 1
252 24 1
251 23 1
250 23 1
249 22 1
248 22 1
247 22 1
246 21 1
245 21 1
244 20 1
243 20 1
242 20 1
241 19 1
240 19 1
239 19 1
238 19 1
237 19 1
236 19 1
235 19 1
234 19 1
233 18 1
232 18 1
231 19 1
230 19 1
229 19 1
228 19 1
227 20 1
226 20 1
225 20 1
224 20 1
223 20 1
222 21 1
221 22 1
220 23 1
219 24 1
218 25 1
218 26 1
218 27 1
218 28 1
218 29 1
217 30 1
217 31 1
217 32 1
217 33 1
218 34 1
218 35 1
218 36 1
218 37 1
218 38 1
219 39 1
219 40 1
219 41 1
219 42 1
219 43 1
220 44 1
220 45 1
221 46 1
221 47 1
222 48 1
223 49 1
223 50 1
224 51 1
224 52 1
225 53 1
225 54 1
226 55 1
227 56 1
227 57 1
228 58 1
229 59 1
230 60 1
230 61 1
231 62 1
232 63 1
232 64 1
233 65 1
234 66 1
235 67 1
236 68 1
237 69 1
238 70 1
238 71 1
239 72 1
240 73 1
241 74 1
242 75 1
243 76 1
244 77 1
245 79 1
246 80 1
247 81 1
247 82 1
248 83 1
249 84 1
250 85 1
250 86 1
251 87 1
252 88 1
253 89 1
253 90 1
254 91 1
255 92 1
256 93 1
256 94 1
257 95 1
258 96 1
258 97 1
259 98 1
260 99 1
260 100 1
260 101 1
260 102 1
261 103 1
261 104 1
261 105 1
261 106 1
261 107 1
261 108 1
261 109 1
.PEN_UP
.PEN_DOWN
180 96 1
180 95 1
180 94 1
180 93 1
180 92 1
180 91 1
180 90 1
179 89 1
179 88 1
179 87 1
178 86 1
178 85 1
178 84 1
177 83 1
177 82 1
176 81 1
176 80 1
176 79 1
175 78 1
174 77 1
174 76 1
173 75 1
172 74 1
.PEN_UP
.PEN_DOWN
180 97 1
181 99 1
181 100 1
181 101 1
181 102 1
181 103 1
181 104 1
181 105 1
181 106 1
181 107 1
181 108 1
181 109 1
181 110 1
181 111 1
181 112 1
181 113 1
181 114 1
181 115 1
181 116 1
181 117 1
181 118 1
181 119 1
181 120 1
181 121 1
181 122 1
181 123 1
181 124 1
181 125 1
180 126 1
180 127 1
180 128 1
180 129 1
180 130 1
180 131 1
180 132 1
180 133 1
179 134 1
179 135 1
179 136 1
179 137 1
178 138 1
178 139 1
178 140 1
178 141 1
178 142 1
177 143 1
177 144 1
177 145 1
177 146 1
177 147 1
176 148 1
176 149 1
176 150 1
176 151 1
176 152 1
175 153 1
175 154 1
175 155 1
175 156 1
174 157 1
174 158 1
174 159 1
174 160 1
174 161 1
173 162 1
173 163 1
173 164 1
173 165 1
172 166 1
172 167 1
172 168 1
171 169 1
171 170 1
171 171 1
170 172 1
170 173 1
170 174 1
169 175 1
169 176 1
169 177 1
168 178 1
168 179 1
168 180 1
167 181 1
167 182 1
166 183 1
166 184 1
165 185 1
165 186 1
164 187 1
163 188 1
163 189 1
162 190 1
162 191 1
161 192 1
160 193 1
160 194 1
159 195 1
159 196 1
158 197 1
157 198 1
156 199 1
155 200 1
154 201 1
153 202 1
152 203 1
151 204 1
150 205 1
149 206 1
148 207 1
147 207 1
146 208 1
145 208 1
144 209 1
143 209 1
142 210 1
141 210 1
140 211 1
139 211 1
138 212 1
138 213 1
137 214 1
136 214 1
135 214 1
134 214 1
133 214 1
132 214 1
131 214 1
130 214 1
129 214 1
128 215 1
127 216 1
126 216 1
125 216 1
124 216 1
123 216 1
122 217 1
121 217 1
120 217 1
119 217 1
118 217 1
117 217 1
116 217 1
115 217 1
114 217 1
113 217 1
112 217 1
111 217 1
110 217 1
109 217 1
108 217 1
107 217 1
106 217 1
105 217 1
104 217 1
103 217 1
102 217 1
101 217 1
100 217 1
99 216 1
98 216 1
97 216 1
96 216 1
95 216 1
94 216 1
93 215 1
92 215 1
91 214 1
90 214 1
89 214 1
88 213 1
87 213 1
86 212 1
85 212 1
84 212 1
83 211 1
82 211 1
81 210 1
80 210 1
79 209 1
78 209 1
77 208 1
76 208 1
75 207 1
74 207 1
73 206 1
72 206 1
71 205 1
70 204 1
69 204 1
68 203 1
68 202 1
69 201 1
70 200 1
71 200 1
72 200 1
73 200 1
74 200 1
75 200 1
76 200 1
77 200 1
78 201 1
79 201 1
80 201 1
81 201 1
82 202 1
83 202 1
84 202 1
85 202 1
86 203 1
87 203 1
88 203 1
89 203 1
90 204 1
91 204 1
92 204 1
93 204 1
94 204 1
95 205 1
96 205 1
97 205 1
98 205 1
99 206 1
100 206 1
101 206 1
102 206 1
103 206 1
104 207 1
105 207 1
106 207 1
107 207 1
108 208 1
109 208 1
110 208 1
111 208 1
112 208 1
113 209 1
114 209 1
115 209 1
116 209 1
117 210 1
118 210 1
119 210 1
120 210 1
121 211 1
122 211 1
123 211 1
124 211 1
125 212 1
126 212 1
127 212 1
128 213 1
.PEN_UP
.PEN_DOWN
139 214 1
140 215 1
141 215 1
142 215 1
143 215 1
144 215 1
145 216 1
146 216 1
147 216 1
148 216 1
149 216 1
150 217 1
151 217 1
152 217 1
153 217 1
154 217 1
155 217 1
156 217 1
157 218 1
158 218 1
159 218 1
160 218 1
161 218 1
162 218 1
163 218 1
164 218 1
165 219 1
166 219 1
167 219 1
168 219 1
169 219 1
170 219 1
171 219 1
172 220 1
173 220 1
174 220 1
175 220 1
176 220 1
177 220 1
178 220 1
179 221 1
180 221 1
181 221 1
182 221 1
183 221 1
184 221 1
185 221 1
186 221 1
187 222 1
188 222 1
189 222 1
190 222 1
191 222 1
192 222 1
193 222 1
194 223 1
195 223 1
196 223 1
197 223 1
198 223 1
199 223 1
200 223 1
201 224 1
202 224 1
203 224 1
204 224 1
205 224 1
206 224 1
207 225 1
208 225 1
209 225 1
210 225 1
211 225 1
212 225 1
213 226 1
214 226 1
215 226 1
216 226 1
217 226 1
218 227 1
219 227 1
220 228 1
221 229 1
222 229 1
223 229 1
224 229 1
225 230 1
226 230 1
227 230 1
228 230 1
229 231 1
230 231 1
231 231 1
232 231 1
233 231 1
234 231 1
.PEN_UP
.PEN_DOWN
220 230 1
219 230 1
218 230 1
217 230 1
216 230 1
215 230 1
214 230 1
213 230 1
212 230 1
211 230 1
210 230 1
209 230 1
.PEN_UP
