.PEN_DOWN
34 13 1
35 12 1
35 11 1
35 10 1
35 9 1
35 8 1
35 7 1
36 6 1
36 5 1
37 4 1
38 4 1
39 3 1
40 2 1
41 2 1
42 2 1
43 2 1
44 1 1
45 2 1
46 2 1
47 2 1
48 2 1
49 2 1
50 2 1
51 3 1
52 3 1
53 3 1
54 4 1
55 4 1
56 5 1
57 5 1
58 5 1
59 6 1
60 6 1
61 7 1
62 7 1
63 8 1
64 9 1
65 9 1
66 10 1
67 10 1
68 11 1
69 12 1
70 12 1
71 13 1
72 14 1
73 15 1
74 16 1
75 16 1
76 17 1
77 18 1
78 19 1
79 20 1
80 21 1
81 22 1
82 23 1
83 24 1
83 25 1
84 26 1
85 27 1
86 28 1
87 29 1
88 30 1
88 31 1
89 32 1
90 33 1
90 34 1
91 35 1
91 36 1
92 37 1
92 38 1
93 39 1
93 40 1
93 41 1
94 42 1
94 43 1
95 44 1
95 45 1
96 46 1
96 47 1
96 48 1
97 49 1
97 50 1
97 51 1
97 52 1
97 53 1
98 54 1
98 55 1
98 56 1
98 57 1
98 58 1
98 59 1
99 60 1
99 61 1
99 62 1
99 63 1
99 64 1
99 65 1
99 66 1
99 67 1
100 68 1
100 69 1
100 70 1
100 71 1
100 72 1
100 73 1
100 74 1
100 75 1
100 76 1
100 77 1
100 78 1
100 79 1
100 80 1
100 81 1
100 82 1
100 83 1
99 84 1
99 85 1
99 86 1
99 87 1
98 88 1
98 89 1
98 90 1
98 91 1
98 92 1
97 93 1
97 94 1
97 95 1
96 96 1
96 97 1
95 98 1
95 99 1
94 100 1
94 101 1
94 102 1
93 103 1
93 104 1
92 105 1
92 106 1
91 107 1
91 108 1
90 109 1
89 110 1
89 111 1
88 112 1
87 113 1
86 114 1
86 115 1
85 116 1
84 117 1
83 118 1
82 119 1
81 120 1
80 121 1
79 122 1
78 123 1
77 124 1
76 125 1
75 126 1
74 127 1
73 128 1
72 129 1
71 130 1
70 131 1
69 131 1
68 132 1
67 132 1
66 133 1
65 134 1
64 134 1
63 135 1
62 136 1
61 136 1
60 137 1
59 138 1
58 138 1
57 139 1
56 140 1
55 140 1
54 141 1
53 141 1
52 142 1
51 142 1
50 143 1
49 143 1
48 144 1
47 144 1
46 145 1
45 145 1
44 145 1
43 146 1
42 146 1
41 146 1
40 146 1
39 147 1
38 147 1
37 147 1
36 147 1
35 148 1
34 148 1
33 148 1
32 148 1
31 148 1
30 148 1
29 149 1
28 149 1
27 149 1
26 149 1
25 149 1
24 149 1
23 149 1
22 149 1
21 149 1
20 149 1
19 149 1
18 149 1
17 149 1
16 149 1
15 148 1
14 148 1
13 148 1
12 147 1
11 147 1
10 147 1
9 146 1
8 146 1
7 145 1
6 144 1
5 144 1
4 143 1
4 142 1
3 141 1
3 140 1
2 139 1
2 138 1
1 137 1
1 136 1
1 135 1
1 134 1
1 133 1
1 132 1
1 131 1
.PEN_UP
