.PEN_DOWN
68 1 1
69 2 1
70 3 1
71 3 1
72 4 1
73 5 1
74 6 1
74 7 1
74 8 1
73 9 1
73 10 1
72 11 1
71 12 1
70 13 1
69 14 1
68 15 1
67 16 1
67 17 1
66 18 1
65 19 1
64 20 1
63 21 1
62 22 1
61 23 1
60 24 1
59 25 1
58 26 1
57 27 1
56 28 1
55 29 1
54 30 1
53 31 1
52 32 1
51 33 1
50 34 1
49 35 1
48 36 1
47 36 1
46 37 1
45 38 1
44 39 1
43 40 1
42 40 1
41 41 1
40 42 1
39 43 1
38 44 1
37 45 1
36 46 1
35 47 1
34 48 1
33 49 1
32 50 1
31 51 1
30 52 1
29 53 1
28 54 1
27 55 1
26 56 1
25 57 1
24 58 1
23 59 1
22 60 1
21 61 1
20 62 1
19 62 1
18 63 1
17 64 1
16 65 1
15 66 1
11 66 1
10 66 1
9 66 1
8 66 1
7 66 1
6 66 1
5 67 1
4 67 1
3 68 1
2 69 1
1 70 1
.PEN_UP
.PEN_DOWN
14 67 1
16 68 1
17 69 1
18 69 1
19 70 1
20 71 1
21 72 1
22 73 1
23 74 1
23 75 1
24 76 1
25 77 1
26 78 1
27 79 1
27 80 1
28 81 1
29 82 1
29 83 1
30 84 1
31 85 1
32 86 1
32 87 1
33 88 1
33 89 1
34 90 1
34 91 1
34 92 1
35 93 1
35 94 1
36 95 1
36 96 1
37 97 1
37 98 1
37 99 1
38 100 1
38 101 1
39 102 1
39 103 1
39 104 1
40 105 1
40 106 1
41 107 1
41 108 1
41 109 1
42 110 1
42 111 1
43 112 1
43 113 1
43 114 1
44 115 1
44 116 1
45 117 1
45 118 1
45 119 1
46 120 1
46 121 1
47 122 1
47 123 1
47 124 1
48 125 1
48 126 1
48 127 1
49 128 1
49 129 1
50 130 1
50 131 1
50 132 1
51 133 1
51 134 1
51 135 1
52 136 1
52 137 1
52 138 1
53 139 1
53 140 1
53 141 1
54 142 1
54 143 1
55 144 1
55 145 1
55 146 1
56 147 1
56 148 1
56 149 1
57 150 1
57 151 1
57 152 1
58 153 1
58 154 1
59 155 1
59 156 1
59 157 1
60 158 1
60 159 1
61 160 1
61 161 1
61 162 1
62 163 1
62 164 1
63 165 1
63 166 1
64 167 1
64 168 1
65 169 1
65 170 1
65 171 1
66 172 1
66 173 1
66 174 1
67 175 1
67 176 1
67 177 1
67 178 1
67 179 1
.PEN_UP
.PEN_DOWN
13 67 1
12 69 1
11 70 1
10 71 1
10 72 1
9 73 1
9 74 1
8 75 1
8 76 1
7 77 1
7 78 1
6 79 1
5 80 1
4 81 1
3 82 1
3 83 1
3 84 1
3 85 1
2 86 1
2 87 1
2 88 1
2 89 1
.PEN_UP
