.PEN_DOWN
35 15 1
35 16 1
35 17 1
35 18 1
35 19 1
35 20 1
35 21 1
34 22 1
34 23 1
34 24 1
34 25 1
34 26 1
34 27 1
33 28 1
33 29 1
33 30 1
33 31 1
33 32 1
33 33 1
32 34 1
32 35 1
32 36 1
32 37 1
32 38 1
32 39 1
31 40 1
31 41 1
31 42 1
31 43 1
31 44 1
31 45 1
30 46 1
30 47 1
30 48 1
30 49 1
30 50 1
30 51 1
29 52 1
29 53 1
29 54 1
29 55 1
29 56 1
29 57 1
28 58 1
28 59 1
28 60 1
28 61 1
28 62 1
28 63 1
27 64 1
27 65 1
27 66 1
27 67 1
27 68 1
27 69 1
26 70 1
26 71 1
26 72 1
26 73 1
26 74 1
26 75 1
25 76 1
25 77 1
25 78 1
25 79 1
25 80 1
25 81 1
25 82 1
24 83 1
24 84 1
24 85 1
24 86 1
24 87 1
24 88 1
23 89 1
23 90 1
23 91 1
23 92 1
23 93 1
23 94 1
23 95 1
22 96 1
22 97 1
22 98 1
22 99 1
22 100 1
22 101 1
21 102 1
21 103 1
21 104 1
21 105 1
21 106 1
21 107 1
21 108 1
20 109 1
20 110 1
20 111 1
20 112 1
20 113 1
20 114 1
20 115 1
19 116 1
19 117 1
19 118 1
19 119 1
19 120 1
19 121 1
19 122 1
18 123 1
18 124 1
18 125 1
18 126 1
18 127 1
18 128 1
18 129 1
18 130 1
17 131 1
17 132 1
17 133 1
17 134 1
17 135 1
17 136 1
17 137 1
17 138 1
16 139 1
16 140 1
16 141 1
16 142 1
16 143 1
16 144 1
16 145 1
16 146 1
15 147 1
15 148 1
15 149 1
15 150 1
15 151 1
15 152 1
15 153 1
15 154 1
14 155 1
14 156 1
14 157 1
14 158 1
14 159 1
14 160 1
14 161 1
14 162 1
13 163 1
13 164 1
13 165 1
13 166 1
13 167 1
13 168 1
13 169 1
13 170 1
12 171 1
12 172 1
12 173 1
12 174 1
12 175 1
12 176 1
12 177 1
11 178 1
11 179 1
11 180 1
11 181 1
11 182 1
11 183 1
11 184 1
11 185 1
10 186 1
10 187 1
10 188 1
10 189 1
10 190 1
10 191 1
10 192 1
10 193 1
9 194 1
9 195 1
9 196 1
9 197 1
9 198 1
9 199 1
9 200 1
8 201 1
8 202 1
8 203 1
8 204 1
8 205 1
8 206 1
8 207 1
7 208 1
7 209 1
7 210 1
7 211 1
7 212 1
7 213 1
7 214 1
6 215 1
6 216 1
6 217 1
6 218 1
6 219 1
6 220 1
5 221 1
5 222 1
5 223 1
5 224 1
5 225 1
5 226 1
5 227 1
4 228 1
4 229 1
4 230 1
4 231 1
4 232 1
4 233 1
3 234 1
3 235 1
3 236 1
3 237 1
3 238 1
3 239 1
3 240 1
2 241 1
2 242 1
2 243 1
2 244 1
2 245 1
2 246 1
2 247 1
1 248 1
1 249 1
1 250 1
2 251 1
3 251 1
4 251 1
5 250 1
6 249 1
7 248 1
8 247 1
8 246 1
9 245 1
9 244 1
10 243 1
11 242 1
11 241 1
12 240 1
13 239 1
13 238 1
14 237 1
15 236 1
15 235 1
16 234 1
17 233 1
18 232 1
19 231 1
20 230 1
21 229 1
21 228 1
22 227 1
23 226 1
24 225 1
25 224 1
26 223 1
26 222 1
26 221 1
27 220 1
27 219 1
27 218 1
27 217 1
27 216 1
27 215 1
27 214 1
27 213 1
28 212 1
28 211 1
28 210 1
28 209 1
28 208 1
28 207 1
28 206 1
.PEN_UP
.PEN_DOWN
279 1 1
279 2 1
279 3 1
279 4 1
278 5 1
277 6 1
277 7 1
276 8 1
275 9 1
274 10 1
273 11 1
273 12 1
273 13 1
272 14 1
272 15 1
272 16 1
271 17 1
271 18 1
271 19 1
270 20 1
270 21 1
270 22 1
269 23 1
269 24 1
269 25 1
268 26 1
268 27 1
267 28 1
267 29 1
267 30 1
267 31 1
267 32 1
266 33 1
266 34 1
266 35 1
266 36 1
266 37 1
266 38 1
265 39 1
265 40 1
265 41 1
265 42 1
265 43 1
264 44 1
264 45 1
264 46 1
264 47 1
264 48 1
263 49 1
263 50 1
263 51 1
263 52 1
263 53 1
263 54 1
262 55 1
262 56 1
262 57 1
262 58 1
262 59 1
263 60 1
263 62 1
263 63 1
262 64 1
262 65 1
262 66 1
262 67 1
262 68 1
262 69 1
262 70 1
262 71 1
262 72 1
261 73 1
261 74 1
261 75 1
261 76 1
261 77 1
261 78 1
260 79 1
259 80 1
259 81 1
259 82 1
259 83 1
260 84 1
262 83 1
263 82 1
263 81 1
263 80 1
262 79 1
.PEN_UP
.PEN_DOWN
260 86 1
260 87 1
259 88 1
258 89 1
258 90 1
258 91 1
258 92 1
258 93 1
259 94 1
261 93 1
262 92 1
262 91 1
262 90 1
262 89 1
261 88 1
.PEN_UP
.PEN_DOWN
259 96 1
259 97 1
258 98 1
257 99 1
257 100 1
257 101 1
257 102 1
257 103 1
258 104 1
260 103 1
261 102 1
261 101 1
261 100 1
261 99 1
260 98 1
.PEN_UP
.PEN_DOWN
258 106 1
258 107 1
257 108 1
256 109 1
256 110 1
256 111 1
256 112 1
256 113 1
256 114 1
257 115 1
259 114 1
260 113 1
260 112 1
260 111 1
260 110 1
260 109 1
259 108 1
.PEN_UP
.PEN_DOWN
257 117 1
257 118 1
256 119 1
255 120 1
255 121 1
255 122 1
256 123 1
256 125 1
256 126 1
256 127 1
256 128 1
256 129 1
256 130 1
255 131 1
255 132 1
255 133 1
255 134 1
255 135 1
255 136 1
255 137 1
255 138 1
255 139 1
255 140 1
255 141 1
254 142 1
254 143 1
254 144 1
254 145 1
254 146 1
254 147 1
254 148 1
254 149 1
254 150 1
254 151 1
253 152 1
253 153 1
253 154 1
253 155 1
253 156 1
253 157 1
253 158 1
253 159 1
252 160 1
252 161 1
252 162 1
252 163 1
252 164 1
251 165 1
251 166 1
251 167 1
251 168 1
252 169 1
252 170 1
252 171 1
252 172 1
251 173 1
251 174 1
251 175 1
251 176 1
251 177 1
251 178 1
250 179 1
250 180 1
250 181 1
250 182 1
250 183 1
250 184 1
249 185 1
249 186 1
249 187 1
249 188 1
249 189 1
249 190 1
249 191 1
248 192 1
248 193 1
248 194 1
248 195 1
248 196 1
248 197 1
248 198 1
247 199 1
247 200 1
247 201 1
247 202 1
247 203 1
247 204 1
247 205 1
246 206 1
246 207 1
246 208 1
246 209 1
246 210 1
246 211 1
246 212 1
246 213 1
245 214 1
245 215 1
245 216 1
245 217 1
245 218 1
245 219 1
245 220 1
244 221 1
244 222 1
244 223 1
244 224 1
244 225 1
244 226 1
244 227 1
244 228 1
244 229 1
244 230 1
243 231 1
243 232 1
243 233 1
243 234 1
243 235 1
243 236 1
243 237 1
243 238 1
243 239 1
243 240 1
242 241 1
242 242 1
242 243 1
242 244 1
242 245 1
242 246 1
242 247 1
242 248 1
242 249 1
242 250 1
241 251 1
241 252 1
241 253 1
241 254 1
241 255 1
241 256 1
241 257 1
241 258 1
242 259 1
243 259 1
244 259 1
245 259 1
246 259 1
247 258 1
248 258 1
249 257 1
250 257 1
251 256 1
252 255 1
252 254 1
252 253 1
252 252 1
251 251 1
251 250 1
.PEN_UP
.PEN_DOWN
256 124 1
258 122 1
259 121 1
259 120 1
258 119 1
.PEN_UP
.PEN_DOWN
263 61 1
265 59 1
266 58 1
266 57 1
266 56 1
266 55 1
267 54 1
268 54 1
269 54 1
270 53 1
271 53 1
272 53 1
273 53 1
274 53 1
275 53 1
276 53 1
277 53 1
278 53 1
279 53 1
280 53 1
281 53 1
282 53 1
283 53 1
284 53 1
285 53 1
286 53 1
287 53 1
288 53 1
289 53 1
290 53 1
291 54 1
292 54 1
293 54 1
294 54 1
295 54 1
296 54 1
297 54 1
298 54 1
299 55 1
300 55 1
301 55 1
302 55 1
303 55 1
304 55 1
305 55 1
306 56 1
307 56 1
308 56 1
309 56 1
310 57 1
311 57 1
312 57 1
313 57 1
314 58 1
315 58 1
316 58 1
317 58 1
318 59 1
319 59 1
320 59 1
321 59 1
322 60 1
323 60 1
324 60 1
325 60 1
326 61 1
327 61 1
328 61 1
329 61 1
330 62 1
331 62 1
332 62 1
333 62 1
334 63 1
335 63 1
336 63 1
337 64 1
338 64 1
339 64 1
340 64 1
341 65 1
342 65 1
343 65 1
344 65 1
345 66 1
346 66 1
347 66 1
348 66 1
349 67 1
350 67 1
351 67 1
352 67 1
353 67 1
354 68 1
355 68 1
356 68 1
357 68 1
358 69 1
359 69 1
360 69 1
361 69 1
362 70 1
363 70 1
364 70 1
365 70 1
366 70 1
367 71 1
368 71 1
369 71 1
370 71 1
371 71 1
372 71 1
373 72 1
374 72 1
375 73 1
.PEN_UP
