.PEN_DOWN
1 1 1
1 2 1
1 3 1
1 4 1
1 5 1
1 6 1
2 7 1
2 8 1
1 9 1
1 10 1
1 11 1
1 12 1
1 13 1
1 14 1
1 15 1
1 16 1
1 17 1
1 18 1
1 19 1
1 20 1
1 21 1
1 22 1
1 23 1
1 24 1
1 25 1
1 26 1
1 27 1
1 28 1
1 29 1
1 30 1
1 31 1
1 32 1
1 33 1
1 34 1
1 35 1
1 36 1
1 37 1
1 38 1
1 39 1
1 40 1
1 41 1
1 42 1
1 43 1
1 44 1
1 45 1
1 46 1
1 47 1
1 48 1
1 49 1
1 50 1
1 51 1
1 52 1
2 53 1
2 54 1
2 55 1
2 56 1
2 57 1
2 58 1
2 59 1
2 60 1
2 61 1
2 62 1
2 63 1
2 64 1
2 65 1
2 66 1
2 67 1
2 68 1
2 69 1
2 70 1
2 71 1
3 72 1
3 73 1
3 74 1
3 75 1
3 76 1
3 77 1
3 78 1
3 79 1
3 80 1
3 81 1
3 82 1
3 83 1
3 84 1
3 85 1
3 86 1
3 87 1
3 88 1
4 89 1
4 90 1
4 91 1
4 92 1
4 93 1
4 94 1
4 95 1
4 96 1
4 97 1
4 98 1
5 99 1
5 100 1
5 101 1
5 102 1
5 103 1
5 104 1
5 105 1
5 106 1
5 107 1
5 108 1
6 109 1
6 110 1
6 111 1
6 112 1
6 113 1
6 114 1
6 115 1
6 116 1
6 117 1
6 118 1
6 119 1
7 120 1
7 121 1
7 122 1
7 123 1
7 124 1
7 125 1
7 126 1
7 127 1
7 128 1
7 129 1
8 130 1
8 131 1
8 132 1
8 133 1
8 134 1
8 135 1
8 136 1
8 137 1
8 138 1
8 139 1
8 140 1
9 141 1
9 142 1
9 143 1
9 144 1
9 145 1
9 146 1
9 147 1
9 148 1
9 149 1
9 150 1
10 151 1
10 152 1
10 153 1
10 154 1
10 155 1
10 156 1
10 157 1
10 158 1
10 159 1
10 160 1
10 161 1
11 162 1
11 163 1
11 164 1
11 165 1
11 166 1
11 167 1
11 168 1
11 169 1
11 170 1
11 171 1
12 172 1
12 173 1
12 174 1
12 175 1
12 176 1
12 177 1
12 178 1
12 179 1
12 180 1
12 181 1
12 182 1
12 183 1
13 184 1
13 185 1
13 186 1
13 187 1
13 188 1
13 189 1
13 190 1
13 191 1
13 192 1
13 193 1
13 194 1
13 195 1
13 196 1
13 197 1
13 198 1
13 199 1
14 200 1
14 201 1
14 202 1
14 203 1
14 204 1
14 205 1
14 206 1
14 207 1
14 208 1
14 209 1
14 210 1
14 211 1
14 212 1
14 213 1
14 214 1
14 215 1
15 216 1
15 217 1
15 218 1
15 219 1
15 220 1
15 221 1
15 222 1
15 223 1
15 224 1
15 225 1
15 226 1
15 227 1
15 228 1
15 229 1
15 230 1
15 231 1
16 232 1
16 233 1
16 234 1
16 235 1
16 236 1
16 237 1
16 238 1
16 239 1
16 240 1
16 241 1
16 242 1
16 243 1
16 244 1
16 245 1
16 246 1
17 247 1
17 248 1
17 249 1
17 250 1
17 251 1
17 252 1
17 253 1
17 254 1
17 255 1
17 256 1
18 257 1
18 258 1
18 259 1
18 260 1
18 261 1
18 262 1
18 263 1
18 264 1
18 265 1
18 266 1
18 267 1
19 268 1
19 269 1
19 270 1
19 271 1
19 272 1
19 273 1
19 274 1
19 275 1
19 276 1
19 277 1
20 278 1
20 279 1
20 280 1
20 281 1
20 282 1
20 283 1
20 284 1
20 285 1
20 286 1
20 287 1
21 288 1
21 289 1
21 290 1
21 291 1
21 292 1
21 293 1
21 294 1
21 295 1
21 296 1
21 297 1
21 298 1
22 299 1
22 300 1
22 301 1
22 302 1
22 303 1
22 304 1
22 305 1
22 306 1
22 307 1
22 308 1
23 309 1
23 310 1
23 311 1
23 312 1
23 313 1
23 314 1
23 315 1
23 316 1
23 317 1
23 318 1
23 319 1
23 320 1
23 321 1
24 322 1
24 323 1
24 324 1
24 325 1
24 326 1
24 327 1
24 328 1
24 329 1
24 330 1
24 331 1
24 332 1
24 333 1
25 334 1
25 335 1
25 336 1
25 337 1
25 338 1
25 339 1
25 340 1
25 341 1
25 342 1
25 343 1
25 344 1
25 345 1
25 346 1
26 347 1
26 348 1
26 349 1
26 350 1
26 351 1
26 352 1
26 353 1
26 354 1
26 355 1
.PEN_UP
.PEN_DOWN
28 145 1
29 145 1
30 145 1
31 145 1
32 145 1
33 145 1
34 145 1
35 145 1
36 145 1
37 145 1
38 145 1
39 145 1
40 145 1
41 146 1
42 146 1
43 146 1
44 146 1
45 146 1
46 146 1
47 146 1
48 146 1
49 146 1
50 146 1
51 146 1
52 147 1
53 147 1
54 147 1
55 147 1
56 147 1
57 147 1
58 147 1
59 147 1
60 147 1
61 147 1
62 147 1
63 147 1
64 147 1
65 147 1
66 147 1
67 147 1
68 147 1
69 147 1
70 147 1
71 147 1
72 147 1
73 147 1
74 147 1
75 147 1
76 147 1
77 147 1
78 147 1
79 147 1
80 147 1
81 147 1
82 147 1
83 147 1
84 147 1
85 147 1
86 147 1
87 147 1
88 147 1
89 147 1
90 147 1
91 147 1
92 147 1
93 147 1
94 147 1
95 147 1
96 147 1
97 147 1
98 147 1
99 147 1
100 147 1
101 147 1
102 147 1
103 147 1
104 146 1
105 146 1
106 147 1
107 147 1
108 147 1
109 147 1
110 147 1
111 147 1
112 147 1
113 147 1
114 147 1
115 147 1
116 147 1
117 147 1
118 147 1
119 147 1
120 147 1
121 147 1
122 147 1
123 148 1
124 148 1
.PEN_UP
.PEN_DOWN
103 145 1
102 144 1
101 143 1
100 143 1
99 142 1
98 141 1
97 141 1
96 140 1
96 139 1
96 138 1
95 137 1
95 136 1
95 135 1
95 134 1
94 133 1
94 132 1
94 131 1
94 130 1
94 129 1
94 128 1
94 127 1
94 126 1
94 125 1
94 124 1
94 123 1
94 122 1
94 121 1
94 120 1
95 119 1
95 118 1
95 117 1
95 116 1
95 115 1
95 114 1
95 113 1
95 112 1
95 111 1
96 110 1
96 109 1
96 108 1
96 107 1
97 106 1
97 105 1
97 104 1
97 103 1
98 102 1
98 101 1
98 100 1
98 99 1
99 98 1
99 97 1
100 96 1
100 95 1
101 94 1
101 93 1
102 92 1
102 91 1
103 90 1
103 89 1
104 88 1
104 87 1
104 86 1
105 85 1
106 84 1
106 83 1
107 82 1
107 81 1
108 80 1
109 79 1
109 78 1
110 77 1
110 76 1
111 75 1
112 74 1
112 73 1
113 72 1
114 71 1
114 70 1
115 69 1
116 68 1
116 67 1
117 66 1
118 65 1
119 64 1
120 63 1
121 63 1
122 62 1
123 61 1
124 60 1
125 60 1
126 60 1
127 60 1
128 59 1
129 59 1
130 59 1
131 59 1
132 59 1
133 59 1
134 59 1
135 60 1
136 60 1
137 60 1
138 60 1
139 61 1
140 62 1
141 63 1
142 63 1
143 64 1
144 65 1
145 66 1
146 67 1
146 68 1
147 69 1
147 70 1
148 71 1
149 72 1
149 73 1
150 74 1
150 75 1
151 76 1
151 77 1
151 78 1
152 79 1
152 80 1
153 81 1
153 82 1
153 83 1
154 84 1
154 85 1
155 86 1
155 87 1
155 88 1
156 89 1
156 90 1
156 91 1
157 92 1
157 93 1
157 94 1
157 95 1
158 96 1
158 97 1
158 98 1
159 99 1
159 100 1
159 101 1
160 102 1
160 103 1
161 104 1
161 105 1
162 106 1
162 107 1
163 108 1
163 109 1
164 110 1
164 111 1
165 112 1
165 113 1
166 114 1
167 115 1
167 116 1
168 117 1
169 118 1
170 119 1
170 120 1
171 121 1
172 122 1
172 123 1
173 124 1
174 125 1
175 126 1
176 127 1
177 128 1
178 129 1
179 130 1
179 131 1
180 132 1
181 133 1
182 134 1
183 135 1
184 136 1
185 137 1
186 137 1
187 138 1
188 139 1
189 140 1
190 141 1
191 141 1
192 142 1
193 143 1
194 144 1
195 145 1
196 145 1
197 146 1
198 147 1
199 147 1
200 148 1
201 149 1
202 149 1
203 150 1
204 151 1
205 151 1
206 152 1
207 152 1
208 153 1
209 154 1
210 154 1
211 155 1
212 155 1
213 156 1
214 157 1
215 157 1
216 157 1
217 158 1
218 158 1
219 158 1
220 158 1
221 158 1
222 159 1
223 159 1
224 159 1
225 159 1
226 159 1
227 159 1
228 159 1
229 159 1
230 159 1
231 158 1
232 158 1
233 158 1
234 158 1
235 157 1
236 157 1
237 156 1
238 155 1
239 154 1
240 154 1
241 153 1
242 152 1
243 151 1
244 150 1
245 149 1
246 148 1
247 147 1
247 146 1
248 145 1
249 144 1
250 143 1
250 142 1
251 141 1
252 140 1
253 139 1
253 138 1
254 137 1
255 136 1
255 135 1
256 134 1
256 133 1
257 132 1
257 131 1
257 130 1
258 129 1
258 128 1
259 127 1
259 126 1
259 125 1
260 124 1
261 123 1
262 123 1
263 124 1
264 125 1
265 125 1
266 126 1
267 127 1
268 128 1
269 128 1
270 129 1
271 130 1
272 130 1
273 131 1
274 132 1
275 133 1
276 133 1
277 134 1
278 134 1
279 135 1
280 136 1
281 136 1
282 137 1
283 138 1
284 138 1
285 139 1
286 140 1
287 140 1
288 141 1
289 141 1
290 142 1
291 142 1
292 143 1
293 143 1
294 143 1
295 144 1
296 144 1
297 145 1
298 145 1
299 146 1
300 146 1
301 147 1
302 147 1
303 148 1
304 148 1
305 149 1
306 150 1
307 150 1
308 151 1
309 151 1
310 152 1
311 152 1
312 153 1
313 154 1
314 155 1
315 156 1
316 157 1
316 158 1
317 159 1
.PEN_UP
.PEN_DOWN
260 122 1
260 121 1
258 120 1
257 119 1
256 118 1
255 117 1
254 116 1
253 115 1
252 114 1
251 113 1
250 112 1
249 111 1
249 110 1
248 109 1
248 108 1
247 107 1
246 106 1
246 105 1
245 104 1
245 103 1
244 102 1
244 101 1
243 100 1
242 99 1
242 98 1
241 97 1
241 96 1
241 95 1
240 94 1
240 93 1
240 92 1
239 91 1
239 90 1
239 89 1
238 88 1
238 87 1
238 86 1
237 85 1
237 84 1
237 83 1
236 82 1
236 81 1
236 80 1
236 79 1
235 78 1
235 77 1
235 76 1
235 75 1
235 74 1
234 73 1
234 72 1
234 71 1
234 70 1
233 69 1
233 68 1
233 67 1
233 66 1
233 65 1
234 64 1
234 63 1
234 62 1
234 61 1
234 60 1
234 59 1
234 58 1
234 57 1
234 56 1
234 55 1
234 54 1
235 53 1
235 52 1
236 51 1
236 50 1
237 49 1
237 48 1
238 47 1
238 46 1
239 45 1
240 45 1
241 44 1
242 44 1
243 44 1
244 44 1
245 44 1
246 45 1
247 45 1
248 46 1
249 46 1
250 47 1
251 48 1
252 49 1
253 49 1
254 50 1
255 51 1
256 52 1
257 53 1
258 54 1
258 55 1
259 56 1
259 57 1
260 58 1
260 59 1
260 60 1
261 61 1
261 62 1
262 63 1
262 64 1
263 65 1
263 66 1
263 67 1
263 68 1
264 69 1
264 70 1
264 71 1
264 72 1
265 73 1
265 74 1
265 75 1
265 76 1
266 77 1
266 78 1
266 79 1
266 80 1
266 81 1
266 82 1
266 83 1
266 84 1
266 85 1
266 86 1
266 87 1
266 88 1
266 89 1
266 90 1
266 91 1
266 92 1
266 93 1
266 94 1
266 95 1
266 96 1
266 97 1
266 98 1
266 99 1
266 100 1
266 101 1
265 102 1
265 103 1
265 104 1
265 105 1
265 106 1
264 107 1
264 108 1
264 109 1
264 110 1
264 111 1
263 112 1
263 113 1
263 114 1
263 115 1
263 116 1
262 117 1
262 118 1
261 119 1
260 120 1
.PEN_UP
.PEN_DOWN
181 140 1
181 141 1
180 142 1
180 143 1
180 144 1
179 145 1
179 146 1
179 147 1
179 148 1
178 149 1
178 150 1
178 151 1
177 152 1
177 153 1
177 154 1
176 155 1
176 156 1
176 157 1
176 158 1
176 159 1
176 160 1
176 161 1
176 162 1
175 163 1
175 164 1
175 165 1
175 166 1
175 167 1
175 168 1
175 169 1
175 170 1
174 171 1
174 172 1
174 173 1
174 174 1
174 175 1
174 176 1
174 177 1
174 178 1
174 179 1
173 180 1
173 181 1
173 182 1
173 183 1
173 184 1
173 185 1
173 186 1
173 187 1
172 188 1
172 189 1
172 190 1
172 191 1
172 192 1
172 193 1
172 194 1
172 195 1
172 196 1
171 197 1
171 198 1
171 199 1
171 200 1
171 201 1
171 202 1
171 203 1
171 204 1
171 205 1
171 206 1
170 207 1
170 208 1
170 209 1
170 210 1
170 211 1
170 212 1
170 213 1
170 214 1
170 215 1
170 216 1
169 217 1
169 218 1
169 219 1
169 220 1
169 221 1
169 222 1
169 223 1
169 224 1
169 225 1
169 226 1
168 227 1
168 228 1
168 229 1
168 230 1
168 231 1
168 232 1
168 233 1
168 234 1
168 235 1
168 236 1
167 237 1
167 238 1
167 239 1
167 240 1
167 241 1
167 242 1
167 243 1
167 244 1
167 245 1
167 246 1
166 247 1
166 248 1
166 249 1
166 250 1
166 251 1
166 252 1
166 253 1
166 254 1
166 255 1
166 256 1
165 257 1
165 258 1
.PEN_UP
.PEN_DOWN
85 282 1
84 281 1
84 280 1
83 279 1
83 278 1
83 277 1
82 276 1
82 275 1
82 274 1
81 273 1
81 272 1
81 271 1
81 270 1
81 269 1
82 268 1
83 267 1
84 267 1
85 266 1
86 266 1
87 267 1
88 267 1
89 267 1
90 267 1
91 267 1
92 267 1
93 267 1
94 267 1
95 267 1
96 267 1
97 268 1
98 268 1
99 268 1
100 268 1
101 268 1
102 268 1
103 268 1
104 268 1
105 269 1
106 269 1
107 269 1
108 269 1
109 269 1
110 269 1
111 269 1
112 269 1
113 269 1
114 270 1
115 270 1
116 270 1
117 270 1
118 270 1
119 270 1
120 270 1
121 270 1
122 270 1
123 270 1
124 270 1
125 271 1
126 271 1
127 271 1
128 271 1
129 271 1
130 271 1
131 271 1
132 271 1
133 271 1
134 271 1
135 271 1
136 272 1
137 272 1
138 272 1
139 272 1
140 272 1
141 272 1
142 272 1
143 272 1
144 272 1
145 272 1
146 272 1
147 272 1
148 273 1
149 273 1
150 273 1
151 273 1
152 273 1
153 273 1
154 273 1
155 273 1
156 273 1
157 273 1
158 273 1
159 273 1
160 273 1
161 273 1
162 273 1
163 274 1
164 274 1
165 274 1
166 274 1
167 274 1
168 274 1
169 274 1
170 274 1
171 274 1
172 274 1
173 274 1
174 274 1
175 274 1
176 274 1
177 274 1
178 274 1
179 274 1
180 274 1
181 274 1
182 274 1
183 274 1
184 274 1
185 274 1
186 274 1
187 274 1
188 274 1
189 274 1
190 274 1
191 274 1
192 274 1
193 274 1
194 274 1
195 274 1
196 274 1
197 274 1
198 274 1
199 274 1
200 274 1
201 274 1
202 274 1
203 274 1
204 274 1
205 274 1
206 274 1
207 274 1
208 274 1
209 274 1
210 274 1
211 274 1
212 274 1
213 274 1
214 274 1
215 274 1
216 274 1
217 274 1
218 274 1
219 274 1
220 274 1
221 274 1
222 274 1
223 274 1
224 274 1
225 275 1
226 275 1
227 275 1
228 275 1
229 275 1
230 275 1
231 275 1
232 275 1
233 275 1
234 275 1
235 275 1
236 275 1
237 275 1
238 275 1
239 275 1
240 275 1
241 275 1
242 275 1
243 275 1
244 275 1
245 275 1
246 275 1
247 275 1
248 275 1
249 275 1
250 275 1
251 275 1
252 275 1
253 275 1
254 275 1
255 275 1
256 275 1
257 275 1
258 275 1
259 275 1
260 275 1
261 275 1
262 275 1
263 275 1
264 275 1
265 275 1
266 275 1
267 275 1
268 275 1
269 275 1
270 275 1
271 275 1
272 275 1
.PEN_UP
