.PEN_DOWN
1 62 1
2 62 1
3 62 1
4 62 1
5 62 1
7 63 1
8 64 1
9 64 1
10 64 1
11 65 1
12 66 1
13 67 1
14 67 1
15 67 1
16 67 1
17 68 1
18 68 1
19 69 1
20 69 1
21 70 1
22 71 1
23 71 1
24 72 1
25 72 1
26 73 1
27 73 1
28 74 1
29 75 1
30 75 1
31 76 1
32 76 1
33 77 1
34 78 1
35 78 1
36 79 1
37 80 1
38 80 1
39 81 1
40 82 1
41 82 1
42 83 1
43 83 1
44 84 1
45 84 1
46 85 1
47 85 1
48 86 1
49 86 1
50 87 1
51 88 1
52 88 1
53 89 1
54 90 1
55 90 1
56 91 1
57 91 1
58 92 1
59 93 1
60 93 1
61 94 1
62 94 1
63 95 1
64 96 1
65 97 1
66 97 1
67 98 1
68 99 1
69 99 1
70 100 1
71 100 1
72 101 1
73 102 1
73 103 1
.PEN_UP
.PEN_DOWN
6 61 1
7 60 1
8 60 1
9 59 1
10 59 1
11 58 1
12 58 1
13 57 1
14 56 1
15 56 1
16 55 1
17 54 1
18 54 1
19 53 1
20 52 1
21 51 1
22 50 1
23 49 1
24 48 1
25 47 1
26 46 1
27 45 1
28 45 1
29 44 1
30 43 1
31 42 1
32 41 1
33 40 1
34 39 1
35 38 1
36 37 1
37 36 1
38 35 1
39 35 1
40 34 1
41 33 1
42 32 1
43 31 1
44 30 1
45 29 1
46 28 1
47 27 1
48 26 1
49 26 1
50 25 1
51 24 1
52 23 1
53 22 1
54 21 1
55 20 1
56 19 1
57 18 1
58 17 1
59 16 1
60 15 1
61 14 1
62 13 1
63 12 1
64 11 1
65 10 1
66 9 1
67 8 1
68 7 1
69 6 1
70 5 1
71 4 1
71 3 1
71 2 1
70 1 1
69 1 1
.PEN_UP
