.PEN_DOWN
1 118 1
2 118 1
3 118 1
4 119 1
5 119 1
6 120 1
7 121 1
8 122 1
9 123 1
10 124 1
11 125 1
11 126 1
11 127 1
11 128 1
12 129 1
12 130 1
12 131 1
12 132 1
13 133 1
13 134 1
13 135 1
13 136 1
14 137 1
14 138 1
14 139 1
14 140 1
15 141 1
15 142 1
15 143 1
15 144 1
15 145 1
15 146 1
15 147 1
15 148 1
15 149 1
16 150 1
16 151 1
16 152 1
16 153 1
16 154 1
16 155 1
16 156 1
16 157 1
16 158 1
17 159 1
17 160 1
17 161 1
17 162 1
17 163 1
17 164 1
17 165 1
17 166 1
17 167 1
18 168 1
18 169 1
18 170 1
18 171 1
18 172 1
18 173 1
18 174 1
18 175 1
18 176 1
18 177 1
18 178 1
18 179 1
18 180 1
18 181 1
19 182 1
19 183 1
19 184 1
19 185 1
19 186 1
19 187 1
19 188 1
19 189 1
19 190 1
19 191 1
19 192 1
19 193 1
19 194 1
19 195 1
19 196 1
19 197 1
19 198 1
19 199 1
19 200 1
19 201 1
19 202 1
19 203 1
19 204 1
19 205 1
19 206 1
19 207 1
19 208 1
19 209 1
19 210 1
19 211 1
19 212 1
19 213 1
20 214 1
20 215 1
20 216 1
20 217 1
20 218 1
20 219 1
20 220 1
20 221 1
20 222 1
20 223 1
20 224 1
20 225 1
20 226 1
20 227 1
20 228 1
20 229 1
20 230 1
20 231 1
20 232 1
20 233 1
20 234 1
20 235 1
20 236 1
20 237 1
20 238 1
20 239 1
20 240 1
20 241 1
20 242 1
20 243 1
20 244 1
20 245 1
20 246 1
20 247 1
20 248 1
20 249 1
19 250 1
19 251 1
19 252 1
19 253 1
19 254 1
19 255 1
19 256 1
19 257 1
19 258 1
19 259 1
19 260 1
19 261 1
19 262 1
19 263 1
19 264 1
19 265 1
19 266 1
18 267 1
18 268 1
18 269 1
18 270 1
18 271 1
18 272 1
18 273 1
18 274 1
18 275 1
18 276 1
18 277 1
18 278 1
18 279 1
18 280 1
18 281 1
18 282 1
18 283 1
17 284 1
17 285 1
17 286 1
17 287 1
17 288 1
17 289 1
17 290 1
17 291 1
17 292 1
17 293 1
17 294 1
17 295 1
17 296 1
17 297 1
17 298 1
17 299 1
17 300 1
16 301 1
16 302 1
16 303 1
16 304 1
16 305 1
16 306 1
16 307 1
16 308 1
16 309 1
16 310 1
16 311 1
16 312 1
16 313 1
16 314 1
16 315 1
16 316 1
16 317 1
16 318 1
15 319 1
15 320 1
15 321 1
15 322 1
15 323 1
15 324 1
15 325 1
15 326 1
15 327 1
15 328 1
15 329 1
15 330 1
15 331 1
15 332 1
15 333 1
15 334 1
15 335 1
15 336 1
14 337 1
14 338 1
14 339 1
14 340 1
14 341 1
14 342 1
14 343 1
14 344 1
14 345 1
14 346 1
14 347 1
14 348 1
14 349 1
14 350 1
14 351 1
14 352 1
14 353 1
14 354 1
13 355 1
13 356 1
13 357 1
13 358 1
13 359 1
13 360 1
13 361 1
13 362 1
13 363 1
13 364 1
13 365 1
13 366 1
13 367 1
13 368 1
13 369 1
13 370 1
13 371 1
13 372 1
12 373 1
12 374 1
12 375 1
12 376 1
.PEN_UP
.PEN_DOWN
75 122 1
74 122 1
73 122 1
72 121 1
71 121 1
70 121 1
69 120 1
68 120 1
67 120 1
66 119 1
65 118 1
64 117 1
64 116 1
64 115 1
64 114 1
64 113 1
64 112 1
65 111 1
66 110 1
66 109 1
67 108 1
68 107 1
69 106 1
70 105 1
71 104 1
72 103 1
73 102 1
73 101 1
74 100 1
75 99 1
76 98 1
76 97 1
77 96 1
78 95 1
79 94 1
80 93 1
80 92 1
81 91 1
82 90 1
82 89 1
83 88 1
84 87 1
85 86 1
85 85 1
86 84 1
87 83 1
88 82 1
88 81 1
89 80 1
90 79 1
91 78 1
91 77 1
92 76 1
93 75 1
94 74 1
94 73 1
95 72 1
96 71 1
97 70 1
97 69 1
98 68 1
99 67 1
100 66 1
101 65 1
101 64 1
102 63 1
103 62 1
104 61 1
105 60 1
106 59 1
107 58 1
108 57 1
109 56 1
110 55 1
111 54 1
112 54 1
113 53 1
114 52 1
115 52 1
116 51 1
117 51 1
118 50 1
119 49 1
120 49 1
121 49 1
122 49 1
123 49 1
124 49 1
125 48 1
126 49 1
127 49 1
128 49 1
129 50 1
130 50 1
131 51 1
132 51 1
133 51 1
134 52 1
135 52 1
136 53 1
137 54 1
138 54 1
139 55 1
140 55 1
141 56 1
142 57 1
143 57 1
144 58 1
145 59 1
146 60 1
147 61 1
148 62 1
149 63 1
150 64 1
150 65 1
151 66 1
152 67 1
153 68 1
154 69 1
155 70 1
156 71 1
157 72 1
158 73 1
159 74 1
160 75 1
161 76 1
161 77 1
162 78 1
163 79 1
164 80 1
165 81 1
166 82 1
167 83 1
168 84 1
169 85 1
170 86 1
171 87 1
172 88 1
173 89 1
174 90 1
175 91 1
176 92 1
177 93 1
178 94 1
179 95 1
180 96 1
181 97 1
182 97 1
183 98 1
184 99 1
185 100 1
186 101 1
187 102 1
188 103 1
189 103 1
190 104 1
191 105 1
192 105 1
193 106 1
194 107 1
195 107 1
196 108 1
197 109 1
198 109 1
199 110 1
200 110 1
201 110 1
202 111 1
205 112 1
206 112 1
207 112 1
208 112 1
209 113 1
210 113 1
211 113 1
212 113 1
213 113 1
214 113 1
215 113 1
216 113 1
217 113 1
218 113 1
219 113 1
220 112 1
221 112 1
222 112 1
223 112 1
224 111 1
225 111 1
226 110 1
227 109 1
228 109 1
229 108 1
230 107 1
231 106 1
232 105 1
233 104 1
234 103 1
235 102 1
236 101 1
237 100 1
238 99 1
239 98 1
239 97 1
240 96 1
240 95 1
241 94 1
241 93 1
241 92 1
242 91 1
242 90 1
242 89 1
243 88 1
243 87 1
243 86 1
244 85 1
244 84 1
244 83 1
244 82 1
245 81 1
245 80 1
245 79 1
245 78 1
246 77 1
246 76 1
246 75 1
246 74 1
246 73 1
246 72 1
247 71 1
247 70 1
247 69 1
247 68 1
247 67 1
247 66 1
247 65 1
247 64 1
247 63 1
247 62 1
247 61 1
247 60 1
247 59 1
247 58 1
247 57 1
248 56 1
248 55 1
248 54 1
248 53 1
248 52 1
248 51 1
248 50 1
248 49 1
248 48 1
248 47 1
248 46 1
248 45 1
248 44 1
248 43 1
248 42 1
.PEN_UP
.PEN_DOWN
203 110 1
203 109 1
204 108 1
204 107 1
205 106 1
205 105 1
205 104 1
205 103 1
205 102 1
206 101 1
206 100 1
206 99 1
206 98 1
207 97 1
207 96 1
207 95 1
207 94 1
207 93 1
208 92 1
208 91 1
208 90 1
209 89 1
209 88 1
209 87 1
210 86 1
210 85 1
210 84 1
210 83 1
211 82 1
211 81 1
211 80 1
211 79 1
.PEN_UP
.PEN_DOWN
203 111 1
203 113 1
203 114 1
203 115 1
203 116 1
202 117 1
202 118 1
202 119 1
202 120 1
202 121 1
202 122 1
201 123 1
201 124 1
201 125 1
201 126 1
201 127 1
201 128 1
201 129 1
201 130 1
200 131 1
200 132 1
200 133 1
200 134 1
200 135 1
200 136 1
200 137 1
200 138 1
199 139 1
199 140 1
199 141 1
199 142 1
199 143 1
199 144 1
199 145 1
199 146 1
199 147 1
199 148 1
199 149 1
199 150 1
199 151 1
198 152 1
198 153 1
198 154 1
198 155 1
198 156 1
198 157 1
198 158 1
198 159 1
198 160 1
198 161 1
197 162 1
197 163 1
197 164 1
197 165 1
197 166 1
196 167 1
195 168 1
194 169 1
194 170 1
194 171 1
194 172 1
194 173 1
195 174 1
195 175 1
195 176 1
195 177 1
195 178 1
196 179 1
196 180 1
196 181 1
196 182 1
196 183 1
197 184 1
197 185 1
197 186 1
197 187 1
197 188 1
198 189 1
198 190 1
198 191 1
198 192 1
199 193 1
199 194 1
199 195 1
200 196 1
200 197 1
201 198 1
201 199 1
201 200 1
202 201 1
202 202 1
203 203 1
203 204 1
203 205 1
204 206 1
204 207 1
205 208 1
205 209 1
206 210 1
206 211 1
207 212 1
207 213 1
208 214 1
209 215 1
209 216 1
210 217 1
210 218 1
211 219 1
211 220 1
212 221 1
212 222 1
213 223 1
213 224 1
214 225 1
214 226 1
215 227 1
215 228 1
216 229 1
217 230 1
217 231 1
218 232 1
219 233 1
219 234 1
220 235 1
221 236 1
222 237 1
222 238 1
223 239 1
224 240 1
225 241 1
226 242 1
227 243 1
227 244 1
228 245 1
229 246 1
230 247 1
231 248 1
232 249 1
233 249 1
234 250 1
235 251 1
236 252 1
237 253 1
238 253 1
239 254 1
240 255 1
241 255 1
242 256 1
243 256 1
244 257 1
245 258 1
246 258 1
247 259 1
248 260 1
249 260 1
250 261 1
250 262 1
251 263 1
252 263 1
253 263 1
254 263 1
255 265 1
256 266 1
257 267 1
258 267 1
259 268 1
260 269 1
261 270 1
262 270 1
263 271 1
264 272 1
265 273 1
266 273 1
267 274 1
268 275 1
269 275 1
270 276 1
271 277 1
272 277 1
273 278 1
274 278 1
275 279 1
276 279 1
277 280 1
278 280 1
279 280 1
280 281 1
281 281 1
282 282 1
283 282 1
284 282 1
285 283 1
286 283 1
287 283 1
288 284 1
289 284 1
290 284 1
291 284 1
292 284 1
293 284 1
294 284 1
295 284 1
296 284 1
297 284 1
298 284 1
299 284 1
300 284 1
301 284 1
302 284 1
303 284 1
304 283 1
305 282 1
306 281 1
307 280 1
308 279 1
308 278 1
309 277 1
309 276 1
310 275 1
310 274 1
310 273 1
310 272 1
310 271 1
310 270 1
310 269 1
310 268 1
310 267 1
310 266 1
310 265 1
310 264 1
310 263 1
309 262 1
309 261 1
309 260 1
308 259 1
308 258 1
308 257 1
307 256 1
307 255 1
307 254 1
306 253 1
305 252 1
304 252 1
303 251 1
302 250 1
301 250 1
300 250 1
299 250 1
298 249 1
297 249 1
296 249 1
295 249 1
294 249 1
293 249 1
292 250 1
291 250 1
290 250 1
289 250 1
288 251 1
287 251 1
286 251 1
285 251 1
284 252 1
283 252 1
282 253 1
281 253 1
280 253 1
279 254 1
278 254 1
277 255 1
276 255 1
275 255 1
274 256 1
273 256 1
272 256 1
271 257 1
270 257 1
269 258 1
268 258 1
267 258 1
266 259 1
265 259 1
264 260 1
263 260 1
262 260 1
261 261 1
260 261 1
259 262 1
258 262 1
257 262 1
256 262 1
255 263 1
.PEN_UP
.PEN_DOWN
249 263 1
248 263 1
247 263 1
246 263 1
245 263 1
244 263 1
243 263 1
242 263 1
241 263 1
240 263 1
239 263 1
238 264 1
237 264 1
236 264 1
235 264 1
234 264 1
233 264 1
232 264 1
231 265 1
230 265 1
229 265 1
228 265 1
227 265 1
226 265 1
225 265 1
224 266 1
223 266 1
222 266 1
221 266 1
220 266 1
219 266 1
218 267 1
217 267 1
216 267 1
215 268 1
214 268 1
213 268 1
212 269 1
211 269 1
210 269 1
209 269 1
208 270 1
207 270 1
206 270 1
205 271 1
204 271 1
203 271 1
202 272 1
201 272 1
200 272 1
199 272 1
198 273 1
197 273 1
196 273 1
195 274 1
194 274 1
193 274 1
192 275 1
191 275 1
190 275 1
189 275 1
188 276 1
187 276 1
186 276 1
185 277 1
184 277 1
183 277 1
182 278 1
181 278 1
180 278 1
179 278 1
178 279 1
177 279 1
176 280 1
175 280 1
174 281 1
173 281 1
172 281 1
171 282 1
170 282 1
169 283 1
168 283 1
167 283 1
166 284 1
165 284 1
164 285 1
163 285 1
162 285 1
161 286 1
160 286 1
159 287 1
158 287 1
157 287 1
156 288 1
155 288 1
154 289 1
153 289 1
152 289 1
151 290 1
150 290 1
149 291 1
148 291 1
147 291 1
146 292 1
145 292 1
144 293 1
143 293 1
142 293 1
141 294 1
140 294 1
139 294 1
138 295 1
137 295 1
136 295 1
135 296 1
134 297 1
133 297 1
132 298 1
131 298 1
130 299 1
129 299 1
128 300 1
127 300 1
126 301 1
125 301 1
124 301 1
123 302 1
122 303 1
121 304 1
120 305 1
120 306 1
119 307 1
118 308 1
117 309 1
117 310 1
117 311 1
116 312 1
116 313 1
115 314 1
114 315 1
113 316 1
113 317 1
112 318 1
112 319 1
111 320 1
111 321 1
110 322 1
109 323 1
109 324 1
109 325 1
110 326 1
111 327 1
112 328 1
113 328 1
114 328 1
115 328 1
116 329 1
117 329 1
118 329 1
119 330 1
120 330 1
121 330 1
122 330 1
123 331 1
124 331 1
125 331 1
126 331 1
127 332 1
128 332 1
129 332 1
130 332 1
131 333 1
132 333 1
133 333 1
134 333 1
135 333 1
136 333 1
137 333 1
138 333 1
139 333 1
140 334 1
141 334 1
142 334 1
143 334 1
144 334 1
145 334 1
146 334 1
147 334 1
148 334 1
149 335 1
150 335 1
151 335 1
152 335 1
153 335 1
154 335 1
155 335 1
156 335 1
157 335 1
158 335 1
159 335 1
160 336 1
161 336 1
162 336 1
163 336 1
164 336 1
165 336 1
166 336 1
167 336 1
168 336 1
169 336 1
170 337 1
171 337 1
172 337 1
173 337 1
174 337 1
175 337 1
176 337 1
177 337 1
178 338 1
179 338 1
180 338 1
181 338 1
182 338 1
183 338 1
184 338 1
185 338 1
186 339 1
187 339 1
188 339 1
189 339 1
190 339 1
191 339 1
192 339 1
193 339 1
194 339 1
195 339 1
196 340 1
197 340 1
198 340 1
199 340 1
200 340 1
201 340 1
202 340 1
203 340 1
204 340 1
205 340 1
206 340 1
207 340 1
208 340 1
209 341 1
210 341 1
211 341 1
212 341 1
213 341 1
214 341 1
215 341 1
216 341 1
217 341 1
218 341 1
219 341 1
220 341 1
221 341 1
222 342 1
223 342 1
224 342 1
225 342 1
226 342 1
227 342 1
228 342 1
229 342 1
230 342 1
231 342 1
232 342 1
233 342 1
234 342 1
235 343 1
236 343 1
237 343 1
238 343 1
239 343 1
240 343 1
241 343 1
242 343 1
243 343 1
244 343 1
245 343 1
246 344 1
247 344 1
248 344 1
249 344 1
250 344 1
251 344 1
252 344 1
253 344 1
254 344 1
255 345 1
256 345 1
257 345 1
258 345 1
259 345 1
260 345 1
261 345 1
262 345 1
263 346 1
264 346 1
265 346 1
266 346 1
267 346 1
268 346 1
269 346 1
270 346 1
271 347 1
272 347 1
273 347 1
274 347 1
275 347 1
276 347 1
277 347 1
278 347 1
279 348 1
280 348 1
281 348 1
282 348 1
283 348 1
284 348 1
285 348 1
286 348 1
287 349 1
288 349 1
289 349 1
290 349 1
291 349 1
292 349 1
293 349 1
294 350 1
295 350 1
296 350 1
297 350 1
298 350 1
299 351 1
300 351 1
301 351 1
302 351 1
303 352 1
304 352 1
305 352 1
306 352 1
307 352 1
308 353 1
309 353 1
310 353 1
311 353 1
312 354 1
313 354 1
314 354 1
315 354 1
316 355 1
317 355 1
318 355 1
319 355 1
320 356 1
321 356 1
322 356 1
323 356 1
324 357 1
325 357 1
326 357 1
327 357 1
328 358 1
329 358 1
.PEN_UP
.PEN_DOWN
203 73 1
202 72 1
201 71 1
200 70 1
199 70 1
198 69 1
198 68 1
197 67 1
196 66 1
196 65 1
195 64 1
194 63 1
194 62 1
194 61 1
193 60 1
193 59 1
193 58 1
193 57 1
193 56 1
193 55 1
194 54 1
194 53 1
195 52 1
195 51 1
195 50 1
196 49 1
196 48 1
197 47 1
197 46 1
198 45 1
199 44 1
200 43 1
201 42 1
202 41 1
203 40 1
204 39 1
205 38 1
206 37 1
207 36 1
208 35 1
209 34 1
210 34 1
211 33 1
212 32 1
213 31 1
214 30 1
215 29 1
216 28 1
217 27 1
218 26 1
219 26 1
220 25 1
221 24 1
222 23 1
223 23 1
224 22 1
225 21 1
226 20 1
227 20 1
228 19 1
229 18 1
230 18 1
231 17 1
232 16 1
233 16 1
234 15 1
235 15 1
236 14 1
237 14 1
238 13 1
239 13 1
240 12 1
241 12 1
242 11 1
243 10 1
244 10 1
245 10 1
246 9 1
247 9 1
248 8 1
249 8 1
250 7 1
251 7 1
252 7 1
253 6 1
254 6 1
255 5 1
256 5 1
257 4 1
258 4 1
259 4 1
260 4 1
261 4 1
262 3 1
263 3 1
264 3 1
265 3 1
266 2 1
267 2 1
268 2 1
269 2 1
270 2 1
271 1 1
272 1 1
273 1 1
274 2 1
275 2 1
276 2 1
277 2 1
278 2 1
279 2 1
280 2 1
281 2 1
282 2 1
283 2 1
284 3 1
285 3 1
286 4 1
287 5 1
288 5 1
289 6 1
290 6 1
291 7 1
292 7 1
293 8 1
294 9 1
295 9 1
296 10 1
297 11 1
298 12 1
298 13 1
299 14 1
300 15 1
301 16 1
302 17 1
302 18 1
303 19 1
304 20 1
305 21 1
305 22 1
306 23 1
307 24 1
307 25 1
308 26 1
308 27 1
308 28 1
309 29 1
309 30 1
310 31 1
310 32 1
311 33 1
311 34 1
312 35 1
312 36 1
312 37 1
313 38 1
313 39 1
313 40 1
314 41 1
314 42 1
314 43 1
314 44 1
314 45 1
314 46 1
315 47 1
315 48 1
315 49 1
315 50 1
315 51 1
315 52 1
315 53 1
316 54 1
316 55 1
316 56 1
316 57 1
316 58 1
316 59 1
316 60 1
316 61 1
316 62 1
316 63 1
316 64 1
316 65 1
316 66 1
316 67 1
316 68 1
316 69 1
316 70 1
316 71 1
316 72 1
316 73 1
316 74 1
316 75 1
316 76 1
316 77 1
315 78 1
315 79 1
314 80 1
314 81 1
313 82 1
313 83 1
312 84 1
312 85 1
311 86 1
311 87 1
310 88 1
.PEN_UP
