.PEN_DOWN
29 9 1
30 9 1
31 9 1
32 9 1
33 9 1
34 9 1
35 9 1
36 9 1
37 9 1
38 9 1
39 9 1
40 10 1
41 9 1
42 9 1
43 9 1
44 8 1
45 9 1
46 9 1
47 9 1
48 9 1
49 8 1
50 7 1
51 6 1
51 5 1
52 4 1
52 3 1
50 2 1
49 2 1
48 3 1
47 4 1
46 5 1
45 6 1
44 7 1
.PEN_UP
.PEN_DOWN
40 11 1
40 12 1
39 13 1
38 14 1
37 15 1
36 16 1
35 17 1
34 17 1
33 18 1
32 19 1
31 20 1
30 21 1
29 22 1
28 23 1
27 24 1
26 25 1
25 26 1
25 27 1
24 28 1
23 29 1
23 30 1
22 31 1
21 32 1
21 33 1
20 34 1
19 35 1
19 36 1
18 37 1
18 38 1
17 39 1
16 40 1
16 41 1
15 42 1
15 43 1
14 44 1
13 45 1
13 46 1
12 47 1
12 48 1
11 49 1
10 50 1
10 51 1
9 52 1
9 53 1
8 54 1
7 55 1
6 56 1
6 57 1
5 58 1
4 59 1
4 60 1
3 61 1
2 62 1
1 63 1
1 64 1
2 65 1
3 66 1
4 66 1
5 66 1
6 67 1
7 67 1
8 67 1
9 67 1
10 68 1
11 68 1
12 69 1
13 69 1
14 70 1
15 70 1
16 71 1
17 71 1
18 72 1
19 72 1
20 72 1
21 73 1
22 73 1
23 74 1
24 74 1
25 75 1
26 76 1
27 76 1
28 77 1
29 77 1
30 78 1
31 78 1
32 79 1
33 79 1
34 79 1
35 80 1
36 80 1
37 81 1
38 81 1
39 82 1
40 82 1
41 82 1
42 83 1
43 83 1
44 83 1
45 84 1
46 84 1
47 84 1
48 85 1
49 85 1
50 86 1
51 86 1
52 87 1
53 87 1
54 88 1
55 88 1
56 89 1
57 90 1
58 90 1
59 91 1
60 92 1
61 92 1
62 93 1
.PEN_UP
