.PEN_DOWN
1 39 1
1 40 1
1 41 1
1 42 1
2 43 1
2 44 1
3 45 1
4 46 1
4 47 1
5 48 1
5 49 1
5 50 1
6 51 1
6 52 1
6 53 1
6 54 1
6 55 1
7 56 1
7 57 1
7 58 1
7 59 1
7 60 1
8 61 1
8 62 1
8 63 1
.PEN_UP
.PEN_DOWN
41 1 1
42 1 1
43 1 1
44 1 1
45 1 1
46 1 1
47 2 1
48 3 1
49 4 1
50 4 1
51 5 1
52 6 1
53 7 1
54 8 1
55 9 1
56 10 1
57 11 1
58 12 1
59 13 1
60 14 1
61 15 1
61 16 1
62 17 1
63 18 1
64 19 1
64 20 1
65 21 1
66 22 1
67 23 1
67 24 1
68 25 1
69 26 1
69 27 1
70 28 1
71 29 1
71 30 1
72 31 1
72 32 1
73 33 1
73 34 1
74 35 1
74 36 1
75 37 1
75 38 1
76 39 1
76 40 1
76 41 1
77 42 1
77 43 1
78 44 1
78 45 1
78 46 1
78 47 1
78 48 1
78 49 1
78 50 1
78 51 1
78 52 1
78 53 1
78 54 1
78 55 1
78 56 1
78 57 1
78 58 1
77 59 1
77 60 1
77 61 1
77 62 1
76 63 1
76 64 1
75 65 1
74 66 1
74 67 1
73 68 1
72 69 1
71 70 1
70 71 1
69 72 1
68 73 1
67 74 1
66 74 1
65 75 1
64 76 1
.PEN_UP
