.PEN_DOWN
17 37 1
16 36 1
15 35 1
14 35 1
13 35 1
12 35 1
11 35 1
10 36 1
9 36 1
8 36 1
7 37 1
6 37 1
5 38 1
5 39 1
4 40 1
4 41 1
3 42 1
2 43 1
1 44 1
1 45 1
1 46 1
1 47 1
1 48 1
1 49 1
2 50 1
2 51 1
3 52 1
4 53 1
4 54 1
5 55 1
5 56 1
6 57 1
6 58 1
7 59 1
7 60 1
8 61 1
8 62 1
9 63 1
9 64 1
10 65 1
.PEN_UP
.PEN_DOWN
88 9 1
88 8 1
88 7 1
87 6 1
87 5 1
87 4 1
87 3 1
87 2 1
88 1 1
89 1 1
90 1 1
91 2 1
92 2 1
93 3 1
94 4 1
95 5 1
96 5 1
97 6 1
98 7 1
99 8 1
100 9 1
100 10 1
101 11 1
101 12 1
101 13 1
102 14 1
102 15 1
103 16 1
103 17 1
104 18 1
104 19 1
104 20 1
104 21 1
104 22 1
105 23 1
105 24 1
105 25 1
105 26 1
106 27 1
106 28 1
106 29 1
106 30 1
107 31 1
107 32 1
107 33 1
107 34 1
107 35 1
108 36 1
108 37 1
108 38 1
108 39 1
108 40 1
108 41 1
109 42 1
109 43 1
109 44 1
109 45 1
109 46 1
109 47 1
109 48 1
110 49 1
110 50 1
110 51 1
110 52 1
110 53 1
110 54 1
110 55 1
110 56 1
110 57 1
110 58 1
111 59 1
111 60 1
111 61 1
111 62 1
111 63 1
111 64 1
111 65 1
111 66 1
111 67 1
111 68 1
111 69 1
111 70 1
111 71 1
111 72 1
111 73 1
111 74 1
111 75 1
111 76 1
111 77 1
111 78 1
111 79 1
111 80 1
111 81 1
111 82 1
111 83 1
111 84 1
111 85 1
111 86 1
111 87 1
111 88 1
111 89 1
111 90 1
111 91 1
111 92 1
110 93 1
110 94 1
110 95 1
110 96 1
110 97 1
110 98 1
110 99 1
110 100 1
110 101 1
110 102 1
110 103 1
109 104 1
109 105 1
109 106 1
109 107 1
109 108 1
109 109 1
108 110 1
108 111 1
108 112 1
108 113 1
108 114 1
108 115 1
108 116 1
107 117 1
107 118 1
107 119 1
106 120 1
106 121 1
106 122 1
105 123 1
105 124 1
104 125 1
104 126 1
104 127 1
103 128 1
103 129 1
103 130 1
102 131 1
102 132 1
101 133 1
101 134 1
101 135 1
100 136 1
100 137 1
100 138 1
99 139 1
99 140 1
99 141 1
98 142 1
98 143 1
98 144 1
97 145 1
97 146 1
96 147 1
95 148 1
95 149 1
94 150 1
93 151 1
92 152 1
91 153 1
90 154 1
89 155 1
88 155 1
87 156 1
86 156 1
85 157 1
84 157 1
83 157 1
82 158 1
81 158 1
80 158 1
79 159 1
78 159 1
77 159 1
76 159 1
75 159 1
74 159 1
73 159 1
72 159 1
71 159 1
70 159 1
69 159 1
68 159 1
67 159 1
66 159 1
65 159 1
64 158 1
63 158 1
62 157 1
61 157 1
60 157 1
59 156 1
58 156 1
57 155 1
56 154 1
.PEN_UP
