.PEN_DOWN
132 1 1
132 2 1
132 3 1
132 4 1
132 5 1
132 6 1
132 7 1
132 8 1
133 9 1
133 10 1
133 11 1
135 13 1
136 14 1
136 15 1
136 16 1
136 17 1
136 18 1
137 19 1
137 20 1
137 21 1
.PEN_UP
.PEN_DOWN
133 12 1
132 13 1
132 14 1
132 15 1
132 16 1
132 17 1
132 18 1
132 19 1
132 20 1
132 21 1
132 22 1
132 23 1
132 24 1
132 25 1
132 26 1
132 27 1
132 28 1
132 29 1
132 30 1
132 31 1
132 32 1
132 33 1
132 34 1
132 35 1
132 36 1
132 37 1
132 38 1
132 39 1
132 40 1
132 41 1
132 42 1
131 43 1
131 44 1
131 45 1
131 46 1
131 47 1
131 48 1
131 49 1
131 50 1
131 51 1
131 52 1
131 53 1
131 54 1
131 55 1
131 56 1
131 57 1
131 58 1
130 59 1
130 60 1
130 61 1
130 62 1
130 63 1
130 64 1
130 65 1
130 66 1
130 67 1
130 68 1
130 69 1
130 70 1
130 71 1
130 72 1
130 73 1
130 74 1
130 75 1
130 76 1
129 77 1
129 78 1
129 79 1
129 80 1
129 81 1
129 82 1
129 83 1
129 84 1
129 85 1
129 86 1
129 87 1
129 88 1
129 89 1
130 90 1
131 90 1
132 90 1
133 90 1
134 90 1
135 90 1
136 90 1
137 90 1
138 90 1
139 90 1
140 90 1
141 90 1
142 90 1
143 90 1
144 90 1
145 90 1
146 90 1
147 90 1
148 90 1
149 90 1
150 91 1
151 91 1
152 91 1
153 91 1
154 91 1
155 91 1
156 91 1
157 91 1
158 91 1
159 91 1
160 91 1
161 91 1
162 91 1
163 91 1
164 91 1
165 91 1
166 91 1
167 91 1
168 91 1
169 91 1
170 91 1
171 91 1
172 91 1
173 91 1
174 91 1
175 91 1
176 91 1
177 91 1
178 91 1
179 91 1
180 91 1
181 91 1
182 91 1
183 91 1
184 91 1
185 91 1
186 91 1
187 91 1
188 91 1
189 91 1
190 91 1
191 91 1
192 91 1
193 91 1
194 91 1
195 91 1
196 91 1
197 91 1
198 91 1
199 91 1
200 91 1
201 91 1
202 91 1
203 91 1
204 91 1
205 91 1
206 90 1
207 91 1
208 92 1
209 92 1
210 92 1
211 93 1
212 93 1
.PEN_UP
.PEN_DOWN
206 89 1
205 88 1
205 87 1
204 86 1
203 85 1
203 84 1
203 83 1
203 82 1
202 81 1
202 80 1
202 79 1
202 78 1
201 77 1
201 76 1
201 75 1
201 74 1
201 73 1
201 72 1
201 71 1
202 70 1
202 69 1
202 68 1
202 67 1
202 66 1
202 65 1
203 64 1
203 63 1
203 62 1
203 61 1
203 60 1
204 59 1
204 58 1
204 57 1
205 56 1
205 55 1
205 54 1
206 53 1
207 52 1
207 51 1
208 50 1
208 49 1
209 48 1
209 47 1
210 46 1
210 45 1
210 44 1
211 43 1
212 42 1
213 41 1
214 40 1
214 39 1
215 38 1
216 37 1
216 36 1
217 35 1
218 34 1
218 33 1
219 32 1
220 31 1
220 30 1
221 29 1
222 28 1
223 27 1
224 26 1
225 25 1
226 24 1
227 23 1
228 23 1
229 22 1
230 22 1
231 21 1
232 21 1
233 20 1
234 19 1
235 19 1
236 19 1
237 18 1
238 18 1
239 18 1
240 18 1
241 19 1
242 19 1
243 20 1
244 21 1
245 22 1
245 23 1
246 24 1
247 25 1
247 26 1
248 27 1
248 28 1
248 29 1
248 30 1
248 31 1
248 32 1
248 33 1
249 34 1
249 35 1
249 36 1
249 37 1
249 38 1
249 39 1
249 40 1
250 41 1
250 42 1
250 43 1
250 44 1
250 45 1
250 46 1
250 47 1
250 48 1
250 49 1
250 50 1
250 51 1
250 52 1
250 53 1
250 54 1
250 55 1
250 56 1
250 57 1
250 58 1
250 59 1
250 60 1
250 61 1
250 62 1
250 63 1
250 64 1
250 65 1
250 66 1
250 67 1
250 68 1
250 69 1
250 70 1
249 71 1
249 72 1
249 73 1
249 74 1
249 75 1
249 76 1
249 77 1
249 78 1
249 79 1
249 80 1
249 81 1
249 82 1
249 83 1
249 84 1
249 85 1
249 86 1
249 87 1
249 88 1
249 89 1
249 90 1
249 91 1
249 92 1
249 93 1
249 94 1
249 95 1
249 96 1
249 97 1
249 98 1
249 99 1
249 100 1
249 101 1
249 102 1
249 103 1
249 104 1
249 105 1
249 106 1
249 107 1
249 108 1
249 109 1
249 110 1
249 111 1
249 112 1
249 113 1
249 114 1
249 115 1
249 116 1
249 117 1
249 118 1
249 119 1
250 120 1
250 121 1
250 122 1
251 123 1
252 123 1
253 124 1
254 125 1
255 126 1
256 126 1
257 127 1
258 127 1
259 127 1
260 128 1
261 128 1
262 128 1
263 129 1
264 129 1
265 129 1
266 129 1
267 130 1
268 130 1
269 130 1
270 130 1
271 130 1
272 130 1
273 130 1
274 130 1
275 130 1
276 129 1
277 129 1
278 129 1
279 129 1
280 129 1
281 129 1
282 129 1
283 129 1
284 129 1
285 129 1
286 129 1
287 129 1
288 128 1
289 128 1
290 128 1
291 128 1
292 128 1
293 128 1
294 127 1
295 127 1
296 127 1
297 126 1
298 126 1
299 126 1
300 125 1
301 125 1
302 125 1
303 125 1
304 125 1
305 125 1
306 124 1
307 124 1
308 124 1
309 124 1
310 124 1
311 124 1
312 124 1
313 123 1
314 123 1
315 123 1
316 122 1
317 122 1
318 122 1
319 121 1
320 121 1
321 120 1
322 120 1
323 119 1
324 119 1
325 118 1
326 117 1
327 117 1
328 116 1
329 116 1
330 115 1
331 114 1
332 113 1
333 112 1
334 111 1
335 110 1
336 109 1
337 108 1
338 107 1
339 106 1
339 105 1
340 104 1
340 103 1
341 102 1
341 101 1
342 100 1
343 99 1
343 98 1
344 97 1
344 96 1
345 95 1
345 94 1
345 93 1
346 92 1
346 91 1
346 90 1
347 89 1
348 88 1
349 88 1
350 89 1
351 90 1
352 91 1
353 92 1
354 92 1
355 93 1
356 94 1
357 95 1
358 95 1
359 96 1
360 97 1
361 98 1
362 99 1
363 100 1
363 101 1
364 102 1
365 103 1
366 104 1
367 105 1
368 106 1
369 107 1
370 108 1
371 109 1
371 110 1
372 111 1
373 112 1
374 113 1
374 114 1
375 115 1
376 116 1
376 117 1
377 118 1
378 119 1
378 120 1
379 121 1
380 122 1
380 123 1
381 124 1
382 125 1
382 126 1
382 127 1
382 128 1
383 129 1
383 130 1
384 131 1
384 132 1
384 133 1
384 134 1
384 135 1
383 136 1
382 137 1
381 138 1
381 139 1
380 140 1
379 141 1
378 142 1
378 143 1
377 144 1
376 145 1
375 146 1
.PEN_UP
.PEN_DOWN
347 87 1
347 86 1
346 85 1
345 84 1
344 84 1
343 83 1
342 83 1
341 82 1
340 81 1
339 80 1
338 80 1
337 79 1
336 78 1
335 78 1
334 77 1
333 76 1
332 76 1
331 75 1
330 75 1
329 74 1
328 73 1
327 73 1
326 72 1
325 71 1
324 70 1
323 69 1
322 68 1
321 67 1
320 66 1
320 65 1
319 64 1
319 63 1
318 62 1
318 61 1
317 60 1
316 59 1
316 58 1
316 57 1
316 56 1
316 55 1
316 54 1
316 53 1
316 52 1
315 51 1
315 50 1
315 49 1
315 48 1
315 47 1
315 46 1
315 45 1
315 44 1
315 43 1
315 42 1
315 41 1
315 40 1
316 39 1
316 38 1
316 37 1
316 36 1
316 35 1
317 34 1
317 33 1
317 32 1
317 31 1
317 30 1
318 29 1
318 28 1
319 27 1
319 26 1
320 25 1
321 24 1
322 23 1
323 22 1
324 21 1
325 20 1
326 19 1
327 18 1
328 17 1
329 16 1
330 16 1
331 16 1
332 15 1
333 15 1
334 15 1
335 14 1
336 14 1
337 14 1
338 14 1
339 14 1
340 14 1
341 14 1
342 14 1
343 15 1
344 15 1
345 16 1
346 17 1
347 18 1
348 19 1
348 20 1
349 21 1
349 22 1
349 23 1
350 24 1
350 25 1
350 26 1
351 27 1
351 28 1
351 29 1
351 30 1
351 31 1
351 32 1
351 33 1
351 34 1
351 35 1
351 36 1
351 37 1
351 38 1
351 39 1
351 40 1
350 41 1
350 42 1
350 43 1
350 44 1
350 45 1
350 46 1
350 47 1
350 48 1
350 49 1
350 50 1
350 51 1
349 52 1
349 53 1
349 54 1
349 55 1
349 56 1
349 57 1
349 58 1
349 59 1
349 60 1
349 61 1
349 62 1
349 63 1
349 64 1
349 65 1
349 66 1
349 67 1
349 68 1
349 69 1
349 70 1
349 71 1
349 72 1
349 73 1
348 74 1
348 75 1
348 76 1
348 77 1
348 78 1
348 79 1
348 80 1
348 81 1
348 82 1
348 83 1
347 84 1
.PEN_UP
.PEN_DOWN
129 91 1
129 92 1
129 93 1
129 94 1
129 95 1
129 96 1
129 97 1
129 98 1
129 99 1
129 100 1
129 101 1
129 102 1
129 103 1
129 104 1
129 105 1
129 106 1
129 107 1
129 108 1
129 109 1
129 110 1
129 111 1
129 112 1
129 113 1
129 114 1
129 115 1
129 116 1
129 117 1
129 118 1
129 119 1
129 120 1
129 121 1
129 122 1
129 123 1
129 124 1
129 125 1
129 126 1
129 127 1
129 128 1
130 129 1
130 130 1
130 131 1
130 132 1
130 133 1
130 134 1
130 135 1
130 136 1
130 137 1
130 138 1
130 139 1
130 140 1
130 141 1
130 142 1
130 143 1
130 144 1
130 145 1
130 146 1
130 147 1
130 148 1
130 149 1
130 150 1
130 151 1
130 152 1
131 153 1
131 154 1
131 155 1
131 156 1
131 157 1
131 158 1
131 159 1
131 160 1
131 161 1
131 162 1
131 163 1
131 164 1
131 165 1
131 166 1
131 167 1
131 168 1
131 169 1
131 170 1
131 171 1
131 172 1
131 173 1
131 174 1
131 175 1
131 176 1
131 177 1
131 178 1
131 179 1
131 180 1
131 181 1
131 182 1
131 183 1
131 184 1
131 185 1
131 186 1
131 187 1
131 188 1
131 189 1
131 190 1
131 191 1
131 192 1
131 193 1
131 194 1
131 195 1
131 196 1
131 197 1
131 198 1
131 199 1
131 200 1
131 201 1
131 202 1
131 203 1
131 204 1
131 205 1
131 206 1
131 207 1
131 208 1
130 209 1
130 210 1
130 211 1
130 212 1
130 213 1
130 214 1
130 215 1
130 216 1
130 217 1
129 218 1
129 219 1
129 220 1
129 221 1
129 222 1
129 223 1
129 224 1
128 225 1
128 226 1
128 227 1
128 228 1
128 229 1
128 230 1
128 231 1
127 232 1
.PEN_UP
.PEN_DOWN
120 109 1
120 108 1
120 107 1
120 106 1
120 105 1
120 104 1
120 103 1
120 102 1
120 101 1
120 100 1
120 99 1
119 98 1
119 97 1
119 96 1
118 95 1
118 94 1
118 93 1
117 92 1
117 91 1
116 90 1
115 89 1
114 88 1
113 88 1
112 87 1
111 86 1
110 85 1
109 84 1
108 83 1
107 83 1
106 82 1
105 82 1
104 81 1
103 81 1
102 80 1
101 80 1
100 79 1
99 79 1
98 79 1
97 79 1
96 79 1
95 79 1
94 79 1
93 79 1
92 79 1
91 79 1
90 79 1
89 80 1
88 80 1
87 80 1
86 80 1
85 80 1
84 80 1
83 81 1
82 81 1
81 81 1
80 81 1
79 82 1
78 82 1
77 82 1
76 82 1
75 82 1
74 83 1
73 83 1
72 83 1
71 83 1
70 84 1
69 84 1
68 84 1
67 84 1
66 84 1
65 85 1
64 85 1
63 86 1
62 86 1
61 86 1
60 87 1
59 87 1
58 88 1
57 88 1
56 88 1
55 89 1
54 89 1
53 90 1
52 90 1
51 90 1
50 91 1
49 91 1
48 92 1
47 92 1
46 92 1
45 93 1
44 94 1
43 94 1
42 95 1
41 95 1
40 96 1
39 96 1
38 97 1
37 98 1
36 98 1
35 99 1
34 100 1
33 101 1
32 102 1
31 103 1
30 104 1
29 104 1
28 105 1
27 106 1
26 106 1
25 107 1
24 108 1
23 109 1
22 110 1
21 111 1
20 112 1
19 113 1
18 114 1
18 115 1
17 116 1
16 117 1
16 118 1
15 119 1
14 120 1
14 121 1
13 122 1
12 123 1
12 124 1
12 125 1
11 126 1
11 127 1
11 128 1
10 129 1
10 130 1
10 131 1
9 132 1
9 133 1
9 134 1
8 135 1
8 136 1
8 137 1
8 138 1
7 139 1
7 140 1
7 141 1
6 142 1
6 143 1
6 144 1
5 145 1
5 146 1
5 147 1
5 148 1
5 149 1
4 150 1
4 151 1
4 152 1
4 153 1
4 154 1
3 155 1
3 156 1
3 157 1
3 158 1
3 159 1
3 160 1
3 161 1
3 162 1
2 163 1
2 164 1
2 165 1
2 166 1
2 167 1
2 168 1
2 169 1
2 170 1
2 171 1
2 172 1
1 173 1
1 174 1
1 175 1
1 176 1
1 177 1
1 178 1
1 179 1
1 180 1
1 181 1
1 182 1
1 183 1
1 184 1
1 185 1
1 186 1
1 187 1
1 188 1
1 189 1
2 190 1
2 191 1
2 192 1
2 193 1
2 194 1
2 195 1
2 196 1
2 197 1
2 198 1
2 199 1
3 200 1
3 201 1
3 202 1
3 203 1
3 204 1
3 205 1
3 206 1
4 207 1
4 208 1
4 209 1
4 210 1
5 211 1
5 212 1
5 213 1
5 214 1
6 215 1
6 216 1
6 217 1
6 218 1
7 219 1
8 219 1
9 219 1
10 218 1
.PEN_UP
