.PEN_DOWN
1 13 1
2 14 1
3 15 1
4 15 1
5 16 1
6 17 1
6 18 1
7 19 1
8 20 1
8 21 1
9 22 1
9 23 1
9 24 1
10 25 1
10 26 1
10 27 1
10 28 1
10 29 1
10 30 1
10 31 1
10 32 1
11 33 1
11 34 1
11 35 1
11 36 1
11 37 1
11 38 1
11 39 1
11 40 1
11 41 1
11 42 1
11 43 1
11 44 1
11 45 1
11 46 1
11 47 1
11 48 1
11 49 1
11 50 1
11 51 1
11 52 1
11 53 1
11 54 1
11 55 1
11 56 1
11 57 1
10 58 1
10 59 1
10 60 1
10 61 1
10 62 1
10 63 1
10 64 1
10 65 1
10 66 1
10 67 1
10 68 1
10 69 1
10 70 1
10 71 1
10 72 1
10 73 1
10 74 1
10 75 1
10 76 1
10 77 1
9 78 1
9 79 1
9 80 1
9 81 1
9 82 1
9 83 1
9 84 1
9 85 1
9 86 1
9 87 1
9 88 1
9 89 1
9 90 1
9 91 1
9 92 1
9 93 1
9 94 1
9 95 1
9 96 1
8 97 1
8 98 1
8 99 1
8 100 1
8 101 1
8 102 1
8 103 1
8 104 1
8 105 1
8 106 1
8 107 1
8 108 1
8 109 1
8 110 1
8 111 1
8 112 1
8 113 1
8 114 1
8 115 1
8 116 1
8 117 1
7 118 1
7 119 1
7 120 1
7 121 1
7 122 1
7 123 1
7 124 1
7 125 1
7 126 1
7 127 1
7 128 1
7 129 1
7 130 1
7 131 1
7 132 1
7 133 1
7 134 1
7 135 1
7 136 1
7 137 1
6 138 1
6 139 1
6 140 1
6 141 1
6 142 1
6 143 1
6 144 1
6 145 1
6 146 1
6 147 1
6 148 1
6 149 1
6 150 1
6 151 1
6 152 1
6 153 1
6 154 1
6 155 1
6 156 1
6 157 1
6 158 1
5 159 1
5 160 1
5 161 1
5 162 1
5 163 1
5 164 1
5 165 1
5 166 1
5 167 1
5 168 1
5 169 1
5 170 1
5 171 1
5 172 1
5 173 1
5 174 1
5 175 1
5 176 1
5 177 1
5 178 1
4 179 1
4 180 1
4 181 1
4 182 1
4 183 1
4 184 1
4 185 1
4 186 1
4 187 1
4 188 1
4 189 1
4 190 1
4 191 1
4 192 1
4 193 1
4 194 1
4 195 1
4 196 1
4 197 1
4 198 1
4 199 1
4 200 1
4 201 1
4 202 1
4 203 1
4 204 1
4 205 1
4 206 1
3 207 1
3 208 1
3 209 1
3 210 1
3 211 1
3 212 1
3 213 1
3 214 1
3 215 1
3 216 1
3 217 1
3 218 1
3 219 1
4 220 1
4 221 1
4 222 1
4 223 1
4 224 1
4 225 1
4 226 1
4 227 1
4 228 1
4 229 1
4 230 1
4 231 1
4 232 1
4 233 1
4 234 1
4 235 1
4 236 1
4 237 1
4 238 1
4 239 1
4 240 1
4 241 1
4 242 1
5 243 1
5 244 1
5 245 1
5 246 1
5 247 1
5 248 1
5 249 1
5 250 1
5 251 1
5 252 1
5 253 1
5 254 1
5 255 1
5 256 1
5 257 1
5 258 1
6 259 1
6 260 1
6 261 1
6 262 1
6 263 1
6 264 1
6 265 1
6 266 1
6 267 1
6 268 1
7 269 1
7 270 1
7 271 1
7 272 1
.PEN_UP
.PEN_DOWN
21 79 1
21 80 1
22 81 1
22 82 1
23 83 1
24 84 1
25 85 1
26 86 1
27 87 1
28 87 1
29 88 1
30 89 1
31 90 1
32 91 1
33 91 1
34 92 1
35 93 1
36 94 1
37 95 1
38 96 1
39 97 1
40 98 1
41 99 1
42 100 1
43 101 1
44 102 1
45 103 1
46 104 1
47 105 1
48 106 1
49 107 1
50 108 1
51 108 1
52 109 1
53 110 1
54 111 1
55 111 1
56 112 1
57 113 1
58 113 1
59 113 1
60 113 1
61 113 1
62 112 1
62 111 1
62 110 1
63 109 1
63 108 1
63 107 1
63 106 1
64 105 1
64 104 1
64 103 1
64 102 1
65 101 1
65 100 1
65 99 1
65 98 1
66 97 1
66 96 1
66 95 1
66 94 1
67 93 1
67 92 1
67 91 1
67 90 1
68 89 1
68 88 1
68 87 1
68 86 1
69 85 1
69 84 1
69 83 1
69 82 1
70 81 1
70 80 1
70 79 1
70 78 1
71 77 1
71 76 1
71 75 1
71 74 1
72 73 1
72 72 1
72 71 1
72 70 1
73 69 1
73 68 1
73 67 1
74 66 1
74 65 1
74 64 1
74 63 1
75 62 1
75 61 1
75 60 1
75 59 1
76 58 1
76 57 1
76 56 1
77 55 1
77 54 1
77 53 1
78 52 1
78 51 1
78 50 1
79 49 1
79 48 1
79 47 1
80 46 1
80 45 1
80 44 1
81 43 1
81 42 1
82 41 1
82 40 1
83 39 1
83 38 1
84 37 1
84 36 1
85 35 1
85 34 1
86 33 1
86 32 1
86 31 1
87 30 1
88 29 1
88 28 1
89 27 1
89 26 1
90 25 1
90 24 1
91 23 1
91 22 1
91 21 1
92 20 1
92 19 1
93 18 1
93 17 1
94 16 1
94 15 1
95 14 1
96 13 1
97 12 1
98 11 1
99 11 1
100 12 1
101 13 1
102 14 1
102 15 1
103 16 1
103 17 1
103 18 1
103 19 1
104 20 1
104 21 1
104 22 1
104 23 1
105 24 1
105 25 1
105 26 1
105 27 1
105 28 1
105 29 1
106 30 1
106 31 1
106 32 1
106 33 1
106 34 1
106 35 1
107 36 1
107 37 1
107 38 1
107 39 1
107 40 1
107 41 1
107 42 1
107 43 1
107 44 1
108 45 1
108 46 1
108 47 1
108 48 1
108 49 1
108 50 1
108 51 1
109 52 1
109 53 1
109 54 1
109 55 1
109 56 1
110 57 1
110 58 1
110 59 1
110 60 1
111 61 1
111 62 1
111 63 1
111 64 1
111 65 1
112 66 1
112 67 1
112 68 1
112 69 1
113 70 1
113 71 1
113 72 1
113 73 1
114 74 1
114 75 1
114 76 1
115 77 1
115 78 1
115 79 1
115 80 1
116 81 1
116 82 1
116 83 1
116 84 1
117 85 1
117 86 1
117 87 1
118 88 1
118 89 1
119 90 1
119 91 1
120 92 1
120 93 1
121 94 1
121 95 1
121 96 1
122 97 1
122 98 1
123 99 1
123 100 1
124 101 1
124 102 1
125 103 1
125 104 1
126 105 1
126 106 1
127 107 1
128 108 1
128 109 1
129 110 1
130 111 1
130 112 1
131 113 1
131 114 1
132 115 1
133 116 1
134 117 1
135 118 1
136 119 1
137 119 1
138 120 1
139 120 1
140 121 1
141 122 1
142 122 1
143 122 1
144 122 1
145 122 1
146 122 1
147 122 1
148 122 1
149 122 1
150 122 1
151 122 1
152 121 1
153 121 1
154 121 1
155 120 1
156 119 1
157 119 1
158 118 1
159 117 1
160 117 1
161 116 1
162 115 1
163 114 1
164 113 1
165 112 1
166 111 1
167 110 1
167 109 1
168 108 1
169 107 1
170 106 1
170 105 1
171 104 1
172 102 1
172 101 1
172 100 1
173 99 1
174 98 1
175 97 1
176 96 1
176 95 1
177 94 1
177 93 1
178 92 1
178 91 1
179 90 1
179 89 1
180 88 1
180 87 1
180 86 1
181 85 1
181 84 1
182 83 1
182 82 1
182 81 1
183 80 1
183 79 1
183 78 1
184 77 1
184 76 1
184 75 1
185 74 1
185 73 1
185 72 1
186 71 1
186 70 1
186 69 1
187 68 1
187 67 1
187 66 1
187 65 1
187 64 1
187 63 1
188 62 1
188 61 1
188 60 1
188 59 1
188 58 1
189 57 1
189 56 1
189 55 1
189 54 1
189 53 1
189 52 1
189 51 1
189 50 1
189 49 1
189 48 1
189 47 1
189 46 1
189 45 1
189 44 1
189 43 1
189 42 1
189 41 1
189 40 1
189 39 1
189 38 1
189 37 1
189 36 1
189 35 1
189 34 1
188 33 1
188 32 1
188 31 1
188 30 1
188 29 1
188 28 1
187 27 1
187 26 1
187 25 1
186 24 1
186 23 1
186 22 1
185 21 1
185 20 1
184 19 1
184 18 1
184 17 1
183 16 1
183 15 1
182 14 1
181 13 1
181 12 1
180 11 1
179 10 1
179 9 1
178 8 1
177 7 1
176 6 1
175 5 1
174 5 1
173 4 1
172 3 1
171 2 1
170 2 1
169 1 1
168 1 1
167 1 1
166 1 1
165 2 1
164 2 1
163 3 1
162 4 1
162 5 1
161 6 1
160 7 1
160 8 1
160 9 1
160 10 1
160 11 1
159 12 1
159 13 1
159 14 1
159 15 1
158 16 1
158 17 1
158 18 1
158 19 1
158 20 1
158 21 1
158 22 1
158 23 1
158 24 1
158 25 1
157 26 1
157 27 1
157 28 1
157 29 1
157 30 1
157 31 1
157 32 1
158 33 1
158 34 1
158 35 1
158 36 1
158 37 1
158 38 1
158 39 1
158 40 1
158 41 1
158 42 1
158 43 1
158 44 1
159 45 1
159 46 1
159 47 1
159 48 1
159 49 1
160 50 1
160 51 1
160 52 1
160 53 1
160 54 1
160 55 1
161 56 1
161 57 1
161 58 1
161 59 1
161 60 1
162 61 1
162 62 1
162 63 1
162 64 1
162 65 1
163 66 1
163 67 1
163 68 1
163 69 1
164 70 1
164 71 1
164 72 1
164 73 1
165 74 1
165 75 1
165 76 1
165 77 1
166 78 1
166 79 1
166 80 1
166 81 1
167 82 1
167 83 1
167 84 1
167 85 1
168 86 1
168 87 1
168 88 1
168 89 1
169 90 1
169 91 1
169 92 1
169 93 1
170 94 1
170 95 1
170 96 1
171 97 1
172 98 1
.PEN_UP
.PEN_DOWN
172 103 1
173 105 1
174 106 1
175 107 1
175 108 1
176 109 1
176 110 1
176 111 1
177 112 1
177 113 1
178 114 1
178 115 1
179 116 1
180 117 1
180 118 1
181 119 1
181 120 1
182 121 1
182 122 1
183 123 1
184 124 1
184 125 1
185 126 1
185 127 1
186 128 1
187 129 1
188 130 1
189 131 1
190 132 1
191 133 1
191 134 1
192 135 1
193 136 1
194 137 1
195 138 1
196 139 1
197 140 1
198 141 1
199 142 1
199 143 1
200 144 1
201 145 1
202 146 1
203 147 1
204 148 1
205 149 1
206 150 1
207 151 1
208 152 1
209 153 1
210 154 1
211 155 1
212 156 1
213 157 1
214 158 1
215 159 1
215 160 1
216 161 1
216 162 1
216 163 1
216 164 1
215 165 1
215 166 1
214 167 1
214 168 1
.PEN_UP
.PEN_DOWN
120 131 1
120 132 1
120 133 1
120 134 1
120 135 1
120 136 1
120 137 1
120 138 1
120 139 1
120 140 1
120 141 1
120 142 1
120 143 1
120 144 1
120 145 1
120 146 1
120 147 1
120 148 1
120 149 1
120 150 1
120 151 1
120 152 1
120 153 1
120 154 1
120 155 1
120 156 1
120 157 1
120 158 1
120 159 1
120 160 1
120 161 1
120 162 1
120 163 1
120 164 1
120 165 1
120 166 1
120 167 1
120 168 1
120 169 1
120 170 1
120 171 1
120 172 1
120 173 1
120 174 1
120 175 1
120 176 1
120 177 1
120 178 1
120 179 1
120 180 1
120 181 1
120 182 1
120 183 1
120 184 1
120 185 1
120 186 1
120 187 1
120 188 1
120 189 1
120 190 1
120 191 1
120 192 1
120 193 1
120 194 1
120 195 1
120 196 1
120 197 1
120 198 1
120 199 1
120 200 1
120 201 1
120 202 1
120 203 1
120 204 1
120 205 1
120 206 1
120 207 1
120 208 1
120 209 1
120 210 1
120 211 1
120 212 1
120 213 1
120 214 1
120 215 1
120 216 1
120 217 1
119 218 1
119 219 1
119 220 1
119 221 1
118 222 1
118 223 1
118 224 1
117 225 1
117 226 1
116 227 1
115 228 1
114 229 1
113 229 1
112 230 1
111 230 1
110 231 1
109 231 1
108 231 1
107 232 1
106 232 1
105 232 1
104 232 1
103 232 1
102 232 1
101 232 1
100 232 1
99 232 1
98 233 1
97 234 1
96 235 1
95 235 1
94 235 1
93 235 1
92 235 1
91 235 1
90 235 1
89 235 1
88 235 1
87 235 1
86 235 1
85 235 1
84 235 1
83 235 1
82 235 1
81 235 1
80 235 1
79 235 1
78 235 1
77 235 1
76 235 1
75 235 1
74 235 1
73 235 1
72 235 1
71 235 1
70 235 1
69 235 1
68 235 1
67 235 1
66 235 1
65 235 1
64 235 1
63 235 1
62 235 1
61 235 1
60 235 1
59 235 1
58 235 1
57 235 1
56 235 1
55 235 1
54 235 1
53 235 1
52 235 1
51 235 1
50 235 1
49 235 1
48 235 1
47 235 1
46 235 1
45 235 1
44 235 1
43 235 1
42 235 1
41 235 1
40 235 1
39 235 1
38 235 1
37 235 1
36 235 1
35 235 1
34 235 1
33 235 1
.PEN_UP
.PEN_DOWN
97 236 1
98 236 1
99 236 1
100 236 1
101 236 1
102 236 1
103 236 1
104 236 1
105 236 1
106 236 1
107 236 1
108 236 1
109 236 1
110 236 1
111 236 1
112 236 1
113 236 1
114 236 1
115 236 1
116 236 1
117 236 1
118 236 1
119 236 1
120 236 1
121 236 1
122 236 1
123 235 1
124 235 1
125 235 1
126 235 1
127 235 1
128 235 1
129 235 1
130 235 1
131 235 1
132 235 1
133 235 1
134 235 1
135 235 1
136 235 1
137 235 1
138 235 1
139 235 1
140 235 1
141 235 1
142 235 1
143 235 1
144 235 1
145 235 1
146 235 1
147 235 1
148 235 1
149 235 1
150 235 1
151 235 1
152 235 1
153 235 1
154 235 1
155 236 1
156 236 1
157 236 1
158 236 1
159 237 1
160 237 1
.PEN_UP
