.PEN_DOWN
13 46 1
14 47 1
14 48 1
14 49 1
14 50 1
14 51 1
15 52 1
15 53 1
16 54 1
16 55 1
15 56 1
15 57 1
15 58 1
15 59 1
15 60 1
15 61 1
15 62 1
15 63 1
15 64 1
15 65 1
15 66 1
14 67 1
14 68 1
14 69 1
14 70 1
14 71 1
14 72 1
14 73 1
14 74 1
14 75 1
14 76 1
14 77 1
14 78 1
14 79 1
14 80 1
14 81 1
14 82 1
14 83 1
14 84 1
14 85 1
14 86 1
14 87 1
14 88 1
14 89 1
14 90 1
14 91 1
14 92 1
14 93 1
14 94 1
14 95 1
14 96 1
14 97 1
14 98 1
14 99 1
14 100 1
14 101 1
14 102 1
14 103 1
14 104 1
13 105 1
13 106 1
13 107 1
13 108 1
13 109 1
13 110 1
13 111 1
13 112 1
13 113 1
13 114 1
13 115 1
13 116 1
13 117 1
13 118 1
13 119 1
13 120 1
12 121 1
12 122 1
12 123 1
12 124 1
12 125 1
12 126 1
12 127 1
12 128 1
12 129 1
12 130 1
12 131 1
12 132 1
11 133 1
11 134 1
11 135 1
11 136 1
11 137 1
11 138 1
11 139 1
11 140 1
11 141 1
11 142 1
11 143 1
11 144 1
11 145 1
11 146 1
11 147 1
11 148 1
11 149 1
11 150 1
11 151 1
11 152 1
11 153 1
11 154 1
11 155 1
10 156 1
10 157 1
10 158 1
10 159 1
10 160 1
10 161 1
10 162 1
10 163 1
10 164 1
10 165 1
10 166 1
10 167 1
10 168 1
10 169 1
10 170 1
10 171 1
9 172 1
9 173 1
9 174 1
9 175 1
9 176 1
9 177 1
9 178 1
9 179 1
9 180 1
9 181 1
9 182 1
9 183 1
8 184 1
8 185 1
8 186 1
8 187 1
8 188 1
8 189 1
8 190 1
8 191 1
8 192 1
8 193 1
8 194 1
8 195 1
8 196 1
8 197 1
8 198 1
8 199 1
8 200 1
8 201 1
7 202 1
7 203 1
7 204 1
7 205 1
7 206 1
7 207 1
7 208 1
7 209 1
7 210 1
7 211 1
6 212 1
6 213 1
6 214 1
6 215 1
6 216 1
6 217 1
6 218 1
5 219 1
5 220 1
5 221 1
5 222 1
5 223 1
5 224 1
4 225 1
4 226 1
4 227 1
4 228 1
4 229 1
3 230 1
3 231 1
3 232 1
3 233 1
3 234 1
3 235 1
2 236 1
2 237 1
2 238 1
2 239 1
1 240 1
.PEN_UP
.PEN_DOWN
126 1 1
126 2 1
125 3 1
125 4 1
125 5 1
125 6 1
124 7 1
124 8 1
124 9 1
124 10 1
124 11 1
124 12 1
124 13 1
124 14 1
124 15 1
124 16 1
124 17 1
124 18 1
124 19 1
124 20 1
124 21 1
124 22 1
124 23 1
124 24 1
123 25 1
123 26 1
123 27 1
123 28 1
123 29 1
123 30 1
123 31 1
123 32 1
123 33 1
123 34 1
123 35 1
123 36 1
123 37 1
123 38 1
123 39 1
123 40 1
123 41 1
123 42 1
123 43 1
123 44 1
123 45 1
123 46 1
123 47 1
123 48 1
122 49 1
122 50 1
122 51 1
122 52 1
122 53 1
122 54 1
123 55 1
123 56 1
123 57 1
123 58 1
123 59 1
123 60 1
123 61 1
123 62 1
123 63 1
123 64 1
123 65 1
123 66 1
123 67 1
123 68 1
123 69 1
123 70 1
123 71 1
123 72 1
123 73 1
123 74 1
123 75 1
123 76 1
123 77 1
123 78 1
123 79 1
123 80 1
124 81 1
126 80 1
127 79 1
127 78 1
127 77 1
127 76 1
128 75 1
128 74 1
128 73 1
129 72 1
129 71 1
129 70 1
129 69 1
130 68 1
130 67 1
130 66 1
130 65 1
131 64 1
132 63 1
132 62 1
133 61 1
133 60 1
134 59 1
134 58 1
135 57 1
135 56 1
136 55 1
137 54 1
137 53 1
138 52 1
139 51 1
140 50 1
141 49 1
142 48 1
143 47 1
144 46 1
145 45 1
146 44 1
147 44 1
148 43 1
149 42 1
150 42 1
151 41 1
152 40 1
153 39 1
154 39 1
155 39 1
156 38 1
157 38 1
158 38 1
159 37 1
160 37 1
161 37 1
162 36 1
163 36 1
164 35 1
165 35 1
166 35 1
167 35 1
168 35 1
169 35 1
170 34 1
171 34 1
172 34 1
173 34 1
174 34 1
175 34 1
176 34 1
177 33 1
178 33 1
179 33 1
180 33 1
181 33 1
182 33 1
183 33 1
184 33 1
185 33 1
186 33 1
187 33 1
188 33 1
189 33 1
190 32 1
191 32 1
192 32 1
193 32 1
194 32 1
195 32 1
196 32 1
197 32 1
198 32 1
199 32 1
200 32 1
201 32 1
202 32 1
203 32 1
204 32 1
205 31 1
206 31 1
207 31 1
208 31 1
209 31 1
210 31 1
211 32 1
212 32 1
213 32 1
214 32 1
215 32 1
216 32 1
217 32 1
218 32 1
219 32 1
220 32 1
221 32 1
222 32 1
223 32 1
224 32 1
225 33 1
226 33 1
227 33 1
228 33 1
229 33 1
230 33 1
231 34 1
232 34 1
233 34 1
234 34 1
235 34 1
236 35 1
237 35 1
238 35 1
239 35 1
240 35 1
241 36 1
242 36 1
243 36 1
244 37 1
245 37 1
246 37 1
247 38 1
248 38 1
249 39 1
250 39 1
251 39 1
252 40 1
253 40 1
.PEN_UP
.PEN_DOWN
124 82 1
124 83 1
124 84 1
124 85 1
124 86 1
123 87 1
123 88 1
123 89 1
123 90 1
123 91 1
123 92 1
122 93 1
122 94 1
122 95 1
122 96 1
122 97 1
122 98 1
121 99 1
121 100 1
121 101 1
121 102 1
121 103 1
121 104 1
121 105 1
121 106 1
121 107 1
121 108 1
121 109 1
121 110 1
121 111 1
121 112 1
121 113 1
121 114 1
121 115 1
121 116 1
121 117 1
.PEN_UP
.PEN_DOWN
38 144 1
37 144 1
36 143 1
35 142 1
35 141 1
34 140 1
34 139 1
35 138 1
36 138 1
37 138 1
38 138 1
39 138 1
40 138 1
41 138 1
42 138 1
43 138 1
44 138 1
45 138 1
46 138 1
47 138 1
48 138 1
49 138 1
50 138 1
51 138 1
52 139 1
53 139 1
54 139 1
55 139 1
56 139 1
57 139 1
58 139 1
59 139 1
60 139 1
61 139 1
62 139 1
63 139 1
64 140 1
65 140 1
66 140 1
67 140 1
68 140 1
69 140 1
70 140 1
71 140 1
72 140 1
73 140 1
74 140 1
75 140 1
76 140 1
77 140 1
78 140 1
79 141 1
80 141 1
81 141 1
82 141 1
83 141 1
84 141 1
85 141 1
86 141 1
87 141 1
88 141 1
89 141 1
90 141 1
91 141 1
92 141 1
93 141 1
94 141 1
95 141 1
96 142 1
97 142 1
98 142 1
99 142 1
100 142 1
101 142 1
102 142 1
103 142 1
104 142 1
105 142 1
106 142 1
107 142 1
108 142 1
109 142 1
110 142 1
111 142 1
112 142 1
113 142 1
114 142 1
115 142 1
116 142 1
117 142 1
118 142 1
119 142 1
120 143 1
121 144 1
122 143 1
123 143 1
124 143 1
125 143 1
126 143 1
127 143 1
128 143 1
129 143 1
130 143 1
131 143 1
132 142 1
133 142 1
134 142 1
135 142 1
136 142 1
137 142 1
138 142 1
139 142 1
140 142 1
141 142 1
142 142 1
143 142 1
144 142 1
145 142 1
146 142 1
147 142 1
148 142 1
149 142 1
150 142 1
151 142 1
152 142 1
153 142 1
154 142 1
155 142 1
156 142 1
157 142 1
158 142 1
159 142 1
160 142 1
161 142 1
162 142 1
163 142 1
164 142 1
165 142 1
166 142 1
167 142 1
168 142 1
169 142 1
170 142 1
171 142 1
172 142 1
173 142 1
174 142 1
175 142 1
176 142 1
177 142 1
178 143 1
179 143 1
180 143 1
181 143 1
182 143 1
183 143 1
184 143 1
185 143 1
186 143 1
187 143 1
188 143 1
189 143 1
190 143 1
191 143 1
192 143 1
193 143 1
194 143 1
195 143 1
196 143 1
197 143 1
198 143 1
199 143 1
200 143 1
201 143 1
202 143 1
203 143 1
204 143 1
205 143 1
206 143 1
207 143 1
208 144 1
209 144 1
210 143 1
211 143 1
212 143 1
213 143 1
214 143 1
215 143 1
216 143 1
217 143 1
218 143 1
219 143 1
220 143 1
221 143 1
222 143 1
223 143 1
224 143 1
225 143 1
226 143 1
227 143 1
.PEN_UP
.PEN_DOWN
120 145 1
119 146 1
118 147 1
117 148 1
116 149 1
115 150 1
114 151 1
114 152 1
113 153 1
113 154 1
113 155 1
112 156 1
112 157 1
112 158 1
112 159 1
111 160 1
111 161 1
111 162 1
111 163 1
110 164 1
110 165 1
110 166 1
110 167 1
110 168 1
110 169 1
110 170 1
110 171 1
110 172 1
109 173 1
109 174 1
109 175 1
109 176 1
109 177 1
109 178 1
109 179 1
109 180 1
109 181 1
109 182 1
109 183 1
109 184 1
109 185 1
109 186 1
109 187 1
109 188 1
109 189 1
109 190 1
109 191 1
109 192 1
109 193 1
110 194 1
110 195 1
110 196 1
110 197 1
110 198 1
110 199 1
110 200 1
110 201 1
110 202 1
110 203 1
111 204 1
111 205 1
111 206 1
112 207 1
112 208 1
112 209 1
113 210 1
113 211 1
113 212 1
114 213 1
114 214 1
114 215 1
115 216 1
115 217 1
116 218 1
116 219 1
117 220 1
118 221 1
118 222 1
119 223 1
119 224 1
120 225 1
121 226 1
122 227 1
123 227 1
124 228 1
125 229 1
126 230 1
127 231 1
128 232 1
129 232 1
130 233 1
131 234 1
132 234 1
133 235 1
134 236 1
135 236 1
136 237 1
137 237 1
138 237 1
139 238 1
140 238 1
141 239 1
142 239 1
143 239 1
144 240 1
145 240 1
146 240 1
147 240 1
148 241 1
149 241 1
150 241 1
151 241 1
152 241 1
153 241 1
154 241 1
155 241 1
156 241 1
157 241 1
158 241 1
159 241 1
160 241 1
161 241 1
162 241 1
163 241 1
164 241 1
165 241 1
166 241 1
167 241 1
168 241 1
169 241 1
170 241 1
171 240 1
172 240 1
173 240 1
174 240 1
175 240 1
176 240 1
177 240 1
178 240 1
179 240 1
180 240 1
181 239 1
182 239 1
183 239 1
184 239 1
185 239 1
186 238 1
187 238 1
188 238 1
189 237 1
190 237 1
191 237 1
192 236 1
193 236 1
194 235 1
195 234 1
.PEN_UP
