.PEN_DOWN
1 2 1
2 1 1
3 1 1
4 1 1
5 1 1
6 1 1
7 1 1
8 2 1
9 2 1
10 2 1
11 2 1
12 3 1
13 4 1
14 5 1
15 6 1
16 7 1
17 8 1
18 9 1
18 10 1
19 11 1
20 12 1
20 13 1
21 14 1
21 15 1
21 16 1
22 17 1
22 18 1
23 19 1
23 20 1
23 21 1
24 22 1
24 23 1
24 24 1
25 25 1
25 26 1
25 27 1
25 28 1
25 29 1
26 30 1
26 31 1
26 32 1
26 33 1
26 34 1
27 35 1
27 36 1
27 37 1
27 38 1
27 39 1
27 40 1
27 41 1
27 42 1
27 43 1
28 44 1
28 45 1
28 46 1
28 47 1
28 48 1
28 49 1
28 50 1
28 51 1
28 52 1
28 53 1
28 54 1
28 55 1
28 56 1
28 57 1
28 58 1
28 59 1
28 60 1
28 61 1
28 62 1
28 63 1
28 64 1
28 65 1
28 66 1
28 67 1
28 68 1
28 69 1
28 70 1
28 71 1
28 72 1
28 73 1
28 74 1
28 75 1
28 76 1
28 77 1
28 78 1
28 79 1
28 80 1
28 81 1
28 82 1
27 83 1
27 84 1
27 85 1
27 86 1
27 87 1
27 88 1
27 89 1
27 90 1
27 91 1
27 92 1
27 93 1
27 94 1
27 95 1
27 96 1
27 97 1
27 98 1
27 99 1
27 100 1
27 101 1
27 102 1
27 103 1
26 104 1
26 105 1
26 106 1
26 107 1
26 108 1
26 109 1
26 110 1
26 111 1
26 112 1
26 113 1
26 114 1
26 115 1
26 116 1
26 117 1
26 118 1
26 119 1
26 120 1
26 121 1
26 122 1
25 123 1
25 124 1
25 125 1
25 126 1
25 127 1
25 128 1
25 129 1
25 130 1
25 131 1
25 132 1
25 133 1
25 134 1
25 135 1
25 136 1
24 137 1
24 138 1
24 139 1
24 140 1
24 141 1
24 142 1
24 143 1
24 144 1
24 145 1
24 146 1
24 147 1
24 148 1
24 149 1
24 150 1
23 151 1
23 152 1
23 153 1
23 154 1
23 155 1
23 156 1
23 157 1
23 158 1
23 159 1
23 160 1
23 161 1
23 162 1
23 163 1
23 164 1
22 165 1
22 166 1
22 167 1
22 168 1
22 169 1
22 170 1
22 171 1
22 172 1
22 173 1
22 174 1
21 175 1
21 176 1
21 177 1
21 178 1
21 179 1
21 180 1
21 181 1
21 182 1
21 183 1
20 184 1
20 185 1
20 186 1
20 187 1
20 188 1
20 189 1
20 190 1
20 191 1
19 192 1
19 193 1
19 194 1
19 195 1
19 196 1
19 197 1
19 198 1
19 199 1
19 200 1
18 201 1
18 202 1
18 203 1
18 204 1
18 205 1
18 206 1
18 207 1
18 208 1
17 209 1
17 210 1
17 211 1
17 212 1
17 213 1
17 214 1
17 215 1
17 216 1
16 217 1
16 218 1
16 219 1
16 220 1
16 221 1
16 222 1
16 223 1
15 224 1
15 225 1
15 226 1
15 227 1
15 228 1
15 229 1
15 230 1
15 231 1
14 232 1
14 233 1
14 234 1
14 235 1
14 236 1
14 237 1
14 238 1
14 239 1
13 240 1
13 241 1
13 242 1
13 243 1
13 244 1
13 245 1
13 246 1
13 247 1
12 248 1
12 249 1
12 250 1
12 251 1
12 252 1
12 253 1
12 254 1
12 255 1
11 256 1
11 257 1
11 258 1
11 259 1
11 260 1
11 261 1
11 262 1
11 263 1
10 264 1
10 265 1
10 266 1
10 267 1
10 268 1
10 269 1
10 270 1
10 271 1
10 272 1
9 273 1
9 274 1
9 275 1
9 276 1
9 277 1
9 278 1
9 279 1
9 280 1
9 281 1
9 282 1
8 283 1
8 284 1
8 285 1
8 286 1
8 287 1
8 288 1
8 289 1
8 290 1
8 291 1
8 292 1
7 293 1
7 294 1
7 295 1
7 296 1
7 297 1
7 298 1
7 299 1
7 300 1
7 301 1
7 302 1
7 303 1
6 304 1
6 305 1
6 306 1
6 307 1
6 308 1
6 309 1
6 310 1
6 311 1
6 312 1
6 313 1
6 314 1
6 315 1
5 316 1
5 317 1
5 318 1
5 319 1
5 320 1
5 321 1
5 322 1
5 323 1
5 324 1
5 325 1
4 326 1
4 327 1
4 328 1
4 329 1
4 330 1
4 331 1
4 332 1
4 333 1
3 334 1
3 335 1
3 336 1
3 337 1
3 338 1
3 339 1
3 340 1
3 341 1
3 342 1
3 343 1
3 344 1
4 345 1
5 346 1
6 347 1
7 347 1
8 348 1
.PEN_UP
.PEN_DOWN
40 78 1
41 78 1
42 79 1
43 79 1
44 79 1
45 79 1
46 80 1
47 80 1
48 80 1
49 80 1
50 81 1
51 81 1
52 81 1
53 81 1
54 81 1
55 81 1
56 82 1
57 82 1
58 82 1
59 82 1
60 82 1
61 82 1
62 83 1
63 83 1
64 83 1
65 83 1
66 83 1
67 83 1
68 84 1
69 84 1
70 84 1
71 84 1
72 84 1
73 85 1
74 85 1
75 85 1
76 85 1
77 86 1
78 86 1
79 86 1
80 86 1
81 86 1
82 86 1
84 87 1
85 87 1
86 88 1
87 88 1
88 89 1
89 90 1
90 90 1
91 90 1
92 91 1
93 92 1
93 93 1
94 94 1
95 95 1
96 95 1
97 96 1
98 96 1
99 96 1
100 96 1
101 96 1
101 94 1
100 93 1
99 93 1
98 92 1
97 92 1
96 91 1
95 91 1
94 91 1
.PEN_UP
.PEN_DOWN
102 95 1
102 97 1
103 97 1
104 96 1
.PEN_UP
.PEN_DOWN
83 85 1
83 84 1
83 83 1
82 82 1
82 81 1
82 80 1
82 79 1
82 78 1
82 77 1
82 76 1
82 75 1
82 74 1
82 73 1
82 72 1
83 71 1
84 70 1
84 69 1
85 68 1
86 67 1
86 66 1
87 65 1
88 64 1
88 63 1
89 62 1
90 61 1
90 60 1
91 59 1
92 58 1
92 57 1
93 56 1
94 55 1
95 54 1
96 53 1
97 53 1
98 52 1
99 51 1
100 50 1
101 50 1
102 50 1
103 49 1
104 49 1
105 49 1
106 48 1
107 48 1
108 48 1
109 48 1
110 48 1
111 48 1
112 47 1
113 48 1
114 48 1
115 48 1
116 48 1
117 49 1
118 49 1
119 49 1
120 50 1
121 50 1
122 51 1
123 51 1
124 51 1
125 52 1
126 52 1
127 53 1
128 54 1
129 55 1
130 55 1
131 56 1
132 57 1
133 58 1
134 59 1
135 60 1
136 61 1
137 62 1
138 63 1
138 64 1
139 65 1
140 66 1
141 67 1
141 68 1
142 69 1
142 70 1
143 71 1
143 72 1
144 73 1
144 74 1
145 75 1
145 76 1
146 77 1
146 78 1
147 79 1
147 80 1
148 81 1
149 82 1
149 83 1
150 84 1
150 85 1
151 86 1
151 87 1
152 88 1
152 89 1
153 90 1
153 91 1
154 92 1
154 93 1
155 94 1
155 95 1
156 96 1
156 97 1
157 98 1
157 99 1
158 100 1
159 101 1
159 102 1
160 103 1
161 104 1
161 105 1
162 106 1
163 107 1
164 108 1
165 109 1
166 110 1
167 111 1
168 112 1
169 112 1
170 113 1
171 114 1
172 114 1
173 114 1
174 114 1
175 115 1
176 115 1
177 115 1
178 115 1
179 115 1
180 115 1
181 115 1
182 115 1
183 115 1
184 114 1
185 114 1
186 113 1
187 113 1
188 112 1
189 112 1
190 111 1
191 110 1
192 109 1
193 108 1
194 107 1
195 106 1
196 105 1
197 104 1
197 103 1
197 102 1
198 101 1
199 100 1
200 100 1
201 99 1
201 98 1
202 97 1
203 96 1
203 95 1
204 94 1
204 93 1
205 92 1
205 91 1
206 90 1
206 89 1
207 88 1
207 87 1
207 86 1
208 85 1
208 84 1
208 83 1
208 82 1
208 81 1
208 80 1
209 79 1
209 78 1
209 77 1
209 76 1
209 75 1
209 74 1
209 73 1
209 72 1
209 71 1
209 70 1
209 69 1
209 68 1
209 67 1
209 66 1
208 65 1
208 64 1
208 63 1
207 62 1
207 61 1
206 60 1
205 59 1
204 58 1
203 57 1
202 56 1
201 55 1
200 54 1
199 54 1
198 53 1
197 52 1
196 52 1
195 51 1
194 50 1
193 50 1
192 50 1
191 50 1
190 49 1
189 49 1
188 49 1
187 49 1
186 49 1
185 48 1
184 48 1
183 48 1
182 48 1
181 48 1
180 48 1
179 48 1
178 48 1
177 48 1
176 47 1
175 47 1
174 47 1
173 47 1
172 47 1
171 47 1
170 47 1
169 47 1
168 47 1
167 47 1
166 48 1
165 48 1
164 48 1
163 48 1
162 48 1
161 48 1
160 49 1
159 49 1
158 50 1
158 51 1
158 52 1
159 53 1
159 54 1
160 55 1
161 56 1
161 57 1
162 58 1
163 59 1
164 60 1
165 61 1
166 62 1
167 63 1
168 64 1
169 65 1
170 65 1
171 66 1
172 67 1
173 68 1
174 69 1
175 70 1
176 71 1
177 72 1
178 73 1
179 74 1
180 75 1
181 76 1
182 77 1
183 78 1
184 79 1
185 80 1
186 81 1
187 82 1
188 83 1
188 84 1
189 85 1
190 86 1
191 87 1
192 88 1
192 89 1
193 90 1
194 91 1
194 92 1
195 93 1
195 94 1
195 95 1
196 96 1
196 97 1
196 98 1
196 99 1
197 100 1
.PEN_UP
.PEN_DOWN
192 111 1
193 112 1
194 113 1
194 114 1
194 115 1
194 116 1
.PEN_UP
.PEN_DOWN
140 96 1
140 97 1
140 98 1
140 99 1
140 100 1
140 101 1
140 102 1
139 103 1
139 104 1
139 105 1
139 106 1
139 107 1
139 108 1
139 109 1
139 110 1
139 111 1
138 112 1
138 113 1
138 114 1
138 115 1
138 116 1
137 117 1
137 118 1
137 119 1
137 120 1
136 121 1
136 122 1
136 123 1
136 124 1
135 125 1
135 126 1
135 127 1
135 128 1
135 129 1
134 130 1
134 131 1
134 132 1
134 133 1
134 134 1
133 135 1
133 136 1
133 137 1
133 138 1
133 139 1
133 140 1
132 141 1
132 142 1
132 143 1
132 144 1
131 145 1
131 146 1
131 147 1
131 148 1
130 149 1
130 150 1
130 151 1
129 152 1
129 153 1
129 154 1
129 155 1
128 156 1
128 157 1
128 158 1
127 159 1
127 160 1
127 161 1
127 162 1
126 163 1
126 164 1
126 165 1
125 166 1
125 167 1
125 168 1
124 169 1
124 170 1
124 171 1
123 172 1
123 173 1
123 174 1
122 175 1
122 176 1
122 177 1
121 178 1
121 179 1
121 180 1
120 181 1
120 182 1
120 183 1
119 184 1
119 185 1
119 186 1
118 187 1
118 188 1
118 189 1
118 190 1
117 191 1
117 192 1
117 193 1
116 194 1
116 195 1
116 196 1
115 197 1
115 198 1
115 199 1
114 200 1
114 201 1
114 202 1
114 203 1
114 204 1
114 205 1
113 206 1
113 207 1
113 208 1
113 209 1
113 210 1
113 211 1
112 212 1
.PEN_UP
.PEN_DOWN
38 217 1
38 216 1
39 215 1
40 215 1
41 215 1
42 215 1
43 215 1
44 215 1
45 215 1
46 215 1
47 215 1
48 215 1
49 216 1
50 216 1
51 216 1
52 216 1
53 216 1
54 216 1
55 216 1
56 216 1
57 216 1
58 216 1
59 216 1
60 216 1
61 217 1
62 217 1
63 217 1
64 217 1
65 217 1
66 217 1
67 217 1
68 217 1
69 217 1
70 218 1
71 218 1
72 218 1
73 218 1
74 218 1
75 218 1
76 218 1
77 218 1
78 218 1
79 218 1
80 218 1
81 219 1
82 219 1
83 219 1
84 219 1
85 219 1
86 219 1
87 219 1
88 219 1
89 219 1
90 219 1
91 219 1
92 219 1
93 219 1
94 219 1
95 219 1
96 219 1
97 219 1
98 219 1
99 220 1
100 220 1
101 220 1
102 220 1
103 220 1
104 220 1
105 220 1
106 220 1
107 220 1
108 220 1
109 220 1
110 220 1
111 220 1
112 220 1
113 220 1
114 220 1
115 221 1
116 221 1
117 221 1
118 221 1
119 221 1
120 221 1
121 221 1
122 221 1
123 221 1
124 221 1
125 221 1
126 221 1
127 221 1
128 221 1
129 221 1
130 221 1
131 222 1
132 222 1
133 222 1
134 222 1
135 222 1
136 222 1
137 222 1
138 222 1
139 222 1
140 222 1
141 222 1
142 222 1
143 222 1
144 222 1
145 222 1
146 223 1
147 223 1
148 223 1
149 223 1
150 223 1
151 223 1
152 223 1
153 223 1
154 223 1
155 223 1
156 223 1
157 223 1
158 224 1
159 224 1
160 224 1
161 224 1
162 224 1
163 224 1
164 224 1
165 224 1
166 224 1
167 225 1
168 225 1
169 225 1
170 225 1
171 225 1
172 226 1
173 226 1
174 226 1
175 226 1
176 227 1
177 227 1
178 227 1
179 227 1
180 228 1
181 228 1
182 228 1
183 229 1
184 229 1
185 229 1
186 229 1
187 229 1
188 229 1
189 229 1
190 229 1
191 229 1
192 229 1
193 229 1
194 229 1
195 229 1
196 229 1
197 229 1
198 229 1
199 229 1
200 229 1
201 229 1
202 229 1
203 229 1
204 229 1
205 229 1
206 230 1
207 230 1
208 230 1
209 230 1
210 230 1
211 230 1
212 230 1
213 229 1
214 229 1
.PEN_UP
