.PEN_DOWN
165 26 1
164 27 1
163 28 1
162 28 1
161 29 1
160 29 1
159 30 1
158 30 1
157 31 1
156 31 1
155 32 1
154 32 1
153 33 1
152 33 1
151 34 1
150 34 1
149 35 1
148 36 1
147 37 1
146 38 1
145 39 1
144 40 1
143 41 1
142 42 1
142 43 1
141 44 1
140 45 1
139 46 1
138 47 1
137 48 1
136 49 1
135 50 1
134 51 1
133 52 1
132 53 1
131 54 1
130 55 1
129 56 1
128 57 1
127 58 1
126 59 1
125 60 1
125 61 1
124 62 1
123 63 1
123 64 1
122 65 1
121 66 1
121 67 1
120 68 1
119 69 1
119 70 1
118 71 1
117 72 1
116 73 1
116 74 1
115 75 1
114 76 1
114 77 1
113 78 1
112 79 1
111 80 1
110 81 1
109 82 1
108 83 1
107 84 1
107 85 1
107 86 1
107 87 1
107 88 1
107 89 1
108 90 1
109 91 1
109 92 1
110 93 1
111 93 1
112 94 1
113 95 1
114 95 1
115 96 1
116 97 1
117 97 1
118 97 1
119 97 1
120 98 1
121 98 1
122 98 1
123 98 1
124 99 1
125 99 1
126 99 1
127 99 1
128 99 1
129 100 1
130 100 1
131 100 1
132 100 1
133 101 1
134 101 1
135 101 1
136 101 1
137 102 1
138 102 1
139 102 1
140 102 1
141 102 1
142 102 1
143 103 1
144 103 1
145 103 1
146 103 1
147 103 1
148 103 1
149 103 1
150 103 1
151 103 1
152 103 1
153 103 1
154 103 1
155 103 1
156 103 1
157 103 1
158 103 1
159 103 1
160 103 1
161 103 1
162 103 1
163 103 1
164 103 1
165 103 1
166 103 1
167 103 1
168 102 1
169 102 1
170 102 1
171 102 1
172 102 1
173 102 1
174 101 1
175 101 1
176 101 1
177 101 1
178 100 1
179 100 1
180 100 1
181 100 1
182 99 1
183 99 1
184 99 1
185 98 1
186 98 1
187 98 1
188 97 1
189 97 1
190 97 1
191 97 1
192 96 1
193 96 1
194 96 1
195 96 1
196 95 1
197 95 1
198 94 1
199 94 1
200 93 1
201 93 1
202 92 1
203 91 1
204 91 1
205 90 1
206 90 1
207 89 1
208 88 1
209 88 1
210 87 1
211 86 1
212 86 1
213 85 1
214 84 1
215 84 1
216 83 1
217 82 1
218 81 1
219 80 1
220 79 1
221 78 1
222 77 1
223 76 1
224 75 1
225 74 1
226 73 1
228 72 1
229 71 1
229 70 1
230 69 1
230 68 1
231 67 1
232 66 1
233 65 1
233 64 1
234 63 1
.PEN_UP
.PEN_DOWN
227 73 1
227 75 1
227 76 1
227 77 1
226 78 1
225 79 1
225 80 1
225 81 1
225 82 1
225 83 1
224 84 1
224 85 1
224 86 1
224 87 1
224 88 1
223 89 1
223 90 1
223 91 1
223 92 1
223 93 1
223 94 1
223 95 1
223 96 1
223 97 1
223 98 1
223 99 1
223 100 1
224 101 1
225 101 1
226 101 1
227 102 1
228 102 1
229 102 1
230 102 1
231 103 1
232 103 1
233 103 1
234 103 1
235 104 1
236 104 1
237 104 1
238 104 1
239 104 1
240 104 1
241 104 1
242 104 1
243 104 1
244 104 1
245 103 1
246 103 1
247 103 1
248 103 1
249 103 1
250 103 1
251 103 1
252 102 1
253 102 1
254 102 1
255 102 1
256 101 1
257 101 1
258 100 1
259 100 1
260 99 1
261 99 1
262 99 1
263 98 1
264 98 1
265 97 1
266 97 1
267 96 1
268 96 1
269 95 1
270 95 1
271 95 1
272 94 1
273 94 1
274 93 1
275 93 1
276 92 1
277 92 1
278 91 1
279 91 1
280 90 1
281 90 1
282 89 1
283 89 1
284 88 1
285 88 1
286 87 1
287 86 1
288 86 1
289 85 1
290 85 1
291 84 1
292 83 1
293 82 1
294 81 1
295 81 1
296 80 1
297 79 1
298 78 1
299 77 1
300 76 1
301 75 1
302 74 1
303 73 1
303 72 1
304 71 1
305 70 1
306 69 1
306 68 1
307 67 1
308 66 1
308 65 1
309 64 1
310 63 1
310 62 1
311 61 1
311 60 1
311 59 1
312 58 1
312 57 1
312 56 1
312 55 1
313 54 1
313 53 1
313 52 1
313 51 1
313 50 1
313 49 1
312 48 1
312 47 1
312 46 1
312 45 1
312 44 1
312 43 1
312 42 1
312 41 1
311 40 1
311 39 1
311 38 1
311 37 1
311 36 1
311 35 1
310 34 1
310 33 1
310 32 1
310 31 1
309 30 1
309 29 1
308 28 1
308 27 1
308 26 1
307 25 1
307 24 1
306 23 1
306 22 1
305 21 1
305 20 1
305 19 1
304 18 1
304 17 1
303 16 1
303 15 1
302 14 1
301 13 1
301 12 1
300 11 1
299 10 1
299 9 1
298 8 1
297 7 1
296 6 1
295 5 1
294 5 1
293 4 1
292 3 1
291 3 1
290 2 1
289 2 1
288 1 1
287 1 1
286 1 1
285 1 1
.PEN_UP
.PEN_DOWN
218 83 1
218 84 1
219 85 1
219 86 1
218 87 1
218 88 1
218 89 1
218 90 1
217 91 1
217 92 1
217 93 1
216 94 1
216 95 1
216 96 1
216 97 1
215 98 1
215 99 1
215 100 1
214 101 1
214 102 1
214 103 1
213 104 1
213 105 1
213 106 1
212 107 1
212 108 1
212 109 1
211 110 1
211 111 1
211 112 1
210 113 1
210 114 1
210 115 1
209 116 1
209 117 1
209 118 1
209 119 1
208 120 1
208 121 1
208 122 1
208 123 1
207 124 1
207 125 1
207 126 1
206 127 1
206 128 1
206 129 1
206 130 1
205 131 1
205 132 1
205 133 1
205 134 1
204 135 1
204 136 1
204 137 1
204 138 1
203 139 1
203 140 1
203 141 1
203 142 1
202 143 1
202 144 1
202 145 1
202 146 1
201 147 1
201 148 1
201 149 1
201 150 1
201 151 1
200 152 1
200 153 1
200 154 1
200 155 1
200 156 1
199 157 1
199 158 1
199 159 1
199 160 1
199 161 1
198 162 1
198 163 1
198 164 1
198 165 1
197 166 1
197 167 1
197 168 1
197 169 1
196 170 1
196 171 1
196 172 1
196 173 1
195 174 1
195 175 1
195 176 1
195 177 1
194 178 1
194 179 1
194 180 1
194 181 1
193 182 1
192 183 1
191 184 1
191 185 1
192 186 1
191 187 1
190 188 1
189 189 1
188 189 1
187 190 1
186 191 1
185 192 1
184 193 1
184 194 1
183 195 1
182 196 1
.PEN_UP
.PEN_DOWN
190 183 1
189 184 1
188 184 1
187 184 1
186 184 1
185 185 1
184 185 1
183 185 1
182 185 1
181 186 1
180 186 1
179 186 1
178 186 1
177 187 1
176 187 1
175 187 1
174 187 1
173 187 1
172 188 1
171 188 1
170 188 1
169 188 1
168 188 1
167 188 1
166 188 1
165 189 1
164 189 1
163 189 1
162 189 1
161 189 1
160 189 1
159 189 1
158 190 1
157 190 1
156 190 1
155 190 1
154 190 1
153 190 1
152 190 1
151 190 1
150 190 1
149 190 1
148 190 1
147 191 1
146 191 1
145 191 1
144 191 1
143 191 1
142 191 1
141 191 1
140 191 1
139 191 1
138 191 1
137 191 1
136 191 1
135 191 1
134 191 1
133 191 1
132 191 1
131 191 1
130 191 1
129 191 1
128 191 1
127 191 1
126 191 1
125 191 1
124 191 1
123 191 1
122 191 1
121 191 1
120 191 1
119 191 1
118 191 1
117 191 1
116 191 1
115 191 1
114 191 1
113 191 1
112 191 1
111 191 1
110 191 1
109 191 1
108 191 1
107 191 1
106 191 1
105 191 1
104 191 1
103 191 1
102 191 1
101 191 1
100 191 1
99 191 1
98 191 1
97 192 1
96 191 1
95 190 1
94 190 1
93 190 1
92 190 1
91 190 1
90 190 1
89 190 1
88 189 1
87 189 1
.PEN_UP
.PEN_DOWN
97 193 1
97 194 1
97 195 1
97 196 1
97 197 1
97 198 1
97 199 1
97 200 1
97 201 1
97 202 1
97 203 1
97 204 1
97 205 1
97 206 1
97 207 1
98 208 1
98 209 1
98 210 1
98 211 1
98 212 1
98 213 1
98 214 1
98 215 1
98 216 1
98 217 1
98 218 1
98 219 1
98 220 1
98 221 1
98 222 1
98 223 1
98 224 1
98 225 1
98 226 1
98 227 1
98 228 1
98 229 1
98 230 1
98 231 1
98 232 1
98 233 1
98 234 1
98 235 1
98 236 1
98 237 1
98 238 1
98 239 1
98 240 1
98 241 1
98 242 1
98 243 1
98 244 1
98 245 1
97 246 1
97 247 1
97 248 1
97 249 1
97 250 1
97 251 1
97 252 1
97 253 1
97 254 1
96 255 1
96 256 1
96 257 1
96 258 1
96 259 1
96 260 1
96 261 1
95 262 1
95 263 1
95 264 1
95 265 1
95 266 1
95 267 1
95 268 1
94 269 1
94 270 1
94 271 1
94 272 1
94 273 1
94 274 1
93 275 1
93 276 1
93 277 1
93 278 1
93 279 1
93 280 1
93 281 1
92 282 1
92 283 1
92 284 1
92 285 1
92 286 1
92 287 1
92 288 1
91 289 1
91 290 1
91 291 1
91 292 1
90 293 1
90 294 1
90 295 1
89 296 1
89 297 1
89 298 1
88 299 1
88 300 1
88 301 1
87 302 1
87 303 1
86 306 1
86 307 1
85 308 1
85 309 1
84 310 1
83 311 1
83 312 1
83 313 1
82 314 1
82 315 1
82 316 1
81 317 1
81 318 1
81 319 1
81 320 1
81 321 1
80 322 1
80 323 1
80 324 1
80 325 1
79 326 1
.PEN_UP
.PEN_DOWN
86 304 1
88 304 1
89 304 1
90 304 1
91 304 1
92 304 1
93 304 1
94 304 1
95 304 1
96 304 1
97 304 1
98 304 1
99 304 1
100 304 1
101 304 1
102 304 1
103 304 1
104 304 1
105 304 1
106 304 1
107 304 1
108 304 1
109 304 1
110 304 1
111 304 1
112 303 1
113 303 1
114 303 1
115 303 1
116 303 1
117 303 1
118 303 1
119 303 1
120 303 1
121 302 1
122 302 1
123 302 1
124 302 1
125 302 1
126 302 1
127 302 1
128 302 1
129 302 1
130 302 1
131 302 1
132 302 1
133 302 1
134 301 1
135 301 1
136 301 1
137 301 1
138 301 1
139 301 1
140 301 1
141 301 1
142 301 1
143 301 1
144 301 1
145 301 1
146 301 1
147 301 1
148 301 1
149 302 1
150 302 1
151 302 1
152 302 1
153 302 1
154 302 1
155 302 1
156 302 1
157 302 1
158 301 1
159 301 1
160 301 1
161 301 1
162 301 1
163 301 1
164 301 1
165 301 1
166 301 1
167 301 1
168 301 1
169 300 1
170 300 1
171 300 1
172 300 1
173 300 1
174 300 1
175 300 1
176 300 1
177 300 1
178 299 1
179 299 1
180 299 1
181 299 1
182 299 1
183 299 1
184 299 1
185 298 1
186 298 1
187 298 1
188 298 1
189 298 1
190 298 1
191 298 1
192 297 1
193 297 1
194 297 1
195 297 1
196 297 1
197 297 1
198 297 1
199 297 1
200 296 1
201 296 1
202 296 1
203 296 1
204 296 1
205 296 1
206 296 1
207 295 1
208 295 1
209 295 1
210 295 1
211 295 1
212 295 1
213 295 1
214 294 1
215 294 1
216 294 1
217 294 1
218 294 1
219 294 1
220 294 1
221 294 1
222 294 1
223 293 1
224 293 1
225 293 1
226 293 1
227 293 1
228 293 1
229 293 1
230 293 1
231 292 1
232 292 1
233 292 1
234 292 1
235 292 1
236 292 1
237 292 1
238 291 1
239 291 1
240 291 1
241 291 1
242 291 1
243 291 1
244 291 1
245 290 1
246 290 1
247 290 1
248 290 1
249 290 1
250 290 1
251 290 1
252 289 1
253 289 1
254 289 1
255 289 1
256 289 1
257 289 1
258 289 1
259 289 1
260 289 1
261 289 1
262 289 1
263 289 1
264 289 1
265 289 1
266 289 1
267 289 1
.PEN_UP
.PEN_DOWN
85 304 1
84 304 1
83 304 1
82 304 1
80 305 1
79 305 1
78 305 1
77 305 1
76 305 1
75 305 1
74 306 1
73 306 1
72 306 1
.PEN_UP
.PEN_DOWN
81 303 1
80 302 1
79 301 1
78 301 1
77 300 1
76 300 1
75 299 1
74 299 1
73 298 1
72 298 1
71 297 1
70 297 1
69 296 1
68 295 1
67 295 1
66 294 1
65 293 1
64 293 1
63 292 1
62 291 1
61 291 1
60 290 1
59 290 1
58 289 1
57 288 1
56 288 1
55 287 1
54 286 1
53 286 1
52 285 1
51 285 1
50 284 1
49 283 1
48 283 1
47 282 1
46 281 1
45 281 1
44 280 1
43 280 1
42 279 1
41 278 1
40 278 1
39 277 1
38 276 1
37 276 1
36 275 1
35 274 1
34 274 1
33 273 1
32 272 1
31 271 1
30 271 1
29 270 1
28 269 1
27 268 1
26 267 1
25 267 1
24 266 1
23 265 1
22 264 1
21 264 1
20 263 1
19 262 1
18 262 1
17 261 1
16 260 1
15 259 1
14 258 1
13 257 1
12 256 1
11 255 1
10 254 1
9 253 1
9 252 1
8 251 1
7 250 1
6 249 1
5 248 1
4 247 1
4 246 1
3 245 1
2 244 1
2 243 1
2 242 1
1 241 1
1 240 1
2 239 1
2 238 1
.PEN_UP
.PEN_DOWN
195 182 1
196 182 1
197 182 1
198 182 1
199 182 1
200 181 1
201 181 1
202 181 1
203 181 1
204 181 1
205 181 1
206 180 1
207 180 1
208 180 1
209 180 1
210 180 1
211 179 1
212 179 1
213 179 1
214 179 1
215 179 1
216 179 1
217 178 1
218 178 1
219 178 1
220 178 1
221 178 1
222 178 1
223 177 1
224 177 1
225 177 1
226 177 1
227 176 1
228 176 1
229 176 1
230 176 1
231 175 1
232 175 1
233 175 1
234 174 1
235 174 1
236 174 1
237 174 1
238 173 1
239 173 1
240 173 1
241 173 1
242 172 1
243 172 1
244 172 1
245 172 1
246 172 1
247 171 1
248 171 1
249 171 1
250 171 1
251 170 1
252 170 1
253 170 1
254 170 1
255 170 1
256 169 1
257 169 1
258 169 1
259 169 1
260 169 1
261 169 1
262 168 1
263 168 1
264 168 1
265 168 1
266 167 1
267 167 1
268 167 1
269 167 1
270 166 1
271 166 1
272 166 1
273 166 1
274 166 1
275 165 1
276 165 1
.PEN_UP
