.PEN_DOWN
27 48 1
26 49 1
25 50 1
24 51 1
24 52 1
23 53 1
23 54 1
22 55 1
21 56 1
21 57 1
21 58 1
20 59 1
20 60 1
20 61 1
19 62 1
19 63 1
19 64 1
18 65 1
18 66 1
18 67 1
17 68 1
17 69 1
16 70 1
16 71 1
16 72 1
17 73 1
16 74 1
15 75 1
15 76 1
15 77 1
15 78 1
15 79 1
15 80 1
14 81 1
14 82 1
14 83 1
14 84 1
14 85 1
13 86 1
13 87 1
13 88 1
13 89 1
13 90 1
13 91 1
12 92 1
12 93 1
12 94 1
12 95 1
12 96 1
12 97 1
12 98 1
11 99 1
11 100 1
11 101 1
11 102 1
11 103 1
11 104 1
11 105 1
11 106 1
10 107 1
10 108 1
10 109 1
10 110 1
10 111 1
10 112 1
10 113 1
10 114 1
9 115 1
9 116 1
9 117 1
9 118 1
9 119 1
9 120 1
9 121 1
9 122 1
8 123 1
8 124 1
8 125 1
8 126 1
8 127 1
8 128 1
8 129 1
7 130 1
7 131 1
7 132 1
7 133 1
7 134 1
7 135 1
6 136 1
6 137 1
6 138 1
6 139 1
6 140 1
6 141 1
5 142 1
5 143 1
5 144 1
5 145 1
5 146 1
5 147 1
4 148 1
4 149 1
4 150 1
4 151 1
4 152 1
4 153 1
3 154 1
3 155 1
3 156 1
3 157 1
3 158 1
3 159 1
2 160 1
2 161 1
2 162 1
2 163 1
2 164 1
2 165 1
1 166 1
.PEN_UP
.PEN_DOWN
18 73 1
19 73 1
20 73 1
21 73 1
22 73 1
23 74 1
24 74 1
25 74 1
26 74 1
27 74 1
28 73 1
29 73 1
30 73 1
31 72 1
32 72 1
33 72 1
34 72 1
35 72 1
36 72 1
37 71 1
38 71 1
39 71 1
40 71 1
41 71 1
42 71 1
43 71 1
44 71 1
45 71 1
46 71 1
47 71 1
48 71 1
49 71 1
50 71 1
51 70 1
52 70 1
53 70 1
54 70 1
55 69 1
56 69 1
57 68 1
58 68 1
59 68 1
60 67 1
61 67 1
62 66 1
63 66 1
64 66 1
65 66 1
66 65 1
67 65 1
68 65 1
69 65 1
71 64 1
72 63 1
73 63 1
74 62 1
75 61 1
76 61 1
77 60 1
78 59 1
79 59 1
80 59 1
81 58 1
82 58 1
83 58 1
84 58 1
85 58 1
86 58 1
87 58 1
88 58 1
89 58 1
.PEN_UP
.PEN_DOWN
70 65 1
70 67 1
69 68 1
68 69 1
67 70 1
67 71 1
67 72 1
66 73 1
66 74 1
66 75 1
65 76 1
65 77 1
65 78 1
65 79 1
65 80 1
65 81 1
65 82 1
66 83 1
66 84 1
67 85 1
68 86 1
68 87 1
69 88 1
70 89 1
70 90 1
71 91 1
72 92 1
72 93 1
73 94 1
74 95 1
75 96 1
76 97 1
77 98 1
78 99 1
79 99 1
80 100 1
81 101 1
82 101 1
83 102 1
84 103 1
85 103 1
86 104 1
87 104 1
88 105 1
89 105 1
90 106 1
91 106 1
92 106 1
93 107 1
94 107 1
95 107 1
96 108 1
97 108 1
98 109 1
99 109 1
100 109 1
101 110 1
102 110 1
103 110 1
104 110 1
105 110 1
106 110 1
107 110 1
108 110 1
109 110 1
110 109 1
111 109 1
112 109 1
113 109 1
114 109 1
115 108 1
116 108 1
117 108 1
118 107 1
119 107 1
120 107 1
121 106 1
122 106 1
123 106 1
124 105 1
125 105 1
126 104 1
127 104 1
128 103 1
129 103 1
130 102 1
131 102 1
132 101 1
133 101 1
134 100 1
135 99 1
136 98 1
137 97 1
138 96 1
139 95 1
140 94 1
141 93 1
142 92 1
143 91 1
144 90 1
145 90 1
146 89 1
147 88 1
148 87 1
149 86 1
150 85 1
151 85 1
152 84 1
153 83 1
154 82 1
155 81 1
156 80 1
157 79 1
158 78 1
159 77 1
160 76 1
161 75 1
161 74 1
162 73 1
163 72 1
164 71 1
164 70 1
165 69 1
166 68 1
167 67 1
167 66 1
168 65 1
169 64 1
170 63 1
170 62 1
171 61 1
171 60 1
172 59 1
173 58 1
173 57 1
174 56 1
175 55 1
175 54 1
176 53 1
177 52 1
178 53 1
179 54 1
180 55 1
181 56 1
181 57 1
182 58 1
183 59 1
184 60 1
184 61 1
185 62 1
186 63 1
187 64 1
187 65 1
188 66 1
189 67 1
190 68 1
191 69 1
192 70 1
192 71 1
193 72 1
194 73 1
195 74 1
196 75 1
196 76 1
197 77 1
198 78 1
198 79 1
199 80 1
200 81 1
200 82 1
201 83 1
201 84 1
201 85 1
202 86 1
202 87 1
202 88 1
203 89 1
203 90 1
203 91 1
204 92 1
204 93 1
205 94 1
205 95 1
205 96 1
206 97 1
206 98 1
206 99 1
206 100 1
206 101 1
206 102 1
206 103 1
206 104 1
206 105 1
205 106 1
204 107 1
203 107 1
202 107 1
201 107 1
200 107 1
199 106 1
198 106 1
197 106 1
196 106 1
195 105 1
194 105 1
193 105 1
192 104 1
191 104 1
190 104 1
189 104 1
188 103 1
187 103 1
186 103 1
185 102 1
184 102 1
183 101 1
.PEN_UP
.PEN_DOWN
177 51 1
177 50 1
177 49 1
176 48 1
175 47 1
174 46 1
174 45 1
173 44 1
173 43 1
173 42 1
172 41 1
172 40 1
172 39 1
171 38 1
171 37 1
171 36 1
170 35 1
170 34 1
170 33 1
170 32 1
169 31 1
169 30 1
169 29 1
169 28 1
169 27 1
168 26 1
168 25 1
168 24 1
168 23 1
168 22 1
168 21 1
167 20 1
167 19 1
167 18 1
168 17 1
168 16 1
169 15 1
169 14 1
169 13 1
170 12 1
170 11 1
171 10 1
172 9 1
173 8 1
174 7 1
175 6 1
176 5 1
177 4 1
178 4 1
179 3 1
180 2 1
181 2 1
182 2 1
183 1 1
184 1 1
185 1 1
186 1 1
187 1 1
188 1 1
189 1 1
190 2 1
191 3 1
192 4 1
193 5 1
194 6 1
194 7 1
194 8 1
194 9 1
194 10 1
194 11 1
194 12 1
194 13 1
193 14 1
193 15 1
193 16 1
193 17 1
193 18 1
192 19 1
192 20 1
192 21 1
191 22 1
191 23 1
191 24 1
190 25 1
190 26 1
190 27 1
189 28 1
189 29 1
189 30 1
188 31 1
188 32 1
187 33 1
187 34 1
186 35 1
186 36 1
185 37 1
185 38 1
184 39 1
184 40 1
183 41 1
182 42 1
182 43 1
181 44 1
181 45 1
180 46 1
180 47 1
179 48 1
178 48 1
.PEN_UP
