.PEN_DOWN
124 1 1
123 2 1
122 3 1
121 4 1
121 5 1
120 6 1
120 7 1
119 8 1
119 9 1
118 10 1
118 11 1
117 12 1
117 13 1
116 14 1
115 15 1
115 16 1
115 17 1
115 18 1
114 19 1
114 20 1
114 21 1
114 22 1
113 23 1
113 24 1
113 25 1
112 26 1
112 27 1
112 28 1
112 29 1
111 30 1
111 31 1
111 32 1
111 33 1
111 34 1
111 35 1
111 36 1
110 37 1
110 38 1
110 39 1
110 40 1
110 41 1
110 42 1
110 43 1
110 44 1
109 45 1
109 46 1
109 47 1
109 48 1
109 49 1
109 50 1
109 51 1
109 52 1
108 53 1
108 54 1
108 55 1
108 56 1
108 57 1
108 58 1
108 59 1
108 60 1
108 61 1
107 65 1
107 66 1
107 67 1
107 68 1
107 69 1
107 70 1
107 71 1
107 72 1
106 73 1
106 74 1
106 75 1
106 76 1
106 77 1
106 78 1
106 79 1
106 80 1
106 81 1
106 82 1
106 83 1
105 84 1
105 85 1
105 86 1
105 87 1
105 88 1
105 89 1
105 90 1
105 91 1
105 92 1
104 93 1
104 94 1
104 95 1
104 96 1
104 97 1
104 98 1
104 99 1
104 100 1
104 101 1
103 102 1
103 103 1
103 104 1
103 105 1
103 106 1
103 107 1
103 108 1
103 109 1
103 110 1
102 111 1
102 112 1
102 113 1
102 114 1
102 115 1
102 116 1
102 117 1
102 118 1
102 119 1
101 120 1
101 121 1
101 122 1
101 123 1
101 124 1
101 125 1
101 126 1
101 127 1
101 128 1
101 129 1
101 130 1
101 131 1
101 132 1
101 133 1
101 134 1
100 135 1
100 136 1
100 137 1
100 138 1
100 139 1
100 140 1
100 141 1
100 142 1
100 143 1
100 144 1
100 145 1
100 146 1
100 147 1
100 148 1
100 149 1
100 150 1
99 151 1
99 152 1
99 153 1
99 154 1
99 155 1
99 156 1
99 157 1
99 158 1
99 159 1
99 160 1
99 161 1
99 162 1
99 163 1
99 164 1
99 165 1
99 166 1
99 167 1
99 168 1
99 169 1
99 170 1
99 171 1
99 172 1
99 173 1
98 174 1
98 175 1
98 176 1
98 177 1
98 178 1
98 179 1
98 180 1
98 181 1
98 182 1
98 183 1
98 184 1
98 185 1
98 186 1
98 187 1
98 188 1
98 189 1
98 190 1
98 191 1
98 192 1
98 193 1
98 194 1
98 195 1
98 196 1
97 197 1
97 198 1
97 199 1
97 200 1
97 201 1
97 202 1
97 203 1
97 204 1
97 205 1
97 206 1
97 207 1
97 208 1
97 209 1
97 210 1
97 211 1
97 212 1
97 213 1
97 214 1
97 215 1
97 216 1
97 217 1
97 218 1
97 219 1
97 220 1
97 221 1
97 222 1
96 223 1
96 224 1
96 225 1
96 226 1
96 227 1
96 228 1
96 229 1
95 230 1
93 231 1
92 231 1
91 231 1
90 231 1
89 231 1
88 231 1
87 231 1
86 230 1
85 230 1
84 230 1
83 229 1
82 229 1
81 229 1
80 228 1
79 228 1
78 228 1
77 227 1
76 227 1
75 227 1
74 226 1
73 226 1
72 226 1
71 225 1
70 225 1
69 224 1
68 223 1
67 223 1
66 222 1
65 221 1
64 221 1
63 220 1
62 219 1
61 219 1
60 218 1
59 218 1
58 217 1
57 216 1
56 215 1
55 214 1
54 213 1
53 212 1
52 211 1
51 210 1
50 209 1
49 208 1
48 207 1
47 206 1
46 205 1
45 204 1
44 203 1
43 202 1
42 201 1
41 200 1
40 199 1
40 198 1
39 197 1
38 196 1
37 195 1
36 194 1
35 193 1
35 192 1
34 191 1
33 190 1
32 189 1
31 188 1
30 187 1
30 186 1
29 185 1
28 184 1
28 183 1
27 182 1
27 181 1
26 180 1
25 179 1
25 178 1
24 177 1
24 176 1
23 175 1
23 174 1
23 173 1
22 172 1
22 171 1
21 170 1
21 169 1
21 168 1
20 167 1
20 166 1
19 165 1
19 164 1
18 163 1
18 162 1
18 161 1
17 160 1
17 159 1
16 158 1
16 157 1
15 156 1
15 155 1
15 154 1
14 153 1
14 152 1
13 151 1
13 150 1
13 149 1
12 148 1
12 147 1
12 146 1
12 145 1
11 144 1
11 143 1
11 142 1
11 141 1
10 140 1
10 139 1
10 138 1
10 137 1
9 136 1
9 135 1
9 134 1
9 133 1
9 132 1
8 131 1
8 130 1
8 129 1
8 128 1
8 127 1
7 126 1
7 125 1
7 124 1
7 123 1
7 122 1
6 121 1
6 120 1
6 119 1
6 118 1
6 117 1
6 116 1
6 115 1
6 114 1
5 113 1
5 112 1
5 111 1
5 110 1
5 109 1
5 108 1
5 107 1
5 106 1
5 105 1
4 104 1
4 103 1
4 102 1
4 101 1
4 100 1
4 99 1
4 98 1
3 97 1
3 96 1
3 95 1
3 94 1
3 93 1
3 92 1
3 91 1
3 90 1
2 89 1
2 88 1
2 87 1
2 86 1
2 85 1
2 84 1
2 83 1
2 82 1
2 81 1
2 80 1
1 79 1
1 78 1
1 77 1
1 76 1
1 75 1
1 74 1
1 73 1
1 72 1
1 71 1
1 70 1
1 69 1
1 68 1
1 67 1
1 66 1
1 65 1
1 64 1
1 63 1
2 62 1
2 61 1
2 60 1
2 59 1
2 58 1
2 57 1
2 56 1
3 55 1
3 54 1
3 53 1
4 52 1
4 51 1
5 50 1
6 49 1
7 49 1
8 48 1
9 47 1
10 46 1
11 46 1
12 45 1
13 44 1
14 43 1
15 43 1
16 42 1
17 41 1
18 40 1
19 40 1
20 40 1
21 39 1
22 39 1
23 39 1
24 38 1
25 38 1
26 38 1
27 38 1
28 37 1
29 37 1
30 37 1
31 36 1
32 36 1
33 36 1
34 35 1
35 35 1
36 35 1
37 35 1
38 35 1
39 35 1
40 35 1
41 35 1
42 35 1
43 36 1
44 36 1
45 36 1
46 36 1
47 36 1
48 36 1
49 36 1
50 36 1
51 36 1
52 37 1
53 37 1
54 37 1
55 38 1
56 38 1
57 38 1
58 38 1
59 39 1
60 39 1
61 39 1
62 39 1
63 40 1
64 40 1
65 40 1
66 41 1
67 41 1
68 42 1
69 42 1
70 43 1
71 43 1
72 44 1
73 44 1
74 45 1
75 45 1
76 46 1
77 46 1
78 47 1
79 47 1
80 48 1
81 48 1
82 49 1
83 49 1
84 50 1
85 50 1
86 51 1
87 52 1
88 53 1
89 53 1
90 54 1
91 55 1
92 56 1
93 56 1
94 57 1
95 58 1
96 58 1
97 59 1
98 59 1
99 60 1
100 61 1
101 62 1
102 62 1
103 62 1
104 62 1
105 62 1
106 63 1
110 62 1
111 63 1
112 63 1
113 63 1
114 63 1
115 63 1
116 63 1
117 63 1
118 63 1
119 64 1
120 64 1
121 64 1
122 64 1
123 64 1
124 64 1
125 65 1
126 65 1
127 65 1
128 65 1
129 65 1
130 65 1
131 65 1
132 66 1
133 66 1
134 66 1
135 66 1
136 66 1
137 67 1
138 67 1
139 67 1
140 67 1
141 67 1
142 68 1
143 68 1
144 68 1
145 68 1
146 68 1
147 68 1
148 69 1
149 69 1
150 69 1
151 69 1
152 69 1
153 70 1
154 70 1
155 70 1
156 70 1
157 70 1
158 71 1
159 71 1
160 71 1
161 71 1
162 71 1
163 72 1
164 72 1
165 72 1
166 72 1
167 73 1
168 73 1
169 73 1
170 73 1
171 74 1
172 74 1
173 74 1
174 74 1
175 75 1
176 75 1
177 75 1
178 75 1
179 76 1
180 76 1
181 76 1
182 76 1
183 76 1
184 77 1
185 77 1
186 77 1
187 77 1
188 77 1
189 78 1
190 78 1
191 78 1
192 78 1
193 78 1
194 78 1
195 79 1
196 79 1
197 79 1
198 79 1
199 79 1
200 79 1
201 79 1
202 79 1
203 80 1
204 80 1
205 80 1
206 80 1
207 80 1
208 80 1
209 80 1
210 81 1
211 81 1
212 81 1
213 81 1
214 81 1
215 81 1
216 82 1
217 82 1
218 82 1
219 82 1
220 82 1
221 82 1
222 83 1
223 83 1
224 83 1
225 83 1
226 83 1
227 84 1
228 84 1
229 84 1
230 84 1
231 84 1
232 85 1
233 85 1
234 85 1
235 85 1
236 85 1
237 85 1
238 85 1
239 85 1
240 85 1
241 85 1
242 85 1
243 85 1
244 85 1
245 85 1
246 85 1
247 85 1
248 85 1
.PEN_UP
