.PEN_DOWN
38 1 1
38 2 1
38 3 1
38 4 1
38 5 1
38 6 1
38 7 1
38 8 1
38 9 1
39 10 1
39 11 1
39 12 1
39 13 1
39 14 1
40 15 1
40 16 1
40 17 1
41 18 1
41 19 1
41 20 1
42 21 1
42 22 1
43 23 1
44 24 1
44 25 1
45 26 1
45 27 1
46 28 1
46 29 1
47 30 1
47 31 1
47 32 1
48 33 1
48 34 1
49 35 1
49 36 1
50 37 1
50 38 1
51 39 1
51 40 1
52 41 1
52 42 1
53 43 1
54 44 1
54 45 1
55 46 1
56 47 1
57 48 1
57 49 1
58 50 1
59 51 1
60 52 1
61 53 1
62 53 1
63 54 1
64 55 1
65 56 1
66 57 1
67 58 1
68 58 1
69 59 1
70 60 1
71 61 1
72 61 1
73 62 1
74 63 1
75 63 1
76 64 1
77 65 1
78 65 1
79 66 1
80 67 1
81 67 1
82 68 1
83 68 1
84 69 1
85 69 1
86 69 1
87 70 1
88 70 1
89 71 1
90 71 1
91 72 1
92 72 1
93 73 1
94 73 1
95 74 1
96 74 1
97 74 1
98 75 1
99 75 1
100 76 1
101 76 1
102 77 1
103 77 1
104 78 1
105 78 1
106 79 1
107 79 1
108 80 1
109 80 1
110 81 1
111 81 1
112 82 1
113 82 1
114 83 1
115 83 1
116 84 1
117 84 1
118 85 1
119 85 1
120 86 1
121 86 1
122 87 1
123 87 1
124 88 1
125 88 1
126 89 1
127 89 1
128 90 1
129 90 1
130 91 1
131 91 1
132 92 1
133 92 1
134 93 1
135 93 1
136 94 1
137 95 1
138 95 1
139 96 1
140 97 1
141 98 1
142 98 1
143 99 1
144 100 1
145 101 1
146 102 1
147 103 1
148 104 1
149 105 1
150 106 1
151 106 1
152 107 1
153 108 1
154 109 1
155 110 1
157 114 1
158 114 1
159 114 1
160 115 1
161 115 1
162 116 1
163 116 1
164 117 1
165 117 1
166 117 1
167 118 1
168 119 1
169 119 1
170 119 1
171 119 1
172 119 1
173 120 1
174 120 1
175 121 1
176 121 1
177 121 1
178 122 1
179 122 1
180 123 1
181 123 1
182 124 1
183 124 1
184 125 1
185 125 1
186 126 1
187 126 1
188 126 1
189 127 1
190 127 1
191 127 1
192 128 1
193 128 1
194 128 1
195 129 1
196 129 1
197 129 1
198 130 1
199 130 1
200 130 1
201 131 1
202 131 1
203 131 1
204 132 1
205 132 1
206 132 1
207 132 1
208 133 1
209 133 1
210 133 1
211 133 1
212 134 1
213 134 1
214 134 1
215 134 1
216 134 1
217 135 1
218 135 1
219 135 1
220 135 1
221 135 1
222 136 1
223 136 1
224 136 1
225 136 1
226 137 1
227 137 1
228 137 1
229 137 1
230 137 1
231 138 1
232 138 1
233 138 1
234 138 1
235 138 1
236 138 1
237 138 1
238 139 1
239 139 1
240 139 1
241 139 1
242 139 1
243 139 1
244 139 1
245 139 1
246 139 1
247 139 1
248 139 1
249 139 1
250 139 1
251 139 1
252 139 1
253 139 1
254 139 1
255 139 1
256 139 1
257 139 1
258 139 1
259 139 1
260 139 1
261 139 1
262 139 1
263 139 1
264 139 1
265 139 1
266 139 1
267 139 1
268 139 1
269 139 1
270 139 1
271 139 1
272 139 1
273 139 1
274 139 1
275 139 1
276 139 1
277 139 1
278 139 1
279 139 1
280 139 1
281 139 1
282 139 1
283 139 1
284 139 1
285 139 1
286 139 1
287 139 1
288 139 1
289 138 1
290 138 1
291 138 1
292 138 1
293 138 1
294 138 1
295 138 1
296 138 1
297 138 1
298 138 1
299 138 1
300 138 1
301 138 1
302 137 1
303 137 1
304 137 1
305 137 1
306 137 1
307 137 1
308 137 1
309 137 1
310 137 1
311 137 1
312 137 1
313 137 1
314 137 1
315 137 1
316 137 1
317 137 1
318 137 1
319 137 1
320 137 1
321 137 1
322 137 1
323 137 1
324 137 1
325 137 1
326 137 1
327 137 1
328 137 1
329 137 1
330 137 1
331 137 1
332 137 1
333 137 1
334 137 1
335 137 1
.PEN_UP
.PEN_DOWN
155 111 1
157 109 1
158 108 1
159 107 1
160 106 1
161 105 1
162 104 1
163 103 1
164 102 1
165 101 1
166 100 1
166 99 1
167 98 1
168 97 1
169 96 1
169 95 1
170 94 1
171 93 1
172 92 1
172 91 1
173 90 1
174 89 1
174 88 1
175 87 1
176 86 1
176 85 1
177 84 1
178 83 1
179 82 1
179 81 1
180 80 1
180 79 1
181 78 1
181 77 1
182 76 1
182 75 1
.PEN_UP
.PEN_DOWN
154 114 1
153 115 1
152 115 1
151 115 1
150 115 1
149 116 1
148 117 1
146 118 1
145 119 1
144 120 1
143 121 1
142 121 1
141 122 1
140 123 1
139 123 1
138 124 1
137 125 1
136 125 1
135 126 1
134 126 1
133 127 1
132 127 1
131 128 1
130 128 1
129 129 1
128 129 1
127 129 1
126 130 1
125 130 1
124 131 1
123 131 1
122 132 1
121 132 1
120 132 1
119 133 1
118 133 1
117 133 1
116 134 1
115 134 1
114 134 1
113 134 1
112 135 1
111 135 1
110 135 1
109 136 1
108 136 1
107 136 1
106 137 1
105 137 1
104 137 1
103 137 1
102 138 1
101 138 1
100 138 1
99 138 1
98 138 1
97 138 1
96 139 1
95 139 1
94 139 1
93 139 1
92 139 1
91 139 1
90 140 1
89 140 1
88 140 1
87 140 1
86 140 1
85 140 1
84 140 1
83 140 1
82 140 1
81 140 1
80 141 1
79 141 1
78 141 1
77 141 1
76 141 1
75 141 1
74 141 1
73 141 1
72 141 1
71 141 1
70 141 1
69 141 1
68 141 1
67 141 1
66 141 1
65 141 1
64 141 1
63 141 1
62 141 1
61 141 1
60 141 1
59 141 1
58 141 1
57 141 1
56 141 1
55 141 1
54 141 1
53 141 1
52 140 1
51 140 1
50 140 1
49 140 1
48 140 1
47 140 1
46 140 1
45 140 1
44 139 1
43 139 1
42 139 1
41 139 1
40 139 1
39 138 1
38 138 1
37 138 1
36 138 1
35 138 1
34 137 1
33 137 1
32 137 1
31 137 1
30 137 1
29 136 1
28 136 1
27 136 1
26 136 1
25 135 1
24 135 1
23 135 1
22 135 1
21 135 1
20 134 1
19 134 1
18 133 1
17 133 1
16 133 1
15 132 1
14 132 1
13 131 1
12 131 1
11 131 1
10 130 1
9 129 1
8 129 1
7 128 1
6 127 1
5 127 1
4 126 1
4 125 1
3 124 1
3 123 1
2 122 1
1 121 1
1 120 1
1 119 1
.PEN_UP
.PEN_DOWN
147 118 1
149 119 1
150 120 1
150 121 1
150 122 1
151 123 1
152 124 1
153 125 1
153 126 1
154 127 1
154 128 1
154 129 1
154 130 1
154 131 1
154 132 1
154 133 1
154 134 1
154 135 1
154 136 1
154 137 1
154 138 1
154 139 1
154 140 1
154 141 1
154 142 1
155 143 1
155 144 1
155 145 1
155 146 1
155 147 1
155 148 1
155 149 1
155 150 1
156 151 1
157 151 1
.PEN_UP
.PEN_DOWN
153 123 1
154 122 1
154 121 1
154 120 1
154 119 1
154 118 1
154 117 1
154 116 1
.PEN_UP
.PEN_DOWN
153 106 1
154 105 1
154 104 1
154 103 1
154 102 1
154 101 1
154 100 1
154 99 1
154 98 1
154 97 1
154 96 1
154 95 1
154 94 1
154 93 1
154 92 1
155 91 1
155 90 1
155 89 1
155 88 1
155 87 1
155 86 1
155 85 1
155 84 1
155 83 1
155 82 1
156 81 1
156 80 1
156 79 1
156 78 1
156 77 1
156 76 1
156 75 1
157 74 1
157 73 1
157 72 1
157 71 1
157 70 1
158 69 1
158 68 1
159 67 1
160 66 1
161 65 1
162 65 1
163 65 1
164 65 1
165 65 1
.PEN_UP
