.PEN_DOWN
6 4 1
5 5 1
5 6 1
4 7 1
4 8 1
4 9 1
4 10 1
4 11 1
4 12 1
3 13 1
3 14 1
3 15 1
3 16 1
3 17 1
2 18 1
2 19 1
2 20 1
2 21 1
2 22 1
1 23 1
1 24 1
1 25 1
1 26 1
1 27 1
1 28 1
1 29 1
2 30 1
3 31 1
4 31 1
5 32 1
7 32 1
8 32 1
9 32 1
10 32 1
11 32 1
14 31 1
15 31 1
16 31 1
17 31 1
20 31 1
21 31 1
22 31 1
23 31 1
24 31 1
25 31 1
26 31 1
27 31 1
28 31 1
29 31 1
30 31 1
31 31 1
32 31 1
33 31 1
34 31 1
35 31 1
36 31 1
37 31 1
38 31 1
39 30 1
40 30 1
41 30 1
43 31 1
44 31 1
45 32 1
46 33 1
.PEN_UP
.PEN_DOWN
42 29 1
42 28 1
42 27 1
41 26 1
41 25 1
41 24 1
40 23 1
40 22 1
40 21 1
40 20 1
40 19 1
39 18 1
39 17 1
39 16 1
38 15 1
38 14 1
38 13 1
37 12 1
37 11 1
37 10 1
36 9 1
36 8 1
35 7 1
35 6 1
34 5 1
33 4 1
32 4 1
29 4 1
28 4 1
27 5 1
26 6 1
25 7 1
25 8 1
24 9 1
24 10 1
24 11 1
23 12 1
23 13 1
23 14 1
22 15 1
22 16 1
21 17 1
21 18 1
21 19 1
20 20 1
20 21 1
20 22 1
19 23 1
19 24 1
18 25 1
18 26 1
18 27 1
18 28 1
18 29 1
18 30 1
.PEN_UP
.PEN_DOWN
12 32 1
12 34 1
12 35 1
11 36 1
.PEN_UP
.PEN_DOWN
6 32 1
5 34 1
5 35 1
5 36 1
5 37 1
5 38 1
5 39 1
5 40 1
5 41 1
5 42 1
5 43 1
5 44 1
5 45 1
5 46 1
6 47 1
6 48 1
6 49 1
6 50 1
6 51 1
6 52 1
6 53 1
6 54 1
6 55 1
6 56 1
6 57 1
5 58 1
5 59 1
4 60 1
4 61 1
3 62 1
.PEN_UP
.PEN_DOWN
44 53 1
43 52 1
42 51 1
41 51 1
40 50 1
39 50 1
38 50 1
37 50 1
36 50 1
35 51 1
34 51 1
33 51 1
32 51 1
31 51 1
30 52 1
29 52 1
28 53 1
27 54 1
26 55 1
25 56 1
25 57 1
24 58 1
24 59 1
24 60 1
24 61 1
24 62 1
24 63 1
24 64 1
25 65 1
25 66 1
26 67 1
27 68 1
27 69 1
28 70 1
29 71 1
31 72 1
32 72 1
33 72 1
34 72 1
35 72 1
36 71 1
37 71 1
38 71 1
39 70 1
.PEN_UP
.PEN_DOWN
29 72 1
29 74 1
29 75 1
28 76 1
27 77 1
27 78 1
27 79 1
26 80 1
26 81 1
26 82 1
26 83 1
26 84 1
27 85 1
27 86 1
27 87 1
28 88 1
28 89 1
29 90 1
31 92 1
32 92 1
33 92 1
34 92 1
35 92 1
36 92 1
37 92 1
38 92 1
39 92 1
40 92 1
41 93 1
42 93 1
.PEN_UP
.PEN_DOWN
29 91 1
28 92 1
27 93 1
26 93 1
25 93 1
24 93 1
23 93 1
22 93 1
21 93 1
20 93 1
19 93 1
18 93 1
17 93 1
16 94 1
15 94 1
14 94 1
13 94 1
12 94 1
11 94 1
10 94 1
9 94 1
8 96 1
8 97 1
9 98 1
9 99 1
9 100 1
9 101 1
10 102 1
11 103 1
11 104 1
12 105 1
13 106 1
14 107 1
15 108 1
16 109 1
17 110 1
18 111 1
18 112 1
19 113 1
21 114 1
22 114 1
23 114 1
24 114 1
25 114 1
26 114 1
27 114 1
28 114 1
29 114 1
30 114 1
31 114 1
32 114 1
33 114 1
34 114 1
35 114 1
36 115 1
37 115 1
38 116 1
39 116 1
40 117 1
41 117 1
.PEN_UP
.PEN_DOWN
19 114 1
18 115 1
17 116 1
16 117 1
15 118 1
14 118 1
13 119 1
12 120 1
11 121 1
10 122 1
10 123 1
9 124 1
8 125 1
7 126 1
7 127 1
7 128 1
7 129 1
7 130 1
7 131 1
7 132 1
7 133 1
7 134 1
7 135 1
6 136 1
6 137 1
6 138 1
6 139 1
6 140 1
6 141 1
6 142 1
6 143 1
6 144 1
5 145 1
5 146 1
5 147 1
5 148 1
5 149 1
5 150 1
5 151 1
5 152 1
5 153 1
5 154 1
5 155 1
5 156 1
5 157 1
5 158 1
5 159 1
5 160 1
5 161 1
5 162 1
5 163 1
5 164 1
5 165 1
5 166 1
5 167 1
5 168 1
5 169 1
5 170 1
5 171 1
5 172 1
5 173 1
6 174 1
7 175 1
8 175 1
9 175 1
10 175 1
11 175 1
12 176 1
13 175 1
14 175 1
15 175 1
18 175 1
19 175 1
20 175 1
21 175 1
22 175 1
23 175 1
24 175 1
25 175 1
26 175 1
27 175 1
28 175 1
29 176 1
30 176 1
31 176 1
32 176 1
33 176 1
34 176 1
35 176 1
36 176 1
37 175 1
39 176 1
40 177 1
41 178 1
.PEN_UP
.PEN_DOWN
38 174 1
37 173 1
37 172 1
37 171 1
37 170 1
37 169 1
37 168 1
36 167 1
36 166 1
36 165 1
36 164 1
35 163 1
35 162 1
35 161 1
35 160 1
34 159 1
34 158 1
34 157 1
34 156 1
33 155 1
33 154 1
33 153 1
32 152 1
31 151 1
30 150 1
29 150 1
28 150 1
27 151 1
26 151 1
25 152 1
24 153 1
24 154 1
23 155 1
23 156 1
23 157 1
22 158 1
22 159 1
22 160 1
21 161 1
21 162 1
20 163 1
20 164 1
19 165 1
19 166 1
18 167 1
18 168 1
17 169 1
17 170 1
17 171 1
17 172 1
16 173 1
16 174 1
.PEN_UP
.PEN_DOWN
12 177 1
12 178 1
12 179 1
12 180 1
12 181 1
12 182 1
12 183 1
12 184 1
12 185 1
12 186 1
12 187 1
11 188 1
11 189 1
11 190 1
11 191 1
11 192 1
11 193 1
11 194 1
11 195 1
11 196 1
11 197 1
10 198 1
10 199 1
10 200 1
10 201 1
10 202 1
9 203 1
9 204 1
9 205 1
.PEN_UP
.PEN_DOWN
8 94 1
6 93 1
5 93 1
4 92 1
4 91 1
3 90 1
3 89 1
3 88 1
3 87 1
3 86 1
4 85 1
4 84 1
4 83 1
4 82 1
5 81 1
5 80 1
6 79 1
7 78 1
7 77 1
7 76 1
7 75 1
7 74 1
8 73 1
9 72 1
10 71 1
.PEN_UP
.PEN_DOWN
56 147 1
56 148 1
55 149 1
55 150 1
54 151 1
54 152 1
54 153 1
55 154 1
55 155 1
56 156 1
57 157 1
58 158 1
59 158 1
60 158 1
61 158 1
62 157 1
63 156 1
63 155 1
63 154 1
64 153 1
63 152 1
62 151 1
.PEN_UP
