.PEN_DOWN
21 1 1
20 2 1
20 3 1
19 4 1
19 5 1
19 6 1
18 7 1
18 8 1
18 9 1
18 10 1
18 11 1
17 12 1
17 13 1
17 14 1
17 15 1
17 16 1
17 17 1
17 18 1
17 19 1
17 20 1
17 21 1
17 22 1
17 23 1
17 24 1
17 25 1
18 26 1
19 27 1
20 28 1
21 28 1
22 28 1
23 28 1
24 28 1
25 27 1
26 27 1
27 27 1
28 26 1
29 27 1
30 27 1
31 27 1
32 27 1
33 27 1
34 27 1
35 27 1
36 27 1
37 27 1
38 27 1
39 27 1
40 27 1
41 27 1
42 27 1
43 27 1
44 26 1
44 25 1
44 24 1
44 23 1
43 22 1
43 21 1
43 20 1
42 19 1
42 18 1
41 17 1
40 16 1
39 15 1
38 14 1
37 13 1
36 13 1
35 12 1
34 13 1
33 14 1
32 15 1
32 16 1
31 17 1
31 18 1
30 19 1
30 20 1
29 21 1
29 22 1
29 23 1
29 24 1
28 25 1
.PEN_UP
.PEN_DOWN
35 46 1
36 46 1
37 47 1
38 46 1
39 45 1
39 44 1
39 43 1
39 42 1
38 41 1
38 40 1
37 39 1
36 39 1
35 39 1
34 39 1
33 39 1
32 39 1
31 39 1
30 40 1
29 41 1
28 42 1
27 43 1
27 44 1
26 45 1
26 46 1
26 47 1
26 48 1
26 49 1
27 50 1
27 51 1
28 52 1
28 53 1
29 54 1
30 55 1
30 56 1
31 57 1
31 58 1
32 59 1
32 60 1
31 62 1
30 63 1
29 64 1
28 65 1
28 66 1
28 67 1
28 68 1
28 69 1
28 70 1
28 71 1
29 72 1
29 73 1
30 74 1
30 75 1
30 76 1
32 78 1
33 78 1
34 79 1
35 79 1
36 79 1
37 80 1
38 80 1
39 80 1
.PEN_UP
.PEN_DOWN
30 77 1
29 78 1
28 78 1
27 78 1
26 77 1
25 77 1
24 77 1
23 77 1
22 77 1
21 77 1
20 77 1
19 76 1
18 76 1
17 76 1
16 76 1
15 76 1
14 75 1
13 77 1
13 78 1
13 79 1
12 80 1
12 81 1
11 82 1
11 83 1
10 84 1
9 85 1
9 86 1
8 87 1
8 88 1
7 89 1
7 90 1
7 91 1
7 92 1
6 93 1
6 94 1
6 95 1
6 96 1
6 97 1
6 98 1
6 99 1
6 100 1
6 101 1
6 102 1
6 103 1
6 104 1
6 105 1
6 106 1
7 107 1
7 108 1
9 109 1
10 109 1
11 109 1
13 110 1
14 111 1
15 112 1
16 113 1
17 114 1
18 115 1
20 114 1
21 114 1
22 113 1
23 113 1
24 113 1
25 113 1
26 112 1
27 112 1
28 112 1
29 112 1
30 111 1
30 110 1
30 109 1
29 108 1
29 107 1
29 106 1
28 105 1
28 104 1
27 103 1
27 102 1
26 101 1
25 100 1
24 99 1
23 99 1
22 99 1
21 99 1
20 99 1
19 100 1
18 101 1
17 102 1
16 103 1
15 104 1
14 105 1
14 106 1
13 107 1
12 108 1
.PEN_UP
.PEN_DOWN
19 115 1
19 117 1
19 118 1
19 119 1
19 120 1
19 121 1
19 122 1
.PEN_UP
.PEN_DOWN
7 109 1
6 111 1
5 112 1
4 113 1
4 114 1
3 115 1
3 116 1
3 117 1
3 118 1
3 119 1
3 120 1
3 121 1
2 122 1
1 122 1
.PEN_UP
.PEN_DOWN
13 74 1
12 73 1
12 72 1
12 71 1
11 70 1
11 69 1
11 68 1
11 67 1
11 66 1
11 65 1
11 64 1
11 63 1
12 62 1
.PEN_UP
.PEN_DOWN
62 96 1
62 95 1
62 94 1
62 93 1
63 92 1
62 91 1
61 90 1
60 89 1
59 88 1
58 88 1
57 88 1
56 87 1
55 87 1
54 86 1
54 85 1
53 84 1
51 84 1
50 84 1
49 84 1
48 83 1
48 82 1
47 81 1
47 80 1
46 79 1
46 78 1
46 77 1
46 76 1
46 75 1
46 74 1
46 73 1
46 72 1
46 71 1
47 70 1
47 69 1
48 68 1
49 67 1
49 66 1
50 65 1
51 65 1
52 64 1
53 64 1
54 63 1
55 63 1
56 64 1
57 65 1
58 66 1
58 67 1
58 68 1
58 69 1
58 70 1
58 71 1
58 72 1
57 73 1
57 74 1
57 75 1
57 76 1
57 77 1
56 78 1
56 79 1
55 80 1
54 81 1
54 82 1
53 83 1
.PEN_UP
