.PEN_DOWN
66 1 1
66 2 1
66 3 1
66 4 1
66 5 1
66 6 1
66 7 1
66 8 1
66 9 1
66 10 1
66 11 1
66 12 1
66 13 1
66 14 1
66 15 1
66 16 1
66 17 1
66 18 1
66 19 1
66 20 1
66 21 1
67 22 1
68 21 1
69 21 1
70 21 1
71 21 1
72 20 1
73 20 1
74 19 1
75 18 1
76 17 1
77 17 1
78 17 1
79 16 1
80 15 1
81 14 1
82 14 1
83 13 1
84 13 1
85 13 1
86 13 1
87 12 1
88 12 1
89 11 1
90 11 1
91 11 1
92 11 1
93 11 1
94 10 1
95 10 1
96 10 1
97 10 1
98 10 1
99 10 1
100 10 1
101 10 1
102 10 1
103 10 1
104 11 1
105 11 1
106 11 1
107 11 1
108 11 1
109 12 1
110 12 1
111 13 1
112 13 1
113 14 1
114 15 1
115 16 1
116 17 1
117 18 1
117 19 1
118 20 1
118 21 1
119 22 1
119 23 1
120 24 1
120 25 1
120 26 1
121 27 1
121 28 1
121 29 1
121 30 1
121 31 1
121 32 1
122 33 1
122 34 1
122 35 1
122 36 1
122 37 1
122 38 1
122 39 1
122 40 1
122 41 1
122 42 1
122 43 1
121 44 1
121 45 1
121 46 1
121 47 1
.PEN_UP
.PEN_DOWN
66 23 1
66 24 1
65 25 1
65 26 1
65 27 1
65 28 1
65 29 1
64 30 1
64 31 1
64 32 1
64 33 1
63 34 1
63 35 1
63 36 1
63 37 1
63 38 1
63 39 1
63 40 1
62 43 1
62 44 1
62 45 1
62 46 1
62 47 1
61 48 1
61 49 1
61 50 1
61 51 1
61 52 1
61 53 1
61 54 1
61 55 1
60 56 1
60 57 1
60 58 1
60 59 1
60 60 1
60 61 1
60 62 1
60 63 1
60 64 1
60 65 1
59 68 1
59 69 1
59 70 1
59 71 1
59 72 1
59 73 1
59 74 1
58 75 1
58 76 1
58 77 1
58 78 1
58 79 1
58 80 1
58 81 1
58 82 1
57 83 1
57 84 1
57 85 1
57 86 1
57 87 1
57 88 1
57 89 1
57 90 1
57 91 1
58 92 1
59 93 1
61 94 1
62 94 1
63 94 1
64 94 1
65 93 1
66 93 1
67 93 1
68 92 1
.PEN_UP
.PEN_DOWN
59 94 1
58 96 1
58 97 1
58 98 1
58 99 1
58 100 1
58 101 1
57 102 1
56 103 1
56 104 1
56 105 1
56 106 1
56 107 1
56 108 1
56 109 1
56 110 1
56 111 1
55 114 1
55 115 1
55 116 1
54 117 1
53 118 1
51 119 1
50 119 1
49 119 1
48 119 1
47 119 1
46 119 1
45 120 1
44 120 1
43 121 1
42 121 1
41 121 1
40 121 1
39 121 1
38 121 1
37 121 1
36 121 1
35 121 1
34 121 1
33 120 1
32 120 1
31 120 1
30 119 1
29 119 1
28 119 1
27 118 1
26 118 1
25 117 1
24 116 1
23 116 1
22 115 1
21 114 1
20 114 1
19 113 1
18 112 1
17 111 1
16 110 1
15 110 1
14 109 1
13 108 1
12 107 1
11 106 1
10 105 1
9 104 1
8 103 1
7 102 1
7 101 1
7 100 1
6 99 1
6 98 1
5 96 1
4 95 1
3 94 1
2 93 1
1 92 1
.PEN_UP
.PEN_DOWN
6 97 1
8 97 1
9 97 1
10 97 1
11 97 1
.PEN_UP
.PEN_DOWN
52 118 1
54 120 1
54 121 1
54 122 1
54 123 1
54 124 1
54 125 1
54 126 1
54 127 1
54 128 1
54 129 1
54 130 1
54 131 1
53 132 1
53 133 1
53 134 1
53 135 1
53 136 1
53 137 1
53 138 1
53 139 1
53 140 1
53 141 1
53 142 1
53 143 1
53 144 1
53 145 1
53 146 1
53 147 1
53 148 1
53 149 1
53 150 1
53 151 1
53 152 1
53 153 1
53 154 1
52 155 1
.PEN_UP
.PEN_DOWN
56 112 1
58 112 1
59 112 1
60 111 1
61 111 1
62 110 1
63 109 1
63 108 1
64 107 1
66 107 1
67 107 1
68 107 1
69 107 1
70 108 1
71 108 1
72 109 1
73 109 1
74 109 1
75 109 1
76 109 1
77 109 1
78 109 1
79 109 1
80 108 1
81 108 1
82 107 1
83 107 1
84 107 1
85 106 1
88 103 1
89 102 1
90 102 1
91 101 1
91 100 1
92 99 1
92 98 1
92 97 1
92 96 1
92 95 1
92 94 1
91 93 1
90 92 1
89 91 1
88 91 1
87 91 1
86 91 1
85 91 1
84 92 1
83 93 1
83 94 1
83 95 1
83 96 1
83 97 1
83 98 1
83 99 1
84 100 1
84 101 1
85 102 1
86 103 1
87 107 1
87 108 1
88 109 1
89 110 1
90 111 1
90 112 1
90 113 1
91 114 1
92 115 1
92 116 1
93 117 1
93 118 1
93 119 1
94 120 1
94 121 1
95 122 1
95 123 1
96 124 1
.PEN_UP
.PEN_DOWN
64 106 1
63 105 1
62 104 1
61 103 1
60 103 1
59 102 1
.PEN_UP
.PEN_DOWN
60 66 1
62 66 1
63 66 1
64 66 1
65 66 1
66 66 1
67 66 1
68 66 1
69 66 1
70 66 1
71 66 1
72 66 1
73 66 1
74 66 1
75 66 1
76 66 1
77 67 1
78 67 1
79 67 1
80 67 1
81 67 1
82 67 1
83 67 1
84 66 1
86 66 1
87 66 1
88 67 1
89 67 1
90 68 1
91 68 1
92 68 1
93 68 1
94 68 1
95 69 1
96 69 1
97 69 1
98 70 1
99 70 1
.PEN_UP
.PEN_DOWN
84 65 1
84 64 1
83 63 1
83 62 1
82 61 1
81 60 1
80 59 1
79 58 1
79 57 1
79 56 1
79 55 1
79 54 1
79 53 1
79 52 1
79 51 1
80 50 1
80 49 1
81 48 1
82 47 1
83 46 1
84 45 1
85 44 1
86 43 1
87 43 1
88 42 1
89 42 1
90 42 1
91 42 1
92 42 1
93 43 1
94 44 1
95 45 1
95 46 1
95 47 1
95 48 1
95 49 1
94 50 1
93 51 1
92 51 1
91 52 1
90 52 1
.PEN_UP
.PEN_DOWN
63 41 1
65 41 1
66 42 1
67 42 1
.PEN_UP
