.PEN_DOWN
25 1 1
25 2 1
25 3 1
25 4 1
25 5 1
25 6 1
25 7 1
25 8 1
25 9 1
25 10 1
25 11 1
25 12 1
25 13 1
25 14 1
25 15 1
25 16 1
25 17 1
25 18 1
25 19 1
25 20 1
25 21 1
25 22 1
25 23 1
24 24 1
24 25 1
24 26 1
24 27 1
24 28 1
25 29 1
25 30 1
25 31 1
25 32 1
25 33 1
25 34 1
25 35 1
25 36 1
25 37 1
25 38 1
25 39 1
25 40 1
25 41 1
25 42 1
25 43 1
25 44 1
25 45 1
25 46 1
25 47 1
25 48 1
25 49 1
26 50 1
26 51 1
27 52 1
28 51 1
29 51 1
30 51 1
31 50 1
32 49 1
33 49 1
34 48 1
35 48 1
36 48 1
37 48 1
38 48 1
39 47 1
40 47 1
41 46 1
42 46 1
43 46 1
44 46 1
45 46 1
46 46 1
47 46 1
50 46 1
51 46 1
52 46 1
53 46 1
54 46 1
55 46 1
56 46 1
57 47 1
58 47 1
59 48 1
60 48 1
61 49 1
62 50 1
63 51 1
64 52 1
65 53 1
65 54 1
65 55 1
65 56 1
65 57 1
65 58 1
65 59 1
65 60 1
65 61 1
64 62 1
63 63 1
62 64 1
61 64 1
60 64 1
59 64 1
58 65 1
57 65 1
56 65 1
55 66 1
54 65 1
53 64 1
53 63 1
52 62 1
51 61 1
51 60 1
50 59 1
49 58 1
49 57 1
49 56 1
49 55 1
48 54 1
48 53 1
48 52 1
48 51 1
48 50 1
48 49 1
48 48 1
48 47 1
.PEN_UP
.PEN_DOWN
54 67 1
54 68 1
54 69 1
54 70 1
54 71 1
54 72 1
55 73 1
55 74 1
55 75 1
56 76 1
57 77 1
58 78 1
59 79 1
60 80 1
60 81 1
62 82 1
63 82 1
64 83 1
65 83 1
66 83 1
.PEN_UP
.PEN_DOWN
60 82 1
59 83 1
58 84 1
57 84 1
56 84 1
55 84 1
54 84 1
53 84 1
52 84 1
51 84 1
50 84 1
49 84 1
48 84 1
47 84 1
46 84 1
45 84 1
44 84 1
43 84 1
42 84 1
41 84 1
40 84 1
39 83 1
38 83 1
37 83 1
36 83 1
35 83 1
34 83 1
33 83 1
32 84 1
31 84 1
30 84 1
29 84 1
28 85 1
29 86 1
29 87 1
29 88 1
30 89 1
31 90 1
.PEN_UP
.PEN_DOWN
26 53 1
26 54 1
26 55 1
25 56 1
25 57 1
25 58 1
24 59 1
25 60 1
25 61 1
26 62 1
26 63 1
26 64 1
26 65 1
27 66 1
27 67 1
.PEN_UP
.PEN_DOWN
26 98 1
27 98 1
28 99 1
29 99 1
30 99 1
31 99 1
32 99 1
33 99 1
34 99 1
35 100 1
36 100 1
37 100 1
38 100 1
39 100 1
40 100 1
41 100 1
42 100 1
43 100 1
44 100 1
45 100 1
46 100 1
47 99 1
48 99 1
49 99 1
50 99 1
51 99 1
52 99 1
53 99 1
54 99 1
55 99 1
56 98 1
57 98 1
58 98 1
59 98 1
60 98 1
61 98 1
62 97 1
63 97 1
64 97 1
65 97 1
66 97 1
67 97 1
68 97 1
69 97 1
70 97 1
71 98 1
70 99 1
70 100 1
70 101 1
69 102 1
69 103 1
.PEN_UP
.PEN_DOWN
70 119 1
69 120 1
68 120 1
67 120 1
66 120 1
65 120 1
64 121 1
63 121 1
62 121 1
61 121 1
60 121 1
59 121 1
58 121 1
57 122 1
56 122 1
55 122 1
54 122 1
53 122 1
52 122 1
51 122 1
50 122 1
49 122 1
48 122 1
47 122 1
46 122 1
45 122 1
44 122 1
43 122 1
42 122 1
41 122 1
40 122 1
39 122 1
38 122 1
37 122 1
36 122 1
35 122 1
34 122 1
33 122 1
32 121 1
31 120 1
31 119 1
31 118 1
31 117 1
31 116 1
30 115 1
29 114 1
28 114 1
27 113 1
26 113 1
25 112 1
24 112 1
23 111 1
22 111 1
21 111 1
20 111 1
19 111 1
18 111 1
17 112 1
16 112 1
15 113 1
14 113 1
13 114 1
12 114 1
11 115 1
10 116 1
9 116 1
8 117 1
7 118 1
6 119 1
5 120 1
5 121 1
4 122 1
3 123 1
3 124 1
2 125 1
2 126 1
2 127 1
2 128 1
1 129 1
1 130 1
1 131 1
1 132 1
1 133 1
1 134 1
1 135 1
2 136 1
3 137 1
3 138 1
4 139 1
5 140 1
6 141 1
7 142 1
8 143 1
9 144 1
10 145 1
11 145 1
12 146 1
13 147 1
14 148 1
15 148 1
16 149 1
17 149 1
18 150 1
19 150 1
20 151 1
21 151 1
22 151 1
23 152 1
24 152 1
25 152 1
26 152 1
27 152 1
28 152 1
29 152 1
30 151 1
31 151 1
32 151 1
33 151 1
34 150 1
35 149 1
36 148 1
37 148 1
38 146 1
38 145 1
39 144 1
40 143 1
41 143 1
42 142 1
.PEN_UP
.PEN_DOWN
38 147 1
39 149 1
40 150 1
41 151 1
42 151 1
43 151 1
44 151 1
45 152 1
46 152 1
47 152 1
48 153 1
49 153 1
50 153 1
51 153 1
52 153 1
53 151 1
53 150 1
53 149 1
53 148 1
53 147 1
53 146 1
54 145 1
54 144 1
55 143 1
56 142 1
57 141 1
58 140 1
59 139 1
60 139 1
61 138 1
62 137 1
63 137 1
64 137 1
65 137 1
66 137 1
67 137 1
68 138 1
69 139 1
69 140 1
69 141 1
69 142 1
68 143 1
68 144 1
67 145 1
66 146 1
65 147 1
64 148 1
63 149 1
62 150 1
61 150 1
60 151 1
59 152 1
58 152 1
57 153 1
58 155 1
58 156 1
58 157 1
59 158 1
60 159 1
61 160 1
62 161 1
63 162 1
64 163 1
64 164 1
65 165 1
65 166 1
67 168 1
68 168 1
69 168 1
.PEN_UP
.PEN_DOWN
65 167 1
64 168 1
63 168 1
62 169 1
61 169 1
60 169 1
59 169 1
58 169 1
57 169 1
56 169 1
55 169 1
54 169 1
53 169 1
52 169 1
51 169 1
50 169 1
49 169 1
48 169 1
47 170 1
46 170 1
45 170 1
44 170 1
43 170 1
42 170 1
41 170 1
40 170 1
39 170 1
38 170 1
37 170 1
36 170 1
35 171 1
34 171 1
33 172 1
33 173 1
33 174 1
33 175 1
33 176 1
33 177 1
33 178 1
32 179 1
32 180 1
32 181 1
32 182 1
32 183 1
32 184 1
32 185 1
32 186 1
32 187 1
31 188 1
31 189 1
31 190 1
31 191 1
31 192 1
31 193 1
31 194 1
31 195 1
30 196 1
30 197 1
30 198 1
30 199 1
30 200 1
30 201 1
30 202 1
30 203 1
29 204 1
29 205 1
29 206 1
29 207 1
29 208 1
29 209 1
.PEN_UP
