.PEN_DOWN
17 1 1
17 2 1
16 3 1
16 4 1
15 5 1
15 6 1
14 7 1
14 8 1
14 9 1
14 10 1
12 11 1
11 12 1
10 12 1
9 13 1
8 14 1
7 15 1
7 16 1
6 17 1
5 18 1
5 19 1
4 20 1
3 21 1
2 22 1
.PEN_UP
.PEN_DOWN
13 11 1
15 12 1
15 13 1
15 14 1
15 15 1
16 16 1
17 17 1
17 18 1
18 19 1
19 20 1
20 20 1
21 21 1
22 22 1
23 23 1
24 24 1
25 24 1
26 25 1
27 25 1
28 25 1
29 26 1
30 25 1
31 25 1
32 25 1
33 24 1
34 24 1
35 23 1
36 22 1
36 21 1
37 20 1
37 19 1
38 18 1
38 17 1
38 16 1
38 15 1
36 13 1
35 13 1
34 12 1
34 11 1
34 10 1
34 9 1
34 8 1
34 7 1
34 6 1
36 6 1
37 7 1
38 8 1
38 9 1
39 10 1
39 11 1
39 12 1
39 13 1
38 14 1
.PEN_UP
.PEN_DOWN
29 34 1
28 34 1
27 35 1
26 35 1
25 35 1
24 36 1
24 37 1
24 38 1
24 39 1
24 40 1
24 41 1
25 42 1
26 43 1
27 44 1
29 46 1
30 46 1
31 46 1
32 47 1
33 47 1
34 47 1
35 47 1
36 47 1
37 48 1
38 48 1
39 48 1
40 49 1
.PEN_UP
.PEN_DOWN
27 45 1
26 47 1
25 48 1
24 48 1
23 49 1
22 49 1
21 49 1
20 50 1
19 51 1
18 51 1
17 51 1
16 52 1
15 52 1
14 53 1
13 53 1
12 54 1
11 55 1
10 55 1
9 56 1
8 57 1
7 58 1
6 59 1
5 60 1
5 61 1
4 62 1
4 63 1
4 64 1
3 65 1
2 66 1
2 67 1
2 68 1
2 69 1
2 70 1
3 71 1
3 72 1
3 73 1
4 74 1
5 75 1
6 76 1
7 76 1
8 77 1
9 77 1
10 77 1
11 77 1
12 78 1
13 78 1
14 79 1
15 79 1
16 79 1
17 80 1
19 81 1
20 80 1
21 80 1
22 80 1
23 80 1
24 80 1
25 80 1
26 80 1
27 80 1
28 80 1
29 80 1
30 80 1
31 80 1
32 79 1
33 79 1
34 79 1
35 79 1
36 78 1
37 78 1
38 78 1
39 78 1
40 78 1
.PEN_UP
.PEN_DOWN
17 81 1
17 83 1
16 84 1
15 85 1
14 86 1
13 87 1
12 88 1
11 89 1
10 90 1
9 91 1
8 92 1
7 93 1
7 94 1
6 95 1
6 96 1
5 97 1
5 98 1
5 99 1
4 100 1
4 101 1
4 102 1
4 103 1
3 104 1
3 105 1
3 106 1
3 107 1
3 108 1
3 109 1
3 110 1
3 111 1
3 112 1
3 113 1
3 114 1
4 115 1
5 116 1
6 117 1
7 117 1
8 116 1
9 116 1
10 116 1
11 115 1
12 114 1
13 113 1
14 113 1
15 112 1
16 112 1
17 112 1
19 113 1
19 114 1
19 115 1
20 116 1
21 117 1
22 118 1
23 119 1
24 119 1
25 119 1
26 120 1
27 120 1
28 121 1
30 122 1
31 122 1
32 122 1
33 122 1
34 122 1
35 122 1
36 122 1
37 122 1
38 122 1
39 121 1
40 121 1
41 120 1
41 119 1
41 118 1
42 117 1
42 116 1
42 115 1
42 114 1
42 113 1
42 112 1
41 111 1
41 110 1
40 109 1
39 108 1
38 108 1
37 108 1
36 108 1
35 108 1
34 109 1
33 110 1
32 111 1
31 112 1
31 113 1
30 114 1
30 115 1
30 116 1
30 117 1
30 118 1
29 119 1
29 120 1
27 122 1
27 123 1
27 124 1
27 125 1
27 126 1
27 127 1
27 128 1
27 129 1
27 130 1
27 131 1
27 132 1
28 133 1
28 134 1
28 135 1
29 136 1
29 137 1
29 138 1
29 139 1
31 140 1
32 140 1
33 140 1
34 140 1
35 140 1
36 141 1
37 141 1
38 141 1
.PEN_UP
.PEN_DOWN
28 140 1
27 140 1
26 141 1
25 141 1
24 141 1
23 141 1
22 142 1
21 142 1
20 143 1
19 143 1
18 143 1
17 144 1
16 144 1
15 144 1
14 145 1
13 145 1
12 146 1
11 146 1
10 147 1
9 148 1
9 149 1
8 150 1
7 151 1
7 152 1
7 153 1
6 154 1
6 155 1
6 156 1
6 157 1
6 158 1
6 159 1
6 160 1
6 161 1
6 162 1
6 163 1
7 164 1
4 165 1
3 165 1
2 165 1
1 165 1
.PEN_UP
.PEN_DOWN
8 163 1
9 163 1
10 163 1
11 163 1
12 163 1
13 162 1
14 162 1
15 162 1
16 161 1
17 161 1
18 160 1
19 160 1
20 160 1
21 159 1
22 159 1
23 158 1
24 158 1
25 158 1
26 158 1
27 158 1
28 157 1
29 157 1
30 157 1
31 157 1
32 157 1
33 156 1
34 156 1
35 156 1
36 156 1
37 156 1
38 155 1
39 155 1
40 155 1
41 155 1
42 155 1
43 155 1
44 155 1
45 155 1
46 156 1
47 156 1
48 156 1
49 157 1
50 157 1
51 157 1
52 158 1
53 158 1
54 159 1
55 159 1
56 160 1
57 161 1
58 162 1
58 163 1
59 164 1
59 165 1
60 166 1
60 167 1
61 168 1
61 169 1
61 170 1
62 171 1
62 172 1
62 173 1
62 174 1
62 175 1
62 176 1
62 177 1
63 178 1
62 179 1
62 180 1
62 181 1
62 182 1
62 183 1
62 184 1
62 185 1
62 186 1
62 187 1
62 188 1
.PEN_UP
.PEN_DOWN
6 165 1
6 167 1
6 168 1
6 169 1
6 170 1
6 171 1
5 172 1
5 173 1
.PEN_UP
.PEN_DOWN
18 111 1
18 110 1
18 109 1
18 108 1
19 107 1
19 106 1
20 105 1
20 104 1
21 103 1
.PEN_UP
.PEN_DOWN
9 190 1
8 191 1
7 192 1
7 193 1
7 194 1
7 195 1
7 196 1
7 197 1
7 198 1
6 199 1
6 200 1
6 201 1
6 202 1
6 203 1
6 204 1
6 205 1
6 206 1
6 207 1
6 208 1
6 209 1
6 210 1
6 211 1
7 212 1
7 213 1
7 214 1
7 215 1
7 216 1
8 217 1
9 218 1
9 220 1
9 221 1
9 222 1
9 223 1
10 224 1
10 225 1
.PEN_UP
.PEN_DOWN
10 218 1
11 218 1
12 218 1
13 217 1
14 217 1
15 216 1
16 216 1
17 216 1
18 215 1
19 215 1
20 215 1
21 214 1
22 214 1
23 214 1
24 213 1
25 213 1
26 213 1
27 212 1
28 212 1
29 212 1
30 211 1
31 211 1
32 211 1
33 210 1
34 209 1
36 208 1
37 208 1
38 208 1
39 208 1
40 208 1
41 208 1
42 208 1
43 208 1
.PEN_UP
.PEN_DOWN
34 208 1
34 206 1
33 205 1
32 204 1
31 203 1
30 202 1
29 201 1
28 200 1
28 199 1
27 198 1
27 197 1
27 196 1
27 195 1
27 194 1
27 193 1
28 192 1
28 191 1
29 190 1
30 189 1
31 188 1
32 187 1
33 187 1
34 186 1
35 186 1
36 186 1
37 186 1
38 186 1
39 187 1
40 188 1
40 189 1
41 190 1
41 191 1
.PEN_UP
.PEN_DOWN
9 230 1
9 231 1
8 232 1
8 233 1
8 234 1
7 235 1
7 236 1
7 237 1
7 238 1
7 239 1
7 240 1
7 241 1
7 242 1
8 243 1
8 244 1
9 245 1
9 246 1
9 247 1
9 248 1
10 249 1
.PEN_UP
