.PEN_DOWN
11 1 1
11 2 1
10 3 1
9 4 1
9 5 1
9 6 1
8 7 1
8 8 1
8 9 1
8 10 1
8 11 1
8 12 1
8 13 1
8 14 1
8 15 1
8 16 1
8 17 1
9 18 1
10 19 1
11 18 1
12 17 1
13 16 1
14 16 1
15 15 1
16 15 1
17 14 1
18 13 1
19 12 1
20 12 1
21 12 1
22 12 1
23 12 1
24 11 1
25 11 1
26 11 1
27 11 1
28 10 1
29 10 1
30 10 1
31 10 1
32 11 1
33 11 1
34 11 1
35 11 1
36 11 1
37 12 1
38 13 1
38 14 1
38 15 1
38 16 1
38 17 1
39 18 1
39 19 1
39 20 1
41 22 1
42 23 1
42 24 1
42 25 1
42 26 1
42 27 1
42 28 1
42 29 1
43 31 1
44 31 1
45 32 1
46 33 1
47 34 1
48 34 1
49 35 1
50 36 1
51 36 1
52 37 1
53 37 1
54 38 1
55 38 1
56 38 1
57 39 1
58 39 1
59 39 1
60 39 1
61 40 1
62 40 1
63 40 1
64 40 1
.PEN_UP
.PEN_DOWN
41 30 1
40 31 1
39 32 1
38 33 1
37 34 1
36 35 1
35 36 1
34 37 1
33 37 1
32 38 1
31 39 1
30 40 1
29 41 1
28 41 1
27 41 1
26 42 1
25 42 1
24 42 1
23 42 1
22 42 1
21 42 1
20 42 1
19 42 1
18 42 1
17 41 1
16 40 1
15 39 1
14 38 1
14 37 1
14 36 1
13 35 1
14 34 1
14 33 1
14 32 1
14 31 1
15 30 1
16 30 1
17 29 1
18 29 1
19 29 1
20 29 1
21 28 1
22 28 1
23 28 1
24 28 1
25 28 1
26 28 1
27 28 1
28 27 1
29 27 1
30 27 1
31 27 1
32 26 1
33 26 1
34 25 1
35 25 1
36 24 1
37 23 1
38 22 1
39 21 1
.PEN_UP
.PEN_DOWN
5 51 1
4 52 1
3 53 1
3 54 1
3 55 1
3 56 1
3 57 1
3 58 1
3 59 1
4 60 1
4 61 1
4 62 1
4 63 1
5 64 1
5 65 1
5 66 1
5 67 1
6 68 1
6 69 1
7 70 1
7 71 1
8 72 1
9 73 1
10 74 1
11 75 1
12 76 1
13 76 1
14 76 1
15 76 1
16 76 1
17 76 1
18 75 1
19 75 1
20 74 1
21 74 1
22 73 1
23 72 1
24 71 1
25 70 1
25 69 1
26 68 1
27 68 1
28 67 1
29 65 1
29 64 1
30 63 1
30 62 1
31 61 1
31 60 1
31 59 1
31 58 1
32 57 1
32 56 1
32 55 1
.PEN_UP
.PEN_DOWN
29 66 1
30 68 1
31 69 1
31 70 1
31 71 1
32 72 1
32 73 1
33 74 1
33 75 1
34 76 1
35 77 1
35 78 1
36 79 1
37 80 1
38 81 1
38 82 1
39 83 1
39 84 1
41 85 1
42 85 1
43 85 1
44 86 1
45 86 1
.PEN_UP
.PEN_DOWN
38 85 1
37 85 1
36 85 1
35 85 1
34 86 1
33 86 1
32 86 1
31 87 1
30 87 1
29 87 1
28 87 1
27 88 1
26 88 1
25 88 1
24 89 1
23 89 1
22 90 1
21 90 1
20 91 1
19 91 1
18 91 1
17 92 1
16 92 1
15 92 1
14 93 1
13 93 1
12 94 1
11 94 1
10 95 1
.PEN_UP
.PEN_DOWN
4 91 1
3 91 1
2 91 1
1 92 1
1 93 1
1 94 1
1 95 1
1 96 1
1 97 1
1 98 1
2 99 1
2 100 1
2 101 1
2 102 1
3 103 1
3 104 1
3 105 1
3 106 1
3 107 1
3 108 1
.PEN_UP
