.PEN_DOWN
39 11 1
38 10 1
37 9 1
36 9 1
35 9 1
34 10 1
33 11 1
33 12 1
32 13 1
32 14 1
32 15 1
32 16 1
32 17 1
31 18 1
31 19 1
31 20 1
29 21 1
28 21 1
27 21 1
26 21 1
25 21 1
24 21 1
23 22 1
22 22 1
21 22 1
20 22 1
19 23 1
18 24 1
17 24 1
16 25 1
15 26 1
14 26 1
13 27 1
12 28 1
11 29 1
10 30 1
9 31 1
8 32 1
7 33 1
6 34 1
5 35 1
5 36 1
5 37 1
4 38 1
4 39 1
4 40 1
5 41 1
5 42 1
6 43 1
7 44 1
8 45 1
9 46 1
10 47 1
11 47 1
12 47 1
13 47 1
14 48 1
15 48 1
16 48 1
17 48 1
.PEN_UP
.PEN_DOWN
30 21 1
34 24 1
35 24 1
36 25 1
37 26 1
37 27 1
38 28 1
38 29 1
39 30 1
39 31 1
40 32 1
40 33 1
41 34 1
40 35 1
39 35 1
38 35 1
37 35 1
36 37 1
36 38 1
36 39 1
36 40 1
36 41 1
36 42 1
35 43 1
35 44 1
35 45 1
35 46 1
35 47 1
35 48 1
35 49 1
35 50 1
35 51 1
35 52 1
35 53 1
35 54 1
35 55 1
35 56 1
35 57 1
36 58 1
37 60 1
37 61 1
37 62 1
37 63 1
39 64 1
40 64 1
41 64 1
42 63 1
43 63 1
44 63 1
45 62 1
46 62 1
47 62 1
48 62 1
49 61 1
50 61 1
51 61 1
52 61 1
53 60 1
54 60 1
55 60 1
56 60 1
57 59 1
58 59 1
59 59 1
60 59 1
61 58 1
62 58 1
63 58 1
64 58 1
.PEN_UP
.PEN_DOWN
36 66 1
35 67 1
35 70 1
35 71 1
35 72 1
34 75 1
34 76 1
34 77 1
34 78 1
33 79 1
33 80 1
33 81 1
33 82 1
33 83 1
33 84 1
33 85 1
32 86 1
32 87 1
32 88 1
32 89 1
32 90 1
32 91 1
32 92 1
33 93 1
33 94 1
33 95 1
33 96 1
33 97 1
33 98 1
33 99 1
34 100 1
34 101 1
34 102 1
34 103 1
35 104 1
36 104 1
37 103 1
38 103 1
39 103 1
40 103 1
41 102 1
42 102 1
43 101 1
44 100 1
47 100 1
48 100 1
49 100 1
50 100 1
51 99 1
52 99 1
53 99 1
54 98 1
55 98 1
56 98 1
57 97 1
58 97 1
59 97 1
60 97 1
61 96 1
62 95 1
65 95 1
66 95 1
67 95 1
.PEN_UP
.PEN_DOWN
63 94 1
62 93 1
62 92 1
62 91 1
61 90 1
60 89 1
59 88 1
59 87 1
59 86 1
58 85 1
58 84 1
57 83 1
56 82 1
54 82 1
53 83 1
53 84 1
52 85 1
51 86 1
51 87 1
50 88 1
50 89 1
49 90 1
49 91 1
48 92 1
47 93 1
47 94 1
46 95 1
46 96 1
45 97 1
45 98 1
45 99 1
.PEN_UP
.PEN_DOWN
56 81 1
56 80 1
56 79 1
56 78 1
56 77 1
56 76 1
57 75 1
57 74 1
57 73 1
.PEN_UP
.PEN_DOWN
34 105 1
34 106 1
34 107 1
34 108 1
33 109 1
33 110 1
33 111 1
33 112 1
33 113 1
33 114 1
33 115 1
34 116 1
34 117 1
34 118 1
34 119 1
34 120 1
34 121 1
35 122 1
35 123 1
35 124 1
36 125 1
36 126 1
37 127 1
38 128 1
39 129 1
40 130 1
41 131 1
42 131 1
43 131 1
44 131 1
45 131 1
46 131 1
47 131 1
48 130 1
49 129 1
50 129 1
51 129 1
52 128 1
52 127 1
53 126 1
54 125 1
55 125 1
56 124 1
58 125 1
59 126 1
59 127 1
59 128 1
59 129 1
60 130 1
61 131 1
62 132 1
63 133 1
64 134 1
65 135 1
66 136 1
66 137 1
65 138 1
64 139 1
63 139 1
62 140 1
61 140 1
60 140 1
59 140 1
58 141 1
57 141 1
56 142 1
55 142 1
54 142 1
53 143 1
52 143 1
51 143 1
50 144 1
49 144 1
48 144 1
47 145 1
46 145 1
45 145 1
44 145 1
43 145 1
42 146 1
41 145 1
40 144 1
39 143 1
38 144 1
37 144 1
36 144 1
35 144 1
34 145 1
33 146 1
33 147 1
32 148 1
32 149 1
32 150 1
32 151 1
32 152 1
32 153 1
32 154 1
32 155 1
33 156 1
33 157 1
33 158 1
33 159 1
34 160 1
34 161 1
35 162 1
35 163 1
36 164 1
37 165 1
38 166 1
39 167 1
40 167 1
41 168 1
42 168 1
43 168 1
44 168 1
45 169 1
47 169 1
48 169 1
49 169 1
50 168 1
51 168 1
52 168 1
53 168 1
54 167 1
55 167 1
56 167 1
57 167 1
58 166 1
59 166 1
60 165 1
61 165 1
62 165 1
63 164 1
64 164 1
65 165 1
66 165 1
.PEN_UP
.PEN_DOWN
46 169 1
45 171 1
44 172 1
44 173 1
43 174 1
42 175 1
41 175 1
40 176 1
39 177 1
38 178 1
37 179 1
36 180 1
35 181 1
34 182 1
33 183 1
33 184 1
32 185 1
32 186 1
32 187 1
31 188 1
31 189 1
31 190 1
32 191 1
.PEN_UP
.PEN_DOWN
57 123 1
57 122 1
57 121 1
57 120 1
58 119 1
58 118 1
58 117 1
59 116 1
59 115 1
60 114 1
60 113 1
61 112 1
61 111 1
.PEN_UP
.PEN_DOWN
35 73 1
37 74 1
38 74 1
39 75 1
39 76 1
40 77 1
40 78 1
40 79 1
40 80 1
.PEN_UP
.PEN_DOWN
35 59 1
34 59 1
33 59 1
32 59 1
31 59 1
30 59 1
29 60 1
28 60 1
27 60 1
26 60 1
25 61 1
24 61 1
23 61 1
22 61 1
21 61 1
20 61 1
19 61 1
18 62 1
17 62 1
16 62 1
15 63 1
14 63 1
13 63 1
12 64 1
11 64 1
10 65 1
9 66 1
8 66 1
7 67 1
6 68 1
6 69 1
5 70 1
4 71 1
4 72 1
4 73 1
3 74 1
3 75 1
3 76 1
2 77 1
2 78 1
2 79 1
2 80 1
2 81 1
2 82 1
1 83 1
1 84 1
1 85 1
1 86 1
1 87 1
1 88 1
1 89 1
1 90 1
1 91 1
2 92 1
2 93 1
2 94 1
2 95 1
2 96 1
2 97 1
3 98 1
3 99 1
3 100 1
3 101 1
4 102 1
4 103 1
5 104 1
6 105 1
7 106 1
8 107 1
9 108 1
10 108 1
11 109 1
12 109 1
.PEN_UP
.PEN_DOWN
36 35 1
35 34 1
34 33 1
33 32 1
33 31 1
33 30 1
32 29 1
32 28 1
32 27 1
32 26 1
32 25 1
.PEN_UP
.PEN_DOWN
42 33 1
43 33 1
44 33 1
45 32 1
46 31 1
47 30 1
48 30 1
49 29 1
51 29 1
52 29 1
53 29 1
54 29 1
55 29 1
56 29 1
57 28 1
58 28 1
59 28 1
60 28 1
60 26 1
60 25 1
60 24 1
59 23 1
59 22 1
58 21 1
57 20 1
57 19 1
56 18 1
55 17 1
53 18 1
52 19 1
52 20 1
52 21 1
51 22 1
50 23 1
50 24 1
50 25 1
50 26 1
50 27 1
49 28 1
.PEN_UP
.PEN_DOWN
54 17 1
55 15 1
55 14 1
54 13 1
54 12 1
55 11 1
55 10 1
55 9 1
55 8 1
55 7 1
55 6 1
55 5 1
55 4 1
56 3 1
56 2 1
56 1 1
.PEN_UP
.PEN_DOWN
68 89 1
69 88 1
70 87 1
71 87 1
72 87 1
73 87 1
74 86 1
75 86 1
76 86 1
77 86 1
78 85 1
79 85 1
80 85 1
81 86 1
.PEN_UP
.PEN_DOWN
74 124 1
75 123 1
76 123 1
77 122 1
78 122 1
79 121 1
80 121 1
81 121 1
82 121 1
83 121 1
84 122 1
84 123 1
84 124 1
83 125 1
.PEN_UP
