.PEN_DOWN
62 16 1
62 15 1
62 14 1
61 13 1
61 12 1
61 11 1
61 10 1
61 9 1
61 8 1
60 7 1
60 6 1
60 5 1
60 4 1
60 3 1
61 2 1
62 1 1
63 2 1
64 2 1
65 2 1
66 2 1
67 3 1
68 4 1
69 5 1
69 6 1
69 7 1
70 8 1
70 9 1
71 10 1
71 11 1
71 12 1
71 13 1
71 14 1
71 15 1
71 16 1
71 17 1
71 18 1
71 19 1
71 20 1
71 21 1
71 22 1
71 23 1
70 24 1
70 25 1
70 26 1
70 27 1
69 28 1
69 29 1
68 30 1
68 31 1
68 32 1
67 33 1
66 34 1
66 35 1
65 36 1
65 37 1
64 38 1
63 38 1
62 39 1
61 39 1
60 40 1
59 40 1
58 40 1
57 41 1
56 41 1
55 41 1
54 41 1
53 41 1
51 39 1
50 39 1
49 39 1
48 39 1
47 40 1
46 40 1
45 40 1
44 40 1
43 41 1
42 41 1
41 42 1
40 43 1
40 44 1
40 45 1
40 46 1
41 47 1
42 48 1
43 48 1
44 48 1
45 48 1
46 48 1
47 48 1
48 48 1
49 48 1
50 47 1
52 48 1
52 49 1
53 50 1
53 51 1
53 52 1
53 53 1
54 54 1
54 55 1
54 56 1
54 57 1
55 58 1
56 59 1
56 60 1
57 61 1
58 62 1
58 63 1
59 64 1
60 65 1
60 66 1
61 67 1
62 67 1
63 67 1
64 67 1
65 67 1
66 67 1
67 67 1
68 67 1
69 67 1
70 67 1
71 68 1
72 68 1
73 68 1
74 68 1
75 68 1
76 67 1
77 67 1
78 68 1
79 68 1
.PEN_UP
.PEN_DOWN
60 68 1
59 69 1
58 70 1
57 71 1
56 72 1
55 73 1
54 74 1
53 75 1
52 76 1
51 77 1
50 78 1
49 79 1
48 80 1
48 81 1
47 82 1
46 83 1
45 84 1
45 85 1
44 86 1
44 87 1
43 88 1
43 89 1
43 90 1
43 91 1
43 92 1
43 93 1
43 94 1
43 95 1
43 96 1
43 97 1
44 98 1
45 99 1
45 100 1
46 101 1
47 102 1
47 103 1
47 104 1
49 105 1
50 105 1
51 105 1
52 105 1
53 105 1
54 105 1
55 105 1
56 105 1
57 104 1
58 104 1
59 105 1
60 105 1
61 105 1
62 105 1
63 105 1
64 105 1
65 105 1
66 105 1
67 106 1
68 106 1
69 105 1
70 105 1
71 106 1
72 106 1
.PEN_UP
.PEN_DOWN
47 105 1
46 106 1
45 107 1
44 108 1
43 109 1
42 109 1
41 110 1
40 111 1
39 111 1
38 112 1
37 113 1
37 114 1
36 115 1
35 116 1
34 117 1
33 118 1
32 119 1
31 120 1
31 121 1
30 122 1
29 123 1
29 124 1
28 125 1
28 126 1
27 127 1
27 128 1
26 129 1
26 130 1
25 131 1
25 132 1
25 133 1
24 134 1
24 135 1
23 136 1
23 137 1
22 138 1
22 139 1
22 140 1
21 141 1
21 142 1
21 143 1
20 144 1
20 145 1
20 146 1
20 147 1
20 148 1
19 149 1
19 150 1
18 151 1
18 152 1
18 153 1
18 154 1
18 155 1
18 156 1
18 157 1
18 158 1
20 159 1
21 159 1
22 158 1
23 158 1
24 157 1
25 156 1
26 155 1
27 154 1
28 153 1
29 152 1
30 151 1
31 150 1
32 149 1
33 149 1
34 148 1
35 148 1
36 148 1
37 148 1
38 148 1
39 148 1
40 148 1
41 149 1
43 148 1
44 148 1
45 147 1
45 146 1
46 145 1
47 144 1
48 143 1
49 142 1
50 141 1
51 140 1
52 139 1
53 138 1
54 137 1
55 136 1
56 136 1
57 136 1
58 136 1
59 136 1
60 137 1
60 138 1
60 139 1
60 140 1
60 141 1
60 142 1
60 143 1
59 144 1
59 145 1
59 146 1
58 147 1
58 148 1
57 149 1
57 150 1
56 151 1
55 152 1
54 153 1
53 154 1
52 155 1
51 155 1
50 155 1
49 156 1
48 156 1
47 156 1
46 156 1
45 156 1
44 156 1
43 155 1
42 157 1
42 158 1
42 159 1
42 160 1
42 161 1
42 162 1
42 163 1
43 164 1
44 165 1
45 166 1
46 167 1
47 168 1
48 169 1
49 170 1
49 171 1
50 172 1
52 174 1
53 174 1
54 174 1
55 174 1
56 174 1
57 174 1
58 174 1
59 175 1
60 175 1
61 175 1
62 176 1
63 176 1
64 176 1
65 177 1
66 177 1
67 177 1
68 178 1
69 178 1
.PEN_UP
.PEN_DOWN
50 173 1
49 174 1
48 175 1
47 175 1
46 175 1
45 176 1
44 176 1
43 176 1
42 176 1
41 176 1
40 177 1
39 177 1
38 178 1
37 179 1
36 179 1
35 179 1
34 180 1
33 181 1
32 182 1
31 182 1
30 183 1
29 184 1
28 185 1
27 186 1
27 187 1
26 188 1
25 189 1
25 190 1
24 191 1
24 192 1
24 193 1
24 194 1
24 195 1
24 196 1
24 197 1
24 198 1
24 199 1
25 200 1
25 201 1
26 202 1
27 203 1
28 204 1
29 205 1
30 206 1
31 207 1
32 208 1
33 209 1
34 209 1
35 210 1
36 211 1
37 211 1
38 212 1
39 212 1
40 212 1
41 213 1
42 213 1
43 214 1
45 215 1
46 215 1
47 215 1
48 215 1
49 215 1
50 214 1
51 214 1
52 214 1
53 214 1
54 214 1
55 214 1
56 213 1
57 213 1
58 213 1
59 213 1
60 212 1
61 212 1
62 212 1
63 211 1
64 211 1
65 211 1
.PEN_UP
.PEN_DOWN
43 215 1
42 217 1
41 218 1
41 219 1
40 220 1
39 220 1
38 221 1
37 221 1
36 222 1
35 223 1
34 224 1
33 225 1
32 226 1
31 227 1
30 228 1
29 229 1
28 230 1
27 231 1
26 232 1
25 233 1
25 234 1
24 235 1
23 236 1
22 237 1
22 238 1
21 239 1
20 240 1
20 241 1
20 242 1
19 243 1
19 244 1
18 245 1
17 246 1
17 247 1
17 248 1
16 249 1
16 250 1
15 251 1
15 252 1
14 253 1
14 254 1
14 255 1
13 256 1
13 257 1
13 258 1
13 259 1
13 260 1
12 261 1
12 262 1
12 263 1
12 264 1
12 265 1
13 266 1
13 267 1
14 268 1
15 269 1
17 270 1
18 270 1
19 270 1
20 270 1
21 270 1
22 270 1
23 269 1
24 269 1
25 269 1
26 268 1
28 269 1
29 269 1
30 269 1
31 269 1
32 269 1
33 269 1
34 269 1
35 269 1
36 269 1
37 269 1
38 268 1
39 268 1
40 268 1
41 267 1
42 267 1
43 267 1
44 266 1
45 266 1
46 266 1
47 266 1
48 266 1
49 266 1
50 265 1
51 265 1
52 265 1
53 265 1
54 264 1
54 263 1
54 262 1
54 261 1
53 260 1
53 259 1
53 258 1
52 257 1
52 256 1
51 255 1
50 254 1
49 253 1
49 252 1
48 251 1
47 250 1
46 249 1
45 248 1
44 248 1
43 248 1
42 248 1
41 248 1
40 248 1
39 249 1
38 250 1
37 251 1
36 252 1
35 253 1
34 254 1
33 255 1
33 256 1
32 257 1
31 258 1
30 259 1
30 260 1
30 261 1
29 262 1
28 263 1
28 264 1
28 265 1
27 266 1
27 267 1
.PEN_UP
.PEN_DOWN
15 270 1
14 272 1
14 273 1
13 274 1
13 275 1
12 276 1
12 277 1
12 278 1
11 279 1
11 280 1
10 281 1
10 282 1
10 283 1
10 284 1
10 285 1
10 286 1
9 287 1
8 288 1
8 289 1
8 290 1
8 291 1
7 292 1
7 293 1
7 294 1
7 295 1
7 296 1
6 297 1
6 298 1
6 299 1
6 300 1
5 301 1
5 302 1
5 303 1
4 304 1
4 305 1
4 306 1
4 307 1
4 308 1
3 309 1
3 310 1
3 311 1
3 312 1
2 313 1
2 314 1
2 315 1
1 316 1
.PEN_UP
.PEN_DOWN
42 154 1
42 153 1
42 152 1
42 151 1
42 150 1
.PEN_UP
.PEN_DOWN
51 46 1
51 45 1
52 44 1
52 43 1
52 42 1
.PEN_UP
.PEN_DOWN
83 237 1
83 238 1
82 239 1
81 240 1
80 241 1
79 241 1
78 242 1
77 242 1
.PEN_UP
