.PEN_DOWN
2 1 1
2 2 1
2 3 1
2 4 1
2 5 1
2 6 1
2 7 1
2 8 1
3 9 1
5 9 1
6 9 1
7 9 1
8 9 1
9 9 1
10 10 1
11 10 1
12 11 1
13 12 1
15 12 1
16 12 1
17 12 1
18 12 1
19 12 1
20 13 1
21 13 1
22 13 1
23 14 1
23 15 1
23 16 1
24 17 1
24 18 1
24 19 1
24 20 1
23 21 1
22 21 1
21 21 1
20 20 1
19 20 1
18 20 1
17 20 1
16 19 1
15 18 1
14 17 1
14 16 1
13 15 1
13 14 1
13 13 1
.PEN_UP
.PEN_DOWN
24 22 1
25 22 1
26 22 1
27 22 1
28 22 1
29 22 1
30 22 1
31 22 1
33 23 1
34 24 1
35 25 1
36 26 1
36 27 1
37 28 1
37 29 1
38 30 1
38 31 1
39 32 1
39 33 1
39 34 1
.PEN_UP
.PEN_DOWN
4 9 1
2 11 1
2 12 1
2 13 1
2 14 1
2 15 1
2 16 1
2 17 1
2 18 1
2 19 1
2 20 1
2 21 1
2 22 1
2 23 1
2 24 1
2 25 1
2 26 1
2 27 1
2 28 1
2 29 1
2 30 1
2 31 1
2 32 1
2 33 1
2 34 1
2 35 1
1 37 1
1 38 1
1 39 1
1 40 1
1 41 1
1 42 1
1 43 1
1 44 1
1 45 1
1 46 1
1 47 1
1 48 1
1 49 1
2 50 1
4 51 1
5 51 1
6 51 1
7 51 1
8 51 1
9 51 1
10 51 1
11 51 1
12 51 1
13 51 1
14 52 1
15 52 1
16 52 1
17 52 1
18 52 1
19 52 1
20 52 1
21 52 1
22 52 1
23 52 1
24 52 1
25 52 1
26 53 1
27 53 1
28 53 1
29 53 1
30 53 1
31 52 1
32 51 1
35 49 1
36 49 1
37 49 1
38 48 1
39 47 1
39 46 1
40 45 1
41 44 1
42 44 1
43 44 1
44 44 1
45 44 1
46 45 1
47 46 1
47 47 1
47 48 1
46 49 1
46 50 1
45 51 1
44 51 1
43 51 1
42 50 1
41 50 1
40 50 1
39 49 1
.PEN_UP
.PEN_DOWN
31 50 1
30 49 1
30 48 1
30 47 1
29 46 1
29 45 1
28 44 1
27 43 1
26 42 1
25 41 1
24 42 1
23 42 1
22 42 1
21 42 1
20 43 1
19 43 1
18 43 1
17 44 1
16 44 1
15 43 1
14 42 1
13 41 1
12 41 1
11 40 1
10 39 1
9 38 1
8 38 1
7 37 1
6 36 1
5 36 1
4 36 1
3 36 1
.PEN_UP
