.PEN_DOWN
3 4 1
2 5 1
2 6 1
2 7 1
2 8 1
1 9 1
1 10 1
1 11 1
1 12 1
1 13 1
1 14 1
1 15 1
1 16 1
1 17 1
1 18 1
1 19 1
1 20 1
1 21 1
2 22 1
3 22 1
4 22 1
5 22 1
6 21 1
7 20 1
8 19 1
9 19 1
10 18 1
11 18 1
12 17 1
13 16 1
14 15 1
15 15 1
16 14 1
17 14 1
18 13 1
19 13 1
20 12 1
21 11 1
22 11 1
23 11 1
24 11 1
25 10 1
26 11 1
26 12 1
26 13 1
26 14 1
26 15 1
26 16 1
25 17 1
24 18 1
23 19 1
22 20 1
21 21 1
20 22 1
20 23 1
19 24 1
18 25 1
18 26 1
17 27 1
17 28 1
18 29 1
19 30 1
20 30 1
21 30 1
22 30 1
23 30 1
24 30 1
25 29 1
26 29 1
27 28 1
28 28 1
29 27 1
30 26 1
31 26 1
32 25 1
32 24 1
33 23 1
34 22 1
35 21 1
36 20 1
37 19 1
39 20 1
40 20 1
41 21 1
42 22 1
43 22 1
44 23 1
45 23 1
46 23 1
47 24 1
48 24 1
49 25 1
50 25 1
.PEN_UP
.PEN_DOWN
37 18 1
37 17 1
37 16 1
37 15 1
37 14 1
38 13 1
39 13 1
40 13 1
41 12 1
41 11 1
42 10 1
42 9 1
43 8 1
43 7 1
43 6 1
44 5 1
44 4 1
44 3 1
44 2 1
43 1 1
42 1 1
41 1 1
40 1 1
39 2 1
38 3 1
37 4 1
37 5 1
37 6 1
37 7 1
37 8 1
36 9 1
36 10 1
36 11 1
36 12 1
36 13 1
.PEN_UP
.PEN_DOWN
14 34 1
13 34 1
12 34 1
11 34 1
10 35 1
9 35 1
8 36 1
8 37 1
7 38 1
6 39 1
6 40 1
6 41 1
6 42 1
5 43 1
5 44 1
5 45 1
5 46 1
5 47 1
6 48 1
6 49 1
6 50 1
6 51 1
7 52 1
8 53 1
9 54 1
10 55 1
11 55 1
12 55 1
13 55 1
14 55 1
15 55 1
16 55 1
17 55 1
18 54 1
19 53 1
20 52 1
21 51 1
22 50 1
23 49 1
24 48 1
25 47 1
26 48 1
27 49 1
28 50 1
29 51 1
30 52 1
30 53 1
31 54 1
31 55 1
32 56 1
32 57 1
31 58 1
30 59 1
29 59 1
28 60 1
27 60 1
26 60 1
25 61 1
24 61 1
23 62 1
22 63 1
21 64 1
20 64 1
19 65 1
18 65 1
17 66 1
16 66 1
15 66 1
14 67 1
13 67 1
12 67 1
11 68 1
10 68 1
9 68 1
8 69 1
7 69 1
6 70 1
4 71 1
3 71 1
2 72 1
1 72 1
.PEN_UP
.PEN_DOWN
5 71 1
6 73 1
6 74 1
5 75 1
5 76 1
5 77 1
4 78 1
4 79 1
4 80 1
4 81 1
4 82 1
4 83 1
4 84 1
4 85 1
3 86 1
3 87 1
3 88 1
3 89 1
3 90 1
3 91 1
3 92 1
3 93 1
2 94 1
2 95 1
2 96 1
2 97 1
2 98 1
.PEN_UP
.PEN_DOWN
25 46 1
25 45 1
25 44 1
25 43 1
25 42 1
25 41 1
25 40 1
26 39 1
26 38 1
27 37 1
27 36 1
28 35 1
.PEN_UP
.PEN_DOWN
42 53 1
43 52 1
44 51 1
45 51 1
46 52 1
47 52 1
.PEN_UP
