.PEN_DOWN
18 29 1
17 30 1
17 31 1
16 32 1
15 33 1
14 34 1
13 35 1
12 36 1
11 37 1
11 38 1
11 39 1
11 40 1
10 41 1
10 42 1
10 43 1
10 44 1
9 45 1
8 46 1
7 47 1
7 48 1
7 49 1
7 50 1
7 51 1
7 52 1
7 53 1
7 54 1
7 55 1
7 56 1
7 57 1
7 58 1
6 59 1
6 60 1
6 61 1
6 62 1
6 63 1
6 64 1
6 65 1
6 66 1
6 67 1
6 68 1
6 69 1
6 70 1
6 71 1
6 72 1
6 73 1
6 74 1
6 75 1
7 76 1
9 76 1
10 76 1
11 75 1
12 75 1
13 75 1
14 75 1
15 74 1
16 73 1
17 73 1
18 73 1
19 72 1
20 71 1
21 71 1
22 71 1
23 70 1
24 70 1
25 70 1
26 69 1
27 69 1
28 69 1
29 68 1
30 68 1
31 68 1
32 68 1
33 67 1
34 67 1
35 67 1
36 67 1
37 66 1
38 66 1
39 66 1
40 66 1
41 66 1
42 66 1
43 65 1
44 65 1
45 65 1
46 65 1
47 65 1
48 65 1
49 66 1
50 66 1
51 66 1
52 66 1
53 66 1
54 66 1
55 66 1
56 67 1
57 67 1
58 68 1
59 68 1
60 69 1
61 70 1
62 71 1
62 72 1
63 73 1
64 74 1
64 75 1
65 76 1
66 77 1
66 78 1
67 79 1
67 80 1
67 81 1
67 82 1
68 83 1
68 84 1
68 85 1
67 86 1
67 87 1
67 88 1
67 89 1
67 90 1
67 91 1
67 92 1
67 93 1
66 94 1
.PEN_UP
.PEN_DOWN
8 76 1
7 78 1
7 79 1
7 80 1
7 81 1
7 82 1
7 83 1
7 84 1
7 85 1
7 86 1
6 87 1
6 88 1
6 89 1
6 90 1
6 91 1
6 92 1
6 93 1
6 94 1
5 95 1
5 96 1
5 97 1
5 98 1
5 99 1
5 100 1
5 101 1
5 102 1
5 103 1
5 104 1
5 105 1
6 106 1
8 106 1
9 105 1
10 105 1
11 105 1
12 104 1
13 103 1
14 103 1
15 102 1
16 102 1
17 102 1
18 102 1
19 102 1
20 101 1
21 101 1
22 101 1
23 102 1
24 102 1
25 102 1
26 102 1
27 102 1
28 102 1
29 103 1
30 103 1
31 104 1
32 104 1
33 105 1
36 105 1
37 105 1
38 104 1
39 104 1
40 103 1
41 103 1
42 102 1
43 101 1
43 100 1
44 99 1
45 98 1
45 97 1
46 96 1
46 95 1
46 94 1
46 93 1
46 92 1
47 91 1
47 90 1
47 89 1
47 88 1
47 87 1
47 86 1
47 85 1
47 84 1
47 83 1
47 82 1
47 81 1
46 80 1
45 80 1
44 80 1
43 80 1
42 80 1
41 80 1
40 81 1
39 82 1
38 83 1
.PEN_UP
.PEN_DOWN
34 105 1
34 107 1
34 108 1
34 109 1
34 110 1
34 111 1
34 112 1
35 113 1
35 114 1
36 115 1
37 116 1
36 118 1
35 119 1
34 120 1
33 120 1
32 120 1
31 120 1
30 121 1
29 121 1
28 121 1
27 121 1
26 121 1
25 121 1
24 121 1
23 122 1
22 122 1
21 122 1
20 122 1
19 122 1
18 122 1
17 122 1
16 122 1
15 122 1
14 122 1
13 123 1
12 123 1
11 123 1
10 124 1
9 125 1
9 126 1
9 127 1
9 128 1
9 129 1
9 130 1
9 131 1
9 132 1
9 133 1
9 134 1
8 135 1
8 136 1
8 137 1
8 138 1
8 139 1
8 140 1
8 141 1
7 142 1
7 143 1
6 144 1
6 145 1
6 146 1
5 147 1
5 148 1
5 149 1
4 150 1
4 151 1
4 152 1
4 153 1
3 154 1
3 155 1
2 156 1
2 157 1
2 158 1
1 159 1
.PEN_UP
.PEN_DOWN
7 106 1
6 108 1
6 109 1
5 110 1
.PEN_UP
.PEN_DOWN
11 45 1
12 46 1
13 46 1
14 46 1
15 46 1
16 46 1
17 46 1
18 46 1
19 46 1
20 46 1
21 46 1
22 45 1
23 45 1
24 45 1
25 44 1
26 44 1
27 44 1
28 43 1
29 43 1
30 43 1
31 42 1
32 42 1
33 42 1
34 41 1
35 41 1
36 41 1
37 40 1
38 39 1
39 38 1
41 37 1
42 37 1
43 37 1
44 37 1
45 37 1
46 37 1
47 37 1
48 37 1
49 37 1
50 37 1
51 37 1
52 38 1
53 38 1
.PEN_UP
.PEN_DOWN
39 37 1
39 35 1
39 34 1
39 33 1
39 32 1
39 31 1
40 30 1
40 29 1
40 28 1
41 27 1
41 26 1
42 25 1
43 24 1
43 23 1
43 22 1
44 21 1
45 20 1
45 19 1
45 18 1
46 17 1
46 16 1
46 15 1
46 14 1
47 13 1
47 12 1
46 11 1
46 10 1
46 9 1
45 8 1
44 7 1
43 6 1
43 5 1
42 4 1
41 3 1
40 2 1
39 2 1
38 2 1
37 1 1
36 1 1
35 2 1
34 3 1
33 4 1
33 5 1
33 6 1
33 7 1
33 8 1
33 9 1
.PEN_UP
