.PEN_DOWN
32 1 1
31 2 1
31 3 1
31 4 1
31 5 1
31 6 1
30 7 1
30 8 1
30 9 1
30 10 1
30 11 1
30 12 1
29 13 1
29 14 1
29 15 1
29 16 1
29 17 1
29 18 1
29 19 1
29 20 1
29 21 1
29 22 1
29 23 1
28 24 1
28 25 1
26 26 1
25 26 1
24 26 1
23 26 1
22 27 1
21 27 1
20 27 1
19 27 1
18 27 1
17 28 1
16 28 1
15 29 1
14 29 1
13 29 1
12 30 1
11 30 1
10 31 1
9 31 1
8 32 1
7 33 1
6 34 1
6 35 1
5 36 1
5 37 1
4 38 1
4 39 1
4 40 1
4 41 1
4 42 1
4 43 1
5 44 1
6 44 1
7 45 1
8 45 1
9 45 1
10 45 1
.PEN_UP
.PEN_DOWN
27 26 1
30 26 1
31 26 1
32 27 1
33 27 1
34 28 1
35 29 1
.PEN_UP
.PEN_DOWN
28 26 1
28 28 1
28 29 1
28 30 1
28 31 1
28 32 1
28 33 1
28 34 1
28 35 1
28 36 1
28 37 1
28 38 1
29 39 1
30 39 1
31 39 1
32 39 1
33 39 1
34 39 1
35 39 1
36 39 1
37 38 1
39 37 1
40 37 1
41 37 1
42 36 1
43 36 1
44 36 1
45 35 1
46 35 1
47 34 1
48 34 1
49 34 1
50 33 1
51 32 1
52 31 1
53 31 1
54 31 1
55 31 1
56 30 1
57 30 1
58 29 1
58 28 1
59 27 1
59 26 1
59 25 1
58 24 1
57 23 1
56 22 1
55 21 1
55 20 1
54 19 1
53 18 1
52 18 1
51 17 1
50 16 1
49 15 1
49 14 1
48 13 1
47 12 1
45 13 1
44 14 1
44 15 1
44 16 1
43 17 1
43 18 1
43 19 1
42 20 1
42 21 1
42 22 1
41 23 1
41 24 1
40 25 1
40 26 1
40 27 1
40 28 1
40 29 1
39 30 1
39 31 1
38 32 1
38 33 1
37 34 1
37 35 1
37 36 1
38 39 1
38 40 1
38 41 1
37 42 1
37 43 1
37 44 1
36 45 1
36 46 1
36 47 1
36 48 1
36 49 1
36 50 1
36 51 1
36 52 1
35 53 1
35 54 1
35 55 1
35 56 1
35 57 1
36 58 1
35 60 1
34 61 1
33 61 1
32 61 1
31 61 1
.PEN_UP
.PEN_DOWN
37 58 1
38 58 1
39 58 1
40 58 1
41 58 1
42 57 1
43 57 1
44 56 1
45 56 1
46 56 1
47 56 1
48 55 1
49 55 1
50 55 1
51 54 1
52 54 1
53 54 1
54 53 1
55 53 1
56 53 1
57 52 1
58 52 1
59 52 1
60 52 1
.PEN_UP
.PEN_DOWN
29 56 1
28 56 1
27 55 1
26 55 1
25 55 1
24 55 1
23 55 1
22 54 1
21 54 1
20 54 1
19 54 1
18 55 1
17 56 1
16 56 1
15 57 1
14 58 1
13 59 1
12 60 1
11 61 1
11 62 1
10 63 1
9 63 1
8 64 1
8 65 1
7 66 1
7 67 1
6 68 1
5 69 1
5 70 1
4 71 1
4 72 1
4 73 1
3 74 1
3 75 1
3 76 1
3 77 1
2 78 1
2 79 1
2 80 1
1 81 1
1 82 1
1 83 1
1 84 1
1 85 1
1 86 1
1 87 1
2 88 1
2 89 1
2 90 1
2 91 1
2 92 1
3 93 1
4 94 1
5 95 1
6 96 1
7 97 1
8 98 1
9 99 1
10 99 1
11 99 1
12 99 1
.PEN_UP
.PEN_DOWN
38 67 1
38 68 1
37 69 1
36 70 1
36 71 1
36 72 1
35 73 1
35 74 1
35 75 1
34 76 1
34 77 1
34 78 1
34 79 1
33 80 1
33 81 1
33 82 1
33 83 1
33 84 1
32 85 1
32 86 1
32 87 1
32 88 1
32 89 1
32 90 1
32 91 1
32 92 1
33 93 1
34 94 1
35 94 1
36 94 1
37 94 1
38 93 1
39 93 1
40 92 1
41 91 1
42 91 1
43 90 1
45 90 1
46 90 1
47 89 1
48 89 1
49 88 1
50 88 1
51 87 1
52 87 1
53 87 1
54 86 1
55 86 1
56 85 1
57 85 1
58 85 1
59 85 1
60 85 1
61 84 1
62 83 1
62 82 1
62 81 1
61 80 1
60 79 1
59 78 1
58 77 1
57 76 1
57 75 1
56 74 1
55 73 1
54 73 1
53 72 1
52 72 1
51 73 1
50 74 1
49 75 1
49 76 1
48 77 1
48 78 1
47 79 1
47 80 1
47 81 1
46 82 1
45 83 1
45 84 1
44 85 1
44 86 1
43 87 1
43 88 1
43 89 1
.PEN_UP
.PEN_DOWN
80 70 1
79 71 1
78 72 1
78 73 1
77 74 1
76 75 1
76 76 1
76 77 1
76 78 1
76 79 1
.PEN_UP
.PEN_DOWN
32 105 1
31 104 1
30 103 1
29 104 1
28 105 1
28 106 1
27 107 1
27 108 1
27 109 1
27 110 1
28 111 1
28 112 1
28 113 1
28 114 1
29 115 1
29 116 1
30 117 1
30 118 1
31 119 1
32 120 1
33 120 1
34 121 1
35 121 1
36 121 1
37 121 1
38 121 1
39 121 1
40 121 1
41 121 1
42 120 1
43 120 1
44 119 1
45 118 1
46 117 1
47 117 1
50 118 1
51 119 1
52 120 1
53 121 1
54 122 1
55 123 1
56 124 1
56 125 1
57 126 1
57 127 1
57 128 1
57 129 1
56 130 1
55 130 1
54 130 1
53 131 1
50 132 1
49 132 1
48 133 1
47 133 1
46 134 1
45 134 1
44 135 1
43 136 1
42 136 1
41 136 1
40 137 1
39 137 1
38 138 1
37 138 1
36 138 1
35 139 1
34 139 1
33 140 1
32 140 1
31 140 1
30 141 1
29 141 1
28 141 1
27 141 1
26 142 1
25 143 1
26 145 1
27 146 1
28 146 1
29 146 1
30 147 1
31 147 1
.PEN_UP
.PEN_DOWN
24 144 1
23 145 1
22 145 1
21 146 1
21 147 1
20 148 1
21 149 1
21 150 1
21 151 1
22 152 1
23 152 1
24 153 1
25 154 1
26 154 1
27 154 1
28 155 1
29 155 1
30 155 1
31 156 1
32 157 1
33 158 1
33 159 1
34 160 1
34 161 1
34 162 1
34 163 1
36 164 1
37 164 1
38 164 1
39 164 1
40 163 1
41 163 1
42 162 1
43 162 1
44 161 1
45 161 1
46 160 1
47 160 1
48 159 1
49 159 1
50 158 1
51 158 1
52 158 1
53 157 1
54 156 1
55 156 1
56 156 1
57 155 1
58 155 1
59 154 1
60 153 1
61 153 1
62 152 1
62 151 1
.PEN_UP
.PEN_DOWN
34 164 1
33 166 1
32 167 1
31 167 1
30 168 1
29 168 1
28 169 1
27 169 1
.PEN_UP
.PEN_DOWN
27 172 1
27 173 1
26 176 1
26 177 1
26 178 1
26 179 1
26 180 1
26 181 1
26 182 1
26 183 1
26 184 1
26 185 1
27 186 1
27 187 1
27 188 1
27 189 1
27 190 1
26 191 1
27 192 1
27 193 1
27 194 1
27 195 1
27 196 1
26 197 1
26 198 1
26 199 1
26 200 1
26 201 1
26 202 1
26 203 1
26 204 1
26 205 1
26 206 1
26 207 1
26 208 1
26 209 1
26 210 1
26 211 1
26 212 1
26 213 1
26 214 1
26 215 1
26 216 1
26 217 1
25 218 1
25 219 1
.PEN_UP
.PEN_DOWN
27 174 1
29 174 1
30 175 1
31 175 1
.PEN_UP
.PEN_DOWN
48 116 1
48 115 1
48 114 1
48 113 1
48 112 1
48 111 1
48 110 1
48 109 1
47 108 1
46 108 1
.PEN_UP
