.PEN_DOWN
6 10 1
5 10 1
4 11 1
3 11 1
2 12 1
1 13 1
1 14 1
1 15 1
1 16 1
1 17 1
1 18 1
2 19 1
3 20 1
4 20 1
5 21 1
6 20 1
7 20 1
8 20 1
9 19 1
10 19 1
11 18 1
12 18 1
14 19 1
15 20 1
16 21 1
17 21 1
18 21 1
19 21 1
20 21 1
21 22 1
22 21 1
23 21 1
24 21 1
25 20 1
26 19 1
27 18 1
27 17 1
28 16 1
28 15 1
28 14 1
29 13 1
29 12 1
29 11 1
29 10 1
29 9 1
29 8 1
29 7 1
29 6 1
29 5 1
28 4 1
28 3 1
27 2 1
26 1 1
25 1 1
24 1 1
23 1 1
22 2 1
21 3 1
20 4 1
18 5 1
17 5 1
16 5 1
15 6 1
14 7 1
13 8 1
13 9 1
13 10 1
13 11 1
13 12 1
13 13 1
13 14 1
13 15 1
13 16 1
13 17 1
.PEN_UP
.PEN_DOWN
20 23 1
20 24 1
20 25 1
20 26 1
19 27 1
18 28 1
17 29 1
16 30 1
16 31 1
15 32 1
15 33 1
15 34 1
15 35 1
15 36 1
15 37 1
15 38 1
16 39 1
16 40 1
14 41 1
13 41 1
12 41 1
11 41 1
10 42 1
9 42 1
8 42 1
7 42 1
6 43 1
.PEN_UP
.PEN_DOWN
15 41 1
18 41 1
19 41 1
20 41 1
21 41 1
22 41 1
23 41 1
24 41 1
25 42 1
26 42 1
.PEN_UP
.PEN_DOWN
6 52 1
7 52 1
8 52 1
9 53 1
10 53 1
11 53 1
12 53 1
13 53 1
14 53 1
15 53 1
16 53 1
17 53 1
18 53 1
19 53 1
20 53 1
21 53 1
22 53 1
23 53 1
24 53 1
25 53 1
26 53 1
27 53 1
28 53 1
29 53 1
30 53 1
31 53 1
32 53 1
33 53 1
34 53 1
35 53 1
36 53 1
37 53 1
38 53 1
39 54 1
40 53 1
41 53 1
42 54 1
43 54 1
.PEN_UP
.PEN_DOWN
39 55 1
39 56 1
38 57 1
38 58 1
38 59 1
.PEN_UP
.PEN_DOWN
15 68 1
15 69 1
15 70 1
15 71 1
15 72 1
15 73 1
14 76 1
13 76 1
12 77 1
11 77 1
.PEN_UP
.PEN_DOWN
15 74 1
17 75 1
18 75 1
19 75 1
20 75 1
21 75 1
25 75 1
26 75 1
27 75 1
28 75 1
29 75 1
30 75 1
31 75 1
32 74 1
33 73 1
33 72 1
34 71 1
33 70 1
33 69 1
32 68 1
31 68 1
30 68 1
29 68 1
28 68 1
27 69 1
26 70 1
25 71 1
25 72 1
25 73 1
24 74 1
22 77 1
21 78 1
21 79 1
21 80 1
21 81 1
21 82 1
21 83 1
22 84 1
22 85 1
23 86 1
23 87 1
23 88 1
24 89 1
24 90 1
26 91 1
27 91 1
28 92 1
29 92 1
30 92 1
31 93 1
31 94 1
.PEN_UP
.PEN_DOWN
23 91 1
22 91 1
21 91 1
20 91 1
19 91 1
18 91 1
17 91 1
16 91 1
15 91 1
14 91 1
13 91 1
12 91 1
.PEN_UP
.PEN_DOWN
9 103 1
9 104 1
9 105 1
9 106 1
9 107 1
9 108 1
10 109 1
12 109 1
13 108 1
14 108 1
15 108 1
16 107 1
17 107 1
18 106 1
19 106 1
20 106 1
21 106 1
22 106 1
23 106 1
24 106 1
25 106 1
26 106 1
27 106 1
28 106 1
29 107 1
30 107 1
31 108 1
32 109 1
33 110 1
34 111 1
35 112 1
35 113 1
36 114 1
36 115 1
37 116 1
37 117 1
38 118 1
38 119 1
39 120 1
39 121 1
39 122 1
40 123 1
40 124 1
40 125 1
40 126 1
41 127 1
41 128 1
41 129 1
41 130 1
41 131 1
41 132 1
41 133 1
41 134 1
41 135 1
41 136 1
.PEN_UP
.PEN_DOWN
11 109 1
10 111 1
9 112 1
9 113 1
9 114 1
8 115 1
8 116 1
8 117 1
7 118 1
7 119 1
7 120 1
7 121 1
7 122 1
6 123 1
6 124 1
6 125 1
.PEN_UP
.PEN_DOWN
21 130 1
22 130 1
23 129 1
24 128 1
25 127 1
25 126 1
24 125 1
23 124 1
22 125 1
21 125 1
20 125 1
19 125 1
18 125 1
17 125 1
16 126 1
15 126 1
14 127 1
13 128 1
13 129 1
12 130 1
12 131 1
11 132 1
11 133 1
11 134 1
11 135 1
11 136 1
11 137 1
12 138 1
13 139 1
14 140 1
14 141 1
15 142 1
15 143 1
16 144 1
17 144 1
18 144 1
19 144 1
20 145 1
21 145 1
.PEN_UP
.PEN_DOWN
15 145 1
14 146 1
13 146 1
12 146 1
11 146 1
10 146 1
9 146 1
8 146 1
7 146 1
6 146 1
5 147 1
5 148 1
4 149 1
4 150 1
4 151 1
4 152 1
4 153 1
4 154 1
4 155 1
4 156 1
4 157 1
4 158 1
4 159 1
4 160 1
4 161 1
4 162 1
4 163 1
4 164 1
4 165 1
4 166 1
4 167 1
4 168 1
4 169 1
3 170 1
3 171 1
3 172 1
3 173 1
3 174 1
2 175 1
2 176 1
2 177 1
2 178 1
2 179 1
.PEN_UP
