.PEN_DOWN
9 1 1
8 1 1
7 2 1
6 3 1
6 4 1
6 5 1
6 6 1
6 7 1
6 8 1
6 9 1
6 10 1
5 11 1
5 12 1
5 13 1
5 14 1
5 15 1
5 16 1
5 17 1
5 18 1
5 19 1
5 20 1
5 21 1
5 22 1
5 23 1
5 24 1
5 25 1
5 26 1
5 27 1
5 28 1
5 29 1
5 32 1
4 33 1
4 34 1
4 35 1
4 36 1
4 37 1
4 38 1
4 39 1
4 40 1
4 41 1
4 42 1
4 43 1
4 44 1
4 45 1
4 46 1
4 47 1
4 48 1
4 49 1
4 50 1
4 51 1
4 52 1
5 53 1
7 54 1
8 54 1
9 54 1
10 55 1
11 55 1
12 55 1
13 55 1
14 55 1
15 55 1
16 55 1
17 55 1
18 56 1
19 56 1
20 56 1
21 56 1
22 56 1
23 57 1
24 57 1
25 57 1
26 57 1
27 58 1
28 58 1
29 58 1
30 59 1
31 59 1
32 59 1
33 59 1
34 59 1
35 59 1
36 59 1
37 59 1
38 59 1
38 57 1
38 56 1
38 55 1
38 54 1
38 53 1
38 52 1
38 51 1
38 50 1
38 49 1
37 48 1
37 47 1
37 46 1
37 45 1
37 44 1
37 43 1
37 42 1
36 41 1
36 40 1
36 39 1
35 38 1
35 37 1
34 36 1
33 35 1
33 34 1
33 33 1
33 32 1
33 31 1
33 30 1
33 29 1
33 28 1
33 27 1
33 26 1
33 25 1
33 24 1
33 23 1
33 22 1
33 21 1
33 20 1
33 19 1
33 18 1
33 17 1
33 16 1
33 15 1
33 14 1
33 13 1
34 12 1
34 11 1
34 10 1
34 9 1
34 8 1
33 7 1
33 6 1
32 5 1
31 5 1
30 5 1
29 6 1
28 6 1
27 7 1
26 8 1
26 9 1
25 10 1
24 11 1
24 12 1
23 13 1
22 14 1
22 15 1
21 16 1
20 17 1
20 18 1
19 19 1
19 20 1
18 21 1
18 22 1
17 23 1
16 24 1
15 25 1
14 26 1
14 27 1
13 28 1
12 29 1
11 30 1
10 30 1
9 30 1
8 30 1
7 30 1
6 30 1
.PEN_UP
.PEN_DOWN
36 36 1
37 36 1
38 35 1
39 34 1
40 33 1
41 32 1
41 31 1
42 30 1
43 29 1
43 28 1
43 27 1
44 26 1
45 25 1
45 24 1
46 23 1
46 22 1
47 21 1
47 20 1
48 19 1
48 18 1
49 17 1
49 16 1
50 15 1
51 14 1
51 13 1
.PEN_UP
.PEN_DOWN
5 54 1
5 56 1
4 57 1
4 58 1
4 59 1
4 60 1
4 61 1
4 62 1
4 63 1
4 64 1
4 65 1
4 66 1
4 67 1
4 68 1
4 69 1
4 70 1
4 71 1
4 72 1
4 73 1
4 74 1
4 75 1
4 76 1
4 77 1
4 78 1
4 79 1
4 80 1
4 81 1
4 82 1
4 83 1
4 84 1
4 85 1
4 86 1
4 87 1
4 88 1
4 89 1
4 90 1
4 91 1
4 92 1
4 93 1
4 94 1
4 95 1
4 96 1
4 97 1
4 98 1
4 99 1
4 100 1
4 101 1
5 102 1
6 103 1
7 102 1
8 102 1
9 102 1
10 101 1
11 101 1
12 100 1
13 99 1
13 98 1
14 97 1
15 96 1
16 95 1
16 94 1
17 93 1
18 92 1
19 91 1
20 91 1
21 90 1
22 90 1
23 90 1
24 91 1
25 92 1
25 93 1
25 94 1
25 95 1
25 96 1
25 97 1
25 98 1
26 99 1
26 100 1
26 101 1
27 102 1
27 103 1
28 104 1
29 103 1
30 103 1
31 103 1
32 102 1
33 102 1
34 101 1
35 100 1
36 100 1
37 100 1
38 101 1
39 101 1
40 101 1
41 102 1
41 103 1
41 104 1
41 105 1
41 106 1
40 107 1
40 108 1
39 109 1
39 110 1
38 111 1
38 112 1
37 113 1
36 113 1
35 114 1
34 114 1
33 114 1
32 114 1
31 113 1
30 113 1
29 112 1
28 111 1
26 111 1
25 112 1
24 113 1
23 114 1
23 115 1
23 116 1
23 117 1
23 118 1
23 119 1
24 120 1
24 121 1
25 122 1
26 123 1
27 124 1
27 125 1
28 126 1
28 127 1
29 128 1
31 129 1
32 130 1
33 130 1
34 130 1
35 130 1
36 130 1
37 131 1
38 131 1
39 131 1
40 131 1
.PEN_UP
.PEN_DOWN
28 129 1
27 130 1
26 130 1
25 130 1
24 130 1
23 130 1
22 130 1
21 130 1
20 130 1
19 130 1
18 130 1
17 130 1
16 130 1
15 130 1
14 129 1
13 129 1
12 129 1
11 129 1
10 129 1
9 129 1
8 129 1
7 129 1
6 129 1
4 131 1
4 132 1
4 133 1
4 134 1
4 135 1
4 136 1
4 137 1
3 138 1
3 139 1
3 140 1
4 141 1
4 142 1
3 144 1
2 145 1
2 146 1
2 147 1
2 148 1
2 149 1
2 150 1
2 151 1
2 152 1
2 153 1
2 154 1
2 155 1
2 156 1
2 157 1
1 158 1
1 159 1
1 160 1
1 161 1
1 162 1
1 163 1
1 164 1
1 165 1
1 166 1
1 167 1
1 168 1
1 169 1
1 170 1
1 171 1
1 172 1
1 173 1
1 174 1
1 175 1
1 176 1
1 177 1
1 178 1
1 179 1
2 180 1
4 181 1
5 182 1
6 182 1
7 182 1
8 182 1
9 182 1
10 183 1
11 183 1
12 183 1
13 183 1
14 183 1
15 184 1
16 184 1
17 184 1
18 184 1
19 184 1
20 184 1
21 185 1
22 185 1
23 185 1
24 185 1
25 185 1
26 184 1
27 184 1
28 184 1
29 183 1
29 182 1
30 181 1
30 180 1
31 179 1
31 178 1
31 177 1
31 176 1
31 175 1
31 174 1
31 173 1
31 172 1
31 171 1
32 170 1
32 169 1
32 168 1
32 167 1
32 166 1
32 165 1
32 164 1
32 163 1
32 162 1
32 161 1
31 160 1
31 159 1
31 158 1
31 157 1
30 156 1
30 155 1
29 154 1
28 153 1
27 153 1
26 153 1
25 154 1
24 155 1
23 156 1
23 157 1
22 158 1
22 159 1
22 160 1
22 161 1
21 162 1
20 163 1
19 164 1
17 163 1
16 163 1
15 162 1
15 161 1
14 160 1
14 159 1
14 158 1
13 157 1
13 156 1
12 155 1
12 154 1
11 153 1
11 152 1
10 151 1
10 150 1
9 149 1
9 148 1
9 147 1
9 146 1
9 145 1
8 144 1
7 144 1
6 144 1
5 143 1
.PEN_UP
.PEN_DOWN
18 164 1
19 166 1
19 167 1
19 168 1
19 169 1
.PEN_UP
.PEN_DOWN
2 181 1
2 183 1
2 184 1
2 185 1
2 186 1
2 187 1
2 188 1
2 189 1
1 190 1
1 191 1
1 192 1
1 193 1
1 194 1
1 195 1
1 196 1
2 197 1
2 198 1
2 199 1
2 200 1
2 201 1
2 202 1
2 203 1
2 204 1
1 205 1
1 206 1
2 207 1
2 208 1
2 209 1
2 210 1
1 211 1
1 212 1
2 213 1
2 214 1
.PEN_UP
.PEN_DOWN
5 128 1
5 127 1
5 126 1
5 125 1
5 124 1
5 123 1
5 122 1
5 121 1
5 120 1
5 119 1
5 118 1
5 117 1
5 116 1
5 115 1
5 114 1
5 113 1
5 112 1
5 111 1
5 110 1
5 109 1
5 108 1
5 107 1
5 106 1
5 105 1
5 104 1
.PEN_UP
.PEN_DOWN
28 110 1
28 109 1
28 108 1
28 107 1
28 106 1
28 105 1
.PEN_UP
.PEN_DOWN
51 173 1
50 173 1
49 173 1
48 173 1
47 173 1
46 174 1
45 174 1
44 175 1
43 176 1
43 177 1
42 178 1
41 178 1
40 179 1
39 180 1
39 181 1
38 182 1
37 183 1
.PEN_UP
