.PEN_DOWN
34 1 1
33 2 1
33 3 1
33 4 1
33 5 1
33 6 1
32 7 1
32 8 1
32 9 1
32 10 1
32 11 1
31 12 1
31 13 1
31 14 1
31 15 1
31 16 1
31 17 1
30 18 1
30 19 1
30 20 1
30 21 1
30 22 1
30 23 1
30 24 1
30 25 1
30 26 1
30 27 1
30 28 1
30 29 1
29 30 1
29 31 1
29 32 1
29 33 1
29 34 1
29 35 1
29 36 1
29 37 1
29 38 1
29 39 1
29 40 1
29 41 1
29 42 1
29 43 1
29 44 1
29 45 1
29 46 1
29 47 1
30 48 1
31 47 1
32 47 1
33 47 1
34 47 1
35 46 1
36 46 1
37 46 1
38 45 1
39 44 1
40 44 1
41 43 1
42 43 1
43 42 1
44 42 1
45 43 1
46 43 1
47 42 1
48 42 1
49 42 1
50 42 1
51 42 1
52 42 1
53 42 1
54 42 1
55 42 1
56 42 1
57 42 1
58 41 1
59 41 1
61 42 1
62 42 1
63 42 1
64 42 1
65 43 1
66 43 1
67 44 1
.PEN_UP
.PEN_DOWN
60 40 1
60 39 1
59 38 1
59 37 1
59 36 1
59 35 1
59 34 1
58 33 1
58 32 1
58 31 1
58 30 1
58 29 1
58 28 1
57 27 1
56 28 1
55 28 1
54 29 1
53 29 1
52 30 1
51 31 1
50 32 1
50 33 1
49 34 1
48 35 1
47 36 1
46 37 1
46 38 1
45 39 1
45 40 1
45 41 1
.PEN_UP
.PEN_DOWN
58 26 1
58 25 1
58 24 1
58 23 1
59 22 1
59 21 1
.PEN_UP
.PEN_DOWN
30 49 1
30 50 1
30 51 1
29 52 1
29 53 1
29 54 1
29 55 1
29 56 1
29 57 1
29 58 1
30 59 1
31 60 1
32 61 1
33 62 1
34 63 1
35 64 1
36 64 1
37 65 1
38 65 1
39 65 1
40 65 1
41 66 1
42 66 1
43 66 1
44 66 1
45 66 1
46 65 1
47 65 1
48 65 1
49 65 1
50 64 1
51 63 1
52 62 1
53 61 1
53 60 1
53 59 1
54 58 1
53 57 1
52 57 1
51 57 1
50 57 1
49 57 1
48 57 1
47 58 1
46 59 1
45 60 1
44 61 1
.PEN_UP
.PEN_DOWN
29 76 1
28 76 1
27 75 1
26 75 1
25 74 1
24 73 1
23 73 1
22 72 1
21 72 1
20 71 1
19 71 1
18 71 1
17 71 1
16 71 1
15 71 1
14 71 1
13 71 1
12 72 1
11 72 1
10 73 1
9 74 1
8 75 1
7 76 1
6 77 1
5 78 1
4 79 1
3 80 1
3 81 1
2 82 1
2 83 1
2 84 1
1 85 1
1 86 1
1 87 1
1 88 1
1 89 1
1 90 1
2 91 1
2 92 1
2 93 1
3 94 1
3 95 1
3 96 1
4 97 1
5 98 1
6 99 1
7 100 1
8 101 1
9 102 1
10 103 1
11 104 1
12 105 1
13 106 1
14 106 1
15 107 1
16 107 1
17 107 1
18 108 1
19 108 1
20 108 1
21 108 1
22 109 1
23 109 1
24 109 1
25 109 1
26 109 1
27 109 1
28 109 1
29 109 1
30 109 1
31 109 1
33 107 1
33 106 1
34 105 1
35 104 1
35 103 1
36 102 1
37 101 1
38 100 1
39 100 1
40 99 1
.PEN_UP
.PEN_DOWN
32 108 1
32 111 1
32 112 1
33 113 1
34 114 1
35 115 1
35 116 1
36 117 1
37 118 1
39 119 1
40 119 1
41 119 1
42 119 1
43 119 1
44 119 1
45 119 1
46 119 1
47 119 1
48 119 1
49 119 1
50 119 1
51 118 1
53 119 1
54 119 1
55 119 1
56 120 1
57 120 1
58 120 1
59 120 1
60 121 1
61 121 1
.PEN_UP
.PEN_DOWN
52 117 1
52 116 1
52 115 1
52 114 1
51 113 1
51 112 1
51 111 1
51 110 1
51 109 1
51 108 1
52 107 1
52 106 1
52 105 1
52 104 1
.PEN_UP
.PEN_DOWN
37 119 1
36 120 1
35 121 1
34 121 1
33 121 1
32 121 1
31 121 1
30 121 1
.PEN_UP
.PEN_DOWN
33 81 1
34 81 1
35 82 1
36 82 1
37 82 1
38 82 1
39 82 1
40 82 1
41 82 1
42 82 1
43 83 1
44 83 1
45 82 1
46 82 1
47 82 1
48 82 1
49 82 1
50 82 1
51 82 1
52 82 1
53 82 1
54 82 1
55 82 1
56 81 1
57 81 1
58 81 1
59 81 1
60 81 1
61 81 1
62 80 1
63 80 1
64 79 1
.PEN_UP
.PEN_DOWN
73 105 1
73 106 1
73 107 1
72 108 1
72 109 1
72 110 1
.PEN_UP
.PEN_DOWN
58 144 1
59 143 1
60 142 1
61 141 1
61 140 1
62 139 1
62 138 1
62 137 1
62 136 1
62 135 1
62 134 1
61 133 1
60 132 1
59 132 1
58 132 1
57 132 1
56 132 1
55 133 1
54 133 1
53 134 1
52 134 1
51 135 1
50 136 1
49 137 1
48 138 1
47 139 1
46 140 1
46 141 1
45 142 1
45 143 1
46 144 1
46 145 1
46 146 1
46 147 1
47 148 1
48 149 1
48 150 1
49 151 1
50 152 1
52 153 1
53 153 1
54 153 1
55 153 1
56 153 1
57 153 1
58 153 1
59 153 1
60 154 1
61 154 1
.PEN_UP
.PEN_DOWN
50 153 1
49 155 1
49 156 1
48 157 1
48 158 1
47 159 1
47 160 1
47 161 1
48 162 1
48 163 1
48 164 1
49 165 1
50 166 1
51 167 1
51 168 1
51 169 1
52 170 1
52 171 1
54 173 1
55 173 1
56 174 1
57 174 1
58 174 1
59 175 1
60 175 1
61 176 1
.PEN_UP
.PEN_DOWN
51 172 1
50 172 1
49 172 1
48 172 1
47 172 1
46 172 1
45 172 1
44 172 1
43 172 1
42 172 1
41 172 1
40 172 1
39 172 1
38 172 1
37 172 1
36 171 1
35 171 1
34 171 1
33 171 1
32 171 1
31 171 1
30 171 1
29 171 1
28 171 1
27 171 1
27 169 1
27 168 1
27 167 1
27 166 1
27 165 1
27 164 1
27 163 1
28 162 1
28 161 1
28 160 1
28 159 1
28 158 1
28 157 1
29 156 1
29 155 1
30 154 1
.PEN_UP
.PEN_DOWN
26 170 1
25 172 1
25 173 1
25 174 1
25 175 1
25 176 1
24 177 1
24 178 1
24 179 1
24 180 1
24 181 1
24 182 1
24 183 1
24 184 1
24 185 1
24 186 1
24 187 1
23 188 1
23 189 1
23 190 1
23 191 1
23 192 1
23 193 1
23 194 1
23 195 1
23 196 1
23 197 1
22 198 1
22 199 1
22 200 1
22 201 1
22 202 1
22 203 1
21 204 1
.PEN_UP
