.PEN_DOWN
4 4 1
3 5 1
6 7 1
7 7 1
8 7 1
9 7 1
10 7 1
11 7 1
12 7 1
13 7 1
14 7 1
15 7 1
16 7 1
17 8 1
19 6 1
20 6 1
21 6 1
22 6 1
23 6 1
24 5 1
25 5 1
26 5 1
27 5 1
28 5 1
29 5 1
30 5 1
31 5 1
32 5 1
33 5 1
34 5 1
35 5 1
36 5 1
37 6 1
37 7 1
37 8 1
38 9 1
38 10 1
38 11 1
38 12 1
39 13 1
40 12 1
41 12 1
42 11 1
43 11 1
44 10 1
45 9 1
46 8 1
46 7 1
47 6 1
48 5 1
51 5 1
52 6 1
53 7 1
54 8 1
55 9 1
56 10 1
56 11 1
57 12 1
58 13 1
59 14 1
60 15 1
60 16 1
61 17 1
62 18 1
63 19 1
64 20 1
65 21 1
66 22 1
66 23 1
67 24 1
68 25 1
68 26 1
69 27 1
69 28 1
70 29 1
70 30 1
71 31 1
71 32 1
71 33 1
71 34 1
.PEN_UP
.PEN_DOWN
49 4 1
49 3 1
49 2 1
50 1 1
.PEN_UP
.PEN_DOWN
39 14 1
38 15 1
37 16 1
36 17 1
35 18 1
34 19 1
33 20 1
32 21 1
31 21 1
30 21 1
29 20 1
28 20 1
27 20 1
26 20 1
25 19 1
24 19 1
23 18 1
22 18 1
21 17 1
20 16 1
19 15 1
19 14 1
18 13 1
18 12 1
18 11 1
18 10 1
18 9 1
.PEN_UP
.PEN_DOWN
4 6 1
4 9 1
4 10 1
4 11 1
4 12 1
3 13 1
.PEN_UP
.PEN_DOWN
13 34 1
12 34 1
11 34 1
10 34 1
9 34 1
8 35 1
8 36 1
8 37 1
8 38 1
8 39 1
9 40 1
9 41 1
10 42 1
10 43 1
11 44 1
11 45 1
12 46 1
13 47 1
14 47 1
15 48 1
16 48 1
17 49 1
18 49 1
19 49 1
20 49 1
21 49 1
22 49 1
23 49 1
24 49 1
25 49 1
26 49 1
27 48 1
29 49 1
30 50 1
31 51 1
32 52 1
33 52 1
34 53 1
35 54 1
35 55 1
35 56 1
36 57 1
36 58 1
35 59 1
34 59 1
33 59 1
32 59 1
31 60 1
30 60 1
29 60 1
28 60 1
27 60 1
26 60 1
25 60 1
24 60 1
23 60 1
22 60 1
21 61 1
20 61 1
19 61 1
18 61 1
17 61 1
16 61 1
15 61 1
14 61 1
13 61 1
12 61 1
11 61 1
10 61 1
9 61 1
8 61 1
7 61 1
6 61 1
5 62 1
4 63 1
3 64 1
3 65 1
3 66 1
3 67 1
3 68 1
3 69 1
3 70 1
3 71 1
3 72 1
3 73 1
3 74 1
3 75 1
3 76 1
3 77 1
2 78 1
2 79 1
2 80 1
2 81 1
2 82 1
2 83 1
2 84 1
2 85 1
2 86 1
2 87 1
1 88 1
1 89 1
1 90 1
1 91 1
1 92 1
1 93 1
1 94 1
1 95 1
1 96 1
.PEN_UP
.PEN_DOWN
28 47 1
29 46 1
29 45 1
29 44 1
30 43 1
30 42 1
31 41 1
32 40 1
33 39 1
34 38 1
35 37 1
36 36 1
.PEN_UP
.PEN_DOWN
51 43 1
50 44 1
51 45 1
51 47 1
51 48 1
51 49 1
.PEN_UP
