.PEN_DOWN
76 43 1
75 43 1
74 42 1
73 43 1
72 43 1
71 43 1
70 43 1
69 43 1
68 42 1
67 42 1
66 42 1
65 42 1
64 42 1
63 42 1
62 42 1
61 41 1
60 41 1
59 41 1
58 41 1
57 40 1
54 40 1
53 40 1
52 40 1
51 39 1
50 39 1
49 38 1
48 38 1
47 38 1
46 37 1
45 37 1
44 37 1
43 35 1
43 34 1
43 33 1
43 32 1
44 31 1
45 30 1
46 29 1
47 28 1
48 27 1
49 27 1
50 26 1
51 26 1
52 26 1
53 26 1
54 26 1
55 27 1
56 28 1
57 29 1
57 30 1
57 31 1
57 32 1
57 33 1
56 34 1
56 35 1
56 36 1
56 37 1
56 38 1
56 39 1
.PEN_UP
.PEN_DOWN
43 36 1
42 38 1
41 39 1
41 40 1
41 41 1
41 42 1
41 43 1
41 44 1
41 45 1
41 46 1
40 47 1
40 48 1
40 49 1
40 50 1
40 51 1
40 52 1
39 53 1
39 54 1
39 55 1
39 56 1
39 57 1
39 58 1
39 59 1
39 60 1
39 61 1
39 62 1
39 63 1
38 64 1
38 65 1
39 66 1
39 67 1
39 68 1
40 69 1
41 70 1
42 70 1
43 69 1
44 69 1
45 69 1
46 68 1
47 67 1
48 67 1
49 66 1
50 65 1
51 64 1
52 63 1
53 62 1
54 61 1
55 61 1
56 60 1
57 59 1
58 59 1
59 58 1
60 57 1
61 56 1
62 56 1
63 56 1
64 55 1
65 55 1
66 54 1
67 54 1
68 53 1
69 53 1
70 52 1
71 52 1
72 52 1
73 52 1
74 52 1
75 53 1
76 54 1
76 55 1
76 56 1
76 57 1
76 58 1
76 59 1
76 60 1
76 61 1
76 62 1
76 63 1
76 64 1
76 65 1
76 66 1
76 67 1
76 68 1
76 69 1
74 70 1
73 70 1
72 70 1
71 70 1
70 70 1
69 70 1
68 70 1
67 70 1
66 70 1
65 71 1
64 71 1
63 71 1
62 71 1
61 71 1
60 72 1
59 72 1
58 72 1
57 73 1
56 73 1
55 74 1
54 74 1
53 75 1
52 76 1
51 77 1
51 78 1
51 79 1
51 80 1
52 81 1
53 82 1
54 82 1
55 83 1
56 83 1
57 83 1
58 84 1
59 84 1
60 84 1
61 85 1
62 86 1
63 86 1
.PEN_UP
.PEN_DOWN
75 70 1
78 70 1
79 70 1
80 70 1
81 70 1
82 70 1
83 70 1
84 71 1
85 71 1
.PEN_UP
.PEN_DOWN
74 41 1
74 40 1
73 39 1
73 38 1
73 37 1
72 36 1
72 35 1
71 34 1
71 33 1
71 32 1
71 31 1
71 30 1
71 29 1
72 28 1
72 27 1
72 26 1
73 25 1
73 24 1
74 23 1
74 22 1
75 21 1
75 20 1
76 19 1
77 18 1
77 17 1
78 16 1
79 15 1
80 14 1
81 13 1
82 12 1
83 11 1
84 10 1
85 9 1
86 9 1
87 8 1
88 7 1
89 6 1
90 5 1
91 4 1
92 3 1
93 2 1
94 1 1
.PEN_UP
.PEN_DOWN
40 78 1
40 79 1
39 80 1
39 81 1
39 82 1
38 83 1
38 84 1
39 85 1
39 86 1
39 87 1
39 88 1
39 89 1
40 90 1
40 91 1
41 92 1
41 93 1
41 94 1
42 95 1
43 96 1
43 97 1
43 98 1
44 99 1
45 99 1
46 99 1
47 99 1
48 99 1
49 98 1
50 98 1
51 98 1
52 98 1
53 97 1
54 97 1
55 97 1
56 97 1
57 97 1
58 96 1
59 96 1
60 96 1
61 96 1
62 96 1
63 96 1
64 96 1
65 95 1
66 95 1
67 95 1
68 95 1
69 95 1
70 95 1
71 95 1
72 95 1
73 95 1
74 95 1
75 95 1
76 95 1
77 96 1
78 96 1
79 96 1
80 97 1
81 98 1
82 99 1
82 100 1
82 101 1
82 102 1
82 103 1
81 104 1
81 105 1
80 106 1
79 107 1
78 108 1
77 109 1
76 110 1
75 110 1
74 111 1
73 111 1
72 111 1
71 112 1
70 112 1
69 112 1
68 113 1
67 113 1
66 113 1
65 113 1
64 114 1
63 114 1
62 114 1
61 114 1
60 114 1
59 114 1
58 114 1
57 114 1
56 114 1
55 114 1
54 114 1
53 114 1
52 113 1
51 113 1
50 113 1
49 113 1
48 113 1
47 113 1
46 113 1
43 113 1
42 113 1
41 113 1
40 113 1
39 113 1
38 113 1
37 114 1
36 114 1
35 115 1
34 115 1
33 116 1
32 117 1
31 117 1
30 118 1
29 119 1
28 120 1
27 120 1
26 121 1
25 121 1
24 122 1
23 122 1
22 122 1
21 123 1
20 123 1
19 123 1
18 123 1
17 123 1
16 123 1
15 123 1
14 124 1
13 124 1
12 125 1
11 125 1
.PEN_UP
.PEN_DOWN
45 113 1
45 115 1
45 116 1
44 117 1
44 118 1
44 119 1
44 120 1
44 121 1
43 122 1
43 123 1
43 124 1
43 125 1
43 126 1
43 127 1
43 128 1
43 129 1
43 130 1
43 131 1
43 132 1
44 133 1
46 134 1
47 133 1
48 133 1
49 133 1
50 133 1
51 133 1
52 133 1
53 133 1
54 133 1
55 133 1
56 133 1
57 133 1
58 132 1
59 132 1
60 132 1
61 132 1
62 132 1
63 132 1
64 132 1
65 131 1
66 131 1
67 131 1
68 131 1
69 131 1
70 131 1
71 131 1
72 131 1
73 130 1
74 130 1
75 130 1
76 129 1
77 129 1
78 130 1
79 130 1
80 130 1
81 130 1
82 130 1
.PEN_UP
.PEN_DOWN
44 134 1
43 136 1
42 137 1
41 138 1
40 138 1
39 138 1
38 139 1
38 140 1
38 141 1
38 142 1
38 143 1
38 144 1
38 145 1
37 146 1
37 147 1
37 148 1
37 149 1
37 150 1
37 151 1
37 152 1
37 153 1
37 154 1
36 155 1
36 156 1
36 157 1
36 158 1
36 159 1
36 160 1
35 161 1
35 162 1
35 163 1
35 164 1
35 165 1
35 166 1
35 167 1
34 168 1
34 169 1
34 170 1
34 171 1
34 172 1
34 173 1
34 174 1
33 175 1
33 176 1
33 177 1
33 178 1
33 179 1
33 180 1
34 181 1
34 182 1
34 183 1
34 184 1
34 185 1
34 186 1
33 187 1
.PEN_UP
.PEN_DOWN
2 148 1
2 149 1
2 150 1
2 151 1
3 152 1
4 152 1
5 153 1
6 154 1
6 155 1
7 156 1
7 157 1
7 158 1
7 159 1
7 160 1
7 161 1
7 162 1
7 163 1
7 164 1
7 165 1
6 166 1
5 166 1
4 166 1
3 166 1
2 165 1
2 164 1
1 163 1
1 162 1
1 161 1
1 160 1
.PEN_UP
