.PEN_DOWN
25 36 1
25 37 1
25 38 1
25 39 1
26 40 1
27 41 1
28 42 1
29 43 1
30 44 1
31 44 1
32 45 1
33 46 1
33 47 1
34 48 1
34 49 1
34 50 1
33 51 1
32 52 1
31 53 1
30 53 1
29 53 1
28 54 1
27 55 1
26 55 1
25 56 1
24 56 1
23 57 1
22 58 1
21 59 1
20 59 1
19 60 1
18 60 1
17 61 1
.PEN_UP
.PEN_DOWN
9 45 1
8 44 1
7 44 1
6 44 1
5 44 1
4 44 1
3 45 1
2 46 1
1 47 1
1 48 1
1 49 1
2 50 1
2 51 1
2 52 1
2 53 1
2 54 1
3 55 1
3 56 1
4 57 1
5 58 1
.PEN_UP
.PEN_DOWN
40 32 1
41 32 1
42 33 1
43 33 1
44 33 1
45 33 1
46 33 1
47 34 1
48 34 1
49 34 1
50 34 1
51 34 1
52 34 1
53 34 1
54 34 1
56 37 1
57 37 1
58 37 1
59 37 1
60 37 1
61 37 1
62 38 1
63 38 1
64 39 1
65 39 1
66 39 1
67 39 1
68 39 1
69 39 1
70 39 1
71 39 1
72 40 1
73 40 1
74 41 1
75 41 1
76 41 1
77 41 1
78 42 1
79 42 1
80 43 1
.PEN_UP
.PEN_DOWN
55 33 1
56 32 1
56 31 1
57 30 1
58 29 1
59 29 1
60 29 1
61 28 1
61 27 1
61 26 1
63 25 1
64 24 1
65 23 1
66 22 1
67 21 1
67 20 1
68 19 1
68 18 1
69 17 1
70 17 1
71 16 1
72 15 1
73 14 1
73 13 1
73 12 1
74 11 1
74 10 1
73 9 1
73 8 1
73 7 1
72 6 1
71 5 1
70 4 1
69 3 1
68 2 1
67 2 1
66 1 1
65 1 1
64 1 1
63 2 1
62 2 1
61 3 1
60 3 1
59 4 1
58 5 1
58 6 1
58 7 1
57 8 1
57 9 1
57 10 1
57 11 1
59 13 1
60 13 1
61 13 1
62 14 1
63 14 1
64 14 1
65 15 1
66 16 1
67 17 1
.PEN_UP
.PEN_DOWN
57 12 1
56 14 1
56 15 1
56 16 1
56 17 1
57 18 1
57 19 1
57 20 1
58 21 1
59 22 1
59 23 1
60 24 1
61 25 1
.PEN_UP
.PEN_DOWN
55 34 1
54 37 1
53 38 1
53 39 1
52 40 1
52 41 1
52 42 1
51 43 1
51 44 1
50 45 1
50 46 1
50 47 1
50 48 1
49 49 1
49 50 1
49 51 1
48 52 1
48 53 1
48 54 1
48 55 1
48 56 1
48 57 1
48 58 1
48 59 1
46 60 1
45 60 1
44 59 1
43 59 1
.PEN_UP
.PEN_DOWN
47 60 1
49 61 1
50 61 1
51 62 1
52 62 1
53 62 1
54 63 1
55 63 1
56 63 1
57 63 1
58 63 1
59 63 1
60 64 1
61 64 1
62 64 1
63 64 1
64 64 1
65 64 1
66 64 1
67 65 1
68 65 1
69 65 1
70 65 1
71 65 1
72 65 1
73 65 1
74 65 1
75 65 1
76 66 1
77 66 1
78 67 1
79 67 1
.PEN_UP
.PEN_DOWN
49 71 1
48 71 1
47 72 1
46 73 1
45 74 1
44 75 1
44 76 1
44 77 1
44 78 1
44 79 1
44 80 1
44 81 1
44 82 1
44 83 1
44 84 1
44 85 1
43 86 1
43 87 1
44 88 1
45 89 1
46 90 1
47 90 1
48 90 1
49 91 1
50 91 1
51 91 1
52 91 1
53 91 1
54 91 1
55 91 1
56 91 1
57 91 1
58 91 1
59 91 1
60 91 1
61 91 1
62 91 1
63 91 1
64 91 1
65 91 1
66 91 1
67 92 1
68 93 1
70 94 1
71 94 1
72 94 1
73 94 1
74 95 1
75 95 1
76 95 1
77 95 1
78 96 1
79 97 1
79 98 1
80 99 1
80 100 1
80 101 1
79 102 1
79 103 1
78 104 1
77 104 1
76 104 1
75 105 1
74 105 1
73 105 1
72 104 1
71 104 1
70 103 1
69 102 1
69 101 1
69 100 1
69 99 1
68 98 1
68 97 1
68 96 1
68 95 1
.PEN_UP
