.PEN_DOWN
26 9 1
25 9 1
24 10 1
23 10 1
22 11 1
21 12 1
21 13 1
20 14 1
20 15 1
20 16 1
20 17 1
20 18 1
20 19 1
20 20 1
20 21 1
20 22 1
20 23 1
20 24 1
20 25 1
20 26 1
20 27 1
21 28 1
21 29 1
21 30 1
22 31 1
23 32 1
24 33 1
25 33 1
26 33 1
27 32 1
28 32 1
29 31 1
30 31 1
31 30 1
32 29 1
33 28 1
34 27 1
35 26 1
36 25 1
38 24 1
39 24 1
40 24 1
41 24 1
42 23 1
43 23 1
44 23 1
45 22 1
46 22 1
47 22 1
48 21 1
49 21 1
50 20 1
52 20 1
53 21 1
54 21 1
.PEN_UP
.PEN_DOWN
50 19 1
50 18 1
49 17 1
49 16 1
48 15 1
48 14 1
47 13 1
47 12 1
47 11 1
47 10 1
47 9 1
47 8 1
46 7 1
45 6 1
44 7 1
43 8 1
42 9 1
41 10 1
41 11 1
41 12 1
40 13 1
40 14 1
39 15 1
39 16 1
38 17 1
38 18 1
37 19 1
37 20 1
36 21 1
36 22 1
36 23 1
.PEN_UP
.PEN_DOWN
46 5 1
46 4 1
46 3 1
47 2 1
47 1 1
.PEN_UP
.PEN_DOWN
23 34 1
23 35 1
22 36 1
21 37 1
21 38 1
20 39 1
20 40 1
20 41 1
20 42 1
21 43 1
22 44 1
23 45 1
24 46 1
24 47 1
25 48 1
26 49 1
27 50 1
29 50 1
30 51 1
31 51 1
32 51 1
33 50 1
34 50 1
35 50 1
36 50 1
37 50 1
38 50 1
39 50 1
40 50 1
41 50 1
42 50 1
43 50 1
44 50 1
45 50 1
46 50 1
47 49 1
48 49 1
49 49 1
50 48 1
51 48 1
52 48 1
53 49 1
54 49 1
.PEN_UP
.PEN_DOWN
28 50 1
26 52 1
25 53 1
24 54 1
23 54 1
22 54 1
21 55 1
20 55 1
19 55 1
18 56 1
17 56 1
16 56 1
15 57 1
14 57 1
13 58 1
12 58 1
11 59 1
10 59 1
9 60 1
8 60 1
7 61 1
6 62 1
5 63 1
4 64 1
4 65 1
3 66 1
3 67 1
2 68 1
2 69 1
2 70 1
2 71 1
1 72 1
1 73 1
1 74 1
1 75 1
2 76 1
2 77 1
2 78 1
2 79 1
3 80 1
4 80 1
5 81 1
6 81 1
7 82 1
8 82 1
9 82 1
10 82 1
11 82 1
.PEN_UP
.PEN_DOWN
51 81 1
51 80 1
51 79 1
51 78 1
51 77 1
51 76 1
51 75 1
50 74 1
50 73 1
50 72 1
49 71 1
48 71 1
47 71 1
46 71 1
45 71 1
44 72 1
43 73 1
42 74 1
41 74 1
40 75 1
39 76 1
39 77 1
38 78 1
38 79 1
37 80 1
37 81 1
37 82 1
37 83 1
37 84 1
37 85 1
37 86 1
37 87 1
37 88 1
37 89 1
38 90 1
39 91 1
40 92 1
40 93 1
41 94 1
42 94 1
43 94 1
44 93 1
45 93 1
46 93 1
47 93 1
48 93 1
49 93 1
50 93 1
51 92 1
52 92 1
53 93 1
54 93 1
.PEN_UP
.PEN_DOWN
40 95 1
40 96 1
39 97 1
38 98 1
37 98 1
36 99 1
35 100 1
34 101 1
34 102 1
34 103 1
33 104 1
34 105 1
34 106 1
34 107 1
35 108 1
36 109 1
37 110 1
37 111 1
39 112 1
40 112 1
41 112 1
42 112 1
43 112 1
44 112 1
45 112 1
46 112 1
47 112 1
48 112 1
49 112 1
.PEN_UP
.PEN_DOWN
37 112 1
36 114 1
35 115 1
34 115 1
33 116 1
32 117 1
31 117 1
30 118 1
29 119 1
28 119 1
27 120 1
26 121 1
25 122 1
24 123 1
24 124 1
23 125 1
22 126 1
22 127 1
22 128 1
22 129 1
22 130 1
22 131 1
22 132 1
22 133 1
22 134 1
22 135 1
22 136 1
22 137 1
23 138 1
24 139 1
25 140 1
26 141 1
27 141 1
28 142 1
29 142 1
30 142 1
31 142 1
32 142 1
33 142 1
34 141 1
35 141 1
36 140 1
37 140 1
38 139 1
39 139 1
40 138 1
41 137 1
42 136 1
43 135 1
44 134 1
47 135 1
47 136 1
47 137 1
48 138 1
48 139 1
48 140 1
49 141 1
49 142 1
50 143 1
51 144 1
52 145 1
53 146 1
54 147 1
55 148 1
55 149 1
55 150 1
56 151 1
58 152 1
59 152 1
60 153 1
61 153 1
62 154 1
.PEN_UP
.PEN_DOWN
55 152 1
54 153 1
53 153 1
52 153 1
51 153 1
50 154 1
49 154 1
48 154 1
47 155 1
46 155 1
45 155 1
44 155 1
43 155 1
42 156 1
41 156 1
40 156 1
39 157 1
38 157 1
37 158 1
36 158 1
35 158 1
34 159 1
33 159 1
32 160 1
31 160 1
30 161 1
29 162 1
28 162 1
27 162 1
26 162 1
25 162 1
24 162 1
23 162 1
22 162 1
21 162 1
20 163 1
20 164 1
20 165 1
19 166 1
19 167 1
19 168 1
19 169 1
20 170 1
20 171 1
20 172 1
21 173 1
21 174 1
22 175 1
23 176 1
23 177 1
24 178 1
25 179 1
26 179 1
27 180 1
28 181 1
29 181 1
30 181 1
31 181 1
32 181 1
33 181 1
34 181 1
35 182 1
36 182 1
37 182 1
38 181 1
39 181 1
40 181 1
41 181 1
42 180 1
43 180 1
44 179 1
45 179 1
46 178 1
47 178 1
48 178 1
49 178 1
50 178 1
51 178 1
52 177 1
53 177 1
54 177 1
55 177 1
.PEN_UP
.PEN_DOWN
34 183 1
34 184 1
34 185 1
33 186 1
32 186 1
31 187 1
30 188 1
29 189 1
29 190 1
28 191 1
27 192 1
26 193 1
25 194 1
25 195 1
24 196 1
24 197 1
24 198 1
23 199 1
23 200 1
23 201 1
.PEN_UP
.PEN_DOWN
45 133 1
45 132 1
45 131 1
45 130 1
45 129 1
45 128 1
45 127 1
45 126 1
46 125 1
46 124 1
46 123 1
.PEN_UP
