.PEN_DOWN
40 17 1
39 17 1
38 16 1
37 16 1
36 15 1
35 14 1
34 13 1
34 12 1
34 11 1
33 10 1
33 9 1
33 8 1
33 7 1
32 6 1
31 6 1
30 5 1
29 5 1
28 4 1
27 4 1
26 4 1
25 4 1
24 4 1
23 4 1
22 4 1
21 4 1
20 4 1
19 4 1
18 4 1
17 4 1
16 4 1
15 5 1
14 5 1
13 5 1
12 6 1
11 6 1
10 7 1
9 8 1
9 9 1
8 10 1
8 11 1
7 12 1
6 13 1
6 14 1
5 15 1
4 16 1
4 17 1
4 18 1
3 19 1
3 20 1
3 21 1
3 22 1
2 23 1
2 24 1
2 25 1
2 26 1
1 27 1
1 28 1
1 29 1
1 30 1
1 31 1
1 32 1
1 33 1
1 34 1
1 35 1
1 36 1
1 37 1
2 38 1
2 39 1
2 40 1
2 41 1
3 42 1
3 43 1
3 44 1
3 45 1
4 46 1
4 47 1
5 48 1
5 49 1
6 50 1
6 51 1
7 52 1
8 53 1
9 54 1
9 55 1
10 56 1
11 57 1
12 57 1
13 58 1
14 59 1
15 60 1
16 60 1
17 61 1
18 61 1
19 62 1
20 62 1
21 63 1
22 63 1
23 63 1
24 63 1
.PEN_UP
.PEN_DOWN
50 10 1
51 10 1
52 9 1
53 9 1
54 8 1
55 8 1
56 8 1
57 8 1
58 7 1
59 7 1
60 7 1
61 6 1
62 6 1
63 6 1
64 6 1
67 6 1
68 6 1
69 6 1
70 6 1
71 5 1
72 5 1
73 5 1
74 5 1
75 5 1
76 5 1
77 5 1
78 5 1
79 5 1
.PEN_UP
.PEN_DOWN
65 5 1
65 4 1
65 3 1
65 2 1
65 1 1
.PEN_UP
.PEN_DOWN
50 28 1
51 27 1
52 27 1
53 26 1
54 25 1
.PEN_UP
.PEN_DOWN
49 32 1
49 33 1
48 34 1
48 35 1
47 36 1
47 37 1
47 38 1
46 39 1
46 40 1
46 41 1
46 42 1
46 43 1
45 44 1
45 45 1
45 46 1
45 47 1
45 48 1
45 49 1
45 50 1
45 51 1
45 52 1
45 53 1
46 54 1
46 55 1
47 56 1
48 57 1
49 58 1
50 58 1
51 58 1
52 59 1
53 59 1
54 59 1
57 59 1
58 59 1
59 58 1
60 58 1
61 58 1
62 57 1
63 56 1
64 56 1
65 55 1
66 55 1
67 54 1
68 53 1
71 53 1
72 53 1
73 53 1
74 53 1
75 52 1
76 51 1
78 52 1
79 52 1
80 52 1
81 53 1
82 53 1
83 54 1
84 54 1
85 55 1
86 56 1
87 56 1
.PEN_UP
.PEN_DOWN
76 50 1
76 49 1
76 48 1
75 47 1
75 46 1
74 45 1
73 44 1
70 45 1
69 46 1
68 47 1
68 48 1
68 49 1
.PEN_UP
.PEN_DOWN
72 43 1
72 42 1
72 41 1
73 40 1
73 39 1
73 38 1
73 37 1
73 36 1
73 35 1
73 34 1
74 33 1
.PEN_UP
.PEN_DOWN
55 59 1
55 61 1
55 62 1
54 63 1
54 64 1
54 65 1
53 66 1
53 67 1
52 68 1
52 69 1
51 70 1
51 71 1
50 72 1
50 73 1
50 74 1
50 75 1
50 76 1
50 77 1
50 78 1
51 79 1
51 80 1
52 81 1
52 82 1
53 83 1
54 84 1
55 85 1
56 86 1
57 86 1
58 86 1
59 87 1
60 87 1
61 87 1
62 86 1
63 86 1
64 85 1
65 84 1
66 83 1
.PEN_UP
.PEN_DOWN
51 101 1
50 101 1
49 102 1
48 103 1
47 104 1
46 105 1
46 106 1
46 107 1
46 108 1
46 109 1
46 110 1
47 111 1
48 112 1
49 112 1
50 113 1
51 113 1
52 113 1
53 113 1
54 113 1
55 113 1
56 113 1
57 113 1
58 113 1
59 113 1
60 113 1
63 112 1
64 111 1
65 111 1
66 111 1
67 111 1
68 111 1
69 111 1
70 111 1
71 111 1
72 111 1
73 111 1
74 111 1
75 111 1
76 112 1
77 112 1
78 113 1
79 113 1
80 114 1
81 115 1
81 116 1
81 117 1
81 118 1
81 119 1
81 120 1
82 121 1
78 124 1
77 124 1
76 124 1
75 124 1
74 124 1
73 124 1
72 123 1
71 123 1
70 123 1
69 123 1
68 123 1
67 122 1
66 122 1
65 122 1
64 122 1
63 121 1
62 121 1
61 123 1
61 124 1
61 125 1
61 126 1
61 127 1
61 128 1
61 129 1
62 130 1
62 131 1
63 132 1
64 132 1
65 133 1
66 133 1
67 133 1
68 133 1
69 133 1
70 133 1
71 133 1
72 132 1
73 132 1
74 131 1
75 131 1
76 130 1
77 130 1
78 129 1
78 128 1
79 127 1
79 126 1
80 125 1
.PEN_UP
.PEN_DOWN
82 122 1
86 123 1
87 122 1
88 121 1
89 120 1
90 119 1
90 118 1
91 117 1
91 116 1
92 115 1
93 115 1
94 114 1
97 114 1
98 115 1
99 116 1
100 117 1
101 118 1
102 119 1
103 120 1
104 121 1
105 122 1
106 123 1
107 124 1
107 125 1
107 126 1
108 127 1
107 128 1
107 129 1
106 130 1
105 130 1
104 131 1
103 132 1
.PEN_UP
.PEN_DOWN
95 113 1
95 112 1
95 111 1
96 110 1
96 109 1
96 108 1
96 107 1
96 106 1
97 105 1
97 104 1
98 103 1
.PEN_UP
.PEN_DOWN
61 120 1
61 119 1
61 118 1
61 117 1
61 116 1
61 115 1
61 114 1
.PEN_UP
.PEN_DOWN
41 135 1
40 136 1
40 137 1
40 138 1
39 139 1
39 140 1
39 141 1
39 142 1
39 143 1
39 144 1
39 145 1
39 146 1
40 147 1
40 148 1
40 149 1
40 150 1
40 151 1
40 152 1
40 153 1
40 154 1
40 155 1
40 156 1
40 157 1
40 158 1
.PEN_UP
.PEN_DOWN
130 100 1
129 100 1
128 101 1
127 101 1
126 102 1
125 103 1
124 104 1
124 105 1
124 106 1
124 107 1
123 108 1
123 109 1
123 110 1
123 111 1
123 112 1
123 113 1
123 114 1
123 115 1
122 116 1
121 117 1
120 117 1
119 118 1
118 119 1
119 120 1
119 121 1
119 122 1
119 123 1
.PEN_UP
.PEN_DOWN
123 117 1
124 117 1
125 118 1
126 119 1
127 120 1
128 121 1
129 122 1
130 123 1
131 124 1
132 124 1
133 125 1
134 125 1
135 126 1
136 127 1
137 127 1
138 128 1
139 129 1
140 130 1
141 130 1
142 129 1
.PEN_UP
