.PEN_DOWN
37 36 1
36 35 1
35 34 1
35 33 1
34 32 1
34 31 1
33 30 1
32 29 1
32 28 1
32 27 1
31 26 1
31 25 1
31 24 1
31 23 1
31 22 1
31 21 1
31 20 1
31 19 1
31 18 1
31 17 1
31 16 1
31 15 1
32 14 1
33 13 1
33 12 1
34 11 1
35 10 1
36 9 1
37 8 1
38 8 1
39 7 1
40 6 1
41 6 1
42 6 1
43 5 1
44 5 1
45 4 1
46 4 1
47 3 1
48 3 1
49 3 1
50 2 1
51 2 1
52 2 1
53 2 1
54 2 1
55 1 1
56 2 1
57 2 1
58 2 1
59 2 1
60 3 1
61 3 1
62 3 1
63 4 1
64 4 1
65 5 1
66 6 1
67 7 1
68 8 1
69 9 1
70 10 1
71 11 1
72 12 1
73 13 1
74 14 1
74 15 1
75 16 1
75 17 1
76 18 1
76 19 1
77 20 1
77 21 1
77 22 1
78 23 1
78 24 1
78 25 1
78 26 1
78 27 1
78 28 1
78 29 1
78 30 1
78 31 1
78 32 1
78 33 1
78 34 1
78 35 1
77 36 1
77 37 1
77 38 1
76 39 1
75 40 1
74 41 1
73 42 1
72 42 1
71 43 1
70 43 1
69 43 1
68 44 1
67 44 1
66 44 1
65 44 1
64 45 1
63 45 1
62 45 1
61 45 1
60 45 1
57 45 1
56 45 1
55 44 1
54 44 1
53 44 1
52 44 1
51 44 1
50 43 1
49 42 1
48 41 1
47 40 1
46 39 1
46 38 1
45 37 1
45 36 1
45 35 1
46 34 1
46 33 1
46 32 1
46 31 1
47 30 1
48 29 1
49 28 1
50 28 1
51 27 1
52 27 1
53 28 1
54 28 1
55 28 1
56 28 1
57 28 1
58 28 1
59 28 1
.PEN_UP
.PEN_DOWN
59 45 1
59 47 1
59 48 1
59 49 1
58 50 1
58 51 1
57 52 1
57 53 1
57 54 1
58 55 1
58 56 1
59 57 1
59 58 1
60 59 1
61 60 1
62 61 1
62 62 1
63 63 1
63 64 1
64 65 1
64 66 1
66 68 1
67 68 1
68 68 1
69 68 1
70 68 1
71 69 1
72 69 1
73 70 1
74 70 1
75 70 1
76 70 1
77 70 1
.PEN_UP
.PEN_DOWN
64 67 1
63 68 1
62 68 1
61 68 1
60 68 1
59 68 1
58 68 1
57 69 1
56 69 1
55 69 1
54 70 1
53 70 1
52 71 1
51 71 1
50 72 1
49 73 1
48 74 1
47 75 1
46 76 1
45 77 1
45 78 1
45 79 1
46 80 1
46 81 1
47 82 1
47 83 1
48 84 1
49 85 1
50 86 1
51 87 1
51 88 1
52 89 1
54 90 1
55 91 1
56 91 1
57 91 1
58 91 1
59 91 1
60 91 1
61 91 1
62 91 1
63 91 1
64 92 1
65 92 1
66 92 1
67 92 1
68 92 1
69 92 1
70 92 1
71 92 1
72 93 1
73 93 1
74 93 1
.PEN_UP
.PEN_DOWN
52 90 1
51 92 1
50 93 1
49 94 1
48 95 1
47 96 1
46 97 1
45 98 1
44 99 1
44 100 1
44 101 1
43 102 1
43 103 1
43 104 1
43 105 1
44 106 1
44 107 1
45 108 1
45 109 1
45 110 1
46 111 1
48 113 1
49 113 1
50 113 1
51 113 1
52 113 1
53 114 1
54 114 1
55 114 1
56 114 1
57 114 1
58 114 1
59 115 1
60 115 1
61 115 1
62 116 1
63 116 1
64 116 1
65 117 1
66 117 1
67 117 1
68 117 1
69 118 1
70 118 1
71 118 1
72 118 1
73 118 1
74 119 1
75 119 1
76 119 1
77 120 1
78 120 1
79 120 1
80 120 1
81 121 1
82 121 1
.PEN_UP
.PEN_DOWN
46 112 1
45 113 1
44 113 1
43 113 1
42 113 1
41 113 1
40 113 1
39 113 1
38 113 1
37 114 1
36 114 1
35 114 1
34 114 1
33 115 1
32 115 1
31 115 1
30 115 1
29 116 1
28 116 1
27 116 1
26 117 1
25 117 1
24 117 1
23 118 1
22 119 1
21 120 1
20 120 1
19 121 1
18 121 1
17 121 1
16 122 1
15 123 1
14 124 1
13 125 1
12 126 1
11 126 1
10 127 1
9 128 1
8 129 1
7 130 1
7 131 1
6 132 1
5 133 1
4 134 1
4 135 1
3 136 1
3 137 1
3 138 1
2 139 1
2 140 1
1 141 1
1 142 1
1 143 1
1 144 1
1 145 1
2 146 1
2 147 1
3 148 1
3 149 1
4 150 1
5 151 1
6 152 1
7 153 1
8 154 1
9 155 1
10 155 1
11 156 1
12 156 1
13 157 1
14 157 1
15 157 1
16 157 1
17 157 1
18 157 1
19 157 1
20 158 1
21 158 1
22 158 1
23 158 1
24 158 1
25 158 1
26 158 1
27 158 1
28 158 1
29 158 1
30 157 1
31 157 1
32 157 1
33 157 1
34 157 1
35 157 1
36 156 1
37 156 1
38 156 1
39 156 1
40 156 1
41 156 1
42 156 1
43 155 1
44 155 1
47 155 1
48 156 1
49 157 1
50 157 1
51 157 1
52 157 1
53 157 1
54 157 1
55 158 1
56 160 1
56 161 1
56 162 1
56 163 1
57 164 1
58 165 1
59 166 1
60 166 1
61 167 1
62 168 1
64 169 1
65 169 1
66 169 1
67 169 1
68 169 1
69 169 1
70 169 1
71 170 1
72 170 1
.PEN_UP
.PEN_DOWN
63 168 1
61 170 1
61 171 1
60 172 1
59 173 1
59 174 1
58 175 1
58 176 1
58 177 1
58 178 1
58 179 1
57 180 1
57 181 1
57 182 1
57 183 1
57 184 1
57 185 1
57 186 1
55 187 1
54 187 1
53 187 1
52 187 1
51 186 1
50 186 1
49 186 1
48 185 1
47 185 1
46 185 1
45 185 1
44 185 1
43 185 1
42 185 1
41 186 1
40 187 1
40 188 1
39 189 1
39 190 1
39 191 1
39 192 1
39 193 1
39 194 1
40 195 1
40 196 1
40 197 1
40 198 1
40 199 1
41 200 1
41 201 1
41 202 1
41 203 1
41 204 1
41 205 1
41 206 1
41 207 1
41 208 1
41 209 1
41 210 1
42 211 1
42 212 1
42 213 1
42 214 1
42 215 1
42 216 1
42 217 1
42 218 1
42 219 1
42 220 1
42 221 1
42 222 1
43 223 1
43 224 1
43 225 1
44 226 1
45 227 1
.PEN_UP
.PEN_DOWN
56 187 1
58 188 1
59 189 1
60 189 1
61 190 1
62 191 1
63 192 1
64 192 1
65 193 1
66 193 1
67 194 1
68 194 1
69 195 1
70 195 1
71 196 1
72 196 1
73 197 1
74 197 1
75 198 1
76 198 1
77 199 1
.PEN_UP
.PEN_DOWN
56 157 1
57 156 1
57 155 1
58 154 1
59 153 1
60 152 1
61 151 1
.PEN_UP
