.PEN_DOWN
52 24 1
51 23 1
50 23 1
49 22 1
48 22 1
47 22 1
46 22 1
45 22 1
44 22 1
43 23 1
42 24 1
41 25 1
40 26 1
39 27 1
38 28 1
38 29 1
38 30 1
38 31 1
38 32 1
38 33 1
38 34 1
39 35 1
40 36 1
41 37 1
42 37 1
43 38 1
44 38 1
45 38 1
46 38 1
47 39 1
48 39 1
49 39 1
50 39 1
51 39 1
52 39 1
53 39 1
54 38 1
55 38 1
56 38 1
57 38 1
58 37 1
59 37 1
60 37 1
61 36 1
62 35 1
63 34 1
64 33 1
63 32 1
63 31 1
62 30 1
62 29 1
62 28 1
62 27 1
62 26 1
62 25 1
63 24 1
63 23 1
63 22 1
63 21 1
64 20 1
65 19 1
65 18 1
66 17 1
66 16 1
67 15 1
68 14 1
69 13 1
69 12 1
70 11 1
71 10 1
71 9 1
71 8 1
72 7 1
72 6 1
73 5 1
73 4 1
74 3 1
75 2 1
76 1 1
.PEN_UP
.PEN_DOWN
49 58 1
48 58 1
47 58 1
46 59 1
45 59 1
44 60 1
43 60 1
42 61 1
41 61 1
40 62 1
39 63 1
38 64 1
38 65 1
38 66 1
37 67 1
37 68 1
37 69 1
37 70 1
37 71 1
38 72 1
39 73 1
40 74 1
41 75 1
42 75 1
43 75 1
44 76 1
47 76 1
48 76 1
49 76 1
50 76 1
51 75 1
52 75 1
53 74 1
55 74 1
56 74 1
57 74 1
58 74 1
59 74 1
60 74 1
61 74 1
64 74 1
65 74 1
66 75 1
67 75 1
68 75 1
69 76 1
70 76 1
.PEN_UP
.PEN_DOWN
62 73 1
62 72 1
62 71 1
61 70 1
61 69 1
61 68 1
60 67 1
59 66 1
58 66 1
55 67 1
55 68 1
54 69 1
54 70 1
53 71 1
53 72 1
53 73 1
.PEN_UP
.PEN_DOWN
57 65 1
57 64 1
57 63 1
57 62 1
57 61 1
57 60 1
57 59 1
56 58 1
56 57 1
56 56 1
56 55 1
56 54 1
57 53 1
57 52 1
.PEN_UP
.PEN_DOWN
45 76 1
45 78 1
45 79 1
44 80 1
44 81 1
44 82 1
44 83 1
43 84 1
43 85 1
43 86 1
43 87 1
43 88 1
44 89 1
44 90 1
45 91 1
46 92 1
47 93 1
48 93 1
49 93 1
50 93 1
51 93 1
52 93 1
53 93 1
54 93 1
55 93 1
56 92 1
57 92 1
58 91 1
58 90 1
58 89 1
59 88 1
59 87 1
59 86 1
58 85 1
57 85 1
.PEN_UP
.PEN_DOWN
49 99 1
48 100 1
47 101 1
46 102 1
46 103 1
45 104 1
45 105 1
45 106 1
45 107 1
45 108 1
46 109 1
47 109 1
48 109 1
51 109 1
52 108 1
53 108 1
54 108 1
55 108 1
56 107 1
57 107 1
58 107 1
59 107 1
60 107 1
61 107 1
62 108 1
62 109 1
62 110 1
61 111 1
61 112 1
61 113 1
61 114 1
60 115 1
59 116 1
59 117 1
58 118 1
58 119 1
57 120 1
56 120 1
55 121 1
54 122 1
53 122 1
52 122 1
51 122 1
50 121 1
49 120 1
49 119 1
49 118 1
49 117 1
49 116 1
49 115 1
49 114 1
49 113 1
49 112 1
49 111 1
49 110 1
.PEN_UP
.PEN_DOWN
35 114 1
35 115 1
35 116 1
35 117 1
34 118 1
34 119 1
34 120 1
34 121 1
34 122 1
34 123 1
34 124 1
33 125 1
33 126 1
33 127 1
32 128 1
32 129 1
32 130 1
31 131 1
31 132 1
30 133 1
29 134 1
28 135 1
27 135 1
26 135 1
25 135 1
24 135 1
23 135 1
22 135 1
21 135 1
20 135 1
19 134 1
18 134 1
17 133 1
16 133 1
15 133 1
14 132 1
13 132 1
12 131 1
11 131 1
10 130 1
9 129 1
9 128 1
10 127 1
10 126 1
11 125 1
12 125 1
13 125 1
14 125 1
15 125 1
16 125 1
.PEN_UP
.PEN_DOWN
45 137 1
46 137 1
47 137 1
48 137 1
49 137 1
50 137 1
51 137 1
52 137 1
53 137 1
54 137 1
55 137 1
56 137 1
57 137 1
58 137 1
59 136 1
60 136 1
61 136 1
62 136 1
63 136 1
64 136 1
65 136 1
66 136 1
67 136 1
68 136 1
69 136 1
70 136 1
71 136 1
72 136 1
73 136 1
74 136 1
75 136 1
76 136 1
77 135 1
78 135 1
81 135 1
82 135 1
83 135 1
84 134 1
85 134 1
.PEN_UP
.PEN_DOWN
79 135 1
79 137 1
79 138 1
78 139 1
78 140 1
78 141 1
.PEN_UP
.PEN_DOWN
45 150 1
45 151 1
45 152 1
45 153 1
45 154 1
45 155 1
45 156 1
45 157 1
45 158 1
44 159 1
44 160 1
44 161 1
44 162 1
44 163 1
44 164 1
43 165 1
43 166 1
43 167 1
43 168 1
43 169 1
.PEN_UP
