.PEN_DOWN
32 1 1
32 2 1
32 3 1
32 4 1
30 6 1
29 7 1
29 8 1
29 9 1
29 10 1
29 11 1
29 12 1
29 13 1
29 14 1
29 15 1
29 16 1
29 17 1
29 18 1
29 19 1
29 20 1
29 21 1
28 22 1
28 23 1
28 24 1
28 25 1
28 26 1
28 27 1
28 28 1
28 29 1
28 30 1
28 31 1
28 32 1
29 33 1
31 34 1
32 34 1
33 34 1
34 34 1
35 33 1
36 33 1
37 32 1
39 32 1
40 32 1
41 31 1
42 31 1
43 31 1
44 30 1
45 30 1
46 30 1
47 29 1
48 29 1
49 29 1
50 28 1
51 28 1
52 27 1
53 27 1
54 27 1
55 26 1
56 26 1
57 26 1
58 25 1
59 24 1
59 23 1
59 22 1
59 21 1
59 20 1
58 19 1
57 18 1
56 17 1
55 16 1
54 15 1
53 14 1
52 14 1
51 13 1
50 12 1
49 12 1
48 11 1
47 11 1
45 13 1
44 14 1
44 15 1
43 16 1
42 17 1
42 18 1
41 19 1
41 20 1
40 21 1
40 22 1
39 23 1
39 24 1
38 25 1
38 26 1
38 27 1
38 28 1
38 29 1
37 30 1
37 31 1
.PEN_UP
.PEN_DOWN
46 10 1
46 9 1
47 8 1
47 7 1
47 6 1
47 5 1
48 4 1
49 3 1
.PEN_UP
.PEN_DOWN
29 36 1
28 37 1
26 39 1
25 39 1
24 40 1
23 40 1
22 40 1
21 40 1
20 41 1
19 41 1
18 41 1
17 41 1
16 42 1
15 42 1
14 43 1
13 44 1
12 45 1
11 46 1
10 47 1
9 48 1
9 49 1
8 50 1
7 51 1
6 52 1
6 53 1
5 54 1
5 55 1
4 56 1
4 57 1
3 58 1
3 59 1
3 60 1
3 61 1
2 62 1
2 63 1
2 64 1
1 65 1
1 66 1
1 67 1
1 68 1
1 69 1
2 70 1
2 71 1
2 72 1
3 73 1
3 74 1
3 75 1
4 76 1
5 77 1
6 78 1
7 79 1
8 80 1
9 81 1
10 81 1
11 81 1
12 82 1
13 82 1
14 82 1
15 82 1
16 82 1
17 81 1
18 81 1
19 81 1
.PEN_UP
.PEN_DOWN
27 38 1
29 39 1
29 40 1
29 41 1
29 42 1
29 43 1
29 44 1
29 45 1
29 46 1
29 47 1
29 48 1
29 49 1
29 50 1
29 51 1
29 52 1
29 53 1
29 54 1
29 55 1
29 56 1
29 57 1
28 59 1
27 60 1
26 61 1
25 61 1
.PEN_UP
.PEN_DOWN
29 58 1
31 57 1
32 57 1
33 57 1
34 57 1
35 56 1
36 56 1
37 56 1
38 55 1
39 55 1
40 55 1
41 54 1
42 54 1
43 54 1
44 53 1
45 53 1
46 52 1
47 52 1
48 52 1
49 51 1
50 51 1
51 51 1
52 50 1
53 50 1
54 50 1
55 49 1
56 49 1
57 49 1
58 48 1
59 48 1
.PEN_UP
.PEN_DOWN
50 63 1
49 64 1
48 64 1
47 64 1
46 65 1
45 66 1
44 67 1
44 68 1
44 69 1
44 70 1
44 71 1
45 72 1
46 72 1
47 72 1
48 72 1
49 72 1
50 73 1
51 74 1
52 74 1
53 74 1
54 74 1
55 74 1
56 73 1
57 73 1
.PEN_UP
.PEN_DOWN
50 75 1
50 76 1
49 77 1
49 78 1
48 79 1
47 80 1
46 80 1
45 81 1
44 82 1
44 83 1
43 84 1
43 85 1
43 86 1
43 87 1
44 88 1
45 88 1
46 88 1
47 88 1
48 88 1
49 88 1
50 88 1
51 88 1
52 89 1
53 90 1
53 91 1
53 92 1
52 93 1
51 94 1
50 94 1
49 95 1
48 95 1
47 96 1
45 97 1
44 97 1
43 97 1
42 98 1
41 98 1
40 98 1
39 99 1
38 99 1
37 100 1
36 100 1
35 100 1
34 100 1
33 100 1
32 100 1
31 100 1
30 100 1
29 101 1
28 101 1
27 101 1
25 99 1
25 98 1
25 97 1
.PEN_UP
.PEN_DOWN
26 100 1
26 103 1
26 104 1
26 105 1
26 106 1
26 107 1
27 108 1
27 109 1
27 110 1
27 111 1
28 112 1
28 113 1
28 114 1
29 115 1
29 116 1
29 117 1
30 118 1
31 119 1
32 120 1
33 121 1
34 121 1
35 121 1
36 121 1
37 121 1
38 121 1
39 120 1
40 119 1
40 118 1
41 117 1
41 116 1
42 115 1
43 115 1
44 114 1
45 115 1
46 115 1
47 116 1
48 117 1
49 117 1
50 118 1
51 119 1
52 120 1
53 120 1
54 121 1
55 122 1
55 123 1
56 124 1
56 125 1
55 126 1
54 127 1
53 127 1
52 127 1
51 127 1
50 127 1
49 127 1
48 128 1
47 128 1
46 129 1
45 129 1
44 129 1
43 129 1
42 130 1
41 130 1
40 130 1
39 131 1
38 131 1
37 131 1
36 132 1
35 133 1
34 133 1
33 133 1
32 134 1
31 134 1
30 134 1
29 135 1
28 136 1
27 136 1
26 136 1
25 136 1
24 137 1
23 137 1
22 138 1
21 138 1
20 139 1
20 140 1
20 141 1
20 142 1
20 143 1
20 144 1
21 145 1
22 146 1
23 147 1
23 148 1
24 149 1
25 150 1
26 151 1
26 152 1
26 153 1
26 154 1
25 156 1
24 156 1
23 157 1
22 156 1
21 156 1
.PEN_UP
.PEN_DOWN
26 155 1
28 154 1
29 154 1
30 154 1
31 154 1
32 153 1
33 153 1
34 153 1
35 152 1
36 152 1
37 151 1
38 151 1
39 150 1
40 150 1
41 149 1
42 148 1
43 148 1
44 147 1
45 147 1
46 147 1
47 146 1
48 145 1
49 145 1
50 144 1
51 144 1
52 143 1
53 143 1
54 142 1
55 142 1
56 141 1
57 141 1
58 141 1
59 140 1
60 140 1
61 140 1
62 141 1
.PEN_UP
.PEN_DOWN
44 113 1
45 112 1
45 111 1
45 110 1
45 109 1
45 108 1
45 107 1
45 106 1
45 105 1
46 104 1
46 103 1
46 102 1
47 101 1
47 100 1
47 99 1
47 98 1
.PEN_UP
.PEN_DOWN
20 167 1
20 168 1
20 169 1
20 170 1
20 171 1
20 172 1
20 173 1
20 174 1
20 175 1
20 176 1
20 177 1
20 178 1
20 179 1
20 180 1
20 181 1
20 182 1
20 183 1
20 184 1
20 185 1
20 186 1
21 187 1
21 188 1
21 189 1
21 190 1
21 191 1
21 192 1
21 193 1
21 194 1
21 195 1
21 196 1
21 197 1
21 198 1
21 199 1
21 200 1
21 201 1
.PEN_UP
