.PEN_DOWN
1 1 1
2 2 1
2 3 1
2 4 1
3 5 1
3 6 1
3 7 1
3 8 1
4 9 1
4 10 1
4 11 1
4 12 1
5 13 1
5 14 1
5 15 1
5 16 1
5 17 1
5 18 1
5 19 1
5 20 1
5 21 1
4 22 1
4 23 1
4 24 1
4 25 1
4 26 1
4 27 1
4 28 1
4 29 1
4 30 1
4 31 1
4 32 1
4 33 1
3 34 1
3 35 1
3 36 1
3 37 1
3 38 1
3 39 1
3 40 1
3 41 1
3 42 1
3 43 1
3 44 1
3 45 1
3 46 1
3 47 1
3 48 1
3 49 1
3 50 1
3 51 1
3 52 1
3 53 1
3 54 1
3 55 1
4 56 1
6 55 1
7 55 1
8 54 1
9 53 1
10 52 1
10 51 1
11 50 1
11 49 1
12 48 1
12 47 1
13 46 1
13 45 1
14 44 1
14 43 1
15 42 1
16 41 1
17 40 1
18 39 1
19 39 1
20 38 1
21 38 1
22 36 1
22 35 1
22 34 1
23 33 1
.PEN_UP
.PEN_DOWN
22 37 1
22 40 1
22 41 1
22 42 1
22 43 1
22 44 1
22 45 1
22 46 1
22 47 1
22 48 1
22 49 1
22 50 1
22 51 1
23 52 1
23 53 1
23 54 1
23 55 1
24 56 1
25 57 1
26 58 1
27 59 1
28 60 1
29 60 1
30 61 1
31 61 1
32 61 1
33 61 1
34 61 1
37 60 1
38 59 1
39 58 1
40 57 1
41 56 1
42 55 1
42 54 1
43 53 1
43 52 1
44 51 1
44 50 1
45 49 1
46 48 1
46 47 1
47 46 1
47 45 1
47 44 1
48 43 1
48 42 1
48 41 1
49 40 1
49 39 1
49 38 1
49 37 1
50 36 1
50 35 1
50 34 1
51 33 1
51 32 1
51 31 1
51 30 1
52 29 1
52 28 1
52 27 1
52 26 1
52 25 1
52 24 1
53 23 1
53 22 1
53 21 1
53 20 1
53 19 1
53 18 1
54 17 1
54 16 1
54 15 1
54 14 1
54 13 1
54 12 1
55 11 1
55 10 1
55 9 1
55 8 1
55 7 1
55 6 1
.PEN_UP
.PEN_DOWN
35 61 1
34 63 1
34 64 1
34 65 1
34 66 1
34 67 1
34 68 1
34 69 1
34 70 1
34 71 1
35 72 1
35 73 1
35 74 1
35 75 1
36 76 1
37 77 1
37 78 1
38 79 1
38 80 1
39 81 1
39 82 1
39 83 1
41 85 1
42 85 1
43 85 1
44 86 1
45 86 1
46 87 1
47 87 1
.PEN_UP
.PEN_DOWN
38 84 1
37 84 1
36 84 1
35 84 1
34 84 1
33 84 1
32 84 1
31 84 1
30 83 1
29 83 1
28 83 1
27 83 1
26 83 1
25 83 1
24 82 1
23 82 1
22 82 1
21 82 1
20 81 1
19 81 1
18 81 1
17 81 1
16 81 1
15 80 1
14 80 1
13 80 1
12 80 1
11 80 1
10 80 1
9 80 1
8 80 1
7 80 1
6 80 1
5 81 1
5 82 1
6 83 1
6 84 1
6 85 1
6 86 1
6 87 1
6 88 1
6 89 1
6 90 1
7 91 1
7 92 1
7 93 1
7 94 1
7 95 1
7 96 1
8 97 1
8 98 1
8 99 1
8 100 1
8 101 1
8 102 1
9 103 1
9 104 1
9 105 1
9 106 1
9 107 1
11 108 1
12 108 1
13 108 1
14 108 1
15 108 1
16 108 1
17 108 1
18 108 1
19 109 1
20 109 1
21 109 1
22 109 1
23 109 1
24 109 1
25 109 1
26 109 1
27 109 1
28 109 1
29 109 1
30 109 1
31 110 1
32 110 1
33 110 1
34 110 1
35 110 1
36 110 1
37 110 1
38 110 1
39 110 1
40 110 1
41 110 1
42 110 1
43 111 1
44 111 1
45 111 1
46 112 1
47 112 1
.PEN_UP
.PEN_DOWN
9 108 1
9 110 1
8 111 1
8 112 1
8 113 1
7 114 1
7 115 1
7 116 1
7 117 1
7 118 1
7 119 1
7 120 1
7 121 1
7 122 1
7 123 1
7 124 1
7 125 1
7 126 1
7 127 1
7 128 1
6 129 1
6 130 1
6 131 1
6 132 1
7 133 1
7 134 1
7 135 1
7 136 1
7 137 1
7 138 1
7 139 1
7 140 1
7 141 1
7 142 1
8 143 1
10 143 1
11 142 1
12 142 1
13 141 1
14 140 1
15 140 1
16 139 1
17 139 1
18 139 1
19 139 1
20 138 1
21 138 1
23 136 1
24 135 1
25 134 1
26 134 1
27 133 1
.PEN_UP
.PEN_DOWN
22 137 1
22 140 1
22 141 1
22 142 1
22 143 1
22 144 1
22 145 1
22 146 1
23 147 1
23 148 1
24 149 1
25 149 1
26 150 1
27 150 1
28 150 1
29 151 1
30 151 1
31 151 1
32 151 1
33 151 1
34 151 1
35 151 1
36 151 1
37 151 1
38 150 1
39 149 1
40 148 1
40 147 1
41 146 1
42 145 1
43 145 1
44 145 1
45 144 1
46 144 1
47 143 1
47 142 1
48 141 1
49 140 1
50 139 1
51 138 1
51 137 1
52 136 1
53 135 1
54 134 1
54 133 1
55 132 1
55 131 1
56 130 1
56 129 1
57 128 1
57 127 1
58 126 1
58 125 1
58 124 1
58 123 1
57 122 1
56 121 1
55 121 1
54 121 1
53 121 1
52 121 1
51 121 1
50 121 1
49 122 1
48 123 1
47 124 1
47 125 1
46 126 1
46 127 1
45 128 1
44 129 1
43 130 1
43 131 1
42 132 1
42 133 1
42 134 1
41 135 1
41 136 1
41 137 1
41 138 1
41 139 1
41 140 1
41 141 1
41 142 1
40 143 1
40 144 1
40 145 1
.PEN_UP
.PEN_DOWN
39 151 1
39 152 1
39 153 1
39 154 1
39 155 1
40 156 1
40 157 1
40 158 1
41 159 1
41 160 1
42 161 1
42 162 1
43 163 1
43 164 1
43 165 1
44 166 1
46 167 1
47 167 1
48 168 1
49 168 1
50 169 1
51 169 1
52 169 1
53 170 1
54 170 1
55 170 1
56 170 1
57 170 1
.PEN_UP
.PEN_DOWN
43 167 1
42 168 1
41 168 1
40 169 1
39 169 1
38 169 1
37 169 1
36 169 1
35 169 1
34 169 1
33 169 1
32 169 1
31 169 1
30 168 1
29 168 1
28 168 1
27 168 1
26 168 1
25 168 1
24 168 1
23 168 1
22 168 1
21 168 1
20 168 1
19 168 1
18 168 1
17 168 1
16 169 1
15 169 1
14 169 1
13 170 1
12 171 1
11 172 1
11 173 1
11 174 1
11 175 1
11 176 1
11 177 1
11 178 1
10 179 1
10 180 1
10 181 1
10 182 1
10 183 1
10 184 1
10 185 1
10 186 1
10 187 1
11 188 1
11 189 1
11 190 1
11 191 1
11 192 1
11 193 1
11 194 1
11 195 1
12 196 1
12 197 1
12 198 1
12 199 1
12 200 1
12 201 1
12 202 1
12 203 1
12 204 1
12 205 1
13 206 1
13 207 1
13 208 1
13 209 1
13 210 1
13 211 1
13 212 1
13 213 1
13 214 1
13 215 1
13 216 1
13 217 1
13 218 1
14 219 1
16 219 1
17 218 1
18 218 1
19 217 1
20 217 1
21 216 1
22 215 1
23 214 1
24 214 1
25 213 1
26 212 1
27 211 1
28 211 1
29 210 1
30 209 1
31 209 1
32 208 1
33 208 1
34 207 1
35 206 1
36 206 1
37 206 1
38 206 1
39 206 1
40 206 1
41 205 1
44 204 1
45 204 1
46 204 1
47 204 1
48 204 1
49 204 1
50 204 1
51 204 1
52 205 1
53 205 1
54 205 1
55 206 1
56 207 1
57 208 1
57 209 1
58 210 1
58 211 1
57 212 1
57 213 1
57 214 1
56 215 1
56 216 1
55 217 1
54 218 1
53 219 1
52 219 1
51 220 1
50 220 1
49 220 1
48 220 1
47 220 1
46 220 1
45 220 1
44 219 1
43 218 1
42 217 1
42 216 1
42 215 1
42 214 1
42 213 1
42 212 1
42 211 1
42 210 1
42 209 1
42 208 1
42 207 1
42 206 1
.PEN_UP
.PEN_DOWN
15 219 1
14 221 1
13 222 1
13 223 1
12 224 1
12 225 1
11 226 1
10 227 1
9 228 1
8 228 1
.PEN_UP
.PEN_DOWN
5 56 1
4 58 1
4 59 1
4 60 1
4 61 1
4 62 1
4 63 1
4 64 1
4 65 1
3 66 1
3 67 1
.PEN_UP
.PEN_DOWN
73 48 1
74 48 1
75 47 1
76 47 1
77 47 1
78 48 1
79 48 1
80 48 1
.PEN_UP
.PEN_DOWN
54 235 1
53 235 1
52 234 1
51 234 1
50 234 1
49 235 1
48 235 1
47 235 1
46 235 1
45 236 1
44 236 1
43 236 1
42 236 1
41 237 1
40 237 1
39 237 1
38 237 1
37 237 1
36 237 1
35 238 1
34 239 1
33 240 1
33 241 1
32 242 1
32 243 1
32 244 1
31 245 1
30 246 1
30 247 1
29 248 1
29 249 1
29 250 1
29 251 1
29 252 1
29 253 1
29 254 1
30 255 1
30 256 1
29 257 1
29 258 1
30 259 1
30 260 1
30 261 1
30 262 1
30 263 1
31 264 1
31 265 1
31 266 1
32 267 1
33 267 1
34 268 1
35 268 1
36 268 1
37 268 1
38 268 1
39 269 1
40 269 1
41 269 1
42 270 1
43 270 1
44 270 1
45 270 1
46 270 1
47 270 1
48 270 1
49 270 1
50 270 1
51 270 1
52 271 1
53 271 1
54 271 1
55 271 1
56 271 1
.PEN_UP
.PEN_DOWN
31 268 1
30 269 1
29 269 1
28 269 1
27 269 1
26 269 1
25 269 1
24 269 1
23 269 1
22 269 1
21 269 1
20 269 1
19 269 1
18 269 1
17 269 1
16 269 1
15 269 1
14 269 1
13 269 1
12 269 1
11 270 1
10 271 1
9 272 1
9 273 1
9 274 1
8 275 1
8 276 1
8 277 1
8 278 1
8 279 1
8 280 1
8 281 1
8 282 1
8 283 1
8 284 1
8 285 1
8 286 1
8 287 1
8 288 1
8 289 1
8 290 1
8 291 1
8 292 1
8 293 1
8 294 1
8 295 1
8 296 1
8 297 1
8 298 1
8 299 1
8 300 1
8 301 1
8 302 1
8 303 1
8 304 1
8 305 1
.PEN_UP
