.PEN_DOWN
66 1 1
65 2 1
65 3 1
65 4 1
65 5 1
65 6 1
65 7 1
66 8 1
66 9 1
66 10 1
66 11 1
66 12 1
66 13 1
66 14 1
67 15 1
67 16 1
68 17 1
69 17 1
70 17 1
71 18 1
72 17 1
73 16 1
74 15 1
75 14 1
75 13 1
76 12 1
77 11 1
78 10 1
79 10 1
80 9 1
81 8 1
82 8 1
83 7 1
84 7 1
85 6 1
86 6 1
87 6 1
88 6 1
89 6 1
90 6 1
91 6 1
92 6 1
93 7 1
94 7 1
95 8 1
96 8 1
97 8 1
98 9 1
99 10 1
100 11 1
101 12 1
102 13 1
103 14 1
104 15 1
105 16 1
105 17 1
106 18 1
107 19 1
107 20 1
108 21 1
108 22 1
109 23 1
109 24 1
109 25 1
109 26 1
109 27 1
110 28 1
110 29 1
110 30 1
110 31 1
110 32 1
110 33 1
110 34 1
110 35 1
110 36 1
.PEN_UP
.PEN_DOWN
70 19 1
70 20 1
70 21 1
70 22 1
70 23 1
70 24 1
70 25 1
71 26 1
71 27 1
71 28 1
71 29 1
71 30 1
.PEN_UP
.PEN_DOWN
29 82 1
28 81 1
28 80 1
27 79 1
27 78 1
26 77 1
26 76 1
25 75 1
25 74 1
24 73 1
24 72 1
24 71 1
23 70 1
23 69 1
22 68 1
22 67 1
22 66 1
22 65 1
22 64 1
23 63 1
24 63 1
25 63 1
26 64 1
27 65 1
28 66 1
29 66 1
30 67 1
31 68 1
32 69 1
33 70 1
33 71 1
34 72 1
35 73 1
35 74 1
36 75 1
36 76 1
37 77 1
37 78 1
38 79 1
38 80 1
39 81 1
39 82 1
40 83 1
40 84 1
40 85 1
41 86 1
41 87 1
42 88 1
42 89 1
42 90 1
43 91 1
43 92 1
43 93 1
43 94 1
44 95 1
44 96 1
44 97 1
45 98 1
45 99 1
45 100 1
45 101 1
45 102 1
45 103 1
46 104 1
46 105 1
46 106 1
46 107 1
47 108 1
47 109 1
47 110 1
47 111 1
47 112 1
48 113 1
48 114 1
48 115 1
48 116 1
48 117 1
49 118 1
49 119 1
49 120 1
49 121 1
50 122 1
50 123 1
50 124 1
50 125 1
51 126 1
52 126 1
53 126 1
54 126 1
55 125 1
56 124 1
57 123 1
58 122 1
58 121 1
59 120 1
60 120 1
61 119 1
62 118 1
62 117 1
63 116 1
63 115 1
64 114 1
65 113 1
66 112 1
67 112 1
68 112 1
69 112 1
72 112 1
73 113 1
74 114 1
75 115 1
76 116 1
77 117 1
78 118 1
79 119 1
80 119 1
81 120 1
82 120 1
83 120 1
84 120 1
85 120 1
86 120 1
87 121 1
88 121 1
89 120 1
90 120 1
91 120 1
92 120 1
93 119 1
94 119 1
95 119 1
96 118 1
97 117 1
99 118 1
99 119 1
100 120 1
100 121 1
101 122 1
101 123 1
102 124 1
102 125 1
102 126 1
.PEN_UP
.PEN_DOWN
98 116 1
98 115 1
98 114 1
98 113 1
98 112 1
96 110 1
95 109 1
95 108 1
94 107 1
94 106 1
94 105 1
93 104 1
93 103 1
93 102 1
93 101 1
93 100 1
93 99 1
94 98 1
95 97 1
96 98 1
97 98 1
98 98 1
99 99 1
100 99 1
101 100 1
101 101 1
101 102 1
102 103 1
102 104 1
102 105 1
102 106 1
101 107 1
101 108 1
101 109 1
100 110 1
99 110 1
98 111 1
.PEN_UP
.PEN_DOWN
70 111 1
70 110 1
70 109 1
70 108 1
70 107 1
69 106 1
69 105 1
69 104 1
69 103 1
69 102 1
69 101 1
69 100 1
69 99 1
70 98 1
71 97 1
71 96 1
72 95 1
72 94 1
73 93 1
74 93 1
75 92 1
76 92 1
77 92 1
78 92 1
79 92 1
80 93 1
81 94 1
81 95 1
81 96 1
81 97 1
80 98 1
.PEN_UP
.PEN_DOWN
70 75 1
70 74 1
69 73 1
69 72 1
69 71 1
69 70 1
69 69 1
69 68 1
69 67 1
69 66 1
69 65 1
69 64 1
69 63 1
70 62 1
71 60 1
71 59 1
71 58 1
72 57 1
73 56 1
74 56 1
75 56 1
76 56 1
77 56 1
78 56 1
79 56 1
80 56 1
81 56 1
82 56 1
83 56 1
84 55 1
86 56 1
86 57 1
87 58 1
87 59 1
88 60 1
89 61 1
89 62 1
90 63 1
91 64 1
92 65 1
93 66 1
93 67 1
93 68 1
94 69 1
94 70 1
95 72 1
96 73 1
97 73 1
98 74 1
99 75 1
100 76 1
101 77 1
102 78 1
103 78 1
.PEN_UP
.PEN_DOWN
93 71 1
92 71 1
91 71 1
90 71 1
89 71 1
88 70 1
87 70 1
86 69 1
85 69 1
84 68 1
83 68 1
82 67 1
81 67 1
80 66 1
79 66 1
78 65 1
77 65 1
76 64 1
75 64 1
74 63 1
73 63 1
72 63 1
71 62 1
.PEN_UP
.PEN_DOWN
85 54 1
85 53 1
85 52 1
85 51 1
87 51 1
88 51 1
89 51 1
90 52 1
91 52 1
92 53 1
93 53 1
94 53 1
95 53 1
96 53 1
97 52 1
97 51 1
98 50 1
98 49 1
97 48 1
97 47 1
97 46 1
96 45 1
95 44 1
94 43 1
93 43 1
92 42 1
91 42 1
90 42 1
89 42 1
88 42 1
87 43 1
86 44 1
86 45 1
85 46 1
85 47 1
85 48 1
85 49 1
.PEN_UP
