.PEN_DOWN
36 25 1
36 24 1
36 23 1
36 22 1
36 21 1
37 20 1
38 19 1
39 18 1
40 17 1
42 16 1
43 17 1
44 17 1
45 17 1
46 17 1
47 16 1
48 16 1
49 16 1
50 16 1
51 16 1
52 16 1
53 16 1
54 15 1
55 15 1
56 15 1
57 15 1
58 15 1
59 15 1
60 15 1
61 15 1
62 15 1
63 15 1
64 14 1
65 14 1
66 14 1
67 14 1
68 14 1
69 14 1
70 14 1
71 14 1
72 14 1
73 14 1
74 14 1
75 13 1
76 13 1
77 13 1
78 13 1
79 13 1
80 13 1
81 13 1
82 13 1
83 13 1
84 13 1
.PEN_UP
.PEN_DOWN
40 16 1
39 14 1
39 13 1
39 12 1
39 11 1
39 10 1
39 9 1
39 8 1
39 7 1
39 6 1
38 5 1
37 4 1
36 3 1
35 3 1
34 2 1
33 2 1
32 2 1
31 2 1
30 2 1
29 2 1
28 2 1
27 1 1
26 1 1
25 1 1
24 1 1
23 2 1
22 2 1
21 2 1
20 3 1
19 3 1
18 4 1
17 5 1
16 6 1
15 7 1
14 8 1
13 9 1
12 10 1
11 11 1
10 11 1
9 12 1
8 13 1
7 14 1
6 15 1
6 16 1
6 17 1
5 18 1
5 19 1
4 20 1
4 21 1
4 22 1
3 23 1
3 24 1
3 25 1
3 26 1
2 27 1
2 28 1
2 29 1
2 30 1
1 31 1
1 32 1
1 33 1
1 34 1
1 35 1
1 36 1
1 37 1
1 38 1
1 39 1
2 40 1
2 41 1
3 42 1
3 43 1
3 44 1
4 45 1
5 46 1
6 47 1
6 48 1
7 49 1
8 50 1
9 51 1
10 52 1
11 53 1
12 54 1
13 54 1
14 55 1
.PEN_UP
.PEN_DOWN
46 33 1
47 32 1
48 32 1
49 32 1
50 32 1
51 32 1
.PEN_UP
.PEN_DOWN
43 38 1
42 39 1
41 40 1
41 41 1
41 42 1
41 43 1
40 44 1
40 45 1
40 46 1
40 47 1
40 48 1
40 49 1
40 50 1
40 51 1
41 52 1
41 53 1
42 54 1
43 55 1
44 56 1
45 57 1
46 57 1
47 58 1
48 58 1
49 58 1
50 58 1
51 58 1
52 58 1
53 57 1
54 57 1
55 57 1
56 56 1
57 56 1
58 56 1
61 56 1
62 56 1
63 56 1
64 56 1
65 56 1
66 56 1
67 56 1
68 56 1
69 56 1
70 56 1
71 56 1
72 56 1
73 56 1
74 55 1
76 56 1
77 56 1
78 57 1
79 58 1
80 59 1
81 60 1
.PEN_UP
.PEN_DOWN
74 54 1
74 53 1
74 52 1
73 51 1
73 50 1
73 49 1
72 48 1
72 47 1
72 46 1
72 45 1
72 44 1
72 43 1
72 42 1
71 41 1
70 42 1
69 42 1
68 42 1
67 43 1
66 44 1
65 45 1
64 46 1
64 47 1
63 48 1
63 49 1
62 50 1
61 51 1
60 52 1
60 53 1
59 54 1
59 55 1
.PEN_UP
.PEN_DOWN
71 40 1
71 39 1
71 38 1
72 37 1
72 36 1
72 35 1
72 34 1
73 33 1
73 32 1
73 31 1
74 30 1
74 29 1
74 28 1
.PEN_UP
.PEN_DOWN
49 124 1
50 124 1
51 124 1
52 124 1
53 123 1
54 122 1
55 121 1
57 121 1
58 121 1
59 120 1
60 120 1
61 120 1
62 119 1
63 119 1
64 119 1
65 118 1
66 118 1
67 118 1
68 118 1
69 118 1
70 117 1
71 117 1
72 117 1
73 117 1
74 117 1
75 116 1
76 116 1
77 116 1
78 116 1
79 116 1
80 115 1
81 115 1
82 115 1
83 115 1
84 115 1
85 115 1
86 115 1
87 115 1
88 115 1
89 115 1
90 115 1
91 115 1
92 115 1
93 115 1
94 115 1
95 115 1
96 115 1
97 116 1
98 116 1
99 117 1
100 118 1
101 119 1
102 120 1
102 121 1
103 122 1
103 123 1
103 124 1
103 125 1
103 126 1
103 127 1
103 128 1
103 129 1
.PEN_UP
.PEN_DOWN
55 120 1
54 119 1
54 118 1
54 117 1
54 116 1
54 115 1
53 114 1
53 113 1
53 112 1
53 111 1
53 110 1
53 109 1
52 108 1
52 107 1
51 106 1
51 105 1
50 104 1
50 103 1
49 102 1
48 101 1
47 100 1
47 99 1
46 98 1
46 97 1
46 96 1
46 95 1
46 94 1
47 93 1
48 93 1
49 93 1
50 93 1
51 93 1
52 92 1
53 92 1
54 92 1
55 92 1
56 92 1
57 92 1
58 92 1
59 92 1
60 92 1
63 91 1
64 91 1
65 91 1
66 90 1
66 89 1
67 88 1
67 87 1
68 86 1
69 85 1
70 84 1
71 84 1
72 84 1
73 84 1
74 84 1
75 85 1
76 86 1
76 87 1
76 88 1
76 89 1
76 90 1
76 91 1
76 92 1
76 93 1
76 94 1
76 95 1
76 96 1
76 97 1
75 98 1
75 99 1
75 100 1
75 101 1
74 102 1
73 103 1
73 104 1
72 105 1
71 105 1
70 106 1
69 106 1
68 107 1
67 107 1
66 107 1
65 107 1
64 107 1
63 106 1
62 106 1
61 106 1
60 105 1
59 104 1
58 103 1
58 102 1
58 101 1
58 100 1
59 99 1
59 98 1
59 97 1
60 96 1
60 95 1
60 94 1
61 93 1
.PEN_UP
.PEN_DOWN
44 137 1
43 138 1
43 139 1
43 140 1
43 141 1
43 142 1
43 143 1
43 144 1
43 145 1
43 146 1
43 147 1
43 148 1
43 149 1
43 150 1
44 151 1
44 152 1
44 153 1
45 154 1
45 155 1
45 156 1
46 157 1
47 158 1
47 159 1
48 160 1
49 161 1
50 162 1
51 162 1
52 162 1
53 163 1
54 163 1
55 163 1
56 163 1
57 163 1
58 162 1
59 162 1
60 162 1
61 162 1
62 162 1
64 164 1
65 165 1
65 166 1
66 167 1
66 168 1
67 169 1
67 170 1
67 171 1
68 172 1
66 174 1
65 174 1
64 174 1
63 174 1
62 174 1
61 175 1
60 175 1
59 175 1
58 175 1
57 175 1
56 175 1
55 175 1
54 175 1
53 175 1
52 175 1
51 175 1
50 175 1
49 175 1
48 175 1
47 176 1
46 176 1
45 176 1
44 176 1
43 176 1
42 176 1
41 177 1
41 178 1
41 179 1
41 180 1
40 181 1
40 182 1
40 183 1
40 184 1
40 185 1
40 186 1
40 187 1
40 188 1
40 189 1
40 190 1
39 191 1
39 192 1
39 193 1
39 194 1
39 195 1
39 196 1
39 197 1
38 198 1
38 199 1
38 200 1
38 201 1
38 202 1
38 203 1
38 204 1
38 205 1
38 206 1
38 207 1
37 208 1
.PEN_UP
