.PEN_DOWN
26 4 1
25 4 1
24 5 1
23 5 1
22 6 1
21 6 1
20 7 1
19 8 1
18 9 1
17 9 1
16 10 1
15 11 1
15 12 1
14 13 1
14 14 1
13 15 1
13 16 1
12 17 1
11 18 1
11 19 1
10 20 1
9 21 1
8 22 1
8 23 1
7 24 1
7 25 1
6 26 1
6 27 1
6 28 1
5 29 1
5 30 1
5 31 1
4 32 1
4 33 1
4 34 1
3 35 1
3 36 1
2 37 1
2 38 1
2 39 1
2 40 1
2 41 1
1 42 1
1 43 1
1 44 1
1 45 1
1 46 1
1 47 1
1 48 1
1 49 1
1 50 1
1 51 1
1 52 1
1 53 1
1 54 1
2 55 1
2 56 1
3 57 1
3 58 1
4 59 1
5 60 1
6 61 1
7 62 1
8 63 1
9 64 1
10 64 1
11 65 1
12 65 1
13 65 1
14 65 1
15 65 1
16 65 1
17 65 1
18 64 1
19 64 1
.PEN_UP
.PEN_DOWN
32 1 1
33 1 1
34 2 1
35 2 1
36 2 1
37 2 1
38 2 1
39 2 1
.PEN_UP
.PEN_DOWN
43 25 1
42 26 1
42 27 1
41 28 1
41 29 1
39 30 1
38 30 1
37 31 1
36 31 1
35 31 1
34 31 1
33 32 1
32 33 1
32 34 1
32 35 1
32 36 1
32 37 1
32 38 1
32 39 1
31 40 1
31 41 1
31 42 1
30 43 1
30 44 1
30 45 1
30 46 1
30 47 1
30 48 1
30 49 1
30 50 1
30 51 1
31 52 1
31 53 1
32 54 1
32 55 1
33 56 1
34 56 1
35 56 1
36 56 1
37 55 1
38 55 1
39 55 1
40 55 1
41 54 1
42 54 1
43 54 1
44 53 1
45 53 1
46 53 1
47 52 1
48 52 1
49 52 1
50 52 1
51 52 1
52 51 1
55 51 1
56 50 1
57 49 1
58 48 1
59 47 1
.PEN_UP
.PEN_DOWN
53 51 1
53 53 1
53 54 1
53 55 1
52 56 1
52 57 1
52 58 1
51 59 1
51 60 1
51 61 1
50 62 1
50 63 1
50 64 1
50 65 1
51 66 1
52 67 1
53 68 1
54 68 1
55 68 1
56 69 1
57 69 1
58 69 1
59 69 1
60 69 1
61 69 1
62 69 1
63 68 1
64 68 1
65 68 1
66 68 1
67 67 1
68 67 1
69 67 1
70 66 1
71 66 1
72 65 1
73 65 1
74 64 1
75 63 1
76 63 1
77 62 1
78 61 1
79 61 1
80 60 1
81 59 1
82 59 1
83 58 1
84 57 1
85 56 1
86 56 1
87 55 1
88 55 1
89 54 1
90 53 1
91 52 1
92 52 1
93 51 1
94 51 1
95 50 1
96 50 1
97 49 1
98 49 1
99 48 1
100 48 1
101 47 1
102 47 1
103 47 1
104 46 1
105 46 1
106 46 1
107 46 1
108 46 1
109 46 1
110 46 1
111 46 1
112 46 1
113 46 1
114 47 1
115 47 1
116 48 1
117 49 1
118 50 1
119 51 1
119 52 1
118 53 1
.PEN_UP
.PEN_DOWN
40 30 1
43 30 1
44 30 1
45 30 1
46 30 1
47 30 1
48 30 1
49 30 1
50 29 1
51 29 1
52 29 1
53 29 1
54 28 1
55 28 1
56 28 1
57 28 1
58 28 1
59 28 1
60 28 1
61 27 1
62 27 1
63 27 1
64 27 1
65 26 1
66 26 1
67 26 1
68 25 1
69 25 1
70 25 1
71 24 1
72 24 1
73 24 1
74 24 1
75 24 1
76 24 1
.PEN_UP
.PEN_DOWN
45 72 1
44 72 1
43 71 1
42 72 1
41 72 1
40 72 1
39 73 1
38 74 1
37 75 1
37 76 1
37 77 1
36 78 1
36 79 1
36 80 1
35 81 1
34 82 1
34 83 1
33 84 1
33 85 1
33 86 1
33 87 1
33 88 1
33 89 1
33 90 1
33 91 1
33 92 1
33 93 1
34 94 1
35 95 1
36 96 1
37 96 1
38 96 1
39 96 1
40 97 1
41 97 1
42 97 1
43 97 1
44 98 1
45 98 1
46 98 1
48 99 1
48 100 1
49 101 1
50 101 1
51 102 1
52 102 1
53 101 1
54 101 1
55 101 1
56 101 1
57 100 1
58 99 1
59 98 1
60 98 1
61 97 1
61 96 1
62 95 1
63 94 1
64 93 1
64 92 1
65 91 1
66 90 1
67 89 1
68 88 1
69 87 1
70 86 1
71 85 1
72 84 1
73 83 1
74 82 1
75 81 1
76 81 1
77 81 1
78 81 1
79 81 1
80 82 1
81 83 1
81 84 1
81 85 1
81 86 1
82 87 1
82 88 1
82 89 1
82 90 1
82 91 1
82 92 1
82 93 1
82 94 1
82 95 1
82 96 1
81 97 1
80 98 1
79 99 1
78 100 1
78 101 1
77 102 1
76 103 1
76 104 1
75 105 1
74 106 1
74 107 1
73 108 1
73 109 1
73 110 1
72 111 1
72 112 1
72 113 1
73 114 1
72 116 1
71 117 1
70 117 1
69 117 1
68 117 1
67 118 1
66 118 1
65 118 1
64 118 1
63 118 1
62 119 1
61 119 1
60 120 1
59 120 1
58 120 1
57 121 1
56 121 1
55 121 1
54 122 1
53 122 1
52 122 1
51 123 1
50 123 1
49 124 1
48 124 1
47 124 1
46 124 1
45 125 1
44 125 1
43 125 1
42 126 1
41 126 1
40 127 1
39 127 1
38 128 1
37 128 1
36 129 1
35 129 1
34 130 1
33 130 1
32 131 1
30 131 1
29 131 1
28 131 1
27 132 1
26 133 1
26 134 1
25 135 1
25 136 1
25 137 1
26 138 1
28 138 1
29 138 1
30 138 1
31 137 1
32 135 1
32 134 1
32 133 1
32 132 1
.PEN_UP
.PEN_DOWN
32 136 1
32 139 1
32 140 1
32 141 1
33 142 1
33 143 1
32 144 1
33 145 1
34 145 1
35 146 1
36 146 1
37 147 1
38 148 1
39 148 1
.PEN_UP
.PEN_DOWN
31 144 1
31 146 1
31 147 1
31 148 1
31 149 1
32 150 1
33 151 1
34 152 1
35 153 1
36 154 1
37 154 1
38 155 1
40 156 1
41 155 1
42 155 1
43 155 1
44 155 1
45 155 1
46 155 1
47 155 1
49 156 1
50 156 1
51 156 1
52 156 1
53 156 1
54 156 1
55 155 1
56 155 1
57 155 1
58 155 1
59 154 1
60 154 1
61 154 1
62 153 1
63 153 1
64 152 1
65 152 1
66 151 1
67 151 1
68 151 1
69 150 1
69 149 1
70 148 1
70 147 1
71 146 1
71 145 1
69 144 1
68 144 1
67 144 1
66 145 1
65 145 1
64 145 1
63 145 1
62 145 1
61 146 1
60 146 1
59 146 1
58 147 1
57 147 1
56 148 1
55 148 1
54 148 1
53 149 1
52 149 1
51 150 1
50 150 1
49 151 1
49 152 1
48 153 1
48 154 1
.PEN_UP
.PEN_DOWN
70 144 1
73 144 1
74 144 1
75 144 1
.PEN_UP
.PEN_DOWN
38 156 1
38 158 1
37 159 1
37 160 1
36 161 1
36 162 1
35 163 1
34 164 1
34 165 1
34 166 1
34 167 1
34 168 1
34 169 1
34 170 1
35 171 1
35 172 1
36 173 1
36 174 1
36 175 1
36 176 1
37 177 1
.PEN_UP
.PEN_DOWN
30 144 1
29 144 1
28 143 1
27 142 1
26 141 1
26 140 1
26 139 1
.PEN_UP
.PEN_DOWN
73 115 1
75 115 1
76 115 1
77 115 1
78 115 1
79 115 1
80 114 1
81 114 1
82 115 1
83 115 1
.PEN_UP
.PEN_DOWN
47 97 1
48 96 1
48 95 1
48 94 1
48 93 1
.PEN_UP
.PEN_DOWN
96 96 1
97 95 1
98 94 1
99 94 1
100 93 1
.PEN_UP
