.PEN_DOWN
14 41 1
13 40 1
13 39 1
12 38 1
12 37 1
11 36 1
11 35 1
11 34 1
11 33 1
10 32 1
10 31 1
10 30 1
10 29 1
10 28 1
10 27 1
11 26 1
11 25 1
11 24 1
12 23 1
12 22 1
13 21 1
13 20 1
14 19 1
15 18 1
16 17 1
17 16 1
17 15 1
18 14 1
19 13 1
20 12 1
21 11 1
22 11 1
23 10 1
24 10 1
25 9 1
26 8 1
27 8 1
28 8 1
29 7 1
30 7 1
31 6 1
32 6 1
33 6 1
34 5 1
35 5 1
36 5 1
37 4 1
38 4 1
39 3 1
40 3 1
41 3 1
42 2 1
43 2 1
44 2 1
45 1 1
46 1 1
47 1 1
48 1 1
49 1 1
50 1 1
51 1 1
52 1 1
53 1 1
54 1 1
55 1 1
56 1 1
57 1 1
58 1 1
59 1 1
60 1 1
61 1 1
62 2 1
63 3 1
64 3 1
65 4 1
66 5 1
67 6 1
68 7 1
69 8 1
69 9 1
70 10 1
70 11 1
71 12 1
71 13 1
72 14 1
72 15 1
72 16 1
72 17 1
73 18 1
73 19 1
73 20 1
73 21 1
73 22 1
73 23 1
73 24 1
73 25 1
73 26 1
73 27 1
73 28 1
73 29 1
73 30 1
73 31 1
73 32 1
73 33 1
73 34 1
72 35 1
72 36 1
72 37 1
71 38 1
71 39 1
71 40 1
70 41 1
70 42 1
69 43 1
69 44 1
69 45 1
68 46 1
67 47 1
67 48 1
66 49 1
66 50 1
65 51 1
64 52 1
63 53 1
63 54 1
62 55 1
61 56 1
60 57 1
59 58 1
59 59 1
58 60 1
57 61 1
56 62 1
56 63 1
55 64 1
54 65 1
53 66 1
52 67 1
52 68 1
51 69 1
50 70 1
49 71 1
49 72 1
48 73 1
48 74 1
48 75 1
47 76 1
46 76 1
45 76 1
44 76 1
43 76 1
42 75 1
41 75 1
40 75 1
39 75 1
38 74 1
37 74 1
36 73 1
35 73 1
34 73 1
33 72 1
32 71 1
31 71 1
30 70 1
29 69 1
28 68 1
27 67 1
26 66 1
26 65 1
26 64 1
26 63 1
27 62 1
27 61 1
28 60 1
29 59 1
31 58 1
32 58 1
33 58 1
34 58 1
35 58 1
36 57 1
.PEN_UP
.PEN_DOWN
29 58 1
29 56 1
29 55 1
29 54 1
29 53 1
28 52 1
28 51 1
.PEN_UP
.PEN_DOWN
48 77 1
49 78 1
50 79 1
51 79 1
.PEN_UP
.PEN_DOWN
30 82 1
29 83 1
28 83 1
27 84 1
26 85 1
26 86 1
25 87 1
25 88 1
25 89 1
24 90 1
24 91 1
24 92 1
25 93 1
25 94 1
26 95 1
27 96 1
27 97 1
28 98 1
30 99 1
31 99 1
32 99 1
33 99 1
34 99 1
35 99 1
36 99 1
37 99 1
38 99 1
39 99 1
40 99 1
42 101 1
42 102 1
43 103 1
44 104 1
45 104 1
46 105 1
47 106 1
48 106 1
49 107 1
50 107 1
51 108 1
.PEN_UP
.PEN_DOWN
41 98 1
41 97 1
41 96 1
42 95 1
43 94 1
43 93 1
44 92 1
45 91 1
45 90 1
.PEN_UP
.PEN_DOWN
28 99 1
27 101 1
26 102 1
25 103 1
24 104 1
23 105 1
23 106 1
22 107 1
22 108 1
22 109 1
22 110 1
22 111 1
23 112 1
24 113 1
25 114 1
26 115 1
27 115 1
28 116 1
29 116 1
30 116 1
31 117 1
32 117 1
33 117 1
34 117 1
35 117 1
36 118 1
37 118 1
.PEN_UP
.PEN_DOWN
27 129 1
28 129 1
29 130 1
30 130 1
31 130 1
32 130 1
33 130 1
34 130 1
35 131 1
36 131 1
37 131 1
38 132 1
39 132 1
40 132 1
41 132 1
42 133 1
43 133 1
44 133 1
45 134 1
46 135 1
47 135 1
48 136 1
48 137 1
48 138 1
49 139 1
48 140 1
48 141 1
48 142 1
48 143 1
47 144 1
46 145 1
45 146 1
44 147 1
43 147 1
42 148 1
41 149 1
40 149 1
39 149 1
38 149 1
37 149 1
36 149 1
35 149 1
34 149 1
33 149 1
32 149 1
31 149 1
30 149 1
29 149 1
28 150 1
26 149 1
25 148 1
24 147 1
.PEN_UP
.PEN_DOWN
27 150 1
28 152 1
28 153 1
28 154 1
28 155 1
29 156 1
29 157 1
29 158 1
29 159 1
29 160 1
29 161 1
29 162 1
29 163 1
28 164 1
27 165 1
26 165 1
25 166 1
24 166 1
23 166 1
22 166 1
21 166 1
20 166 1
19 167 1
18 167 1
17 167 1
16 167 1
15 167 1
14 167 1
13 167 1
12 167 1
11 167 1
10 167 1
9 166 1
8 166 1
7 166 1
6 166 1
5 166 1
4 166 1
3 165 1
2 165 1
1 165 1
.PEN_UP
.PEN_DOWN
26 181 1
26 182 1
27 183 1
27 184 1
27 185 1
27 186 1
29 187 1
30 187 1
31 187 1
32 188 1
33 188 1
34 189 1
35 189 1
36 190 1
37 190 1
38 191 1
39 191 1
40 192 1
41 192 1
42 193 1
43 193 1
44 194 1
45 194 1
46 195 1
47 195 1
.PEN_UP
.PEN_DOWN
27 187 1
26 188 1
25 189 1
24 190 1
23 191 1
23 192 1
22 193 1
21 194 1
21 195 1
20 196 1
.PEN_UP
