.PEN_DOWN
62 2 1
61 2 1
60 2 1
59 2 1
58 1 1
57 1 1
56 1 1
55 1 1
54 1 1
53 1 1
52 1 1
51 1 1
50 2 1
49 2 1
48 3 1
47 4 1
47 5 1
46 6 1
45 7 1
44 8 1
44 9 1
43 10 1
43 11 1
43 12 1
42 13 1
42 14 1
42 15 1
41 16 1
41 17 1
41 18 1
40 19 1
40 20 1
40 21 1
40 22 1
39 23 1
39 24 1
39 25 1
39 26 1
39 27 1
39 28 1
38 29 1
38 30 1
38 31 1
38 32 1
38 33 1
38 34 1
38 35 1
38 36 1
37 37 1
37 38 1
37 39 1
37 40 1
37 41 1
37 42 1
37 43 1
37 44 1
37 45 1
37 46 1
37 47 1
37 48 1
37 49 1
37 50 1
38 51 1
39 52 1
40 52 1
41 52 1
42 52 1
43 52 1
44 51 1
45 51 1
46 50 1
47 49 1
48 49 1
49 48 1
50 47 1
51 46 1
52 45 1
52 44 1
53 43 1
54 42 1
54 41 1
55 40 1
56 39 1
57 38 1
57 37 1
58 36 1
59 35 1
60 34 1
60 33 1
61 32 1
61 31 1
62 30 1
63 29 1
63 28 1
64 27 1
65 26 1
66 25 1
67 24 1
68 23 1
69 23 1
70 22 1
71 21 1
72 20 1
73 20 1
74 20 1
75 20 1
76 20 1
77 21 1
78 22 1
79 23 1
80 24 1
81 25 1
82 26 1
83 27 1
83 28 1
84 29 1
84 30 1
85 31 1
85 32 1
86 33 1
86 34 1
86 35 1
87 36 1
87 37 1
87 38 1
88 39 1
88 40 1
88 41 1
88 42 1
88 43 1
89 44 1
89 45 1
89 46 1
89 47 1
89 48 1
88 49 1
87 49 1
86 50 1
85 50 1
84 50 1
83 51 1
82 52 1
80 53 1
79 53 1
78 53 1
77 53 1
76 53 1
75 53 1
74 53 1
73 54 1
72 54 1
71 55 1
70 55 1
68 54 1
67 54 1
66 54 1
65 54 1
64 55 1
63 55 1
62 55 1
61 55 1
60 55 1
59 55 1
58 55 1
57 56 1
56 56 1
55 56 1
54 56 1
53 57 1
52 57 1
51 58 1
50 59 1
49 59 1
48 60 1
47 60 1
46 61 1
45 62 1
44 63 1
43 63 1
42 64 1
41 65 1
40 66 1
39 67 1
38 68 1
38 69 1
37 70 1
37 71 1
36 72 1
35 73 1
35 74 1
34 75 1
34 76 1
33 77 1
33 78 1
33 79 1
33 80 1
32 81 1
32 82 1
32 83 1
32 84 1
32 85 1
32 86 1
32 87 1
32 88 1
32 89 1
32 90 1
32 91 1
32 92 1
32 93 1
32 94 1
32 95 1
32 96 1
33 97 1
33 98 1
33 99 1
33 100 1
33 101 1
33 102 1
34 103 1
34 104 1
34 105 1
34 106 1
34 107 1
34 108 1
34 109 1
35 110 1
35 111 1
35 112 1
35 113 1
35 114 1
36 115 1
36 116 1
37 117 1
38 117 1
39 117 1
40 117 1
41 118 1
42 118 1
44 116 1
44 115 1
45 114 1
46 113 1
47 113 1
48 112 1
49 111 1
50 110 1
51 109 1
52 108 1
53 107 1
54 106 1
55 105 1
56 105 1
57 104 1
58 103 1
59 102 1
60 102 1
61 101 1
62 100 1
63 99 1
64 99 1
65 99 1
66 99 1
67 99 1
68 99 1
69 99 1
70 100 1
71 101 1
72 102 1
73 103 1
74 104 1
74 105 1
74 106 1
75 107 1
75 108 1
76 109 1
76 110 1
76 111 1
76 112 1
77 113 1
77 114 1
76 115 1
76 116 1
75 117 1
74 117 1
73 117 1
72 117 1
71 117 1
70 117 1
69 117 1
68 118 1
67 118 1
66 118 1
65 118 1
64 119 1
63 119 1
62 119 1
61 119 1
60 119 1
59 119 1
58 120 1
57 120 1
56 120 1
55 120 1
54 120 1
53 121 1
52 121 1
51 121 1
50 121 1
49 121 1
48 121 1
47 121 1
46 120 1
43 121 1
42 122 1
41 123 1
40 124 1
39 125 1
38 126 1
37 126 1
36 127 1
36 128 1
35 129 1
35 130 1
35 131 1
35 132 1
35 133 1
35 134 1
35 135 1
36 136 1
36 137 1
36 138 1
37 139 1
37 140 1
38 141 1
39 142 1
40 143 1
41 144 1
42 145 1
43 146 1
44 147 1
45 148 1
46 149 1
47 149 1
48 150 1
48 151 1
48 152 1
49 153 1
51 154 1
52 154 1
53 154 1
54 154 1
55 154 1
56 154 1
57 154 1
58 154 1
59 154 1
60 154 1
61 154 1
62 154 1
63 154 1
64 154 1
65 154 1
66 154 1
67 155 1
68 155 1
69 155 1
70 156 1
71 156 1
.PEN_UP
.PEN_DOWN
48 154 1
47 155 1
46 156 1
45 156 1
44 157 1
43 157 1
42 158 1
41 158 1
40 159 1
39 159 1
38 160 1
37 161 1
36 162 1
35 163 1
34 164 1
33 165 1
33 166 1
32 167 1
31 168 1
30 169 1
29 170 1
29 171 1
28 172 1
27 173 1
27 174 1
26 175 1
26 176 1
25 177 1
25 178 1
24 179 1
24 180 1
24 181 1
23 182 1
23 183 1
23 184 1
23 185 1
22 186 1
22 187 1
22 188 1
22 189 1
22 190 1
22 191 1
22 192 1
22 193 1
22 194 1
22 195 1
23 196 1
24 197 1
26 198 1
27 197 1
28 197 1
29 197 1
30 197 1
31 197 1
33 198 1
34 198 1
35 198 1
36 198 1
37 198 1
38 198 1
39 198 1
40 198 1
41 198 1
42 197 1
43 197 1
44 197 1
45 197 1
46 196 1
47 196 1
48 196 1
49 196 1
50 195 1
51 195 1
52 194 1
53 194 1
54 194 1
55 194 1
56 194 1
57 193 1
58 193 1
59 193 1
60 193 1
61 193 1
62 192 1
63 191 1
63 190 1
63 189 1
63 188 1
62 187 1
62 186 1
61 185 1
61 184 1
60 183 1
59 182 1
58 181 1
57 180 1
56 179 1
55 178 1
54 178 1
53 178 1
52 178 1
51 178 1
50 178 1
49 178 1
48 178 1
47 179 1
46 180 1
45 181 1
44 182 1
43 183 1
42 184 1
41 185 1
40 186 1
39 187 1
38 188 1
38 189 1
37 190 1
36 191 1
35 191 1
34 192 1
34 193 1
33 194 1
33 195 1
32 196 1
.PEN_UP
.PEN_DOWN
24 198 1
23 200 1
22 201 1
21 201 1
20 201 1
19 202 1
18 202 1
17 203 1
16 204 1
15 205 1
15 206 1
14 207 1
13 208 1
12 209 1
12 210 1
11 211 1
10 212 1
10 213 1
9 214 1
9 215 1
8 216 1
8 217 1
8 218 1
7 219 1
7 220 1
6 221 1
6 222 1
5 223 1
5 224 1
5 225 1
4 226 1
4 227 1
4 228 1
3 229 1
3 230 1
3 231 1
2 232 1
2 233 1
1 234 1
.PEN_UP
.PEN_DOWN
69 55 1
68 57 1
68 58 1
68 59 1
67 60 1
67 61 1
66 62 1
65 63 1
65 64 1
64 65 1
64 66 1
64 67 1
64 68 1
64 69 1
64 70 1
65 71 1
66 72 1
67 73 1
68 74 1
69 74 1
70 75 1
71 75 1
72 75 1
73 76 1
74 76 1
75 76 1
76 76 1
77 76 1
78 76 1
79 76 1
80 76 1
81 75 1
82 75 1
83 75 1
84 74 1
85 74 1
86 73 1
87 72 1
88 71 1
89 70 1
89 69 1
89 68 1
90 67 1
90 66 1
90 65 1
89 64 1
89 63 1
89 62 1
88 61 1
87 60 1
86 59 1
85 58 1
84 57 1
83 56 1
82 55 1
82 54 1
.PEN_UP
.PEN_DOWN
96 178 1
97 177 1
98 177 1
99 177 1
100 177 1
101 176 1
102 176 1
103 175 1
104 175 1
105 174 1
106 174 1
107 173 1
108 172 1
.PEN_UP
