.PEN_DOWN
67 61 1
66 61 1
65 62 1
64 62 1
63 62 1
62 62 1
61 62 1
60 63 1
59 63 1
58 63 1
57 64 1
56 64 1
55 65 1
54 65 1
53 65 1
52 65 1
51 66 1
50 66 1
49 66 1
48 66 1
47 66 1
46 66 1
45 66 1
44 66 1
43 66 1
42 66 1
41 66 1
40 66 1
39 66 1
37 64 1
36 64 1
35 63 1
34 63 1
33 62 1
32 62 1
31 61 1
30 60 1
29 59 1
28 58 1
27 57 1
27 56 1
26 55 1
26 54 1
26 53 1
26 52 1
26 51 1
26 50 1
27 49 1
27 48 1
27 47 1
28 46 1
28 45 1
29 44 1
30 43 1
31 43 1
32 42 1
33 42 1
34 41 1
35 41 1
36 40 1
37 40 1
38 40 1
39 40 1
40 39 1
41 39 1
42 39 1
43 38 1
44 38 1
45 38 1
46 38 1
47 38 1
48 37 1
49 37 1
50 37 1
51 37 1
52 36 1
53 36 1
54 36 1
55 36 1
56 36 1
57 35 1
58 35 1
59 35 1
60 35 1
61 34 1
62 34 1
63 33 1
64 33 1
65 33 1
66 32 1
67 32 1
68 32 1
69 32 1
70 31 1
71 31 1
72 30 1
72 29 1
72 28 1
73 27 1
73 26 1
73 25 1
73 24 1
74 23 1
74 22 1
73 21 1
73 20 1
73 19 1
72 18 1
71 17 1
70 16 1
69 15 1
68 15 1
67 15 1
66 15 1
65 15 1
64 15 1
63 15 1
62 16 1
61 16 1
60 17 1
59 18 1
58 18 1
57 19 1
56 19 1
55 20 1
54 20 1
53 20 1
52 21 1
51 21 1
50 21 1
49 21 1
48 21 1
47 21 1
46 22 1
45 21 1
44 21 1
43 20 1
43 19 1
42 18 1
42 17 1
42 16 1
44 14 1
45 13 1
46 13 1
47 12 1
47 11 1
48 10 1
49 9 1
50 8 1
51 7 1
51 6 1
51 5 1
51 4 1
51 3 1
51 2 1
50 1 1
49 1 1
48 1 1
47 2 1
46 2 1
45 3 1
44 3 1
43 4 1
42 5 1
41 6 1
41 7 1
40 8 1
40 9 1
39 10 1
39 11 1
39 12 1
39 13 1
40 14 1
41 15 1
.PEN_UP
.PEN_DOWN
38 65 1
38 68 1
37 69 1
37 70 1
36 71 1
35 71 1
34 72 1
33 72 1
32 73 1
31 73 1
30 74 1
29 75 1
28 76 1
27 77 1
26 78 1
26 79 1
25 80 1
25 81 1
25 82 1
25 83 1
26 84 1
27 84 1
28 84 1
29 84 1
30 85 1
30 86 1
30 87 1
30 88 1
30 89 1
30 90 1
29 91 1
29 92 1
29 93 1
29 94 1
28 95 1
28 96 1
27 97 1
27 98 1
27 99 1
27 100 1
26 101 1
26 102 1
26 103 1
25 104 1
25 105 1
25 106 1
25 107 1
25 108 1
25 109 1
25 110 1
25 111 1
25 112 1
25 113 1
26 114 1
27 116 1
27 117 1
27 118 1
27 119 1
27 120 1
28 121 1
28 122 1
29 123 1
29 124 1
30 125 1
30 126 1
31 127 1
32 128 1
32 129 1
33 130 1
34 130 1
35 131 1
36 131 1
37 131 1
39 133 1
40 134 1
41 133 1
42 133 1
43 133 1
44 133 1
45 133 1
46 133 1
47 132 1
48 132 1
49 131 1
50 130 1
51 130 1
52 129 1
52 128 1
52 127 1
53 126 1
53 125 1
53 124 1
52 123 1
51 123 1
50 123 1
49 123 1
48 123 1
47 123 1
46 124 1
45 124 1
44 125 1
43 125 1
42 126 1
41 126 1
40 127 1
40 128 1
40 129 1
39 130 1
38 131 1
.PEN_UP
.PEN_DOWN
27 114 1
28 113 1
29 113 1
30 113 1
31 112 1
32 112 1
33 112 1
34 112 1
35 111 1
37 111 1
38 111 1
39 111 1
40 111 1
41 111 1
42 111 1
43 111 1
44 111 1
45 111 1
46 111 1
47 111 1
48 111 1
49 111 1
50 111 1
51 111 1
52 111 1
53 111 1
54 111 1
55 111 1
56 111 1
57 111 1
58 111 1
59 111 1
60 110 1
62 111 1
63 111 1
64 111 1
65 111 1
66 112 1
67 112 1
68 113 1
69 113 1
.PEN_UP
.PEN_DOWN
60 109 1
60 108 1
59 107 1
59 106 1
59 105 1
58 104 1
57 103 1
56 102 1
55 101 1
54 100 1
53 100 1
52 99 1
51 99 1
50 99 1
49 98 1
48 98 1
47 99 1
46 99 1
45 99 1
44 99 1
43 100 1
42 101 1
41 102 1
40 103 1
39 104 1
38 105 1
37 106 1
36 107 1
36 108 1
35 109 1
35 110 1
.PEN_UP
.PEN_DOWN
17 161 1
17 160 1
18 159 1
19 159 1
20 158 1
21 157 1
22 157 1
23 156 1
24 156 1
25 155 1
26 155 1
27 154 1
28 154 1
29 153 1
30 153 1
31 152 1
32 152 1
33 151 1
34 151 1
35 150 1
36 150 1
37 149 1
38 149 1
39 149 1
40 149 1
41 148 1
42 148 1
43 148 1
44 148 1
45 148 1
46 148 1
47 148 1
48 148 1
49 148 1
50 148 1
51 148 1
52 148 1
53 148 1
54 148 1
55 148 1
56 149 1
57 149 1
58 149 1
59 150 1
60 150 1
61 150 1
62 151 1
63 152 1
64 152 1
65 153 1
66 154 1
67 155 1
68 156 1
69 157 1
70 158 1
71 159 1
72 160 1
73 161 1
73 162 1
74 163 1
74 164 1
75 165 1
75 166 1
75 167 1
75 168 1
75 169 1
75 170 1
.PEN_UP
.PEN_DOWN
43 179 1
44 178 1
45 178 1
46 177 1
47 177 1
48 177 1
49 176 1
50 176 1
51 175 1
52 174 1
52 173 1
53 172 1
53 171 1
54 170 1
54 169 1
54 168 1
54 167 1
54 166 1
54 165 1
53 164 1
52 163 1
51 163 1
50 163 1
49 163 1
48 163 1
47 163 1
46 164 1
45 164 1
44 164 1
43 164 1
42 165 1
41 165 1
40 166 1
39 166 1
38 167 1
37 167 1
36 168 1
35 168 1
34 169 1
33 170 1
32 171 1
31 172 1
31 173 1
30 174 1
30 175 1
30 176 1
31 177 1
31 178 1
32 179 1
33 180 1
34 181 1
35 182 1
36 183 1
37 184 1
37 185 1
37 186 1
36 187 1
36 188 1
35 189 1
35 190 1
34 191 1
33 192 1
33 193 1
32 194 1
32 195 1
32 196 1
32 197 1
32 198 1
32 199 1
32 200 1
32 201 1
31 202 1
30 202 1
29 202 1
28 201 1
27 201 1
26 201 1
25 201 1
24 201 1
23 201 1
22 201 1
21 202 1
20 202 1
19 202 1
18 202 1
17 203 1
16 204 1
15 204 1
14 204 1
13 205 1
12 206 1
11 207 1
11 208 1
10 209 1
10 210 1
10 211 1
9 212 1
9 213 1
9 214 1
9 215 1
8 216 1
8 217 1
8 218 1
8 219 1
7 220 1
7 221 1
7 222 1
7 223 1
7 224 1
6 225 1
6 226 1
6 227 1
6 228 1
6 229 1
5 230 1
5 231 1
5 232 1
5 233 1
4 234 1
4 235 1
4 236 1
4 237 1
3 238 1
3 239 1
3 240 1
3 241 1
3 242 1
2 243 1
2 244 1
2 245 1
1 246 1
1 247 1
1 248 1
.PEN_UP
.PEN_DOWN
33 202 1
34 202 1
35 202 1
36 203 1
37 203 1
38 203 1
39 204 1
40 204 1
41 204 1
42 205 1
43 205 1
44 205 1
45 206 1
.PEN_UP
