.PEN_DOWN
33 19 1
34 19 1
35 18 1
35 17 1
35 16 1
36 15 1
37 14 1
38 13 1
39 12 1
40 11 1
40 10 1
41 9 1
42 8 1
43 7 1
44 7 1
45 6 1
46 6 1
47 5 1
48 5 1
49 4 1
50 4 1
51 3 1
52 3 1
53 2 1
54 2 1
55 2 1
56 1 1
57 1 1
58 1 1
59 1 1
60 1 1
61 1 1
62 1 1
63 1 1
64 1 1
65 1 1
66 1 1
67 1 1
68 1 1
69 1 1
70 1 1
71 2 1
72 2 1
73 2 1
74 3 1
75 3 1
76 4 1
77 5 1
78 6 1
79 6 1
80 7 1
81 8 1
82 9 1
82 10 1
83 11 1
84 12 1
84 13 1
84 14 1
85 15 1
85 16 1
85 17 1
85 18 1
85 19 1
85 20 1
85 21 1
84 22 1
84 23 1
84 24 1
83 25 1
83 26 1
82 27 1
.PEN_UP
.PEN_DOWN
1 60 1
1 59 1
1 58 1
1 57 1
1 56 1
1 55 1
1 54 1
1 53 1
1 52 1
1 51 1
1 50 1
2 49 1
2 48 1
2 47 1
3 46 1
3 45 1
4 44 1
5 44 1
6 43 1
7 43 1
8 42 1
9 42 1
10 41 1
11 41 1
12 41 1
13 41 1
14 41 1
15 41 1
16 41 1
17 42 1
18 42 1
19 42 1
20 43 1
21 43 1
22 44 1
23 45 1
24 45 1
25 46 1
26 47 1
27 48 1
28 49 1
28 50 1
29 51 1
29 52 1
29 53 1
29 54 1
30 55 1
30 56 1
30 57 1
31 58 1
33 60 1
34 61 1
35 61 1
36 62 1
37 62 1
38 62 1
39 61 1
40 61 1
41 61 1
.PEN_UP
.PEN_DOWN
32 58 1
33 57 1
34 56 1
35 56 1
36 55 1
37 54 1
38 54 1
39 54 1
40 53 1
41 53 1
42 52 1
43 52 1
44 52 1
45 51 1
46 51 1
47 50 1
48 50 1
49 50 1
50 49 1
51 49 1
52 49 1
53 49 1
54 48 1
56 48 1
57 48 1
58 48 1
59 48 1
60 48 1
61 48 1
62 48 1
63 48 1
64 48 1
65 48 1
66 48 1
67 47 1
68 47 1
69 47 1
70 46 1
71 46 1
.PEN_UP
.PEN_DOWN
54 47 1
53 45 1
52 44 1
51 43 1
51 42 1
50 41 1
50 40 1
50 39 1
51 38 1
51 37 1
52 36 1
53 35 1
54 34 1
55 33 1
56 32 1
57 31 1
58 31 1
59 30 1
60 30 1
61 29 1
62 28 1
63 27 1
64 26 1
65 25 1
.PEN_UP
.PEN_DOWN
31 59 1
30 61 1
29 62 1
29 63 1
29 64 1
29 65 1
29 66 1
28 67 1
28 68 1
28 69 1
27 70 1
27 71 1
26 72 1
25 73 1
25 74 1
25 75 1
25 76 1
24 77 1
24 78 1
23 79 1
23 80 1
23 81 1
23 82 1
24 83 1
25 83 1
26 82 1
27 82 1
28 82 1
29 81 1
30 81 1
31 80 1
32 80 1
33 79 1
34 79 1
35 79 1
36 79 1
37 79 1
39 77 1
40 76 1
41 75 1
42 74 1
43 74 1
44 74 1
45 73 1
46 72 1
47 71 1
48 71 1
49 70 1
50 70 1
51 69 1
52 68 1
53 67 1
54 66 1
55 65 1
.PEN_UP
.PEN_DOWN
38 78 1
39 81 1
40 82 1
41 83 1
42 83 1
43 83 1
44 83 1
45 83 1
46 84 1
47 84 1
48 83 1
49 83 1
50 83 1
51 83 1
52 83 1
53 83 1
54 82 1
55 82 1
56 82 1
57 81 1
58 81 1
59 81 1
60 80 1
61 80 1
62 80 1
63 79 1
64 78 1
65 78 1
66 77 1
67 77 1
68 77 1
69 75 1
70 74 1
70 73 1
71 72 1
72 71 1
73 70 1
74 69 1
75 68 1
76 67 1
77 66 1
78 65 1
79 64 1
80 63 1
81 62 1
82 62 1
83 61 1
83 60 1
.PEN_UP
.PEN_DOWN
69 76 1
70 79 1
70 80 1
71 81 1
72 82 1
73 83 1
74 84 1
75 84 1
76 85 1
77 86 1
78 86 1
79 87 1
.PEN_UP
