.PEN_DOWN
16 3 1
15 4 1
15 5 1
14 6 1
14 7 1
13 8 1
12 9 1
12 10 1
13 11 1
13 12 1
14 13 1
15 14 1
16 15 1
17 16 1
18 16 1
19 17 1
20 17 1
21 18 1
22 18 1
23 19 1
24 19 1
25 19 1
26 19 1
27 19 1
28 19 1
29 19 1
30 19 1
31 19 1
32 19 1
33 19 1
34 18 1
35 18 1
36 18 1
37 18 1
38 18 1
39 18 1
40 18 1
41 18 1
42 18 1
43 18 1
44 18 1
45 18 1
46 18 1
47 19 1
48 20 1
49 21 1
49 22 1
49 23 1
50 24 1
49 25 1
49 26 1
49 27 1
48 28 1
48 29 1
47 30 1
46 30 1
45 30 1
44 30 1
43 30 1
42 31 1
41 30 1
40 30 1
39 30 1
38 29 1
37 28 1
36 28 1
35 27 1
34 27 1
33 27 1
32 27 1
31 27 1
30 27 1
29 27 1
28 27 1
27 27 1
26 27 1
25 27 1
24 28 1
23 29 1
22 30 1
21 31 1
21 32 1
21 33 1
21 34 1
21 35 1
22 36 1
22 37 1
23 38 1
24 39 1
25 40 1
26 40 1
27 41 1
28 41 1
29 42 1
30 42 1
31 43 1
32 43 1
33 43 1
34 43 1
35 43 1
36 43 1
37 43 1
38 43 1
39 43 1
40 43 1
41 42 1
42 42 1
43 42 1
44 41 1
45 41 1
46 41 1
47 41 1
48 40 1
49 40 1
50 39 1
51 39 1
52 38 1
53 38 1
54 38 1
55 37 1
56 36 1
57 36 1
58 35 1
59 34 1
60 34 1
61 34 1
62 34 1
63 33 1
64 32 1
64 31 1
64 30 1
.PEN_UP
.PEN_DOWN
64 34 1
64 35 1
64 36 1
64 37 1
64 38 1
64 39 1
63 40 1
63 41 1
63 42 1
63 43 1
63 44 1
63 45 1
63 46 1
63 47 1
63 48 1
63 49 1
63 50 1
63 51 1
63 52 1
63 53 1
63 54 1
63 55 1
63 56 1
63 57 1
62 58 1
62 59 1
62 60 1
.PEN_UP
.PEN_DOWN
17 48 1
17 47 1
16 46 1
15 45 1
14 45 1
13 45 1
12 44 1
11 45 1
10 46 1
9 47 1
9 48 1
8 49 1
8 50 1
7 51 1
6 52 1
6 53 1
5 54 1
5 55 1
5 56 1
5 57 1
4 58 1
4 59 1
4 60 1
4 61 1
5 62 1
5 63 1
5 64 1
5 65 1
6 66 1
6 67 1
6 68 1
7 69 1
7 70 1
8 71 1
9 72 1
10 73 1
11 74 1
12 75 1
13 76 1
14 77 1
15 77 1
16 78 1
17 79 1
18 79 1
19 79 1
20 80 1
21 80 1
22 80 1
23 80 1
24 80 1
25 79 1
26 79 1
27 79 1
28 78 1
29 78 1
30 78 1
31 77 1
32 76 1
33 76 1
34 75 1
35 75 1
36 74 1
37 74 1
38 74 1
39 73 1
40 73 1
41 73 1
42 71 1
43 70 1
43 69 1
44 68 1
45 67 1
45 66 1
46 65 1
47 64 1
48 63 1
49 62 1
49 61 1
.PEN_UP
.PEN_DOWN
42 72 1
43 75 1
43 76 1
43 77 1
43 78 1
43 79 1
43 80 1
43 81 1
43 82 1
43 83 1
43 84 1
44 85 1
44 86 1
44 87 1
44 88 1
45 89 1
45 90 1
45 91 1
45 92 1
46 93 1
46 94 1
47 95 1
48 96 1
48 97 1
48 98 1
48 99 1
50 100 1
51 100 1
52 101 1
52 102 1
.PEN_UP
.PEN_DOWN
48 100 1
47 101 1
46 101 1
45 101 1
44 101 1
43 101 1
42 102 1
41 102 1
40 101 1
39 101 1
38 101 1
37 101 1
36 101 1
35 101 1
34 101 1
33 101 1
32 101 1
31 101 1
30 101 1
29 101 1
28 101 1
27 101 1
26 101 1
25 101 1
24 101 1
23 101 1
22 101 1
21 101 1
20 101 1
19 101 1
18 101 1
17 101 1
16 101 1
15 101 1
14 101 1
13 101 1
12 101 1
11 101 1
10 101 1
9 101 1
8 101 1
7 101 1
6 101 1
5 102 1
4 102 1
3 103 1
2 104 1
2 105 1
2 106 1
2 107 1
1 108 1
1 109 1
1 110 1
1 111 1
1 112 1
1 113 1
1 114 1
1 115 1
1 116 1
1 117 1
1 118 1
1 119 1
1 120 1
1 121 1
1 122 1
2 123 1
2 124 1
2 125 1
2 126 1
2 127 1
2 128 1
.PEN_UP
