.PEN_DOWN
59 3 1
58 3 1
57 2 1
56 1 1
55 1 1
54 1 1
53 1 1
52 1 1
51 1 1
50 1 1
49 1 1
48 2 1
47 2 1
46 3 1
45 3 1
44 4 1
43 5 1
42 6 1
41 7 1
40 8 1
40 9 1
40 10 1
39 11 1
39 12 1
38 13 1
38 14 1
37 15 1
37 16 1
36 17 1
36 18 1
36 19 1
36 20 1
36 21 1
35 22 1
35 23 1
35 24 1
35 25 1
35 26 1
35 27 1
35 28 1
35 29 1
34 30 1
34 31 1
34 32 1
35 33 1
35 34 1
35 35 1
35 36 1
35 37 1
35 38 1
35 39 1
35 40 1
35 41 1
35 42 1
35 43 1
36 44 1
36 45 1
36 46 1
36 47 1
37 48 1
37 49 1
38 50 1
39 51 1
40 51 1
41 52 1
42 51 1
43 51 1
44 50 1
44 49 1
45 48 1
45 47 1
46 46 1
47 45 1
48 44 1
49 43 1
50 43 1
51 43 1
52 43 1
53 43 1
57 44 1
58 45 1
59 46 1
60 47 1
61 47 1
62 47 1
63 47 1
64 48 1
65 48 1
66 49 1
67 49 1
68 49 1
69 49 1
70 49 1
71 49 1
72 49 1
73 48 1
73 47 1
73 46 1
73 45 1
73 44 1
73 43 1
74 42 1
75 41 1
75 40 1
76 39 1
77 38 1
78 37 1
78 36 1
79 35 1
80 34 1
81 33 1
81 32 1
82 31 1
83 30 1
84 29 1
85 29 1
86 28 1
87 27 1
88 26 1
89 25 1
89 24 1
90 23 1
91 22 1
92 21 1
93 21 1
94 20 1
95 19 1
96 19 1
97 18 1
98 17 1
99 17 1
100 16 1
101 15 1
102 15 1
103 14 1
104 13 1
105 12 1
106 12 1
107 12 1
108 11 1
109 10 1
110 9 1
111 9 1
112 8 1
113 8 1
114 7 1
115 7 1
116 6 1
117 6 1
118 6 1
119 5 1
.PEN_UP
.PEN_DOWN
54 43 1
54 45 1
54 46 1
54 47 1
54 48 1
54 49 1
54 50 1
54 51 1
54 52 1
53 53 1
53 54 1
52 55 1
51 56 1
51 57 1
51 58 1
50 59 1
50 60 1
50 61 1
49 62 1
49 63 1
49 64 1
48 65 1
48 66 1
48 67 1
47 68 1
47 69 1
47 70 1
47 71 1
47 72 1
46 73 1
46 74 1
46 75 1
46 76 1
47 77 1
48 78 1
49 78 1
50 78 1
51 78 1
52 78 1
53 78 1
54 77 1
55 77 1
59 78 1
60 78 1
61 78 1
62 78 1
63 78 1
64 78 1
65 78 1
66 78 1
68 79 1
68 80 1
68 81 1
68 82 1
68 83 1
68 84 1
68 85 1
69 86 1
69 87 1
68 88 1
68 89 1
67 90 1
66 91 1
65 91 1
64 91 1
63 91 1
62 91 1
61 91 1
60 90 1
59 89 1
58 88 1
57 87 1
57 86 1
57 85 1
57 84 1
57 83 1
57 82 1
57 81 1
57 80 1
57 79 1
57 75 1
57 74 1
57 73 1
58 72 1
58 71 1
59 70 1
60 69 1
61 69 1
62 68 1
63 68 1
64 68 1
65 68 1
66 68 1
67 69 1
68 70 1
68 71 1
68 72 1
69 73 1
69 74 1
69 75 1
71 76 1
72 77 1
73 77 1
74 77 1
75 78 1
76 78 1
77 78 1
.PEN_UP
.PEN_DOWN
47 79 1
47 80 1
47 81 1
46 82 1
46 83 1
45 84 1
44 85 1
44 86 1
44 87 1
43 88 1
43 89 1
43 90 1
42 91 1
42 92 1
42 93 1
42 94 1
42 95 1
42 96 1
43 97 1
43 98 1
42 99 1
41 99 1
40 99 1
39 99 1
38 100 1
37 100 1
36 101 1
35 101 1
34 102 1
33 102 1
32 103 1
31 103 1
30 104 1
29 105 1
28 105 1
27 106 1
26 106 1
25 107 1
24 107 1
23 108 1
22 108 1
21 108 1
20 109 1
19 109 1
18 110 1
17 110 1
16 110 1
15 110 1
14 110 1
13 111 1
12 111 1
11 111 1
10 111 1
9 111 1
8 111 1
7 111 1
6 111 1
5 110 1
4 109 1
3 108 1
2 107 1
2 106 1
1 105 1
1 104 1
1 103 1
1 102 1
1 101 1
2 100 1
3 99 1
3 98 1
.PEN_UP
.PEN_DOWN
44 99 1
45 99 1
46 99 1
47 100 1
48 100 1
49 100 1
50 101 1
51 101 1
52 102 1
54 102 1
55 102 1
56 102 1
57 102 1
58 102 1
59 102 1
60 102 1
61 102 1
62 102 1
63 103 1
64 103 1
65 103 1
66 103 1
67 103 1
68 104 1
69 105 1
70 106 1
70 107 1
70 108 1
70 109 1
70 110 1
69 111 1
69 112 1
69 113 1
.PEN_UP
.PEN_DOWN
53 102 1
52 104 1
52 105 1
52 106 1
52 107 1
.PEN_UP
.PEN_DOWN
47 116 1
46 116 1
45 116 1
44 117 1
43 118 1
43 119 1
43 120 1
42 121 1
42 122 1
42 123 1
42 124 1
42 125 1
42 126 1
43 127 1
44 128 1
45 129 1
45 130 1
46 131 1
47 132 1
48 133 1
48 134 1
50 135 1
51 135 1
52 135 1
53 135 1
54 135 1
55 135 1
56 135 1
57 135 1
58 135 1
59 135 1
60 135 1
61 135 1
62 135 1
63 135 1
64 135 1
65 135 1
66 135 1
67 135 1
68 134 1
69 134 1
70 135 1
71 135 1
.PEN_UP
.PEN_DOWN
48 135 1
47 137 1
46 138 1
45 139 1
46 140 1
46 141 1
46 142 1
46 143 1
.PEN_UP
.PEN_DOWN
50 152 1
49 153 1
49 154 1
48 155 1
48 156 1
48 157 1
48 158 1
48 159 1
48 160 1
48 161 1
48 162 1
.PEN_UP
