.PEN_DOWN
30 1 1
30 2 1
31 3 1
31 4 1
31 5 1
31 6 1
30 7 1
29 8 1
27 9 1
26 10 1
25 10 1
24 10 1
23 11 1
22 12 1
21 12 1
20 13 1
19 14 1
18 15 1
17 16 1
16 17 1
15 18 1
14 19 1
13 20 1
12 21 1
11 22 1
10 23 1
9 24 1
9 25 1
8 26 1
7 27 1
6 28 1
5 29 1
4 30 1
3 31 1
3 32 1
2 33 1
2 34 1
1 35 1
1 36 1
2 37 1
2 38 1
3 39 1
4 40 1
5 41 1
6 42 1
7 42 1
8 43 1
9 44 1
10 44 1
11 45 1
12 46 1
13 47 1
14 48 1
15 49 1
16 50 1
17 51 1
18 52 1
18 53 1
19 54 1
19 55 1
20 56 1
20 57 1
21 58 1
21 59 1
.PEN_UP
.PEN_DOWN
28 9 1
29 11 1
29 12 1
29 13 1
29 14 1
29 15 1
29 16 1
30 17 1
30 18 1
30 19 1
30 20 1
30 21 1
30 22 1
31 23 1
32 23 1
33 22 1
34 22 1
35 22 1
36 21 1
37 21 1
38 20 1
39 20 1
40 19 1
41 19 1
42 19 1
43 18 1
44 18 1
45 17 1
46 17 1
47 17 1
48 16 1
49 16 1
50 16 1
51 15 1
52 15 1
53 15 1
54 15 1
55 15 1
.PEN_UP
.PEN_DOWN
30 24 1
29 25 1
29 26 1
28 27 1
28 28 1
27 29 1
.PEN_UP
.PEN_DOWN
30 36 1
29 37 1
29 38 1
29 39 1
28 40 1
28 41 1
27 42 1
27 43 1
27 44 1
27 45 1
27 46 1
27 47 1
27 48 1
27 49 1
27 50 1
28 51 1
29 51 1
30 51 1
31 51 1
32 51 1
33 50 1
33 49 1
34 48 1
35 47 1
36 46 1
37 45 1
38 44 1
39 43 1
40 42 1
41 41 1
42 40 1
43 39 1
44 38 1
45 37 1
46 37 1
47 36 1
48 36 1
49 37 1
50 37 1
51 38 1
52 39 1
53 40 1
53 41 1
53 42 1
54 43 1
54 44 1
54 45 1
54 46 1
54 47 1
54 48 1
54 49 1
53 50 1
52 51 1
52 52 1
51 53 1
51 54 1
50 55 1
48 56 1
47 57 1
46 57 1
45 57 1
44 57 1
43 57 1
42 58 1
41 59 1
39 61 1
38 61 1
37 61 1
36 62 1
35 63 1
34 64 1
33 65 1
32 66 1
32 67 1
32 68 1
31 69 1
31 70 1
31 71 1
31 72 1
31 73 1
31 74 1
30 75 1
30 76 1
29 77 1
29 78 1
29 79 1
29 80 1
29 81 1
29 82 1
29 83 1
29 84 1
29 85 1
29 86 1
29 87 1
29 88 1
29 89 1
29 90 1
29 91 1
29 92 1
29 93 1
29 94 1
29 95 1
29 96 1
29 97 1
30 98 1
31 98 1
32 97 1
33 97 1
34 97 1
35 96 1
36 96 1
37 95 1
38 94 1
39 94 1
40 94 1
41 93 1
42 93 1
43 92 1
44 92 1
45 92 1
46 93 1
47 94 1
48 95 1
50 95 1
51 95 1
52 95 1
53 95 1
54 94 1
55 94 1
56 94 1
57 93 1
57 92 1
57 91 1
58 90 1
.PEN_UP
.PEN_DOWN
57 95 1
57 96 1
57 97 1
57 98 1
57 99 1
56 100 1
55 101 1
55 102 1
55 103 1
54 104 1
54 105 1
53 106 1
52 107 1
51 108 1
50 109 1
49 110 1
48 111 1
47 112 1
46 112 1
45 113 1
44 113 1
43 113 1
42 113 1
41 114 1
40 112 1
40 111 1
40 110 1
41 109 1
42 108 1
43 107 1
44 106 1
44 105 1
45 104 1
45 103 1
46 102 1
46 101 1
46 100 1
47 99 1
47 98 1
47 97 1
48 96 1
.PEN_UP
.PEN_DOWN
58 100 1
59 100 1
60 100 1
61 101 1
62 101 1
63 101 1
64 102 1
65 102 1
66 102 1
67 102 1
68 102 1
69 102 1
70 102 1
71 102 1
.PEN_UP
.PEN_DOWN
40 60 1
41 62 1
41 63 1
41 64 1
42 65 1
42 66 1
43 67 1
43 68 1
44 69 1
45 70 1
46 70 1
47 70 1
48 71 1
49 71 1
50 71 1
51 71 1
52 71 1
53 71 1
54 71 1
55 71 1
56 70 1
57 69 1
57 68 1
57 67 1
57 66 1
57 65 1
57 64 1
57 63 1
56 62 1
55 61 1
54 60 1
53 59 1
52 58 1
51 57 1
50 56 1
.PEN_UP
.PEN_DOWN
25 112 1
25 113 1
25 114 1
25 115 1
25 116 1
25 117 1
25 118 1
25 119 1
25 120 1
25 121 1
25 122 1
25 123 1
25 124 1
25 125 1
25 126 1
25 127 1
24 128 1
24 129 1
24 130 1
24 131 1
24 132 1
24 133 1
24 134 1
24 135 1
24 136 1
24 137 1
24 138 1
24 139 1
23 140 1
.PEN_UP
.PEN_DOWN
74 102 1
75 102 1
76 101 1
77 100 1
78 99 1
79 98 1
80 98 1
81 97 1
81 96 1
82 95 1
83 94 1
84 93 1
84 92 1
85 91 1
88 88 1
89 87 1
90 86 1
90 85 1
91 84 1
91 83 1
92 82 1
92 81 1
93 80 1
93 79 1
94 78 1
94 77 1
94 76 1
94 75 1
94 74 1
94 73 1
94 72 1
94 71 1
94 70 1
93 69 1
93 68 1
92 67 1
91 66 1
90 65 1
89 64 1
88 63 1
87 63 1
86 63 1
85 63 1
84 63 1
83 63 1
82 63 1
81 64 1
80 64 1
79 65 1
78 65 1
77 65 1
76 66 1
75 67 1
74 68 1
73 69 1
72 70 1
72 71 1
71 72 1
71 73 1
71 74 1
71 75 1
71 76 1
71 77 1
72 78 1
72 79 1
73 80 1
73 81 1
74 82 1
75 83 1
76 84 1
77 85 1
78 85 1
79 86 1
80 87 1
81 87 1
82 88 1
83 88 1
84 88 1
85 89 1
88 91 1
89 92 1
90 92 1
91 92 1
92 93 1
93 93 1
94 94 1
95 94 1
96 95 1
97 95 1
98 96 1
99 97 1
100 98 1
101 99 1
102 100 1
103 101 1
103 102 1
103 103 1
103 104 1
103 105 1
103 106 1
103 107 1
102 108 1
.PEN_UP
