.PEN_DOWN
1 42 1
2 42 1
3 41 1
4 41 1
5 41 1
6 41 1
7 41 1
8 41 1
9 41 1
10 41 1
11 42 1
12 42 1
13 42 1
14 42 1
15 42 1
16 42 1
17 42 1
18 43 1
19 43 1
20 43 1
21 44 1
22 45 1
23 45 1
24 46 1
25 46 1
26 46 1
27 47 1
28 47 1
29 47 1
30 48 1
31 48 1
32 49 1
33 49 1
34 50 1
35 50 1
36 51 1
37 52 1
38 54 1
39 55 1
40 56 1
41 57 1
42 58 1
.PEN_UP
.PEN_DOWN
38 51 1
40 50 1
41 50 1
42 49 1
42 48 1
42 47 1
42 46 1
42 45 1
42 44 1
42 43 1
43 42 1
43 41 1
42 39 1
41 38 1
40 37 1
40 36 1
40 35 1
40 34 1
40 33 1
40 32 1
39 31 1
39 30 1
39 29 1
39 28 1
39 27 1
39 26 1
39 25 1
39 24 1
39 23 1
40 22 1
40 21 1
40 20 1
40 19 1
40 18 1
41 17 1
41 16 1
41 15 1
42 14 1
42 13 1
43 12 1
44 11 1
45 10 1
46 9 1
47 8 1
48 7 1
49 7 1
.PEN_UP
.PEN_DOWN
45 40 1
46 40 1
49 41 1
50 41 1
51 42 1
52 42 1
53 42 1
54 42 1
55 42 1
56 43 1
57 43 1
58 43 1
59 43 1
60 43 1
61 43 1
62 42 1
64 43 1
65 43 1
66 44 1
67 44 1
68 45 1
69 45 1
70 46 1
71 46 1
72 47 1
73 48 1
74 48 1
.PEN_UP
.PEN_DOWN
62 41 1
62 40 1
61 39 1
61 38 1
61 37 1
60 36 1
60 35 1
60 34 1
59 33 1
59 32 1
58 31 1
58 30 1
58 29 1
57 28 1
56 27 1
55 28 1
54 28 1
53 29 1
52 30 1
51 31 1
50 32 1
50 33 1
49 34 1
48 35 1
48 36 1
47 37 1
47 38 1
47 39 1
.PEN_UP
.PEN_DOWN
56 26 1
57 25 1
57 24 1
57 23 1
57 22 1
58 21 1
58 20 1
58 19 1
59 18 1
.PEN_UP
.PEN_DOWN
40 67 1
41 67 1
42 67 1
43 67 1
44 67 1
45 68 1
46 68 1
47 68 1
48 68 1
49 68 1
50 68 1
51 69 1
52 69 1
53 69 1
54 69 1
55 70 1
56 70 1
57 70 1
58 70 1
59 70 1
60 71 1
61 71 1
62 71 1
63 71 1
64 72 1
65 72 1
66 72 1
67 72 1
68 73 1
69 73 1
70 74 1
71 74 1
72 75 1
73 76 1
74 77 1
.PEN_UP
.PEN_DOWN
2 88 1
3 89 1
4 90 1
5 90 1
6 91 1
7 91 1
8 92 1
9 93 1
10 93 1
11 93 1
12 94 1
13 94 1
14 94 1
15 95 1
16 95 1
17 95 1
18 95 1
19 96 1
20 96 1
21 96 1
22 97 1
23 97 1
.PEN_UP
.PEN_DOWN
45 76 1
44 76 1
43 76 1
42 76 1
41 77 1
40 78 1
40 79 1
39 80 1
39 81 1
38 82 1
38 83 1
38 84 1
38 85 1
38 86 1
37 87 1
36 88 1
36 89 1
36 90 1
36 91 1
35 92 1
35 93 1
35 94 1
35 95 1
34 96 1
34 97 1
34 98 1
34 99 1
34 100 1
34 101 1
34 102 1
34 103 1
34 104 1
34 105 1
34 106 1
35 107 1
36 108 1
37 109 1
38 109 1
39 109 1
40 109 1
41 109 1
42 109 1
43 109 1
44 110 1
45 111 1
46 111 1
47 111 1
48 111 1
49 111 1
50 111 1
51 111 1
52 112 1
53 112 1
54 112 1
55 112 1
56 112 1
57 112 1
58 112 1
59 112 1
60 112 1
61 112 1
62 112 1
63 112 1
66 112 1
67 113 1
68 113 1
69 114 1
70 114 1
71 115 1
72 116 1
72 117 1
.PEN_UP
.PEN_DOWN
64 111 1
64 110 1
64 109 1
64 108 1
63 107 1
63 106 1
62 105 1
61 104 1
61 103 1
60 102 1
59 101 1
58 100 1
58 99 1
57 98 1
57 97 1
56 96 1
55 95 1
54 96 1
53 96 1
52 97 1
52 98 1
51 99 1
50 100 1
49 101 1
49 102 1
48 103 1
47 104 1
46 105 1
45 106 1
44 107 1
44 108 1
.PEN_UP
.PEN_DOWN
55 94 1
56 93 1
56 92 1
56 91 1
56 90 1
56 89 1
56 88 1
56 87 1
57 86 1
57 85 1
57 84 1
.PEN_UP
.PEN_DOWN
79 41 1
80 40 1
81 40 1
82 40 1
83 39 1
84 39 1
85 38 1
86 38 1
87 37 1
88 36 1
89 35 1
90 34 1
93 31 1
94 31 1
95 30 1
96 29 1
97 28 1
98 27 1
99 26 1
99 25 1
100 24 1
101 23 1
101 22 1
102 21 1
102 20 1
103 19 1
103 18 1
103 17 1
104 16 1
104 15 1
104 14 1
104 13 1
104 12 1
104 11 1
104 10 1
103 9 1
103 8 1
102 7 1
102 6 1
101 5 1
100 4 1
99 3 1
98 3 1
97 3 1
96 2 1
95 2 1
94 1 1
93 1 1
92 2 1
91 2 1
90 2 1
89 2 1
88 3 1
87 3 1
86 4 1
85 5 1
84 6 1
83 7 1
83 8 1
82 9 1
82 10 1
82 11 1
81 12 1
81 13 1
81 14 1
82 15 1
82 16 1
82 17 1
83 18 1
83 19 1
83 20 1
84 21 1
84 22 1
85 23 1
85 24 1
86 25 1
86 26 1
87 27 1
88 28 1
88 29 1
89 30 1
89 31 1
90 32 1
92 35 1
93 36 1
94 37 1
94 38 1
95 39 1
96 40 1
96 41 1
97 42 1
98 43 1
99 44 1
100 45 1
101 46 1
101 47 1
.PEN_UP
.PEN_DOWN
111 24 1
111 25 1
111 26 1
111 27 1
111 28 1
111 29 1
111 30 1
.PEN_UP
.PEN_DOWN
54 117 1
54 118 1
54 119 1
54 120 1
55 121 1
55 122 1
56 123 1
57 124 1
58 124 1
59 125 1
60 126 1
61 127 1
62 128 1
62 129 1
63 130 1
63 131 1
63 132 1
65 133 1
66 134 1
67 135 1
68 136 1
.PEN_UP
.PEN_DOWN
62 133 1
61 133 1
60 133 1
59 133 1
58 133 1
57 132 1
56 132 1
55 132 1
54 132 1
53 132 1
52 131 1
51 131 1
50 131 1
49 131 1
48 131 1
47 131 1
46 131 1
45 131 1
44 130 1
43 130 1
42 130 1
41 130 1
40 130 1
39 130 1
38 129 1
37 129 1
36 127 1
36 126 1
36 125 1
37 124 1
38 123 1
39 123 1
.PEN_UP
.PEN_DOWN
36 128 1
36 131 1
36 132 1
36 133 1
36 134 1
37 135 1
39 136 1
40 137 1
41 137 1
42 137 1
.PEN_UP
.PEN_DOWN
37 136 1
36 138 1
35 139 1
35 140 1
34 141 1
34 142 1
33 143 1
33 144 1
33 145 1
33 146 1
32 147 1
32 148 1
32 149 1
32 150 1
32 151 1
32 152 1
32 153 1
32 154 1
32 155 1
32 156 1
32 157 1
32 158 1
32 159 1
32 160 1
31 161 1
31 162 1
31 163 1
31 164 1
31 165 1
31 166 1
31 167 1
31 168 1
32 169 1
32 170 1
32 171 1
33 172 1
34 173 1
36 173 1
37 173 1
38 173 1
40 175 1
41 176 1
42 176 1
43 176 1
44 176 1
45 176 1
46 176 1
47 176 1
48 176 1
49 176 1
50 176 1
51 176 1
52 176 1
53 176 1
54 176 1
55 176 1
56 176 1
57 176 1
58 176 1
59 176 1
60 176 1
63 177 1
64 177 1
65 178 1
66 178 1
67 179 1
67 180 1
.PEN_UP
.PEN_DOWN
61 175 1
61 174 1
60 173 1
60 172 1
60 171 1
59 170 1
58 169 1
57 168 1
56 167 1
56 166 1
55 165 1
54 164 1
53 163 1
53 162 1
52 161 1
52 160 1
51 159 1
50 159 1
47 160 1
46 161 1
46 162 1
46 163 1
45 164 1
44 165 1
44 166 1
43 167 1
42 168 1
42 169 1
41 170 1
40 171 1
39 172 1
.PEN_UP
.PEN_DOWN
49 158 1
49 157 1
50 156 1
50 155 1
50 154 1
50 153 1
50 152 1
50 151 1
50 150 1
51 149 1
.PEN_UP
.PEN_DOWN
35 173 1
33 175 1
32 176 1
32 177 1
33 178 1
33 179 1
33 180 1
33 181 1
33 182 1
33 183 1
.PEN_UP
.PEN_DOWN
59 200 1
58 200 1
57 199 1
56 199 1
55 198 1
54 198 1
53 198 1
52 197 1
51 197 1
50 197 1
49 196 1
48 196 1
47 196 1
46 196 1
45 196 1
44 196 1
43 196 1
42 195 1
41 195 1
40 195 1
39 195 1
38 195 1
37 195 1
36 195 1
35 195 1
34 195 1
33 194 1
32 195 1
31 195 1
30 195 1
29 196 1
28 196 1
27 197 1
27 198 1
26 199 1
26 200 1
26 201 1
26 202 1
25 203 1
25 204 1
24 205 1
24 206 1
24 207 1
24 208 1
24 209 1
24 210 1
24 211 1
24 212 1
24 213 1
24 214 1
24 215 1
24 216 1
24 217 1
24 218 1
24 219 1
24 220 1
24 221 1
24 222 1
24 223 1
24 224 1
24 225 1
24 226 1
24 227 1
24 228 1
24 229 1
24 230 1
24 231 1
24 232 1
25 233 1
25 234 1
25 235 1
25 236 1
25 237 1
25 238 1
25 239 1
25 240 1
26 241 1
27 242 1
28 242 1
29 242 1
30 242 1
31 242 1
32 241 1
33 240 1
34 239 1
36 240 1
37 240 1
38 241 1
39 241 1
40 241 1
41 241 1
42 241 1
43 241 1
44 241 1
45 241 1
46 242 1
47 242 1
48 242 1
49 242 1
50 242 1
51 242 1
52 242 1
53 242 1
54 243 1
55 243 1
58 243 1
59 244 1
60 245 1
61 245 1
62 246 1
63 247 1
63 248 1
.PEN_UP
.PEN_DOWN
56 242 1
56 241 1
56 240 1
55 239 1
55 238 1
55 237 1
54 236 1
53 235 1
52 234 1
51 233 1
51 232 1
50 231 1
49 230 1
48 229 1
47 228 1
47 227 1
46 226 1
45 225 1
44 224 1
43 225 1
42 226 1
41 227 1
41 228 1
40 229 1
40 230 1
40 231 1
39 232 1
39 233 1
38 234 1
37 235 1
36 236 1
36 237 1
35 238 1
.PEN_UP
.PEN_DOWN
44 223 1
44 222 1
44 221 1
44 220 1
44 219 1
44 218 1
45 217 1
.PEN_UP
.PEN_DOWN
30 257 1
29 258 1
28 259 1
27 260 1
27 261 1
26 262 1
26 263 1
26 264 1
27 265 1
27 266 1
27 267 1
28 268 1
28 269 1
.PEN_UP
