.PEN_DOWN
24 1 1
24 2 1
24 3 1
24 4 1
24 5 1
24 6 1
23 7 1
23 8 1
23 9 1
23 10 1
23 11 1
23 12 1
23 13 1
23 14 1
22 15 1
22 16 1
22 17 1
22 18 1
22 19 1
22 20 1
22 21 1
22 22 1
22 23 1
22 24 1
21 25 1
21 26 1
21 27 1
21 28 1
21 29 1
21 30 1
21 31 1
21 32 1
21 33 1
21 34 1
21 35 1
21 36 1
21 37 1
21 38 1
21 39 1
21 40 1
21 41 1
21 42 1
21 43 1
21 44 1
21 45 1
21 46 1
21 47 1
21 48 1
21 49 1
22 50 1
24 51 1
25 51 1
26 50 1
27 50 1
28 49 1
29 48 1
30 47 1
31 46 1
32 46 1
33 45 1
34 44 1
35 44 1
36 43 1
37 43 1
38 42 1
39 42 1
40 42 1
41 42 1
42 42 1
43 42 1
44 42 1
45 42 1
46 42 1
47 42 1
48 42 1
49 42 1
50 42 1
51 42 1
52 43 1
53 43 1
54 44 1
55 44 1
56 44 1
57 45 1
58 46 1
59 47 1
60 48 1
61 49 1
62 50 1
62 51 1
63 52 1
63 53 1
64 54 1
64 55 1
64 56 1
64 57 1
65 58 1
64 59 1
64 60 1
64 61 1
64 62 1
64 63 1
64 64 1
64 65 1
.PEN_UP
.PEN_DOWN
22 51 1
22 53 1
22 54 1
22 55 1
22 56 1
22 57 1
21 58 1
21 59 1
20 60 1
20 61 1
20 62 1
21 63 1
21 64 1
21 65 1
22 66 1
22 67 1
.PEN_UP
.PEN_DOWN
25 81 1
26 81 1
27 80 1
28 80 1
29 80 1
30 80 1
31 80 1
32 80 1
33 80 1
34 80 1
35 80 1
36 80 1
37 80 1
38 80 1
39 80 1
40 80 1
41 80 1
42 80 1
43 81 1
44 81 1
45 81 1
46 81 1
47 82 1
48 82 1
49 83 1
50 83 1
51 84 1
52 85 1
53 85 1
54 86 1
55 87 1
55 88 1
56 89 1
56 90 1
56 91 1
57 92 1
57 93 1
57 94 1
57 95 1
57 96 1
56 97 1
56 98 1
56 99 1
55 100 1
55 101 1
54 102 1
54 103 1
53 104 1
52 105 1
51 106 1
50 106 1
49 107 1
48 107 1
47 107 1
46 108 1
45 108 1
44 108 1
43 108 1
42 108 1
41 108 1
40 107 1
39 107 1
38 106 1
37 105 1
37 104 1
37 103 1
36 102 1
36 101 1
36 100 1
36 99 1
36 98 1
36 97 1
36 96 1
37 95 1
37 94 1
38 93 1
38 92 1
39 91 1
.PEN_UP
.PEN_DOWN
31 112 1
30 113 1
29 114 1
28 115 1
27 116 1
26 117 1
25 118 1
25 119 1
24 120 1
23 121 1
23 122 1
23 123 1
22 124 1
22 125 1
22 126 1
23 127 1
23 128 1
23 129 1
24 130 1
25 131 1
26 132 1
27 133 1
28 134 1
29 135 1
29 136 1
30 137 1
32 137 1
33 137 1
34 137 1
35 137 1
36 137 1
37 137 1
39 139 1
40 140 1
41 140 1
42 140 1
43 141 1
44 141 1
45 141 1
46 141 1
47 141 1
48 141 1
49 141 1
50 141 1
51 141 1
52 140 1
53 140 1
54 139 1
55 138 1
55 137 1
55 136 1
55 135 1
54 134 1
53 133 1
52 133 1
51 133 1
50 133 1
49 133 1
48 133 1
47 134 1
46 134 1
45 134 1
44 134 1
43 134 1
42 134 1
41 134 1
40 135 1
39 136 1
38 137 1
.PEN_UP
.PEN_DOWN
31 137 1
29 139 1
29 140 1
28 141 1
27 141 1
26 142 1
25 142 1
24 143 1
24 144 1
23 145 1
22 146 1
22 147 1
21 148 1
21 149 1
21 150 1
21 151 1
21 152 1
21 153 1
21 154 1
22 155 1
23 156 1
24 157 1
25 158 1
26 159 1
.PEN_UP
.PEN_DOWN
28 165 1
27 166 1
27 167 1
26 168 1
26 169 1
25 170 1
25 171 1
26 172 1
26 173 1
27 174 1
28 175 1
29 176 1
30 176 1
31 177 1
32 177 1
33 177 1
34 178 1
35 178 1
36 178 1
37 178 1
38 178 1
39 178 1
40 178 1
41 178 1
42 178 1
43 178 1
44 178 1
45 178 1
49 177 1
50 177 1
51 176 1
52 176 1
53 175 1
54 174 1
55 174 1
56 173 1
56 172 1
57 171 1
57 170 1
57 169 1
57 168 1
57 167 1
56 166 1
55 166 1
54 166 1
53 166 1
52 166 1
51 167 1
50 168 1
49 169 1
48 170 1
47 171 1
46 172 1
46 173 1
46 174 1
46 175 1
46 176 1
46 177 1
48 180 1
48 181 1
49 182 1
50 183 1
51 184 1
51 185 1
52 186 1
53 187 1
54 188 1
54 189 1
55 190 1
55 191 1
55 192 1
57 194 1
58 194 1
59 194 1
60 195 1
61 195 1
62 196 1
63 197 1
.PEN_UP
.PEN_DOWN
55 193 1
54 194 1
53 194 1
52 194 1
51 194 1
50 194 1
49 194 1
48 194 1
47 194 1
46 194 1
45 194 1
44 194 1
43 194 1
42 194 1
41 194 1
40 194 1
39 194 1
38 194 1
37 194 1
36 194 1
35 195 1
34 195 1
33 195 1
32 196 1
31 196 1
30 197 1
29 198 1
29 199 1
29 200 1
29 201 1
29 202 1
29 203 1
29 204 1
29 205 1
29 206 1
30 207 1
30 208 1
30 209 1
30 210 1
30 211 1
30 212 1
30 213 1
30 214 1
30 215 1
31 217 1
32 217 1
33 217 1
34 217 1
35 217 1
36 217 1
37 217 1
38 217 1
39 217 1
40 217 1
41 217 1
42 217 1
43 217 1
44 217 1
45 217 1
46 217 1
47 217 1
48 217 1
49 217 1
50 217 1
51 217 1
52 217 1
53 217 1
54 216 1
55 216 1
56 216 1
57 216 1
58 216 1
59 216 1
60 216 1
61 216 1
62 216 1
63 216 1
64 216 1
65 216 1
66 216 1
67 216 1
68 216 1
69 216 1
70 216 1
71 216 1
72 216 1
73 216 1
74 216 1
75 216 1
76 216 1
77 216 1
78 216 1
79 216 1
80 216 1
81 217 1
82 217 1
83 218 1
84 218 1
85 218 1
86 219 1
87 220 1
88 221 1
88 222 1
88 223 1
88 224 1
88 225 1
.PEN_UP
.PEN_DOWN
29 216 1
28 216 1
27 216 1
26 216 1
25 216 1
.PEN_UP
.PEN_DOWN
38 236 1
37 236 1
36 236 1
35 237 1
34 237 1
33 238 1
32 239 1
31 240 1
31 241 1
31 242 1
30 243 1
30 244 1
30 245 1
30 246 1
30 247 1
30 248 1
30 249 1
30 250 1
32 251 1
33 251 1
34 251 1
35 251 1
36 252 1
37 252 1
38 252 1
39 252 1
40 252 1
41 252 1
42 252 1
43 252 1
44 252 1
45 252 1
46 252 1
47 252 1
48 252 1
49 252 1
50 251 1
51 251 1
53 252 1
54 252 1
55 252 1
56 253 1
57 254 1
58 254 1
59 255 1
60 255 1
61 255 1
62 255 1
63 256 1
64 256 1
.PEN_UP
.PEN_DOWN
52 250 1
52 249 1
53 248 1
53 247 1
53 246 1
53 245 1
53 244 1
53 243 1
53 242 1
53 241 1
53 240 1
53 239 1
54 238 1
54 237 1
54 236 1
55 235 1
56 234 1
.PEN_UP
