.PEN_DOWN
5 1 1
5 2 1
6 3 1
7 4 1
7 5 1
7 6 1
6 7 1
6 8 1
6 9 1
5 10 1
5 11 1
5 12 1
5 13 1
5 14 1
5 15 1
5 16 1
5 17 1
5 18 1
5 19 1
5 20 1
5 21 1
5 22 1
5 23 1
5 24 1
5 25 1
5 26 1
5 27 1
5 28 1
5 29 1
5 30 1
5 31 1
5 32 1
5 33 1
5 34 1
6 35 1
6 36 1
6 37 1
6 38 1
6 39 1
6 40 1
6 41 1
6 42 1
6 43 1
6 44 1
6 45 1
6 46 1
6 47 1
6 48 1
6 49 1
6 50 1
6 51 1
6 52 1
6 53 1
6 54 1
6 55 1
6 56 1
6 57 1
6 58 1
7 59 1
7 60 1
8 61 1
9 61 1
10 61 1
11 60 1
12 60 1
13 60 1
14 59 1
15 58 1
16 57 1
17 57 1
18 56 1
19 56 1
20 56 1
21 56 1
22 56 1
23 55 1
24 55 1
26 56 1
26 57 1
25 58 1
25 59 1
25 60 1
25 61 1
25 62 1
25 63 1
24 64 1
24 65 1
24 66 1
25 67 1
26 68 1
27 69 1
28 69 1
29 70 1
30 70 1
31 70 1
32 70 1
33 70 1
34 70 1
35 70 1
36 70 1
37 70 1
38 70 1
39 70 1
40 70 1
41 69 1
42 69 1
43 69 1
44 69 1
45 69 1
46 68 1
47 68 1
48 67 1
49 67 1
50 66 1
50 65 1
51 64 1
52 63 1
52 62 1
.PEN_UP
.PEN_DOWN
35 43 1
36 42 1
37 41 1
38 41 1
39 41 1
40 41 1
41 41 1
42 42 1
43 43 1
44 44 1
45 45 1
46 46 1
46 47 1
47 48 1
47 49 1
48 50 1
48 51 1
49 52 1
49 53 1
49 54 1
50 55 1
50 56 1
50 57 1
49 58 1
.PEN_UP
.PEN_DOWN
6 85 1
6 86 1
7 87 1
7 88 1
5 90 1
4 90 1
3 89 1
2 89 1
.PEN_UP
.PEN_DOWN
7 89 1
9 89 1
10 89 1
11 89 1
12 89 1
13 89 1
14 89 1
15 89 1
16 89 1
17 89 1
18 89 1
19 89 1
20 89 1
21 89 1
22 89 1
23 89 1
24 89 1
25 89 1
26 89 1
27 89 1
28 89 1
29 89 1
30 89 1
31 89 1
32 89 1
33 89 1
34 89 1
35 88 1
38 88 1
39 88 1
40 89 1
41 89 1
42 89 1
43 89 1
44 89 1
.PEN_UP
.PEN_DOWN
36 87 1
35 86 1
35 85 1
35 84 1
35 83 1
35 82 1
35 81 1
35 80 1
35 79 1
36 78 1
.PEN_UP
.PEN_DOWN
8 89 1
7 92 1
6 93 1
6 94 1
6 95 1
6 96 1
6 97 1
6 98 1
6 99 1
6 100 1
6 101 1
6 102 1
7 103 1
7 104 1
7 105 1
7 106 1
7 107 1
7 108 1
7 109 1
8 110 1
9 111 1
10 111 1
11 111 1
12 111 1
13 111 1
14 111 1
15 111 1
16 111 1
17 111 1
18 111 1
19 111 1
20 111 1
21 111 1
22 111 1
23 111 1
24 111 1
25 111 1
26 111 1
27 111 1
28 111 1
29 111 1
30 111 1
31 111 1
32 111 1
33 111 1
34 111 1
35 111 1
36 111 1
37 111 1
38 111 1
39 111 1
40 111 1
41 111 1
42 111 1
43 111 1
44 111 1
45 111 1
46 111 1
47 111 1
48 111 1
49 111 1
50 110 1
51 110 1
52 110 1
53 110 1
54 110 1
55 110 1
56 110 1
57 109 1
58 109 1
59 109 1
60 109 1
61 109 1
62 109 1
63 110 1
64 110 1
.PEN_UP
.PEN_DOWN
22 127 1
21 128 1
20 129 1
19 130 1
19 131 1
19 132 1
20 135 1
21 135 1
22 135 1
23 136 1
24 136 1
25 136 1
26 136 1
27 136 1
28 136 1
29 136 1
30 136 1
33 135 1
34 135 1
35 135 1
36 135 1
37 134 1
38 134 1
39 134 1
40 133 1
41 133 1
42 132 1
42 131 1
42 130 1
43 129 1
43 128 1
42 127 1
41 126 1
40 126 1
39 126 1
38 126 1
37 127 1
36 127 1
35 128 1
34 129 1
33 130 1
33 131 1
33 132 1
33 133 1
32 134 1
31 138 1
31 139 1
32 140 1
32 141 1
32 142 1
33 143 1
34 144 1
35 145 1
36 146 1
37 147 1
37 148 1
38 149 1
39 150 1
39 151 1
40 152 1
42 154 1
43 154 1
44 154 1
45 154 1
46 154 1
47 155 1
.PEN_UP
.PEN_DOWN
40 153 1
39 154 1
38 154 1
37 154 1
36 154 1
35 154 1
34 154 1
33 154 1
32 154 1
31 154 1
30 154 1
29 154 1
28 154 1
27 154 1
26 154 1
25 154 1
24 155 1
23 155 1
22 155 1
21 155 1
20 155 1
19 155 1
18 155 1
17 156 1
16 156 1
15 156 1
14 156 1
13 157 1
13 158 1
13 159 1
13 160 1
13 161 1
13 162 1
12 163 1
12 164 1
12 165 1
12 166 1
12 167 1
13 168 1
13 169 1
13 170 1
13 171 1
13 172 1
13 173 1
13 174 1
13 175 1
13 176 1
13 177 1
13 178 1
13 179 1
14 180 1
14 181 1
15 182 1
16 181 1
17 181 1
18 181 1
19 181 1
20 181 1
21 180 1
22 180 1
23 180 1
24 179 1
25 179 1
26 178 1
27 178 1
28 178 1
29 178 1
30 178 1
31 178 1
32 177 1
33 177 1
34 177 1
35 177 1
36 177 1
37 177 1
38 177 1
39 177 1
40 177 1
41 177 1
42 177 1
43 177 1
44 177 1
45 178 1
46 178 1
47 178 1
48 179 1
49 179 1
50 179 1
51 180 1
52 180 1
53 180 1
54 181 1
55 182 1
56 183 1
57 184 1
58 185 1
59 186 1
60 187 1
61 188 1
61 189 1
62 190 1
62 191 1
63 192 1
63 193 1
63 194 1
63 195 1
63 196 1
63 197 1
63 198 1
63 199 1
63 200 1
.PEN_UP
.PEN_DOWN
14 183 1
14 184 1
13 185 1
12 186 1
12 187 1
11 188 1
11 189 1
11 190 1
11 191 1
12 192 1
12 193 1
13 194 1
13 195 1
13 196 1
14 197 1
14 198 1
15 199 1
16 200 1
.PEN_UP
.PEN_DOWN
16 226 1
16 227 1
16 228 1
15 229 1
15 230 1
15 231 1
15 232 1
12 234 1
11 234 1
10 234 1
.PEN_UP
.PEN_DOWN
15 233 1
15 236 1
15 237 1
15 238 1
15 239 1
15 240 1
15 241 1
15 242 1
15 243 1
15 244 1
15 245 1
15 246 1
15 247 1
14 248 1
14 249 1
14 250 1
14 251 1
14 252 1
.PEN_UP
.PEN_DOWN
16 233 1
17 233 1
18 233 1
19 233 1
20 233 1
21 233 1
22 233 1
23 233 1
24 233 1
25 233 1
26 233 1
27 233 1
28 233 1
29 233 1
30 233 1
31 233 1
32 233 1
33 233 1
34 233 1
35 233 1
36 233 1
37 232 1
38 233 1
39 234 1
40 234 1
41 234 1
42 235 1
43 235 1
44 235 1
45 236 1
46 237 1
47 237 1
.PEN_UP
.PEN_DOWN
37 231 1
37 230 1
36 229 1
36 228 1
35 227 1
35 226 1
34 225 1
34 224 1
33 223 1
32 222 1
32 221 1
31 220 1
31 219 1
31 218 1
31 217 1
31 216 1
31 215 1
30 214 1
32 213 1
33 213 1
34 213 1
35 213 1
36 213 1
37 213 1
38 212 1
39 212 1
40 212 1
41 212 1
42 211 1
43 211 1
44 210 1
45 209 1
46 208 1
47 207 1
48 206 1
48 205 1
48 204 1
48 203 1
47 202 1
46 201 1
45 201 1
44 200 1
43 200 1
42 200 1
41 200 1
40 201 1
39 201 1
38 202 1
37 202 1
36 203 1
35 203 1
34 204 1
33 205 1
32 206 1
31 207 1
31 208 1
31 209 1
30 210 1
30 211 1
30 212 1
.PEN_UP
