.PEN_DOWN
69 1 1
69 2 1
69 3 1
69 4 1
69 5 1
69 6 1
69 7 1
68 8 1
68 9 1
68 10 1
68 11 1
68 12 1
68 13 1
67 14 1
67 15 1
67 16 1
67 17 1
67 18 1
67 19 1
67 20 1
67 21 1
67 22 1
67 23 1
67 24 1
67 25 1
66 26 1
66 27 1
66 28 1
66 29 1
66 30 1
66 31 1
66 32 1
66 33 1
65 34 1
63 34 1
62 34 1
61 33 1
60 33 1
59 33 1
58 33 1
57 33 1
56 33 1
55 33 1
54 33 1
53 33 1
52 33 1
51 33 1
50 33 1
49 33 1
48 33 1
47 33 1
46 33 1
45 33 1
44 33 1
43 33 1
42 33 1
41 33 1
40 34 1
39 34 1
38 34 1
37 34 1
36 34 1
35 34 1
34 35 1
33 35 1
32 35 1
31 36 1
30 36 1
29 36 1
28 37 1
27 37 1
26 38 1
25 38 1
24 38 1
23 39 1
22 40 1
21 40 1
20 41 1
19 41 1
18 42 1
17 43 1
16 43 1
15 44 1
14 45 1
13 46 1
12 47 1
11 48 1
11 49 1
10 50 1
9 51 1
8 52 1
7 53 1
7 54 1
6 55 1
6 56 1
5 57 1
4 58 1
4 59 1
3 60 1
3 61 1
3 62 1
2 63 1
2 64 1
2 65 1
2 66 1
1 67 1
1 68 1
1 69 1
1 70 1
1 71 1
1 72 1
1 73 1
2 74 1
2 75 1
2 76 1
2 77 1
3 78 1
4 79 1
5 80 1
5 81 1
6 82 1
6 83 1
7 84 1
8 85 1
9 86 1
10 86 1
11 87 1
12 87 1
13 88 1
14 89 1
15 89 1
16 89 1
17 90 1
18 90 1
19 90 1
20 90 1
21 90 1
22 91 1
23 91 1
24 91 1
25 91 1
26 91 1
27 91 1
28 91 1
29 91 1
30 91 1
31 91 1
32 91 1
33 90 1
34 90 1
35 90 1
36 90 1
37 89 1
38 89 1
39 89 1
40 89 1
41 88 1
.PEN_UP
.PEN_DOWN
64 34 1
65 36 1
65 37 1
65 38 1
65 39 1
65 40 1
65 41 1
65 42 1
65 43 1
66 44 1
67 44 1
68 44 1
69 44 1
70 44 1
71 44 1
72 44 1
73 44 1
74 43 1
75 43 1
76 43 1
77 43 1
78 43 1
79 43 1
80 43 1
81 43 1
82 43 1
83 43 1
84 43 1
85 43 1
86 43 1
87 43 1
88 43 1
89 43 1
90 42 1
91 42 1
92 42 1
93 42 1
94 42 1
95 42 1
96 42 1
97 42 1
98 43 1
99 43 1
100 43 1
101 43 1
102 43 1
103 43 1
104 43 1
105 43 1
106 43 1
107 43 1
108 43 1
109 43 1
110 43 1
111 43 1
112 43 1
113 43 1
114 43 1
115 43 1
116 43 1
117 43 1
118 43 1
119 44 1
120 44 1
121 44 1
122 44 1
123 44 1
124 44 1
125 44 1
126 44 1
127 44 1
128 44 1
129 44 1
130 44 1
131 44 1
132 44 1
133 45 1
134 45 1
135 45 1
136 45 1
137 45 1
138 45 1
139 45 1
140 45 1
141 46 1
142 46 1
143 46 1
144 47 1
144 48 1
.PEN_UP
.PEN_DOWN
64 44 1
63 44 1
62 45 1
61 46 1
.PEN_UP
.PEN_DOWN
82 55 1
81 55 1
80 54 1
79 54 1
78 53 1
77 53 1
76 53 1
75 53 1
74 54 1
73 55 1
72 55 1
71 55 1
70 55 1
69 55 1
68 55 1
67 56 1
66 57 1
65 58 1
64 59 1
63 60 1
62 61 1
61 62 1
60 63 1
60 64 1
59 65 1
59 66 1
58 67 1
58 68 1
57 69 1
57 70 1
56 71 1
56 72 1
56 73 1
55 74 1
55 75 1
55 76 1
55 77 1
55 78 1
55 79 1
54 80 1
54 81 1
54 82 1
53 83 1
53 84 1
53 85 1
53 86 1
53 87 1
53 88 1
52 89 1
52 90 1
52 91 1
52 92 1
52 93 1
52 94 1
52 95 1
52 96 1
52 97 1
52 98 1
52 99 1
52 100 1
52 101 1
52 102 1
52 103 1
52 104 1
53 105 1
53 106 1
53 107 1
53 108 1
55 109 1
56 109 1
57 109 1
58 109 1
59 109 1
60 109 1
61 109 1
62 109 1
63 109 1
64 109 1
65 109 1
66 110 1
67 111 1
68 111 1
69 111 1
70 111 1
71 111 1
72 111 1
73 111 1
74 111 1
75 111 1
76 112 1
77 112 1
78 112 1
79 112 1
80 112 1
81 112 1
82 112 1
83 112 1
84 112 1
85 112 1
86 112 1
87 112 1
88 112 1
89 112 1
90 112 1
91 112 1
92 112 1
93 112 1
94 112 1
95 112 1
96 113 1
97 113 1
98 113 1
99 113 1
100 113 1
101 113 1
102 112 1
103 113 1
104 113 1
105 113 1
106 113 1
107 114 1
108 114 1
109 114 1
110 113 1
.PEN_UP
.PEN_DOWN
102 111 1
101 110 1
101 109 1
101 108 1
101 107 1
100 106 1
100 105 1
99 104 1
99 103 1
98 102 1
98 101 1
98 100 1
97 99 1
96 98 1
96 97 1
96 96 1
95 95 1
95 94 1
94 93 1
94 92 1
93 91 1
93 90 1
92 89 1
92 88 1
91 87 1
90 86 1
89 85 1
88 84 1
87 84 1
86 84 1
85 84 1
84 85 1
83 86 1
82 87 1
82 88 1
81 89 1
80 90 1
79 91 1
78 92 1
78 93 1
77 94 1
76 95 1
75 96 1
74 97 1
74 98 1
73 99 1
72 100 1
71 101 1
71 102 1
70 103 1
69 104 1
68 104 1
67 105 1
67 106 1
66 107 1
66 108 1
.PEN_UP
.PEN_DOWN
53 109 1
53 112 1
53 113 1
53 114 1
53 115 1
53 116 1
53 117 1
53 118 1
53 119 1
53 120 1
53 121 1
53 122 1
53 123 1
52 124 1
52 125 1
52 126 1
52 127 1
52 128 1
52 129 1
52 130 1
52 131 1
52 132 1
52 133 1
52 134 1
52 135 1
52 136 1
52 137 1
52 138 1
52 139 1
52 140 1
52 141 1
52 142 1
52 143 1
52 144 1
52 145 1
53 146 1
53 147 1
53 148 1
53 149 1
52 150 1
52 151 1
52 152 1
52 153 1
.PEN_UP
.PEN_DOWN
87 141 1
88 142 1
89 143 1
90 144 1
91 145 1
92 145 1
93 146 1
94 147 1
95 148 1
96 149 1
97 150 1
97 151 1
98 152 1
99 153 1
100 154 1
101 155 1
101 156 1
101 157 1
102 158 1
102 159 1
103 160 1
104 161 1
104 162 1
104 163 1
105 164 1
105 165 1
105 166 1
105 167 1
106 168 1
106 169 1
106 170 1
106 171 1
106 172 1
106 173 1
106 174 1
106 175 1
106 176 1
106 177 1
106 178 1
106 179 1
106 180 1
105 181 1
105 182 1
105 183 1
104 184 1
104 185 1
103 186 1
102 186 1
101 186 1
100 187 1
99 188 1
98 188 1
97 188 1
96 189 1
95 189 1
94 189 1
93 189 1
92 189 1
91 189 1
90 189 1
89 189 1
88 188 1
87 188 1
86 188 1
85 187 1
84 187 1
83 186 1
82 186 1
81 185 1
80 184 1
80 183 1
80 182 1
79 181 1
79 180 1
80 179 1
80 178 1
80 177 1
80 176 1
81 175 1
82 174 1
82 173 1
82 172 1
83 171 1
83 170 1
84 169 1
84 168 1
85 167 1
85 166 1
86 165 1
87 165 1
88 164 1
89 164 1
90 163 1
91 163 1
92 162 1
93 162 1
.PEN_UP
.PEN_DOWN
84 165 1
83 165 1
82 165 1
81 165 1
80 165 1
79 165 1
78 165 1
77 165 1
76 165 1
75 165 1
74 165 1
73 165 1
72 166 1
71 166 1
70 166 1
69 166 1
68 166 1
67 166 1
66 166 1
65 166 1
64 166 1
63 166 1
62 166 1
61 166 1
60 166 1
59 166 1
58 166 1
57 166 1
56 166 1
55 166 1
54 168 1
54 169 1
54 170 1
54 171 1
54 172 1
54 173 1
54 174 1
54 175 1
54 176 1
53 177 1
53 178 1
53 179 1
53 180 1
54 181 1
54 182 1
54 183 1
53 185 1
53 186 1
53 187 1
52 188 1
52 189 1
52 190 1
51 191 1
51 192 1
51 193 1
50 194 1
50 195 1
50 196 1
50 197 1
50 198 1
50 199 1
50 200 1
50 201 1
50 202 1
49 203 1
49 204 1
49 205 1
49 206 1
49 207 1
49 208 1
49 209 1
49 210 1
49 211 1
49 212 1
49 213 1
49 214 1
49 215 1
49 216 1
48 217 1
48 218 1
48 219 1
.PEN_UP
.PEN_DOWN
54 184 1
56 184 1
57 184 1
58 185 1
59 185 1
60 186 1
61 187 1
62 188 1
63 189 1
63 190 1
64 191 1
65 192 1
65 193 1
66 194 1
67 195 1
67 196 1
68 197 1
68 198 1
69 199 1
69 200 1
70 201 1
70 202 1
70 203 1
71 204 1
71 205 1
72 206 1
72 207 1
72 208 1
73 209 1
74 210 1
75 210 1
76 210 1
77 210 1
78 210 1
79 210 1
80 210 1
81 210 1
82 210 1
83 210 1
84 209 1
85 209 1
86 209 1
87 209 1
88 209 1
89 208 1
90 208 1
91 208 1
92 208 1
93 208 1
94 207 1
95 207 1
96 207 1
97 207 1
98 207 1
99 206 1
100 206 1
101 206 1
102 205 1
103 205 1
104 205 1
105 205 1
106 205 1
107 204 1
108 204 1
109 204 1
110 204 1
111 203 1
112 203 1
113 203 1
114 203 1
115 203 1
116 202 1
117 202 1
118 202 1
119 202 1
120 202 1
121 202 1
122 201 1
123 201 1
124 201 1
125 201 1
126 201 1
127 201 1
128 201 1
129 201 1
130 201 1
131 201 1
132 201 1
133 201 1
134 201 1
135 202 1
136 202 1
137 202 1
138 203 1
.PEN_UP
.PEN_DOWN
60 226 1
59 226 1
58 226 1
57 226 1
56 226 1
55 227 1
52 228 1
51 228 1
50 228 1
49 228 1
48 229 1
.PEN_UP
.PEN_DOWN
54 227 1
54 230 1
54 231 1
55 232 1
55 233 1
55 234 1
56 235 1
57 236 1
57 237 1
57 238 1
58 239 1
58 240 1
59 241 1
59 242 1
60 243 1
60 244 1
61 245 1
61 246 1
62 247 1
62 248 1
63 249 1
63 250 1
64 251 1
65 252 1
66 253 1
67 254 1
68 255 1
69 256 1
70 257 1
71 257 1
72 257 1
73 257 1
74 257 1
75 257 1
76 256 1
77 256 1
78 255 1
79 255 1
80 254 1
81 253 1
81 252 1
82 251 1
83 250 1
84 249 1
85 248 1
85 247 1
86 246 1
86 245 1
87 244 1
88 243 1
89 243 1
90 243 1
91 243 1
92 244 1
93 245 1
94 246 1
95 247 1
96 248 1
96 249 1
97 250 1
97 251 1
98 252 1
98 253 1
99 254 1
99 255 1
99 256 1
100 257 1
100 258 1
101 259 1
101 260 1
101 261 1
102 262 1
102 263 1
103 264 1
103 265 1
103 266 1
103 267 1
103 268 1
103 269 1
104 270 1
103 271 1
103 272 1
103 273 1
103 274 1
103 275 1
102 276 1
101 277 1
100 277 1
99 278 1
98 279 1
97 279 1
96 279 1
95 280 1
94 280 1
93 280 1
92 280 1
91 280 1
90 280 1
89 281 1
88 281 1
87 281 1
86 281 1
85 281 1
84 281 1
83 281 1
82 281 1
81 281 1
80 281 1
79 281 1
78 281 1
77 281 1
76 281 1
75 281 1
74 281 1
73 281 1
72 281 1
71 281 1
70 281 1
69 280 1
68 280 1
67 279 1
66 279 1
65 279 1
64 279 1
63 279 1
62 279 1
61 279 1
60 279 1
59 279 1
58 279 1
57 278 1
56 278 1
55 278 1
54 278 1
53 278 1
52 278 1
.PEN_UP
.PEN_DOWN
125 258 1
126 258 1
127 258 1
128 258 1
129 258 1
130 258 1
131 258 1
132 258 1
133 258 1
134 258 1
135 258 1
136 258 1
.PEN_UP
.PEN_DOWN
56 292 1
56 291 1
55 290 1
54 290 1
53 290 1
52 289 1
51 289 1
50 290 1
49 291 1
48 292 1
48 293 1
48 294 1
48 295 1
47 296 1
47 297 1
47 298 1
46 299 1
46 300 1
46 301 1
46 302 1
45 303 1
45 304 1
45 305 1
45 306 1
45 307 1
45 308 1
44 309 1
44 310 1
44 311 1
44 312 1
44 313 1
43 314 1
43 315 1
43 316 1
43 317 1
42 318 1
42 319 1
42 320 1
42 321 1
42 322 1
.PEN_UP
