.PEN_DOWN
6 4 1
5 4 1
4 4 1
3 4 1
2 5 1
1 6 1
1 7 1
1 8 1
1 9 1
1 10 1
1 11 1
1 12 1
1 13 1
2 14 1
2 15 1
2 16 1
2 17 1
2 18 1
3 19 1
3 20 1
3 21 1
3 22 1
3 23 1
3 24 1
.PEN_UP
.PEN_DOWN
16 8 1
16 7 1
16 6 1
15 5 1
15 4 1
15 3 1
16 2 1
17 1 1
18 1 1
19 1 1
20 1 1
21 1 1
22 1 1
23 1 1
24 1 1
25 1 1
26 1 1
27 2 1
28 2 1
29 2 1
30 3 1
31 4 1
32 5 1
33 6 1
33 7 1
33 8 1
34 9 1
34 10 1
34 11 1
34 12 1
35 13 1
35 14 1
35 15 1
35 16 1
35 17 1
35 18 1
35 19 1
35 20 1
34 21 1
34 22 1
34 23 1
34 24 1
33 25 1
33 26 1
33 27 1
32 28 1
32 29 1
31 30 1
31 31 1
30 32 1
29 33 1
28 34 1
27 35 1
26 36 1
26 37 1
25 38 1
25 39 1
24 40 1
24 41 1
22 42 1
21 42 1
20 42 1
19 42 1
18 42 1
17 42 1
16 42 1
15 42 1
14 42 1
13 42 1
12 42 1
11 42 1
10 42 1
9 42 1
8 42 1
7 42 1
6 41 1
5 39 1
4 38 1
5 37 1
5 36 1
5 35 1
5 34 1
5 33 1
6 32 1
6 31 1
5 30 1
4 29 1
4 28 1
.PEN_UP
.PEN_DOWN
5 40 1
5 43 1
5 44 1
5 45 1
4 46 1
4 47 1
4 48 1
4 49 1
4 50 1
4 51 1
5 52 1
5 53 1
5 54 1
5 55 1
5 56 1
5 57 1
6 58 1
6 59 1
6 60 1
7 61 1
9 61 1
10 61 1
11 60 1
12 60 1
13 59 1
14 58 1
15 57 1
16 57 1
17 56 1
18 56 1
19 55 1
20 55 1
21 55 1
22 55 1
23 55 1
24 55 1
25 55 1
26 55 1
27 55 1
28 55 1
29 56 1
30 56 1
31 56 1
32 56 1
33 57 1
34 57 1
35 58 1
36 58 1
37 59 1
38 59 1
39 60 1
40 61 1
41 61 1
42 62 1
43 63 1
44 63 1
45 64 1
46 65 1
47 66 1
48 67 1
49 68 1
50 69 1
51 70 1
52 71 1
52 72 1
53 73 1
54 74 1
54 75 1
55 76 1
55 77 1
56 78 1
56 79 1
57 80 1
57 81 1
57 82 1
.PEN_UP
.PEN_DOWN
8 61 1
7 63 1
7 64 1
7 65 1
7 66 1
7 67 1
7 68 1
7 69 1
7 70 1
7 71 1
7 72 1
7 73 1
7 74 1
7 75 1
7 76 1
7 77 1
7 78 1
7 79 1
7 80 1
7 81 1
7 82 1
7 83 1
8 84 1
9 85 1
11 85 1
12 85 1
13 85 1
14 85 1
15 86 1
16 87 1
17 88 1
18 89 1
19 90 1
19 91 1
19 92 1
20 93 1
21 94 1
21 95 1
22 96 1
24 96 1
25 95 1
26 94 1
27 93 1
27 92 1
28 91 1
29 90 1
30 90 1
31 89 1
32 89 1
33 87 1
34 86 1
34 85 1
35 84 1
36 83 1
.PEN_UP
.PEN_DOWN
33 88 1
33 91 1
33 92 1
33 93 1
32 94 1
32 95 1
32 96 1
32 97 1
31 98 1
31 99 1
31 100 1
30 101 1
30 102 1
29 103 1
29 104 1
28 105 1
27 105 1
26 106 1
25 106 1
24 106 1
23 108 1
23 109 1
23 110 1
23 111 1
24 112 1
25 113 1
26 114 1
26 115 1
27 116 1
27 117 1
28 118 1
28 119 1
28 120 1
28 121 1
28 122 1
28 123 1
30 124 1
31 125 1
32 125 1
33 125 1
34 126 1
35 126 1
.PEN_UP
.PEN_DOWN
27 124 1
26 124 1
25 123 1
24 123 1
23 123 1
22 123 1
21 123 1
20 123 1
19 123 1
18 123 1
17 123 1
16 123 1
15 123 1
14 123 1
13 124 1
12 124 1
11 125 1
10 126 1
9 127 1
9 128 1
9 129 1
9 130 1
9 131 1
8 132 1
8 133 1
8 134 1
8 135 1
7 136 1
7 137 1
7 138 1
7 139 1
7 140 1
7 141 1
7 142 1
7 143 1
7 144 1
8 145 1
8 146 1
9 147 1
9 148 1
9 149 1
9 150 1
9 151 1
8 152 1
.PEN_UP
.PEN_DOWN
23 105 1
23 104 1
23 103 1
23 102 1
23 101 1
23 100 1
23 99 1
22 98 1
22 97 1
.PEN_UP
.PEN_DOWN
10 85 1
8 87 1
8 88 1
8 89 1
8 90 1
8 91 1
8 92 1
8 93 1
8 94 1
8 95 1
8 96 1
8 97 1
8 98 1
8 99 1
8 100 1
9 101 1
9 102 1
.PEN_UP
.PEN_DOWN
23 42 1
26 42 1
27 42 1
28 42 1
29 42 1
30 42 1
31 42 1
32 42 1
33 42 1
.PEN_UP
