.PEN_DOWN
42 4 1
42 3 1
41 2 1
40 2 1
39 1 1
38 2 1
37 3 1
36 4 1
36 5 1
35 6 1
35 7 1
35 8 1
35 9 1
35 10 1
35 11 1
34 12 1
34 13 1
34 14 1
34 15 1
34 16 1
34 17 1
34 18 1
34 19 1
34 20 1
34 21 1
34 22 1
33 23 1
31 23 1
30 23 1
29 23 1
28 23 1
27 23 1
26 23 1
25 23 1
24 23 1
23 23 1
22 23 1
21 24 1
20 24 1
19 24 1
18 24 1
17 25 1
16 25 1
15 25 1
14 25 1
13 25 1
12 25 1
11 26 1
10 26 1
9 26 1
8 27 1
7 27 1
6 28 1
5 28 1
4 29 1
3 30 1
2 31 1
2 32 1
1 33 1
1 34 1
1 35 1
1 36 1
1 37 1
1 38 1
1 39 1
1 40 1
1 41 1
1 42 1
2 43 1
2 44 1
3 45 1
3 46 1
4 47 1
4 48 1
5 49 1
5 50 1
6 51 1
7 52 1
8 53 1
8 54 1
9 55 1
10 56 1
11 57 1
12 58 1
13 59 1
14 59 1
15 60 1
16 61 1
.PEN_UP
.PEN_DOWN
32 23 1
33 25 1
34 26 1
34 27 1
35 28 1
35 29 1
35 30 1
36 31 1
37 32 1
38 31 1
39 30 1
40 29 1
41 29 1
42 28 1
43 28 1
44 27 1
45 27 1
46 26 1
47 25 1
48 24 1
48 23 1
49 22 1
49 21 1
50 20 1
50 19 1
51 18 1
52 17 1
53 17 1
54 16 1
55 17 1
56 18 1
57 19 1
58 20 1
59 21 1
60 22 1
60 23 1
61 24 1
62 25 1
63 26 1
64 27 1
64 28 1
64 29 1
64 30 1
64 31 1
63 32 1
62 33 1
61 33 1
60 33 1
59 33 1
58 34 1
57 34 1
56 35 1
55 35 1
54 36 1
53 36 1
52 36 1
51 37 1
50 37 1
49 37 1
48 37 1
47 37 1
46 37 1
45 38 1
44 38 1
43 38 1
42 38 1
41 38 1
40 37 1
39 36 1
38 35 1
35 36 1
34 37 1
34 38 1
34 39 1
34 40 1
34 41 1
34 42 1
34 43 1
34 44 1
34 45 1
34 46 1
34 47 1
34 48 1
34 49 1
34 50 1
33 51 1
33 52 1
33 53 1
33 54 1
33 55 1
33 56 1
33 57 1
33 58 1
33 59 1
33 60 1
33 61 1
34 62 1
36 63 1
37 63 1
38 62 1
39 62 1
40 62 1
41 62 1
42 62 1
43 63 1
44 63 1
45 63 1
46 63 1
47 63 1
48 63 1
49 63 1
50 63 1
52 64 1
53 64 1
54 64 1
57 62 1
58 62 1
59 61 1
60 60 1
60 59 1
61 58 1
61 57 1
61 56 1
61 55 1
62 54 1
62 53 1
61 52 1
60 51 1
59 51 1
58 51 1
57 52 1
56 52 1
55 53 1
54 53 1
53 54 1
53 55 1
52 56 1
52 57 1
51 58 1
51 59 1
51 60 1
51 61 1
51 62 1
.PEN_UP
.PEN_DOWN
55 63 1
55 66 1
55 67 1
56 68 1
56 69 1
57 70 1
58 70 1
59 71 1
59 72 1
59 73 1
60 74 1
62 75 1
63 76 1
64 76 1
.PEN_UP
.PEN_DOWN
60 75 1
59 77 1
58 78 1
57 78 1
56 78 1
55 78 1
54 79 1
53 79 1
52 79 1
51 79 1
50 79 1
49 79 1
48 80 1
47 80 1
46 81 1
45 81 1
44 81 1
43 81 1
42 81 1
41 82 1
40 82 1
39 82 1
38 82 1
37 83 1
36 83 1
35 84 1
34 85 1
34 86 1
33 87 1
34 88 1
34 89 1
34 90 1
34 91 1
34 92 1
34 93 1
34 94 1
34 95 1
34 96 1
34 97 1
34 98 1
34 99 1
34 100 1
34 101 1
34 102 1
34 103 1
35 104 1
35 105 1
35 106 1
35 107 1
.PEN_UP
.PEN_DOWN
34 63 1
34 65 1
34 66 1
34 67 1
33 68 1
.PEN_UP
.PEN_DOWN
54 15 1
54 14 1
54 13 1
54 12 1
54 11 1
54 10 1
55 9 1
.PEN_UP
.PEN_DOWN
33 131 1
33 130 1
33 129 1
33 128 1
33 127 1
34 126 1
35 125 1
35 124 1
36 123 1
37 122 1
38 122 1
39 121 1
41 122 1
42 122 1
43 122 1
44 122 1
45 122 1
46 122 1
47 123 1
51 121 1
51 120 1
52 119 1
53 118 1
54 117 1
55 116 1
56 116 1
57 115 1
58 115 1
59 115 1
60 115 1
61 115 1
62 114 1
62 113 1
62 112 1
62 111 1
62 110 1
61 109 1
61 108 1
61 107 1
61 106 1
61 105 1
60 104 1
59 103 1
58 103 1
57 102 1
56 101 1
55 100 1
54 100 1
53 100 1
52 99 1
51 99 1
50 100 1
49 100 1
48 101 1
47 102 1
46 103 1
46 104 1
45 105 1
45 106 1
44 107 1
43 108 1
43 109 1
42 110 1
41 111 1
41 112 1
41 113 1
40 114 1
40 115 1
40 116 1
40 117 1
39 118 1
39 119 1
39 120 1
.PEN_UP
.PEN_DOWN
48 123 1
47 125 1
47 126 1
47 127 1
47 128 1
47 129 1
47 130 1
48 131 1
49 132 1
50 133 1
51 133 1
52 133 1
53 133 1
54 132 1
55 132 1
56 131 1
56 130 1
55 129 1
55 128 1
55 127 1
54 126 1
53 125 1
52 125 1
51 124 1
50 123 1
.PEN_UP
