.PEN_DOWN
31 2 1
30 2 1
29 2 1
28 2 1
27 1 1
26 1 1
25 1 1
24 1 1
23 1 1
22 1 1
21 1 1
20 1 1
19 2 1
18 2 1
17 2 1
16 2 1
15 2 1
14 2 1
13 2 1
12 2 1
11 3 1
10 3 1
9 3 1
8 4 1
7 4 1
6 5 1
5 6 1
5 7 1
4 8 1
4 9 1
3 10 1
3 11 1
3 12 1
2 13 1
2 14 1
2 15 1
2 16 1
2 17 1
2 18 1
2 19 1
1 20 1
1 21 1
1 22 1
1 23 1
1 24 1
1 25 1
1 26 1
1 27 1
1 28 1
2 29 1
2 30 1
2 31 1
2 32 1
2 33 1
3 34 1
3 35 1
4 36 1
4 37 1
5 38 1
5 39 1
6 40 1
7 41 1
8 42 1
9 43 1
.PEN_UP
.PEN_DOWN
34 14 1
35 14 1
36 13 1
37 13 1
38 13 1
39 12 1
40 12 1
41 11 1
42 11 1
43 11 1
44 10 1
45 10 1
46 10 1
47 9 1
48 9 1
49 9 1
50 9 1
51 8 1
52 8 1
53 8 1
54 8 1
55 7 1
56 7 1
57 7 1
58 6 1
58 5 1
.PEN_UP
.PEN_DOWN
39 25 1
39 24 1
38 23 1
37 22 1
36 22 1
35 23 1
34 23 1
33 24 1
33 25 1
32 26 1
32 27 1
32 28 1
32 29 1
32 30 1
31 31 1
31 32 1
31 33 1
31 34 1
31 35 1
31 36 1
31 37 1
31 38 1
31 39 1
31 40 1
32 41 1
32 42 1
32 43 1
32 44 1
33 45 1
33 46 1
34 47 1
34 48 1
35 49 1
36 50 1
37 50 1
38 51 1
39 51 1
40 51 1
41 51 1
42 51 1
42 53 1
42 54 1
42 55 1
41 56 1
41 57 1
41 58 1
40 59 1
38 60 1
37 60 1
36 60 1
35 61 1
34 62 1
33 63 1
33 64 1
33 65 1
33 66 1
33 67 1
33 68 1
33 69 1
33 70 1
33 71 1
33 72 1
33 73 1
33 74 1
33 75 1
33 76 1
33 77 1
33 78 1
33 79 1
33 80 1
33 81 1
33 82 1
33 83 1
33 84 1
33 85 1
33 86 1
33 87 1
33 88 1
.PEN_UP
.PEN_DOWN
39 60 1
41 61 1
41 62 1
42 63 1
43 63 1
44 64 1
45 64 1
46 65 1
47 65 1
48 65 1
49 65 1
50 65 1
51 65 1
52 65 1
53 65 1
54 65 1
55 65 1
56 64 1
57 63 1
.PEN_UP
.PEN_DOWN
43 51 1
47 50 1
48 50 1
49 50 1
50 49 1
51 49 1
52 48 1
53 48 1
54 47 1
55 47 1
56 46 1
57 45 1
58 45 1
59 44 1
60 43 1
62 43 1
63 43 1
64 43 1
65 43 1
66 44 1
67 44 1
.PEN_UP
.PEN_DOWN
60 42 1
60 41 1
60 40 1
59 39 1
59 38 1
58 37 1
58 36 1
57 35 1
56 34 1
54 34 1
53 35 1
52 36 1
52 37 1
51 38 1
50 39 1
50 40 1
49 41 1
48 42 1
48 43 1
47 44 1
46 45 1
46 46 1
46 47 1
45 48 1
45 49 1
.PEN_UP
.PEN_DOWN
55 34 1
56 32 1
56 31 1
56 30 1
56 29 1
57 28 1
57 27 1
57 26 1
58 25 1
58 24 1
.PEN_UP
.PEN_DOWN
32 101 1
32 100 1
32 99 1
32 98 1
32 97 1
32 96 1
32 95 1
33 94 1
34 94 1
35 93 1
36 92 1
37 92 1
38 92 1
39 92 1
40 92 1
41 92 1
42 91 1
43 91 1
44 91 1
45 90 1
46 90 1
47 90 1
48 90 1
49 90 1
50 90 1
51 90 1
52 91 1
53 91 1
54 92 1
55 93 1
56 94 1
56 95 1
56 96 1
56 97 1
56 98 1
56 99 1
56 100 1
55 101 1
55 102 1
54 103 1
54 104 1
53 105 1
53 106 1
52 107 1
52 108 1
51 109 1
50 110 1
49 111 1
49 112 1
48 113 1
49 115 1
50 115 1
51 115 1
52 115 1
53 115 1
54 114 1
55 114 1
56 113 1
57 112 1
58 111 1
58 110 1
59 109 1
59 108 1
59 107 1
60 106 1
60 105 1
61 104 1
61 103 1
61 102 1
62 101 1
62 100 1
63 99 1
63 98 1
64 97 1
65 96 1
66 95 1
67 95 1
68 96 1
69 97 1
69 98 1
70 99 1
70 100 1
71 101 1
71 102 1
71 103 1
72 104 1
72 105 1
73 106 1
74 107 1
75 108 1
76 108 1
.PEN_UP
.PEN_DOWN
27 119 1
26 120 1
26 121 1
26 122 1
26 123 1
26 124 1
26 125 1
26 126 1
26 127 1
26 128 1
26 129 1
27 130 1
27 131 1
27 132 1
27 133 1
27 134 1
.PEN_UP
.PEN_DOWN
85 103 1
86 103 1
87 102 1
88 102 1
89 101 1
90 100 1
92 97 1
93 96 1
94 95 1
95 94 1
95 93 1
96 92 1
96 91 1
97 90 1
97 89 1
97 88 1
97 87 1
98 86 1
98 85 1
98 84 1
98 83 1
98 82 1
98 81 1
98 80 1
98 79 1
98 78 1
98 77 1
98 76 1
98 75 1
98 74 1
98 73 1
98 72 1
97 71 1
96 70 1
95 70 1
94 70 1
93 70 1
92 70 1
91 70 1
90 71 1
89 72 1
88 73 1
87 74 1
86 75 1
86 76 1
86 77 1
86 78 1
85 79 1
85 80 1
85 81 1
85 82 1
85 83 1
85 84 1
85 85 1
85 86 1
86 87 1
86 88 1
86 89 1
86 90 1
87 91 1
87 92 1
87 93 1
87 94 1
88 95 1
89 96 1
89 97 1
90 98 1
92 101 1
93 102 1
94 102 1
95 103 1
.PEN_UP
