.PEN_DOWN
27 10 1
28 10 1
29 10 1
30 10 1
31 10 1
32 9 1
33 9 1
34 7 1
34 6 1
34 5 1
34 4 1
34 3 1
34 2 1
34 1 1
.PEN_UP
.PEN_DOWN
35 11 1
36 12 1
35 14 1
35 15 1
35 16 1
35 17 1
35 18 1
35 19 1
35 20 1
35 21 1
35 22 1
35 23 1
35 24 1
35 25 1
35 26 1
34 29 1
34 30 1
34 31 1
34 32 1
34 33 1
34 34 1
34 35 1
34 36 1
34 37 1
34 38 1
34 39 1
37 42 1
38 41 1
39 41 1
40 42 1
41 42 1
42 42 1
43 42 1
44 42 1
45 42 1
46 42 1
47 42 1
48 43 1
49 43 1
50 43 1
51 43 1
52 43 1
54 44 1
55 44 1
56 45 1
57 46 1
58 46 1
.PEN_UP
.PEN_DOWN
53 42 1
53 41 1
53 40 1
53 39 1
52 38 1
52 37 1
52 36 1
52 35 1
52 34 1
52 33 1
52 32 1
50 31 1
49 31 1
48 30 1
47 29 1
46 29 1
45 29 1
44 29 1
43 29 1
42 29 1
41 28 1
40 28 1
39 28 1
38 28 1
37 28 1
36 27 1
.PEN_UP
.PEN_DOWN
48 28 1
48 27 1
48 26 1
48 25 1
49 24 1
50 23 1
51 22 1
52 22 1
53 21 1
54 21 1
55 20 1
56 20 1
57 20 1
58 20 1
59 20 1
60 21 1
61 22 1
62 23 1
62 24 1
62 25 1
62 26 1
61 27 1
60 28 1
59 29 1
58 30 1
57 30 1
56 30 1
55 31 1
54 31 1
53 31 1
.PEN_UP
.PEN_DOWN
33 40 1
32 39 1
31 39 1
30 39 1
29 39 1
28 39 1
27 39 1
.PEN_UP
.PEN_DOWN
34 40 1
35 44 1
35 45 1
35 46 1
36 47 1
36 48 1
36 49 1
36 50 1
37 51 1
37 52 1
37 53 1
38 54 1
40 54 1
41 54 1
42 55 1
43 55 1
44 55 1
.PEN_UP
.PEN_DOWN
39 54 1
38 56 1
38 57 1
37 58 1
35 61 1
35 62 1
35 63 1
35 64 1
35 65 1
35 66 1
35 67 1
34 68 1
34 69 1
33 70 1
33 71 1
33 72 1
32 73 1
32 74 1
31 75 1
31 76 1
31 77 1
31 78 1
31 79 1
31 80 1
31 81 1
31 82 1
31 83 1
30 85 1
30 86 1
30 87 1
30 88 1
29 89 1
29 90 1
29 91 1
29 92 1
29 93 1
29 94 1
29 95 1
29 96 1
30 97 1
29 100 1
29 101 1
29 102 1
29 103 1
29 104 1
29 105 1
30 110 1
30 111 1
30 112 1
30 113 1
29 114 1
29 115 1
27 117 1
26 117 1
25 117 1
24 116 1
23 116 1
22 116 1
21 116 1
20 115 1
19 115 1
18 114 1
17 114 1
16 113 1
15 112 1
15 111 1
14 110 1
14 109 1
13 108 1
13 107 1
12 106 1
12 105 1
12 104 1
12 103 1
11 102 1
11 101 1
11 100 1
11 99 1
11 98 1
11 97 1
11 96 1
11 95 1
11 94 1
11 93 1
11 92 1
11 91 1
11 90 1
11 89 1
12 88 1
12 87 1
12 86 1
12 85 1
12 84 1
13 83 1
13 82 1
13 81 1
13 80 1
14 79 1
14 78 1
14 77 1
14 76 1
14 75 1
14 74 1
14 73 1
14 72 1
14 71 1
14 70 1
14 69 1
13 68 1
12 68 1
11 68 1
10 69 1
9 69 1
8 70 1
8 71 1
7 72 1
6 73 1
6 74 1
5 75 1
5 76 1
5 77 1
4 78 1
4 79 1
4 80 1
3 81 1
3 82 1
3 83 1
2 84 1
2 85 1
2 86 1
2 87 1
1 88 1
1 89 1
1 90 1
1 91 1
1 92 1
1 93 1
1 94 1
1 95 1
1 96 1
1 97 1
1 98 1
1 99 1
1 100 1
1 101 1
1 102 1
1 103 1
1 104 1
1 105 1
1 106 1
1 107 1
1 108 1
1 109 1
1 110 1
1 111 1
2 112 1
2 113 1
2 114 1
2 115 1
2 116 1
3 117 1
3 118 1
3 119 1
4 120 1
5 121 1
5 122 1
6 123 1
7 124 1
8 125 1
9 126 1
10 127 1
11 127 1
12 128 1
13 129 1
14 130 1
15 130 1
16 131 1
17 131 1
18 132 1
19 132 1
20 132 1
21 133 1
22 133 1
23 133 1
24 134 1
25 134 1
26 134 1
27 134 1
28 134 1
29 134 1
32 135 1
33 136 1
34 136 1
35 136 1
36 136 1
37 136 1
38 136 1
39 136 1
40 137 1
41 137 1
42 137 1
43 137 1
44 138 1
45 138 1
46 138 1
47 138 1
48 139 1
49 139 1
50 139 1
51 139 1
52 140 1
.PEN_UP
.PEN_DOWN
30 133 1
30 132 1
30 131 1
30 130 1
30 129 1
30 128 1
30 127 1
30 126 1
30 125 1
30 124 1
30 123 1
30 122 1
30 121 1
30 120 1
30 119 1
30 118 1
30 117 1
29 116 1
.PEN_UP
.PEN_DOWN
30 135 1
30 137 1
30 138 1
30 139 1
30 140 1
30 141 1
30 142 1
30 143 1
30 144 1
30 145 1
30 146 1
30 147 1
30 148 1
30 149 1
30 150 1
30 151 1
30 152 1
30 153 1
30 154 1
30 155 1
30 156 1
30 157 1
30 158 1
30 159 1
30 160 1
30 161 1
30 162 1
30 163 1
30 164 1
29 168 1
29 169 1
29 170 1
29 171 1
29 172 1
28 173 1
28 174 1
28 175 1
28 176 1
29 177 1
29 178 1
30 179 1
.PEN_UP
.PEN_DOWN
29 165 1
32 167 1
33 167 1
34 167 1
35 167 1
36 167 1
37 167 1
38 167 1
39 167 1
40 167 1
42 168 1
43 168 1
44 169 1
45 169 1
46 170 1
47 170 1
48 170 1
49 170 1
50 170 1
51 171 1
52 169 1
52 168 1
52 167 1
52 166 1
51 165 1
51 164 1
50 163 1
50 162 1
49 161 1
48 160 1
47 159 1
46 160 1
45 160 1
44 160 1
43 161 1
43 162 1
42 163 1
42 164 1
42 165 1
41 166 1
.PEN_UP
.PEN_DOWN
28 106 1
32 108 1
33 108 1
34 108 1
35 108 1
36 108 1
37 109 1
38 109 1
39 109 1
40 109 1
41 109 1
42 109 1
43 109 1
44 109 1
45 110 1
46 111 1
47 111 1
48 111 1
49 111 1
50 111 1
51 112 1
52 112 1
53 112 1
54 112 1
55 113 1
.PEN_UP
.PEN_DOWN
45 108 1
45 107 1
45 106 1
44 105 1
44 104 1
44 103 1
43 102 1
43 101 1
43 100 1
42 99 1
42 98 1
42 93 1
42 92 1
42 91 1
42 90 1
41 89 1
40 88 1
39 87 1
38 86 1
37 85 1
36 85 1
35 84 1
34 84 1
33 84 1
32 84 1
.PEN_UP
.PEN_DOWN
41 97 1
40 97 1
39 97 1
38 97 1
37 98 1
36 98 1
35 98 1
34 98 1
33 98 1
32 98 1
31 98 1
.PEN_UP
.PEN_DOWN
42 96 1
45 95 1
46 95 1
47 95 1
48 95 1
49 95 1
50 95 1
51 95 1
52 95 1
53 94 1
53 93 1
53 92 1
52 91 1
52 90 1
52 89 1
51 88 1
51 87 1
50 86 1
50 85 1
.PEN_UP
