.PEN_DOWN
56 1 1
56 2 1
56 3 1
56 4 1
56 5 1
56 6 1
56 7 1
56 8 1
56 9 1
55 10 1
53 10 1
52 10 1
51 10 1
50 10 1
49 10 1
48 10 1
47 10 1
46 10 1
45 10 1
44 10 1
43 10 1
42 10 1
41 10 1
40 10 1
39 10 1
38 10 1
37 10 1
36 11 1
35 11 1
34 11 1
33 12 1
32 12 1
31 13 1
30 13 1
29 13 1
28 14 1
27 15 1
26 16 1
25 17 1
24 18 1
23 19 1
22 20 1
21 21 1
20 22 1
20 23 1
19 24 1
19 25 1
18 26 1
18 27 1
17 28 1
17 29 1
17 30 1
16 31 1
16 32 1
16 33 1
15 34 1
15 35 1
15 36 1
15 37 1
14 38 1
14 39 1
14 40 1
14 41 1
14 42 1
14 43 1
14 44 1
14 45 1
14 46 1
14 47 1
14 48 1
14 49 1
14 50 1
14 51 1
14 52 1
14 53 1
14 54 1
15 55 1
15 56 1
15 57 1
15 58 1
16 59 1
16 60 1
17 61 1
17 62 1
18 63 1
18 64 1
19 65 1
20 66 1
21 67 1
22 68 1
23 69 1
24 70 1
25 71 1
26 72 1
27 73 1
28 73 1
29 74 1
30 75 1
31 75 1
32 75 1
33 76 1
34 76 1
35 76 1
.PEN_UP
.PEN_DOWN
54 10 1
56 12 1
56 13 1
56 14 1
56 15 1
56 16 1
56 17 1
56 18 1
56 19 1
56 20 1
56 21 1
56 22 1
56 23 1
56 24 1
56 25 1
56 26 1
56 27 1
56 28 1
56 29 1
58 29 1
59 29 1
60 29 1
61 29 1
62 29 1
63 29 1
64 28 1
65 28 1
66 28 1
67 28 1
68 27 1
69 27 1
70 27 1
71 26 1
72 26 1
73 26 1
74 25 1
75 25 1
76 25 1
77 25 1
78 24 1
79 24 1
80 24 1
81 24 1
82 23 1
.PEN_UP
.PEN_DOWN
56 30 1
55 32 1
55 33 1
55 34 1
55 35 1
56 36 1
56 37 1
57 38 1
59 39 1
60 39 1
61 39 1
62 39 1
63 39 1
.PEN_UP
.PEN_DOWN
57 39 1
57 41 1
57 42 1
57 43 1
57 44 1
56 45 1
56 46 1
55 47 1
55 48 1
55 49 1
55 50 1
54 51 1
54 52 1
54 53 1
54 54 1
54 55 1
54 56 1
54 57 1
54 58 1
54 59 1
54 60 1
54 61 1
54 62 1
54 63 1
54 64 1
54 65 1
54 66 1
54 67 1
54 68 1
54 69 1
54 70 1
55 71 1
56 72 1
59 71 1
60 71 1
61 70 1
62 69 1
63 69 1
64 69 1
65 68 1
67 66 1
67 65 1
68 64 1
68 63 1
69 62 1
70 61 1
71 60 1
.PEN_UP
.PEN_DOWN
66 67 1
67 69 1
67 70 1
67 71 1
67 72 1
67 73 1
67 74 1
68 75 1
68 76 1
69 77 1
70 78 1
71 79 1
72 80 1
73 80 1
74 80 1
75 80 1
76 80 1
77 80 1
79 78 1
80 78 1
81 78 1
82 77 1
83 77 1
84 76 1
85 75 1
86 74 1
86 73 1
86 72 1
86 71 1
86 70 1
86 69 1
85 68 1
84 67 1
83 67 1
82 67 1
81 67 1
80 67 1
79 68 1
79 69 1
78 70 1
77 71 1
77 72 1
77 73 1
77 74 1
77 75 1
77 76 1
77 77 1
77 78 1
78 79 1
79 82 1
79 83 1
79 84 1
79 85 1
79 86 1
79 87 1
79 88 1
79 89 1
79 90 1
79 91 1
80 92 1
80 93 1
82 94 1
83 94 1
84 93 1
85 93 1
86 93 1
.PEN_UP
.PEN_DOWN
79 94 1
78 94 1
77 94 1
76 94 1
75 94 1
74 95 1
73 95 1
72 95 1
71 95 1
70 96 1
69 96 1
68 96 1
67 96 1
66 97 1
65 97 1
64 97 1
63 97 1
62 98 1
61 98 1
60 99 1
59 100 1
59 101 1
59 102 1
59 103 1
59 104 1
59 105 1
59 106 1
59 107 1
59 108 1
59 109 1
59 110 1
59 111 1
60 112 1
60 113 1
60 114 1
60 115 1
60 116 1
61 117 1
61 118 1
62 119 1
63 119 1
64 119 1
65 119 1
66 119 1
67 119 1
68 119 1
69 118 1
70 118 1
71 118 1
72 118 1
73 118 1
74 117 1
75 117 1
76 117 1
77 117 1
78 117 1
79 117 1
80 116 1
81 116 1
82 116 1
83 116 1
84 116 1
85 116 1
86 115 1
87 115 1
88 115 1
.PEN_UP
.PEN_DOWN
57 72 1
57 74 1
56 75 1
56 76 1
56 77 1
56 78 1
.PEN_UP
.PEN_DOWN
42 117 1
41 117 1
40 117 1
39 116 1
38 116 1
37 116 1
36 116 1
35 116 1
34 116 1
33 116 1
32 116 1
31 117 1
30 117 1
29 118 1
28 119 1
27 119 1
26 120 1
25 121 1
24 122 1
23 123 1
22 124 1
22 125 1
21 126 1
20 127 1
20 128 1
19 129 1
19 130 1
19 131 1
18 132 1
18 133 1
17 134 1
17 135 1
17 136 1
17 137 1
17 138 1
17 139 1
17 140 1
17 141 1
17 142 1
17 143 1
17 144 1
17 145 1
18 146 1
18 147 1
19 148 1
20 149 1
21 150 1
22 151 1
23 152 1
24 153 1
25 154 1
26 154 1
27 155 1
28 155 1
29 156 1
30 156 1
31 156 1
32 157 1
33 157 1
34 157 1
35 157 1
36 158 1
37 158 1
.PEN_UP
.PEN_DOWN
89 136 1
90 135 1
91 134 1
91 133 1
91 132 1
91 131 1
90 130 1
89 129 1
88 129 1
87 128 1
86 128 1
85 128 1
84 128 1
83 128 1
82 127 1
81 127 1
80 128 1
79 128 1
78 128 1
77 129 1
76 130 1
75 131 1
74 132 1
73 133 1
73 134 1
72 135 1
72 136 1
72 137 1
72 138 1
72 139 1
72 140 1
72 141 1
72 142 1
72 143 1
72 144 1
72 145 1
73 146 1
73 147 1
74 148 1
74 149 1
74 150 1
75 151 1
75 152 1
75 153 1
76 154 1
76 155 1
76 156 1
78 157 1
79 157 1
80 157 1
81 156 1
82 156 1
83 156 1
84 156 1
85 156 1
86 156 1
.PEN_UP
.PEN_DOWN
76 157 1
75 158 1
74 158 1
73 158 1
72 158 1
71 158 1
70 158 1
69 159 1
68 159 1
67 159 1
66 159 1
65 160 1
64 160 1
63 160 1
62 161 1
62 162 1
62 163 1
62 164 1
62 165 1
62 166 1
62 167 1
62 168 1
62 169 1
62 170 1
63 171 1
63 172 1
63 173 1
63 174 1
64 175 1
64 176 1
64 177 1
64 178 1
65 179 1
65 180 1
65 181 1
66 182 1
68 183 1
69 183 1
70 183 1
71 183 1
72 182 1
73 182 1
74 182 1
75 182 1
76 182 1
77 181 1
78 181 1
79 181 1
80 181 1
81 181 1
82 181 1
83 182 1
84 182 1
85 182 1
86 182 1
87 182 1
88 183 1
89 184 1
89 185 1
89 186 1
89 187 1
89 188 1
88 189 1
87 190 1
86 190 1
85 190 1
84 190 1
83 189 1
82 189 1
81 189 1
80 188 1
.PEN_UP
.PEN_DOWN
66 183 1
66 185 1
66 186 1
66 187 1
.PEN_UP
.PEN_DOWN
55 199 1
55 198 1
54 197 1
53 196 1
52 195 1
51 194 1
50 193 1
49 192 1
48 191 1
47 191 1
46 190 1
45 190 1
44 190 1
43 189 1
42 189 1
41 189 1
40 189 1
39 189 1
38 188 1
37 188 1
36 188 1
35 188 1
34 188 1
33 188 1
32 187 1
31 187 1
30 187 1
29 187 1
28 187 1
27 187 1
26 187 1
25 187 1
24 187 1
23 187 1
22 187 1
21 187 1
20 188 1
19 188 1
18 188 1
17 188 1
16 189 1
15 189 1
14 189 1
13 189 1
12 189 1
11 190 1
10 190 1
9 191 1
8 192 1
7 192 1
6 193 1
5 194 1
4 195 1
3 196 1
3 197 1
2 198 1
2 199 1
1 200 1
1 201 1
1 202 1
1 203 1
2 204 1
2 205 1
2 206 1
2 207 1
3 208 1
3 209 1
3 210 1
4 211 1
4 212 1
4 213 1
5 214 1
6 215 1
7 216 1
7 217 1
8 218 1
9 219 1
10 220 1
.PEN_UP
.PEN_DOWN
64 207 1
63 207 1
62 207 1
61 208 1
60 209 1
60 210 1
60 211 1
60 212 1
60 213 1
60 214 1
61 215 1
61 216 1
61 217 1
61 218 1
61 219 1
61 220 1
62 221 1
62 222 1
62 223 1
62 224 1
62 225 1
62 226 1
.PEN_UP
