.PEN_DOWN
27 15 1
26 16 1
26 17 1
26 18 1
26 19 1
26 20 1
26 21 1
26 22 1
26 23 1
25 24 1
25 25 1
25 26 1
25 27 1
25 28 1
25 29 1
25 30 1
25 31 1
25 32 1
26 33 1
27 34 1
28 34 1
29 34 1
30 34 1
31 34 1
32 34 1
33 34 1
34 34 1
35 34 1
36 34 1
37 34 1
38 34 1
39 34 1
42 34 1
43 33 1
44 33 1
45 33 1
46 33 1
47 32 1
48 32 1
49 32 1
50 31 1
51 30 1
.PEN_UP
.PEN_DOWN
40 34 1
40 36 1
40 37 1
40 38 1
39 39 1
39 40 1
39 41 1
39 42 1
39 43 1
39 44 1
39 45 1
39 46 1
37 47 1
36 47 1
35 47 1
34 47 1
33 47 1
32 46 1
31 46 1
30 46 1
29 47 1
29 48 1
29 49 1
28 50 1
28 51 1
28 52 1
27 53 1
27 54 1
27 55 1
27 56 1
27 57 1
27 58 1
28 59 1
28 60 1
28 61 1
29 62 1
29 63 1
29 64 1
.PEN_UP
.PEN_DOWN
38 47 1
39 49 1
40 50 1
41 51 1
42 52 1
43 52 1
44 52 1
45 52 1
46 52 1
47 52 1
48 52 1
49 52 1
50 52 1
51 52 1
52 52 1
53 52 1
54 52 1
55 51 1
56 51 1
57 51 1
58 51 1
59 50 1
60 50 1
61 50 1
62 49 1
63 49 1
64 49 1
65 48 1
66 48 1
67 48 1
68 47 1
69 47 1
70 47 1
71 47 1
72 47 1
73 47 1
74 47 1
75 46 1
76 46 1
77 47 1
78 47 1
79 48 1
80 49 1
80 50 1
80 51 1
80 52 1
81 53 1
81 54 1
81 55 1
81 56 1
81 57 1
81 58 1
81 59 1
81 60 1
.PEN_UP
.PEN_DOWN
11 55 1
10 55 1
9 55 1
8 56 1
7 56 1
6 56 1
5 56 1
4 56 1
3 55 1
2 54 1
1 53 1
1 52 1
1 51 1
1 50 1
1 49 1
1 48 1
1 47 1
1 46 1
1 45 1
1 44 1
1 43 1
1 42 1
2 41 1
2 40 1
2 39 1
2 38 1
2 37 1
2 36 1
3 35 1
3 34 1
3 33 1
3 32 1
4 31 1
4 30 1
4 29 1
5 28 1
5 27 1
6 26 1
6 25 1
6 24 1
7 23 1
7 22 1
7 21 1
8 20 1
8 19 1
9 18 1
10 17 1
10 16 1
11 15 1
11 14 1
12 13 1
13 12 1
14 11 1
15 10 1
16 9 1
17 8 1
18 7 1
19 7 1
20 6 1
21 5 1
22 5 1
23 5 1
24 5 1
25 4 1
26 4 1
27 4 1
28 4 1
29 4 1
30 4 1
31 4 1
32 4 1
33 4 1
34 4 1
35 4 1
36 4 1
37 4 1
38 4 1
39 4 1
40 4 1
41 4 1
42 4 1
43 4 1
44 4 1
45 4 1
46 3 1
47 3 1
48 3 1
49 3 1
50 3 1
51 2 1
52 2 1
53 2 1
54 2 1
55 2 1
56 2 1
57 2 1
58 2 1
59 1 1
60 1 1
61 1 1
62 1 1
63 1 1
64 1 1
65 1 1
.PEN_UP
.PEN_DOWN
31 74 1
30 75 1
30 76 1
30 77 1
30 78 1
30 79 1
30 80 1
30 81 1
30 82 1
31 83 1
32 84 1
32 85 1
33 86 1
34 87 1
35 88 1
36 88 1
37 88 1
38 89 1
39 89 1
40 88 1
41 88 1
42 88 1
43 88 1
44 87 1
45 87 1
46 86 1
47 85 1
48 85 1
49 84 1
50 83 1
51 82 1
52 82 1
53 81 1
54 81 1
55 81 1
56 81 1
57 82 1
57 83 1
58 84 1
58 85 1
59 86 1
59 87 1
59 88 1
60 89 1
60 90 1
61 91 1
61 92 1
62 93 1
62 94 1
63 95 1
63 96 1
63 97 1
63 98 1
63 99 1
63 100 1
62 101 1
61 102 1
60 102 1
59 102 1
58 103 1
57 103 1
56 103 1
55 103 1
54 103 1
53 103 1
52 103 1
51 103 1
50 104 1
49 104 1
48 104 1
47 104 1
46 104 1
45 104 1
44 104 1
43 104 1
42 104 1
41 104 1
40 104 1
39 104 1
38 104 1
37 104 1
36 104 1
35 104 1
34 104 1
33 104 1
32 106 1
32 107 1
32 108 1
31 109 1
31 110 1
31 111 1
30 112 1
30 113 1
30 114 1
30 115 1
30 116 1
30 117 1
30 118 1
31 119 1
32 120 1
33 121 1
34 122 1
35 122 1
36 122 1
37 123 1
38 123 1
39 124 1
40 124 1
41 125 1
42 126 1
43 126 1
44 126 1
45 125 1
46 125 1
47 125 1
48 125 1
49 125 1
50 125 1
51 125 1
52 125 1
53 125 1
54 125 1
55 124 1
56 124 1
57 123 1
58 123 1
59 123 1
.PEN_UP
.PEN_DOWN
41 127 1
41 128 1
40 129 1
40 130 1
39 131 1
38 132 1
37 133 1
36 134 1
36 135 1
35 136 1
34 137 1
34 138 1
34 139 1
34 140 1
34 141 1
.PEN_UP
.PEN_DOWN
75 89 1
75 90 1
74 91 1
74 92 1
74 93 1
.PEN_UP
