.PEN_DOWN
45 26 1
44 27 1
43 28 1
42 28 1
41 29 1
40 29 1
39 30 1
38 30 1
37 31 1
36 32 1
35 33 1
35 34 1
35 35 1
35 36 1
35 37 1
36 38 1
37 39 1
38 40 1
39 41 1
40 42 1
41 42 1
42 42 1
43 43 1
44 43 1
45 43 1
46 43 1
47 44 1
48 44 1
49 44 1
50 44 1
51 44 1
52 43 1
53 43 1
54 43 1
55 43 1
56 43 1
57 42 1
58 42 1
59 42 1
60 42 1
61 42 1
62 41 1
63 40 1
64 39 1
64 38 1
66 37 1
67 37 1
68 37 1
69 37 1
70 36 1
71 36 1
72 36 1
.PEN_UP
.PEN_DOWN
64 37 1
63 35 1
63 34 1
63 33 1
63 32 1
63 31 1
63 30 1
63 29 1
64 28 1
64 27 1
64 26 1
65 25 1
66 24 1
67 23 1
68 22 1
69 21 1
70 20 1
71 19 1
72 18 1
73 17 1
74 16 1
75 15 1
75 14 1
76 13 1
76 12 1
76 11 1
76 10 1
76 9 1
76 8 1
76 7 1
75 6 1
74 5 1
73 4 1
72 3 1
71 3 1
70 2 1
69 2 1
68 1 1
67 1 1
66 1 1
65 1 1
64 1 1
63 1 1
62 1 1
61 1 1
60 1 1
59 1 1
58 1 1
57 1 1
56 1 1
55 1 1
54 1 1
53 1 1
52 2 1
51 2 1
50 2 1
49 3 1
48 3 1
47 3 1
46 4 1
45 4 1
44 4 1
43 5 1
42 5 1
41 5 1
40 6 1
39 6 1
38 6 1
37 7 1
36 8 1
35 8 1
34 9 1
33 9 1
32 10 1
31 10 1
30 11 1
29 12 1
28 12 1
27 13 1
26 13 1
25 14 1
24 15 1
23 16 1
23 17 1
22 18 1
21 18 1
20 19 1
20 20 1
19 21 1
18 21 1
17 22 1
16 23 1
16 24 1
15 25 1
14 26 1
14 27 1
13 28 1
13 29 1
13 30 1
13 31 1
13 32 1
12 33 1
12 34 1
11 35 1
11 36 1
10 37 1
10 38 1
10 39 1
10 40 1
9 41 1
9 42 1
9 43 1
9 44 1
9 45 1
9 46 1
9 47 1
9 48 1
9 49 1
9 50 1
9 51 1
9 52 1
9 53 1
9 54 1
10 55 1
10 56 1
10 57 1
11 58 1
11 59 1
12 60 1
12 61 1
13 62 1
13 63 1
14 64 1
14 65 1
15 66 1
16 67 1
.PEN_UP
.PEN_DOWN
43 53 1
42 54 1
41 55 1
40 56 1
40 57 1
39 58 1
39 59 1
38 60 1
38 61 1
38 62 1
37 63 1
37 64 1
37 65 1
37 66 1
36 67 1
36 68 1
37 69 1
37 70 1
37 71 1
37 72 1
37 73 1
37 74 1
37 75 1
37 76 1
38 77 1
38 78 1
38 79 1
39 80 1
41 80 1
42 80 1
43 80 1
44 79 1
45 79 1
46 79 1
47 79 1
48 78 1
49 79 1
50 79 1
51 79 1
52 79 1
53 79 1
54 79 1
55 79 1
56 79 1
57 79 1
58 79 1
59 79 1
60 79 1
61 79 1
62 79 1
63 79 1
64 79 1
65 78 1
67 79 1
68 79 1
69 79 1
70 79 1
71 80 1
.PEN_UP
.PEN_DOWN
66 77 1
66 76 1
66 75 1
67 74 1
67 73 1
67 72 1
68 71 1
69 70 1
69 69 1
69 68 1
70 67 1
70 66 1
70 65 1
70 64 1
70 63 1
70 62 1
69 61 1
68 60 1
67 59 1
66 59 1
65 59 1
64 59 1
63 59 1
62 59 1
61 59 1
60 60 1
59 61 1
58 62 1
57 63 1
56 64 1
55 65 1
54 66 1
53 67 1
53 68 1
52 69 1
51 70 1
51 71 1
51 72 1
50 73 1
49 74 1
49 75 1
49 76 1
49 77 1
.PEN_UP
.PEN_DOWN
40 80 1
38 82 1
38 83 1
37 84 1
36 85 1
35 86 1
35 87 1
35 88 1
35 89 1
36 90 1
36 91 1
37 92 1
38 93 1
39 94 1
39 95 1
40 96 1
42 97 1
43 97 1
44 97 1
45 97 1
46 97 1
47 97 1
48 97 1
49 97 1
50 97 1
51 97 1
52 97 1
53 97 1
54 96 1
.PEN_UP
.PEN_DOWN
40 97 1
39 99 1
38 100 1
37 101 1
36 102 1
35 103 1
34 104 1
33 105 1
33 106 1
32 107 1
31 108 1
31 109 1
31 110 1
30 111 1
30 112 1
29 113 1
29 114 1
29 115 1
29 116 1
29 117 1
29 118 1
29 119 1
29 120 1
30 121 1
31 122 1
32 122 1
33 123 1
34 124 1
35 125 1
36 126 1
39 126 1
40 125 1
41 125 1
42 125 1
43 124 1
44 124 1
45 124 1
46 124 1
47 124 1
48 123 1
49 123 1
50 123 1
51 122 1
52 122 1
53 122 1
54 122 1
55 121 1
56 121 1
57 120 1
58 120 1
59 119 1
60 119 1
61 119 1
62 119 1
63 118 1
64 118 1
65 118 1
66 117 1
67 117 1
68 117 1
69 117 1
70 117 1
71 117 1
72 117 1
73 118 1
74 118 1
75 119 1
76 120 1
76 121 1
76 122 1
76 123 1
76 124 1
76 125 1
76 126 1
76 127 1
75 128 1
75 129 1
74 130 1
74 131 1
74 132 1
73 133 1
72 133 1
71 134 1
70 135 1
69 136 1
68 136 1
67 136 1
66 136 1
65 136 1
64 136 1
63 136 1
62 136 1
61 136 1
60 136 1
59 136 1
58 137 1
57 137 1
56 138 1
.PEN_UP
.PEN_DOWN
37 126 1
36 128 1
36 129 1
36 130 1
36 131 1
35 132 1
35 133 1
34 134 1
34 135 1
33 136 1
33 137 1
32 138 1
32 139 1
32 140 1
31 141 1
31 142 1
31 143 1
31 144 1
30 145 1
29 146 1
28 146 1
27 146 1
26 146 1
25 146 1
24 146 1
23 147 1
22 147 1
21 147 1
20 147 1
19 148 1
18 148 1
17 148 1
16 148 1
15 148 1
14 148 1
13 147 1
12 147 1
11 147 1
10 147 1
9 146 1
8 146 1
7 145 1
6 145 1
5 144 1
4 143 1
4 142 1
3 141 1
3 140 1
2 139 1
2 138 1
1 137 1
1 136 1
1 135 1
1 134 1
2 133 1
3 132 1
4 131 1
.PEN_UP
.PEN_DOWN
31 146 1
31 147 1
31 148 1
32 149 1
32 150 1
32 151 1
33 152 1
33 153 1
34 154 1
35 155 1
35 156 1
36 157 1
37 158 1
38 159 1
39 160 1
40 161 1
40 162 1
41 163 1
42 164 1
43 165 1
45 165 1
46 165 1
47 165 1
48 165 1
49 165 1
50 165 1
51 165 1
52 166 1
53 167 1
54 167 1
55 167 1
56 168 1
57 167 1
58 167 1
59 167 1
60 167 1
61 166 1
62 166 1
63 166 1
64 165 1
65 164 1
66 163 1
66 162 1
66 161 1
67 160 1
69 159 1
70 158 1
71 158 1
72 158 1
73 157 1
74 156 1
75 156 1
.PEN_UP
.PEN_DOWN
67 159 1
66 158 1
65 158 1
64 158 1
63 159 1
62 159 1
61 159 1
60 159 1
59 159 1
58 160 1
57 160 1
56 161 1
55 161 1
54 161 1
53 162 1
52 163 1
52 164 1
.PEN_UP
.PEN_DOWN
44 165 1
42 167 1
41 168 1
40 169 1
39 170 1
38 170 1
37 171 1
36 172 1
35 173 1
34 174 1
34 175 1
33 176 1
33 177 1
32 178 1
31 179 1
31 180 1
30 181 1
30 182 1
30 183 1
29 184 1
29 185 1
28 186 1
28 187 1
28 188 1
28 189 1
28 190 1
28 191 1
28 192 1
28 193 1
28 194 1
28 195 1
28 196 1
28 197 1
28 198 1
28 199 1
.PEN_UP
