.PEN_DOWN
21 9 1
20 10 1
20 11 1
20 12 1
20 13 1
20 14 1
20 15 1
19 16 1
20 17 1
20 18 1
20 19 1
19 20 1
19 21 1
20 22 1
20 23 1
20 24 1
20 25 1
20 26 1
20 27 1
.PEN_UP
.PEN_DOWN
1 29 1
2 30 1
3 30 1
4 31 1
5 31 1
6 31 1
7 32 1
8 32 1
9 33 1
10 34 1
11 34 1
12 35 1
13 35 1
14 36 1
15 37 1
16 38 1
17 39 1
18 40 1
19 41 1
19 42 1
20 43 1
20 44 1
21 45 1
22 46 1
23 47 1
24 48 1
25 49 1
25 50 1
26 51 1
26 52 1
27 53 1
28 54 1
29 54 1
32 54 1
33 54 1
34 54 1
35 54 1
36 54 1
37 54 1
38 54 1
39 53 1
40 53 1
41 53 1
42 53 1
43 53 1
44 53 1
45 53 1
46 53 1
47 53 1
48 53 1
49 53 1
50 53 1
51 53 1
52 53 1
53 53 1
54 53 1
55 53 1
56 54 1
57 54 1
58 54 1
59 55 1
60 56 1
61 57 1
61 58 1
62 59 1
62 60 1
62 61 1
62 62 1
62 63 1
62 64 1
61 65 1
61 66 1
61 67 1
60 68 1
60 69 1
59 70 1
58 71 1
57 72 1
56 73 1
55 74 1
54 74 1
53 74 1
52 74 1
51 74 1
50 74 1
49 73 1
48 72 1
47 71 1
46 70 1
45 69 1
44 69 1
43 68 1
42 68 1
41 68 1
40 67 1
39 66 1
38 65 1
37 65 1
36 64 1
35 63 1
34 62 1
33 62 1
32 62 1
31 61 1
29 62 1
28 63 1
27 64 1
26 65 1
26 66 1
26 67 1
26 68 1
27 69 1
27 70 1
27 71 1
27 72 1
28 73 1
28 74 1
28 75 1
28 76 1
.PEN_UP
.PEN_DOWN
30 60 1
30 59 1
30 58 1
30 57 1
30 56 1
30 55 1
.PEN_UP
.PEN_DOWN
38 9 1
37 9 1
36 9 1
35 10 1
34 10 1
33 11 1
32 11 1
31 12 1
31 13 1
30 14 1
30 15 1
30 16 1
30 17 1
30 18 1
30 19 1
30 20 1
30 21 1
30 22 1
31 23 1
31 24 1
32 25 1
32 26 1
33 27 1
34 28 1
35 29 1
36 30 1
37 31 1
38 31 1
39 32 1
40 32 1
41 32 1
42 32 1
43 32 1
44 33 1
45 33 1
46 33 1
47 32 1
48 32 1
49 32 1
50 32 1
51 31 1
52 31 1
53 30 1
54 30 1
55 29 1
56 28 1
57 27 1
58 26 1
59 25 1
60 25 1
61 24 1
64 25 1
65 26 1
66 27 1
66 28 1
67 29 1
68 30 1
68 31 1
69 32 1
.PEN_UP
.PEN_DOWN
62 23 1
62 22 1
62 21 1
62 20 1
62 19 1
60 17 1
59 16 1
58 15 1
58 14 1
57 13 1
57 12 1
56 11 1
56 10 1
55 9 1
55 8 1
55 7 1
55 6 1
55 5 1
54 4 1
55 3 1
55 2 1
56 1 1
57 1 1
58 1 1
59 1 1
60 1 1
61 2 1
62 3 1
62 4 1
63 5 1
63 6 1
64 7 1
.PEN_UP
.PEN_DOWN
33 42 1
32 43 1
32 44 1
32 45 1
32 46 1
33 47 1
34 48 1
.PEN_UP
.PEN_DOWN
29 84 1
30 84 1
31 85 1
32 85 1
33 85 1
34 86 1
35 87 1
37 87 1
38 87 1
39 87 1
40 87 1
41 87 1
42 87 1
43 88 1
44 88 1
45 88 1
46 88 1
47 88 1
48 88 1
49 88 1
50 89 1
51 89 1
52 90 1
53 90 1
54 90 1
55 90 1
56 90 1
57 91 1
58 91 1
.PEN_UP
.PEN_DOWN
70 99 1
71 100 1
72 101 1
73 102 1
74 103 1
75 104 1
76 105 1
76 106 1
77 107 1
77 108 1
78 109 1
78 110 1
78 111 1
78 112 1
79 113 1
79 114 1
80 115 1
80 116 1
80 117 1
80 118 1
80 119 1
80 120 1
80 121 1
80 122 1
80 123 1
79 124 1
79 125 1
79 126 1
78 127 1
77 128 1
76 129 1
75 130 1
74 131 1
73 131 1
72 131 1
71 131 1
70 131 1
69 131 1
68 131 1
67 131 1
66 130 1
65 129 1
64 128 1
63 127 1
62 126 1
61 125 1
60 124 1
59 123 1
59 122 1
58 121 1
57 120 1
56 119 1
56 118 1
55 117 1
54 116 1
53 115 1
52 114 1
51 113 1
50 112 1
49 112 1
48 111 1
47 111 1
46 111 1
45 111 1
44 111 1
43 110 1
42 110 1
39 110 1
38 110 1
37 110 1
36 110 1
35 110 1
34 110 1
33 111 1
32 112 1
31 112 1
30 113 1
29 114 1
28 115 1
28 116 1
28 117 1
28 118 1
28 119 1
28 120 1
28 121 1
28 122 1
29 123 1
30 124 1
31 124 1
32 124 1
33 124 1
34 124 1
35 124 1
36 124 1
37 123 1
38 122 1
39 121 1
39 120 1
40 119 1
40 118 1
40 117 1
40 116 1
40 115 1
41 114 1
41 113 1
41 112 1
41 111 1
.PEN_UP
