.PEN_DOWN
14 39 1
13 39 1
12 39 1
11 39 1
10 38 1
9 38 1
8 37 1
7 37 1
6 37 1
5 37 1
4 37 1
3 36 1
2 35 1
2 34 1
1 33 1
1 32 1
1 31 1
2 30 1
2 29 1
3 28 1
4 28 1
5 27 1
6 27 1
7 26 1
8 26 1
9 26 1
10 25 1
11 25 1
12 25 1
13 25 1
14 24 1
15 24 1
16 24 1
17 24 1
18 24 1
19 24 1
20 24 1
21 24 1
22 24 1
23 24 1
24 24 1
25 24 1
26 24 1
27 24 1
28 24 1
29 24 1
30 24 1
31 24 1
32 24 1
33 24 1
34 25 1
35 25 1
36 26 1
37 26 1
38 26 1
39 27 1
40 27 1
41 27 1
42 28 1
43 28 1
44 29 1
45 29 1
46 29 1
47 30 1
48 30 1
49 30 1
50 32 1
50 33 1
50 34 1
50 35 1
50 36 1
52 37 1
53 37 1
54 38 1
55 39 1
56 40 1
57 41 1
58 42 1
59 43 1
60 42 1
61 42 1
62 41 1
62 40 1
63 39 1
64 38 1
65 37 1
65 36 1
66 35 1
67 34 1
68 33 1
68 32 1
69 31 1
70 30 1
71 29 1
72 28 1
72 27 1
73 26 1
74 25 1
75 24 1
76 23 1
77 22 1
78 22 1
79 22 1
80 21 1
81 21 1
82 19 1
83 18 1
83 17 1
84 16 1
.PEN_UP
.PEN_DOWN
82 20 1
82 23 1
82 24 1
82 25 1
82 26 1
82 27 1
82 28 1
82 29 1
82 30 1
82 31 1
81 32 1
81 33 1
81 34 1
81 35 1
81 36 1
81 37 1
81 38 1
81 39 1
81 40 1
82 41 1
82 42 1
82 43 1
82 44 1
82 45 1
82 46 1
82 47 1
83 48 1
83 49 1
85 51 1
86 51 1
87 52 1
.PEN_UP
.PEN_DOWN
82 50 1
81 50 1
80 50 1
79 50 1
78 50 1
77 50 1
76 50 1
75 50 1
74 50 1
73 50 1
72 50 1
71 49 1
70 49 1
69 49 1
68 49 1
67 49 1
66 48 1
65 48 1
64 48 1
63 48 1
62 48 1
61 48 1
60 48 1
59 47 1
57 47 1
56 47 1
55 48 1
54 48 1
53 48 1
52 49 1
51 49 1
50 49 1
47 49 1
46 49 1
45 49 1
44 49 1
43 48 1
42 47 1
41 46 1
40 46 1
39 45 1
38 45 1
37 45 1
36 45 1
35 45 1
34 44 1
33 44 1
32 44 1
.PEN_UP
.PEN_DOWN
43 50 1
42 51 1
41 52 1
40 53 1
39 53 1
38 54 1
37 55 1
36 56 1
35 56 1
34 57 1
33 58 1
33 59 1
32 60 1
31 60 1
30 61 1
29 62 1
28 63 1
27 64 1
26 65 1
25 66 1
24 67 1
23 68 1
22 69 1
21 70 1
20 71 1
19 72 1
18 73 1
17 74 1
16 75 1
15 76 1
14 77 1
14 78 1
13 79 1
12 80 1
11 81 1
11 82 1
10 83 1
9 84 1
9 85 1
8 86 1
7 87 1
7 88 1
6 89 1
6 90 1
5 91 1
5 92 1
4 93 1
4 94 1
4 95 1
3 96 1
3 97 1
3 98 1
2 99 1
2 100 1
2 101 1
1 102 1
1 103 1
1 104 1
1 105 1
1 106 1
1 107 1
1 108 1
1 109 1
1 110 1
1 111 1
1 112 1
1 113 1
1 114 1
1 115 1
1 116 1
2 117 1
2 118 1
2 119 1
2 120 1
3 121 1
3 122 1
3 123 1
4 124 1
4 125 1
4 126 1
5 127 1
5 128 1
6 129 1
6 130 1
7 131 1
7 132 1
8 133 1
9 134 1
10 135 1
11 136 1
12 137 1
13 138 1
14 139 1
15 140 1
16 141 1
17 142 1
18 143 1
19 143 1
20 143 1
21 144 1
22 144 1
23 144 1
24 145 1
25 145 1
26 145 1
27 145 1
28 145 1
29 145 1
.PEN_UP
.PEN_DOWN
49 48 1
49 51 1
49 52 1
49 53 1
49 54 1
49 55 1
49 56 1
48 57 1
48 58 1
48 59 1
48 60 1
48 61 1
47 62 1
46 63 1
46 64 1
46 65 1
46 66 1
46 67 1
46 68 1
46 69 1
46 70 1
46 71 1
46 72 1
46 73 1
46 74 1
46 75 1
46 76 1
47 77 1
47 78 1
49 79 1
50 79 1
51 79 1
52 79 1
53 79 1
54 79 1
55 79 1
56 79 1
57 79 1
58 79 1
59 79 1
60 79 1
61 79 1
62 79 1
63 80 1
64 80 1
65 80 1
66 80 1
67 80 1
68 81 1
69 81 1
70 81 1
71 81 1
72 81 1
73 81 1
74 81 1
75 81 1
76 81 1
77 82 1
78 82 1
79 82 1
80 82 1
81 82 1
82 82 1
83 82 1
84 82 1
85 82 1
86 83 1
87 83 1
.PEN_UP
.PEN_DOWN
47 79 1
46 80 1
45 80 1
44 80 1
43 80 1
.PEN_UP
.PEN_DOWN
49 47 1
49 46 1
49 45 1
49 44 1
49 43 1
49 42 1
49 41 1
49 40 1
49 39 1
49 38 1
50 37 1
.PEN_UP
.PEN_DOWN
50 29 1
50 28 1
50 27 1
50 26 1
50 25 1
50 24 1
50 23 1
50 22 1
50 21 1
50 20 1
50 19 1
50 18 1
50 17 1
50 16 1
50 15 1
50 14 1
51 13 1
51 12 1
51 11 1
51 10 1
51 9 1
51 8 1
50 7 1
50 6 1
50 5 1
50 4 1
51 3 1
51 2 1
51 1 1
.PEN_UP
.PEN_DOWN
48 95 1
47 96 1
46 97 1
46 98 1
45 99 1
45 100 1
45 101 1
45 102 1
45 103 1
45 104 1
45 105 1
45 106 1
45 107 1
45 108 1
45 109 1
45 110 1
45 111 1
45 112 1
45 113 1
45 114 1
45 115 1
45 116 1
45 117 1
44 118 1
44 119 1
44 120 1
44 121 1
44 122 1
44 123 1
44 124 1
44 125 1
44 126 1
45 127 1
46 128 1
47 130 1
47 131 1
47 132 1
47 133 1
47 134 1
47 135 1
48 136 1
49 136 1
50 136 1
51 136 1
52 136 1
53 136 1
54 136 1
55 136 1
56 136 1
57 135 1
58 135 1
59 135 1
60 135 1
61 135 1
62 135 1
63 135 1
64 135 1
65 135 1
66 135 1
67 136 1
68 136 1
69 135 1
71 136 1
72 136 1
73 136 1
74 137 1
75 137 1
76 137 1
77 137 1
78 138 1
79 138 1
80 139 1
81 139 1
.PEN_UP
.PEN_DOWN
69 134 1
69 133 1
68 132 1
68 131 1
68 130 1
67 129 1
67 128 1
66 127 1
66 126 1
66 125 1
66 124 1
66 123 1
66 122 1
66 121 1
66 120 1
66 119 1
66 118 1
64 117 1
63 118 1
62 118 1
61 118 1
60 119 1
59 120 1
58 121 1
57 122 1
56 123 1
55 124 1
54 125 1
53 126 1
52 126 1
51 127 1
50 128 1
49 128 1
48 128 1
.PEN_UP
.PEN_DOWN
65 117 1
66 115 1
67 114 1
68 113 1
69 112 1
69 111 1
70 110 1
71 109 1
71 108 1
72 107 1
73 106 1
74 105 1
74 104 1
75 103 1
76 102 1
77 101 1
77 100 1
.PEN_UP
.PEN_DOWN
88 114 1
89 115 1
91 115 1
92 115 1
93 115 1
94 115 1
95 115 1
96 116 1
97 116 1
.PEN_UP
.PEN_DOWN
90 115 1
89 117 1
88 118 1
88 119 1
88 120 1
88 121 1
87 122 1
86 123 1
86 124 1
86 125 1
.PEN_UP
.PEN_DOWN
56 146 1
55 145 1
54 145 1
53 145 1
52 145 1
51 145 1
50 146 1
49 147 1
48 148 1
47 149 1
47 150 1
46 151 1
46 152 1
45 153 1
45 154 1
44 155 1
44 156 1
44 157 1
44 158 1
44 159 1
44 160 1
44 161 1
44 162 1
45 163 1
45 164 1
46 165 1
47 166 1
48 167 1
49 168 1
50 169 1
51 169 1
52 170 1
53 170 1
54 170 1
55 171 1
56 171 1
57 171 1
58 171 1
59 171 1
60 171 1
61 171 1
62 171 1
63 171 1
64 171 1
65 170 1
66 170 1
67 170 1
68 169 1
69 168 1
70 168 1
71 168 1
72 168 1
73 167 1
74 167 1
75 167 1
77 165 1
78 164 1
79 163 1
79 162 1
80 161 1
81 160 1
81 159 1
82 158 1
83 157 1
.PEN_UP
.PEN_DOWN
76 166 1
76 169 1
76 170 1
76 171 1
76 172 1
76 173 1
76 174 1
76 175 1
76 176 1
76 177 1
76 178 1
76 179 1
76 180 1
76 181 1
76 182 1
76 183 1
76 184 1
76 185 1
76 186 1
76 187 1
76 188 1
74 189 1
73 189 1
72 189 1
71 189 1
70 189 1
69 188 1
68 188 1
67 188 1
66 188 1
65 188 1
64 189 1
63 189 1
62 189 1
61 189 1
60 189 1
59 190 1
58 190 1
57 190 1
56 190 1
55 191 1
54 191 1
53 191 1
52 191 1
51 192 1
50 192 1
49 192 1
48 192 1
47 193 1
46 193 1
45 194 1
44 195 1
43 196 1
43 197 1
42 198 1
41 199 1
41 200 1
40 201 1
40 202 1
40 203 1
40 204 1
40 205 1
40 206 1
41 207 1
41 208 1
42 209 1
43 209 1
44 209 1
45 209 1
46 209 1
47 210 1
48 210 1
49 210 1
50 210 1
51 210 1
52 211 1
53 212 1
55 212 1
56 212 1
57 212 1
58 212 1
59 212 1
60 212 1
61 213 1
62 213 1
63 212 1
64 212 1
65 212 1
66 212 1
67 212 1
68 212 1
69 212 1
70 212 1
71 212 1
72 212 1
73 212 1
74 213 1
75 213 1
76 213 1
77 213 1
78 213 1
79 213 1
80 214 1
81 214 1
82 214 1
83 214 1
84 214 1
85 214 1
86 213 1
.PEN_UP
.PEN_DOWN
53 213 1
52 215 1
52 216 1
51 217 1
50 218 1
49 218 1
48 219 1
47 219 1
46 220 1
45 221 1
44 222 1
43 222 1
42 223 1
41 224 1
41 225 1
40 226 1
39 227 1
39 228 1
39 229 1
38 230 1
38 231 1
38 232 1
37 233 1
37 234 1
38 235 1
38 236 1
38 237 1
38 238 1
38 239 1
38 240 1
.PEN_UP
.PEN_DOWN
75 189 1
78 189 1
79 189 1
80 189 1
81 189 1
82 189 1
83 190 1
84 190 1
85 191 1
.PEN_UP
.PEN_DOWN
92 169 1
93 169 1
94 169 1
95 170 1
96 170 1
97 171 1
98 171 1
.PEN_UP
