.PEN_DOWN
14 1 1
13 2 1
12 3 1
12 4 1
12 5 1
11 6 1
11 7 1
10 8 1
10 9 1
10 10 1
10 11 1
10 12 1
10 13 1
10 14 1
10 15 1
10 16 1
10 17 1
10 18 1
10 19 1
10 20 1
11 21 1
12 22 1
13 23 1
14 23 1
15 23 1
16 23 1
17 23 1
18 23 1
20 25 1
21 25 1
22 25 1
23 25 1
24 25 1
25 25 1
26 25 1
27 25 1
28 25 1
29 26 1
30 26 1
31 26 1
32 26 1
33 26 1
34 26 1
35 26 1
36 26 1
37 25 1
37 24 1
37 23 1
36 22 1
36 21 1
36 20 1
35 19 1
35 18 1
35 17 1
34 16 1
34 15 1
34 14 1
33 13 1
32 12 1
32 11 1
31 10 1
30 10 1
27 10 1
26 11 1
25 12 1
25 13 1
24 14 1
24 15 1
23 16 1
22 17 1
22 18 1
21 19 1
20 20 1
20 21 1
20 22 1
19 23 1
.PEN_UP
.PEN_DOWN
10 57 1
10 58 1
9 59 1
9 60 1
9 61 1
9 62 1
9 63 1
8 64 1
8 65 1
8 66 1
8 67 1
8 68 1
8 69 1
8 70 1
8 71 1
8 72 1
7 73 1
7 74 1
7 75 1
7 76 1
7 77 1
.PEN_UP
.PEN_DOWN
30 54 1
31 54 1
32 55 1
33 55 1
34 55 1
35 55 1
36 54 1
37 53 1
37 52 1
37 51 1
36 50 1
36 49 1
36 48 1
35 47 1
35 46 1
34 45 1
33 44 1
32 44 1
31 43 1
30 42 1
29 42 1
28 42 1
27 42 1
26 42 1
25 43 1
24 44 1
23 45 1
22 46 1
21 47 1
21 48 1
20 49 1
20 50 1
20 51 1
20 52 1
20 53 1
20 54 1
20 55 1
20 56 1
20 57 1
21 58 1
21 59 1
22 60 1
22 61 1
23 62 1
24 63 1
25 64 1
25 65 1
26 66 1
26 67 1
28 68 1
29 69 1
30 69 1
31 69 1
32 70 1
32 71 1
.PEN_UP
.PEN_DOWN
26 68 1
25 70 1
24 70 1
23 71 1
22 72 1
21 73 1
21 74 1
21 75 1
21 76 1
21 77 1
21 78 1
22 79 1
22 80 1
22 81 1
23 82 1
23 83 1
23 84 1
25 85 1
26 85 1
27 86 1
28 86 1
29 86 1
30 87 1
31 87 1
.PEN_UP
.PEN_DOWN
23 85 1
22 86 1
21 86 1
20 85 1
19 85 1
18 85 1
17 85 1
16 85 1
15 85 1
14 85 1
13 85 1
12 84 1
11 84 1
10 84 1
9 84 1
8 84 1
7 84 1
6 83 1
5 83 1
.PEN_UP
.PEN_DOWN
7 97 1
7 98 1
7 99 1
7 100 1
7 101 1
7 102 1
7 103 1
5 104 1
4 104 1
3 104 1
2 104 1
1 105 1
.PEN_UP
.PEN_DOWN
6 104 1
8 105 1
9 105 1
10 106 1
11 106 1
12 106 1
13 106 1
14 106 1
15 106 1
16 106 1
17 106 1
18 106 1
19 107 1
20 107 1
21 106 1
22 106 1
23 106 1
24 106 1
25 106 1
26 106 1
27 106 1
28 106 1
29 106 1
30 106 1
31 106 1
32 106 1
33 106 1
34 106 1
.PEN_UP
.PEN_DOWN
5 116 1
5 117 1
4 118 1
4 119 1
4 120 1
3 121 1
3 122 1
4 123 1
4 124 1
4 125 1
.PEN_UP
.PEN_DOWN
7 142 1
8 142 1
9 142 1
11 143 1
12 143 1
13 143 1
14 143 1
15 143 1
16 143 1
17 143 1
18 144 1
19 144 1
20 144 1
21 144 1
22 145 1
23 145 1
24 145 1
25 145 1
26 145 1
27 145 1
28 144 1
28 143 1
28 142 1
28 141 1
27 140 1
27 139 1
27 138 1
26 137 1
26 136 1
25 135 1
24 134 1
24 133 1
23 132 1
22 131 1
21 130 1
20 129 1
19 129 1
18 129 1
17 130 1
16 130 1
15 131 1
15 132 1
14 133 1
13 134 1
12 135 1
11 136 1
11 137 1
11 138 1
11 139 1
10 140 1
10 141 1
.PEN_UP
.PEN_DOWN
10 158 1
10 159 1
10 160 1
9 161 1
9 162 1
.PEN_UP
