.PEN_DOWN
8 8 1
7 8 1
6 9 1
5 9 1
4 10 1
4 11 1
3 12 1
2 13 1
1 14 1
1 15 1
1 16 1
1 17 1
2 18 1
2 19 1
3 20 1
4 21 1
5 22 1
6 22 1
7 22 1
8 23 1
9 23 1
10 23 1
11 23 1
12 23 1
13 23 1
14 23 1
15 23 1
16 23 1
17 23 1
18 22 1
20 19 1
21 19 1
22 18 1
23 18 1
24 17 1
25 16 1
26 15 1
26 14 1
27 13 1
27 12 1
28 11 1
28 10 1
29 9 1
29 8 1
29 7 1
29 6 1
29 5 1
29 4 1
29 3 1
28 2 1
27 1 1
26 1 1
25 2 1
24 2 1
23 3 1
22 4 1
21 5 1
20 6 1
19 7 1
19 8 1
18 9 1
18 10 1
18 11 1
18 12 1
18 13 1
18 14 1
18 15 1
18 16 1
18 17 1
18 18 1
18 19 1
19 20 1
20 23 1
20 24 1
20 25 1
20 26 1
20 27 1
21 28 1
21 29 1
21 30 1
22 31 1
22 32 1
22 33 1
22 34 1
22 35 1
23 36 1
22 38 1
21 38 1
20 38 1
19 38 1
18 38 1
17 38 1
16 38 1
15 39 1
14 39 1
13 39 1
12 39 1
11 39 1
10 39 1
9 40 1
8 40 1
5 40 1
4 39 1
3 39 1
.PEN_UP
.PEN_DOWN
7 40 1
7 42 1
6 43 1
6 44 1
6 45 1
5 46 1
5 47 1
5 48 1
4 49 1
4 50 1
3 51 1
3 52 1
3 53 1
3 54 1
3 55 1
3 56 1
3 57 1
3 58 1
3 59 1
3 60 1
4 61 1
5 62 1
6 61 1
7 61 1
8 61 1
9 61 1
10 61 1
11 61 1
12 61 1
13 61 1
14 61 1
15 61 1
16 61 1
17 60 1
18 60 1
19 60 1
20 60 1
21 60 1
22 60 1
23 60 1
24 60 1
25 59 1
26 59 1
27 59 1
28 59 1
29 59 1
30 58 1
31 58 1
32 58 1
33 57 1
34 57 1
35 57 1
36 56 1
37 56 1
38 55 1
.PEN_UP
.PEN_DOWN
9 74 1
8 75 1
7 76 1
6 77 1
5 78 1
5 79 1
4 80 1
4 81 1
3 82 1
3 83 1
3 84 1
2 85 1
2 86 1
2 87 1
3 88 1
4 89 1
5 90 1
6 91 1
7 91 1
8 92 1
9 92 1
10 93 1
12 92 1
13 91 1
14 91 1
15 90 1
16 89 1
17 88 1
18 87 1
19 86 1
19 85 1
20 84 1
20 83 1
21 82 1
21 81 1
22 80 1
23 79 1
24 78 1
26 79 1
27 80 1
28 81 1
29 82 1
29 83 1
30 84 1
30 85 1
31 86 1
31 87 1
31 88 1
31 89 1
.PEN_UP
.PEN_DOWN
24 77 1
24 76 1
24 75 1
23 74 1
23 73 1
.PEN_UP
.PEN_DOWN
11 93 1
11 95 1
11 96 1
11 97 1
10 98 1
9 99 1
8 100 1
7 101 1
7 102 1
7 103 1
7 104 1
7 105 1
7 106 1
7 107 1
7 108 1
7 109 1
8 110 1
9 111 1
10 112 1
11 112 1
12 112 1
13 113 1
14 113 1
15 113 1
16 113 1
17 113 1
18 113 1
19 113 1
20 113 1
21 112 1
22 111 1
23 110 1
23 109 1
23 108 1
.PEN_UP
.PEN_DOWN
12 98 1
13 98 1
14 97 1
15 97 1
16 97 1
17 97 1
18 97 1
19 97 1
20 97 1
21 96 1
22 96 1
23 96 1
24 96 1
25 95 1
26 95 1
27 95 1
28 95 1
29 95 1
30 95 1
31 95 1
32 95 1
33 95 1
.PEN_UP
.PEN_DOWN
18 138 1
17 138 1
16 137 1
16 136 1
16 135 1
16 134 1
17 133 1
17 132 1
18 131 1
19 130 1
20 129 1
21 128 1
22 127 1
23 127 1
24 126 1
25 125 1
26 125 1
27 124 1
28 124 1
29 123 1
30 123 1
31 123 1
32 122 1
33 122 1
34 122 1
35 121 1
36 121 1
37 121 1
38 121 1
39 121 1
40 121 1
41 121 1
42 121 1
43 121 1
44 121 1
45 121 1
46 122 1
47 122 1
48 122 1
49 122 1
50 123 1
51 123 1
52 123 1
53 124 1
54 125 1
55 126 1
56 127 1
57 128 1
58 129 1
58 130 1
59 131 1
60 132 1
60 133 1
61 134 1
61 135 1
62 136 1
62 137 1
62 138 1
63 139 1
63 140 1
63 141 1
63 142 1
63 143 1
63 144 1
63 145 1
63 146 1
63 147 1
63 148 1
.PEN_UP
.PEN_DOWN
41 187 1
40 187 1
39 186 1
38 186 1
37 186 1
36 186 1
35 187 1
34 187 1
33 187 1
32 187 1
31 187 1
28 188 1
27 189 1
26 189 1
25 189 1
24 189 1
23 189 1
22 190 1
21 190 1
20 190 1
19 190 1
18 190 1
17 190 1
16 190 1
15 191 1
14 191 1
.PEN_UP
.PEN_DOWN
30 186 1
30 185 1
29 184 1
29 183 1
28 182 1
27 181 1
26 180 1
25 179 1
24 178 1
23 177 1
23 176 1
22 175 1
22 174 1
22 173 1
22 172 1
22 171 1
22 170 1
23 169 1
24 168 1
24 167 1
25 166 1
25 165 1
25 164 1
26 163 1
27 163 1
28 163 1
29 162 1
30 162 1
31 161 1
32 160 1
33 159 1
34 158 1
35 157 1
35 156 1
35 155 1
36 154 1
36 153 1
36 152 1
36 151 1
36 150 1
36 149 1
35 148 1
34 147 1
33 146 1
32 145 1
31 145 1
30 145 1
29 145 1
28 145 1
27 146 1
26 147 1
25 148 1
24 149 1
24 150 1
23 151 1
22 152 1
22 153 1
22 154 1
22 155 1
22 156 1
22 157 1
23 158 1
23 159 1
24 160 1
25 161 1
25 162 1
.PEN_UP
.PEN_DOWN
13 208 1
12 209 1
12 210 1
12 211 1
12 212 1
12 213 1
12 214 1
12 215 1
12 216 1
12 217 1
12 218 1
13 219 1
13 220 1
14 221 1
14 222 1
15 223 1
15 224 1
16 225 1
.PEN_UP
