.PEN_DOWN
1 1 1
2 1 1
3 1 1
4 2 1
5 2 1
6 2 1
7 2 1
8 2 1
9 2 1
10 3 1
11 3 1
12 4 1
14 4 1
15 4 1
16 5 1
17 5 1
18 5 1
19 5 1
20 6 1
21 6 1
22 7 1
23 8 1
24 8 1
25 9 1
26 9 1
27 10 1
28 11 1
29 12 1
30 13 1
31 14 1
32 15 1
33 16 1
34 17 1
34 18 1
35 19 1
36 20 1
36 21 1
37 22 1
38 23 1
38 24 1
39 25 1
39 26 1
40 27 1
40 28 1
40 29 1
40 30 1
40 31 1
40 32 1
40 33 1
40 34 1
39 35 1
39 36 1
38 37 1
37 38 1
36 38 1
35 39 1
34 39 1
33 39 1
32 40 1
30 39 1
29 38 1
29 37 1
28 36 1
27 35 1
26 34 1
25 34 1
24 33 1
23 33 1
22 32 1
21 31 1
20 30 1
19 30 1
18 30 1
17 29 1
16 29 1
15 29 1
14 29 1
13 29 1
12 29 1
11 27 1
11 26 1
11 25 1
11 24 1
11 23 1
11 22 1
10 21 1
10 20 1
8 19 1
7 19 1
6 19 1
5 19 1
4 20 1
.PEN_UP
.PEN_DOWN
9 19 1
11 17 1
11 16 1
11 15 1
11 14 1
11 13 1
11 12 1
11 11 1
11 10 1
12 9 1
12 8 1
12 7 1
12 6 1
12 5 1
.PEN_UP
.PEN_DOWN
11 28 1
11 31 1
11 32 1
11 33 1
11 34 1
11 35 1
11 36 1
12 37 1
12 38 1
12 39 1
12 40 1
12 41 1
12 42 1
12 43 1
12 44 1
12 45 1
12 46 1
13 47 1
13 48 1
16 52 1
16 53 1
17 54 1
17 55 1
17 56 1
18 57 1
18 58 1
18 59 1
19 60 1
20 61 1
21 62 1
22 63 1
23 64 1
24 65 1
24 66 1
25 67 1
25 68 1
25 69 1
27 71 1
28 71 1
29 72 1
30 72 1
31 72 1
32 72 1
33 72 1
34 73 1
35 73 1
36 73 1
37 73 1
38 74 1
39 74 1
40 75 1
41 75 1
.PEN_UP
.PEN_DOWN
25 70 1
24 71 1
23 71 1
22 71 1
21 71 1
20 71 1
19 71 1
18 71 1
17 70 1
14 70 1
13 69 1
12 69 1
11 69 1
10 69 1
9 68 1
8 68 1
7 68 1
6 68 1
.PEN_UP
.PEN_DOWN
16 70 1
16 72 1
16 73 1
16 74 1
16 75 1
16 76 1
16 77 1
16 78 1
16 79 1
16 80 1
16 81 1
16 82 1
16 83 1
16 84 1
16 85 1
16 86 1
16 87 1
16 88 1
16 89 1
16 90 1
16 91 1
16 92 1
16 93 1
16 96 1
15 97 1
15 98 1
15 99 1
15 100 1
15 101 1
15 102 1
15 103 1
15 104 1
15 105 1
15 106 1
15 107 1
15 108 1
15 109 1
17 110 1
18 110 1
19 110 1
20 111 1
21 111 1
22 111 1
23 111 1
24 111 1
25 111 1
26 112 1
27 112 1
28 112 1
29 112 1
30 112 1
31 112 1
32 113 1
33 113 1
34 113 1
35 112 1
37 112 1
38 112 1
39 113 1
40 113 1
41 114 1
42 114 1
.PEN_UP
.PEN_DOWN
35 111 1
35 110 1
35 109 1
34 108 1
34 107 1
33 106 1
32 105 1
31 105 1
30 104 1
30 103 1
30 102 1
29 101 1
29 100 1
27 98 1
26 97 1
26 96 1
24 95 1
23 95 1
22 95 1
21 95 1
20 95 1
19 95 1
18 94 1
17 94 1
.PEN_UP
.PEN_DOWN
25 95 1
27 94 1
27 93 1
28 92 1
29 91 1
30 91 1
31 90 1
32 90 1
33 89 1
34 89 1
35 89 1
36 88 1
37 88 1
38 89 1
39 89 1
40 90 1
41 91 1
41 92 1
42 93 1
41 94 1
41 95 1
41 96 1
40 97 1
39 97 1
38 97 1
37 97 1
36 98 1
35 98 1
34 98 1
33 98 1
32 98 1
31 98 1
30 98 1
.PEN_UP
.PEN_DOWN
14 110 1
13 109 1
12 109 1
11 109 1
10 109 1
.PEN_UP
.PEN_DOWN
12 49 1
11 49 1
10 48 1
9 48 1
.PEN_UP
.PEN_DOWN
13 49 1
17 50 1
18 50 1
19 50 1
20 50 1
21 50 1
22 50 1
23 50 1
24 50 1
25 50 1
26 50 1
27 50 1
28 50 1
29 50 1
30 50 1
31 50 1
32 50 1
35 51 1
36 51 1
37 51 1
38 52 1
39 52 1
40 53 1
41 54 1
.PEN_UP
.PEN_DOWN
33 49 1
33 48 1
32 47 1
32 46 1
32 45 1
32 44 1
32 43 1
32 42 1
32 41 1
.PEN_UP
.PEN_DOWN
16 120 1
17 121 1
17 122 1
17 123 1
18 124 1
19 125 1
19 126 1
20 127 1
20 128 1
20 129 1
21 130 1
21 131 1
23 133 1
24 133 1
25 134 1
26 134 1
27 134 1
28 134 1
29 134 1
30 134 1
31 135 1
32 135 1
33 135 1
34 135 1
35 135 1
36 135 1
37 135 1
38 136 1
39 136 1
40 136 1
41 136 1
42 136 1
43 137 1
.PEN_UP
.PEN_DOWN
21 132 1
20 133 1
19 133 1
18 133 1
17 133 1
16 133 1
15 133 1
14 133 1
13 133 1
12 133 1
11 133 1
10 132 1
9 132 1
8 132 1
7 132 1
6 131 1
5 131 1
.PEN_UP
.PEN_DOWN
19 139 1
19 140 1
19 141 1
19 142 1
19 143 1
19 144 1
19 145 1
19 146 1
19 147 1
20 148 1
20 149 1
20 150 1
20 151 1
20 152 1
20 153 1
20 154 1
20 155 1
20 156 1
20 157 1
20 158 1
20 159 1
20 160 1
20 161 1
20 162 1
20 163 1
20 164 1
20 165 1
21 166 1
23 167 1
24 167 1
25 167 1
26 167 1
27 167 1
28 167 1
29 168 1
29 170 1
28 171 1
28 172 1
27 173 1
.PEN_UP
.PEN_DOWN
31 168 1
32 168 1
34 169 1
35 169 1
36 169 1
37 170 1
38 170 1
39 170 1
40 170 1
41 170 1
42 171 1
43 171 1
44 170 1
46 171 1
47 171 1
48 171 1
49 172 1
50 173 1
51 173 1
.PEN_UP
.PEN_DOWN
44 169 1
43 168 1
43 167 1
43 166 1
42 165 1
42 164 1
41 163 1
40 162 1
39 161 1
38 161 1
35 162 1
35 163 1
34 164 1
34 165 1
34 166 1
33 167 1
.PEN_UP
.PEN_DOWN
21 167 1
21 169 1
21 170 1
21 171 1
21 172 1
21 173 1
21 174 1
21 175 1
21 176 1
21 177 1
21 178 1
21 179 1
22 180 1
22 181 1
.PEN_UP
