.PEN_DOWN
16 1 1
16 2 1
16 3 1
16 4 1
15 5 1
14 6 1
13 7 1
13 8 1
13 9 1
13 10 1
13 11 1
12 12 1
12 13 1
12 14 1
12 15 1
12 16 1
12 17 1
12 18 1
12 19 1
12 20 1
12 21 1
12 22 1
12 23 1
12 24 1
12 25 1
12 26 1
13 27 1
13 28 1
14 29 1
14 30 1
15 31 1
16 31 1
17 32 1
18 31 1
19 31 1
20 30 1
21 29 1
22 28 1
23 28 1
24 27 1
25 26 1
26 26 1
27 25 1
28 25 1
29 25 1
30 25 1
31 24 1
32 24 1
33 24 1
34 23 1
35 23 1
36 22 1
37 22 1
38 22 1
39 22 1
40 22 1
41 22 1
42 22 1
43 21 1
43 20 1
43 19 1
43 18 1
42 17 1
41 16 1
40 15 1
39 14 1
38 13 1
37 12 1
36 11 1
35 10 1
34 9 1
33 8 1
32 7 1
31 6 1
30 6 1
29 5 1
28 6 1
27 7 1
26 8 1
25 9 1
25 10 1
24 11 1
24 12 1
23 13 1
23 14 1
22 15 1
22 16 1
21 17 1
21 18 1
20 19 1
20 20 1
19 21 1
19 22 1
18 23 1
17 24 1
16 25 1
15 25 1
14 26 1
.PEN_UP
.PEN_DOWN
17 33 1
17 34 1
17 35 1
17 36 1
17 37 1
19 38 1
20 38 1
21 37 1
22 37 1
23 37 1
24 36 1
25 35 1
26 35 1
27 35 1
28 35 1
29 35 1
30 35 1
31 36 1
32 37 1
32 38 1
32 39 1
32 40 1
32 41 1
32 42 1
32 43 1
31 44 1
30 45 1
29 46 1
28 47 1
27 47 1
26 47 1
25 47 1
24 47 1
23 47 1
22 47 1
21 47 1
20 47 1
19 47 1
18 46 1
17 45 1
17 44 1
17 43 1
17 42 1
17 41 1
17 40 1
17 39 1
.PEN_UP
.PEN_DOWN
13 55 1
12 55 1
11 54 1
10 55 1
10 56 1
9 57 1
9 58 1
9 59 1
8 60 1
8 61 1
8 62 1
8 63 1
8 64 1
8 65 1
8 66 1
8 67 1
8 68 1
8 69 1
8 70 1
8 71 1
7 72 1
7 73 1
7 74 1
7 75 1
7 76 1
7 77 1
7 78 1
7 79 1
7 80 1
7 81 1
7 82 1
7 83 1
7 84 1
7 85 1
7 86 1
7 87 1
7 88 1
7 89 1
7 90 1
7 91 1
8 92 1
9 93 1
10 93 1
11 93 1
12 93 1
13 93 1
14 92 1
15 92 1
16 91 1
16 90 1
17 89 1
19 89 1
20 88 1
21 88 1
22 88 1
23 87 1
24 87 1
25 87 1
26 86 1
27 85 1
28 84 1
29 84 1
30 84 1
31 83 1
32 83 1
33 83 1
34 82 1
35 81 1
36 80 1
35 79 1
35 78 1
34 77 1
34 76 1
33 75 1
32 74 1
31 73 1
30 72 1
29 71 1
29 69 1
28 68 1
28 67 1
.PEN_UP
.PEN_DOWN
29 70 1
27 71 1
26 72 1
25 73 1
24 74 1
24 75 1
23 76 1
22 77 1
22 78 1
21 79 1
20 80 1
20 81 1
19 82 1
19 83 1
18 84 1
18 85 1
17 86 1
17 87 1
17 88 1
.PEN_UP
.PEN_DOWN
8 94 1
7 95 1
6 96 1
5 97 1
4 98 1
3 99 1
2 100 1
2 101 1
1 102 1
1 103 1
1 104 1
2 105 1
3 106 1
4 107 1
5 107 1
6 107 1
7 108 1
8 108 1
9 108 1
10 108 1
11 109 1
14 109 1
15 109 1
16 109 1
17 109 1
18 109 1
19 108 1
20 108 1
21 108 1
22 108 1
23 107 1
24 107 1
25 106 1
26 106 1
27 106 1
28 105 1
29 105 1
30 105 1
31 105 1
32 105 1
33 105 1
34 105 1
.PEN_UP
.PEN_DOWN
12 109 1
12 111 1
11 112 1
11 113 1
10 114 1
9 115 1
8 116 1
7 117 1
7 118 1
6 119 1
5 120 1
5 121 1
4 122 1
4 123 1
3 124 1
3 125 1
3 126 1
2 127 1
2 128 1
2 129 1
2 130 1
2 131 1
1 132 1
1 133 1
1 134 1
1 135 1
.PEN_UP
.PEN_DOWN
43 68 1
44 67 1
44 66 1
44 65 1
44 64 1
45 63 1
46 62 1
47 62 1
48 62 1
49 62 1
50 63 1
51 63 1
.PEN_UP
.PEN_DOWN
8 132 1
8 133 1
7 134 1
7 135 1
6 136 1
6 137 1
6 138 1
5 139 1
5 140 1
5 141 1
4 142 1
4 143 1
4 144 1
4 145 1
4 146 1
4 147 1
4 148 1
4 149 1
4 150 1
5 151 1
6 152 1
8 152 1
9 152 1
10 152 1
11 152 1
14 152 1
15 151 1
16 151 1
17 151 1
18 151 1
19 151 1
20 150 1
21 150 1
22 149 1
23 149 1
24 148 1
25 148 1
26 147 1
27 147 1
28 147 1
29 146 1
30 145 1
31 145 1
32 144 1
33 143 1
34 143 1
35 143 1
36 144 1
37 144 1
38 144 1
39 144 1
.PEN_UP
.PEN_DOWN
32 142 1
32 141 1
31 140 1
30 139 1
30 138 1
29 137 1
28 136 1
27 135 1
27 134 1
26 133 1
23 134 1
22 135 1
21 136 1
20 137 1
20 138 1
19 139 1
18 140 1
18 141 1
17 142 1
16 143 1
15 144 1
15 145 1
14 146 1
14 147 1
13 148 1
13 149 1
13 150 1
12 151 1
.PEN_UP
.PEN_DOWN
7 152 1
5 154 1
5 155 1
4 156 1
4 157 1
3 158 1
3 159 1
2 160 1
2 161 1
2 162 1
3 163 1
3 164 1
3 165 1
3 166 1
2 167 1
2 168 1
2 169 1
2 170 1
2 171 1
2 172 1
2 173 1
2 174 1
.PEN_UP
