.PEN_DOWN
3 1 1
4 2 1
5 3 1
6 4 1
7 6 1
7 7 1
7 8 1
7 9 1
7 10 1
7 11 1
7 12 1
7 13 1
8 14 1
10 15 1
11 14 1
12 14 1
13 14 1
14 13 1
15 12 1
16 12 1
17 11 1
18 11 1
19 10 1
20 10 1
21 9 1
22 9 1
23 9 1
24 8 1
25 8 1
26 8 1
27 8 1
28 8 1
29 8 1
30 8 1
31 8 1
32 8 1
33 8 1
34 8 1
35 8 1
36 8 1
37 8 1
38 8 1
39 9 1
40 9 1
41 9 1
42 10 1
43 10 1
44 11 1
45 12 1
46 13 1
47 14 1
48 15 1
49 16 1
49 17 1
50 18 1
51 19 1
52 20 1
52 21 1
53 22 1
53 23 1
53 24 1
54 25 1
54 26 1
54 27 1
55 28 1
55 29 1
55 30 1
55 31 1
55 32 1
55 33 1
54 34 1
53 35 1
52 35 1
51 35 1
50 35 1
49 34 1
.PEN_UP
.PEN_DOWN
8 15 1
8 17 1
8 18 1
7 19 1
7 20 1
6 21 1
6 22 1
5 23 1
5 24 1
5 25 1
5 26 1
4 27 1
4 28 1
3 29 1
3 30 1
3 31 1
.PEN_UP
.PEN_DOWN
18 53 1
17 54 1
18 55 1
19 56 1
20 56 1
21 56 1
22 55 1
23 55 1
24 55 1
25 54 1
26 53 1
27 52 1
27 51 1
27 50 1
27 49 1
28 48 1
28 47 1
28 46 1
28 45 1
28 44 1
28 43 1
28 42 1
28 41 1
27 40 1
27 39 1
27 38 1
26 37 1
25 36 1
25 35 1
24 34 1
23 33 1
22 32 1
21 31 1
20 30 1
19 30 1
18 30 1
17 30 1
16 30 1
15 30 1
14 31 1
13 31 1
12 32 1
11 33 1
10 34 1
9 34 1
8 35 1
7 36 1
7 37 1
6 38 1
6 39 1
6 40 1
5 41 1
5 42 1
4 43 1
4 44 1
4 45 1
4 46 1
3 47 1
3 48 1
3 49 1
3 50 1
2 51 1
2 52 1
2 53 1
2 54 1
1 55 1
1 56 1
1 57 1
1 58 1
1 59 1
1 60 1
1 61 1
1 62 1
2 63 1
2 64 1
2 65 1
2 66 1
3 67 1
3 68 1
4 69 1
5 69 1
6 70 1
7 70 1
8 69 1
9 69 1
10 68 1
10 67 1
10 66 1
10 65 1
.PEN_UP
.PEN_DOWN
6 79 1
7 79 1
8 78 1
9 78 1
10 78 1
11 78 1
12 78 1
13 78 1
14 78 1
15 78 1
16 78 1
17 78 1
18 78 1
19 78 1
20 78 1
21 78 1
22 78 1
23 78 1
24 78 1
25 78 1
26 78 1
27 78 1
28 78 1
29 78 1
30 78 1
31 78 1
32 78 1
33 78 1
34 78 1
35 78 1
36 78 1
.PEN_UP
.PEN_DOWN
13 90 1
13 91 1
13 92 1
13 93 1
13 94 1
13 95 1
12 96 1
12 97 1
12 98 1
12 99 1
12 100 1
12 101 1
12 102 1
12 103 1
12 104 1
12 105 1
11 107 1
10 108 1
9 108 1
8 109 1
7 109 1
.PEN_UP
.PEN_DOWN
12 106 1
14 106 1
15 106 1
16 106 1
17 106 1
18 107 1
19 107 1
20 107 1
23 105 1
24 105 1
25 105 1
26 104 1
27 104 1
28 103 1
28 102 1
29 101 1
29 100 1
29 99 1
29 98 1
29 97 1
28 96 1
27 95 1
26 95 1
25 95 1
24 96 1
23 96 1
22 97 1
22 98 1
21 99 1
21 100 1
21 101 1
21 102 1
21 103 1
21 104 1
21 105 1
22 106 1
21 109 1
21 110 1
21 111 1
21 112 1
22 113 1
22 114 1
23 115 1
23 116 1
23 117 1
24 118 1
24 119 1
24 120 1
26 121 1
27 122 1
28 122 1
29 122 1
30 122 1
31 123 1
32 123 1
.PEN_UP
.PEN_DOWN
24 121 1
23 122 1
22 123 1
21 122 1
20 122 1
19 122 1
18 122 1
17 122 1
16 123 1
15 123 1
14 123 1
13 123 1
12 124 1
11 124 1
.PEN_UP
.PEN_DOWN
6 136 1
7 135 1
8 135 1
9 135 1
10 135 1
11 135 1
12 135 1
13 135 1
14 135 1
15 135 1
16 135 1
17 135 1
18 135 1
19 135 1
20 135 1
21 135 1
22 134 1
23 134 1
24 134 1
25 134 1
26 134 1
27 134 1
28 134 1
29 134 1
30 134 1
31 134 1
32 134 1
33 134 1
34 134 1
35 134 1
36 134 1
37 133 1
38 133 1
39 133 1
40 134 1
39 135 1
39 136 1
39 137 1
39 138 1
39 139 1
38 140 1
38 141 1
38 142 1
38 143 1
37 144 1
37 145 1
37 146 1
36 147 1
36 148 1
36 149 1
36 150 1
36 151 1
36 152 1
36 153 1
36 154 1
36 155 1
36 156 1
36 157 1
35 158 1
35 159 1
35 160 1
35 161 1
.PEN_UP
.PEN_DOWN
17 152 1
17 153 1
17 154 1
17 155 1
17 156 1
17 157 1
17 158 1
17 159 1
17 160 1
17 161 1
16 164 1
16 165 1
16 166 1
16 167 1
16 168 1
16 169 1
16 170 1
17 172 1
18 172 1
19 172 1
20 172 1
21 172 1
22 172 1
23 172 1
24 172 1
25 172 1
26 172 1
27 171 1
29 171 1
30 172 1
31 172 1
.PEN_UP
.PEN_DOWN
27 170 1
27 169 1
26 168 1
26 167 1
25 166 1
24 165 1
23 165 1
22 164 1
21 163 1
20 163 1
19 163 1
18 162 1
15 162 1
14 162 1
13 162 1
12 162 1
11 163 1
10 164 1
9 165 1
9 166 1
9 167 1
9 168 1
9 169 1
9 170 1
10 171 1
11 171 1
12 171 1
13 171 1
14 171 1
15 171 1
.PEN_UP
