.PEN_DOWN
6 4 1
5 5 1
4 6 1
4 7 1
4 8 1
3 9 1
3 10 1
3 11 1
2 12 1
2 13 1
2 14 1
2 15 1
2 16 1
2 17 1
2 18 1
2 19 1
2 20 1
2 21 1
2 22 1
2 23 1
3 24 1
3 25 1
3 26 1
4 27 1
4 28 1
5 29 1
6 29 1
7 29 1
8 29 1
9 29 1
10 29 1
11 29 1
12 29 1
13 28 1
14 27 1
17 27 1
18 27 1
19 27 1
20 27 1
21 27 1
22 26 1
23 26 1
24 26 1
25 26 1
26 25 1
27 25 1
28 25 1
29 25 1
30 25 1
31 25 1
32 25 1
33 25 1
34 25 1
35 25 1
36 25 1
37 25 1
38 25 1
39 25 1
40 24 1
42 25 1
43 25 1
44 25 1
45 26 1
.PEN_UP
.PEN_DOWN
41 23 1
40 22 1
40 21 1
40 20 1
40 19 1
40 18 1
39 17 1
38 16 1
38 15 1
38 14 1
37 13 1
36 12 1
36 11 1
36 10 1
35 9 1
35 8 1
34 7 1
34 6 1
33 5 1
33 4 1
32 3 1
31 2 1
30 2 1
29 1 1
28 1 1
27 2 1
26 2 1
25 2 1
24 3 1
23 4 1
22 5 1
22 6 1
21 7 1
21 8 1
20 9 1
19 10 1
19 11 1
19 12 1
18 13 1
18 14 1
17 15 1
17 16 1
16 17 1
16 18 1
16 19 1
15 20 1
15 21 1
15 22 1
15 23 1
15 24 1
15 25 1
15 26 1
.PEN_UP
.PEN_DOWN
7 44 1
7 45 1
6 46 1
6 47 1
6 48 1
5 49 1
5 50 1
5 51 1
5 52 1
4 53 1
4 54 1
4 55 1
4 56 1
4 57 1
4 58 1
4 59 1
4 60 1
4 61 1
4 62 1
4 63 1
4 64 1
4 65 1
4 66 1
4 67 1
4 68 1
4 69 1
4 70 1
4 71 1
4 72 1
4 73 1
3 74 1
3 75 1
3 76 1
3 77 1
3 78 1
3 79 1
3 80 1
3 81 1
3 82 1
3 83 1
4 84 1
5 85 1
6 86 1
7 86 1
8 85 1
9 85 1
10 86 1
11 86 1
12 86 1
13 86 1
14 86 1
15 86 1
16 86 1
17 86 1
18 86 1
19 85 1
20 85 1
21 85 1
22 85 1
23 85 1
24 84 1
27 84 1
28 84 1
29 84 1
30 84 1
31 84 1
32 84 1
33 85 1
34 85 1
35 85 1
.PEN_UP
.PEN_DOWN
25 83 1
25 82 1
24 81 1
24 80 1
24 79 1
24 78 1
23 77 1
23 76 1
23 75 1
23 74 1
23 73 1
24 72 1
24 71 1
25 70 1
25 69 1
25 68 1
26 67 1
27 67 1
28 67 1
29 66 1
30 66 1
31 67 1
32 67 1
.PEN_UP
.PEN_DOWN
25 66 1
25 65 1
24 64 1
24 63 1
24 62 1
24 61 1
24 60 1
24 59 1
24 58 1
24 57 1
24 56 1
24 55 1
24 54 1
24 53 1
25 52 1
25 51 1
26 50 1
26 49 1
27 48 1
28 47 1
29 46 1
30 45 1
31 44 1
32 44 1
33 44 1
34 44 1
35 44 1
36 45 1
37 46 1
38 47 1
38 48 1
38 49 1
38 50 1
38 51 1
.PEN_UP
.PEN_DOWN
5 87 1
5 88 1
5 89 1
5 90 1
4 91 1
4 92 1
4 93 1
3 94 1
3 95 1
3 96 1
3 97 1
3 98 1
3 99 1
3 100 1
3 101 1
3 102 1
2 103 1
2 104 1
2 105 1
2 106 1
2 107 1
2 108 1
2 109 1
1 111 1
1 112 1
1 113 1
.PEN_UP
.PEN_DOWN
68 111 1
68 110 1
67 109 1
66 108 1
65 107 1
64 107 1
63 106 1
62 105 1
61 105 1
60 105 1
59 105 1
58 104 1
57 104 1
56 103 1
55 103 1
54 103 1
53 103 1
52 102 1
51 102 1
50 102 1
49 101 1
48 101 1
47 101 1
46 100 1
45 99 1
44 98 1
44 97 1
44 96 1
44 95 1
44 94 1
44 93 1
44 92 1
44 91 1
45 90 1
46 89 1
47 89 1
48 89 1
49 88 1
50 88 1
51 87 1
52 86 1
53 85 1
53 84 1
54 83 1
54 82 1
54 81 1
54 80 1
55 79 1
55 78 1
55 77 1
54 76 1
54 75 1
53 74 1
52 74 1
51 74 1
50 74 1
49 75 1
48 76 1
47 77 1
47 78 1
46 79 1
46 80 1
45 81 1
45 82 1
45 83 1
44 84 1
44 85 1
44 86 1
44 87 1
44 88 1
44 89 1
.PEN_UP
.PEN_DOWN
36 127 1
35 127 1
34 126 1
32 126 1
31 126 1
30 126 1
29 126 1
28 126 1
27 126 1
26 126 1
25 126 1
24 126 1
23 126 1
22 126 1
21 126 1
20 127 1
19 128 1
18 128 1
17 129 1
16 130 1
15 131 1
15 132 1
15 133 1
14 134 1
14 135 1
14 136 1
14 137 1
12 138 1
11 138 1
10 138 1
9 138 1
7 140 1
7 141 1
6 142 1
6 143 1
6 144 1
6 145 1
5 146 1
5 147 1
4 148 1
4 149 1
4 150 1
4 151 1
3 152 1
3 153 1
3 154 1
3 155 1
2 156 1
2 157 1
2 158 1
2 159 1
2 160 1
1 161 1
1 162 1
1 163 1
1 164 1
2 165 1
2 166 1
.PEN_UP
.PEN_DOWN
8 138 1
7 137 1
6 136 1
6 135 1
6 134 1
6 133 1
6 132 1
6 131 1
7 130 1
8 129 1
8 128 1
9 127 1
9 126 1
10 125 1
11 124 1
11 123 1
12 122 1
12 121 1
13 120 1
13 119 1
14 118 1
15 117 1
15 116 1
16 115 1
17 114 1
17 113 1
18 112 1
19 111 1
20 110 1
21 109 1
22 109 1
23 109 1
24 109 1
25 110 1
26 111 1
27 112 1
28 113 1
29 114 1
30 115 1
31 116 1
32 117 1
32 118 1
33 119 1
33 120 1
33 121 1
34 122 1
34 123 1
34 124 1
34 125 1
.PEN_UP
.PEN_DOWN
13 138 1
16 138 1
17 138 1
18 138 1
19 138 1
20 138 1
21 138 1
22 138 1
23 138 1
24 138 1
.PEN_UP
.PEN_DOWN
55 149 1
55 150 1
55 151 1
55 152 1
55 153 1
55 154 1
.PEN_UP
