.PEN_DOWN
7 23 1
7 22 1
7 21 1
7 20 1
7 19 1
7 18 1
7 17 1
7 16 1
8 15 1
8 14 1
8 13 1
9 12 1
9 11 1
10 10 1
11 9 1
12 8 1
13 7 1
14 6 1
15 5 1
16 4 1
17 4 1
18 3 1
19 2 1
20 2 1
21 2 1
22 2 1
23 1 1
24 1 1
25 1 1
26 1 1
27 1 1
28 1 1
29 2 1
30 2 1
31 2 1
32 2 1
33 3 1
34 3 1
35 4 1
36 4 1
37 5 1
38 6 1
39 7 1
40 8 1
41 9 1
42 10 1
42 11 1
42 12 1
43 13 1
43 14 1
43 15 1
43 16 1
43 17 1
42 18 1
42 19 1
42 20 1
42 21 1
42 22 1
41 23 1
41 24 1
40 25 1
40 26 1
40 27 1
39 28 1
38 29 1
38 30 1
37 31 1
37 32 1
36 33 1
35 34 1
34 35 1
33 36 1
32 37 1
31 38 1
30 39 1
29 40 1
29 41 1
29 42 1
28 43 1
27 43 1
26 44 1
25 44 1
24 44 1
23 44 1
22 44 1
21 44 1
20 44 1
19 44 1
18 44 1
17 43 1
16 42 1
16 41 1
16 40 1
16 39 1
16 38 1
16 37 1
16 36 1
16 35 1
16 34 1
15 32 1
14 32 1
13 32 1
12 32 1
11 33 1
10 33 1
9 34 1
8 35 1
7 36 1
6 37 1
6 38 1
5 39 1
5 40 1
4 41 1
4 42 1
3 43 1
3 44 1
3 45 1
2 46 1
2 47 1
2 48 1
2 49 1
2 50 1
1 51 1
1 52 1
1 53 1
1 54 1
1 55 1
1 56 1
1 57 1
1 58 1
2 59 1
2 60 1
2 61 1
3 62 1
4 63 1
4 64 1
5 65 1
6 66 1
7 67 1
8 67 1
9 67 1
10 67 1
11 68 1
12 68 1
13 68 1
14 69 1
15 69 1
16 70 1
17 70 1
18 70 1
19 70 1
20 71 1
21 71 1
22 71 1
23 71 1
24 71 1
25 71 1
26 72 1
27 72 1
28 72 1
29 72 1
30 72 1
31 72 1
32 73 1
34 73 1
35 73 1
36 72 1
37 72 1
38 72 1
39 72 1
40 72 1
41 71 1
42 71 1
.PEN_UP
.PEN_DOWN
33 73 1
31 75 1
31 76 1
30 77 1
30 78 1
29 79 1
28 80 1
28 81 1
27 82 1
26 83 1
25 84 1
24 85 1
23 86 1
22 87 1
22 88 1
21 89 1
21 90 1
20 91 1
20 92 1
19 93 1
18 94 1
18 95 1
18 96 1
17 97 1
17 98 1
16 99 1
16 100 1
15 101 1
15 102 1
15 103 1
15 104 1
15 105 1
15 106 1
16 107 1
15 109 1
15 110 1
14 111 1
14 112 1
13 113 1
13 114 1
13 115 1
.PEN_UP
.PEN_DOWN
17 107 1
18 106 1
19 106 1
20 106 1
21 105 1
22 105 1
23 104 1
24 103 1
25 102 1
26 102 1
27 102 1
28 102 1
29 102 1
30 103 1
31 103 1
32 103 1
33 104 1
35 106 1
36 107 1
37 107 1
38 107 1
39 107 1
40 107 1
41 108 1
42 110 1
42 111 1
43 112 1
42 114 1
42 115 1
41 116 1
40 117 1
39 117 1
38 118 1
37 119 1
36 119 1
35 119 1
34 120 1
33 120 1
32 121 1
31 121 1
30 122 1
29 122 1
28 122 1
27 123 1
26 123 1
25 124 1
24 125 1
23 125 1
22 126 1
21 127 1
20 127 1
19 128 1
18 128 1
17 129 1
16 130 1
15 130 1
14 131 1
13 132 1
12 133 1
11 134 1
11 135 1
10 136 1
10 137 1
10 138 1
10 139 1
11 140 1
12 141 1
13 141 1
14 141 1
15 142 1
16 142 1
17 142 1
18 142 1
19 142 1
20 142 1
21 142 1
22 142 1
23 142 1
24 142 1
25 142 1
26 142 1
27 142 1
28 143 1
29 143 1
30 143 1
31 144 1
32 145 1
34 145 1
35 145 1
36 144 1
37 144 1
38 144 1
39 144 1
40 144 1
41 144 1
42 143 1
.PEN_UP
.PEN_DOWN
33 145 1
31 147 1
31 148 1
30 149 1
30 150 1
29 151 1
28 152 1
27 153 1
26 154 1
25 155 1
24 155 1
23 156 1
22 157 1
21 158 1
21 159 1
20 160 1
19 161 1
18 162 1
18 163 1
17 164 1
17 165 1
16 166 1
16 167 1
16 168 1
15 169 1
15 170 1
15 171 1
14 172 1
14 173 1
14 174 1
14 175 1
13 176 1
13 177 1
13 178 1
13 179 1
13 180 1
13 181 1
13 182 1
13 183 1
14 184 1
15 184 1
16 184 1
17 184 1
18 183 1
19 183 1
20 182 1
21 181 1
22 180 1
23 179 1
24 179 1
25 178 1
27 178 1
28 178 1
29 178 1
30 178 1
31 177 1
32 177 1
33 177 1
34 177 1
35 176 1
36 176 1
37 176 1
38 176 1
39 175 1
40 174 1
41 173 1
42 173 1
43 173 1
44 172 1
.PEN_UP
.PEN_DOWN
40 172 1
40 171 1
40 170 1
40 169 1
40 168 1
40 167 1
39 166 1
38 165 1
38 164 1
38 163 1
38 162 1
37 161 1
36 161 1
35 161 1
34 161 1
33 162 1
32 162 1
31 163 1
31 164 1
30 165 1
30 166 1
29 167 1
29 168 1
28 169 1
27 170 1
27 171 1
26 172 1
26 173 1
26 174 1
26 175 1
25 176 1
25 177 1
.PEN_UP
.PEN_DOWN
41 166 1
42 166 1
43 166 1
44 166 1
45 165 1
46 165 1
47 165 1
48 164 1
49 164 1
.PEN_UP
.PEN_DOWN
42 107 1
43 106 1
43 105 1
44 104 1
44 103 1
44 102 1
45 101 1
45 100 1
45 99 1
45 98 1
46 97 1
46 96 1
46 95 1
46 94 1
45 93 1
44 92 1
43 91 1
42 91 1
41 91 1
40 91 1
39 92 1
38 93 1
37 94 1
36 95 1
36 96 1
36 97 1
35 98 1
35 99 1
35 100 1
35 101 1
35 102 1
34 103 1
.PEN_UP
.PEN_DOWN
14 67 1
14 66 1
14 65 1
15 64 1
16 63 1
17 62 1
18 61 1
19 60 1
20 59 1
21 58 1
22 58 1
23 57 1
24 57 1
25 56 1
26 55 1
27 54 1
28 54 1
29 53 1
30 52 1
31 52 1
32 51 1
32 50 1
33 49 1
35 48 1
36 48 1
37 48 1
38 47 1
39 47 1
40 47 1
41 47 1
42 47 1
43 46 1
.PEN_UP
.PEN_DOWN
33 48 1
32 47 1
31 46 1
30 45 1
29 44 1
.PEN_UP
.PEN_DOWN
16 33 1
18 32 1
19 31 1
20 30 1
21 30 1
22 29 1
23 29 1
24 28 1
25 27 1
26 26 1
27 26 1
28 25 1
28 24 1
29 23 1
30 22 1
31 21 1
32 20 1
32 19 1
.PEN_UP
