.PEN_DOWN
39 29 1
40 28 1
41 28 1
42 28 1
43 28 1
44 27 1
46 29 1
47 29 1
48 29 1
49 29 1
50 29 1
51 29 1
52 29 1
53 29 1
54 29 1
55 29 1
56 29 1
57 29 1
58 29 1
59 29 1
60 28 1
61 28 1
62 28 1
63 28 1
64 28 1
65 28 1
66 28 1
67 28 1
68 27 1
69 27 1
70 27 1
71 27 1
72 27 1
73 27 1
74 27 1
75 27 1
76 27 1
77 28 1
78 28 1
79 28 1
.PEN_UP
.PEN_DOWN
45 26 1
46 25 1
47 24 1
48 23 1
49 22 1
49 21 1
49 20 1
48 19 1
48 18 1
47 17 1
47 16 1
46 15 1
46 14 1
45 13 1
44 12 1
43 11 1
42 10 1
42 9 1
42 8 1
42 7 1
42 6 1
42 5 1
42 4 1
43 3 1
44 3 1
45 3 1
46 3 1
47 3 1
48 3 1
49 3 1
50 4 1
51 4 1
52 5 1
.PEN_UP
.PEN_DOWN
42 2 1
41 2 1
40 2 1
39 2 1
38 2 1
37 2 1
36 1 1
35 1 1
34 2 1
33 2 1
32 2 1
31 2 1
30 2 1
29 2 1
28 3 1
27 3 1
26 3 1
25 4 1
24 4 1
23 4 1
22 5 1
21 5 1
20 6 1
19 7 1
18 8 1
17 8 1
16 9 1
15 10 1
14 11 1
14 12 1
13 13 1
12 14 1
11 15 1
10 16 1
9 17 1
8 18 1
8 19 1
7 20 1
6 21 1
6 22 1
5 23 1
4 24 1
4 25 1
3 26 1
3 27 1
3 28 1
3 29 1
3 30 1
3 31 1
3 32 1
3 33 1
4 34 1
4 35 1
5 36 1
6 37 1
7 38 1
8 38 1
9 39 1
10 39 1
11 40 1
12 40 1
13 40 1
14 41 1
15 41 1
16 42 1
17 42 1
18 42 1
19 42 1
20 43 1
21 43 1
22 43 1
23 43 1
24 43 1
25 43 1
26 44 1
27 44 1
28 44 1
29 44 1
30 44 1
31 44 1
32 45 1
33 45 1
34 45 1
35 45 1
36 45 1
37 46 1
38 46 1
.PEN_UP
.PEN_DOWN
45 35 1
45 36 1
45 37 1
44 38 1
44 39 1
44 40 1
44 41 1
44 42 1
44 43 1
44 44 1
44 45 1
44 46 1
44 47 1
44 48 1
44 49 1
44 50 1
44 51 1
44 52 1
44 53 1
43 54 1
43 55 1
43 56 1
43 57 1
43 58 1
43 59 1
43 60 1
.PEN_UP
.PEN_DOWN
44 63 1
44 64 1
45 65 1
46 66 1
45 67 1
44 67 1
43 68 1
42 69 1
41 70 1
40 71 1
39 71 1
.PEN_UP
.PEN_DOWN
47 66 1
48 66 1
50 65 1
51 64 1
51 63 1
52 62 1
53 61 1
54 60 1
55 60 1
56 59 1
57 58 1
58 57 1
59 56 1
.PEN_UP
.PEN_DOWN
49 66 1
49 68 1
49 69 1
49 70 1
50 71 1
51 72 1
52 73 1
53 74 1
54 74 1
55 74 1
56 74 1
57 75 1
58 75 1
59 75 1
61 76 1
62 77 1
63 78 1
65 77 1
66 77 1
67 77 1
68 76 1
69 76 1
70 75 1
70 74 1
71 73 1
72 72 1
72 71 1
72 70 1
73 69 1
73 68 1
74 67 1
74 66 1
74 65 1
74 64 1
74 63 1
75 62 1
74 61 1
73 60 1
72 60 1
71 60 1
70 60 1
69 60 1
68 60 1
67 61 1
66 61 1
65 62 1
64 63 1
63 64 1
63 65 1
62 66 1
62 67 1
61 68 1
60 69 1
60 70 1
60 71 1
60 72 1
60 73 1
60 74 1
.PEN_UP
.PEN_DOWN
64 78 1
64 80 1
65 81 1
65 82 1
66 83 1
67 84 1
67 85 1
68 86 1
68 87 1
69 88 1
69 89 1
69 90 1
69 91 1
69 92 1
69 93 1
68 94 1
67 95 1
65 96 1
64 96 1
63 96 1
62 96 1
61 96 1
60 96 1
59 96 1
58 96 1
57 96 1
56 96 1
55 96 1
54 96 1
53 96 1
52 97 1
51 97 1
50 97 1
49 97 1
48 97 1
47 98 1
47 99 1
46 100 1
46 101 1
45 102 1
43 103 1
42 103 1
41 103 1
40 103 1
39 103 1
38 103 1
37 103 1
36 103 1
35 103 1
34 104 1
33 104 1
32 104 1
31 104 1
30 104 1
29 104 1
28 105 1
27 106 1
26 106 1
25 106 1
24 107 1
23 107 1
22 108 1
21 109 1
20 110 1
19 111 1
18 112 1
17 113 1
16 113 1
15 114 1
14 115 1
13 116 1
12 117 1
11 118 1
11 119 1
11 120 1
10 121 1
10 122 1
10 123 1
10 124 1
9 125 1
9 126 1
9 127 1
9 128 1
9 129 1
9 130 1
9 131 1
9 132 1
9 133 1
10 134 1
10 135 1
10 136 1
11 137 1
12 138 1
13 139 1
14 140 1
15 141 1
16 142 1
17 143 1
18 143 1
19 144 1
20 144 1
21 144 1
22 145 1
23 145 1
24 146 1
25 146 1
26 146 1
27 147 1
28 147 1
29 147 1
30 147 1
31 148 1
32 148 1
33 148 1
34 148 1
35 148 1
36 148 1
37 148 1
38 148 1
39 149 1
40 149 1
41 149 1
42 149 1
43 149 1
44 149 1
.PEN_UP
.PEN_DOWN
44 103 1
48 105 1
49 106 1
50 106 1
51 107 1
52 107 1
53 108 1
54 108 1
.PEN_UP
.PEN_DOWN
45 103 1
46 107 1
46 108 1
46 109 1
46 110 1
47 111 1
47 112 1
47 113 1
48 114 1
48 115 1
49 116 1
49 117 1
49 118 1
50 119 1
50 120 1
50 121 1
52 123 1
53 123 1
54 123 1
55 123 1
56 123 1
57 124 1
58 124 1
59 124 1
60 124 1
61 124 1
62 123 1
63 123 1
64 123 1
65 123 1
66 123 1
67 123 1
68 123 1
69 123 1
70 123 1
71 123 1
72 123 1
73 123 1
74 122 1
75 122 1
76 122 1
77 122 1
.PEN_UP
.PEN_DOWN
49 122 1
48 122 1
47 122 1
46 123 1
45 123 1
44 123 1
.PEN_UP
.PEN_DOWN
66 96 1
68 97 1
69 97 1
70 97 1
.PEN_UP
.PEN_DOWN
69 149 1
68 149 1
67 149 1
66 149 1
65 149 1
64 149 1
63 149 1
62 150 1
61 150 1
60 150 1
59 150 1
58 151 1
57 151 1
56 152 1
56 153 1
56 154 1
57 155 1
57 156 1
57 157 1
57 158 1
58 159 1
59 160 1
60 161 1
60 162 1
61 163 1
62 164 1
63 165 1
63 166 1
64 167 1
64 168 1
64 169 1
64 170 1
64 171 1
64 172 1
64 173 1
63 174 1
61 175 1
60 175 1
59 175 1
58 175 1
57 175 1
56 175 1
55 176 1
54 176 1
53 176 1
52 176 1
51 177 1
50 177 1
49 177 1
48 177 1
47 178 1
46 179 1
46 180 1
46 181 1
46 182 1
47 183 1
47 184 1
47 185 1
48 186 1
48 187 1
48 188 1
48 189 1
49 190 1
49 191 1
49 192 1
49 193 1
50 194 1
50 195 1
50 196 1
50 197 1
50 198 1
50 199 1
50 200 1
50 201 1
51 202 1
53 202 1
54 202 1
55 202 1
56 202 1
57 202 1
58 202 1
59 202 1
60 202 1
61 202 1
62 202 1
63 202 1
64 202 1
65 202 1
66 202 1
67 202 1
68 203 1
69 203 1
70 204 1
71 205 1
72 206 1
73 207 1
73 208 1
73 209 1
73 210 1
73 211 1
73 212 1
73 213 1
72 214 1
72 215 1
71 216 1
71 217 1
70 218 1
69 219 1
68 219 1
67 219 1
66 219 1
65 219 1
64 219 1
62 221 1
62 222 1
62 223 1
62 224 1
62 225 1
62 226 1
62 227 1
61 228 1
61 229 1
60 230 1
60 231 1
60 232 1
59 233 1
59 234 1
59 235 1
58 236 1
58 237 1
57 238 1
56 239 1
55 240 1
54 241 1
53 242 1
52 243 1
51 243 1
50 243 1
49 244 1
48 244 1
47 245 1
46 245 1
45 246 1
44 246 1
43 246 1
42 246 1
41 248 1
41 249 1
41 250 1
41 251 1
41 252 1
42 253 1
42 254 1
42 255 1
42 256 1
.PEN_UP
.PEN_DOWN
39 245 1
38 245 1
35 245 1
34 245 1
33 245 1
32 245 1
31 245 1
30 245 1
29 244 1
28 244 1
27 244 1
26 244 1
25 244 1
24 243 1
23 243 1
22 243 1
21 242 1
20 242 1
19 241 1
18 240 1
17 240 1
16 240 1
15 239 1
14 238 1
13 238 1
12 237 1
11 237 1
10 236 1
9 235 1
8 234 1
7 234 1
6 233 1
5 233 1
4 232 1
3 231 1
2 230 1
1 229 1
1 228 1
1 227 1
1 226 1
1 225 1
1 224 1
2 223 1
3 222 1
4 221 1
5 221 1
6 221 1
7 220 1
8 220 1
9 220 1
10 220 1
11 219 1
12 219 1
13 219 1
14 219 1
15 219 1
16 220 1
17 220 1
18 220 1
19 221 1
20 221 1
21 222 1
22 223 1
23 223 1
24 224 1
25 225 1
26 225 1
27 226 1
28 227 1
29 228 1
30 229 1
31 230 1
31 231 1
32 232 1
33 233 1
34 234 1
34 235 1
35 236 1
35 237 1
36 238 1
36 239 1
37 240 1
37 241 1
37 242 1
37 243 1
37 244 1
.PEN_UP
.PEN_DOWN
63 218 1
63 217 1
63 216 1
63 215 1
64 214 1
.PEN_UP
.PEN_DOWN
50 203 1
49 204 1
48 205 1
47 205 1
46 206 1
45 206 1
44 206 1
.PEN_UP
.PEN_DOWN
62 175 1
64 176 1
65 176 1
66 175 1
67 175 1
68 175 1
69 175 1
70 175 1
71 175 1
.PEN_UP
