.PEN_DOWN
12 1 1
11 2 1
11 3 1
11 4 1
11 5 1
11 6 1
11 7 1
11 8 1
11 9 1
11 10 1
11 11 1
11 12 1
12 13 1
13 12 1
14 12 1
15 12 1
16 12 1
17 12 1
18 12 1
19 12 1
20 13 1
20 14 1
20 15 1
21 16 1
21 17 1
21 18 1
22 19 1
22 20 1
22 21 1
23 22 1
24 23 1
25 24 1
27 25 1
28 24 1
29 24 1
30 24 1
31 24 1
32 23 1
33 22 1
34 21 1
35 20 1
35 19 1
35 18 1
35 17 1
35 16 1
35 15 1
35 14 1
35 13 1
34 12 1
34 11 1
33 10 1
32 9 1
31 8 1
.PEN_UP
.PEN_DOWN
25 25 1
25 27 1
24 28 1
24 29 1
24 30 1
24 31 1
24 32 1
24 33 1
24 34 1
24 35 1
24 36 1
24 37 1
25 38 1
25 39 1
25 40 1
26 42 1
27 43 1
28 43 1
29 44 1
30 44 1
31 45 1
32 46 1
32 47 1
.PEN_UP
.PEN_DOWN
24 41 1
23 41 1
22 41 1
21 41 1
20 41 1
19 41 1
18 41 1
17 41 1
16 41 1
15 41 1
14 41 1
13 41 1
12 42 1
11 43 1
11 44 1
10 45 1
10 46 1
10 47 1
9 48 1
9 49 1
9 50 1
9 51 1
9 52 1
9 53 1
9 54 1
9 55 1
9 56 1
9 57 1
9 58 1
9 59 1
9 60 1
9 61 1
10 62 1
10 63 1
11 64 1
12 64 1
13 64 1
14 64 1
15 64 1
16 64 1
17 64 1
18 64 1
19 64 1
20 65 1
21 65 1
22 65 1
23 65 1
24 66 1
25 66 1
26 66 1
27 66 1
28 67 1
29 67 1
30 67 1
31 67 1
32 68 1
.PEN_UP
.PEN_DOWN
10 65 1
10 66 1
10 67 1
10 68 1
9 69 1
9 70 1
9 71 1
9 72 1
9 73 1
9 74 1
9 75 1
9 76 1
10 77 1
10 78 1
12 79 1
13 79 1
14 79 1
15 79 1
16 79 1
17 80 1
17 81 1
17 82 1
17 83 1
18 84 1
18 85 1
19 86 1
19 87 1
20 88 1
21 88 1
22 89 1
23 89 1
24 90 1
25 89 1
26 89 1
27 88 1
28 87 1
28 86 1
.PEN_UP
.PEN_DOWN
23 91 1
23 92 1
23 93 1
23 94 1
22 95 1
22 96 1
23 97 1
23 98 1
23 99 1
23 100 1
23 101 1
23 102 1
24 103 1
24 104 1
24 105 1
25 106 1
26 107 1
27 107 1
28 108 1
29 108 1
30 109 1
31 109 1
32 110 1
32 111 1
.PEN_UP
.PEN_DOWN
23 106 1
22 106 1
21 105 1
20 105 1
19 105 1
18 105 1
17 105 1
16 104 1
15 104 1
14 104 1
13 103 1
12 103 1
11 103 1
10 103 1
9 103 1
8 105 1
7 106 1
7 107 1
7 108 1
7 109 1
7 110 1
7 111 1
7 112 1
7 113 1
7 114 1
6 115 1
6 116 1
6 117 1
6 118 1
6 119 1
6 120 1
6 121 1
7 122 1
9 123 1
10 123 1
11 122 1
12 122 1
13 122 1
14 122 1
15 122 1
16 122 1
17 121 1
18 121 1
19 121 1
20 121 1
21 121 1
22 121 1
23 121 1
24 121 1
25 122 1
26 122 1
27 122 1
28 122 1
29 123 1
30 123 1
31 124 1
32 124 1
33 125 1
34 126 1
35 127 1
35 128 1
36 129 1
36 130 1
37 131 1
37 132 1
37 133 1
37 134 1
38 135 1
38 136 1
38 137 1
38 138 1
38 139 1
38 140 1
39 141 1
39 142 1
.PEN_UP
.PEN_DOWN
10 79 1
9 80 1
9 81 1
9 82 1
.PEN_UP
.PEN_DOWN
11 14 1
11 15 1
11 16 1
10 17 1
.PEN_UP
.PEN_DOWN
23 148 1
24 147 1
24 146 1
24 145 1
23 144 1
22 143 1
21 142 1
20 142 1
19 142 1
18 143 1
17 143 1
16 144 1
15 145 1
15 146 1
14 147 1
14 148 1
14 149 1
13 150 1
13 151 1
13 152 1
13 153 1
13 154 1
13 155 1
14 156 1
14 157 1
14 158 1
15 159 1
15 160 1
15 161 1
17 162 1
18 163 1
19 163 1
20 164 1
21 164 1
22 165 1
23 165 1
24 166 1
.PEN_UP
.PEN_DOWN
14 162 1
13 162 1
12 162 1
11 162 1
10 162 1
9 162 1
8 162 1
7 162 1
6 162 1
5 162 1
4 163 1
3 164 1
3 165 1
3 166 1
3 167 1
2 168 1
2 169 1
2 170 1
2 171 1
2 172 1
1 173 1
1 174 1
1 175 1
1 176 1
1 177 1
.PEN_UP
