.PEN_DOWN
42 1 1
42 2 1
41 3 1
40 4 1
39 5 1
39 6 1
39 7 1
39 8 1
38 9 1
38 10 1
38 11 1
37 12 1
37 13 1
37 14 1
37 15 1
36 16 1
36 17 1
36 18 1
36 19 1
36 20 1
36 21 1
36 22 1
36 23 1
36 24 1
36 25 1
36 26 1
36 27 1
36 28 1
37 29 1
37 30 1
37 31 1
37 32 1
37 33 1
38 34 1
39 35 1
41 33 1
42 33 1
43 32 1
44 31 1
45 30 1
46 29 1
47 28 1
48 27 1
49 26 1
50 26 1
51 25 1
52 24 1
53 24 1
54 24 1
55 24 1
56 25 1
57 25 1
58 26 1
59 27 1
59 28 1
59 29 1
60 30 1
60 31 1
60 32 1
58 34 1
57 34 1
56 35 1
55 36 1
54 37 1
54 38 1
53 39 1
53 40 1
52 41 1
49 41 1
48 40 1
47 40 1
46 40 1
45 40 1
44 40 1
43 40 1
42 40 1
41 40 1
39 42 1
39 43 1
38 44 1
37 45 1
37 46 1
36 47 1
36 48 1
36 49 1
36 50 1
36 51 1
36 52 1
36 53 1
36 54 1
36 55 1
36 56 1
37 57 1
37 58 1
37 59 1
38 60 1
39 61 1
39 62 1
40 63 1
40 64 1
41 65 1
41 66 1
42 67 1
43 68 1
44 68 1
45 68 1
46 67 1
47 67 1
48 67 1
49 67 1
50 66 1
51 66 1
52 65 1
53 65 1
54 64 1
55 64 1
56 64 1
57 63 1
58 63 1
59 62 1
60 62 1
61 62 1
62 62 1
63 61 1
.PEN_UP
.PEN_DOWN
42 69 1
42 70 1
41 71 1
40 71 1
39 71 1
38 71 1
37 72 1
36 72 1
35 73 1
34 74 1
33 75 1
33 76 1
32 77 1
32 78 1
32 79 1
31 80 1
30 81 1
30 82 1
30 83 1
30 84 1
30 85 1
30 86 1
30 87 1
30 88 1
30 89 1
30 90 1
30 91 1
30 92 1
30 93 1
30 94 1
30 95 1
31 96 1
31 97 1
31 98 1
32 99 1
33 100 1
34 101 1
35 102 1
36 102 1
39 102 1
40 101 1
41 101 1
42 100 1
45 100 1
46 100 1
47 99 1
48 99 1
49 99 1
50 98 1
51 98 1
52 98 1
53 97 1
54 97 1
55 97 1
56 96 1
57 96 1
58 96 1
59 96 1
60 96 1
61 95 1
62 94 1
62 93 1
61 92 1
61 91 1
60 90 1
60 89 1
59 88 1
58 87 1
57 86 1
56 85 1
55 84 1
54 83 1
53 82 1
52 82 1
51 82 1
50 82 1
49 83 1
48 84 1
48 85 1
48 86 1
47 87 1
47 88 1
46 89 1
46 90 1
45 91 1
45 92 1
45 93 1
44 94 1
44 95 1
44 96 1
44 97 1
43 98 1
43 99 1
.PEN_UP
.PEN_DOWN
37 102 1
37 104 1
37 105 1
37 106 1
36 107 1
36 108 1
36 109 1
36 110 1
36 111 1
35 112 1
35 113 1
35 114 1
35 115 1
35 116 1
34 117 1
34 118 1
34 119 1
34 120 1
34 121 1
34 122 1
34 123 1
35 124 1
35 125 1
35 126 1
35 127 1
35 128 1
35 129 1
35 130 1
35 131 1
35 132 1
35 133 1
36 134 1
38 133 1
39 132 1
40 131 1
41 130 1
.PEN_UP
.PEN_DOWN
40 39 1
40 38 1
40 37 1
40 36 1
.PEN_UP
.PEN_DOWN
51 42 1
50 44 1
50 45 1
49 46 1
49 47 1
49 48 1
49 49 1
49 50 1
50 51 1
51 51 1
52 52 1
53 52 1
54 52 1
55 51 1
56 51 1
57 50 1
57 49 1
57 48 1
57 47 1
57 46 1
57 45 1
56 44 1
55 44 1
54 43 1
53 43 1
52 42 1
.PEN_UP
.PEN_DOWN
20 69 1
20 70 1
19 71 1
19 72 1
18 73 1
18 74 1
18 75 1
18 76 1
16 77 1
15 78 1
14 78 1
13 79 1
12 80 1
12 81 1
11 82 1
11 83 1
10 84 1
10 85 1
9 86 1
9 87 1
8 88 1
8 89 1
7 90 1
6 91 1
5 92 1
5 93 1
5 94 1
5 95 1
4 96 1
4 97 1
4 98 1
3 99 1
3 100 1
2 101 1
2 102 1
2 103 1
1 104 1
1 105 1
1 106 1
1 107 1
1 108 1
1 109 1
2 110 1
2 111 1
3 112 1
4 113 1
5 114 1
6 115 1
7 116 1
8 117 1
9 117 1
10 117 1
11 118 1
12 118 1
13 119 1
14 119 1
15 120 1
16 120 1
17 121 1
18 122 1
19 123 1
.PEN_UP
.PEN_DOWN
17 77 1
19 78 1
19 79 1
20 80 1
21 81 1
22 82 1
22 83 1
23 84 1
23 85 1
24 86 1
.PEN_UP
.PEN_DOWN
75 75 1
76 74 1
77 73 1
78 72 1
79 71 1
80 70 1
81 70 1
82 69 1
83 69 1
84 68 1
.PEN_UP
.PEN_DOWN
66 120 1
66 119 1
65 118 1
64 117 1
63 116 1
62 115 1
61 115 1
60 115 1
59 115 1
58 115 1
57 115 1
56 116 1
55 116 1
54 116 1
53 117 1
52 118 1
51 119 1
50 120 1
50 121 1
50 122 1
50 123 1
50 124 1
50 125 1
50 126 1
51 127 1
52 128 1
53 129 1
54 129 1
55 129 1
56 129 1
57 130 1
58 131 1
59 131 1
60 132 1
61 132 1
62 131 1
63 131 1
.PEN_UP
.PEN_DOWN
59 133 1
59 134 1
59 135 1
58 136 1
58 137 1
58 138 1
58 139 1
58 140 1
58 141 1
59 142 1
60 143 1
61 144 1
62 145 1
63 144 1
64 144 1
65 144 1
66 144 1
67 144 1
68 144 1
69 144 1
70 144 1
71 144 1
.PEN_UP
.PEN_DOWN
61 146 1
61 147 1
60 148 1
59 149 1
58 150 1
57 150 1
56 150 1
55 150 1
54 150 1
53 150 1
52 151 1
51 151 1
50 152 1
49 153 1
48 153 1
47 154 1
46 155 1
45 156 1
.PEN_UP
