.PEN_DOWN
21 19 1
20 18 1
19 18 1
18 18 1
17 18 1
16 18 1
15 19 1
14 20 1
13 21 1
12 21 1
11 21 1
10 22 1
9 23 1
8 24 1
7 25 1
6 26 1
6 27 1
5 28 1
5 29 1
4 30 1
3 31 1
3 32 1
3 33 1
2 34 1
2 35 1
2 36 1
2 37 1
1 38 1
1 39 1
1 40 1
1 41 1
1 42 1
1 43 1
2 44 1
2 45 1
3 46 1
4 47 1
4 48 1
5 49 1
6 50 1
7 51 1
8 52 1
9 53 1
10 53 1
11 54 1
12 55 1
13 56 1
14 57 1
15 58 1
16 59 1
17 59 1
18 60 1
19 61 1
20 62 1
21 62 1
22 63 1
23 63 1
24 64 1
25 64 1
26 65 1
27 65 1
28 65 1
29 65 1
30 65 1
31 65 1
.PEN_UP
.PEN_DOWN
38 1 1
37 2 1
37 3 1
37 4 1
37 5 1
37 6 1
37 7 1
37 8 1
37 9 1
37 10 1
37 11 1
37 12 1
37 13 1
37 14 1
37 15 1
37 16 1
.PEN_UP
.PEN_DOWN
38 18 1
39 19 1
41 19 1
42 19 1
43 19 1
44 19 1
45 19 1
47 20 1
48 21 1
49 21 1
50 21 1
51 21 1
52 21 1
53 21 1
54 21 1
55 21 1
56 22 1
57 22 1
58 22 1
59 22 1
60 22 1
61 21 1
61 19 1
61 18 1
60 17 1
60 16 1
59 15 1
58 14 1
57 13 1
56 12 1
55 11 1
54 10 1
51 11 1
50 11 1
49 12 1
48 13 1
48 14 1
48 15 1
47 16 1
47 17 1
46 18 1
.PEN_UP
.PEN_DOWN
53 9 1
53 8 1
53 7 1
54 6 1
.PEN_UP
.PEN_DOWN
39 20 1
39 21 1
39 22 1
39 23 1
39 24 1
39 25 1
39 26 1
39 27 1
38 28 1
38 29 1
38 30 1
38 31 1
38 32 1
39 33 1
39 34 1
39 35 1
40 36 1
42 37 1
43 38 1
44 38 1
45 38 1
46 38 1
47 38 1
48 38 1
49 38 1
50 38 1
51 38 1
52 39 1
53 39 1
54 39 1
55 40 1
56 40 1
57 40 1
58 40 1
59 40 1
60 41 1
.PEN_UP
.PEN_DOWN
40 37 1
39 38 1
39 39 1
39 40 1
39 41 1
39 42 1
39 43 1
39 44 1
39 45 1
39 46 1
39 47 1
40 48 1
40 49 1
40 50 1
40 51 1
40 52 1
40 53 1
40 54 1
40 55 1
40 56 1
42 57 1
43 57 1
44 57 1
45 57 1
46 58 1
47 59 1
48 60 1
49 61 1
50 61 1
51 61 1
52 61 1
53 62 1
54 63 1
54 64 1
56 65 1
57 66 1
58 66 1
.PEN_UP
.PEN_DOWN
54 65 1
53 66 1
52 67 1
51 67 1
50 68 1
50 69 1
50 70 1
49 71 1
49 72 1
49 73 1
47 74 1
46 74 1
45 74 1
44 74 1
43 74 1
41 73 1
41 72 1
41 71 1
41 70 1
40 69 1
40 68 1
40 67 1
40 66 1
40 65 1
40 64 1
40 63 1
40 62 1
40 61 1
40 60 1
40 59 1
40 58 1
.PEN_UP
.PEN_DOWN
42 74 1
42 76 1
42 77 1
42 78 1
42 79 1
42 80 1
42 81 1
42 82 1
42 83 1
42 84 1
42 85 1
42 86 1
43 87 1
43 88 1
43 89 1
45 90 1
46 90 1
47 90 1
48 90 1
49 91 1
50 92 1
51 93 1
52 94 1
52 95 1
53 96 1
53 97 1
54 98 1
55 98 1
56 99 1
57 99 1
58 98 1
59 98 1
60 97 1
61 97 1
62 96 1
63 96 1
64 96 1
65 97 1
66 98 1
67 99 1
68 100 1
68 101 1
69 102 1
69 103 1
70 104 1
70 105 1
71 106 1
71 107 1
72 108 1
72 109 1
72 110 1
72 111 1
73 112 1
74 112 1
75 112 1
.PEN_UP
.PEN_DOWN
71 112 1
70 112 1
69 112 1
68 112 1
67 112 1
66 112 1
65 112 1
64 112 1
63 111 1
62 111 1
61 111 1
60 111 1
59 110 1
58 110 1
57 110 1
56 110 1
55 110 1
54 110 1
53 110 1
52 110 1
51 109 1
50 109 1
49 109 1
48 109 1
47 109 1
46 108 1
45 108 1
44 108 1
43 108 1
42 107 1
42 106 1
41 105 1
41 104 1
41 103 1
41 102 1
41 101 1
41 100 1
42 99 1
42 98 1
42 97 1
42 96 1
42 95 1
42 94 1
42 93 1
42 92 1
43 91 1
.PEN_UP
.PEN_DOWN
48 74 1
51 75 1
52 75 1
53 75 1
54 76 1
55 76 1
56 76 1
57 76 1
58 76 1
59 77 1
60 77 1
61 77 1
62 77 1
63 78 1
64 78 1
65 78 1
66 79 1
67 79 1
.PEN_UP
.PEN_DOWN
46 56 1
46 55 1
46 54 1
47 53 1
48 53 1
49 52 1
50 52 1
51 52 1
52 52 1
53 52 1
54 52 1
55 51 1
56 51 1
57 51 1
58 51 1
59 52 1
60 52 1
61 53 1
62 53 1
63 53 1
64 54 1
65 54 1
66 55 1
67 55 1
68 56 1
.PEN_UP
.PEN_DOWN
47 118 1
46 118 1
45 119 1
44 120 1
44 121 1
44 122 1
44 123 1
44 124 1
44 125 1
45 126 1
43 128 1
42 128 1
41 128 1
40 128 1
39 128 1
38 128 1
37 128 1
36 128 1
35 128 1
.PEN_UP
.PEN_DOWN
45 127 1
45 130 1
45 131 1
46 132 1
46 133 1
46 134 1
46 135 1
46 136 1
46 137 1
46 138 1
46 139 1
47 140 1
47 141 1
47 142 1
47 143 1
47 144 1
47 145 1
47 146 1
46 147 1
.PEN_UP
.PEN_DOWN
46 127 1
47 127 1
48 127 1
49 127 1
50 128 1
51 128 1
52 128 1
53 128 1
54 128 1
55 128 1
56 129 1
57 129 1
58 129 1
59 130 1
60 130 1
61 130 1
62 130 1
63 130 1
64 131 1
.PEN_UP
