.PEN_DOWN
22 33 1
21 32 1
21 31 1
21 30 1
20 29 1
20 28 1
20 27 1
19 26 1
19 25 1
19 24 1
19 23 1
18 22 1
18 21 1
18 20 1
18 19 1
18 18 1
19 17 1
19 16 1
19 15 1
19 14 1
20 13 1
20 12 1
21 11 1
22 10 1
22 9 1
23 8 1
24 7 1
25 6 1
26 5 1
27 4 1
28 4 1
29 3 1
30 3 1
31 3 1
32 3 1
33 3 1
34 2 1
35 2 1
36 2 1
37 2 1
38 1 1
39 1 1
40 1 1
41 1 1
42 1 1
43 1 1
44 1 1
45 1 1
46 1 1
47 2 1
48 3 1
49 3 1
50 3 1
51 3 1
52 4 1
53 4 1
54 5 1
55 6 1
56 7 1
57 8 1
58 9 1
59 10 1
60 11 1
60 12 1
60 13 1
61 14 1
61 15 1
61 16 1
62 17 1
62 18 1
62 19 1
62 20 1
63 21 1
63 22 1
63 23 1
63 24 1
63 25 1
63 26 1
63 27 1
63 28 1
63 29 1
63 30 1
64 31 1
64 32 1
64 33 1
64 34 1
64 35 1
63 36 1
63 37 1
64 38 1
66 40 1
67 40 1
68 41 1
69 41 1
70 41 1
71 41 1
72 41 1
73 41 1
74 41 1
.PEN_UP
.PEN_DOWN
63 39 1
62 40 1
61 40 1
60 40 1
59 40 1
58 40 1
57 40 1
56 40 1
55 39 1
54 39 1
53 39 1
52 39 1
51 39 1
50 39 1
49 39 1
48 39 1
47 39 1
46 39 1
45 38 1
44 38 1
43 38 1
42 37 1
41 36 1
40 35 1
40 34 1
39 33 1
38 33 1
37 33 1
36 33 1
35 33 1
34 32 1
33 32 1
32 32 1
31 32 1
.PEN_UP
.PEN_DOWN
49 52 1
48 53 1
47 54 1
46 54 1
45 55 1
44 56 1
43 56 1
42 57 1
41 58 1
40 58 1
39 59 1
38 60 1
37 61 1
37 62 1
36 63 1
36 64 1
36 65 1
36 66 1
37 67 1
38 68 1
38 69 1
39 70 1
40 71 1
41 72 1
42 72 1
43 73 1
44 73 1
45 73 1
46 73 1
47 74 1
48 74 1
49 74 1
50 74 1
51 74 1
52 74 1
55 73 1
56 73 1
57 73 1
58 72 1
59 72 1
61 73 1
62 74 1
62 75 1
63 76 1
63 77 1
65 78 1
66 79 1
67 79 1
68 79 1
69 80 1
70 80 1
.PEN_UP
.PEN_DOWN
63 78 1
62 79 1
61 79 1
60 79 1
59 79 1
58 79 1
57 79 1
56 79 1
55 79 1
54 79 1
52 80 1
51 80 1
50 80 1
49 80 1
48 81 1
47 82 1
46 82 1
45 82 1
44 82 1
43 83 1
42 83 1
41 84 1
40 85 1
40 86 1
40 87 1
39 88 1
39 89 1
40 90 1
40 91 1
40 92 1
40 93 1
40 94 1
41 95 1
42 96 1
43 97 1
44 98 1
45 99 1
46 99 1
47 99 1
48 99 1
49 99 1
50 100 1
51 100 1
52 100 1
53 99 1
54 99 1
55 99 1
56 99 1
57 99 1
58 98 1
59 98 1
60 97 1
61 96 1
62 95 1
.PEN_UP
.PEN_DOWN
53 78 1
53 77 1
53 76 1
53 75 1
.PEN_UP
.PEN_DOWN
60 70 1
60 69 1
61 68 1
62 68 1
63 68 1
64 67 1
65 66 1
66 65 1
66 64 1
66 63 1
66 62 1
66 61 1
65 60 1
64 60 1
63 60 1
62 61 1
61 62 1
60 63 1
59 64 1
59 65 1
59 66 1
59 67 1
59 68 1
.PEN_UP
.PEN_DOWN
42 104 1
41 105 1
41 106 1
40 107 1
39 108 1
39 109 1
39 110 1
39 111 1
40 112 1
41 113 1
42 113 1
43 114 1
44 114 1
45 114 1
46 115 1
47 115 1
48 115 1
49 115 1
50 115 1
51 116 1
52 116 1
53 116 1
54 116 1
55 116 1
56 117 1
57 117 1
58 117 1
59 117 1
60 117 1
61 117 1
62 117 1
63 117 1
64 117 1
65 118 1
66 119 1
67 120 1
66 121 1
66 122 1
66 123 1
65 124 1
65 125 1
64 126 1
63 127 1
62 128 1
61 129 1
60 130 1
59 130 1
58 130 1
57 130 1
56 130 1
55 130 1
54 130 1
53 130 1
52 130 1
51 129 1
50 128 1
49 127 1
48 126 1
47 126 1
46 126 1
45 126 1
44 127 1
43 128 1
42 129 1
41 130 1
41 131 1
41 132 1
40 133 1
39 133 1
38 133 1
37 134 1
36 134 1
35 134 1
34 134 1
33 134 1
32 134 1
31 134 1
30 134 1
29 134 1
28 134 1
27 134 1
26 134 1
25 134 1
24 134 1
23 134 1
22 134 1
21 134 1
20 134 1
19 134 1
18 133 1
17 133 1
16 133 1
15 133 1
14 133 1
13 133 1
12 133 1
11 133 1
10 132 1
9 132 1
8 132 1
7 131 1
6 131 1
5 131 1
4 131 1
3 132 1
2 133 1
1 134 1
1 135 1
2 136 1
2 137 1
2 138 1
2 139 1
3 140 1
4 141 1
5 142 1
.PEN_UP
.PEN_DOWN
43 140 1
42 140 1
41 141 1
40 142 1
39 143 1
38 144 1
38 145 1
37 146 1
37 147 1
37 148 1
37 149 1
37 150 1
38 151 1
38 152 1
39 153 1
40 154 1
40 155 1
41 156 1
42 157 1
44 158 1
45 158 1
46 158 1
47 158 1
48 158 1
49 158 1
50 158 1
51 158 1
52 158 1
53 158 1
54 158 1
55 158 1
56 157 1
57 157 1
58 157 1
59 156 1
60 156 1
61 157 1
62 157 1
63 157 1
64 158 1
65 158 1
.PEN_UP
.PEN_DOWN
42 158 1
41 160 1
40 161 1
39 162 1
38 162 1
37 163 1
36 164 1
35 165 1
34 166 1
33 167 1
32 168 1
31 169 1
30 170 1
30 171 1
29 172 1
28 173 1
.PEN_UP
.PEN_DOWN
55 142 1
56 143 1
57 143 1
58 142 1
59 142 1
60 142 1
61 142 1
62 143 1
63 143 1
64 143 1
65 143 1
66 142 1
67 142 1
68 141 1
.PEN_UP
