.PEN_DOWN
4 4 1
4 5 1
4 6 1
4 7 1
4 8 1
4 9 1
4 10 1
4 11 1
3 12 1
3 13 1
3 14 1
3 15 1
.PEN_UP
.PEN_DOWN
1 40 1
1 41 1
1 42 1
1 43 1
1 44 1
.PEN_UP
.PEN_DOWN
18 37 1
17 36 1
16 35 1
16 34 1
15 33 1
15 32 1
14 31 1
13 30 1
13 29 1
12 28 1
12 27 1
11 26 1
11 25 1
11 24 1
11 23 1
13 22 1
14 23 1
15 23 1
16 24 1
17 24 1
18 25 1
19 26 1
20 27 1
21 28 1
22 29 1
22 30 1
23 31 1
24 32 1
25 33 1
26 34 1
26 35 1
26 36 1
27 37 1
27 38 1
28 39 1
28 40 1
29 41 1
30 42 1
30 43 1
31 44 1
32 45 1
32 46 1
32 47 1
33 48 1
33 49 1
34 50 1
34 51 1
34 52 1
35 53 1
36 54 1
36 55 1
37 56 1
37 57 1
38 58 1
38 59 1
38 60 1
38 61 1
39 62 1
39 63 1
40 64 1
40 65 1
41 66 1
42 67 1
43 68 1
44 69 1
45 70 1
46 71 1
47 72 1
48 72 1
49 73 1
50 73 1
51 73 1
52 73 1
53 73 1
54 72 1
55 71 1
55 70 1
56 69 1
57 68 1
58 68 1
59 67 1
60 66 1
60 65 1
60 64 1
60 63 1
60 62 1
61 61 1
62 60 1
63 59 1
63 58 1
64 57 1
65 56 1
66 55 1
67 54 1
67 53 1
67 52 1
67 51 1
68 50 1
70 49 1
71 50 1
72 50 1
73 50 1
74 50 1
75 50 1
76 50 1
77 51 1
78 51 1
79 51 1
80 52 1
81 52 1
82 53 1
82 55 1
81 56 1
81 57 1
80 58 1
79 59 1
78 60 1
77 61 1
76 62 1
76 63 1
75 64 1
75 65 1
75 66 1
75 67 1
76 68 1
77 69 1
78 69 1
79 69 1
80 70 1
81 70 1
82 70 1
83 71 1
84 71 1
85 71 1
86 71 1
87 72 1
88 71 1
89 71 1
90 71 1
91 71 1
92 71 1
93 71 1
94 71 1
95 71 1
96 71 1
97 70 1
98 70 1
99 69 1
100 68 1
100 67 1
100 66 1
100 65 1
101 64 1
100 63 1
100 62 1
100 61 1
99 60 1
99 59 1
99 58 1
98 57 1
98 56 1
98 55 1
98 54 1
97 53 1
96 52 1
95 51 1
94 50 1
93 49 1
93 48 1
92 47 1
91 46 1
90 45 1
89 44 1
88 43 1
87 42 1
86 41 1
85 40 1
84 39 1
84 38 1
83 37 1
83 36 1
.PEN_UP
.PEN_DOWN
72 31 1
72 30 1
71 29 1
71 28 1
70 27 1
70 26 1
69 25 1
69 24 1
69 23 1
69 22 1
68 21 1
69 20 1
70 20 1
71 20 1
72 20 1
73 20 1
74 20 1
75 21 1
76 21 1
.PEN_UP
.PEN_DOWN
70 74 1
69 74 1
68 74 1
67 74 1
66 75 1
65 76 1
65 77 1
65 78 1
64 79 1
64 80 1
64 81 1
64 82 1
61 86 1
60 86 1
59 85 1
58 85 1
57 85 1
56 85 1
55 85 1
54 85 1
53 84 1
52 84 1
51 84 1
50 84 1
49 84 1
48 84 1
47 84 1
46 84 1
45 84 1
44 84 1
43 84 1
42 84 1
41 84 1
40 84 1
39 85 1
38 85 1
37 85 1
36 85 1
35 86 1
34 87 1
33 87 1
32 87 1
31 87 1
30 88 1
29 89 1
28 89 1
27 89 1
26 90 1
25 90 1
24 91 1
23 92 1
22 93 1
21 94 1
20 95 1
20 96 1
19 97 1
19 98 1
18 99 1
18 100 1
18 101 1
18 102 1
18 103 1
18 104 1
18 105 1
18 106 1
19 107 1
19 108 1
20 109 1
20 110 1
21 111 1
22 112 1
23 113 1
23 114 1
24 115 1
25 116 1
26 117 1
27 118 1
28 119 1
29 120 1
30 121 1
31 121 1
32 122 1
33 123 1
34 124 1
35 124 1
36 125 1
37 125 1
38 126 1
39 126 1
40 127 1
41 127 1
42 128 1
43 129 1
44 129 1
45 130 1
46 130 1
47 130 1
48 131 1
49 131 1
50 131 1
51 131 1
52 132 1
53 132 1
54 132 1
55 132 1
56 132 1
57 132 1
.PEN_UP
.PEN_DOWN
63 83 1
64 87 1
65 88 1
66 89 1
66 90 1
.PEN_UP
.PEN_DOWN
62 97 1
63 97 1
64 97 1
65 97 1
66 97 1
67 97 1
68 97 1
69 98 1
70 98 1
71 98 1
72 98 1
73 99 1
74 99 1
75 99 1
76 100 1
77 100 1
78 101 1
79 102 1
80 102 1
81 103 1
82 103 1
83 103 1
84 104 1
85 104 1
86 104 1
87 105 1
88 105 1
89 106 1
90 106 1
91 106 1
92 107 1
93 107 1
94 107 1
95 108 1
96 108 1
97 108 1
.PEN_UP
.PEN_DOWN
49 110 1
49 111 1
50 112 1
51 113 1
52 114 1
53 114 1
54 115 1
55 116 1
55 117 1
56 118 1
57 119 1
58 120 1
59 121 1
60 122 1
61 123 1
62 124 1
63 125 1
64 126 1
65 126 1
66 127 1
67 127 1
69 129 1
69 130 1
70 131 1
71 131 1
72 132 1
73 134 1
74 135 1
74 136 1
74 137 1
75 138 1
76 139 1
77 140 1
78 141 1
79 142 1
80 143 1
81 144 1
82 145 1
83 145 1
84 146 1
85 147 1
86 148 1
87 148 1
88 149 1
89 150 1
90 150 1
91 150 1
92 151 1
93 150 1
94 150 1
95 150 1
96 149 1
97 149 1
98 148 1
98 147 1
98 146 1
98 145 1
98 144 1
97 143 1
97 142 1
97 141 1
96 140 1
96 139 1
95 138 1
94 137 1
94 136 1
93 135 1
92 135 1
91 134 1
90 134 1
89 133 1
88 133 1
87 133 1
86 133 1
85 133 1
84 132 1
83 132 1
82 132 1
81 132 1
80 132 1
79 132 1
78 132 1
77 132 1
76 132 1
75 131 1
74 131 1
73 132 1
.PEN_UP
.PEN_DOWN
68 127 1
69 126 1
70 125 1
71 124 1
.PEN_UP
.PEN_DOWN
67 142 1
66 142 1
65 142 1
64 142 1
63 143 1
62 144 1
61 145 1
61 146 1
61 147 1
61 148 1
61 149 1
61 150 1
61 151 1
61 152 1
61 153 1
61 154 1
61 155 1
62 156 1
62 157 1
62 158 1
62 159 1
62 160 1
.PEN_UP
.PEN_DOWN
83 200 1
82 200 1
81 200 1
80 200 1
79 200 1
78 200 1
77 200 1
76 200 1
74 199 1
73 198 1
72 197 1
71 197 1
70 196 1
69 195 1
68 194 1
67 193 1
66 192 1
66 191 1
66 190 1
66 189 1
66 188 1
66 187 1
66 186 1
67 185 1
67 184 1
68 183 1
68 182 1
69 181 1
70 180 1
71 180 1
72 179 1
73 178 1
74 178 1
75 177 1
76 177 1
77 176 1
78 176 1
79 176 1
80 176 1
81 176 1
82 176 1
83 176 1
84 176 1
87 176 1
88 176 1
89 176 1
90 176 1
91 177 1
92 177 1
93 178 1
94 179 1
95 180 1
95 181 1
95 182 1
95 183 1
94 184 1
93 185 1
92 185 1
91 185 1
90 185 1
89 184 1
88 184 1
87 184 1
86 183 1
86 182 1
85 181 1
85 180 1
85 179 1
85 178 1
85 177 1
.PEN_UP
.PEN_DOWN
75 200 1
74 202 1
74 203 1
73 204 1
73 205 1
73 206 1
72 207 1
72 208 1
73 209 1
73 210 1
73 211 1
73 212 1
74 213 1
75 214 1
76 215 1
77 216 1
78 217 1
79 218 1
80 218 1
81 219 1
82 220 1
83 221 1
84 222 1
85 223 1
85 224 1
85 225 1
84 226 1
83 226 1
82 226 1
81 226 1
80 225 1
79 225 1
78 224 1
77 224 1
76 224 1
75 223 1
74 223 1
73 223 1
72 223 1
71 222 1
70 221 1
69 221 1
68 220 1
67 220 1
66 219 1
65 219 1
64 219 1
63 219 1
62 219 1
61 219 1
60 220 1
60 221 1
60 222 1
60 223 1
60 224 1
60 225 1
60 226 1
60 227 1
60 228 1
60 229 1
60 230 1
60 231 1
60 232 1
61 233 1
61 234 1
61 235 1
61 236 1
61 237 1
61 238 1
61 239 1
61 240 1
61 241 1
61 242 1
61 243 1
60 245 1
59 246 1
58 246 1
.PEN_UP
